"x","y","forest","agri","water","built","other","grass"
198773.411807,2516366.126422,0.0962781368397593,0.0459104078448852,0.0414530866948964,0.380209494094049,0.201470915979496,0.234677958546913
199273.411807,2516366.126422,0.067327095945698,0.16969363419556,0.0618235186204366,0.133370023848835,0.177949000183453,0.389836727206017
199773.411807,2516366.126422,0.0989010989010989,0.184065934065934,0.102747252747253,0.197802197802198,0.13992673992674,0.276556776556777
200273.411807,2516366.126422,0.174495412844037,0.0611009174311927,0.0288073394495413,0.138899082568807,0.140183486238532,0.45651376146789
200773.411807,2516366.126422,0.488350761328197,0.0676940011007155,0.00275178866263071,0.01284168042561,0.0394423041643735,0.388919464318474
201273.411807,2516366.126422,0.289194139194139,0.185164835164835,0,0.0159340659340659,0.0446886446886447,0.465018315018315
201773.411807,2516366.126422,0.0407339449541284,0.835596330275229,0,0,0.00403669724770642,0.119633027522936
202273.411807,2516366.126422,0.390570537516052,0.378646119977986,0.00201797835259585,0.00091726288754357,0.0280682443588332,0.19977985690699
202773.411807,2516366.126422,0.202197802197802,0.169047619047619,0.00238095238095238,0.0481684981684982,0.123809523809524,0.454395604395604
203273.411807,2516366.126422,0.147889908256881,0.0464220183486239,0.00055045871559633,0.174495412844037,0.230275229357798,0.400366972477064
203773.411807,2516366.126422,0.147862777472023,0.0519170794349661,0.00568702990277013,0.111355714547789,0.193359016694185,0.489818381948266
204273.411807,2516366.126422,0.15970695970696,0.111904761904762,0.00164835164835165,0.0351648351648352,0.111172161172161,0.58040293040293
204773.411807,2516366.126422,0.221467889908257,0.0988990825688073,0.000917431192660551,0.0212844036697248,0.0497247706422018,0.607706422018349
205273.411807,2516366.126422,0.19831223628692,0.0440286186020914,0.00476976701522656,0.0346725371491469,0.128233351678591,0.589983489268024
205773.411807,2516366.126422,0.447252747252747,0.0258241758241758,0.00622710622710623,0.0137362637362637,0.0263736263736264,0.480586080586081
206273.411807,2516366.126422,0.395779816513761,0.0295412844036697,0,0.00055045871559633,0.016697247706422,0.55743119266055
206773.411807,2516366.126422,0.246376811594203,0.0482480278847918,0.0183452577508714,0.0487983856173179,0.114657860942946,0.52357365620987
207273.411807,2516366.126422,0.34981684981685,0.0419413919413919,0,0.00934065934065934,0.0331501831501832,0.565750915750916
207773.411807,2516366.126422,0.323853211009174,0.0671559633027523,0.0073394495412844,0.036697247706422,0.107339449541284,0.457614678899083
208273.411807,2516366.126422,0.329297376628142,0.0176114474408365,0,0.0401761144744084,0.0532012474775271,0.559713813979086
208773.411807,2516366.126422,0.491758241758242,0.0117216117216117,0,0.0250915750915751,0.0285714285714286,0.442857142857143
209273.411807,2516366.126422,0.175045871559633,0.101651376146789,0.000917431192660551,0.353761467889908,0.0611009174311927,0.307522935779816
209773.411807,2516366.126422,0.0163272793982755,0.0675105485232067,0.000183452577508714,0.651440102733443,0.00990643918547056,0.254632177582095
210273.411807,2516366.126422,0.231135531135531,0.0738095238095238,0,0.0119047619047619,0.0873626373626374,0.595787545787546
210773.411807,2516366.126422,0.308807339449541,0.0411009174311927,0,0.0488073394495413,0.107889908256881,0.493394495412844
211273.411807,2516366.126422,0.358847898993884,0.0621424344052081,0.00059183270862103,0.0013809429867824,0.012625764450582,0.564411126454922
198773.411807,2515866.126422,0.119884341637011,0.0800711743772242,0.0364768683274021,0.129893238434164,0.173042704626335,0.460631672597865
199273.411807,2515866.126422,0.0743589743589744,0.160805860805861,0.111721611721612,0.121428571428571,0.166117216117216,0.365567765567766
199773.411807,2515866.126422,0.105977264393106,0.135130179684635,0.0856252291895856,0.0843417675100843,0.110561056105611,0.478364503116978
200273.411807,2515866.126422,0.295054945054945,0.115018315018315,0.00915750915750916,0.0419413919413919,0.05,0.488827838827839
200773.411807,2515866.126422,0.190842490842491,0.106043956043956,0.0393772893772894,0.032967032967033,0.148901098901099,0.481868131868132
201273.411807,2515866.126422,0.305647231389806,0.0779244591125779,0.0188852218555189,0.0192519251925193,0.0386872020535387,0.53960396039604
201773.411807,2515866.126422,0.247069597069597,0.117399267399267,0.000732600732600733,0.0214285714285714,0.0804029304029304,0.532967032967033
202273.411807,2515866.126422,0.0534798534798535,0.162820512820513,0.00457875457875458,0.102930402930403,0.142673992673993,0.533516483516484
202773.411807,2515866.126422,0.0782911624495783,0.171067106710671,0.0249358269160249,0.132379904657132,0.236707004033737,0.356618995232857
203273.411807,2515866.126422,0.160622710622711,0.0683150183150183,0.00238095238095238,0.0467032967032967,0.0624542124542125,0.65952380952381
203773.411807,2515866.126422,0.20952380952381,0.0827838827838828,0.00256410256410256,0.0573260073260073,0.118864468864469,0.528937728937729
204273.411807,2515866.126422,0.162449578291162,0.105793912724606,0.0229189585625229,0.20957095709571,0.13953061972864,0.35973597359736
204773.411807,2515866.126422,0.111355311355311,0.0172161172161172,0,0.455677655677656,0.248351648351648,0.167399267399267
205273.411807,2515866.126422,0.192490842490843,0.0677655677655678,0.000549450549450549,0.0445054945054945,0.101648351648352,0.593040293040293
205773.411807,2515866.126422,0.24000733406674,0.0616061606160616,0,0.0117345067840117,0.0194352768610194,0.667216721672167
206273.411807,2515866.126422,0.392673992673993,0.0637362637362637,0.00311355311355311,0.0485347985347985,0.0754578754578755,0.416483516483517
206773.411807,2515866.126422,0.393589743589744,0.0353479853479853,0,0.00567765567765568,0.0232600732600733,0.542124542124542
207273.411807,2515866.126422,0.288412174550788,0.0364869820315365,0,0.0775577557755776,0.138797213054639,0.458745874587459
207773.411807,2515866.126422,0.306776556776557,0.0547619047619048,0.00384615384615385,0.0184981684981685,0.0932234432234432,0.522893772893773
208273.411807,2515866.126422,0.395970695970696,0.0291208791208791,0.00879120879120879,0.0117216117216117,0.0406593406593407,0.513736263736264
208773.411807,2515866.126422,0.328016134946828,0.0452878621195453,0.00458379171250458,0,0.026952695269527,0.595159515951595
209273.411807,2515866.126422,0.377655677655678,0.0336996336996337,0.00183150183150183,0.0787545787545788,0.0505494505494506,0.457509157509157
209773.411807,2515866.126422,0.043956043956044,0.141208791208791,0,0.68956043956044,0.0802197802197802,0.0450549450549451
210273.411807,2515866.126422,0.172167216721672,0.101393472680601,0,0.281078107810781,0.0304363769710304,0.414924825815915
210773.411807,2515866.126422,0.245421245421245,0.01996336996337,0,0.117765567765568,0.193223443223443,0.423626373626374
211273.411807,2515866.126422,0.3451536643026,0.0502364066193853,0,0.00177304964539007,0.0114263199369582,0.591410559495666
198773.411807,2515366.126422,0.0926916221033868,0.11541889483066,0.0274064171122995,0.110739750445633,0.228163992869875,0.425579322638146
199273.411807,2515366.126422,0.0949935815147625,0.13588850174216,0.0344764349899138,0.103796075554741,0.185585916009536,0.445259490188887
199773.411807,2515366.126422,0.132490379329302,0.10426974528129,0.0144768187648891,0.201392706615356,0.154480483782298,0.392889866226865
200273.411807,2515366.126422,0.193980546889337,0.113048265736832,0.0187190310148651,0.0601945311066251,0.147182969352175,0.466874655900165
200773.411807,2515366.126422,0.168897854392078,0.0849073904272877,0,0.182835136622043,0.206125068769485,0.357234549789107
201273.411807,2515366.126422,0.25563496426608,0.0813633864760858,0.00458127176104087,0.0177753344328386,0.0613890415979476,0.579256001466007
201773.411807,2515366.126422,0.281886584694439,0.0308313452009543,0.0012846393833731,0.0836850798311617,0.132501376399339,0.469810974490732
202273.411807,2515366.126422,0.17201540436457,0.0731707317073171,0.015587749862461,0.0207225380524482,0.0770218228498075,0.641481753163396
202773.411807,2515366.126422,0.171339563862928,0.0896096756459593,0.000549752611324904,0.0350009162543522,0.0991387209089243,0.604361370716511
203273.411807,2515366.126422,0.166452560102771,0.193613507065517,0.0137639933932832,0.0240411084602679,0.104973389612773,0.497155441365388
203773.411807,2515366.126422,0.181734824867046,0.109297634329727,0.010819732257473,0.0740876581698148,0.23216578030442,0.39189437007152
204273.411807,2515366.126422,0.126443100604728,0.0324354040681693,0,0.381711563129925,0.264980758658604,0.194429173538574
204773.411807,2515366.126422,0.110111947146265,0.0400073407964764,0,0.251605799229216,0.239860524866948,0.358414387961094
205273.411807,2515366.126422,0.288648450394278,0.111498257839721,0.00476801760498808,0.0671190170548322,0.0944434256372639,0.433522831468916
205773.411807,2515366.126422,0.188198643943559,0.0443467106468756,0.00439802089059923,0.0186915887850467,0.102620487447315,0.641744548286604
206273.411807,2515366.126422,0.309965131216737,0.0411084602679391,0.000367039823820885,0.0262433474031932,0.111029546705818,0.511286474582492
206773.411807,2515366.126422,0.277095176966807,0.0181551439574546,0,0.0509811113148725,0.171648633779571,0.482119933981295
207273.411807,2515366.126422,0.0725673446948873,0.0238226131574125,0,0.376030786146234,0.37218251786696,0.155396738134506
207773.411807,2515366.126422,0.213250137639934,0.0337676637915214,0,0.0926775555147734,0.210864378785098,0.449440264268673
208273.411807,2515366.126422,0.214744177516963,0.0515312671923712,0.0053181734824867,0.0291582615074271,0.105629928479736,0.593618191821016
208773.411807,2515366.126422,0.382994319223016,0.0302363936228697,0,0.0525929998167491,0.0524097489463075,0.481766538391057
209273.411807,2515366.126422,0.396403009726555,0.0495503762158194,0,0.028629106258029,0.0133969535694623,0.512020554230134
209773.411807,2515366.126422,0.143040528149642,0.12415184302219,0,0.285164129836787,0.0370438290849074,0.410599669906474
210273.411807,2515366.126422,0.0185083379146051,0.145317940260216,0,0.714495143851933,0.0186915887850467,0.102986989188199
210773.411807,2515366.126422,0.179482473848413,0.058909891723252,0,0.0374380620297302,0.0343182235272527,0.689851348871353
211273.411807,2515366.126422,0.162689804772234,0.0181423782291461,0,0.000788799053441136,0.0061131926641688,0.81226582528101
198773.411807,2514866.126422,0.0681970135948295,0.110987296634723,0.00824604412747939,0.14419433920214,0.191664809449521,0.476710496991308
199273.411807,2514866.126422,0.0902586681342873,0.103834158869932,0.0451293340671436,0.184186387818749,0.10126582278481,0.475325628325078
199773.411807,2514866.126422,0.225091575091575,0.117765567765568,0,0.103479853479853,0.134981684981685,0.418681318681319
200273.411807,2514866.126422,0.10605504587156,0.232660550458716,0.00330275229357798,0.179449541284404,0.120366972477064,0.358165137614679
200773.411807,2514866.126422,0.263070996147496,0.084021280498991,0.0104567969179967,0.119977985690699,0.149146945514584,0.373325995230233
201273.411807,2514866.126422,0.253113553113553,0.0776556776556777,0.000915750915750916,0.0474358974358974,0.148168498168498,0.472710622710623
201773.411807,2514866.126422,0.220366972477064,0.0570642201834862,0.0326605504587156,0.048256880733945,0.0877064220183486,0.55394495412844
202273.411807,2514866.126422,0.208952485782425,0.138873601174097,0.0412768299394606,0.0229315721885892,0.13557145477894,0.452394056136489
202773.411807,2514866.126422,0.299084249084249,0.0816849816849817,0.000732600732600733,0.0172161172161172,0.043956043956044,0.557326007326007
203273.411807,2514866.126422,0.191559633027523,0.205321100917431,0.026605504587156,0.0188990825688073,0.100917431192661,0.456697247706422
203773.411807,2514866.126422,0.137772885709044,0.26674004769767,0.00238488350761328,0.0581544670702623,0.113557145477894,0.421390570537516
204273.411807,2514866.126422,0.176007326007326,0.111904761904762,0.00183150183150183,0.136263736263736,0.197069597069597,0.376923076923077
204773.411807,2514866.126422,0.19302752293578,0.127889908256881,0.0018348623853211,0.0607339449541284,0.122752293577982,0.493761467889908
205273.411807,2514866.126422,0.199596404329481,0.14694551458448,0.000550357732526142,0.0689781691432765,0.124013942395891,0.459915611814346
205773.411807,2514866.126422,0.232051282051282,0.106410256410256,0.0010989010989011,0.00494505494505494,0.0424908424908425,0.613003663003663
206273.411807,2514866.126422,0.259816513761468,0.066605504587156,0,0.00513761467889908,0.0412844036697248,0.627155963302752
206773.411807,2514866.126422,0.266373142542653,0.0416437350944781,0.0117409649605577,0.00953953403045313,0.0757659145110989,0.594936708860759
207273.411807,2514866.126422,0.231868131868132,0.0377289377289377,0.0021978021978022,0.056959706959707,0.133150183150183,0.538095238095238
207773.411807,2514866.126422,0.335779816513761,0.0552293577981651,0,0.0438532110091743,0.0623853211009174,0.502752293577982
208273.411807,2514866.126422,0.274078150798019,0.0121078701155751,0,0.0113740598055403,0.0370574206567602,0.665382498624106
208773.411807,2514866.126422,0.192124542124542,0.0796703296703297,0,0.000183150183150183,0.0340659340659341,0.693956043956044
209273.411807,2514866.126422,0.311376146788991,0.0607339449541284,0,0,0.00422018348623853,0.623669724770642
209773.411807,2514866.126422,0.29389102916896,0.0818198495688864,0,0.000550357732526142,0.0119244175380664,0.611814345991561
210273.411807,2514866.126422,0.0043956043956044,0.443589743589744,0,0.342857142857143,0.0106227106227106,0.198534798534799
210773.411807,2514866.126422,0.0798165137614679,0.18,0,0.528440366972477,0.0179816513761468,0.193761467889908
211273.411807,2514866.126422,0.144407180903531,0.178930755573091,0,0,0.00276188597356481,0.673900177549813
198773.411807,2514366.126422,0.100756227758007,0.113879003558719,0.00111209964412811,0.0529359430604982,0.105871886120996,0.625444839857651
199273.411807,2514366.126422,0.17014652014652,0.121062271062271,0.000915750915750916,0.0443223443223443,0.0556776556776557,0.607875457875458
199773.411807,2514366.126422,0.425559222588926,0.0088008800880088,0,0.000366703337000367,0.0177851118445178,0.547488082141548
200273.411807,2514366.126422,0.345054945054945,0.0714285714285714,0.000366300366300366,0.0315018315018315,0.045970695970696,0.505677655677656
200773.411807,2514366.126422,0.182600732600733,0.398351648351648,0,0.0423076923076923,0.0582417582417582,0.318498168498168
201273.411807,2514366.126422,0.0627062706270627,0.517601760176018,0.0319031903190319,0.191785845251192,0.0705903923725706,0.125412541254125
201773.411807,2514366.126422,0.0816849816849817,0.233333333333333,0.0769230769230769,0.128021978021978,0.234432234432234,0.245604395604396
202273.411807,2514366.126422,0.0915750915750916,0.172527472527473,0.03003663003663,0.145970695970696,0.177472527472527,0.382417582417582
202773.411807,2514366.126422,0.132379904657132,0.162266226622662,0.0141180784745141,0.106527319398607,0.25009167583425,0.334616795012835
203273.411807,2514366.126422,0.244871794871795,0.124175824175824,0,0.0706959706959707,0.170512820512821,0.38974358974359
203773.411807,2514366.126422,0.161904761904762,0.117765567765568,0.000366300366300366,0.0183150183150183,0.112087912087912,0.58956043956044
204273.411807,2514366.126422,0.140814081408141,0.16006600660066,0.00605060506050605,0.0146681334800147,0.121378804547121,0.557022368903557
204773.411807,2514366.126422,0.177655677655678,0.111355311355311,0.00494505494505494,0.0631868131868132,0.0712454212454212,0.571611721611722
205273.411807,2514366.126422,0.120695970695971,0.0919413919413919,0.0159340659340659,0.0267399267399267,0.121794871794872,0.622893772893773
205773.411807,2514366.126422,0.347818115144848,0.0588558855885589,0,0.00715071507150715,0.0344701136780345,0.551705170517052
206273.411807,2514366.126422,0.237179487179487,0.0573260073260073,0,0.0404761904761905,0.0915750915750916,0.573443223443223
206773.411807,2514366.126422,0.263003663003663,0.0521978021978022,0.0296703296703297,0.0250915750915751,0.095970695970696,0.534065934065934
207273.411807,2514366.126422,0.128896222955629,0.0718738540520719,0,0.0661899523285662,0.109094242757609,0.623945727906124
207773.411807,2514366.126422,0.118681318681319,0.0289377289377289,0,0.0128205128205128,0.0435897435897436,0.795970695970696
208273.411807,2514366.126422,0.162637362637363,0.0126373626373626,0,0,0.0032967032967033,0.821428571428571
208773.411807,2514366.126422,0.231573157315732,0.0221855518885222,0,0.00055005500550055,0.0474880821415475,0.698203153648698
209273.411807,2514366.126422,0.240659340659341,0.0675824175824176,0,0.0010989010989011,0.0358974358974359,0.654761904761905
209773.411807,2514366.126422,0.395604395604396,0.0128205128205128,0,0,0.019047619047619,0.572527472527472
210273.411807,2514366.126422,0.124862486248625,0.469013568023469,0,0,0.00238357169050238,0.403740374037404
210773.411807,2514366.126422,0.0043956043956044,0.447435897435897,0,0.315201465201465,0.0153846153846154,0.217582417582418
211273.411807,2514366.126422,0.0687549251379039,0.137706855791962,0.000197005516154452,0.500985027580772,0.00906225374310481,0.283293932230102
198773.411807,2513866.126422,0.25,0.07174688057041,0.00133689839572193,0.105837789661319,0.176693404634581,0.394385026737968
199273.411807,2513866.126422,0.206675224646983,0.0198056115899505,0,0.13185402530717,0.167064001467082,0.474601136988814
199773.411807,2513866.126422,0.345061389041598,0.0133773135422393,0.000733003481766538,0.0518599963349826,0.17152281473337,0.417445482866044
200273.411807,2513866.126422,0.373830060561571,0.00972655533125344,0,0.00715727656450725,0.0506514956872821,0.558634611855386
200773.411807,2513866.126422,0.0863744727672841,0.647716853108381,0,0.0271410232899321,0.022006235099945,0.216761415734458
201273.411807,2513866.126422,0.0329851566794942,0.830126443100605,0,0,0,0.136888400219901
201773.411807,2513866.126422,0.126812259130116,0.34006239677005,0.0192695907505964,0.0451458983299688,0.121857221508534,0.346852633510736
202273.411807,2513866.126422,0.219512195121951,0.0392444525949019,0.00146708233999633,0.100311754997249,0.126535851824684,0.512928663121218
202773.411807,2513866.126422,0.204141469671981,0.10317024005864,0,0.0773318673263698,0.135972145867693,0.479384277075316
203273.411807,2513866.126422,0.205725821251606,0.0752431638832813,0.0165167920719398,0.0370710222059093,0.194714626536979,0.470728574050284
203773.411807,2513866.126422,0.185585916009536,0.334311388226664,0,0.0430955437373923,0.1201173665872,0.316889785439208
204273.411807,2513866.126422,0.164376030786146,0.450980392156863,0.0100787978742899,0.0432472054242258,0.0712845886017959,0.260032985156679
204773.411807,2513866.126422,0.283905303725454,0.430354193429987,0,0.00293631859056708,0.0100935951550743,0.272710589098917
205273.411807,2513866.126422,0.113515496057216,0.136988813497158,0,0.037593984962406,0.0924261874197689,0.619475518063451
205773.411807,2513866.126422,0.528129008612791,0.0104452996151732,0,0.00458127176104087,0.0291368884002199,0.427707531610775
206273.411807,2513866.126422,0.295100018351991,0.0625802899614608,0,0.00862543585979079,0.0311983850247752,0.602495870801982
206773.411807,2513866.126422,0.264258206491839,0.0509811113148725,0.00110031175499725,0.0172382174949569,0.0520814230698698,0.614340729873464
207273.411807,2513866.126422,0.310793476269012,0.0527762506871908,0.000733003481766538,0.0157595748579806,0.0632215503023639,0.556716144401686
207773.411807,2513866.126422,0.187006790236741,0.0818498807120573,0.000734079647641769,0.000367039823820885,0.0436777390346853,0.686364470545054
208273.411807,2513866.126422,0.271410232899321,0.0172382174949569,0.00348432055749129,0.00513478818998716,0.0533651201173666,0.649367320740877
208773.411807,2513866.126422,0.233644859813084,0.0406816932380429,0.00201575957485798,0.00311526479750779,0.0315191497159611,0.689023272860546
209273.411807,2513866.126422,0.243530923105157,0.0629473297852817,0,0.0141310332171041,0.055606533308864,0.623784180583593
209773.411807,2513866.126422,0.208325692279479,0.0148542086924629,0,0.132220795892169,0.222813130386943,0.421786172748946
210273.411807,2513866.126422,0.272677295217152,0.0454462158695254,0,0.226864577606744,0.200293201392707,0.254718709913872
210773.411807,2513866.126422,0.0367039823820885,0.77592218755735,0,0.000367039823820885,0.00770783630023858,0.179298953936502
211273.411807,2513866.126422,0.00315519621376454,0.31216722539933,0.000197199763360284,0.589035693157168,0.0149871820153816,0.0804575034509959
198773.411807,2513366.126422,0.122130599509695,0.0840205036772899,0,0.0229552039224426,0.0318698462224203,0.739023846668152
199273.411807,2513366.126422,0.139057053751605,0.091726288754357,0.00825536598789213,0.00807191341038342,0.0436617134470739,0.709227664648688
199773.411807,2513366.126422,0.223443223443223,0.0404761904761905,0.0104395604395604,0.015018315018315,0.0664835164835165,0.644139194139194
200273.411807,2513366.126422,0.142752293577982,0.231743119266055,0,0,0.00036697247706422,0.625137614678899
200773.411807,2513366.126422,0.0343056319941295,0.831407081269492,0,0,0.00091726288754357,0.133370023848835
201273.411807,2513366.126422,0.351098901098901,0.161355311355311,0.000183150183150183,0.0728937728937729,0.0490842490842491,0.365384615384615
201773.411807,2513366.126422,0.0726605504587156,0.391192660550459,0.000917431192660551,0.0170642201834862,0.0343119266055046,0.483853211009174
202273.411807,2513366.126422,0.13979086406164,0.363052650889745,0,0.100165107319758,0.0964960557695836,0.300495321959274
202773.411807,2513366.126422,0.0716117216117216,0.369047619047619,0,0.0346153846153846,0.0617216117216117,0.463003663003663
203273.411807,2513366.126422,0.115045871559633,0.328073394495413,0.0018348623853211,0.0355963302752294,0.0658715596330275,0.453577981651376
203773.411807,2513366.126422,0.105118326912493,0.277563749770684,0,0.0636580443955238,0.166024582645386,0.387635296275913
204273.411807,2513366.126422,0.208058608058608,0.158791208791209,0.0274725274725275,0.0117216117216117,0.128021978021978,0.465934065934066
204773.411807,2513366.126422,0.460183486238532,0.110642201834862,0,0.0185321100917431,0.035045871559633,0.375596330275229
205273.411807,2513366.126422,0.258851586864795,0.172261970280682,0,0.00110071546505228,0.0183452577508714,0.549440469638598
205773.411807,2513366.126422,0.253296703296703,0.110622710622711,0.00421245421245421,0.143589743589744,0.209157509157509,0.279120879120879
206273.411807,2513366.126422,0.337247706422018,0.0653211009174312,0.00018348623853211,0.172110091743119,0.0959633027522936,0.329174311926606
206773.411807,2513366.126422,0.353329664281783,0.0429279031370391,0.002568336085122,0.213171895065126,0.124013942395891,0.263988259035039
207273.411807,2513366.126422,0.206959706959707,0.086996336996337,0.000732600732600733,0.135347985347985,0.135714285714286,0.434249084249084
207773.411807,2513366.126422,0.481284403669725,0.0493577981651376,0,0,0.00880733944954129,0.460550458715596
208273.411807,2513366.126422,0.167125298110438,0.00201797835259585,0.00220143093010457,0.00678774536782242,0.0212804989910108,0.800587048248028
208773.411807,2513366.126422,0.293956043956044,0.0331501831501832,0,0.0250915750915751,0.0935897435897436,0.554212454212454
209273.411807,2513366.126422,0.343669724770642,0.0328440366972477,0,0.0144954128440367,0.0957798165137615,0.513211009174312
209773.411807,2513366.126422,0.184553292973766,0.0843881856540084,0,0.104567969179967,0.184920198128784,0.441570354063475
210273.411807,2513366.126422,0.33021978021978,0.0692307692307692,0,0.000183150183150183,0.00860805860805861,0.591758241758242
210773.411807,2513366.126422,0.244220183486239,0.142018348623853,0,0.0473394495412844,0.0996330275229358,0.466788990825688
211273.411807,2513366.126422,0.216216216216216,0.369500887749063,0,0,0.0280134148747287,0.386269481159992
198773.411807,2512866.126422,0.052491103202847,0.752891459074733,0,0,0.00333629893238434,0.191281138790036
199273.411807,2512866.126422,0.0846153846153846,0.560622710622711,0,0.00476190476190476,0.0144688644688645,0.335531135531136
199773.411807,2512866.126422,0.154198753208654,0.262926292629263,0.00641730839750642,0.0102676934360103,0.0212687935460213,0.544921158782545
200273.411807,2512866.126422,0.00934065934065934,0.868315018315018,0,0,0.00567765567765568,0.116666666666667
200773.411807,2512866.126422,0.0542124542124542,0.600549450549451,0,0.121611721611722,0.122710622710623,0.100915750915751
201273.411807,2512866.126422,0.116428309497616,0.407590759075908,0,0.024019068573524,0.0467546754675468,0.405207187385405
201773.411807,2512866.126422,0.353296703296703,0.0659340659340659,0,0.144688644688645,0.154945054945055,0.281135531135531
202273.411807,2512866.126422,0.241575091575092,0.0802197802197802,0,0.232234432234432,0.12014652014652,0.325824175824176
202773.411807,2512866.126422,0.104693802713605,0.138797213054639,0,0.137513751375138,0.163182984965163,0.455812247891456
203273.411807,2512866.126422,0.0842490842490843,0.211721611721612,0,0.184615384615385,0.0976190476190476,0.421794871794872
203773.411807,2512866.126422,0.207692307692308,0.575824175824176,0,0.0304029304029304,0.0283882783882784,0.157692307692308
204273.411807,2512866.126422,0.0507884121745508,0.651265126512651,0,0.00513384671800513,0.0297029702970297,0.263109644297763
204773.411807,2512866.126422,0.15970695970696,0.735897435897436,0,0.0179487179487179,0.0393772893772894,0.0470695970695971
205273.411807,2512866.126422,0.0375457875457875,0.758791208791209,0,0.00952380952380952,0.0344322344322344,0.15970695970696
205773.411807,2512866.126422,0.48001466813348,0.0132013201320132,0,0.030986431976531,0.0652731939860653,0.410524385771911
206273.411807,2512866.126422,0.128388278388278,0.239377289377289,0,0.000915750915750916,0.00952380952380952,0.621794871794872
206773.411807,2512866.126422,0.358424908424908,0.0723443223443224,0,0.0122710622710623,0.0457875457875458,0.511172161172161
207273.411807,2512866.126422,0.475614228089476,0.00953428676200953,0,0.0421708837550422,0.0513384671800513,0.421342134213421
207773.411807,2512866.126422,0.448168498168498,0.0153846153846154,0.00952380952380952,0.00842490842490842,0.0247252747252747,0.493772893772894
208273.411807,2512866.126422,0.432417582417582,0.0141025641025641,0.00256410256410256,0.0119047619047619,0.0393772893772894,0.4996336996337
208773.411807,2512866.126422,0.348184818481848,0.015034836817015,0,0.0132013201320132,0.059039237257059,0.564539787312065
209273.411807,2512866.126422,0.360805860805861,0.0173992673992674,0,0.0468864468864469,0.107692307692308,0.467216117216117
209773.411807,2512866.126422,0.304395604395604,0.0304029304029304,0,0,0.00531135531135531,0.65989010989011
210273.411807,2512866.126422,0.37972130546388,0.0170517051705171,0,0.00293362669600293,0.028969563623029,0.571323799046571
210773.411807,2512866.126422,0.288644688644689,0.0234432234432234,0,0.00201465201465201,0.023992673992674,0.661904761904762
211273.411807,2512866.126422,0.288810086682427,0.135145784081954,0,0.00157604412923562,0.0208825847123719,0.553585500394011
198773.411807,2512366.126422,0.00334224598930481,0.567513368983957,0,0,0.00222816399286988,0.426916221033868
199273.411807,2512366.126422,0.0221896203924445,0.00568494406748579,0.0441958554923895,0.000366770584999083,0.010819732257473,0.916743077205208
199773.411807,2512366.126422,0.320322521531977,0.0221733553234378,0,0.0179585853032802,0.0918086860912589,0.547736851750046
200273.411807,2512366.126422,0.126445219306295,0.545237658285924,0,0.00440447788585061,0.0133969535694623,0.310515690952468
200773.411807,2512366.126422,0.0803227581147992,0.779387493123052,0,0.00641848523748395,0.00898587933247754,0.124885384192188
201273.411807,2512366.126422,0.226864577606744,0.0841121495327103,0.0148433205057724,0.087777166941543,0.192963166575041,0.39343961883819
201773.411807,2512366.126422,0.292347219673335,0.0950633143696091,0.0376215819416407,0.0133969535694623,0.0324830244081483,0.529087906037805
202273.411807,2512366.126422,0.303135888501742,0.0731707317073171,0.139189437007152,0.0212726939299468,0.0806895286997983,0.382541720154044
202773.411807,2512366.126422,0.0976727139453912,0.12112882536192,0.000183250870441635,0.194429173538574,0.184716877405168,0.401869158878505
203273.411807,2512366.126422,0.189209029179666,0.0844191594788034,0,0.293998898880529,0.111213066617728,0.321159845843274
203773.411807,2512366.126422,0.368971208509078,0.0885750962772786,0,0.125068769484687,0.0432789290298918,0.374105996699065
204273.411807,2512366.126422,0.137804654572109,0.399486897562763,0,0.00806303829943192,0.0500274876305662,0.404617921935129
204773.411807,2512366.126422,0.325747843641035,0.0445953385942375,0,0.00311983850247752,0.0458799779776106,0.580657001284639
205273.411807,2512366.126422,0.337245552906657,0.0874747845222813,0.00311754997249221,0.0121034293049697,0.0799559875298001,0.4801026957638
205773.411807,2512366.126422,0.542239325636797,0.0119113065787062,0,0.00824628916987356,0.0624885468205974,0.375114531794026
206273.411807,2512366.126422,0.43163883281336,0.0110111947146265,0.000183519911910442,0.0666177280234905,0.128280418425399,0.362268306111213
206773.411807,2512366.126422,0.307537135521731,0.044379240784889,0.000183385292499542,0.0915092609572712,0.121034293049697,0.435356684393912
207273.411807,2512366.126422,0.492395088876672,0.0269378779549203,0,0.0100787978742899,0.0547920102620487,0.415796225032069
207773.411807,2512366.126422,0.403193246467242,0.00770783630023858,0.0113782345384474,0.0284455863461186,0.017434391631492,0.531840704716462
208273.411807,2512366.126422,0.43609022556391,0.0282413350449294,0,0.00330093526499175,0.0152209792774619,0.517146524848707
208773.411807,2512366.126422,0.350375664284405,0.01905809052593,0,0,0.0300531427524281,0.600513102437237
209273.411807,2512366.126422,0.445769866030464,0.0420260598274913,0,0.00734079647641769,0.0379886217654616,0.466874655900165
209773.411807,2512366.126422,0.303686044379241,0.0119200440124702,0,0.00128369704749679,0.0469466348798826,0.63616357968091
210273.411807,2512366.126422,0.431922301630933,0.00439802089059923,0,0,0.0119113065787062,0.551768370899762
210773.411807,2512366.126422,0.436226830611121,0.0370710222059093,0,0.0291796659937603,0.0657001284639383,0.431822352725271
211273.411807,2512366.126422,0.281601262078486,0.0362847564582923,0,0.00631039242752909,0.0834154999014001,0.592388089134293
198773.411807,2511866.126422,0.163583686204591,0.213728549141966,0.00668598172498328,0.0209494094049476,0.0412302206373969,0.553822152886115
199273.411807,2511866.126422,0.137772885709044,0.257750871399743,0.00532012474775271,0.00972298660796184,0.0592551825353146,0.530177949000183
199773.411807,2511866.126422,0.30989010989011,0.149267399267399,0.00128205128205128,0.0214285714285714,0.0346153846153846,0.483516483516484
200273.411807,2511866.126422,0.340183486238532,0.128440366972477,0,0.068256880733945,0.088256880733945,0.374862385321101
200773.411807,2511866.126422,0.280315538433315,0.0343056319941295,0.0111906072280316,0.143643368189323,0.197578425976885,0.332966428178316
201273.411807,2511866.126422,0.261538461538462,0.108791208791209,0.00641025641025641,0.0205128205128205,0.0913919413919414,0.511355311355311
201773.411807,2511866.126422,0.157981651376147,0.262752293577982,0,0.0190825688073394,0.0755963302752294,0.484587155963303
202273.411807,2511866.126422,0.190607228031554,0.12272977435333,0.0333883691065859,0.16694184553293,0.139057053751605,0.347275729223996
202773.411807,2511866.126422,0.192307692307692,0.15970695970696,0.047985347985348,0.0155677655677656,0.032051282051282,0.552380952380952
203273.411807,2511866.126422,0.243119266055046,0.14954128440367,0.000917431192660551,0.0188990825688073,0.0981651376146789,0.489357798165138
203773.411807,2511866.126422,0.290221977618786,0.0350394423041644,0,0.0620069711979453,0.177582095028435,0.43514951385067
204273.411807,2511866.126422,0.396336996336996,0.0146520146520147,0,0.0291208791208791,0.104578754578755,0.455311355311355
204773.411807,2511866.126422,0.419816513761468,0.0240366972477064,0,0.0188990825688073,0.0930275229357798,0.444220183486239
205273.411807,2511866.126422,0.499174463401211,0.0240322876536415,0.000733810310034856,0.011557512383049,0.0708126949183636,0.3936892313337
205773.411807,2511866.126422,0.407142857142857,0.0139194139194139,0,0.0313186813186813,0.103296703296703,0.444322344322344
206273.411807,2511866.126422,0.190642201834862,0.0144954128440367,0,0.320917431192661,0.268256880733945,0.205688073394495
206773.411807,2511866.126422,0.42230783342506,0.0242157402311502,0.0137589433131535,0.0823702073014126,0.0656760227481196,0.391671252981104
207273.411807,2511866.126422,0.521978021978022,0.0186813186813187,0.00128205128205128,0.00128205128205128,0.0115384615384615,0.445238095238095
207773.411807,2511866.126422,0.538532110091743,0.00018348623853211,0,0.00128440366972477,0.0121100917431193,0.447889908256881
208273.411807,2511866.126422,0.434966061273161,0.0236653824986241,0.00165107319757843,0.00366905155017428,0.0273344340487984,0.508713997431664
208773.411807,2511866.126422,0.318131868131868,0.0509157509157509,0.00146520146520147,0.0010989010989011,0.021978021978022,0.606410256410256
209273.411807,2511866.126422,0.302385321100917,0.0469724770642202,0,0.00495412844036697,0.0231192660550459,0.62256880733945
209773.411807,2511866.126422,0.359383599339571,0.0201797835259585,0,0.001284168042561,0.0396257567418822,0.579526692350028
210273.411807,2511866.126422,0.454212454212454,0.0135531135531136,0,0.00549450549450549,0.041025641025641,0.485714285714286
210773.411807,2511866.126422,0.367889908256881,0.0209174311926606,0.00862385321100917,0.0827522935779817,0.107889908256881,0.411926605504587
211273.411807,2511866.126422,0.453541132373249,0.00789110278161373,0,0.00335371868218584,0.0238705859143815,0.51134346024857
198773.411807,2511366.126422,0.196396797153025,0.100311387900356,0.0131227758007117,0.178158362989324,0.125444839857651,0.386565836298932
199273.411807,2511366.126422,0.147802197802198,0.110622710622711,0,0.136080586080586,0.130586080586081,0.474908424908425
199773.411807,2511366.126422,0.142280894756142,0.136413641364136,0.00183351668500183,0.335533553355336,0.132746607994133,0.251191785845251
200273.411807,2511366.126422,0.30952380952381,0.0507326007326007,0.000915750915750916,0.10952380952381,0.163186813186813,0.366117216117216
200773.411807,2511366.126422,0.332234432234432,0.0578754578754579,0,0.0245421245421245,0.0763736263736264,0.508974358974359
201273.411807,2511366.126422,0.455995599559956,0.063989732306564,0,0.0172350568390172,0.057022368903557,0.405757242390906
201773.411807,2511366.126422,0.343040293040293,0.0404761904761905,0.0243589743589744,0.00604395604395604,0.0575091575091575,0.528571428571429
202273.411807,2511366.126422,0.200549450549451,0.114652014652015,0.0476190476190476,0.0245421245421245,0.115018315018315,0.497619047619048
202773.411807,2511366.126422,0.389255592225889,0.0287862119545288,0,0.0485881921525486,0.117161716171617,0.416208287495416
203273.411807,2511366.126422,0.264285714285714,0.017032967032967,0,0.0419413919413919,0.0996336996336996,0.577106227106227
203773.411807,2511366.126422,0.277655677655678,0.0358974358974359,0.000366300366300366,0.0957875457875458,0.191391941391941,0.398901098901099
204273.411807,2511366.126422,0.3003300330033,0.0302530253025303,0.000733406674000733,0.0264026402640264,0.0806747341400807,0.561606160616062
204773.411807,2511366.126422,0.393772893772894,0.0565934065934066,0.000915750915750916,0.00641025641025641,0.0749084249084249,0.467399267399267
205273.411807,2511366.126422,0.47032967032967,0.0252747252747253,0,0.00750915750915751,0.0177655677655678,0.479120879120879
205773.411807,2511366.126422,0.333333333333333,0.017968463513018,0,0.0845251191785845,0.126329299596626,0.437843784378438
206273.411807,2511366.126422,0.0924908424908425,0.00952380952380952,0,0.566666666666667,0.224175824175824,0.107142857142857
206773.411807,2511366.126422,0.287912087912088,0.00787545787545788,0,0.213369963369963,0.184615384615385,0.306227106227106
207273.411807,2511366.126422,0.457462412907957,0.00366703337000367,0.00201686835350202,0.0190685735240191,0.0515218188485515,0.466263292995966
207773.411807,2511366.126422,0.425274725274725,0.00238095238095238,0.0104395604395604,0.0326007326007326,0.0723443223443224,0.456959706959707
208273.411807,2511366.126422,0.372344322344322,0.034981684981685,0,0.0261904761904762,0.0505494505494506,0.515934065934066
208773.411807,2511366.126422,0.312981298129813,0.0478547854785479,0,0.0762742940960763,0.0392372570590392,0.523652365236524
209273.411807,2511366.126422,0.268681318681319,0.0626373626373626,0,0.00512820512820513,0.0344322344322344,0.629120879120879
209773.411807,2511366.126422,0.304395604395604,0.0243589743589744,0,0.154578754578755,0.13992673992674,0.376739926739927
210273.411807,2511366.126422,0.453978731206454,0.0157682434910158,0,0.00238357169050238,0.0201686835350202,0.507700770077008
210773.411807,2511366.126422,0.442490842490842,0.0117216117216117,0.000183150183150183,0.000549450549450549,0.00384615384615385,0.541208791208791
211273.411807,2511366.126422,0.415681639085894,0.0153664302600473,0,0.0045311268715524,0.0425531914893617,0.521867612293144
198773.411807,2510866.126422,0.15530303030303,0.197415329768271,0.0196078431372549,0.121434937611408,0.149286987522282,0.356951871657754
199273.411807,2510866.126422,0.191270860077022,0.0926095727122685,0,0.200806895286998,0.174582798459564,0.340729873464148
199773.411807,2510866.126422,0.140919919369617,0.295033901411032,0,0.107751511819681,0.123694337548103,0.332600329851567
200273.411807,2510866.126422,0.206276380987337,0.221875573499725,0.000734079647641769,0.0205542301339695,0.0873554780693705,0.463204257661956
200773.411807,2510866.126422,0.366220429121584,0.0805061434072987,0,0.00366770584999083,0.0188886851274528,0.530717036493673
201273.411807,2510866.126422,0.387025838372732,0.0908924317390508,0.00384826827927433,0.00824628916987356,0.0333516584203775,0.476635514018692
201773.411807,2510866.126422,0.358597907873004,0.0486327766562672,0.00679023674068636,0.0594604514589833,0.110478986970086,0.416039640300973
202273.411807,2510866.126422,0.27617825050431,0.0210893086374473,0.00385109114249037,0.0502475701448744,0.126169081239685,0.522464698331194
202773.411807,2510866.126422,0.386842587502291,0.0137438152831226,0,0.0175920835623969,0.0536925050393989,0.528129008612791
203273.411807,2510866.126422,0.384657735364287,0.0196366305744173,0.000183519911910442,0.0244081482840888,0.057258212516058,0.513855753349238
203773.411807,2510866.126422,0.311571611956721,0.0110031175499725,0,0.134788189987163,0.144507610489639,0.398129470016505
204273.411807,2510866.126422,0.312992486714312,0.0322521531977277,0,0.140736668499175,0.107934762690123,0.406083928898662
204773.411807,2510866.126422,0.363369425582676,0.0482657368324463,0,0.0563406129565058,0.0932281152505047,0.438796109377868
205273.411807,2510866.126422,0.348798826334128,0.026407482119934,0.00183385292499542,0.0177883733724555,0.0621676141573446,0.543003851091142
205773.411807,2510866.126422,0.445482866043614,0.0219901044529962,0,0.00293201392706615,0.0216236027121129,0.507971412864211
206273.411807,2510866.126422,0.470545054138374,0.0100935951550743,0,0.0335841438796109,0.0433106992108644,0.442466507616076
206773.411807,2510866.126422,0.225930680359435,0.0242068586099395,0.013203741059967,0.159545204474601,0.250504309554374,0.326609205941683
207273.411807,2510866.126422,0.181784863478102,0.0663368150998717,0.00274876305662452,0.130108118013561,0.212571009712296,0.406450430639546
207773.411807,2510866.126422,0.18663975041292,0.0919434758671316,0,0.0625802899614608,0.0807487612405946,0.578087722517893
208273.411807,2510866.126422,0.262057582981845,0.0421786172748946,0,0,0.00916926462497708,0.686594535118283
