"x","y","forest","agri","water","built","other","grass"
160773.411807,2599866.126422,0.0797125122508984,0.149624305782424,0.5109441359033,0.0104540999673309,0.0656648154197974,0.18360013067625
161273.411807,2599866.126422,0.200385356454721,0,0,0,0,0.799614643545279
161773.411807,2599866.126422,0.13102119460501,0.00440407376823562,0.000825763831544178,0.0011010184420589,0.00578034682080925,0.856867602532342
162273.411807,2599866.126422,0.144037455246489,0,0,0,0,0.855962544753511
162773.411807,2599866.126422,0.162124965593174,0,0,0,0,0.837875034406826
163273.411807,2599866.126422,0.150564271951555,0.0616570327552987,0.0564271951555189,0.0107349298100743,0.0478943022295623,0.672722268097991
163773.411807,2599866.126422,0,0.145689892591573,0.303497659047094,0.0597631506472046,0.172128890112917,0.318920407601212
164273.411807,2599866.126422,0.00715661987338288,0.229011835948252,0.254885769336636,0.0933113129644922,0.126617120836774,0.289017341040462
164773.411807,2599866.126422,0.020093586567575,0.314616019818332,0.126617120836774,0.0368841178089733,0.173410404624277,0.328378750344068
165273.411807,2599866.126422,0.0184522170201047,0.117873863949325,0.0369044340402093,0.141558799228863,0.0834480859267419,0.601762599834756
165773.411807,2599866.126422,0.0192678227360308,0.370767960363336,0,0.0349573355353702,0.0776218001651528,0.49738508120011
166273.411807,2599866.126422,0.04018717313515,0.0930360583539774,0.00330305532617671,0.176713459950454,0.259014588494357,0.427745664739884
166773.411807,2599866.126422,0.652437345083999,0.0302946846598733,0,0.000275406224180667,0.00385568713852933,0.313136876893418
167273.411807,2599866.126422,0.376548307184145,0.102119460500963,0,0.00880814753647124,0.0500963391136802,0.46242774566474
167773.411807,2599866.126422,0.169281585466557,0.149187998898982,0,0.0820258739333884,0.09551334984861,0.503991191852464
168273.411807,2599866.126422,0.02478656017626,0.492426328835032,0,0,0.00881299917378133,0.473974111814927
168773.411807,2599866.126422,0.00660611065235343,0.345444536195981,0,0.000275254610514726,0.0374346270300028,0.610239471511148
169273.411807,2599866.126422,0.000550509221029452,0.270575282135976,0,0.00275254610514726,0.0280759702725021,0.698045692265345
169773.411807,2599866.126422,0.029743872211512,0.371247590195538,0,0.02065546681355,0.051225557697604,0.527127513081796
170273.411807,2599866.126422,0.0630333058078723,0.299752270850537,0,0.00578034682080925,0.121387283236994,0.510046793283788
170773.411807,2599866.126422,0.0812001101018442,0.315166529039361,0,0.0374346270300028,0.135150013762731,0.431048720066061
171273.411807,2599866.126422,0.0941889286697879,0.440099146240705,0,0.025612778848802,0.0526025888185073,0.387496557422198
171773.411807,2599866.126422,0.0715661987338288,0.276906138177814,0,0.114230663363611,0.157720891824938,0.379576107899807
172273.411807,2599866.126422,0.0167905312413983,0.428846683181943,0,0.000275254610514726,0.0123864574731627,0.541701073492981
172773.411807,2599866.126422,0.0159735610024787,0.535114293583035,0,0.0377306527127513,0.052051776370146,0.359129716331589
173273.411807,2599866.126422,0.0016827934371056,0.641985696255785,0,0,0,0.35633151030711
160773.411807,2599366.126422,0.0665952890792291,0.0483940042826552,0.61220556745182,0,0.0383297644539615,0.234475374732334
161273.411807,2599366.126422,0.226463571297486,0,0,0,0.000917599559552211,0.772618829142962
161773.411807,2599366.126422,0.228864845039428,0,0,0,0.00696864111498258,0.76416651384559
162273.411807,2599366.126422,0.152647975077882,0.00604727872457394,0.271211288253619,0,0.00842954004031519,0.56166391790361
162773.411807,2599366.126422,0.180583593319875,0.0245916681959993,0.367406863644705,0.00183519911910442,0.0295467058175812,0.396035969902734
163273.411807,2599366.126422,0.123418301852191,0.0496974142673758,0.277645332844306,0.0265908674124335,0.0713368787823217,0.451311204841372
163773.411807,2599366.126422,0.000733003481766538,0.142019424592267,0.487447315374748,0.0568077698369067,0.0985889682975994,0.214403518416712
164273.411807,2599366.126422,0.00734079647641769,0.210130299137456,0.217104055790053,0.0721233253808038,0.0946962745457882,0.398605248669481
164773.411807,2599366.126422,0.00605171465248487,0.248303686044379,0.26389143590684,0.0696864111498258,0.122317990097194,0.289748762149276
165273.411807,2599366.126422,0.0445299615173172,0.11654755360088,0.0740333516584204,0.217885284955104,0.188015393073117,0.358988455195162
165773.411807,2599366.126422,0.036520462470178,0.0880895577170123,0.114699944944026,0.206643420811158,0.265920352358231,0.288126261699394
166273.411807,2599366.126422,0.280396112231799,0.0286081056299285,0.0144874381074638,0.00770218228498074,0.0401613790573996,0.628644782688428
166773.411807,2599366.126422,0.410481949789262,0.00384826827927433,0,0.218801539307312,0.128458860179586,0.238409382444567
167273.411807,2599366.126422,0.451458983299688,0.00330335841438796,0,0.00807487612405946,0.0418425399155808,0.495320242246284
167773.411807,2599366.126422,0.473500825233816,0.0319090408949202,0.00366770584999083,0.0170548322024574,0.0577663671373556,0.41610122868146
168273.411807,2599366.126422,0.124977093641195,0.266446765622137,0,0.00201575957485798,0.0518599963349826,0.554700384826828
168773.411807,2599366.126422,0.0267939071389246,0.252890438612589,0,0.000183519911910442,0.0328500642319692,0.687282070104606
169273.411807,2599366.126422,0.0300751879699248,0.262424353566844,0,0.092792958004768,0.102695763799743,0.51201173665872
169773.411807,2599366.126422,0.0153930731170973,0.254718709913872,0.0172255818215137,0.00366501740883269,0.0720175920835624,0.636980025655122
170273.411807,2599366.126422,0.0229399889888053,0.232886768214351,0.0515690952468343,0.0357863828225362,0.106074509084236,0.550743255643237
170773.411807,2599366.126422,0.0425453878598936,0.31193838254172,0,0.0053181734824867,0.0911424903722722,0.549055565743627
171273.411807,2599366.126422,0.040131940626718,0.519332966831592,0,0,0.0256551218618288,0.414879970679861
171773.411807,2599366.126422,0.0866213984217288,0.438979629289778,0,0.0275279867865663,0.0554230133969536,0.391447972104973
172273.411807,2599366.126422,0.0104529616724739,0.366220429121584,0,0,0.0135705116449661,0.609756097560976
172773.411807,2599366.126422,0.0124610591900312,0.451163643027304,0,0.00311526479750779,0.00989554700384827,0.523364485981308
173273.411807,2599366.126422,0.149944567627494,0.243348115299335,0.0473946784922395,0.0191241685144124,0.0756651884700665,0.464523281596452
160773.411807,2598866.126422,0.00235445205479452,0.0554366438356164,0.83326198630137,0.00321061643835616,0.0659246575342466,0.0398116438356164
161273.411807,2598866.126422,0.00513761467889908,0.164036697247706,0.57302752293578,0.013394495412844,0.137614678899083,0.106788990825688
161773.411807,2598866.126422,0.014125848468171,0.0533847000550358,0.691432764630343,0.0210970464135021,0.0952118877270226,0.124747752705926
162273.411807,2598866.126422,0,0.0285714285714286,0.861721611721612,0.0228937728937729,0.0144688644688645,0.0723443223443224
163773.411807,2598866.126422,0.0148351648351648,0.0344322344322344,0.663186813186813,0.149450549450549,0.0564102564102564,0.0816849816849817
164273.411807,2598866.126422,0.0124770642201835,0.12,0.574311926605505,0.125504587155963,0.0625688073394495,0.105137614678899
164773.411807,2598866.126422,0.00697119794533113,0.166024582645386,0.483947899467988,0.136672170243992,0.0653091175931022,0.141075032104201
165273.411807,2598866.126422,0.0179487179487179,0.0761904761904762,0.417765567765568,0.315934065934066,0.102380952380952,0.0697802197802198
165773.411807,2598866.126422,0.0300917431192661,0.151192660550459,0.237981651376147,0.274495412844037,0.0807339449541284,0.225504587155963
166273.411807,2598866.126422,0.10273344340488,0.0680609062557329,0.233718583746102,0.0596220876903321,0.0445789763346175,0.491286002568336
166773.411807,2598866.126422,0.107326007326007,0.0445054945054945,0.16959706959707,0.176007326007326,0.237545787545788,0.265018315018315
167273.411807,2598866.126422,0.227339449541284,0.0218348623853211,0.0884403669724771,0.145137614678899,0.0867889908256881,0.43045871559633
167773.411807,2598866.126422,0.365070629242341,0.0339387268391121,0.0875068794716566,0.0385250412768299,0.0407264722069345,0.434232250963126
168273.411807,2598866.126422,0.0912087912087912,0.152930402930403,0.130952380952381,0.0664835164835165,0.107692307692308,0.450732600732601
168773.411807,2598866.126422,0.0297247706422018,0.307706422018349,0.129174311926606,0.0297247706422018,0.0930275229357798,0.410642201834862
169273.411807,2598866.126422,0.0741148413135205,0.296092460099064,0.156118143459916,0.0306365804439552,0.102183085672354,0.340854889011191
169773.411807,2598866.126422,0.0375457875457875,0.21025641025641,0.0915750915750916,0.116300366300366,0.153663003663004,0.390659340659341
170273.411807,2598866.126422,0.0231192660550459,0.331376146788991,0.0297247706422018,0.0346788990825688,0.0910091743119266,0.490091743119266
170773.411807,2598866.126422,0.0315538433314988,0.334617501375894,0.0926435516419006,0.0194459732159237,0.0818198495688864,0.439919280865896
171273.411807,2598866.126422,0.0346153846153846,0.374725274725275,0,0.03003663003663,0.0582417582417582,0.502380952380952
171773.411807,2598866.126422,0.0143119266055046,0.588440366972477,0,0.0119266055045872,0.0102752293577982,0.375045871559633
172273.411807,2598866.126422,0.0188956154833975,0.541185103650706,0,0.00146762062006971,0.0293524124013942,0.409099247844432
172773.411807,2598866.126422,0.0265567765567766,0.248168498168498,0.0606227106227106,0.0509157509157509,0.0454212454212454,0.568315018315018
173273.411807,2598866.126422,0.010803324099723,0.186426592797784,0,0.00470914127423823,0.0329639889196676,0.765096952908587
164273.411807,2598366.126422,0.00934065934065934,0.190842490842491,0.306410256410256,0.132600732600733,0.144322344322344,0.216483516483516
164773.411807,2598366.126422,0.00695970695970696,0.119230769230769,0.233882783882784,0.0769230769230769,0.163736263736264,0.399267399267399
165273.411807,2598366.126422,0.0342867620095343,0.0553722038870554,0.0702236890355702,0.346718005133847,0.169050238357169,0.324349101576824
165773.411807,2598366.126422,0.0858974358974359,0.135531135531136,0.0915750915750916,0.0917582417582418,0.153846153846154,0.441391941391941
166273.411807,2598366.126422,0.0483516483516484,0.177655677655678,0.117032967032967,0.0613553113553114,0.164835164835165,0.430769230769231
166773.411807,2598366.126422,0.0157682434910158,0.236707004033737,0.113494682801613,0.015951595159516,0.123028969563623,0.495049504950495
167273.411807,2598366.126422,0.0119047619047619,0.300915750915751,0.0173992673992674,0.0316849816849817,0.0996336996336996,0.538461538461538
167773.411807,2598366.126422,0.0302197802197802,0.161904761904762,0.0626373626373626,0.115384615384615,0.173992673992674,0.455860805860806
168273.411807,2598366.126422,0.0561056105610561,0.0852585258525853,0.000366703337000367,0.22002200220022,0.204987165383205,0.433259992665933
168773.411807,2598366.126422,0.106410256410256,0.093956043956044,0.0926739926739927,0.196153846153846,0.146520146520147,0.364285714285714
169273.411807,2598366.126422,0.0562271062271062,0.0302197802197802,0.216117216117216,0.0272893772893773,0.0899267399267399,0.58021978021978
169773.411807,2598366.126422,0.108727539420609,0.144114411441144,0.200770077007701,0.0146681334800147,0.0652731939860653,0.466446644664466
170273.411807,2598366.126422,0.0769230769230769,0.31043956043956,0,0.0302197802197802,0.0580586080586081,0.524358974358974
170773.411807,2598366.126422,0.0860805860805861,0.191025641025641,0,0.206776556776557,0.171428571428571,0.344688644688645
171273.411807,2598366.126422,0.0586725339200587,0.215804913824716,0.0872753942060873,0.12009534286762,0.130729739640631,0.387422075540887
171773.411807,2598366.126422,0.0465201465201465,0.371978021978022,0.0793040293040293,0.0551282051282051,0.0426739926739927,0.404395604395604
172273.411807,2598366.126422,0.0203296703296703,0.408608058608059,0.0666666666666667,0.0604395604395604,0.0642857142857143,0.37967032967033
172773.411807,2598366.126422,0.0581224789145581,0.154565456545655,0.0229189585625229,0.0271360469380271,0.187568756875688,0.54968830216355
173273.411807,2598366.126422,0.0306969026548673,0.382190265486726,0,0.0199115044247788,0.0860066371681416,0.481194690265487
163773.411807,2597866.126422,0.00146600696353308,0.176470588235294,0.640278541323071,0.0804471321238776,0.0315191497159611,0.0698185816382628
164273.411807,2597866.126422,0.00183519911910442,0.181868232703248,0.347770233070288,0.117085703798862,0.104789869700863,0.246650761607634
164773.411807,2597866.126422,0.0236567027324409,0.109481019622226,0.226664221529433,0.0757381258023107,0.143590684027141,0.420869246286448
165273.411807,2597866.126422,0.0406816932380429,0.101704233095107,0.0590067802822063,0.0899761773868426,0.244090159428257,0.464540956569544
165773.411807,2597866.126422,0.0330335841438796,0.135254175077996,0.028629106258029,0.220407414204441,0.135070655166086,0.447605065149569
166273.411807,2597866.126422,0.0823399963322941,0.122317990097194,0.000916926462497708,0.267559141756831,0.195121951219512,0.331743994131671
166773.411807,2597866.126422,0.0186915887850467,0.315374748030053,0.0119113065787062,0.0720175920835624,0.111416529228514,0.470588235294118
167273.411807,2597866.126422,0.0326665443200587,0.395485410167003,0.0334006239677005,0.0559735731326849,0.0869884382455496,0.395485410167003
167773.411807,2597866.126422,0.0942600403447643,0.251421236016871,0.00421786172748946,0.0238400880249404,0.0784889051898038,0.547771868696131
168273.411807,2597866.126422,0.0604727872457394,0.111599780098955,0.205424225765072,0.0905259299981675,0.101520982224666,0.4304562946674
168773.411807,2597866.126422,0.0385391815011929,0.197467425215636,0.00715727656450725,0.00385391815011929,0.0337676637915214,0.719214534777023
169273.411807,2597866.126422,0.0249403997799376,0.427654502108931,0,0.00825233816247937,0.0161379057399597,0.523014854208692
169773.411807,2597866.126422,0.0278541323071285,0.306395455378413,0,0.000183250870441635,0.0166758292101887,0.648891332233828
170273.411807,2597866.126422,0.0277115066984768,0.173976876491099,0.1616810423931,0.0679023674068636,0.0644154890805652,0.504312717929895
170773.411807,2597866.126422,0.0429121584448927,0.240968274344398,0.0693196405648267,0.0693196405648267,0.130020172382175,0.447460113698881
171273.411807,2597866.126422,0.0317024005864028,0.410115448048378,0,0.00861279091075683,0.051126992853216,0.498442367601246
171773.411807,2597866.126422,0.019086070838686,0.36116718663975,0.00458799779776106,0.0203707102220591,0.0534042943659387,0.541383740135805
172273.411807,2597866.126422,0.0612506876948469,0.132220795892169,0,0.169814780854575,0.157711351549606,0.479002384008803
172773.411807,2597866.126422,0.0227231079347627,0.301630932746931,0,0.108667766171889,0.0901594282572842,0.476818764889133
173273.411807,2597866.126422,0.0360310421286031,0.383869179600887,0,0.08980044345898,0.111141906873614,0.379157427937916
163273.411807,2597366.126422,0.00275178866263071,0.0570537516052101,0.685929187305082,0.160704457897633,0.0640249495505412,0.029535864978903
163773.411807,2597366.126422,0.00128205128205128,0.153479853479853,0.534065934065934,0.118864468864469,0.0672161172161172,0.125091575091575
164273.411807,2597366.126422,0.00458715596330275,0.148623853211009,0.338532110091743,0.112110091743119,0.176330275229358,0.219816513761468
164773.411807,2597366.126422,0.0310034855989727,0.116308934140525,0.161071363052651,0.173546138323243,0.153366354797285,0.364703724087323
165273.411807,2597366.126422,0.0490842490842491,0.137545787545788,0.301098901098901,0.100732600732601,0.131868131868132,0.27967032967033
165773.411807,2597366.126422,0.0511926605504587,0.171009174311927,0.0719266055045872,0.103302752293578,0.141100917431193,0.461467889908257
166273.411807,2597366.126422,0.0150431113557145,0.285085305448542,0.0438451660245826,0.0581544670702623,0.137039075399009,0.46083287470189
166773.411807,2597366.126422,0.0575091575091575,0.255860805860806,0,0.125641025641026,0.0886446886446886,0.472344322344322
167273.411807,2597366.126422,0.0124770642201835,0.38256880733945,0,0.00201834862385321,0.0293577981651376,0.573577981651376
167773.411807,2597366.126422,0.0820033021463952,0.127132636213539,0.304714731241974,0.0289855072463768,0.0563199412951752,0.40084388185654
168273.411807,2597366.126422,0.0523809523809524,0.148351648351648,0.0771062271062271,0.0217948717948718,0.132600732600733,0.567765567765568
168773.411807,2597366.126422,0.0130275229357798,0.161467889908257,0,0.0143119266055046,0.0381651376146789,0.77302752293578
169273.411807,2597366.126422,0.0310034855989727,0.285819115758576,0.00825536598789213,0.00697119794533113,0.0251330031186938,0.642817831590534
169773.411807,2597366.126422,0.0232600732600733,0.225457875457875,0,0.105494505494505,0.0710622710622711,0.574725274725275
170273.411807,2597366.126422,0.0445871559633028,0.27651376146789,0,0.0231192660550459,0.041651376146789,0.614128440366972
170773.411807,2597366.126422,0.0618235186204366,0.0693450742982939,0.272060172445423,0.0126582278481013,0.0521005320124748,0.532012474775271
171273.411807,2597366.126422,0.0697802197802198,0.197069597069597,0.0166666666666667,0.0494505494505494,0.0624542124542125,0.604578754578755
171773.411807,2597366.126422,0.0565137614678899,0.238899082568807,0.00018348623853211,0.0343119266055046,0.107889908256881,0.562201834862385
172273.411807,2597366.126422,0.11410750321042,0.177215189873418,0,0.0427444505595304,0.0922766464868831,0.573656209869749
172773.411807,2597366.126422,0.107326007326007,0.196153846153846,0.0644688644688645,0.137179487179487,0.122344322344322,0.372527472527473
173273.411807,2597366.126422,0.0221606648199446,0.179778393351801,0,0.326592797783934,0.110249307479224,0.361218836565097
162773.411807,2596866.126422,0.00201465201465201,0.0278388278388278,0.384981684981685,0.404212454212454,0.107875457875458,0.0730769230769231
163273.411807,2596866.126422,0.0146520146520147,0.0946886446886447,0.0302197802197802,0.399267399267399,0.187728937728938,0.273443223443223
163773.411807,2596866.126422,0.00898423175650898,0.103043637697103,0.417308397506417,0.193986065273194,0.0533553355335534,0.223322332233223
164273.411807,2596866.126422,0.000732600732600733,0.164102564102564,0.653296703296703,0.0324175824175824,0.0287545787545788,0.120695970695971
164773.411807,2596866.126422,0.0124542124542125,0.149450549450549,0.287912087912088,0.058974358974359,0.0787545787545788,0.412454212454212
165273.411807,2596866.126422,0.0691235790245691,0.103960396039604,0.0374037403740374,0.26017601760176,0.275944261092776,0.253392005867253
165773.411807,2596866.126422,0.0435897435897436,0.182234432234432,0,0.146153846153846,0.156043956043956,0.471978021978022
166273.411807,2596866.126422,0.0274725274725275,0.265384615384615,0.000915750915750916,0.0249084249084249,0.0862637362637363,0.595054945054945
166773.411807,2596866.126422,0.0249358269160249,0.1996699669967,0.000733406674000733,0.037037037037037,0.094976164283095,0.642647598093143
167273.411807,2596866.126422,0.0408424908424908,0.294139194139194,0.000732600732600733,0.00586080586080586,0.0523809523809524,0.606043956043956
167773.411807,2596866.126422,0.0446886446886447,0.0164835164835165,0.244688644688645,0.0192307692307692,0.0761904761904762,0.598717948717949
168273.411807,2596866.126422,0.0485881921525486,0.0144847818115145,0.125412541254125,0.00165016501650165,0.0355702236890356,0.774294096076274
168773.411807,2596866.126422,0.238095238095238,0.116666666666667,0,0.0115384615384615,0.0463369963369963,0.587362637362637
169273.411807,2596866.126422,0.570695970695971,0.107509157509158,0,0.00201465201465201,0.0188644688644689,0.300915750915751
169773.411807,2596866.126422,0.063989732306564,0.226072607260726,0,0.128162816281628,0.145214521452145,0.436560322698937
170273.411807,2596866.126422,0.0184981684981685,0.454945054945055,0.00494505494505494,0.0857142857142857,0.0558608058608059,0.38003663003663
170773.411807,2596866.126422,0.103113553113553,0.157692307692308,0.184249084249084,0.0401098901098901,0.0606227106227106,0.454212454212454
171273.411807,2596866.126422,0.0207187385405207,0.161349468280161,0,0.0245691235790246,0.0605060506050605,0.732856618995233
171773.411807,2596866.126422,0.0847985347985348,0.132783882783883,0,0.0236263736263736,0.0397435897435897,0.719047619047619
172273.411807,2596866.126422,0.191941391941392,0.0675824175824176,0.130952380952381,0.0368131868131868,0.067032967032967,0.505677655677656
172773.411807,2596866.126422,0.0902090209020902,0.0760909424275761,0,0.139347268060139,0.0861752841950862,0.608177484415108
173273.411807,2596866.126422,0.170353982300885,0.0813053097345133,0.181692477876106,0.0284845132743363,0.0359513274336283,0.502212389380531
162773.411807,2596366.126422,0.00972655533125344,0.0304643053771334,0.115250504679758,0.626353459350339,0.131216737015966,0.0869884382455496
163273.411807,2596366.126422,0,0.105813313772235,0.44415917843389,0.311021456079222,0.0496974142673758,0.0893086374472767
163773.411807,2596366.126422,0.009529045262965,0.130474619754444,0.100787978742899,0.07623236210372,0.110866776617189,0.572109217518783
164273.411807,2596366.126422,0,0.149752248118921,0.51036887502294,0.0310148651128647,0.0814828408882364,0.227381170857038
164773.411807,2596366.126422,0.0154043645699615,0.17201540436457,0.311388226664222,0.12781954887218,0.128369704749679,0.245002750779387
165273.411807,2596366.126422,0.028587135788895,0.131024372365769,0.0958402052409749,0.203591717060656,0.21073850100788,0.330218068535826
165773.411807,2596366.126422,0.0389062213250138,0.276380987337126,0,0.00991007524316388,0.0497338961277299,0.625068819966966
166273.411807,2596366.126422,0.0518980377773703,0.142673757564643,0.127086007702182,0.0317256556024207,0.0797726022373006,0.566843939116083
166773.411807,2596366.126422,0.0509437419827744,0.132123877588419,0.0747663551401869,0.104452996151732,0.104636247022173,0.533076782114715
167273.411807,2596366.126422,0.00385391815011929,0.144797210497339,0.0447788585061479,0.0489998164800881,0.176546155257845,0.58102404110846
167773.411807,2596366.126422,0.0889418668622776,0.0838070786722905,0.194205024757014,0.172382174949569,0.050797726022373,0.409866128736475
168273.411807,2596366.126422,0.0985889682975994,0.0956569543705333,0.0579072750595565,0.0426974528129009,0.118196811434854,0.586952538024556
168773.411807,2596366.126422,0.122774821068086,0.278583226280051,0,0.0113782345384474,0.031932464672417,0.555331253440998
169273.411807,2596366.126422,0.515496057216211,0.00550155877498625,0,0.0161379057399597,0.0346598202824134,0.428204657986429
169773.411807,2596366.126422,0.097306212204508,0.241158145501191,0.0280373831775701,0.0804471321238776,0.0403151914971596,0.512735935495694
170273.411807,2596366.126422,0.0436777390346853,0.326298403376766,0.000183519911910442,0.121123141860892,0.181868232703248,0.326848963112498
170773.411807,2596366.126422,0.194205024757014,0.165046763249587,0.000916926462497708,0.0579497524298551,0.136622042912158,0.445259490188887
171273.411807,2596366.126422,0.126809602345611,0.0377496793109767,0.168590800806304,0.0100787978742899,0.0483782297965915,0.608392889866227
171773.411807,2596366.126422,0.198385024775188,0.0642319691686548,0.122224261332355,0.0251422279317306,0.0734079647641769,0.516608552027895
172273.411807,2596366.126422,0.111314872547222,0.010819732257473,0.111498257839721,0.162846139739593,0.128369704749679,0.475151292866312
172773.411807,2596366.126422,0.0535092541689573,0.0047645226314825,0.000183250870441635,0.703500091625435,0.189847901777533,0.0481949789261499
173273.411807,2596366.126422,0.163248337028825,0.00776053215077605,0,0.431818181818182,0.22450110864745,0.172671840354767
162773.411807,2595866.126422,0.00128440366972477,0.0412844036697248,0.703669724770642,0.196146788990826,0.0258715596330275,0.031743119266055
163273.411807,2595866.126422,0.00862227114290956,0.0884241423592002,0.184736745551275,0.378646119977986,0.155751238304898,0.183819482663731
163773.411807,2595866.126422,0.00494505494505494,0.198901098901099,0.286630036630037,0.0551282051282051,0.101282051282051,0.353113553113553
164273.411807,2595866.126422,0.00055045871559633,0.107706422018349,0.713577981651376,0.131926605504587,0.0196330275229358,0.026605504587156
164773.411807,2595866.126422,0.00623738763529628,0.203265455879655,0.366538249862411,0.142175747569253,0.116492386718033,0.165290772335351
165273.411807,2595866.126422,0.0106227106227106,0.124542124542125,0.26025641025641,0.115384615384615,0.203479853479853,0.285714285714286
165773.411807,2595866.126422,0.053394495412844,0.0759633027522936,0.0827522935779817,0.294311926605505,0.171926605504587,0.321651376146789
166273.411807,2595866.126422,0.175931021830857,0.0299027701339204,0.335351311685929,0.126031920748487,0.0669601907906806,0.265822784810127
166773.411807,2595866.126422,0.202564102564103,0.0820512820512821,0.290842490842491,0.0661172161172161,0.0652014652014652,0.293223443223443
167273.411807,2595866.126422,0.205321100917431,0.0163302752293578,0.206605504587156,0.0754128440366972,0.0315596330275229,0.464770642201835
167773.411807,2595866.126422,0.106769400110072,0.250596220876903,0.0818198495688864,0.0447624289121262,0.0695285268758026,0.44652357365621
168273.411807,2595866.126422,0.0838827838827839,0.116483516483516,0,0.10952380952381,0.19029304029304,0.49981684981685
168773.411807,2595866.126422,0.288807339449541,0.120366972477064,0,0.0201834862385321,0.035045871559633,0.535596330275229
169273.411807,2595866.126422,0.541001651073198,0.000733810310034856,0,0.0387084938543387,0.0464135021097046,0.373142542652724
169773.411807,2595866.126422,0.204212454212454,0.10952380952381,0,0.253479853479853,0.138827838827839,0.293956043956044
170273.411807,2595866.126422,0.0370642201834862,0.21302752293578,0,0.222201834862385,0.115779816513761,0.411926605504587
170773.411807,2595866.126422,0.093010456796918,0.15263254448725,0,0.144744083654375,0.133553476426344,0.476059438635113
171273.411807,2595866.126422,0.0705128205128205,0.0904761904761905,0.000549450549450549,0.279120879120879,0.127472527472527,0.431868131868132
171773.411807,2595866.126422,0.0277064220183486,0.0288073394495413,0.00018348623853211,0.57302752293578,0.185688073394495,0.184587155963303
172273.411807,2595866.126422,0.0293524124013942,0.0119244175380664,0,0.762979269858742,0.163272793982755,0.0324711062190424
172773.411807,2595866.126422,0.0126373626373626,0.00164835164835165,0,0.896886446886447,0.0769230769230769,0.0119047619047619
173273.411807,2595866.126422,0.0833795013850415,0.010803324099723,0,0.613850415512465,0.206648199445983,0.0853185595567867
162773.411807,2595366.126422,0.0655677655677656,0.0912087912087912,0.463553113553114,0.117948717948718,0.047985347985348,0.213736263736264
163273.411807,2595366.126422,0.0139194139194139,0.05,0.0483516483516484,0.430952380952381,0.163186813186813,0.293589743589744
163773.411807,2595366.126422,0.0148514851485149,0.030986431976531,0.544187752108544,0.295012834616795,0.0588558855885589,0.0561056105610561
164273.411807,2595366.126422,0.000915750915750916,0.102747252747253,0.759523809523809,0.100915750915751,0.00622710622710623,0.0296703296703297
164773.411807,2595366.126422,0.0106227106227106,0.117216117216117,0.56996336996337,0.16007326007326,0.054029304029304,0.0880952380952381
165273.411807,2595366.126422,0.0724239090575724,0.108544187752109,0.122845617895123,0.268060139347268,0.201320132013201,0.226806013934727
165773.411807,2595366.126422,0.181501831501831,0.0450549450549451,0.056959706959707,0.213919413919414,0.126923076923077,0.375641025641026
166273.411807,2595366.126422,0.117032967032967,0.0564102564102564,0.184432234432234,0.128388278388278,0.100915750915751,0.412820512820513
166773.411807,2595366.126422,0.0826916024935827,0.103410341034103,0.207187385405207,0.228089475614228,0.170700403373671,0.207920792079208
167273.411807,2595366.126422,0.0335164835164835,0.0793040293040293,0.0435897435897436,0.155494505494505,0.207142857142857,0.480952380952381
167773.411807,2595366.126422,0.05,0.167032967032967,0.000183150183150183,0.0860805860805861,0.116849816849817,0.57985347985348
168273.411807,2595366.126422,0.551155115511551,0.0207187385405207,0,0.0482214888155482,0.0716905023835717,0.308214154748808
168773.411807,2595366.126422,0.572344322344322,0.0252747252747253,0,0.0278388278388278,0.0534798534798535,0.321062271062271
169273.411807,2595366.126422,0.0945054945054945,0.117765567765568,0.000732600732600733,0.239010989010989,0.176556776556777,0.371428571428571
169773.411807,2595366.126422,0.0533553355335534,0.151998533186652,0,0.184268426842684,0.173450678401173,0.436927026035937
170273.411807,2595366.126422,0.0252747252747253,0.431684981684982,0,0.06996336996337,0.0626373626373626,0.41043956043956
170773.411807,2595366.126422,0.078021978021978,0.325091575091575,0,0.0716117216117216,0.0721611721611722,0.453113553113553
171273.411807,2595366.126422,0.0245691235790246,0.308764209754309,0,0.0748074807480748,0.0896589658965897,0.502200220022002
171773.411807,2595366.126422,0.0633699633699634,0.398717948717949,0.0382783882783883,0.0379120879120879,0.0813186813186813,0.38040293040293
172273.411807,2595366.126422,0.135714285714286,0.030952380952381,0,0.37985347985348,0.200732600732601,0.252747252747253
172773.411807,2595366.126422,0.0535386872020535,0.00825082508250825,0.00128346167950128,0.734140080674734,0.147414741474147,0.0553722038870554
173273.411807,2595366.126422,0.142422566371681,0.0113384955752212,0,0.472345132743363,0.152654867256637,0.221238938053097
161773.411807,2594866.126422,0.209976159911975,0.0397946084724005,0.19603887768201,0.194388410049514,0.0893086374472767,0.270493306436824
162273.411807,2594866.126422,0.0263881253435954,0.10536925050394,0.028587135788895,0.267546270844786,0.188198643943559,0.383910573575224
162773.411807,2594866.126422,0.0110111947146265,0.065149568728207,0.100568911726922,0.449807304092494,0.158377683978712,0.215085336759038
163773.411807,2594866.126422,0,0.000549752611324904,0.48653106102254,0.512919186366135,0,0
164273.411807,2594866.126422,0.000367039823820885,0.0445953385942375,0.743622683061112,0.19086070838686,0.00293631859056708,0.0176179115434025
164773.411807,2594866.126422,0.0110031175499725,0.158078122134605,0.567760865578581,0.102512378507244,0.0502475701448744,0.110397946084724
165273.411807,2594866.126422,0.0274876305662452,0.15356422943009,0.369433754810335,0.042147700201576,0.0984057174271578,0.308960967564596
165773.411807,2594866.126422,0.231235089007157,0.0332171040557901,0.26573683244632,0.0559735731326849,0.0807487612405946,0.333088640117453
166273.411807,2594866.126422,0.0739042728773152,0.0757381258023107,0.305153126719237,0.226847606821933,0.131670640014671,0.186686227764533
166773.411807,2594866.126422,0.0108118013560564,0.0678028220634048,0.335715594649075,0.320322521531977,0.174638079530878,0.0907091808686091
167273.411807,2594866.126422,0.0390897412369242,0.076344283354744,0.0546889337493118,0.146448889704533,0.189209029179666,0.494219122774821
167773.411807,2594866.126422,0.0570328259673574,0.0540986612873648,0.090408949202274,0.166880616174583,0.198606271777003,0.432972675591418
168273.411807,2594866.126422,0.0848451530144768,0.0723840938244457,0.011544804837823,0.0773318673263698,0.206157229246839,0.547736851750046
168773.411807,2594866.126422,0.0354193429987154,0.182969352174711,0.101853551110295,0.0862543585979079,0.109010827674803,0.484492567443568
169273.411807,2594866.126422,0.0469466348798826,0.117916743077205,0.111498257839721,0.104713002017238,0.167430772052081,0.451494590133871
169773.411807,2594866.126422,0.0311526479750779,0.263881253435954,0.0104452996151732,0.0412314458493678,0.125160344511636,0.528129008612791
170273.411807,2594866.126422,0.0183519911910442,0.339695356946229,0.00917599559552211,0.026977427050835,0.100752431638833,0.505046797577537
170773.411807,2594866.126422,0.0643682376673391,0.175683110214561,0.00586832935998533,0.101595452044746,0.120484137172199,0.53200073354117
171273.411807,2594866.126422,0.0593732820230896,0.10536925050394,0.00586402785413231,0.143302180685358,0.12222833058457,0.56386292834891
171773.411807,2594866.126422,0.118737383006056,0.100935951550743,0.0546889337493118,0.0831345200954303,0.150119287942742,0.492383923655717
172273.411807,2594866.126422,0.0445626260773886,0.406565193471484,0.0110031175499725,0.0148542086924629,0.0350265908674124,0.48798826334128
172773.411807,2594866.126422,0.0676195711929632,0.0982224665567161,0,0.351108667766172,0.153747480300531,0.329301814183617
173273.411807,2594866.126422,0.0720620842572062,0.407150776053215,0,0.0379711751662971,0.0756651884700665,0.407150776053215
163773.411807,2594366.126422,0,0.0010989010989011,0.974542124542125,0.0241758241758242,0.000183150183150183,0
164273.411807,2594366.126422,0.00055045871559633,0.0108256880733945,0.944220183486238,0.026605504587156,0.00807339449541284,0.00972477064220183
164773.411807,2594366.126422,0,0.104934874334984,0.617134470739314,0.212988442487617,0.028251696936342,0.0366905155017428
165273.411807,2594366.126422,0.026007326007326,0.154212454212454,0.494322344322344,0.170695970695971,0.0631868131868132,0.0915750915750916
165773.411807,2594366.126422,0.0686238532110092,0.0141284403669725,0.637798165137615,0.0436697247706422,0.0541284403669725,0.181651376146789
166273.411807,2594366.126422,0.0150431113557145,0.0381581361218125,0.362869198312236,0.285635663181068,0.100898917629793,0.197394973399376
166773.411807,2594366.126422,0.00714285714285714,0.100915750915751,0.548168498168498,0.177106227106227,0.0994505494505494,0.0672161172161172
167273.411807,2594366.126422,0.0104587155963303,0.121284403669725,0.484036697247706,0.160733944954128,0.116146788990826,0.107339449541284
167773.411807,2594366.126422,0.0372408732342689,0.0638414969730325,0.21537332599523,0.29095578792882,0.138690148596588,0.25389836727206
168273.411807,2594366.126422,0.0194139194139194,0.0747252747252747,0.206593406593407,0.246153846153846,0.121428571428571,0.331684981684982
168773.411807,2594366.126422,0.0273394495412844,0.212293577981651,0.0990825688073395,0.133577981651376,0.0812844036697248,0.446422018348624
169273.411807,2594366.126422,0.0232984773436067,0.247477527059255,0.0642084021280499,0.0469638598422308,0.105668684645019,0.512383048981838
169773.411807,2594366.126422,0.0181318681318681,0.533150183150183,0.0423076923076923,0.0684981684981685,0.0446886446886447,0.293223443223443
170273.411807,2594366.126422,0.0289908256880734,0.545504587155963,0.0601834862385321,0.0245871559633028,0.0554128440366972,0.285321100917431
170773.411807,2594366.126422,0.0210970464135021,0.31241973949734,0.135754907356448,0.106585947532563,0.13979086406164,0.284351495138507
171273.411807,2594366.126422,0.0714285714285714,0.172893772893773,0.0413919413919414,0.126373626373626,0.166849816849817,0.421062271062271
171773.411807,2594366.126422,0.0627522935779816,0.322018348623853,0.048256880733945,0.0737614678899083,0.0629357798165138,0.430275229357798
172273.411807,2594366.126422,0.0552192258301229,0.162538983672721,0.0278847917813245,0.299394606494221,0.158136121812511,0.296826270409099
172773.411807,2594366.126422,0.0463369963369963,0.242124542124542,0.00494505494505494,0.231318681318681,0.151831501831502,0.323443223443223
173273.411807,2594366.126422,0.00941828254847645,0.267036011080332,0.0121883656509695,0.165927977839335,0.0662049861495845,0.479224376731302
163773.411807,2593866.126422,0.00385038503850385,0.0559222588925559,0.542720938760543,0.317565089842318,0.0575724239090576,0.0223689035570224
164273.411807,2593866.126422,0.0032967032967033,0.0271062271062271,0.754578754578755,0.167399267399267,0.00934065934065934,0.0382783882783883
164773.411807,2593866.126422,0.00586080586080586,0.00952380952380952,0.845421245421245,0.0996336996336996,0.0183150183150183,0.0212454212454212
165273.411807,2593866.126422,0.0174184085075174,0.0143014301430143,0.612577924459113,0.218005133846718,0.0392372570590392,0.0984598459845985
165773.411807,2593866.126422,0.00622710622710623,0.0377289377289377,0.724908424908425,0.158241758241758,0.0642857142857143,0.00860805860805861
166273.411807,2593866.126422,0.0131868131868132,0.131868131868132,0.341941391941392,0.317765567765568,0.116300366300366,0.0789377289377289
166773.411807,2593866.126422,0.0122845617895123,0.0841584158415842,0.281444811147781,0.339017235056839,0.117895122845618,0.165199853318665
167273.411807,2593866.126422,0.0106227106227106,0.111172161172161,0.403113553113553,0.143040293040293,0.184432234432234,0.147619047619048
167773.411807,2593866.126422,0.0241758241758242,0.15970695970696,0.307326007326007,0.103663003663004,0.184981684981685,0.22014652014652
168273.411807,2593866.126422,0.0234690135680235,0.107994132746608,0.0650898423175651,0.110927759442611,0.127979464613128,0.564539787312065
168773.411807,2593866.126422,0.00311355311355311,0.132967032967033,0.235714285714286,0.312820512820513,0.176556776556777,0.138827838827839
169273.411807,2593866.126422,0.0148351648351648,0.229120879120879,0.21043956043956,0.188278388278388,0.121978021978022,0.235347985347985
169773.411807,2593866.126422,0.0126512651265127,0.465346534653465,0,0.0524385771910524,0.0562889622295563,0.413274660799413
170273.411807,2593866.126422,0.0184981684981685,0.53974358974359,0,0.122344322344322,0.0542124542124542,0.265201465201465
170773.411807,2593866.126422,0.0567765567765568,0.462087912087912,0.0126373626373626,0.0271062271062271,0.0754578754578755,0.365934065934066
171273.411807,2593866.126422,0.0462046204620462,0.24000733406674,0.0111844517785112,0.188302163549688,0.231756508984232,0.282544921158783
171773.411807,2593866.126422,0.0432234432234432,0.458608058608059,0.000183150183150183,0.0626373626373626,0.106959706959707,0.328388278388278
172273.411807,2593866.126422,0.109340659340659,0.364652014652015,0.0175824175824176,0.0148351648351648,0.111721611721612,0.381868131868132
172773.411807,2593866.126422,0.119361936193619,0.167216721672167,0.00055005500550055,0.276494316098277,0.120645397873121,0.315731573157316
173273.411807,2593866.126422,0.0984513274336283,0.150719026548673,0.0165929203539823,0.0423119469026549,0.043141592920354,0.648783185840708
163273.411807,2593366.126422,0,0.0121034293049697,0.779754263708051,0.14414083990464,0.0564826700898588,0.0075187969924812
163773.411807,2593366.126422,0.00696353307678211,0.0542422576507238,0.565145684442001,0.228513835440718,0.0637713029136888,0.0813633864760858
164273.411807,2593366.126422,0.00679023674068636,0.152872086621398,0.415305560653331,0.128280418425399,0.0546889337493118,0.242062763809873
164773.411807,2593366.126422,0.00770218228498074,0.1201173665872,0.545021089308637,0.230331927379424,0.0612506876948469,0.0355767467449111
165273.411807,2593366.126422,0.0166758292101887,0.146783947223749,0.466739967014843,0.193512919186366,0.109950522264981,0.0663368150998717
165773.411807,2593366.126422,0.0181684712791338,0.0963479537529822,0.370893741971004,0.204441181868233,0.164617360983667,0.145531290144981
166273.411807,2593366.126422,0.0607005318173482,0.102879149092243,0.123051531267192,0.267192371171832,0.162295983862094,0.28388043278929
166773.411807,2593366.126422,0.0295033901411032,0.103719992669965,0.169140553417629,0.187465640461792,0.129191863661352,0.380978559648158
167273.411807,2593366.126422,0.0271609469627455,0.19086070838686,0.0545054138374014,0.0919434758671316,0.090475316571848,0.545054138374014
167773.411807,2593366.126422,0.0278745644599303,0.179167430772052,0.142673757564643,0.1599119750596,0.214744177516963,0.275628094626811
168273.411807,2593366.126422,0.00641378046545721,0.279274326553051,0.12332783580722,0.0958402052409749,0.182151365218985,0.312992486714312
168773.411807,2593366.126422,0.0152321526885667,0.353826390163333,0.0469810974490732,0.0972655533125344,0.1616810423931,0.325013763993393
