"x","y","forest","agri","water","built","other","grass"
161773.411807,2544366.126422,0.0734717868338558,0.0423197492163009,0.598354231974922,0.174373040752351,0.0199843260188088,0.0914968652037618
162273.411807,2544366.126422,0.177254901960784,0.119803921568627,0.178235294117647,0.125098039215686,0.046078431372549,0.353529411764706
162773.411807,2544366.126422,0.088166144200627,0.230799373040752,0.0146943573667712,0.246865203761755,0.11814263322884,0.301332288401254
163273.411807,2544366.126422,0.0331112852664577,0.197884012539185,0.165948275862069,0.35403605015674,0.0738636363636364,0.175156739811912
163773.411807,2544366.126422,0.114117647058824,0.199019607843137,0.0637254901960784,0.338235294117647,0.118627450980392,0.166274509803922
164273.411807,2544366.126422,0.0452586206896552,0.0448667711598746,0.189067398119122,0.602272727272727,0.108934169278997,0.00960031347962382
164773.411807,2544366.126422,0.0685736677115987,0.0391849529780564,0.0158699059561129,0.804271159874608,0.0564263322884013,0.0156739811912226
165273.411807,2544366.126422,0.042156862745098,0.0543137254901961,0.0584313725490196,0.767647058823529,0.0535294117647059,0.023921568627451
165773.411807,2544366.126422,0.0405564263322884,0.0619122257053292,0.0724921630094044,0.723942006269592,0.0436912225705329,0.0574059561128527
166273.411807,2544366.126422,0.105995297805643,0.0440830721003135,0.0499608150470219,0.71551724137931,0.0540752351097179,0.0303683385579937
166773.411807,2544366.126422,0.0625490196078431,0.0690196078431373,0.0135294117647059,0.76843137254902,0.0554901960784314,0.0309803921568627
167273.411807,2544366.126422,0.0501567398119122,0.0221394984326019,0.00293887147335423,0.851097178683386,0.0613244514106583,0.0123432601880878
167773.411807,2544366.126422,0.0225313479623824,0.0129310344827586,0,0.916144200626959,0.0440830721003135,0.00431034482758621
168273.411807,2544366.126422,0.0847058823529412,0.0468627450980392,0,0.807647058823529,0.0362745098039216,0.0245098039215686
168773.411807,2544366.126422,0.0934561128526646,0.0352664576802508,0.00195924764890282,0.777037617554859,0.0726880877742947,0.0195924764890282
169273.411807,2544366.126422,0.0975705329153605,0.0817006269592477,0.000587774294670846,0.692006269592476,0.0826802507836991,0.0454545454545455
169773.411807,2544366.126422,0.52156862745098,0.0890196078431373,0,0.130392156862745,0.0754901960784314,0.183529411764706
170273.411807,2544366.126422,0.31935736677116,0.159090909090909,0.000587774294670846,0.180054858934169,0.133816614420063,0.207092476489028
170773.411807,2544366.126422,0.138322884012539,0.0421238244514107,0.000391849529780564,0.725705329153605,0.0595611285266458,0.0338949843260188
171273.411807,2544366.126422,0.0550980392156863,0.0374509803921569,0.000588235294117647,0.83843137254902,0.0570588235294118,0.0113725490196078
171773.411807,2544366.126422,0.197688087774295,0.0538793103448276,0.000195924764890282,0.571708463949843,0.0442789968652038,0.13224921630094
172273.411807,2544366.126422,0.152037617554859,0.102860501567398,0,0.61148119122257,0.0946316614420063,0.0389890282131661
172773.411807,2544366.126422,0.116862745098039,0.107058823529412,0,0.593137254901961,0.11078431372549,0.072156862745098
162273.411807,2543866.126422,0.0919919369617006,0.229246838922485,0.0820963899578523,0.104452996151732,0.0335349092908191,0.458676928715411
162773.411807,2543866.126422,0.0644154890805652,0.210680858873188,0.0645990089924757,0.351073591484676,0.114883464855937,0.194347586713158
163273.411807,2543866.126422,0.0286081056299285,0.109114249037227,0.371538602604071,0.376306620209059,0.0471300201723822,0.0673024023473317
163773.411807,2543866.126422,0.0982224665567161,0.105552501374382,0.190031152647975,0.36210371999267,0.081729888216969,0.162360271211288
164273.411807,2543866.126422,0.11194714626537,0.0994677922554597,0.00679023674068636,0.606349788952101,0.102037071022206,0.0734079647641769
164773.411807,2543866.126422,0.158444892719604,0.115165963689712,0,0.420685860993948,0.0618008435723455,0.24390243902439
165273.411807,2543866.126422,0.0428807036833425,0.0324354040681693,0.000916254352208173,0.857430822796408,0.0344511636430273,0.0318856514568444
165773.411807,2543866.126422,0.0679023674068636,0.0673518076711323,0.000183519911910442,0.711139658652964,0.100752431638833,0.0526702147182969
166273.411807,2543866.126422,0.0931597285897671,0.0794058316523015,0,0.602970841738493,0.120667522464698,0.103796075554741
166773.411807,2543866.126422,0.0731170973062122,0.175920835623969,0,0.492944841487997,0.0947407000183251,0.163276525563496
167273.411807,2543866.126422,0.0242246283721784,0.0357863828225362,0.108276748027161,0.785465222976693,0.038172141677372,0.00807487612405946
167773.411807,2543866.126422,0.0225563909774436,0.00641848523748395,0.00238400880249404,0.94003300935265,0.0286081056299285,0
168273.411807,2543866.126422,0.030602895363753,0.0185083379146051,0,0.930731170973062,0.0185083379146051,0.00164925783397471
168773.411807,2543866.126422,0.051018535511103,0.036520462470178,0.00293631859056708,0.877225178931914,0.0231235089007157,0.00917599559552211
169273.411807,2543866.126422,0.110214560792224,0.0698697964423253,0.000366770584999083,0.73207408765817,0.066385475884834,0.0210893086374473
169773.411807,2543866.126422,0.192413413963716,0.0767821147150449,0,0.541689573025472,0.129558365402236,0.0595565328935312
170273.411807,2543866.126422,0.337676637915214,0.087538997981281,0,0.381354376949899,0.115066984767847,0.0783630023857589
170773.411807,2543866.126422,0.0511644966073721,0.0491472583898771,0,0.757931413900605,0.0687694846873281,0.0729873464148175
171273.411807,2543866.126422,0.0355506688656771,0.0489279824079164,0.000183250870441635,0.783214220267546,0.0364669232178853,0.0956569543705333
171773.411807,2543866.126422,0.189392549091576,0.253808038172142,0,0.120939621948981,0.0631308496971921,0.372728941090108
172273.411807,2543866.126422,0.232715936181918,0.299284797359252,0,0.206858609939483,0.109847790207225,0.151292866312122
172773.411807,2543866.126422,0.229430089792927,0.253985706432106,0,0.260216236027121,0.0921751878321422,0.164192779915705
162773.411807,2543366.126422,0.0609174311926605,0.0884403669724771,0.288440366972477,0.393211009174312,0.0295412844036697,0.139449541284404
163273.411807,2543366.126422,0.00165107319757843,0.0458631443771785,0.409099247844432,0.50926435516419,0.023115024766098,0.0110071546505228
163773.411807,2543366.126422,0.422161172161172,0.0600732600732601,0.000183150183150183,0.226923076923077,0.0578754578754579,0.232783882783883
164273.411807,2543366.126422,0.0873394495412844,0.0954128440366973,0,0.582568807339449,0.118165137614679,0.11651376146789
164773.411807,2543366.126422,0.0612731608879105,0.0445789763346175,0.00201797835259585,0.790130251330031,0.0559530361401578,0.0460465969546872
165273.411807,2543366.126422,0.0838827838827839,0.0736263736263736,0.01996336996337,0.700549450549451,0.0730769230769231,0.0489010989010989
165773.411807,2543366.126422,0.0440366972477064,0.0467889908256881,0.0119266055045872,0.824036697247706,0.0495412844036697,0.0236697247706422
166273.411807,2543366.126422,0.113006787745368,0.0425609979820216,0,0.631443771784994,0.0774169877086773,0.13557145477894
166773.411807,2543366.126422,0.101831501831502,0.0565934065934066,0.0296703296703297,0.683882783882784,0.0789377289377289,0.0490842490842491
167273.411807,2543366.126422,0.0434862385321101,0.0104587155963303,0.00311926605504587,0.902752293577982,0.0251376146788991,0.015045871559633
167773.411807,2543366.126422,0.0583379196477711,0.032104201064025,0.000366905155017428,0.845532929737663,0.0398092093193909,0.0238488350761328
168273.411807,2543366.126422,0.194505494505495,0.0578754578754579,0.000183150183150183,0.616666666666667,0.0813186813186813,0.0494505494505494
168773.411807,2543366.126422,0.0847706422018349,0.0236697247706422,0,0.848807339449541,0.0348623853211009,0.00788990825688073
169273.411807,2543366.126422,0.140157769216657,0.0521005320124748,0.000183452577508714,0.776187855439369,0.0251330031186938,0.00623738763529628
169773.411807,2543366.126422,0.153296703296703,0.0945054945054945,0,0.643223443223443,0.0710622710622711,0.0379120879120879
170273.411807,2543366.126422,0.117798165137615,0.0965137614678899,0.00018348623853211,0.621100917431193,0.0955963302752294,0.0688073394495413
170773.411807,2543366.126422,0.0198128783709411,0.00697119794533113,0.000366905155017428,0.93725921849202,0.0332049165290772,0.00238488350761328
171273.411807,2543366.126422,0.0732600732600733,0.0970695970695971,0.000915750915750916,0.655677655677656,0.0501831501831502,0.122893772893773
171773.411807,2543366.126422,0.0220183486238532,0.118348623853211,0.00036697247706422,0.753577981651376,0.023302752293578,0.0823853211009174
172273.411807,2543366.126422,0.145110988809393,0.199229499174463,0.000183452577508714,0.512016143826821,0.0676940011007155,0.0757659145110989
172773.411807,2543366.126422,0.181318681318681,0.145054945054945,0,0.513736263736264,0.0831501831501831,0.0767399267399267
163273.411807,2542866.126422,0.411904761904762,0.103846153846154,0.0556776556776557,0.0375457875457875,0.0212454212454212,0.36978021978022
163773.411807,2542866.126422,0.167766776677668,0.131829849651632,0.287495416208288,0.169233590025669,0.0339200586725339,0.20975430876421
164273.411807,2542866.126422,0.236263736263736,0.110622710622711,0.0377289377289377,0.371062271062271,0.0871794871794872,0.157142857142857
164773.411807,2542866.126422,0.114835164835165,0.138461538461538,0,0.422344322344322,0.0992673992673993,0.225091575091575
165273.411807,2542866.126422,0.117161716171617,0.112577924459113,0.0196186285295196,0.546571323799047,0.0953428676200953,0.108727539420609
165773.411807,2542866.126422,0.117948717948718,0.0967032967032967,0.000366300366300366,0.462271062271062,0.162454212454212,0.16025641025641
166273.411807,2542866.126422,0.102930402930403,0.131868131868132,0.0206959706959707,0.492490842490843,0.112454212454212,0.13956043956044
166773.411807,2542866.126422,0.03997066373304,0.0126512651265127,0.0124679134580125,0.915658232489916,0.0115511551155116,0.0077007700770077
167273.411807,2542866.126422,0.225457875457875,0.0371794871794872,0,0.618131868131868,0.0467032967032967,0.0725274725274725
167773.411807,2542866.126422,0.0483516483516484,0.0353479853479853,0.00183150183150183,0.833882783882784,0.0666666666666667,0.0139194139194139
168273.411807,2542866.126422,0.234140080674734,0.0575724239090576,0,0.517051705170517,0.0942427576090942,0.096993032636597
168773.411807,2542866.126422,0.430952380952381,0.155677655677656,0,0.275091575091575,0.0454212454212454,0.0928571428571429
169273.411807,2542866.126422,0.0335164835164835,0.0232600732600733,0,0.912637362637363,0.0172161172161172,0.0133699633699634
169773.411807,2542866.126422,0.106160616061606,0.0625229189585625,0,0.778144481114778,0.0418041804180418,0.0113678034470114
170273.411807,2542866.126422,0.0840659340659341,0.0549450549450549,0.000366300366300366,0.791575091575092,0.0375457875457875,0.0315018315018315
170773.411807,2542866.126422,0.0208791208791209,0.0120879120879121,0.000366300366300366,0.931501831501832,0.0302197802197802,0.00494505494505494
171273.411807,2542866.126422,0.052988632196553,0.044004400440044,0,0.863219655298863,0.0331866519985332,0.0066006600660066
171773.411807,2542866.126422,0.0192307692307692,0.0333333333333333,0,0.894505494505495,0.0415750915750916,0.0113553113553114
172273.411807,2542866.126422,0.0538461538461538,0.08003663003663,0,0.748901098901099,0.0842490842490843,0.032967032967033
172773.411807,2542866.126422,0.176751008434177,0.107627429409608,0.00055005500550055,0.547121378804547,0.0801246791345801,0.0878254492115878
163773.411807,2542366.126422,0.48433205057724,0.0700018325087044,0.102986989188199,0.0317024005864028,0.0569910207073484,0.253985706432106
164273.411807,2542366.126422,0.248669480638649,0.0194531106625069,0.587997797761057,0.0715727656450725,0.0100935951550743,0.0622132501376399
164773.411807,2542366.126422,0.258206491839354,0.205208142306987,0.0458463231248854,0.180451127819549,0.0337428938199156,0.276545021089309
165273.411807,2542366.126422,0.12662635147517,0.0690855781564962,0.140370166758292,0.521898479017775,0.0406816932380429,0.101337731354224
165773.411807,2542366.126422,0.187373830060562,0.058909891723252,0.0570746926041475,0.524683428151954,0.07469260414755,0.0972655533125344
166273.411807,2542366.126422,0.0469466348798826,0.0317256556024207,0.004401247019989,0.848523748395379,0.0612506876948469,0.00715202640748212
166773.411807,2542366.126422,0.0410481949789262,0.0133773135422393,0.000366501740883269,0.912772585669782,0.0269378779549203,0.00549752611324904
167273.411807,2542366.126422,0.0167003119838502,0.00330335841438796,0,0.952835382639016,0.0225729491649844,0.00458799779776106
167773.411807,2542366.126422,0.0940766550522648,0.0359435173299101,0.000733541169998166,0.768934531450578,0.0784889051898038,0.0218228498074454
168273.411807,2542366.126422,0.158145501191131,0.102620487447315,0,0.433021806853583,0.159428257284222,0.146783947223749
168773.411807,2542366.126422,0.134336575518444,0.066801247935401,0,0.63919985318407,0.0759772435309231,0.0836850798311617
169273.411807,2542366.126422,0.155143957454612,0.0964606638547588,0.00201723821749496,0.699431505593251,0.0121034293049697,0.0348432055749129
169773.411807,2542366.126422,0.134139637163277,0.118380062305296,0,0.672897196261682,0.0386659336631849,0.0359171706065604
170273.411807,2542366.126422,0.119471462653698,0.0943292347219673,0.000734079647641769,0.700495503762158,0.0499174160396403,0.0350523031748945
170773.411807,2542366.126422,0.0227397762699432,0.0154043645699615,0.004401247019989,0.910141206675225,0.0392444525949019,0.00806895286997983
171273.411807,2542366.126422,0.0562580172255818,0.0370166758292102,0.000183250870441635,0.857247571925967,0.0406816932380429,0.00861279091075683
171773.411807,2542366.126422,0.0559735731326849,0.0447788585061479,0.000367039823820885,0.820517526151587,0.0574417324279684,0.0209212699577904
172273.411807,2542366.126422,0.109481019622226,0.0902255639097744,0,0.545938015771135,0.136255272327159,0.118100128369705
172773.411807,2542366.126422,0.15136521898479,0.0751328568810702,0,0.59080080630383,0.120945574491479,0.0617555433388309
163773.411807,2541866.126422,0.447252747252747,0.0981684981684982,0,0.0382783882783883,0.0924908424908425,0.323809523809524
164273.411807,2541866.126422,0.266605504587156,0.118348623853211,0.414128440366972,0.0273394495412844,0.0502752293577982,0.123302752293578
164773.411807,2541866.126422,0,0,0.994679875252247,0.00532012474775271,0,0
165273.411807,2541866.126422,0.00402930402930403,0.00128205128205128,0.759523809523809,0.230952380952381,0.00421245421245421,0
165773.411807,2541866.126422,0.0168807339449541,0.00972477064220183,0.00128440366972477,0.914311926605505,0.0576146788990826,0.00018348623853211
166273.411807,2541866.126422,0.120344890845716,0.0355898000366905,0,0.690698954320308,0.0790680609062557,0.0742982938910292
166773.411807,2541866.126422,0.0509157509157509,0.0217948717948718,0.000183150183150183,0.865018315018315,0.0545787545787546,0.00750915750915751
167273.411807,2541866.126422,0.024954128440367,0.0165137614678899,0.00018348623853211,0.913211009174312,0.0412844036697248,0.00385321100917431
167773.411807,2541866.126422,0.0752155567785727,0.105301779490002,0,0.666116308934141,0.091726288754357,0.0616400660429279
168273.411807,2541866.126422,0.395421245421245,0.0811355311355311,0,0.219230769230769,0.141575091575092,0.162637362637363
168773.411807,2541866.126422,0.329174311926606,0.102752293577982,0,0.11743119266055,0.110091743119266,0.340550458715596
169273.411807,2541866.126422,0.165107319757843,0.0900752155567786,0.000183452577508714,0.583746101632728,0.0919097413318657,0.0689781691432765
169773.411807,2541866.126422,0.198901098901099,0.0998168498168498,0,0.554029304029304,0.032967032967033,0.114285714285714
170273.411807,2541866.126422,0.0759633027522936,0.033394495412844,0.00073394495412844,0.850091743119266,0.0203669724770642,0.0194495412844037
170773.411807,2541866.126422,0.0416437350944781,0.0143093010456797,0.00110071546505228,0.900568702990277,0.0335718216840947,0.00880572372041827
171273.411807,2541866.126422,0.112271062271062,0.052014652014652,0,0.721794871794872,0.0686813186813187,0.0452380952380952
171773.411807,2541866.126422,0.0842201834862385,0.068256880733945,0,0.667155963302752,0.107155963302752,0.0732110091743119
172273.411807,2541866.126422,0.252063841496973,0.139423958906623,0,0.323243441570354,0.153916712529811,0.131352045496239
172773.411807,2541866.126422,0.0567765567765568,0.0774725274725275,0,0.683699633699634,0.0987179487179487,0.0833333333333333
163273.411807,2541366.126422,0.000732600732600733,0.0457875457875458,0.796886446886447,0.111538461538462,0.00787545787545788,0.0371794871794872
163773.411807,2541366.126422,0.0473047304730473,0.115511551155116,0.267143381004767,0.0735240190685735,0.0113678034470114,0.485148514851485
164273.411807,2541366.126422,0.0813186813186813,0.0833333333333333,0.422893772893773,0.175824175824176,0.0272893772893773,0.209340659340659
164773.411807,2541366.126422,0,0,0.903113553113553,0.0968864468864469,0,0
165273.411807,2541366.126422,0.0157682434910158,0.0190685735240191,0.354602126879355,0.579024569123579,0.0287862119545288,0.00275027502750275
165773.411807,2541366.126422,0.00805860805860806,0.0144688644688645,0.010989010989011,0.918498168498168,0.047985347985348,0
166273.411807,2541366.126422,0.0333333333333333,0.093956043956044,0,0.789010989010989,0.0758241758241758,0.00787545787545788
166773.411807,2541366.126422,0.0346534653465347,0.0232856618995233,0,0.824899156582325,0.104327099376604,0.0128346167950128
167273.411807,2541366.126422,0.0197802197802198,0.0404761904761905,0.000732600732600733,0.802380952380952,0.0985347985347985,0.0380952380952381
167773.411807,2541366.126422,0.131684981684982,0.348717948717949,0,0.0463369963369963,0.0461538461538462,0.427106227106227
168273.411807,2541366.126422,0.424275760909424,0.0852585258525853,0,0.0502383571690502,0.0647231389805647,0.375504217088376
168773.411807,2541366.126422,0.155677655677656,0.0862637362637363,0,0.452014652014652,0.151098901098901,0.154945054945055
169273.411807,2541366.126422,0.0250915750915751,0.013003663003663,0.000366300366300366,0.89010989010989,0.0666666666666667,0.00476190476190476
169773.411807,2541366.126422,0.0375870920425376,0.0766409974330766,0,0.550605060506051,0.0667400073340667,0.268426842684268
170273.411807,2541366.126422,0.263553113553114,0.0847985347985348,0.000549450549450549,0.219230769230769,0.0862637362637363,0.345604395604396
170773.411807,2541366.126422,0.0104395604395604,0.013003663003663,0.000732600732600733,0.933882783882784,0.0346153846153846,0.00732600732600733
171273.411807,2541366.126422,0.0205353868720205,0.0278694536120279,0,0.918775210854419,0.0203520352035204,0.0124679134580125
171773.411807,2541366.126422,0.0730769230769231,0.103663003663004,0,0.667399267399267,0.0745421245421245,0.0813186813186813
172273.411807,2541366.126422,0.187179487179487,0.121611721611722,0,0.467399267399267,0.114652014652015,0.109157509157509
172773.411807,2541366.126422,0.048038137147048,0.0757242390905757,0,0.628162816281628,0.109460946094609,0.138613861386139
162773.411807,2540866.126422,0,0,0.9420077078363,0.0579922921636998,0,0
163273.411807,2540866.126422,0,0,0.973409132587566,0.0265908674124335,0,0
163773.411807,2540866.126422,0,0,0.999816749129558,0.000183250870441635,0,0
164273.411807,2540866.126422,0.0502844558634612,0.115066984767847,0.375298219856854,0.237474766012112,0.0464305377133419,0.175445035786383
164773.411807,2540866.126422,0.0260407115349349,0.0275077938749312,0.246836603704383,0.530533651201174,0.022006235099945,0.147075004584632
165273.411807,2540866.126422,0.0584570276708814,0.0317024005864028,0.0131940626717977,0.783030969397105,0.0639545537841305,0.049660985889683
165773.411807,2540866.126422,0.0304643053771334,0.0335841438796109,0.000367039823820885,0.853734630207377,0.0715727656450725,0.0102771150669848
166273.411807,2540866.126422,0.112598569594719,0.0871080139372822,0,0.671190170548322,0.0964606638547588,0.0326425820649184
166773.411807,2540866.126422,0.0723840938244457,0.0661535642294301,0.000183250870441635,0.643210555250137,0.142752428074033,0.0753161077515118
167273.411807,2540866.126422,0.0324830244081483,0.0150486327766563,0.000183519911910442,0.876674619196183,0.0367039823820885,0.0389062213250138
167773.411807,2540866.126422,0.170181551439575,0.1998899688245,0,0.166147075004585,0.0872913992297818,0.376490005501559
168273.411807,2540866.126422,0.128275609309144,0.368517500458127,0,0.0317024005864028,0.07623236210372,0.395272127542606
168773.411807,2540866.126422,0.0849697192145348,0.114332905120206,0,0.140025692787667,0.153239126445219,0.507432556432373
169273.411807,2540866.126422,0.0407115349348982,0.00788556757748029,0,0.819365486887952,0.0485971025123785,0.0834403080872914
169773.411807,2540866.126422,0.0375664284405351,0.286237859629833,0,0.334982591167308,0.0661535642294301,0.275059556532894
170273.411807,2540866.126422,0.446870985501927,0.0723068452927143,0.000367039823820885,0.00991007524316388,0.0346852633510736,0.4358597907873
170773.411807,2540866.126422,0.0524481936548689,0.107463781404731,0.000733541169998166,0.694663487988263,0.0808729139922978,0.0638180817898405
171273.411807,2540866.126422,0.0106285504856148,0.0163093274693055,0.000366501740883269,0.93054792010262,0.0339014110317024,0.00824628916987356
171773.411807,2540866.126422,0.173242796843458,0.137823453844742,0,0.527986786566342,0.0855202789502661,0.0754266837951918
172273.411807,2540866.126422,0.490555657436274,0.0476801760498808,0,0.0286081056299285,0.0306253438474234,0.402530717036494
172773.411807,2540866.126422,0.0654205607476635,0.297782664467656,0.0238226131574125,0.106835257467473,0.0595565328935312,0.446582371266263
162773.411807,2540366.126422,0,0,0.966605504587156,0.033394495412844,0,0
163273.411807,2540366.126422,0,0,0.953036140157769,0.0469638598422308,0,0
164773.411807,2540366.126422,0.119427627958173,0.16125481563016,0,0.20399926618969,0.122362869198312,0.392955421023665
165273.411807,2540366.126422,0.0137362637362637,0.162820512820513,0.0457875457875458,0.26996336996337,0.0972527472527473,0.41043956043956
165773.411807,2540366.126422,0.0326605504587156,0.159266055045872,0.144587155963303,0.47302752293578,0.0638532110091743,0.126605504587156
166273.411807,2540366.126422,0.0618235186204366,0.062190423775454,0.0607228031553843,0.574390020179784,0.0909924784443221,0.149880755824619
166773.411807,2540366.126422,0.0695970695970696,0.0424908424908425,0.0225274725274725,0.750549450549451,0.0783882783882784,0.0364468864468864
167273.411807,2540366.126422,0.0163302752293578,0.0177981651376147,0.036697247706422,0.874862385321101,0.0385321100917431,0.0157798165137615
167773.411807,2540366.126422,0.28104934874335,0.129150614566135,0,0.0475142175747569,0.111722619702807,0.430563199412952
168273.411807,2540366.126422,0.0904761904761905,0.186813186813187,0,0.0785714285714286,0.0836996336996337,0.56043956043956
168773.411807,2540366.126422,0.00165137614678899,0.186422018348624,0,0.0623853211009174,0.189174311926605,0.560366972477064
169273.411807,2540366.126422,0.156118143459916,0.0425609979820216,0,0.0194459732159237,0.0742982938910292,0.70757659145111
169773.411807,2540366.126422,0.114102564102564,0.181868131868132,0,0.233333333333333,0.10970695970696,0.360989010989011
170273.411807,2540366.126422,0.271559633027523,0.0941284403669725,0.0100917431192661,0.21743119266055,0.164587155963303,0.242201834862385
170773.411807,2540366.126422,0.0854889011190607,0.224912860025683,0.000183452577508714,0.394789946798753,0.067327095945698,0.227297743533297
171273.411807,2540366.126422,0.0263736263736264,0.0214285714285714,0.000366300366300366,0.868498168498169,0.0441391941391941,0.0391941391941392
171773.411807,2540366.126422,0.209174311926606,0.0985321100917431,0,0.238348623853211,0.120733944954128,0.333211009174312
172273.411807,2540366.126422,0.107136305265089,0.136488717666483,0,0.195927352779307,0.165841130067877,0.394606494221244
172773.411807,2540366.126422,0.0706959706959707,0.276923076923077,0.00183150183150183,0.0945054945054945,0.0705128205128205,0.485531135531136
164773.411807,2539866.126422,0.0289377289377289,0.154945054945055,0,0.102747252747253,0.0824175824175824,0.630952380952381
165273.411807,2539866.126422,0.0223689035570224,0.191052438577191,0.0427209387605427,0.284195086175284,0.13953061972864,0.32013201320132
165773.411807,2539866.126422,0.0347985347985348,0.134249084249084,0.18003663003663,0.432051282051282,0.0723443223443224,0.146520146520147
166273.411807,2539866.126422,0.0487179487179487,0.117582417582418,0.229487179487179,0.272344322344322,0.0701465201465201,0.261721611721612
166773.411807,2539866.126422,0.154015401540154,0.0715071507150715,0.0203520352035204,0.372020535386872,0.0623395672900623,0.31976530986432
167273.411807,2539866.126422,0.0871794871794872,0.0989010989010989,0.000183150183150183,0.488644688644689,0.164652014652015,0.16043956043956
167773.411807,2539866.126422,0.136996336996337,0.1003663003663,0,0.0637362637362637,0.0948717948717949,0.604029304029304
168273.411807,2539866.126422,0.0698569856985699,0.196919691969197,0,0.0482214888155482,0.0726072607260726,0.612394572790612
168773.411807,2539866.126422,0.00402930402930403,0.245604395604396,0,0.0448717948717949,0.084981684981685,0.620512820512821
169273.411807,2539866.126422,0.188827838827839,0.0716117216117216,0,0.162271062271062,0.232051282051282,0.345238095238095
169773.411807,2539866.126422,0.1001100110011,0.0669233590025669,0.000183351668500183,0.354968830216355,0.11954528786212,0.358269160249358
170273.411807,2539866.126422,0.188827838827839,0.139010989010989,0,0.144505494505494,0.14047619047619,0.387179487179487
170773.411807,2539866.126422,0.0683150183150183,0.0510989010989011,0,0.61996336996337,0.113919413919414,0.146703296703297
171273.411807,2539866.126422,0.0687568756875688,0.162999633296663,0,0.279427942794279,0.113311331133113,0.375504217088376
171773.411807,2539866.126422,0.320512820512821,0.136630036630037,0,0.113553113553114,0.0717948717948718,0.357509157509158
172273.411807,2539866.126422,0.132600732600733,0.0606227106227106,0,0.222527472527473,0.156227106227106,0.428021978021978
172773.411807,2539866.126422,0.0784745141180785,0.0951595159515952,0.00458379171250458,0.187018701870187,0.123945727906124,0.510817748441511
165273.411807,2539366.126422,0.0304196444933113,0.222466556716144,0.127909107568261,0.175920835623969,0.110500274876306,0.332783580722008
165773.411807,2539366.126422,0.0260598274912828,0.206826940723068,0.308496971921453,0.222609653147366,0.0596439713708937,0.176362635345935
166273.411807,2539366.126422,0.105629928479736,0.194388410049514,0.207225380524482,0.273244085824317,0.0348432055749129,0.184668989547038
166773.411807,2539366.126422,0.250320689023273,0.0388491845336265,0,0.0295033901411032,0.053142752428074,0.628183983873923
167273.411807,2539366.126422,0.210313819049367,0.0829510001835199,0.000183519911910442,0.065149568728207,0.141677371994861,0.499724720132134
167773.411807,2539366.126422,0.11204841371722,0.092792958004768,0,0.0667522464698331,0.112231799009719,0.61617458279846
168273.411807,2539366.126422,0.0624885468205974,0.141103170240059,0,0.0535092541689573,0.0995052226498076,0.643393806120579
168773.411807,2539366.126422,0.000367039823820885,0.11213066617728,0,0.113598825472564,0.245182602312351,0.528720866213984
169273.411807,2539366.126422,0.238951036126903,0.0709701081973226,0,0.185585916009536,0.266458830001834,0.238034109664405
169773.411807,2539366.126422,0.188748396554884,0.0384826827927433,0,0.480850284038849,0.117830309693971,0.174088326919553
170273.411807,2539366.126422,0.419710038539181,0.0288126261699394,0,0.0886401174527436,0.1036887502294,0.359148467608736
170773.411807,2539366.126422,0.419402163946451,0.0302585732624244,0,0.108564093159729,0.0750045846323125,0.366770584999083
171273.411807,2539366.126422,0.561297416162727,0.0491112332783581,0,0.11214953271028,0.0705515851200293,0.206890232728605
171773.411807,2539366.126422,0.501192879427418,0.0396403009726555,0,0.0108276748027161,0.0411084602679391,0.407230684529271
172273.411807,2539366.126422,0.0740876581698148,0.105263157894737,0,0.255272327159362,0.161745827984596,0.403631028791491
172773.411807,2539366.126422,0.0700018325087044,0.0683525746747297,0.00109950522264981,0.205790727505956,0.174454828660436,0.480300531427524
165273.411807,2538866.126422,0.0227106227106227,0.146336996336996,0.0441391941391941,0.138461538461538,0.0846153846153846,0.563736263736264
165773.411807,2538866.126422,0.00532110091743119,0.204220183486239,0.13651376146789,0.267706422018349,0.0748623853211009,0.311376146788991
166273.411807,2538866.126422,0.0409099247844432,0.139423958906623,0.135388002201431,0.230599889928453,0.0519170794349661,0.401761144744084
166773.411807,2538866.126422,0.197619047619048,0.0838827838827839,0,0.0598901098901099,0.190842490842491,0.467765567765568
167273.411807,2538866.126422,0.232293577981651,0.0788990825688073,0,0.0495412844036697,0.0961467889908257,0.543119266055046
167773.411807,2538866.126422,0.144560631076867,0.0928270042194093,0.00366905155017428,0.126215373325995,0.123280132085856,0.509447807741699
168273.411807,2538866.126422,0.0694139194139194,0.112637362637363,0,0.0478021978021978,0.0673992673992674,0.702747252747253
168773.411807,2538866.126422,0,0.111009174311927,0,0.165688073394495,0.068256880733945,0.655045871559633
169273.411807,2538866.126422,0.0757659145110989,0.0469638598422308,0,0.512199596404329,0.131168592918731,0.23390203632361
169773.411807,2538866.126422,0.043040293040293,0.0340659340659341,0,0.663736263736264,0.141758241758242,0.117399267399267
170273.411807,2538866.126422,0.302935779816514,0.128256880733945,0,0.0198165137614679,0.0328440366972477,0.516146788990826
170773.411807,2538866.126422,0.61199779856907,0.0486149330398092,0,0,0,0.339387268391121
171273.411807,2538866.126422,0.58992673992674,0.0184981684981685,0,0.00183150183150183,0.0243589743589744,0.365384615384615
171773.411807,2538866.126422,0.295596330275229,0.035045871559633,0,0.000917431192660551,0.0359633027522936,0.632477064220183
172273.411807,2538866.126422,0.0416437350944781,0.204366171344707,0.010273344340488,0.0719134103834159,0.125665015593469,0.546138323243442
172773.411807,2538866.126422,0.08003663003663,0.143040293040293,0,0.144505494505494,0.0990842490842491,0.533333333333333
165273.411807,2538366.126422,0.0055005500550055,0.103593692702604,0.152915291529153,0.171067106710671,0.0617895122845618,0.505133846718005
165773.411807,2538366.126422,0.017032967032967,0.104761904761905,0.0223443223443223,0.535714285714286,0.0536630036630037,0.266483516483516
166273.411807,2538366.126422,0.160989010989011,0.134798534798535,0.0228937728937729,0.0657509157509158,0.131318681318681,0.484249084249084
166773.411807,2538366.126422,0.243674367436744,0.0836083608360836,0,0.0291529152915292,0.113311331133113,0.53025302530253
167273.411807,2538366.126422,0.175641025641026,0.0989010989010989,0,0.0836996336996337,0.156593406593407,0.485164835164835
167773.411807,2538366.126422,0.294139194139194,0.103113553113553,0,0.00915750915750916,0.0772893772893773,0.516300366300366
168273.411807,2538366.126422,0.0227356068940227,0.140630729739641,0,0.0588558855885589,0.0672900623395673,0.710487715438211
168773.411807,2538366.126422,0,0.134615384615385,0,0.143223443223443,0.0904761904761905,0.631684981684982
169273.411807,2538366.126422,0.137179487179487,0.0679487179487179,0.000549450549450549,0.0501831501831502,0.148351648351648,0.595787545787546
169773.411807,2538366.126422,0.241474147414741,0.0944261092775944,0,0.0526219288595526,0.115144847818115,0.496332966629996
170273.411807,2538366.126422,0.266300366300366,0.0840659340659341,0,0.178754578754579,0.115201465201465,0.355677655677656
170773.411807,2538366.126422,0.245970695970696,0.0586080586080586,0,0.00128205128205128,0.0137362637362637,0.68040293040293
171273.411807,2538366.126422,0.56013934726806,0.0168683535020169,0,0.0172350568390172,0.0366703337000367,0.369086908690869
171773.411807,2538366.126422,0.521245421245421,0.120512820512821,0,0.000183150183150183,0.00384615384615385,0.354212454212454
172273.411807,2538366.126422,0.0274725274725275,0.262454212454212,0,0.0553113553113553,0.0315018315018315,0.623260073260073
172773.411807,2538366.126422,0.367070040337367,0.0975430876420975,0,0.0971763843050972,0.0324532453245325,0.405757242390906
165773.411807,2537866.126422,0.0170673518076711,0.0893741971003854,0.0119287942741787,0.584327399522848,0.126445219306295,0.170857037988622
166273.411807,2537866.126422,0.128736475334678,0.107280396112232,0.000916926462497708,0.228864845039428,0.124335228314689,0.409866128736475
166773.411807,2537866.126422,0.233828110683526,0.0731170973062122,0,0.10646875572659,0.128825361920469,0.457760674363203
167273.411807,2537866.126422,0.217287575701964,0.108093228115251,0,0.10790970820334,0.175628555698293,0.391080932281152
167773.411807,2537866.126422,0.117549972492206,0.0968274344397579,0,0.103796075554741,0.150559325142124,0.531267192371172
168273.411807,2537866.126422,0.0443467106468756,0.170240058640279,0,0.0610225398570643,0.0831958951805021,0.641194795675279
168773.411807,2537866.126422,0,0.0345017434391632,0,0.0849697192145348,0.0774454028262066,0.803083134520095
169273.411807,2537866.126422,0.122317990097194,0.0397946084724005,0,0.0225563909774436,0.13607188703466,0.679259123418302
169773.411807,2537866.126422,0.156862745098039,0.0951072017592084,0,0.00733003481766538,0.0678028220634048,0.672897196261682
170273.411807,2537866.126422,0.116535144063131,0.131767296751698,0,0.0974490732244448,0.129748577720683,0.524499908240044
170773.411807,2537866.126422,0.296350632679259,0.114982578397213,0,0.0427287731523932,0.105996699064735,0.4399413167064
171273.411807,2537866.126422,0.335532343778633,0.0731170973062122,0,0.104086494410848,0.23089609675646,0.256367967747847
171773.411807,2537866.126422,0.236740686364471,0.123875940539549,0.009543035419343,0.181501192879427,0.0627638098733713,0.385575334923839
172273.411807,2537866.126422,0.121034293049697,0.072803961122318,0.000550155877498625,0.190537318907024,0.16816431322208,0.446909957821383
172773.411807,2537866.126422,0.0819131390874107,0.0956569543705333,0,0.292468389224849,0.129375114531794,0.400586402785413
165773.411807,2537366.126422,0.0504587155963303,0.148256880733945,0.00036697247706422,0.235779816513761,0.0858715596330275,0.479266055045872
166273.411807,2537366.126422,0.0999816547422491,0.117593102183086,0,0.274995413685562,0.114841313520455,0.392588515868648
166773.411807,2537366.126422,0.12014652014652,0.117948717948718,0,0.238095238095238,0.15952380952381,0.364285714285714
167273.411807,2537366.126422,0.128990825688073,0.147155963302752,0,0.093394495412844,0.113211009174312,0.517247706422018
167773.411807,2537366.126422,0.0887910475142176,0.19115758576408,0,0.00825536598789213,0.100532012474775,0.611263988259035
168273.411807,2537366.126422,0.0397435897435897,0.180952380952381,0,0.0437728937728938,0.0798534798534798,0.655677655677656
168773.411807,2537366.126422,0.00532110091743119,0.409908256880734,0,0.133577981651376,0.125137614678899,0.32605504587156
169273.411807,2537366.126422,0.208769033204917,0.0434782608695652,0,0.0427444505595304,0.0511832691249312,0.653824986241057
169773.411807,2537366.126422,0.246520146520147,0.0159340659340659,0,0.0032967032967033,0.0225274725274725,0.711721611721612
170273.411807,2537366.126422,0.211926605504587,0.0445871559633028,0.0926605504587156,0.10256880733945,0.0937614678899083,0.454495412844037
170773.411807,2537366.126422,0.24105668684645,0.0766831773986425,0.0174279948633278,0.108787378462667,0.190240322876536,0.365804439552376
171273.411807,2537366.126422,0.385897435897436,0.0738095238095238,0.00256410256410256,0.11996336996337,0.107326007326007,0.31043956043956
171773.411807,2537366.126422,0.223302752293578,0.187522935779817,0,0.105321100917431,0.0994495412844037,0.384403669724771
172273.411807,2537366.126422,0.0820033021463952,0.132085855806274,0,0.165290772335351,0.137039075399009,0.48358099431297
172773.411807,2537366.126422,0.0468864468864469,0.0675824175824176,0.000732600732600733,0.55970695970696,0.127289377289377,0.197802197802198
165773.411807,2536866.126422,0.0424908424908425,0.0899267399267399,0.000549450549450549,0.564468864468864,0.117948717948718,0.184615384615385
166273.411807,2536866.126422,0.0490842490842491,0.1503663003663,0,0.311721611721612,0.127106227106227,0.361721611721612
166773.411807,2536866.126422,0.0931426475980931,0.12009534286762,0.0099009900990099,0.248074807480748,0.17033370003667,0.358452511917858
167273.411807,2536866.126422,0.153479853479853,0.0952380952380952,0,0.0652014652014652,0.0600732600732601,0.626007326007326
167773.411807,2536866.126422,0.06996336996337,0.208791208791209,0.00146520146520147,0.0706959706959707,0.0783882783882784,0.570695970695971
168273.411807,2536866.126422,0.0542720938760543,0.204253758709204,0.0161349468280161,0.0414374770810414,0.061972863953062,0.621928859552622
168773.411807,2536866.126422,0.0305860805860806,0.189377289377289,0.0521978021978022,0.0452380952380952,0.0558608058608059,0.626739926739927
169273.411807,2536866.126422,0.108608058608059,0.165201465201465,0.0778388278388278,0.202564102564103,0.0928571428571429,0.352930402930403
169773.411807,2536866.126422,0.322332233223322,0.126329299596626,0.0207187385405207,0.0223689035570224,0.0938760542720939,0.414374770810414
170273.411807,2536866.126422,0.343406593406593,0.0598901098901099,0.00256410256410256,0.0695970695970696,0.0899267399267399,0.434615384615385
170773.411807,2536866.126422,0.304945054945055,0.0921245421245421,0.0122710622710623,0.172710622710623,0.0915750915750916,0.326373626373626
171273.411807,2536866.126422,0.0628896222955629,0.0931426475980931,0.174917491749175,0.256325632563256,0.146681334800147,0.266043270993766
171773.411807,2536866.126422,0.043040293040293,0.1503663003663,0.163186813186813,0.242307692307692,0.138461538461538,0.262637362637363
172273.411807,2536866.126422,0.0952380952380952,0.248534798534799,0,0,0.00293040293040293,0.653296703296703
172773.411807,2536866.126422,0.0194352768610194,0.0390539053905391,0.00201686835350202,0.784195086175284,0.0374037403740374,0.117895122845618
165773.411807,2536366.126422,0.0776289227381171,0.106808588731877,0.0387227014131033,0.432189392549092,0.114332905120206,0.230317489447605
166273.411807,2536366.126422,0.0159545204474601,0.017604988079956,0,0.879699248120301,0.0735375022923162,0.013203741059967
166773.411807,2536366.126422,0.0753161077515118,0.101520982224666,0.00109950522264981,0.406633681509987,0.160161260765989,0.255268462525197
167273.411807,2536366.126422,0.138924573316205,0.136722334373279,0.0306478252890439,0.300972655533125,0.123875940539549,0.268856670948798
167773.411807,2536366.126422,0.0535485054098661,0.133321107647167,0.103062534384742,0.391344214194022,0.0959105079772602,0.222813130386943
168273.411807,2536366.126422,0.043613707165109,0.0976727139453912,0.0555250137438153,0.204141469671981,0.0776983690672531,0.52134872640645
168773.411807,2536366.126422,0.0812993209763259,0.119471462653698,0.0212883097816113,0.130849697192145,0.0930445953385942,0.554046614057625
169273.411807,2536366.126422,0.0207225380524482,0.0830735375022923,0.205391527599487,0.531267192371172,0.0847240051347882,0.0748211993398129
169773.411807,2536366.126422,0.120579072750596,0.13450613890416,0.125160344511636,0.233095107201759,0.0965732087227414,0.290086127909108
170273.411807,2536366.126422,0.090475316571848,0.148467608735548,0.00770783630023858,0.366305744173243,0.121673701596623,0.2653697926225
170773.411807,2536366.126422,0.136622042912158,0.0634513112048414,0.0122868145974693,0.48817164863378,0.100311754997249,0.199156427654502
171273.411807,2536366.126422,0.0831958951805021,0.113065787062489,0.0864944108484515,0.155946490745831,0.148249954187282,0.413047461975444
