"x","y","forest","agri","water","built","other","grass"
198773.411807,2502366.126422,0.176775738228252,0.0776137270550678,0.00778132482043097,0.0448922585794094,0.0949720670391061,0.597964884277733
199273.411807,2502366.126422,0.0926739926739927,0.0575091575091575,0,0.00567765567765568,0.0276556776556777,0.816483516483516
199773.411807,2502366.126422,0.243674367436744,0.0372203887055372,0.00055005500550055,0.033003300330033,0.105427209387605,0.58012467913458
200273.411807,2502366.126422,0.329120879120879,0.0113553113553114,0,0.05,0.111721611721612,0.497802197802198
200773.411807,2502366.126422,0.315201465201465,0.0161172161172161,0.0168498168498168,0.126373626373626,0.170695970695971,0.354761904761905
201273.411807,2502366.126422,0.208654198753209,0.0119178584525119,0,0.206453978731206,0.299229922992299,0.273744041070774
201773.411807,2502366.126422,0.331868131868132,0.013003663003663,0.00476190476190476,0.0586080586080586,0.136996336996337,0.454761904761905
202273.411807,2502366.126422,0.434981684981685,0.00641025641025641,0.00201465201465201,0.065018315018315,0.142490842490842,0.349084249084249
202773.411807,2502366.126422,0.369270260359369,0.0106343967730106,0.00256692335900257,0.0364869820315365,0.127429409607627,0.453612027869454
203273.411807,2502366.126422,0.292857142857143,0.0221611721611722,0.0289377289377289,0.0628205128205128,0.184798534798535,0.408424908424908
203773.411807,2502366.126422,0.484798534798535,0.0043956043956044,0.0166666666666667,0.0336996336996337,0.0827838827838828,0.377655677655678
204273.411807,2502366.126422,0.435826916024936,0.0113678034470114,0,0.0124679134580125,0.0597726439310598,0.480564723138981
204773.411807,2502366.126422,0.221978021978022,0.0161172161172161,0,0.345054945054945,0.212820512820513,0.204029304029304
205273.411807,2502366.126422,0.18992673992674,0.0173992673992674,0,0.337179487179487,0.168864468864469,0.286630036630037
205773.411807,2502366.126422,0.553722038870554,0.00055005500550055,0,0.00476714338100477,0.0348368170150348,0.406123945727906
206273.411807,2502366.126422,0.38974358974359,0.000915750915750916,0,0.0153846153846154,0.0446886446886447,0.549267399267399
206773.411807,2502366.126422,0.458424908424908,0.0010989010989011,0,0.0573260073260073,0.0972527472527473,0.385897435897436
207273.411807,2502366.126422,0.325999266593326,0.0122845617895123,0,0.146314631463146,0.206637330399707,0.308764209754309
207773.411807,2502366.126422,0.516483516483517,0.0146520146520147,0,0.0102564102564103,0.0258241758241758,0.432783882783883
208273.411807,2502366.126422,0.207875457875458,0.0858974358974359,0,0,0.0144688644688645,0.691758241758242
208773.411807,2502366.126422,0.351668500183352,0.0623395672900623,0,0.0155848918225156,0.0295196186285295,0.540887422075541
209273.411807,2502366.126422,0.465384615384615,0,0.00384615384615385,0.0238095238095238,0.0377289377289377,0.469230769230769
209773.411807,2502366.126422,0.526007326007326,0.000915750915750916,0,0.00842490842490842,0.0333333333333333,0.431318681318681
210273.411807,2502366.126422,0.463146314631463,0.017968463513018,0,0.00898423175650898,0.0348368170150348,0.475064173083975
210773.411807,2502366.126422,0.429487179487179,0.0172161172161172,0,0.00915750915750916,0.0227106227106227,0.521428571428571
211273.411807,2502366.126422,0.351380042462845,0.0414012738853503,0,0.00106157112526539,0.00806794055201699,0.598089171974522
198773.411807,2501866.126422,0.129322406556066,0.27143713771737,0,0.0851489106536078,0.161902858285029,0.352188686787927
199273.411807,2501866.126422,0.112231799009719,0.0203557674674491,0.000366770584999083,0.0636346964973409,0.0634513112048414,0.73995965523565
199773.411807,2501866.126422,0.0579072750595565,0.190031152647975,0.0223566061938794,0.119846069268829,0.165109034267913,0.444749862561847
200273.411807,2501866.126422,0.30280785465223,0.117636263534593,0.00293631859056708,0.026977427050835,0.0695540466140576,0.480088089557717
200773.411807,2501866.126422,0.343113882266642,0.00641848523748395,0,0.112415184302219,0.12800293416468,0.410049514028975
201273.411807,2501866.126422,0.245922668132674,0.0355506688656771,0.00586402785413231,0.179769103903244,0.214037016675829,0.318856514568444
201773.411807,2501866.126422,0.449440264268673,0.00917599559552211,0,0.0633143696091026,0.0886401174527436,0.389429253073959
202273.411807,2501866.126422,0.334128002934165,0.0342930496974143,0,0.0706033376123235,0.131487254722171,0.429488355033926
202773.411807,2501866.126422,0.194978926149899,0.0243723657687374,0,0.137987905442551,0.171889316474253,0.470771486164559
203273.411807,2501866.126422,0.363369425582676,0.0108276748027161,0.00183519911910442,0.0603780510185355,0.168287759221876,0.395301890255093
203773.411807,2501866.126422,0.391527599486521,0.00605171465248487,0.00201723821749496,0.070786722904823,0.132220795892169,0.397395928846506
204273.411807,2501866.126422,0.422943008979293,0.0126443100604728,0,0.0333516584203775,0.137071651090343,0.393989371449514
204773.411807,2501866.126422,0.349421912277482,0.0277115066984768,0,0.0660671682877592,0.139842172875757,0.416957239860525
205273.411807,2501866.126422,0.151659636897121,0.00990280579497524,0,0.459196772418852,0.230882083256923,0.148358701632129
205773.411807,2501866.126422,0.228880337181602,0.00971229613340663,0,0.459776433938061,0.126076598863845,0.175554333883086
206273.411807,2501866.126422,0.228482290328501,0.0394567810607451,0,0.196549825656084,0.147917048999816,0.387594053954854
206773.411807,2501866.126422,0.299284797359252,0.00146708233999633,0,0.177150192554557,0.161562442692096,0.360535485054099
207273.411807,2501866.126422,0.32288803371816,0.0108118013560564,0,0.00604727872457394,0.0366501740883269,0.623602712112883
207773.411807,2501866.126422,0.387227014131033,0.0339511837034318,0,0.000367039823820885,0.00146815929528354,0.576986603046431
208273.411807,2501866.126422,0.274711168164313,0.0641848523748395,0,0.00165046763249587,0.0150375939849624,0.644415917843389
208773.411807,2501866.126422,0.411764705882353,0.000916254352208173,0,0.00568077698369067,0.0241891148982958,0.557449147883452
209273.411807,2501866.126422,0.382088456597541,0.0100935951550743,0,0.0183519911910442,0.0343182235272527,0.555147733529088
209773.411807,2501866.126422,0.348982211626628,0.0139372822299652,0,0.0053181734824867,0.0265908674124335,0.605171465248487
210273.411807,2501866.126422,0.429723291185633,0.00916254352208173,0,0.00183250870441635,0.0106285504856148,0.548653106102254
210773.411807,2501866.126422,0.558267572031565,0.0104606349788952,0.00440447788585061,0,0.0132134336575518,0.413653881446137
211273.411807,2501866.126422,0.324410452517527,0.1434034416826,0.0121096239643085,0.00743573401317187,0.0420650095602294,0.470575738262163
198773.411807,2501366.126422,0.0261790567545963,0.522981614708233,0,0.0497601918465228,0.082933653077538,0.31814548361311
199273.411807,2501366.126422,0.0440286186020914,0.389286369473491,0,0.0913593835993396,0.0851219959640433,0.390203632361035
199773.411807,2501366.126422,0.134432234432234,0.107692307692308,0,0.115384615384615,0.163186813186813,0.479304029304029
200273.411807,2501366.126422,0.255045871559633,0.10954128440367,0.00422018348623853,0.031743119266055,0.100917431192661,0.498532110091743
200773.411807,2501366.126422,0.331682260135755,0.0706292423408549,0.0137589433131535,0.0504494588148963,0.122913226930838,0.410566868464502
201273.411807,2501366.126422,0.338278388278388,0.0765567765567766,0,0.00970695970695971,0.0472527472527473,0.528205128205128
201773.411807,2501366.126422,0.311009174311927,0.0423853211009174,0,0.0590825688073394,0.101834862385321,0.485688073394495
202273.411807,2501366.126422,0.367088607594937,0.0119244175380664,0,0.0629242340854889,0.0999816547422491,0.458081086039259
202773.411807,2501366.126422,0.387728937728938,0.0177655677655678,0.000183150183150183,0.105311355311355,0.145421245421245,0.343589743589744
203273.411807,2501366.126422,0.333577981651376,0.0194495412844037,0.00605504587155963,0.0640366972477064,0.155045871559633,0.421834862385321
203773.411807,2501366.126422,0.348192992111539,0.000550357732526142,0,0.0324711062190424,0.0524674371674922,0.5663181067694
204273.411807,2501366.126422,0.483516483516484,0.0159340659340659,0,0.043040293040293,0.136996336996337,0.320512820512821
204773.411807,2501366.126422,0.40605504587156,0.0128440366972477,0,0.076697247706422,0.0985321100917431,0.405871559633028
205273.411807,2501366.126422,0.173546138323243,0.00825536598789213,0,0.366905155017428,0.162905888827738,0.288387451843698
205773.411807,2501366.126422,0.172893772893773,0.0115384615384615,0,0.435164835164835,0.226923076923077,0.153479853479853
206273.411807,2501366.126422,0.342752293577982,0.00495412844036697,0,0.162385321100917,0.0645871559633028,0.425321100917431
206773.411807,2501366.126422,0.432948082920565,0.00201797835259585,0,0.000733810310034856,0.00935608145294441,0.55494404696386
207273.411807,2501366.126422,0.3496336996337,0.0298534798534799,0.000183150183150183,0.124908424908425,0.136630036630037,0.358791208791209
207773.411807,2501366.126422,0.34348623853211,0.0867889908256881,0,0.0073394495412844,0.0172477064220183,0.545137614678899
208273.411807,2501366.126422,0.479728490185287,0.015410016510732,0.000183452577508714,0.0297193175564117,0.0438451660245826,0.431113557145478
208773.411807,2501366.126422,0.385897435897436,0.0021978021978022,0.0152014652014652,0.0408424908424908,0.0862637362637363,0.46959706959707
209273.411807,2501366.126422,0.328623853211009,0.0359633027522936,0.00715596330275229,0.0970642201834862,0.128073394495413,0.403119266055046
209773.411807,2501366.126422,0.435699871583196,0.000183452577508714,0,0.00201797835259585,0.00697119794533113,0.555127499541369
210273.411807,2501366.126422,0.415934065934066,0.0166666666666667,0,0.000549450549450549,0.00128205128205128,0.565567765567766
210773.411807,2501366.126422,0.603853211009174,0.00495412844036697,0,0.00110091743119266,0.00532110091743119,0.384770642201835
211273.411807,2501366.126422,0.59596174282678,0.010201912858661,0,0.00913921360255048,0.0359192348565356,0.348777895855473
198773.411807,2500866.126422,0.050877893056664,0.437150837988827,0,0.0606544293695132,0.13707102952913,0.314245810055866
199273.411807,2500866.126422,0.146153846153846,0.202930402930403,0.0208791208791209,0.110622710622711,0.161538461538462,0.357875457875458
199773.411807,2500866.126422,0.0705903923725706,0.191602493582692,0.00513384671800513,0.161166116611661,0.175100843417675,0.396406307297396
200273.411807,2500866.126422,0.268131868131868,0.0703296703296703,0.00347985347985348,0.0434065934065934,0.107875457875458,0.506776556776557
200773.411807,2500866.126422,0.23040293040293,0.0445054945054945,0.00256410256410256,0.151648351648352,0.16025641025641,0.410622710622711
201273.411807,2500866.126422,0.311881188118812,0.105610561056106,0.0104510451045105,0.0247524752475248,0.0847084708470847,0.462596259625963
201773.411807,2500866.126422,0.305677655677656,0.0225274725274725,0.00567765567765568,0.0902930402930403,0.116483516483516,0.459340659340659
202273.411807,2500866.126422,0.389194139194139,0.0468864468864469,0.000183150183150183,0.0353479853479853,0.0681318681318681,0.46025641025641
202773.411807,2500866.126422,0.476714338100477,0.0099009900990099,0,0.00696736340300697,0.044004400440044,0.462412907957462
203273.411807,2500866.126422,0.297069597069597,0.0172161172161172,0.00842490842490842,0.0593406593406593,0.223443223443223,0.394505494505494
203773.411807,2500866.126422,0.401648351648352,0.00604395604395604,0,0.0217948717948718,0.0842490842490843,0.486263736263736
204273.411807,2500866.126422,0.278144481114778,0.0291529152915292,0,0.0353868720205354,0.103593692702604,0.553722038870554
204773.411807,2500866.126422,0.411904761904762,0.00989010989010989,0,0.0738095238095238,0.132600732600733,0.371794871794872
205273.411807,2500866.126422,0.176556776556777,0.00915750915750916,0,0.476556776556777,0.134249084249084,0.203479853479853
205773.411807,2500866.126422,0.178034470113678,0.132929959662633,0,0.0441877521085442,0.105243857719105,0.53960396039604
206273.411807,2500866.126422,0.291025641025641,0.00512820512820513,0,0.0595238095238095,0.111721611721612,0.532600732600733
206773.411807,2500866.126422,0.402380952380952,0.0474358974358974,0,0.000915750915750916,0.00860805860805861,0.540659340659341
207273.411807,2500866.126422,0.285661899523286,0.0909424275760909,0,0.00183351668500183,0.00935093509350935,0.612211221122112
207773.411807,2500866.126422,0.542857142857143,0.00476190476190476,0,0.00970695970695971,0.013003663003663,0.42967032967033
208273.411807,2500866.126422,0.576923076923077,0,0,0.00384615384615385,0.0021978021978022,0.417032967032967
208773.411807,2500866.126422,0.495966263292996,0.00256692335900257,0,0.0044004400440044,0.0276861019435277,0.469380271360469
209273.411807,2500866.126422,0.331501831501831,0.0426739926739927,0,0.0338827838827839,0.0750915750915751,0.516849816849817
209773.411807,2500866.126422,0.321611721611722,0.0485347985347985,0,0.0133699633699634,0.0377289377289377,0.578754578754579
210273.411807,2500866.126422,0.605427209387605,0.0011001100110011,0,0.0458379171250458,0.0326365969930326,0.314998166483315
210773.411807,2500866.126422,0.788827838827839,0.000366300366300366,0,0.00146520146520147,0.0192307692307692,0.19010989010989
211273.411807,2500866.126422,0.384713375796178,0.0182590233545648,0.000212314225053079,0.0789808917197452,0.126963906581741,0.390870488322718
198773.411807,2500366.126422,0.0307815310813512,0.666799920047971,0.000199880071956826,0.0345792524485309,0.081551069358385,0.186088346991805
199273.411807,2500366.126422,0.0469466348798826,0.378140473134055,0.0363102879149092,0.070419952319824,0.0828901522097928,0.385292499541537
199773.411807,2500366.126422,0.0982224665567161,0.216785779732454,0.00458127176104087,0.0564412680960235,0.123877588418545,0.500091625435221
200273.411807,2500366.126422,0.0614791704899982,0.240961644338411,0,0.026977427050835,0.0902917966599376,0.580289961460818
200773.411807,2500366.126422,0.187052998349532,0.129836787089675,0.00806895286997983,0.0524481936548689,0.144324225197139,0.478268842838804
201273.411807,2500366.126422,0.365951988271944,0.0470954737035001,0.0047645226314825,0.059190031152648,0.0866776617188932,0.436320322521532
201773.411807,2500366.126422,0.328684162231602,0.0271609469627455,0,0.0464305377133419,0.104422829877042,0.493301523215269
202273.411807,2500366.126422,0.226664221529433,0.0141206675224647,0,0.122134604804695,0.182651751329543,0.454428754813864
202773.411807,2500366.126422,0.369800256551219,0.00219901044529962,0.00109950522264981,0.0141103170240059,0.0648708081363387,0.547920102620487
203273.411807,2500366.126422,0.371627821618646,0.0100935951550743,0,0.0466140576252523,0.100201871903101,0.471462653697926
203773.411807,2500366.126422,0.407665505226481,0.00256739409499358,0,0.0955437373922611,0.139739592884651,0.354483770401614
204273.411807,2500366.126422,0.400403151914972,0.0042147700201576,0,0.0384826827927433,0.118196811434854,0.438702583837273
204773.411807,2500366.126422,0.255826757203157,0.0218388695173426,0,0.168287759221876,0.193797026977427,0.360249587080198
205273.411807,2500366.126422,0.323124885384192,0.0121034293049697,0,0.30001833852925,0.101228681459747,0.263524665321841
205773.411807,2500366.126422,0.389408099688474,0.00366501740883269,0,0.0901594282572842,0.126809602345611,0.389957852299798
206273.411807,2500366.126422,0.48944760506515,0.0034868783262984,0,0.00807487612405946,0.0178014314553129,0.48118920902918
206773.411807,2500366.126422,0.428571428571429,0.0407115349348982,0,0.00165046763249587,0.00348432055749129,0.525582248303686
207273.411807,2500366.126422,0.358988455195162,0.0672530694520799,0,0.00934579439252336,0.0423309510720176,0.522081729888217
207773.411807,2500366.126422,0.578271242429804,0,0,0.000734079647641769,0.0012846393833731,0.419710038539181
208273.411807,2500366.126422,0.380707867229048,0.000366770584999083,0,0.00110031175499725,0.00183385292499542,0.61599119750596
208773.411807,2500366.126422,0.391423859263332,0.0153930731170973,0,0.00164925783397471,0.021073850100788,0.570459959684808
209273.411807,2500366.126422,0.421361717746375,0.0178014314553129,0,0.00183519911910442,0.00385391815011929,0.555147733529088
209773.411807,2500366.126422,0.273427471116816,0.00733541169998166,0,0.0207225380524482,0.037593984962406,0.660920594168348
210273.411807,2500366.126422,0.792926516400953,0.00366501740883269,0,0.00183250870441635,0.0161260765988638,0.185449880886934
210773.411807,2500366.126422,0.590750596439714,0.00220223894292531,0,0.0144980730409249,0.0227564690768948,0.369792622499541
211273.411807,2500366.126422,0.177182919056724,0.0526874867219035,0,0.059485872105375,0.151051625239006,0.559592096876992
198773.411807,2499866.126422,0.0167865707434053,0.103117505995204,0.00159872102318145,0.0343725019984013,0.0245803357314149,0.819544364508393
199273.411807,2499866.126422,0.0856723536965694,0.321592368372776,0.0291689598238855,0.029535864978903,0.107870115575124,0.426160337552743
199773.411807,2499866.126422,0.0860805860805861,0.186996336996337,0.010989010989011,0.101648351648352,0.203846153846154,0.41043956043956
200273.411807,2499866.126422,0.0640366972477064,0.274495412844037,0.0341284403669725,0.130825688073395,0.167155963302752,0.329357798165138
200773.411807,2499866.126422,0.122913226930838,0.184920198128784,0.0209135938359934,0.168409466152999,0.13557145477894,0.367272060172445
201273.411807,2499866.126422,0.242857142857143,0.153663003663004,0.000366300366300366,0.0683150183150183,0.102014652014652,0.432783882783883
201773.411807,2499866.126422,0.285321100917431,0.016697247706422,0,0.100366972477064,0.187339449541284,0.410275229357798
202273.411807,2499866.126422,0.520454962392222,0,0,0.014125848468171,0.0431113557145478,0.42230783342506
202773.411807,2499866.126422,0.430952380952381,0.00622710622710623,0,0.0135531135531136,0.0373626373626374,0.511904761904762
203273.411807,2499866.126422,0.370825688073394,0.00899082568807339,0,0.0346788990825688,0.136146788990826,0.449357798165138
203773.411807,2499866.126422,0.406714364336819,0.0266006237387635,0.000366905155017428,0.0117409649605577,0.0497156485048615,0.504861493303981
204273.411807,2499866.126422,0.242124542124542,0.0168498168498168,0.00128205128205128,0.146886446886447,0.128754578754579,0.464102564102564
204773.411807,2499866.126422,0.301651376146789,0.00605504587155963,0,0.272110091743119,0.141100917431193,0.279082568807339
205273.411807,2499866.126422,0.417538066409833,0.00238488350761328,0,0.0352228948816731,0.0858558062740782,0.458998348926802
205773.411807,2499866.126422,0.363736263736264,0.00146520146520147,0,0.0351648351648352,0.0446886446886447,0.554945054945055
206273.411807,2499866.126422,0.235045871559633,0.0790825688073395,0,0,0.00201834862385321,0.683853211009174
206773.411807,2499866.126422,0.278664465235737,0.0486149330398092,0,0.00311869381764814,0.00733810310034856,0.662263804806458
207273.411807,2499866.126422,0.513003663003663,0.0278388278388278,0,0.0010989010989011,0.0163003663003663,0.441758241758242
207773.411807,2499866.126422,0.424403669724771,0.0155963302752294,0,0.0018348623853211,0.0159633027522936,0.542201834862385
208273.411807,2499866.126422,0.516235553109521,0.00201797835259585,0,0.000733810310034856,0.00403595670519171,0.476976701522656
208773.411807,2499866.126422,0.499084249084249,0.00805860805860806,0,0.00366300366300366,0.0181318681318681,0.471062271062271
209273.411807,2499866.126422,0.380183486238532,0.00220183486238532,0,0.00036697247706422,0.00330275229357798,0.61394495412844
209773.411807,2499866.126422,0.291139240506329,0.0117409649605577,0,0.167675655842965,0.148229682627041,0.381214456063108
210273.411807,2499866.126422,0.32014652014652,0.0278388278388278,0,0.0639194139194139,0.111538461538462,0.476556776556777
210773.411807,2499866.126422,0.597798165137615,0.00770642201834862,0,0.0018348623853211,0.0190825688073394,0.373577981651376
211273.411807,2499866.126422,0.300318809776833,0.0280552603613177,0,0.0250797024442083,0.148140276301807,0.498405951115834
198773.411807,2499366.126422,0.106544293695132,0.260375099760575,0,0.044293695131684,0.0738228252194733,0.514964086193136
199273.411807,2499366.126422,0.0637362637362637,0.551831501831502,0,0.0120879120879121,0.0716117216117216,0.300732600732601
199773.411807,2499366.126422,0.10982764943161,0.292079207920792,0.015951595159516,0.0528052805280528,0.147048038137147,0.382288228822882
200273.411807,2499366.126422,0.047985347985348,0.311721611721612,0.0223443223443223,0.163003663003663,0.104029304029304,0.350915750915751
200773.411807,2499366.126422,0.158974358974359,0.248351648351648,0.00366300366300366,0.0686813186813187,0.05,0.47032967032967
201273.411807,2499366.126422,0.431976530986432,0.0106343967730106,0,0.0540887422075541,0.0997433076640997,0.403557022368904
201773.411807,2499366.126422,0.332783882783883,0.0102564102564103,0,0.147069597069597,0.148717948717949,0.361172161172161
202273.411807,2499366.126422,0.247435897435897,0.0333333333333333,0,0.158974358974359,0.163369963369963,0.396886446886447
202773.411807,2499366.126422,0.309130913091309,0.0227356068940227,0.00641730839750642,0.0405207187385405,0.108360836083608,0.512834616795013
203273.411807,2499366.126422,0.393223443223443,0.0021978021978022,0,0.0258241758241758,0.0860805860805861,0.492673992673993
203773.411807,2499366.126422,0.278205128205128,0.00238095238095238,0,0.220695970695971,0.203663003663004,0.295054945054945
204273.411807,2499366.126422,0.366153281994866,0.026035936927026,0.00201686835350202,0.0870920425375871,0.13953061972864,0.379171250458379
204773.411807,2499366.126422,0.443956043956044,0.00714285714285714,0,0.0450549450549451,0.0774725274725275,0.426373626373626
205273.411807,2499366.126422,0.477106227106227,0.0608058608058608,0,0.0043956043956044,0.0265567765567766,0.431135531135531
205773.411807,2499366.126422,0.295196186285295,0.0234690135680235,0,0.0562889622295563,0.100660066006601,0.524385771910524
206273.411807,2499366.126422,0.292307692307692,0.0276556776556777,0,0,0.0032967032967033,0.676739926739927
206773.411807,2499366.126422,0.414468864468864,0.000183150183150183,0,0.0250915750915751,0.0344322344322344,0.525824175824176
207273.411807,2499366.126422,0.506417308397506,0.0011001100110011,0,0.0033003300330033,0.00788412174550788,0.481298129812981
207773.411807,2499366.126422,0.497985347985348,0.0010989010989011,0,0,0,0.500915750915751
208273.411807,2499366.126422,0.531501831501832,0.0234432234432234,0,0.00805860805860806,0.0261904761904762,0.410805860805861
208773.411807,2499366.126422,0.382471580491382,0.0102676934360103,0,0.0682068206820682,0.0832416574990832,0.455812247891456
209273.411807,2499366.126422,0.342673992673993,0.0417582417582418,0,0.00714285714285714,0.0175824175824176,0.590842490842491
209773.411807,2499366.126422,0.262454212454212,0.0131868131868132,0,0.131684981684982,0.117216117216117,0.475457875457875
210273.411807,2499366.126422,0.341584158415842,0.00623395672900623,0,0.0386872020535387,0.0782911624495783,0.535203520352035
210773.411807,2499366.126422,0.762271062271062,0.000549450549450549,0,0.000183150183150183,0.0010989010989011,0.235897435897436
211273.411807,2499366.126422,0.460934182590234,0.00679405520169851,0,0.0320594479830149,0.0339702760084926,0.466242038216561
198773.411807,2498866.126422,0.0157905256845892,0.646412152708375,0,0,0.00419748151109334,0.333599840095942
199273.411807,2498866.126422,0.0425453878598936,0.637814047313406,0,0.00568494406748579,0.0680359435173299,0.245919677241885
199773.411807,2498866.126422,0.0564412680960235,0.251236943375481,0.0102620487447315,0.0399486897562763,0.123694337548103,0.518416712479384
200273.411807,2498866.126422,0.0660671682877592,0.277482106808589,0.0168838318957607,0.0548724536612222,0.113965865296385,0.470728574050284
200773.411807,2498866.126422,0.1201173665872,0.0718870346598203,0.0075187969924812,0.10416284613974,0.151476251604621,0.544837704016138
201273.411807,2498866.126422,0.40809968847352,0.0252886201209456,0,0.032618654938611,0.0485614806670332,0.48543155579989
201773.411807,2498866.126422,0.502661038722701,0.00972655533125344,0,0.0372545421178198,0.0625802899614608,0.387777573866765
202273.411807,2498866.126422,0.399229781771502,0.00146708233999633,0,0.08399046396479,0.109481019622226,0.405831652301485
202773.411807,2498866.126422,0.235843870258384,0.0522264980758659,0,0.0800806303829943,0.143302180685358,0.488546820597398
203273.411807,2498866.126422,0.337860157827124,0.0567076527803267,0,0.102037071022206,0.135437694989906,0.367957423380437
203773.411807,2498866.126422,0.371721987896571,0.0113698881349716,0.000183385292499542,0.0370438290849074,0.103612690262241,0.47606821932881
204273.411807,2498866.126422,0.278907824812168,0.0386659336631849,0,0.0562580172255818,0.102437236576874,0.523730987722192
204773.411807,2498866.126422,0.420260598274913,0.00550559735731327,0,0.0255092677555515,0.0561570930445953,0.492567443567627
205273.411807,2498866.126422,0.319457179534201,0.161012286814597,0,0.00146708233999633,0.00256739409499358,0.515496057216211
205773.411807,2498866.126422,0.24665567161444,0.100054975261132,0,0.01905809052593,0.0284038849184534,0.605827377680044
206273.411807,2498866.126422,0.289594420994678,0.0717562855569829,0,0.00440447788585061,0.011194714626537,0.623050100935952
206773.411807,2498866.126422,0.258023106546855,0.00330093526499175,0,0.245919677241885,0.223730056849441,0.269026224096827
207273.411807,2498866.126422,0.418361737218252,0.000549752611324904,0.00293201392706615,0.110500274876306,0.0980392156862745,0.369617005680777
207773.411807,2498866.126422,0.431271792989539,0.00715727656450725,0,0.00734079647641769,0.0163332721600294,0.537896861809506
208273.411807,2498866.126422,0.461580781221346,0.00513478818998716,0,0.0454795525398863,0.0614340729873464,0.426370805061434
208773.411807,2498866.126422,0.293567894447499,0.0130108118013561,0,0.101520982224666,0.129191863661352,0.462708447865127
209273.411807,2498866.126422,0.335841438796109,0.0282620664342081,0,0.0148651128647458,0.0181684712791338,0.602862910625803
209773.411807,2498866.126422,0.231248853841922,0.0559325142123602,0,0.101778837337246,0.112415184302219,0.498624610306253
210273.411807,2498866.126422,0.172255818215137,0.00549752611324904,0,0.2398753894081,0.190397654388858,0.391973611874656
210773.411807,2498866.126422,0.383373095980914,0.0115617544503579,0,0.00422095797394017,0.00880895577170123,0.592035235823087
211273.411807,2498866.126422,0.387295517314638,0.0203951561504143,0,0.000637348629700446,0.0225196515827491,0.569152326322498
198773.411807,2498366.126422,0.0465627498001599,0.463229416466827,0.000199840127897682,0.0643485211830536,0.1982414068745,0.227418065547562
199273.411807,2498366.126422,0.0554026784076316,0.230783342505962,0.0106402494955054,0.188589249678958,0.16694184553293,0.347642634379013
199773.411807,2498366.126422,0.0703296703296703,0.374358974358974,0.00421245421245421,0.0283882783882784,0.106227106227106,0.416483516483517
200273.411807,2498366.126422,0.084954128440367,0.134128440366972,0,0.024954128440367,0.0546788990825688,0.701284403669725
200773.411807,2498366.126422,0.213538800220143,0.176481379563383,0.00183452577508714,0.00642084021280499,0.0500825536598789,0.551641900568703
201273.411807,2498366.126422,0.419413919413919,0.0267399267399267,0,0.0556776556776557,0.0705128205128205,0.427655677655678
201773.411807,2498366.126422,0.423302752293578,0.0135779816513761,0,0.0596330275229358,0.103669724770642,0.399816513761468
202273.411807,2498366.126422,0.377361951935425,0.00293524124013942,0,0.0517336268574573,0.0667767382131719,0.501192441753807
202773.411807,2498366.126422,0.400915750915751,0.013003663003663,0,0.039010989010989,0.0928571428571429,0.454212454212454
203273.411807,2498366.126422,0.130275229357798,0.00788990825688073,0,0.318715596330275,0.231926605504587,0.311192660550459
203773.411807,2498366.126422,0.241240139423959,0.107136305265089,0.0104567969179967,0.0396257567418822,0.122179416620804,0.47936158503027
204273.411807,2498366.126422,0.1996336996337,0.0853479853479854,0.0472527472527473,0.00659340659340659,0.0247252747252747,0.636446886446886
204773.411807,2498366.126422,0.325321100917431,0.0260550458715596,0,0.0772477064220184,0.123669724770642,0.447706422018349
205273.411807,2498366.126422,0.378462667400477,0.112456430012842,0,0.00110071546505228,0.00532012474775271,0.502660062373876
205773.411807,2498366.126422,0.464102564102564,0.0166666666666667,0,0.0159340659340659,0.0426739926739927,0.460622710622711
206273.411807,2498366.126422,0.472293577981651,0.00256880733944954,0,0.0198165137614679,0.0319266055045872,0.473394495412844
206773.411807,2498366.126422,0.308016877637131,0.0612731608879105,0,0.0177949000183453,0.0517336268574573,0.561181434599156
207273.411807,2498366.126422,0.461904761904762,0.00750915750915751,0,0.0208791208791209,0.0214285714285714,0.488278388278388
207773.411807,2498366.126422,0.367522935779817,0.0122935779816514,0,0.00110091743119266,0.00440366972477064,0.614678899082569
208273.411807,2498366.126422,0.346358466336452,0.00550357732526142,0,0.001284168042561,0.0121078701155751,0.63474591818015
208773.411807,2498366.126422,0.430586080586081,0.00347985347985348,0,0.0106227106227106,0.0214285714285714,0.533882783882784
209273.411807,2498366.126422,0.398348623853211,0.0390825688073395,0,0.00495412844036697,0.0132110091743119,0.544403669724771
209773.411807,2498366.126422,0.253531462117043,0.0357732526141992,0.00183452577508714,0.0122913226930838,0.0497156485048615,0.646853788295726
210273.411807,2498366.126422,0.236080586080586,0.043956043956044,0,0.0010989010989011,0.0142857142857143,0.704578754578755
210773.411807,2498366.126422,0.162201834862385,0.0113761467889908,0,0.00642201834862385,0.011743119266055,0.808256880733945
211273.411807,2498366.126422,0.270988310308183,0.0374070138150903,0,0.0286928799149841,0.0518597236981934,0.611052072263549
198773.411807,2497866.126422,0.155626496408619,0.213487629688747,0,0.113727055067837,0.103551476456504,0.413607342378292
199273.411807,2497866.126422,0.0664835164835165,0.200732600732601,0.00201465201465201,0.0963369963369963,0.134798534798535,0.4996336996337
199773.411807,2497866.126422,0.141914191419142,0.0938760542720939,0.0055005500550055,0.0891089108910891,0.139347268060139,0.53025302530253
200273.411807,2497866.126422,0.163003663003663,0.043040293040293,0,0.241208791208791,0.231501831501832,0.321245421245421
200773.411807,2497866.126422,0.179304029304029,0.0923076923076923,0.00384615384615385,0.021978021978022,0.0604395604395604,0.642124542124542
201273.411807,2497866.126422,0.274110744407774,0.103777044371104,0.000366703337000367,0.0401540154015402,0.0698569856985699,0.511734506784012
201773.411807,2497866.126422,0.432967032967033,0.0164835164835165,0.00586080586080586,0.043956043956044,0.0652014652014652,0.435531135531136
202273.411807,2497866.126422,0.411538461538462,0.00897435897435897,0,0.0985347985347985,0.109340659340659,0.371611721611722
202773.411807,2497866.126422,0.424275760909424,0.0172350568390172,0,0.0137513751375138,0.0683901723505684,0.476347634763476
203273.411807,2497866.126422,0.252014652014652,0.0336996336996337,0.00970695970695971,0.108974358974359,0.139377289377289,0.456227106227106
203773.411807,2497866.126422,0.123260073260073,0.00970695970695971,0.000732600732600733,0.00366300366300366,0.0122710622710623,0.8503663003663
204273.411807,2497866.126422,0.00843417675100843,0.0641730839750642,0,0,0,0.927392739273927
204773.411807,2497866.126422,0.188461538461538,0.0818681318681319,0,0.000732600732600733,0.0276556776556777,0.701282051282051
205273.411807,2497866.126422,0.179120879120879,0.134432234432234,0,0.00970695970695971,0.0538461538461538,0.622893772893773
205773.411807,2497866.126422,0.443160982764943,0.00275027502750275,0,0.00293362669600293,0.00971763843050972,0.541437477081041
206273.411807,2497866.126422,0.378571428571429,0.00256410256410256,0,0.0197802197802198,0.0536630036630037,0.545421245421245
206773.411807,2497866.126422,0.472527472527473,0.00842490842490842,0,0.0173992673992674,0.0386446886446886,0.463003663003663
207273.411807,2497866.126422,0.561422808947561,0.000183351668500183,0,0.0185185185185185,0.0352035203520352,0.384671800513385
207773.411807,2497866.126422,0.328937728937729,0.0710622710622711,0,0.00146520146520147,0.00787545787545788,0.590659340659341
208273.411807,2497866.126422,0.389010989010989,0.0265567765567766,0,0.000366300366300366,0.0043956043956044,0.57967032967033
208773.411807,2497866.126422,0.293362669600293,0.0540887422075541,0,0.0155848918225156,0.0361202786945361,0.600843417675101
209273.411807,2497866.126422,0.134615384615385,0.0318681318681319,0.00146520146520147,0.138644688644689,0.0798534798534798,0.613553113553114
209773.411807,2497866.126422,0.211172161172161,0.121245421245421,0.0512820512820513,0.0564102564102564,0.104212454212454,0.455677655677656
210273.411807,2497866.126422,0.152548588192153,0.0742574257425743,0.000366703337000367,0.0564723138980565,0.0467546754675468,0.66960029336267
210773.411807,2497866.126422,0.0454212454212454,0.0659340659340659,0.00311355311355311,0.0516483516483516,0.0738095238095238,0.76007326007326
211273.411807,2497866.126422,0.126326963906582,0.1447983014862,0,0.00530785562632696,0.0131634819532909,0.710403397027601
198773.411807,2497366.126422,0.10513691784929,0.313012192684389,0,0.0813511892864281,0.129522286628023,0.370977413551869
199273.411807,2497366.126422,0.11186502842472,0.208509077571979,0.00678525582248304,0.050797726022373,0.122134604804695,0.49990830735375
199773.411807,2497366.126422,0.171339563862928,0.0885101704233095,0.0366501740883269,0.134322888033718,0.0919919369617006,0.477185266630016
200273.411807,2497366.126422,0.208662139842173,0.0930445953385942,0.0227564690768948,0.103138190493669,0.144980730409249,0.42741787483942
200773.411807,2497366.126422,0.17219878965707,0.11186502842472,0.0130203557674674,0.0634513112048414,0.136805428204658,0.502659086741243
201273.411807,2497366.126422,0.270478284771853,0.0353674179952355,0.000549752611324904,0.0731170973062122,0.136888400219901,0.483599047095474
201773.411807,2497366.126422,0.266287392182052,0.0227564690768948,0.000183519911910442,0.079647641769132,0.108093228115251,0.52303174894476
202273.411807,2497366.126422,0.44415917843389,0.0130203557674674,0,0.0584999083073537,0.0975609756097561,0.386759581881533
202773.411807,2497366.126422,0.363019974344878,0.00311526479750779,0,0.12222833058457,0.179036100421477,0.332600329851567
203273.411807,2497366.126422,0.305744173242797,0.00605615709304459,0.0012846393833731,0.0996513121673702,0.144246650761608,0.443017067351808
203773.411807,2497366.126422,0.0720704199523198,0.0896754080322758,0,0.0143040528149642,0.0157711351549606,0.808178984045479
204273.411807,2497366.126422,0.135972145867693,0.0375664284405351,0.00659703133589885,0.000183250870441635,0.00183250870441635,0.817848634781015
204773.411807,2497366.126422,0.480822169205359,0.00422095797394017,0,0.00642319691686548,0.0440447788585061,0.464488897045329
205273.411807,2497366.126422,0.367137355584082,0.004401247019989,0,0.0674857876398313,0.133504492939666,0.427471116816431
205773.411807,2497366.126422,0.186732636980026,0.00384826827927433,0,0.332050577240242,0.199193696170057,0.278174821330401
206273.411807,2497366.126422,0.458249220040374,0.00623967700495504,0,0.0321159845843274,0.0495503762158194,0.453844742154524
206773.411807,2497366.126422,0.345864661654135,0,0,0.0133871263524665,0.0234733174399413,0.617274894553457
207273.411807,2497366.126422,0.463441451346894,0.0350009162543522,0,0.00109950522264981,0.0208905992303463,0.479567527945758
207773.411807,2497366.126422,0.444301706735181,0.0115617544503579,0,0.0392732611488346,0.0721233253808038,0.432739952284823
208273.411807,2497366.126422,0.336695397029158,0.0119200440124702,0,0.0304419585549239,0.0698697964423253,0.551072803961122
208773.411807,2497366.126422,0.24885468205974,0.120945574491479,0.00201575957485798,0.0357339197361187,0.137438152831226,0.455011911306579
209273.411807,2497366.126422,0.217104055790053,0.0710222059093412,0.000550559735731327,0.0115617544503579,0.0726738851165352,0.627087538997981
209773.411807,2497366.126422,0.21602787456446,0.111498257839721,0.0418118466898955,0.0715202640748212,0.122684760682193,0.436456996148909
210273.411807,2497366.126422,0.202492211838006,0.135055891515485,0.00842954004031519,0.0168590800806304,0.0974894630749496,0.539673813450614
210773.411807,2497366.126422,0.328867682143513,0.0469810974490732,0,0.00568911726922371,0.0508350155991925,0.567627087538998
211273.411807,2497366.126422,0.119184193753983,0.0397280645846611,0,0.00637348629700446,0.0131718716804759,0.821542383683875
198773.411807,2496866.126422,0.114908073541167,0.22581934452438,0.00699440447641886,0.132294164668265,0.107114308553157,0.412869704236611
199273.411807,2496866.126422,0.0867730691616217,0.0550357732526142,0.0111906072280316,0.176297926985874,0.27811410750321,0.392588515868648
199773.411807,2496866.126422,0.153296703296703,0.112637362637363,0.0137362637362637,0.0478021978021978,0.111721611721612,0.560805860805861
200273.411807,2496866.126422,0.193211009174312,0.0844036697247706,0.0073394495412844,0.0772477064220184,0.145871559633028,0.491926605504587
200773.411807,2496866.126422,0.0902586681342873,0.115942028985507,0.0172445422858191,0.193359016694185,0.137039075399009,0.446156668501192
201273.411807,2496866.126422,0.133516483516484,0.151648351648352,0.0157509157509158,0.0668498168498168,0.138644688644689,0.493589743589744
201773.411807,2496866.126422,0.222385321100917,0.0486238532110092,0.00110091743119266,0.0242201834862385,0.0893577981651376,0.614311926605505
202273.411807,2496866.126422,0.343606677673821,0.00880572372041827,0.00238488350761328,0.0185287103283801,0.085305448541552,0.541368556228215
202773.411807,2496866.126422,0.224358974358974,0.0117216117216117,0,0.197069597069597,0.199450549450549,0.367399267399267
203273.411807,2496866.126422,0.0601834862385321,0.0297247706422018,0,0.0396330275229358,0.0420183486238532,0.828440366972477
203773.411807,2496866.126422,0.129334067143643,0.0504494588148963,0,0.00183452577508714,0.00880572372041827,0.809576224545955
204273.411807,2496866.126422,0.258608058608059,0.0172161172161172,0,0.00238095238095238,0.0278388278388278,0.693956043956044
204773.411807,2496866.126422,0.372110091743119,0.00715596330275229,0,0.0106422018348624,0.0128440366972477,0.597247706422018
205273.411807,2496866.126422,0.205833791964777,0.0113740598055403,0,0.099431297009723,0.122362869198312,0.560997982021647
205773.411807,2496866.126422,0.114652014652015,0.00897435897435897,0,0.437912087912088,0.236080586080586,0.202380952380952
206273.411807,2496866.126422,0.209357798165138,0.00697247706422018,0,0.105504587155963,0.123853211009174,0.554311926605505
206773.411807,2496866.126422,0.281416253898367,0.00623738763529628,0,0.0091726288754357,0.0405430196294258,0.662630709961475
207273.411807,2496866.126422,0.212271062271062,0.0133699633699634,0.0461538461538462,0.0437728937728938,0.0783882783882784,0.606043956043956
207773.411807,2496866.126422,0.165688073394495,0.0524770642201835,0,0.221100917431193,0.083302752293578,0.47743119266055
208273.411807,2496866.126422,0.139240506329114,0.0385250412768299,0,0.0643918547055586,0.118510365070629,0.639332232617868
208773.411807,2496866.126422,0.139010989010989,0.00641025641025641,0,0.293772893772894,0.175824175824176,0.384981684981685
209273.411807,2496866.126422,0.247155963302752,0.0341284403669725,0.00899082568807339,0.0943119266055046,0.0805504587155963,0.534862385321101
209773.411807,2496866.126422,0.137039075399009,0.0787011557512383,0.00421940928270042,0.194459732159237,0.238671803338837,0.346908824068978
210273.411807,2496866.126422,0.215934065934066,0.0269230769230769,0,0.00421245421245421,0.0208791208791209,0.732051282051282
210773.411807,2496866.126422,0.394678899082569,0,0,0,0.00073394495412844,0.604587155963303
