"x","y","forest","agri","water","built","other","grass"
199273.411807,2668866.126422,0.0405096373734074,0.678536426004574,0,0.102580855929435,0.0297288467820974,0.148644233910487
199773.411807,2668866.126422,0.083373963920039,0.33008288639688,0.000243783520234032,0.340809361287177,0.121160409556314,0.124329595319356
200273.411807,2668866.126422,0.0550682261208577,0.636939571150097,0,0.115253411306043,0.084551656920078,0.108187134502924
200773.411807,2668866.126422,0.0760233918128655,0.521198830409357,0,0.191764132553606,0.0960038986354776,0.115009746588694
201273.411807,2668866.126422,0.105558264261336,0.233300828863969,0.000731350560702097,0.265724037055095,0.160409556313993,0.234275962944905
201773.411807,2668866.126422,0.0426413255360624,0.843323586744639,0,0.00999025341130604,0.00974658869395711,0.0942982456140351
202273.411807,2668866.126422,0.108430799220273,0.47733918128655,0,0.167641325536062,0.0536062378167641,0.192982456140351
202773.411807,2668866.126422,0.175767918088737,0.181618722574354,0.10945880058508,0.0368113115553389,0.0168210628961482,0.479522184300341
203273.411807,2668866.126422,0,0.335038986354776,0.152534113060429,0.164961013645224,0.0107212475633528,0.336744639376218
203773.411807,2668866.126422,0.0531189083820663,0.381091617933723,0.0779727095516569,0.0470272904483431,0.0192495126705653,0.421539961013645
204273.411807,2668866.126422,0.0404680643588493,0.743783520234032,0,0.0221843003412969,0.0202340321794247,0.173330082886397
204773.411807,2668866.126422,0.0519005847953216,0.743421052631579,0.000243664717348928,0.0711500974658869,0.0307017543859649,0.102582846003899
205273.411807,2668866.126422,0.040692007797271,0.566764132553606,0,0.121101364522417,0.0531189083820663,0.218323586744639
205773.411807,2668866.126422,0.0414431984397855,0.0538761579717211,0,0.751584592881521,0.122623110677718,0.030472940029254
206273.411807,2668866.126422,0.0209551656920078,0.0874756335282651,0,0.703947368421053,0.112816764132554,0.0748050682261209
206773.411807,2668866.126422,0.0314327485380117,0.242933723196881,0,0.284356725146199,0.132797270955166,0.308479532163743
207273.411807,2668866.126422,0.185763042418333,0.201365187713311,0,0.129936616284739,0.0838615309605071,0.399073622623111
207773.411807,2668866.126422,0.196637426900585,0.0787037037037037,0,0.0557992202729045,0.0694444444444444,0.599415204678363
208273.411807,2668866.126422,0.336500974658869,0.0582358674463938,0,0,0.0129142300194932,0.592348927875244
208773.411807,2668866.126422,0.507801072647489,0.0185275475377864,0,0.00121891760117016,0.0438810336421258,0.428571428571429
209273.411807,2668866.126422,0.430555555555556,0.0384990253411306,0,0.00511695906432749,0.173001949317739,0.352826510721248
209773.411807,2668866.126422,0.301656920077973,0.0769980506822612,0.00194931773879142,0.0633528265107212,0.255360623781676,0.300682261208577
210273.411807,2668866.126422,0.0499756216479766,0.447830326669917,0,0.168454412481716,0.133837152608484,0.199902486591906
210773.411807,2668866.126422,0.077729044834308,0.722465886939571,0,0,0.00560428849902534,0.194200779727096
211273.411807,2668866.126422,0.0999025341130604,0.213206627680312,0,0.0604288499025341,0.1817738791423,0.444688109161793
211773.411807,2668866.126422,0.116498081618416,0.346006278339728,0,0.00941750959190792,0.0296477153819323,0.498430415068015
199273.411807,2668366.126422,0.0817852834740651,0.456694813027744,0.00120627261761158,0.181905910735826,0.100844390832328,0.177563329312425
199773.411807,2668366.126422,0.0419644493311343,0.595565328935312,0,0.165658786879238,0.0690855781564962,0.127725856697819
200273.411807,2668366.126422,0.0748761240594605,0.586713158377684,0.000550559735731327,0.110111947146265,0.0697375665259681,0.158010644154891
200773.411807,2668366.126422,0.0577663671373556,0.638730973775903,0,0.0913258756647717,0.0625343847423437,0.149642398679626
201273.411807,2668366.126422,0.0859446582371266,0.460509437419828,0.00568077698369067,0.219534542789078,0.130474619754444,0.0978559648158329
201773.411807,2668366.126422,0.0963479537529822,0.399522848229033,0,0.217654615525785,0.151587447238025,0.134887135254175
202273.411807,2668366.126422,0.0350265908674124,0.568494406748579,0,0.0931597285897671,0.0341096644049147,0.269209609389327
202773.411807,2668366.126422,0.145317940260216,0.25893347993403,0,0.142019424592267,0.0313358988455195,0.422393256367968
203273.411807,2668366.126422,0.0908423563956689,0.171224077812443,0.138741053404294,0.163516241512204,0.0205542301339695,0.41512204074142
203773.411807,2668366.126422,0.0436456996148909,0.577847056666055,0.0157711351549606,0.0364936732074088,0.00476801760498808,0.321474417751696
204273.411807,2668366.126422,0.108667766171889,0.134139637163277,0.000549752611324904,0.0663368150998717,0.0791643760307861,0.611141652922851
204773.411807,2668366.126422,0.0422095797394017,0.650945127546339,0,0.0943292347219673,0.0833180400073408,0.129198017984951
205273.411807,2668366.126422,0.0546488171648634,0.572895653768568,0,0.10012836970475,0.12415184302219,0.14817531633963
205773.411807,2668366.126422,0.01905809052593,0.758658603628367,0,0.0569910207073484,0.0300531427524281,0.135239142385926
206273.411807,2668366.126422,0.0488162965681776,0.380069737566526,0,0.264452193062947,0.108827307762892,0.197834465039457
206773.411807,2668366.126422,0.0706033376123235,0.374289381991564,0.00385109114249037,0.317806711901706,0.0951769668072621,0.138272510544654
207273.411807,2668366.126422,0.0727505955653289,0.0417811984606927,0.00109950522264981,0.658237126626351,0.154113982041415,0.0720175920835624
207773.411807,2668366.126422,0.182785832262801,0.106074509084236,0,0.220590934116352,0.131400256927877,0.359148467608736
208273.411807,2668366.126422,0.304602970841738,0.0273244085824317,0,0.000366770584999083,0.0130203557674674,0.654685494223363
208773.411807,2668366.126422,0.435037566428441,0.0353674179952355,0,0.00219901044529962,0.015026571376214,0.51236943375481
209273.411807,2668366.126422,0.457882180216553,0.031932464672417,0,0.0280785465222977,0.193062947329785,0.289043861258947
209773.411807,2668366.126422,0.283697047496791,0.0370438290849074,0.000916926462497708,0.125435540069686,0.324408582431689,0.228498074454429
210273.411807,2668366.126422,0.0481949789261499,0.454095656954371,0,0.252519699468573,0.0967564595931831,0.148433205057724
210773.411807,2668366.126422,0.0367039823820885,0.637915213800697,0,0.0306478252890439,0.0724903652046247,0.222242613323546
211273.411807,2668366.126422,0.280212726939299,0.184668989547038,0,0.0187052998349532,0.0658353200073354,0.450577663671374
211773.411807,2668366.126422,0.0600515463917526,0.439175257731959,0,0.00618556701030928,0.0765463917525773,0.418041237113402
199273.411807,2667866.126422,0.0335343787696019,0.0745476477683957,0.00120627261761158,0.612786489746683,0.0769601930036188,0.200965018094089
199773.411807,2667866.126422,0.0283882783882784,0.467948717948718,0.000366300366300366,0.320512820512821,0.0521978021978022,0.130586080586081
200273.411807,2667866.126422,0.116880733944954,0.45302752293578,0,0.171192660550459,0.120366972477064,0.138532110091743
200773.411807,2667866.126422,0.0651256650155935,0.642634379013025,0,0.124931205283434,0.0475142175747569,0.11979453311319
201273.411807,2667866.126422,0.0340659340659341,0.776007326007326,0,0.0686813186813187,0.0206959706959707,0.100549450549451
201773.411807,2667866.126422,0.0260550458715596,0.839082568807339,0,0.0354128440366972,0.013394495412844,0.0860550458715596
202273.411807,2667866.126422,0.09557879288204,0.331315354980737,0,0.255182535314621,0.0975967712346359,0.220326545587966
202773.411807,2667866.126422,0.0717948717948718,0.376190476190476,0,0.196886446886447,0.124358974358974,0.230769230769231
203273.411807,2667866.126422,0.112110091743119,0.200550458715596,0.00990825688073394,0.308440366972477,0.150275229357798,0.218715596330275
203773.411807,2667866.126422,0.0289855072463768,0.321775820950284,0.164556962025316,0.0963126031920749,0.0651256650155935,0.323243441570354
204273.411807,2667866.126422,0.00842490842490842,0.294871794871795,0.139010989010989,0.0815018315018315,0.0227106227106227,0.453479853479853
204773.411807,2667866.126422,0.0475229357798165,0.549174311926605,0,0.00385321100917431,0.00330275229357798,0.396146788990826
205273.411807,2667866.126422,0.060906255732893,0.46083287470189,0.000183452577508714,0.107870115575124,0.0592551825353146,0.31095211887727
205773.411807,2667866.126422,0.118315018315018,0.393406593406593,0,0.0558608058608059,0.0897435897435897,0.342673992673993
206273.411807,2667866.126422,0.0603669724770642,0.413577981651376,0,0.148990825688073,0.0913761467889908,0.285688073394495
206773.411807,2667866.126422,0.0640249495505412,0.499357915978719,0.000733810310034856,0.087873784626674,0.125665015593469,0.222344523940561
207273.411807,2667866.126422,0.161721611721612,0.170879120879121,0.0021978021978022,0.0926739926739927,0.127106227106227,0.445421245421245
207773.411807,2667866.126422,0.124036697247706,0.0530275229357798,0.00862385321100917,0.49743119266055,0.151192660550459,0.165688073394495
208273.411807,2667866.126422,0.0482480278847918,0.136121812511466,0.00146762062006971,0.606677673821317,0.103283801137406,0.10420106402495
208773.411807,2667866.126422,0.238827838827839,0.0611721611721612,0.000915750915750916,0.192124542124542,0.158791208791209,0.348168498168498
209273.411807,2667866.126422,0.380733944954128,0.0240366972477064,0,0.0198165137614679,0.249908256880734,0.325504587155963
209773.411807,2667866.126422,0.119060722803155,0.230783342505962,0,0.274078150798019,0.190974133186571,0.185103650706292
210273.411807,2667866.126422,0.0487179487179487,0.439377289377289,0,0.198351648351648,0.106593406593407,0.206959706959707
210773.411807,2667866.126422,0.0256880733944954,0.0932110091743119,0.00495412844036697,0.663119266055046,0.126605504587156,0.0864220183486239
211273.411807,2667866.126422,0.0876903320491653,0.075032104201064,0.000183452577508714,0.299944964226747,0.158136121812511,0.379013025133003
211773.411807,2667866.126422,0.0414734672849047,0.272024729520866,0,0.328438948995363,0.0958268933539413,0.262235960844925
199273.411807,2667366.126422,0.0812048192771084,0.0787951807228916,0.00072289156626506,0.69421686746988,0.0891566265060241,0.0559036144578313
199773.411807,2667366.126422,0.0339200586725339,0.306013934726806,0.00055005500550055,0.41969196919692,0.0936927026035937,0.146131279794646
200273.411807,2667366.126422,0.0608058608058608,0.621245421245421,0,0.0364468864468864,0.0195970695970696,0.261904761904762
200773.411807,2667366.126422,0.086996336996337,0.348351648351648,0,0.29029304029304,0.156410256410256,0.117948717948718
201273.411807,2667366.126422,0.111844517785112,0.614961496149615,0.00256692335900257,0.063989732306564,0.0894756142280895,0.117161716171617
201773.411807,2667366.126422,0.0340659340659341,0.674358974358974,0.00293040293040293,0.127838827838828,0.0406593406593407,0.12014652014652
202273.411807,2667366.126422,0.0551282051282051,0.228021978021978,0,0.563919413919414,0.0835164835164835,0.0694139194139194
202773.411807,2667366.126422,0.106343967730106,0.494316098276494,0,0.0781078107810781,0.0544554455445545,0.266776677667767
203273.411807,2667366.126422,0.0628205128205128,0.587912087912088,0.000549450549450549,0.113553113553114,0.0624542124542125,0.172710622710623
203773.411807,2667366.126422,0.0904761904761905,0.470879120879121,0.000183150183150183,0.104945054945055,0.0456043956043956,0.287912087912088
204273.411807,2667366.126422,0.0418041804180418,0.492665933259993,0.0011001100110011,0.0654565456545655,0.041987532086542,0.356985698569857
204773.411807,2667366.126422,0.00860805860805861,0.591025641025641,0.116117216117216,0.0243589743589744,0.0021978021978022,0.257692307692308
205273.411807,2667366.126422,0.0122710622710623,0.217216117216117,0.0957875457875458,0.0608058608058608,0.0161172161172161,0.597802197802198
205773.411807,2667366.126422,0.0511551155115512,0.304180418041804,0.176567656765677,0.129446277961129,0.0311697836450312,0.307480748074807
206273.411807,2667366.126422,0.039010989010989,0.0965201465201465,0.270879120879121,0.0313186813186813,0.0124542124542125,0.54981684981685
206773.411807,2667366.126422,0.0811355311355311,0.248717948717949,0.126190476190476,0.1,0.0891941391941392,0.354761904761905
207273.411807,2667366.126422,0.109094242757609,0.0614228089475614,0.00146681334800147,0.457462412907957,0.105977264393106,0.264576457645765
207773.411807,2667366.126422,0.0736263736263736,0.0805860805860806,0.000549450549450549,0.591941391941392,0.123809523809524,0.129487179487179
208273.411807,2667366.126422,0.0785714285714286,0.0935897435897436,0.00421245421245421,0.378388278388278,0.192857142857143,0.252380952380952
208773.411807,2667366.126422,0.0355702236890356,0.108544187752109,0.00605060506050605,0.575540887422076,0.168316831683168,0.105977264393106
209273.411807,2667366.126422,0.0932234432234432,0.084981684981685,0.0100732600732601,0.526190476190476,0.1496336996337,0.135897435897436
209773.411807,2667366.126422,0.0805860805860806,0.149450549450549,0.00384615384615385,0.360989010989011,0.106410256410256,0.298717948717949
210273.411807,2667366.126422,0.0474880821415475,0.0953428676200953,0.0315364869820315,0.504583791712505,0.137697103043638,0.183351668500183
210773.411807,2667366.126422,0.023992673992674,0.0335164835164835,0,0.516483516483517,0.171062271062271,0.254945054945055
211273.411807,2667366.126422,0.0935897435897436,0.0891941391941392,0.00421245421245421,0.483333333333333,0.108241758241758,0.221428571428571
211773.411807,2667366.126422,0.0835051546391753,0.052319587628866,0.00592783505154639,0.582474226804124,0.205412371134021,0.070360824742268
199273.411807,2666866.126422,0.0562123039806996,0.113872135102533,0.000241254523522316,0.628709288299156,0.0868516284680338,0.114113389626055
199773.411807,2666866.126422,0.0650540590067803,0.2376763789628,0.00201575957485798,0.474619754443834,0.0848451530144768,0.135788894997251
200273.411807,2666866.126422,0.0612956505780877,0.494769682510552,0.000550559735731327,0.172692237107726,0.0532207744540283,0.217471095613874
200773.411807,2666866.126422,0.0592334494773519,0.466165413533835,0,0.25197139189437,0.114065651934715,0.108564093159729
201273.411807,2666866.126422,0.0514934945940993,0.696536558548653,0,0.0756826094923951,0.0588235294117647,0.117463807953088
201773.411807,2666866.126422,0.0645990089924757,0.68875022939989,0,0.0449623784180584,0.0478986970086254,0.153789686180951
202273.411807,2666866.126422,0.121401063634696,0.267008985879332,0,0.343480652851641,0.134421419402164,0.133687878232166
202773.411807,2666866.126422,0.0802638812534359,0.140919919369617,0.00146600696353308,0.54590434304563,0.0804471321238776,0.150998717243907
203273.411807,2666866.126422,0.0482657368324463,0.66397504129198,0,0.0761607634428336,0.0473481372728941,0.164250321159846
203773.411807,2666866.126422,0.0599669906473501,0.507610489638731,0,0.0766550522648084,0.04401247019989,0.311754997249221
204273.411807,2666866.126422,0.0379329301814184,0.603628367234744,0.000183250870441635,0.122961334066337,0.0489279824079164,0.186366135239142
204773.411807,2666866.126422,0.259313635529455,0.332905120205542,0.00110111947146265,0.131950816663608,0.0622132501376399,0.212516057992292
205273.411807,2666866.126422,0.131120484137172,0.393544837704016,0.0121034293049697,0.175132954337062,0.057582981844856,0.230515312671924
205773.411807,2666866.126422,0.09529045262965,0.14018691588785,0.00256551218618288,0.100787978742899,0.0648708081363387,0.596298332417079
206273.411807,2666866.126422,0.140759772435309,0.151954487061846,0.00110111947146265,0.127729858689668,0.0370710222059093,0.541383740135805
206773.411807,2666866.126422,0.0937098844672657,0.183752063084541,0.0146708233999633,0.0696864111498258,0.136988813497158,0.501192004401247
207273.411807,2666866.126422,0.0183250870441635,0.143668682426242,0.113982041414697,0.0648708081363387,0.0595565328935312,0.599596848085028
207773.411807,2666866.126422,0.0541383740135805,0.11616810423931,0.111396586529638,0.0198201504863278,0.00238575885483575,0.696091025876308
208273.411807,2666866.126422,0.0720704199523198,0.0407115349348982,0.14414083990464,0.0097194205024757,0.00825233816247937,0.725105446543187
208773.411807,2666866.126422,0.0630382994319223,0.072200842954004,0.103719992669965,0.0450797141286421,0.0828293934396188,0.633131757375847
209273.411807,2666866.126422,0.0620297302257295,0.151036887502294,0.0124793540099101,0.155808405211966,0.135437694989906,0.483207928060195
209773.411807,2666866.126422,0.0949935815147625,0.153310104529617,0.00586832935998533,0.313588850174216,0.197505960022006,0.234733174399413
210273.411807,2666866.126422,0.0131940626717977,0.0940076965365585,0.0137438152831226,0.434854315557999,0.138171156312992,0.30602895363753
210773.411807,2666866.126422,0.0550559735731327,0.0532207744540283,0.0122958340979996,0.670398238208846,0.0489998164800881,0.160029363185906
211273.411807,2666866.126422,0.0265908674124335,0.0445626260773886,0.0022006235099945,0.771685310838071,0.113332110764717,0.0416284613973959
211773.411807,2666866.126422,0.0698453608247423,0.0577319587628866,0,0.593814432989691,0.173453608247423,0.105154639175258
199273.411807,2666366.126422,0.0969843184559711,0.34475271411339,0.000241254523522316,0.202653799758745,0.141857659831122,0.21351025331725
199773.411807,2666366.126422,0.0794871794871795,0.30970695970696,0,0.198168498168498,0.108974358974359,0.303663003663004
200273.411807,2666366.126422,0.0928440366972477,0.497798165137615,0.00128440366972477,0.108440366972477,0.0680733944954128,0.231559633027523
200773.411807,2666366.126422,0.0722803155384333,0.259218492019813,0.00238488350761328,0.410199963309484,0.112272977435333,0.143643368189323
201273.411807,2666366.126422,0.0677655677655678,0.176556776556777,0.000183150183150183,0.528021978021978,0.110989010989011,0.116483516483516
201773.411807,2666366.126422,0.0662385321100917,0.549724770642202,0,0.209724770642202,0.0895412844036697,0.0847706422018349
202273.411807,2666366.126422,0.0552192258301229,0.624472573839662,0.000183452577508714,0.108970831040176,0.0739313887360117,0.137222527976518
202773.411807,2666366.126422,0.0957875457875458,0.285897435897436,0.000183150183150183,0.304029304029304,0.124358974358974,0.18974358974359
203273.411807,2666366.126422,0.0706422018348624,0.462385321100917,0.00018348623853211,0.211376146788991,0.0662385321100917,0.189174311926605
203773.411807,2666366.126422,0.0794349660612732,0.277563749770684,0.000183452577508714,0.349293707576591,0.116675839295542,0.1768482847184
204273.411807,2666366.126422,0.0736263736263736,0.417948717948718,0.000549450549450549,0.143406593406593,0.0831501831501831,0.281318681318681
204773.411807,2666366.126422,0.131376146788991,0.221284403669725,0.0238532110091743,0.205321100917431,0.0895412844036697,0.328623853211009
205273.411807,2666366.126422,0.0465969546872134,0.330581544670703,0.002568336085122,0.287103283801137,0.121445606310769,0.211704274445056
205773.411807,2666366.126422,0.0216117216117216,0.511172161172161,0.000183150183150183,0.148534798534799,0.0763736263736264,0.242124542124542
206273.411807,2666366.126422,0.0667889908256881,0.23651376146789,0.00568807339449541,0.285688073394495,0.142935779816514,0.262385321100917
206773.411807,2666366.126422,0.125848468170978,0.287103283801137,0.00733810310034856,0.242340854889011,0.128233351678591,0.209135938359934
207273.411807,2666366.126422,0.141391941391941,0.386080586080586,0.000366300366300366,0.145787545787546,0.0728937728937729,0.253479853479853
207773.411807,2666366.126422,0.0772477064220184,0.597247706422018,0.00055045871559633,0.0240366972477064,0.00844036697247706,0.292477064220183
208273.411807,2666366.126422,0.0220143093010457,0.58631443771785,0,0,0.00183452577508714,0.389836727206017
208773.411807,2666366.126422,0.0816849816849817,0.142124542124542,0.00549450549450549,0.023992673992674,0.0142857142857143,0.732417582417582
209273.411807,2666366.126422,0.00165137614678899,0.264036697247706,0.0532110091743119,0.0570642201834862,0.0222018348623853,0.601834862385321
209773.411807,2666366.126422,0.00440286186020914,0.251330031186938,0.123096679508347,0.0631076866629976,0.0374243258117777,0.52063841496973
210273.411807,2666366.126422,0.0338827838827839,0.143406593406593,0.183150183150183,0.0606227106227106,0.0358974358974359,0.543040293040293
210773.411807,2666366.126422,0.0710091743119266,0.252293577981651,0.06,0.228990825688073,0.0746788990825688,0.31302752293578
211273.411807,2666366.126422,0.0719134103834159,0.167308750687947,0.0385250412768299,0.186571271326362,0.120344890845716,0.415336635479728
211773.411807,2666366.126422,0.171818650180319,0.0680061823802164,0.000515198351365276,0.358062854198867,0.119526017516744,0.282071097372488
199273.411807,2665866.126422,0.0142168674698795,0.801686746987952,0,0.0378313253012048,0.0373493975903614,0.108915662650602
199773.411807,2665866.126422,0.0553722038870554,0.500366703337,0,0.201136780344701,0.083975064173084,0.159149248258159
200273.411807,2665866.126422,0.0673992673992674,0.332600732600733,0,0.293956043956044,0.137179487179487,0.168864468864469
200773.411807,2665866.126422,0.0432234432234432,0.286263736263736,0,0.402564102564103,0.127838827838828,0.14010989010989
201273.411807,2665866.126422,0.0740740740740741,0.490649064906491,0.00055005500550055,0.180784745141181,0.0577557755775578,0.196186285295196
201773.411807,2665866.126422,0.0556776556776557,0.357326007326007,0.000366300366300366,0.375091575091575,0.086996336996337,0.124542124542125
202273.411807,2665866.126422,0.0664835164835165,0.388461538461538,0.00201465201465201,0.316483516483516,0.0824175824175824,0.144139194139194
202773.411807,2665866.126422,0.0518885221855519,0.250825082508251,0,0.465529886321966,0.104143747708104,0.127612761276128
203273.411807,2665866.126422,0.0716117216117216,0.223992673992674,0.000183150183150183,0.306593406593407,0.104212454212454,0.293406593406593
203773.411807,2665866.126422,0.0456043956043956,0.153296703296703,0.000549450549450549,0.567399267399267,0.0721611721611722,0.160989010989011
204273.411807,2665866.126422,0.0471213788045471,0.0951595159515952,0.0201686835350202,0.645214521452145,0.0777411074440777,0.114594792812615
204773.411807,2665866.126422,0.082967032967033,0.0847985347985348,0.00769230769230769,0.633516483516483,0.0987179487179487,0.0923076923076923
205273.411807,2665866.126422,0.0487179487179487,0.392857142857143,0,0.233516483516484,0.0913919413919414,0.233516483516484
205773.411807,2665866.126422,0.0320865419875321,0.570590392372571,0,0.127796112944628,0.0724239090575724,0.197103043637697
206273.411807,2665866.126422,0.0668498168498168,0.176190476190476,0.00128205128205128,0.389377289377289,0.135531135531136,0.230769230769231
206773.411807,2665866.126422,0.0893772893772894,0.326923076923077,0,0.277106227106227,0.108424908424908,0.198168498168498
207273.411807,2665866.126422,0.111294462779611,0.374770810414375,0,0.152731939860653,0.104510451045105,0.256692335900257
207773.411807,2665866.126422,0.0690476190476191,0.438095238095238,0,0.100915750915751,0.129120879120879,0.262820512820513
208273.411807,2665866.126422,0.0836996336996337,0.491208791208791,0,0.0725274725274725,0.0756410256410256,0.276923076923077
208773.411807,2665866.126422,0.107994132746608,0.454528786211955,0,0.0832416574990832,0.0821415474880821,0.272093876054272
209273.411807,2665866.126422,0.117032967032967,0.349084249084249,0.00677655677655678,0.0428571428571429,0.076007326007326,0.408241758241758
209773.411807,2665866.126422,0.0133699633699634,0.15,0.0882783882783883,0.0653846153846154,0.0326007326007326,0.6503663003663
210273.411807,2665866.126422,0.0647231389805647,0.0390539053905391,0.115144847818115,0.23982398239824,0.0155848918225156,0.525669233590026
210773.411807,2665866.126422,0.0811355311355311,0.553846153846154,0.0148351648351648,0.00274725274725275,0.0371794871794872,0.31025641025641
211273.411807,2665866.126422,0.205860805860806,0.0485347985347985,0.0032967032967033,0.118131868131868,0.1496336996337,0.474542124542125
211773.411807,2665866.126422,0.0371134020618557,0.254639175257732,0.0582474226804124,0.181443298969072,0.0827319587628866,0.385824742268041
199273.411807,2665366.126422,0.0359469240048251,0.696501809408926,0,0.118214716525935,0.0588661037394451,0.0904704463208685
199773.411807,2665366.126422,0.0542422576507238,0.389224848818032,0.000183250870441635,0.212387758841855,0.106835257467473,0.237126626351475
200273.411807,2665366.126422,0.0486327766562672,0.453661222242613,0.000367039823820885,0.219489814644889,0.0983666727839971,0.179482473848413
200773.411807,2665366.126422,0.0942600403447643,0.297450944434256,0.000183385292499542,0.339079405831652,0.104713002017238,0.164313222079589
201273.411807,2665366.126422,0.0853949056258017,0.198277441817849,0,0.468755726589701,0.10207073483599,0.145501191130658
201773.411807,2665366.126422,0.0846026793907139,0.22811525050468,0.0012846393833731,0.375298219856854,0.128096898513489,0.18260231235089
202273.411807,2665366.126422,0.0988446726572529,0.183018521914542,0.00201723821749496,0.432972675591418,0.0988446726572529,0.184302218962039
202773.411807,2665366.126422,0.0395821880153931,0.051676745464541,0.0133773135422393,0.82847718526663,0.045629466739967,0.0212571009712296
203273.411807,2665366.126422,0.0346852633510736,0.0440447788585061,0.0121123141860892,0.82969352174711,0.0563406129565058,0.0231235089007157
203773.411807,2665366.126422,0.0832569227947919,0.0458463231248854,0.00513478818998716,0.67192371171832,0.0933431138822666,0.100495140289749
204273.411807,2665366.126422,0.120579072750596,0.0965732087227414,0.00329851566794942,0.427707531610775,0.159611508154664,0.192230163093275
204773.411807,2665366.126422,0.0649660488162966,0.0491833363919985,0.00275279867865663,0.674435676270875,0.0976325931363553,0.111029546705818
205273.411807,2665366.126422,0.0533651201173666,0.061617458279846,0.0240234733174399,0.562992847973593,0.0940766550522648,0.20392444525949
205773.411807,2665366.126422,0.0650540590067803,0.0941909474070002,0.00366501740883269,0.477185266630016,0.0874106652006597,0.272494044346711
206273.411807,2665366.126422,0.0818498807120573,0.235272527069187,0,0.260598274912828,0.179298953936502,0.242980363369426
206773.411807,2665366.126422,0.0698697964423253,0.236750412616908,0,0.0949935815147625,0.200073354117,0.398312855309004
207273.411807,2665366.126422,0.0485614806670332,0.573025471870991,0,0.0645043063954554,0.100971229613341,0.212937511453179
207773.411807,2665366.126422,0.0691870067902367,0.401725087171958,0,0.211047898697009,0.168104239309965,0.149935768030831
208273.411807,2665366.126422,0.0339262791124152,0.514762516046213,0,0.226114065651935,0.102695763799743,0.122501375389694
208773.411807,2665366.126422,0.0452629649990837,0.787612241158146,0,0.0130108118013561,0.0159428257284222,0.138171156312992
209273.411807,2665366.126422,0.0855202789502661,0.644521930629473,0,0.0554230133969536,0.0835015599192512,0.131033217104056
209773.411807,2665366.126422,0.258389877131854,0.0808729139922978,0,0.123418301852191,0.133504492939666,0.40381441408399
210273.411807,2665366.126422,0.0289536375297783,0.210005497526113,0.0441634597764339,0.00806303829943192,0.0753161077515118,0.633498259116731
210773.411807,2665366.126422,0.0534042943659387,0.230133969535695,0.244448522664709,0.0354193429987154,0.00440447788585061,0.432189392549092
211273.411807,2665366.126422,0.116266275444709,0.301668806161746,0,0.011186502842472,0.070419952319824,0.500458463231249
211773.411807,2665366.126422,0.0873711340206186,0.199742268041237,0,0.295618556701031,0.149226804123711,0.268041237113402
199273.411807,2664866.126422,0.0945717732207479,0.259831121833534,0.000241254523522316,0.343063932448733,0.16357056694813,0.138721351025332
199773.411807,2664866.126422,0.0468864468864469,0.508791208791209,0,0.168315018315018,0.0978021978021978,0.178205128205128
200273.411807,2664866.126422,0.04,0.228073394495413,0,0.472110091743119,0.117064220183486,0.142752293577982
200773.411807,2664866.126422,0.0306365804439552,0.317372959090075,0.000550357732526142,0.255549440469639,0.0434782608695652,0.35241240139424
201273.411807,2664866.126422,0.0622710622710623,0.472893772893773,0,0.208791208791209,0.0853479853479854,0.170695970695971
201773.411807,2664866.126422,0.0776146788990826,0.457981651376147,0,0.114495412844037,0.0651376146788991,0.284770642201835
202273.411807,2664866.126422,0.0953953403045313,0.322509631260319,0.000366905155017428,0.237754540451293,0.0799853237937993,0.263988259035039
202773.411807,2664866.126422,0.0183150183150183,0.0272893772893773,0.0238095238095238,0.887179487179487,0.034981684981685,0.00842490842490842
203273.411807,2664866.126422,0.124036697247706,0.0686238532110092,0.0055045871559633,0.680183486238532,0.0510091743119266,0.0706422018348624
203773.411807,2664866.126422,0.0465969546872134,0.0365070629242341,0.00532012474775271,0.802971931755641,0.0741148413135205,0.0344890845716382
204273.411807,2664866.126422,0.0554945054945055,0.0646520146520147,0.00750915750915751,0.647802197802198,0.125091575091575,0.0994505494505494
204773.411807,2664866.126422,0.0732110091743119,0.247522935779817,0,0.472293577981651,0.0642201834862385,0.142752293577982
205273.411807,2664866.126422,0.071179600073381,0.0497156485048615,0.0209135938359934,0.715648504861493,0.103100348559897,0.0394423041643735
205773.411807,2664866.126422,0.0642857142857143,0.0399267399267399,0.00311355311355311,0.717216117216117,0.121428571428571,0.054029304029304
206273.411807,2664866.126422,0.0754128440366972,0.129174311926606,0.00036697247706422,0.436330275229358,0.0880733944954128,0.270642201834862
206773.411807,2664866.126422,0.0684278114107503,0.258301229132269,0,0.290405430196294,0.0803522289488167,0.302513300311869
207273.411807,2664866.126422,0.0655677655677656,0.108791208791209,0,0.317765567765568,0.125274725274725,0.382600732600733
207773.411807,2664866.126422,0.0236697247706422,0.82348623853211,0,0.0209174311926606,0.0181651376146789,0.113761467889908
208273.411807,2664866.126422,0.0392588515868648,0.592184920198129,0.00146762062006971,0.0882406897816914,0.114841313520455,0.16400660429279
208773.411807,2664866.126422,0.0461538461538462,0.523809523809524,0.000183150183150183,0.232234432234432,0.118498168498168,0.0791208791208791
209273.411807,2664866.126422,0.0324770642201835,0.647155963302752,0,0.0926605504587156,0.0746788990825688,0.15302752293578
209773.411807,2664866.126422,0.0739313887360117,0.77031737295909,0,0.0150431113557145,0.0486149330398092,0.0920931939093744
210273.411807,2664866.126422,0.11996336996337,0.317582417582418,0.000732600732600733,0.151098901098901,0.168681318681319,0.241941391941392
210773.411807,2664866.126422,0.0447706422018349,0.272293577981651,0.157064220183486,0.0335779816513761,0.0055045871559633,0.486788990825688
211273.411807,2664866.126422,0.0214639515685195,0.689965144010273,0.0152265639332233,0.00495321959273528,0.00403595670519171,0.264355164190057
211773.411807,2664866.126422,0.100721277691911,0.52241112828439,0,0.0649149922720247,0.0973724884080371,0.214580113343637
199273.411807,2664366.126422,0.0513253012048193,0.266746987951807,0.000240963855421687,0.458313253012048,0.107469879518072,0.115903614457831
199773.411807,2664366.126422,0.0311697836450312,0.41015768243491,0.000183351668500183,0.196002933626696,0.0784745141180785,0.284011734506784
200273.411807,2664366.126422,0.0441391941391941,0.434065934065934,0,0.342857142857143,0.10018315018315,0.0787545787545788
200773.411807,2664366.126422,0.0697802197802198,0.395787545787546,0,0.251648351648352,0.0529304029304029,0.22985347985348
201273.411807,2664366.126422,0.0731573157315732,0.326916024935827,0,0.281628162816282,0.0971763843050972,0.221122112211221
201773.411807,2664366.126422,0.0608058608058608,0.458424908424908,0,0.129120879120879,0.0842490842490843,0.267399267399267
202273.411807,2664366.126422,0.11025641025641,0.179304029304029,0.00641025641025641,0.41959706959707,0.102014652014652,0.182417582417582
202773.411807,2664366.126422,0.0562889622295563,0.0518885221855519,0.00366703337000367,0.751191785845251,0.0782911624495783,0.0586725339200587
203273.411807,2664366.126422,0.0423076923076923,0.0316849816849817,0.0168498168498168,0.83021978021978,0.0536630036630037,0.0252747252747253
203773.411807,2664366.126422,0.0793040293040293,0.0276556776556777,0.00293040293040293,0.812637362637363,0.0606227106227106,0.0168498168498168
204273.411807,2664366.126422,0.102493582691602,0.0377704437110378,0.015034836817015,0.682618261826183,0.0542720938760543,0.107810781078108
204773.411807,2664366.126422,0.0457875457875458,0.0316849816849817,0.00879120879120879,0.834065934065934,0.0619047619047619,0.0177655677655678
205273.411807,2664366.126422,0.043040293040293,0.0494505494505494,0.00567765567765568,0.725824175824176,0.0992673992673993,0.0767399267399267
205773.411807,2664366.126422,0.151265126512651,0.0385038503850385,0.0141180784745141,0.595342867620095,0.0940594059405941,0.106710671067107
206273.411807,2664366.126422,0.115018315018315,0.0271062271062271,0.000183150183150183,0.476556776556777,0.100549450549451,0.280586080586081
206773.411807,2664366.126422,0.113553113553114,0.0173992673992674,0.000366300366300366,0.616666666666667,0.0831501831501831,0.168864468864469
207273.411807,2664366.126422,0.0863586358635864,0.0487715438210488,0,0.648331499816648,0.143197653098643,0.0733406674000733
207773.411807,2664366.126422,0.0941391941391941,0.324358974358974,0.000183150183150183,0.261538461538462,0.108974358974359,0.210805860805861
208273.411807,2664366.126422,0.0613553113553114,0.361355311355311,0,0.184981684981685,0.13956043956044,0.252747252747253
208773.411807,2664366.126422,0.0826916024935827,0.301430143014301,0.00293362669600293,0.263843050971764,0.133113311331133,0.215988265493216
209273.411807,2664366.126422,0.0536630036630037,0.31996336996337,0,0.238827838827839,0.176556776556777,0.210989010989011
209773.411807,2664366.126422,0.0527472527472527,0.543956043956044,0,0.131501831501832,0.126739926739927,0.145054945054945
210273.411807,2664366.126422,0.0247524752475248,0.744591125779245,0.000733406674000733,0.0157682434910158,0.0462046204620462,0.167950128346168
210773.411807,2664366.126422,0.154029304029304,0.403846153846154,0.00714285714285714,0.0183150183150183,0.0532967032967033,0.363369963369963
211273.411807,2664366.126422,0.105860805860806,0.425641025641026,0.0360805860805861,0.0395604395604396,0.0021978021978022,0.390659340659341
211773.411807,2664366.126422,0.0858247422680412,0.731443298969072,0,0.0105670103092784,0.0394329896907216,0.132731958762887
199273.411807,2663866.126422,0.0443908323281062,0.428950542822678,0.000965018094089264,0.193486127864897,0.112183353437877,0.220024125452352
199773.411807,2663866.126422,0.0593732820230896,0.403884918453363,0,0.250320689023273,0.091258933479934,0.195162177020341
200273.411807,2663866.126422,0.0240411084602679,0.690218388695173,0,0.0803817214167737,0.0612956505780877,0.144063130849697
200773.411807,2663866.126422,0.0762882816798093,0.354300385109114,0.000916926462497708,0.301302035576747,0.0819732257472951,0.185219145424537
201273.411807,2663866.126422,0.0971229613340663,0.339563862928349,0.000183250870441635,0.264980758658604,0.0863111599780099,0.21183800623053
201773.411807,2663866.126422,0.0622132501376399,0.312167370159662,0.00146815929528354,0.235456046981097,0.0741420444118187,0.314553129014498
202273.411807,2663866.126422,0.0735375022923162,0.0418118466898955,0.011186502842472,0.685860993948285,0.0893086374472767,0.0982945167797543
202773.411807,2663866.126422,0.0390324354040682,0.0351841671247938,0.0208905992303463,0.815466373465274,0.0743998533993036,0.015026571376214
203273.411807,2663866.126422,0.0288126261699394,0.0146815929528354,0.009543035419343,0.922371077261883,0.0205542301339695,0.00403743806202973
203773.411807,2663866.126422,0.173482486704566,0.0408949202273978,0.00403447643498991,0.59600220062351,0.0649183935448377,0.120667522464698
204273.411807,2663866.126422,0.315557998900495,0.0615722924683892,0.000183250870441635,0.0850284038849184,0.10426974528129,0.433388308594466
204773.411807,2663866.126422,0.370893741971004,0.0546889337493118,0.00238575885483575,0.112681225913012,0.100935951550743,0.358414387961094
205273.411807,2663866.126422,0.371355217311572,0.039611223179901,0,0.0893086374472767,0.141940216394645,0.357784705666606
205773.411807,2663866.126422,0.345061389041598,0.0168590800806304,0,0.0269378779549203,0.0144768187648891,0.596664834157962
206273.411807,2663866.126422,0.318040007340796,0.02073775004588,0.000734079647641769,0.102037071022206,0.0546889337493118,0.503762158194164
206773.411807,2663866.126422,0.312488538419219,0.0181551439574546,0.000366770584999083,0.0724371905373189,0.0977443609022556,0.498807995598753
207273.411807,2663866.126422,0.310243723657687,0.0661535642294301,0,0.0901594282572842,0.0448964632582005,0.488546820597398
207773.411807,2663866.126422,0.212699577904203,0.0412919801798495,0.000734079647641769,0.108460267939071,0.14920168838319,0.487612405946045
208273.411807,2663866.126422,0.319640564826701,0.0165046763249587,0.000733541169998166,0.210526315789474,0.171648633779571,0.280946268109298
208773.411807,2663866.126422,0.341579622503207,0.0236393622869709,0.000916254352208173,0.0307861462341946,0.0685358255451713,0.534542789078248
209273.411807,2663866.126422,0.118920902917967,0.0504679757753716,0.000183519911910442,0.474031932464672,0.17416039640301,0.182235272527069
209773.411807,2663866.126422,0.105079772602237,0.257656335961856,0,0.156794425087108,0.125435540069686,0.355033926279112
210273.411807,2663866.126422,0.0148433205057724,0.684442001099505,0,0.00458127176104087,0.0249221183800623,0.271211288253619
210773.411807,2663866.126422,0.0765278032666544,0.520278950266104,0,0.00972655533125344,0.0422095797394017,0.351257111396587
211273.411807,2663866.126422,0.00568494406748579,0.23216578030442,0.0320924261874198,0.0496974142673758,0.0579497524298551,0.622409682743444
211773.411807,2663866.126422,0.00850515463917526,0.482474226804124,0,0,0,0.509020618556701
199273.411807,2663366.126422,0.0579010856453559,0.424125452352232,0.083232810615199,0.18962605548854,0.0926417370325694,0.152472858866104
199773.411807,2663366.126422,0.0510989010989011,0.473260073260073,0,0.212820512820513,0.0847985347985348,0.178021978021978
200273.411807,2663366.126422,0.0741284403669725,0.472844036697248,0,0.164403669724771,0.104770642201835,0.183853211009174
200773.411807,2663366.126422,0.0774169877086773,0.438451660245826,0,0.276096129150615,0.0873234268941479,0.120711796000734
201273.411807,2663366.126422,0.0525641025641026,0.623443223443223,0.000549450549450549,0.0858974358974359,0.0327838827838828,0.204761904761905
201773.411807,2663366.126422,0.0699082568807339,0.355596330275229,0.0073394495412844,0.296880733944954,0.0519266055045872,0.218348623853211
202273.411807,2663366.126422,0.0398092093193909,0.0939277196844616,0.00458631443771785,0.738763529627591,0.0497156485048615,0.0731975784259769
202773.411807,2663366.126422,0.0386446886446886,0.0115384615384615,0.00567765567765568,0.883516483516483,0.0503663003663004,0.0102564102564103
203273.411807,2663366.126422,0.0273394495412844,0.0106422018348624,0.00440366972477064,0.930275229357798,0.0253211009174312,0.00201834862385321
203773.411807,2663366.126422,0.0565033938726839,0.0306365804439552,0.0126582278481013,0.80737479361585,0.0623738763529628,0.0304531278664465
204273.411807,2663366.126422,0.161538461538462,0.0536630036630037,0.00769230769230769,0.549267399267399,0.123443223443223,0.104395604395604
204773.411807,2663366.126422,0.302935779816514,0.0585321100917431,0.00165137614678899,0.161834862385321,0.117798165137615,0.357247706422018
205273.411807,2663366.126422,0.213538800220143,0.0409099247844432,0.00220143093010457,0.144744083654375,0.151715281599706,0.446890478811227
205773.411807,2663366.126422,0.127106227106227,0.0584249084249084,0,0.00879120879120879,0.0472527472527473,0.758424908424908
