"x","y","forest","agri","water","built","other","grass"
326273.411807,2737866.126422,0.0653846153846154,0.032967032967033,0.0206959706959707,0.790659340659341,0.0489010989010989,0.0413919413919414
326773.411807,2737866.126422,0.0285714285714286,0.123992673992674,0.105128205128205,0.571794871794872,0.063003663003663,0.107509157509158
327273.411807,2737866.126422,0.015034836817015,0.0539053905390539,0.301063439677301,0.55023835716905,0.0434543454345435,0.0363036303630363
327773.411807,2737866.126422,0.0249084249084249,0.102197802197802,0.156593406593407,0.675091575091575,0.0342490842490843,0.00695970695970696
328273.411807,2737866.126422,0.0344322344322344,0.258608058608059,0.101282051282051,0.506776556776557,0.0335164835164835,0.0653846153846154
328773.411807,2737866.126422,0.00385038503850385,0.194169416941694,0.494866153281995,0.292445911257792,0.0132013201320132,0.00146681334800147
329273.411807,2737866.126422,0.0269230769230769,0.0527472527472527,0.284981684981685,0.602380952380952,0.0238095238095238,0.00915750915750916
329773.411807,2737866.126422,0.030952380952381,0.20018315018315,0.0512820512820513,0.636813186813187,0.0542124542124542,0.0265567765567766
330273.411807,2737866.126422,0.0117345067840117,0.239457279061239,0.0801246791345801,0.606894022735607,0.0434543454345435,0.0183351668500183
330773.411807,2737866.126422,0.0184981684981685,0.320512820512821,0.171062271062271,0.337362637362637,0.0503663003663004,0.102197802197802
331273.411807,2737866.126422,0.0298534798534799,0.156410256410256,0.387362637362637,0.392307692307692,0.023992673992674,0.0100732600732601
331773.411807,2737866.126422,0.00421708837550422,0.0458379171250458,0.74954162082875,0.193802713604694,0.00586725339200587,0.000733406674000733
332273.411807,2737866.126422,0.05,0.253113553113553,0.372344322344322,0.218131868131868,0.0304029304029304,0.076007326007326
332773.411807,2737866.126422,0.283150183150183,0.185897435897436,0.00842490842490842,0.265750915750916,0.0820512820512821,0.174725274725275
326273.411807,2737366.126422,0.0697375665259681,0.101119471462654,0.00679023674068636,0.644154890805652,0.0930445953385942,0.0851532391264452
326773.411807,2737366.126422,0.109297634329727,0.19603887768201,0.0414450761048964,0.381258023106547,0.072803961122318,0.199156427654502
327273.411807,2737366.126422,0.0186915887850467,0.138720908924317,0.216602528862012,0.559648158328752,0.0533260032985157,0.0130108118013561
327773.411807,2737366.126422,0.0288126261699394,0.109194347586713,0.16590200036704,0.579555881813177,0.0706551660855203,0.0458799779776106
328273.411807,2737366.126422,0.0106363469649734,0.167247386759582,0.235650100861911,0.53200073354117,0.0359435173299101,0.0185219145424537
328773.411807,2737366.126422,0.0194245922668133,0.150082462891699,0.258566978193146,0.536558548653106,0.0258383727322705,0.009529045262965
329273.411807,2737366.126422,0.0117452743622683,0.160212883097816,0.401908607083869,0.408331804000734,0.0133969535694623,0.00440447788585061
329773.411807,2737366.126422,0.0144874381074638,0.326609205941683,0.250137538969375,0.386759581881533,0.0188886851274528,0.00311754997249221
330273.411807,2737366.126422,0.0225398570643211,0.244090159428257,0.187282389591351,0.504306395455378,0.0307861462341946,0.0109950522264981
330773.411807,2737366.126422,0.0163332721600294,0.23233620847862,0.089190677188475,0.482657368324463,0.0761607634428336,0.103321710405579
331273.411807,2737366.126422,0.0342930496974143,0.139189437007152,0.283697047496791,0.399779937649001,0.0524481936548689,0.0905923344947735
331773.411807,2737366.126422,0.00109950522264981,0.119113065787062,0.547187099138721,0.328568810701851,0.00164925783397471,0.00238226131574125
332273.411807,2737366.126422,0.0154156726004772,0.370893741971004,0.254175077995963,0.312901449807304,0.0321159845843274,0.0144980730409249
332773.411807,2737366.126422,0.122134604804695,0.120484137172199,0.0133871263524665,0.354850540986613,0.0946268109297634,0.294516779754264
326273.411807,2736866.126422,0.0519266055045872,0.0788990825688073,0.0278899082568807,0.432110091743119,0.142018348623853,0.267155963302752
326773.411807,2736866.126422,0.0427444505595304,0.205283434232251,0.0473307649972482,0.438635112823335,0.0908090258668134,0.175197211520822
327273.411807,2736866.126422,0.0249084249084249,0.063003663003663,0.29029304029304,0.55018315018315,0.0408424908424908,0.0307692307692308
327773.411807,2736866.126422,0.0539449541284404,0.123119266055046,0.31302752293578,0.442018348623853,0.0390825688073395,0.0288073394495413
328273.411807,2736866.126422,0.0761328196661163,0.189139607411484,0.201981287837094,0.450192625206384,0.0418271876719868,0.0407264722069345
328773.411807,2736866.126422,0.00824175824175824,0.456227106227106,0.0815018315018315,0.373992673992674,0.0521978021978022,0.0278388278388278
329273.411807,2736866.126422,0.0288073394495413,0.279082568807339,0.191559633027523,0.434678899082569,0.0458715596330275,0.02
329773.411807,2736866.126422,0.00715465052283985,0.392405063291139,0.161988625940194,0.394789946798753,0.0365070629242341,0.00715465052283985
330273.411807,2736866.126422,0.00732600732600733,0.3996336996337,0.23003663003663,0.333333333333333,0.0192307692307692,0.0104395604395604
330773.411807,2736866.126422,0.0201834862385321,0.306422018348624,0.186605504587156,0.447522935779816,0.0330275229357798,0.00623853211009174
331273.411807,2736866.126422,0.0188956154833975,0.56778572738947,0.0691616217207852,0.166391487800404,0.0508163639699138,0.12694918363603
331773.411807,2736866.126422,0.00494505494505494,0.415201465201465,0.131501831501832,0.412271062271062,0.0265567765567766,0.00952380952380952
332273.411807,2736866.126422,0.0163302752293578,0.491192660550459,0.106605504587156,0.312660550458716,0.0440366972477064,0.0291743119266055
332773.411807,2736866.126422,0.0372408732342689,0.238488350761328,0.0423775454045129,0.49073564483581,0.0919097413318657,0.0992478444322143
333273.411807,2736866.126422,0.29029304029304,0.034981684981685,0.239010989010989,0.148901098901099,0.023992673992674,0.262820512820513
326273.411807,2736366.126422,0.00769230769230769,0.172161172161172,0.0342490842490843,0.284615384615385,0.127838827838828,0.373443223443223
326773.411807,2736366.126422,0.0789377289377289,0.106043956043956,0.0175824175824176,0.159157509157509,0.0725274725274725,0.565750915750916
327273.411807,2736366.126422,0.12999633296663,0.104693802713605,0.0828749541620829,0.448111477814448,0.105243857719105,0.129079574624129
327773.411807,2736366.126422,0.00421245421245421,0.0864468864468864,0.286630036630037,0.58021978021978,0.0289377289377289,0.0135531135531136
328273.411807,2736366.126422,0.00256410256410256,0.173809523809524,0.402197802197802,0.413369963369963,0.00805860805860806,0
328773.411807,2736366.126422,0.000916758342500917,0.241474147414741,0.344884488448845,0.381004767143381,0.0201686835350202,0.0115511551155116
329273.411807,2736366.126422,0.00750915750915751,0.142673992673993,0.402380952380952,0.391025641025641,0.0375457875457875,0.0188644688644689
329773.411807,2736366.126422,0.0155677655677656,0.177472527472527,0.2996336996337,0.443406593406593,0.0450549450549451,0.0188644688644689
330273.411807,2736366.126422,0.0115511551155116,0.411807847451412,0.123945727906124,0.41987532086542,0.0258525852585259,0.00696736340300697
330773.411807,2736366.126422,0.01996336996337,0.472710622710623,0.108058608058608,0.354212454212454,0.0333333333333333,0.0117216117216117
331273.411807,2736366.126422,0.01996336996337,0.435164835164835,0.0197802197802198,0.464652014652015,0.0421245421245421,0.0183150183150183
331773.411807,2736366.126422,0.011001100110011,0.350568390172351,0.12962962962963,0.401356802346901,0.0484048404840484,0.059039237257059
332273.411807,2736366.126422,0.0119047619047619,0.445054945054945,0.0873626373626374,0.291208791208791,0.0822344322344322,0.0822344322344322
332773.411807,2736366.126422,0.0521978021978022,0.234432234432234,0.0728937728937729,0.458424908424908,0.0712454212454212,0.110805860805861
333273.411807,2736366.126422,0.242757609094243,0.178401173450678,0.0126512651265127,0.0887422075540887,0.0443711037770444,0.433076640997433
326273.411807,2735866.126422,0.0356028629106258,0.277482106808589,0.0357863828225362,0.488713525417508,0.0956138741053404,0.066801247935401
326773.411807,2735866.126422,0.110031175499725,0.165596919127086,0.0148542086924629,0.306436823766734,0.120300751879699,0.282780121034293
327273.411807,2735866.126422,0.148249954187282,0.14458493677845,0.0137438152831226,0.283122594832325,0.106652006597031,0.303646692321789
327773.411807,2735866.126422,0.026977427050835,0.194164066801248,0.185722150853368,0.518443751146999,0.0561570930445953,0.0185355111029547
328273.411807,2735866.126422,0.00696864111498258,0.193104713002017,0.258206491839354,0.524665321841188,0.0154043645699615,0.00165046763249587
328773.411807,2735866.126422,0.00568077698369067,0.0835623969213854,0.432838555983141,0.464907458310427,0.0122778083195895,0.000733003481766538
329273.411807,2735866.126422,0.0163332721600294,0.290879060378051,0.304092494035603,0.363002385758855,0.0119287942741787,0.0137639933932832
329773.411807,2735866.126422,0.00678525582248304,0.197505960022006,0.248303686044379,0.531450577663671,0.0148542086924629,0.00110031175499725
330273.411807,2735866.126422,0.00568077698369067,0.127909107568261,0.509620670698186,0.321422026754627,0.0254718709913872,0.00989554700384827
330773.411807,2735866.126422,0.00367039823820885,0.227381170857038,0.38172141677372,0.32795008258396,0.0436777390346853,0.0155991925123876
331273.411807,2735866.126422,0.0361269026224097,0.280212726939299,0.146341463414634,0.4799193104713,0.0434623143223913,0.0139372822299652
331773.411807,2735866.126422,0.00861279091075683,0.334432838555983,0.159978009895547,0.464907458310427,0.0278541323071285,0.0042147700201576
332273.411807,2735866.126422,0.00367039823820885,0.374380620297302,0.123141860891907,0.419710038539181,0.0229399889888053,0.0561570930445953
332773.411807,2735866.126422,0.0394278378874014,0.324591967724189,0.139372822299652,0.229598386209426,0.0588666788923528,0.20814230698698
333273.411807,2735866.126422,0.124244090159428,0.292468389224849,0.0232728605460876,0.251786695986806,0.0872274143302181,0.221000549752611
333773.411807,2735866.126422,0.292897779409066,0.0343182235272527,0.372912461002019,0.12883097816113,0.00807487612405946,0.162965681776473
326273.411807,2735366.126422,0.0113761467889908,0.359633027522936,0.0392660550458716,0.316880733944954,0.0862385321100917,0.186605504587156
326773.411807,2735366.126422,0.0653091175931022,0.252614199229499,0.0203632361034673,0.260135754907356,0.136488717666483,0.265088974500092
327273.411807,2735366.126422,0.0838827838827839,0.195054945054945,0.0716117216117216,0.408424908424908,0.120695970695971,0.12032967032967
327773.411807,2735366.126422,0.0365137614678899,0.146422018348624,0.229724770642202,0.514678899082569,0.0480733944954128,0.0245871559633028
328273.411807,2735366.126422,0.0341221794166208,0.319390937442671,0.180333883691066,0.397541735461383,0.0445789763346175,0.0240322876536415
328773.411807,2735366.126422,0.0100732600732601,0.080952380952381,0.426373626373626,0.463369963369963,0.0179487179487179,0.00128205128205128
329273.411807,2735366.126422,0.0390825688073395,0.19743119266055,0.24605504587156,0.451926605504587,0.0524770642201835,0.0130275229357798
329773.411807,2735366.126422,0.0091726288754357,0.309484498257201,0.0570537516052101,0.542836176848285,0.0671436433681893,0.0143093010456797
330273.411807,2735366.126422,0.0161172161172161,0.123626373626374,0.236263736263736,0.563186813186813,0.0547619047619048,0.00604395604395604
330773.411807,2735366.126422,0.0374311926605505,0.168623853211009,0.342752293577982,0.38605504587156,0.0471559633027523,0.0179816513761468
331273.411807,2735366.126422,0.00733810310034856,0.192441753806641,0.410383415886993,0.367822417904972,0.0188956154833975,0.00311869381764814
331773.411807,2735366.126422,0.00238095238095238,0.19010989010989,0.358241758241758,0.366666666666667,0.0287545787545788,0.0538461538461538
332273.411807,2735366.126422,0.0291743119266055,0.205321100917431,0.215596330275229,0.425137614678899,0.0467889908256881,0.0779816513761468
332773.411807,2735366.126422,0.0537516052100532,0.215556778572739,0.153182902219776,0.304714731241974,0.0645753072830673,0.20821867547239
333273.411807,2735366.126422,0.0608058608058608,0.372710622710623,0.08003663003663,0.239194139194139,0.0659340659340659,0.181318681318681
333773.411807,2735366.126422,0.590825688073395,0.151009174311927,0.0132110091743119,0.0196330275229358,0.0122935779816514,0.21302752293578
326273.411807,2734866.126422,0.0221611721611722,0.313736263736264,0.030952380952381,0.424542124542125,0.104029304029304,0.104578754578755
326773.411807,2734866.126422,0.0263736263736264,0.137728937728938,0.184432234432234,0.337179487179487,0.10989010989011,0.204395604395604
327273.411807,2734866.126422,0.0357535753575358,0.234690135680235,0.102860286028603,0.409424275760909,0.0733406674000733,0.143931059772644
327773.411807,2734866.126422,0.0102564102564103,0.314652014652015,0.0868131868131868,0.454761904761905,0.0853479853479854,0.0481684981684982
328273.411807,2734866.126422,0.036996336996337,0.378388278388278,0.026007326007326,0.339194139194139,0.120512820512821,0.0989010989010989
328773.411807,2734866.126422,0.0324532453245325,0.436560322698937,0.0119178584525119,0.322148881554822,0.116428309497616,0.0804913824715805
329273.411807,2734866.126422,0.010989010989011,0.484615384615385,0.00860805860805861,0.345421245421245,0.0754578754578755,0.0749084249084249
329773.411807,2734866.126422,0.013003663003663,0.333699633699634,0.0945054945054945,0.409157509157509,0.0946886446886447,0.0549450549450549
330273.411807,2734866.126422,0.0284195086175284,0.398239823982398,0.0592225889255592,0.327649431609828,0.079024569123579,0.107444077741107
330773.411807,2734866.126422,0.0315018315018315,0.483516483516484,0.0727106227106227,0.216300366300366,0.0886446886446886,0.107326007326007
331273.411807,2734866.126422,0.0386446886446886,0.425274725274725,0.0336996336996337,0.358791208791209,0.0906593406593407,0.0529304029304029
331773.411807,2734866.126422,0.00971763843050972,0.374404107077374,0.0878254492115878,0.342134213421342,0.0775577557755776,0.108360836083608
332273.411807,2734866.126422,0.0177655677655678,0.173992673992674,0.369047619047619,0.357142857142857,0.0375457875457875,0.0445054945054945
332773.411807,2734866.126422,0.00586080586080586,0.192857142857143,0.42014652014652,0.271794871794872,0.0326007326007326,0.0767399267399267
333273.411807,2734866.126422,0.0166850018335167,0.245874587458746,0.349468280161349,0.171617161716172,0.0678401173450678,0.148514851485149
333773.411807,2734866.126422,0.420879120879121,0.124175824175824,0.0556776556776557,0.15970695970696,0.0472527472527473,0.192307692307692
334273.411807,2734866.126422,0.106593406593407,0.116300366300366,0.393589743589744,0.26043956043956,0.0287545787545788,0.0943223443223443
326273.411807,2734366.126422,0.00972655533125344,0.135254175077996,0.186456230501009,0.259680675353276,0.0471646173609837,0.361717746375482
326773.411807,2734366.126422,0.00458463231248854,0.185952686594535,0.301302035576747,0.246469833119384,0.0124701998899688,0.249220612506877
327273.411807,2734366.126422,0.000916254352208173,0.103353490929082,0.427707531610775,0.396921385376581,0.0344511636430273,0.0366501740883269
327773.411807,2734366.126422,0.000183519911910442,0.109928427234355,0.461552578454762,0.353642870251422,0.0346852633510736,0.0400073407964764
328273.411807,2734366.126422,0.00605171465248487,0.0997615991197506,0.394094993581515,0.388776820099028,0.0458463231248854,0.0654685494223363
328773.411807,2734366.126422,0.00128275609309144,0.129741616272677,0.437969580355507,0.319589518050211,0.0371999266996518,0.074216602528862
329273.411807,2734366.126422,0.0106441548908057,0.183703431822353,0.392182051752615,0.259680675353276,0.036520462470178,0.117269223710773
329773.411807,2734366.126422,0.00165046763249587,0.198056115899505,0.403447643498991,0.323491655969191,0.0436456996148909,0.0297084173849257
330273.411807,2734366.126422,0.00128275609309144,0.161260765988638,0.457760674363203,0.339747113798791,0.0243723657687374,0.0155763239875389
330773.411807,2734366.126422,0,0.0899247568361167,0.512204074142044,0.371994861442467,0.0198201504863278,0.00605615709304459
331273.411807,2734366.126422,0,0.134421419402164,0.648633779570878,0.200623509994498,0.0152209792774619,0.00110031175499725
331773.411807,2734366.126422,0,0.18050210738501,0.364485981308411,0.358805204324721,0.083745647791827,0.0124610591900312
332273.411807,2734366.126422,0,0.0961644338410718,0.458616259864195,0.39401725087172,0.0491833363919985,0.00201871903101487
332773.411807,2734366.126422,0,0.121401063634696,0.361085640931597,0.447643498991381,0.0460297084173849,0.0238400880249404
333273.411807,2734366.126422,0,0.0437969580355507,0.377313542239326,0.490929081913139,0.0520432472054242,0.0359171706065604
333773.411807,2734366.126422,0,0.0563406129565058,0.291980179849514,0.579739401725087,0.0167003119838502,0.0552394934850431
334273.411807,2734366.126422,0,0.0168714469099578,0.287364753346782,0.663304602970842,0.028791490922428,0.00366770584999083
326273.411807,2733866.126422,0.0453211009174312,0.241834862385321,0.00458715596330275,0.18256880733945,0.100550458715596,0.425137614678899
326773.411807,2733866.126422,0.0137589433131535,0.206384149697303,0.026967528893781,0.140341221794166,0.0519170794349661,0.56063107686663
327273.411807,2733866.126422,0.00989010989010989,0.198717948717949,0.107875457875458,0.41959706959707,0.0701465201465201,0.193772893772894
327773.411807,2733866.126422,0.0311926605504587,0.0388990825688073,0.071743119266055,0.617064220183486,0.0700917431192661,0.171009174311927
328273.411807,2733866.126422,0.0238488350761328,0.081452944413869,0.20546688680976,0.605576958356265,0.0539350577875619,0.0297193175564117
328773.411807,2733866.126422,0.0327838827838828,0.0952380952380952,0.267032967032967,0.528205128205128,0.0446886446886447,0.032051282051282
329273.411807,2733866.126422,0.0203669724770642,0.18697247706422,0.326605504587156,0.420550458715596,0.033394495412844,0.0121100917431193
329773.411807,2733866.126422,0.0135754907356448,0.0796184186387819,0.385617317923317,0.474224912860026,0.0293524124013942,0.0176114474408365
330273.411807,2733866.126422,0.0256410256410256,0.171611721611722,0.213369963369963,0.461355311355311,0.0684981684981685,0.0595238095238095
330773.411807,2733866.126422,0.00330275229357798,0.29394495412844,0.125871559633028,0.491376146788991,0.0434862385321101,0.0420183486238532
331273.411807,2733866.126422,0.00201797835259585,0.283801137405981,0.0972298660796184,0.536048431480462,0.0519170794349661,0.0289855072463768
331773.411807,2733866.126422,0.0263736263736264,0.285347985347985,0.139377289377289,0.415201465201465,0.0783882783882784,0.0553113553113553
332273.411807,2733866.126422,0.0297247706422018,0.182385321100917,0.0724770642201835,0.617981651376147,0.0693577981651376,0.0280733944954128
332773.411807,2733866.126422,0.0324711062190424,0.384149697303247,0.0132085855806274,0.282883874518437,0.131718950651257,0.155567785727389
333273.411807,2733866.126422,0.00384615384615385,0.164285714285714,0.028021978021978,0.212820512820513,0.182783882783883,0.408241758241758
333773.411807,2733866.126422,0,0.307339449541284,0.0370642201834862,0.463119266055046,0.103119266055046,0.0893577981651376
334273.411807,2733866.126422,0,0.383048981838195,0.152815997064759,0.226013575490736,0.126398825903504,0.111722619702807
326273.411807,2733366.126422,0.0168498168498168,0.307509157509158,0.142307692307692,0.176373626373626,0.0591575091575092,0.297802197802198
326773.411807,2733366.126422,0.0201465201465201,0.156776556776557,0.101465201465201,0.588644688644689,0.0875457875457875,0.0454212454212454
327273.411807,2733366.126422,0.0128346167950128,0.14961496149615,0.18041804180418,0.590575724239091,0.0429042904290429,0.0236523652365237
327773.411807,2733366.126422,0.0412087912087912,0.0371794871794872,0.0340659340659341,0.789194139194139,0.0554945054945055,0.0428571428571429
328273.411807,2733366.126422,0.0529304029304029,0.163919413919414,0.0373626373626374,0.589010989010989,0.0928571428571429,0.0639194139194139
328773.411807,2733366.126422,0.0337367070040337,0.150898423175651,0.162632929959663,0.549321598826549,0.0617895122845618,0.0416208287495416
329273.411807,2733366.126422,0.0208791208791209,0.161721611721612,0.339010989010989,0.411538461538462,0.0382783882783883,0.0285714285714286
329773.411807,2733366.126422,0.0155677655677656,0.0666666666666667,0.197435897435897,0.68003663003663,0.0296703296703297,0.0106227106227106
330273.411807,2733366.126422,0.0500550055005501,0.219288595526219,0.206453978731206,0.46974697469747,0.0210854418775211,0.0333700036670334
330773.411807,2733366.126422,0.00970695970695971,0.100732600732601,0.302747252747253,0.529487179487179,0.0377289377289377,0.0195970695970696
331273.411807,2733366.126422,0.0172161172161172,0.107875457875458,0.19047619047619,0.532600732600733,0.0496336996336996,0.102197802197802
331773.411807,2733366.126422,0.0214521452145215,0.154382104877154,0.156032269893656,0.628162816281628,0.0298863219655299,0.0100843417675101
332273.411807,2733366.126422,0.0137362637362637,0.11959706959707,0.109157509157509,0.701098901098901,0.0448717948717949,0.0115384615384615
332773.411807,2733366.126422,0.0168498168498168,0.125091575091575,0.167582417582418,0.579304029304029,0.0351648351648352,0.076007326007326
333273.411807,2733366.126422,0.0242024202420242,0.230656398973231,0.213421342134213,0.326549321598827,0.0522552255225523,0.152915291529153
333773.411807,2733366.126422,0.0175824175824176,0.2503663003663,0.139194139194139,0.232600732600733,0.056043956043956,0.304212454212454
334273.411807,2733366.126422,0.0142857142857143,0.0628205128205128,0.672344322344322,0.194871794871795,0.0212454212454212,0.0344322344322344
326273.411807,2732866.126422,0.0126628739218205,0.151403927326115,0.178197834465039,0.259313635529455,0.044411818682327,0.354009910075243
326773.411807,2732866.126422,0.0262240968274344,0.0856409315972859,0.195121951219512,0.597652668256006,0.070419952319824,0.0249403997799376
327273.411807,2732866.126422,0.0393989371449514,0.130474619754444,0.144768187648891,0.569177203591717,0.0648708081363387,0.0513102437236577
327773.411807,2732866.126422,0.0240411084602679,0.065149568728207,0.0554230133969536,0.733162048082217,0.0734079647641769,0.0488162965681776
328273.411807,2732866.126422,0.044379240784889,0.197505960022006,0.0700531817348249,0.503209242618742,0.0896754080322758,0.0951769668072621
328773.411807,2732866.126422,0.00879604178119846,0.115814550119113,0.250687190764156,0.53472603994869,0.026571376214037,0.0634048011728056
329273.411807,2732866.126422,0.0154156726004772,0.0623967700495504,0.315654248485961,0.562305010093595,0.0229399889888053,0.0212883097816113
329773.411807,2732866.126422,0.00861910874747845,0.099211443242252,0.186319457179534,0.621492756280946,0.0441958554923895,0.0401613790573996
330273.411807,2732866.126422,0.0311526479750779,0.159794759025105,0.0711013377313542,0.50448964632582,0.108301264431006,0.125160344511636
330773.411807,2732866.126422,0.0330335841438796,0.175995595522114,0.220774454028262,0.492750963479538,0.049366856303909,0.0280785465222977
331273.411807,2732866.126422,0.0555657436273611,0.0977443609022556,0.214377406931964,0.480836236933798,0.0562992847973593,0.0951769668072621
331773.411807,2732866.126422,0.00293201392706615,0.0969397104636247,0.356789444749863,0.49331134322888,0.0331684075499359,0.0168590800806304
332273.411807,2732866.126422,0.00899247568361167,0.0570746926041475,0.393466691135988,0.492934483391448,0.0216553496054322,0.0258763075793724
332773.411807,2732866.126422,0.0165046763249587,0.179534201357051,0.30808729139923,0.434439757931414,0.0410783055198973,0.0203557674674491
333273.411807,2732866.126422,0.0311526479750779,0.241524647242074,0.169507055158512,0.356972695620304,0.0639545537841305,0.136888400219901
333773.411807,2732866.126422,0.00899247568361167,0.23655716645256,0.311616810423931,0.232152688566709,0.0666177280234905,0.144063130849697
334273.411807,2732866.126422,0.198606271777003,0.210526315789474,0.36401980561159,0.0313588850174216,0.0177883733724555,0.177700348432056
326273.411807,2732366.126422,0.031743119266055,0.193761467889908,0.0146788990825688,0.278165137614679,0.118165137614679,0.36348623853211
326773.411807,2732366.126422,0.0159603742432581,0.113006787745368,0.174279948633278,0.627774720234819,0.0409099247844432,0.0280682443588332
327273.411807,2732366.126422,0.0362637362637363,0.0697802197802198,0.293040293040293,0.496336996336996,0.058974358974359,0.0456043956043956
327773.411807,2732366.126422,0.0497247706422018,0.0746788990825688,0.0805504587155963,0.639633027522936,0.0924770642201835,0.0629357798165138
328273.411807,2732366.126422,0.0592551825353146,0.0658594753256283,0.0599889928453495,0.684094661529995,0.067327095945698,0.063474591818015
328773.411807,2732366.126422,0.00842490842490842,0.154395604395604,0.281135531135531,0.507692307692308,0.0344322344322344,0.0139194139194139
329273.411807,2732366.126422,0.00311926605504587,0.136330275229358,0.203853211009174,0.628073394495413,0.0225688073394495,0.00605504587155963
329773.411807,2732366.126422,0.015410016510732,0.094294624839479,0.242891212621537,0.581728123280132,0.0363236103467254,0.0293524124013942
330273.411807,2732366.126422,0.0494505494505494,0.137728937728938,0.172710622710623,0.510622710622711,0.0875457875457875,0.0419413919413919
330773.411807,2732366.126422,0.0231192660550459,0.272110091743119,0.119633027522936,0.468073394495413,0.0680733944954128,0.0489908256880734
331273.411807,2732366.126422,0.024399192808659,0.0928270042194093,0.182718767198679,0.539350577875619,0.0728306732709595,0.087873784626674
331773.411807,2732366.126422,0.00732600732600733,0.0593406593406593,0.459340659340659,0.436446886446886,0.0313186813186813,0.00622710622710623
332273.411807,2732366.126422,0.0403669724770642,0.170825688073394,0.181651376146789,0.517981651376147,0.0561467889908257,0.0330275229357798
332773.411807,2732366.126422,0.00587048248027885,0.143276463034306,0.441570354063475,0.361951935424693,0.0251330031186938,0.0221977618785544
333273.411807,2732366.126422,0.0249084249084249,0.201098901098901,0.201282051282051,0.369230769230769,0.0745421245421245,0.128937728937729
333773.411807,2732366.126422,0.0161467889908257,0.245137614678899,0.243669724770642,0.334495412844037,0.0735779816513761,0.0869724770642202
334273.411807,2732366.126422,0.0794349660612732,0.159420289855072,0.362869198312236,0.23115024766098,0.060906255732893,0.106219042377545
326273.411807,2731866.126422,0.0322344322344322,0.112271062271062,0.0798534798534798,0.414285714285714,0.106776556776557,0.254578754578755
326773.411807,2731866.126422,0.0304029304029304,0.151098901098901,0.215201465201465,0.506043956043956,0.0620879120879121,0.0351648351648352
327273.411807,2731866.126422,0.0265859919325266,0.0386872020535387,0.123212321232123,0.717821782178218,0.0628896222955629,0.0308030803080308
327773.411807,2731866.126422,0.0261904761904762,0.0467032967032967,0.163003663003663,0.666483516483516,0.0624542124542125,0.0351648351648352
328273.411807,2731866.126422,0.0331501831501832,0.0510989010989011,0.0672161172161172,0.711355311355311,0.0747252747252747,0.0624542124542125
328773.411807,2731866.126422,0.00458379171250458,0.0643564356435644,0.413091309130913,0.485331866519985,0.0258525852585259,0.00678401173450678
329273.411807,2731866.126422,0.0144688644688645,0.119413919413919,0.373443223443223,0.448717948717949,0.0368131868131868,0.00714285714285714
329773.411807,2731866.126422,0.017032967032967,0.105494505494505,0.355494505494506,0.464102564102564,0.039010989010989,0.0188644688644689
330273.411807,2731866.126422,0.0436376971030436,0.117161716171617,0.237440410707737,0.460946094609461,0.0903923725705904,0.0504217088375504
330773.411807,2731866.126422,0.0631868131868132,0.101098901098901,0.250915750915751,0.441758241758242,0.0686813186813187,0.0743589743589744
331273.411807,2731866.126422,0.0767399267399267,0.0943223443223443,0.201648351648352,0.426007326007326,0.0787545787545788,0.122527472527473
331773.411807,2731866.126422,0.00898423175650898,0.0891089108910891,0.315181518151815,0.531353135313531,0.0456545654565457,0.00971763843050972
332273.411807,2731866.126422,0.00549450549450549,0.0265567765567766,0.55952380952381,0.353479853479854,0.0243589743589744,0.0305860805860806
332773.411807,2731866.126422,0.0214285714285714,0.127106227106227,0.436263736263736,0.292124542124542,0.0514652014652015,0.0716117216117216
333273.411807,2731866.126422,0.0374037403740374,0.16960029336267,0.492665933259993,0.140630729739641,0.0397873120645398,0.11991199119912
333773.411807,2731866.126422,0.0315018315018315,0.14047619047619,0.450732600732601,0.235164835164835,0.0512820512820513,0.0908424908424908
334273.411807,2731866.126422,0.0498168498168498,0.0793040293040293,0.485714285714286,0.245421245421245,0.0646520146520147,0.0750915750915751
326273.411807,2731366.126422,0.125527619746743,0.120572582125161,0.0372545421178198,0.538263901633327,0.0812993209763259,0.097082033400624
326773.411807,2731366.126422,0.0128369704749679,0.179167430772052,0.317990097194205,0.411516596368971,0.0441958554923895,0.0342930496974143
327273.411807,2731366.126422,0.0146600696353308,0.0864944108484515,0.227964082829393,0.59190031152648,0.0425142019424592,0.0364669232178853
327773.411807,2731366.126422,0.030280785465223,0.0545054138374014,0.098733712607818,0.679941273628189,0.0680858873187741,0.068452927142595
328273.411807,2731366.126422,0.0221896203924445,0.0852741610122868,0.224830368604438,0.567760865578581,0.0495140289748762,0.0504309554373739
328773.411807,2731366.126422,0.0227231079347627,0.12442734102987,0.251236943375481,0.496060106285505,0.0546087593916071,0.0509437419827744
329273.411807,2731366.126422,0.0308313452009543,0.184988071205726,0.0464305377133419,0.561754450357864,0.105156909524683,0.0708386859974307
329773.411807,2731366.126422,0.0216394645149459,0.227214377406932,0.0832569227947919,0.518796992481203,0.0783055198973042,0.070786722904823
330273.411807,2731366.126422,0.0348176653839106,0.0958402052409749,0.0535092541689573,0.644859813084112,0.101337731354224,0.0696353307678211
330773.411807,2731366.126422,0.0565241328684162,0.0611121306661773,0.0868049183336392,0.63901633327216,0.0950633143696091,0.0614791704899982
331273.411807,2731366.126422,0.0165046763249587,0.0926095727122685,0.151109481019622,0.61617458279846,0.0627177700348432,0.0608839171098478
331773.411807,2731366.126422,0.0102620487447315,0.0359171706065604,0.483049294484149,0.382811068352575,0.0371999266996518,0.0507604911123328
332273.411807,2731366.126422,0.0141310332171041,0.0396403009726555,0.429253073958525,0.482840888236374,0.0201871903101487,0.0139475133051936
332773.411807,2731366.126422,0.0143040528149642,0.0993948285347515,0.558591600953603,0.222262974509444,0.0317256556024207,0.0737208875848157
333273.411807,2731366.126422,0.19736118746564,0.109400769653656,0.184533626534726,0.223199560197911,0.0859446582371266,0.19956019791094
333773.411807,2731366.126422,0.00917599559552211,0.129198017984951,0.453844742154524,0.271792989539365,0.0541383740135805,0.0818498807120573
334273.411807,2731366.126422,0.195305336512012,0.090408949202274,0.288281679809279,0.270860077021823,0.0430955437373923,0.11204841371722
326273.411807,2730866.126422,0.341651376146789,0.0688073394495413,0.109908256880734,0.0732110091743119,0.0458715596330275,0.360550458715596
326773.411807,2730866.126422,0.090442120711796,0.0486149330398092,0.072463768115942,0.684278114107503,0.0498991010823702,0.0543019629425793
327273.411807,2730866.126422,0.0793040293040293,0.107509157509158,0.0318681318681319,0.629120879120879,0.0822344322344322,0.06996336996337
327773.411807,2730866.126422,0.0444036697247706,0.0260550458715596,0.0471559633027523,0.771009174311927,0.0598165137614679,0.0515596330275229
328273.411807,2730866.126422,0.210603558980004,0.139240506329114,0.205283434232251,0.194459732159237,0.0638414969730325,0.186571271326362
328773.411807,2730866.126422,0.0155677655677656,0.0805860805860806,0.0833333333333333,0.712454212454212,0.0547619047619048,0.0532967032967033
329273.411807,2730866.126422,0.0143119266055046,0.146788990825688,0.103853211009174,0.660733944954128,0.0546788990825688,0.0196330275229358
329773.411807,2730866.126422,0.0310034855989727,0.237387635296276,0.0132085855806274,0.528526875802605,0.0554026784076316,0.134470739313887
330273.411807,2730866.126422,0.0221611721611722,0.251282051282051,0.0976190476190476,0.464102564102564,0.0712454212454212,0.0935897435897436
330773.411807,2730866.126422,0.0255045871559633,0.0581651376146789,0.247155963302752,0.605504587155963,0.048256880733945,0.0154128440366972
331273.411807,2730866.126422,0.00678774536782242,0.0864061640066043,0.359750504494588,0.483947899467988,0.0588882773802972,0.00421940928270042
331773.411807,2730866.126422,0.0285714285714286,0.104761904761905,0.23956043956044,0.46959706959707,0.0712454212454212,0.0862637362637363
332273.411807,2730866.126422,0.0018348623853211,0.0447706422018349,0.415596330275229,0.499816513761468,0.0365137614678899,0.00146788990825688
332773.411807,2730866.126422,0.01284168042561,0.0876903320491653,0.524124013942396,0.300311869381765,0.0515501742799486,0.0234819299211154
333273.411807,2730866.126422,0.0807692307692308,0.121611721611722,0.352380952380952,0.224358974358974,0.0562271062271062,0.164652014652015
333773.411807,2730866.126422,0.00899082568807339,0.0965137614678899,0.401284403669725,0.378899082568807,0.0664220183486239,0.0478899082568807
334273.411807,2730866.126422,0.129517519721152,0.0887910475142176,0.340304531278664,0.314621170427445,0.0546688680975968,0.0720968629609246
326273.411807,2730366.126422,0.162271062271062,0.16978021978022,0.0489010989010989,0.384065934065934,0.0990842490842491,0.135897435897436
326773.411807,2730366.126422,0.0186813186813187,0.0201465201465201,0.0316849816849817,0.886080586080586,0.0302197802197802,0.0131868131868132
327273.411807,2730366.126422,0.0165016501650165,0.0133846718005134,0.0513384671800513,0.864319765309864,0.0342867620095343,0.0201686835350202
327773.411807,2730366.126422,0.0347985347985348,0.00622710622710623,0.0283882783882784,0.895604395604396,0.0206959706959707,0.0142857142857143
328273.411807,2730366.126422,0.0172161172161172,0.0194139194139194,0.00714285714285714,0.91043956043956,0.0340659340659341,0.0117216117216117
328773.411807,2730366.126422,0.0588558855885589,0.203520352035204,0.0390539053905391,0.523469013568023,0.0955262192885955,0.0795746241290796
329273.411807,2730366.126422,0.00970695970695971,0.130586080586081,0.263553113553114,0.528754578754579,0.0503663003663004,0.017032967032967
329773.411807,2730366.126422,0.0043956043956044,0.131684981684982,0.137545787545788,0.62014652014652,0.0653846153846154,0.0408424908424908
330273.411807,2730366.126422,0.0192519251925193,0.143747708104144,0.0876420975430876,0.635680234690136,0.0753575357535754,0.0383204987165383
330773.411807,2730366.126422,0.0168498168498168,0.191208791208791,0.0208791208791209,0.642307692307692,0.0946886446886447,0.0340659340659341
331273.411807,2730366.126422,0.010989010989011,0.0608058608058608,0.36959706959707,0.501831501831502,0.0358974358974359,0.0208791208791209
331773.411807,2730366.126422,0.0144847818115145,0.0845251191785845,0.432343234323432,0.426292629262926,0.026952695269527,0.0154015401540154
332273.411807,2730366.126422,0.0510989010989011,0.174908424908425,0.123626373626374,0.4996336996337,0.0805860805860806,0.0701465201465201
332773.411807,2730366.126422,0.0285714285714286,0.154761904761905,0.474908424908425,0.147985347985348,0.0283882783882784,0.165384615384615
333273.411807,2730366.126422,0.0663733039970664,0.12046204620462,0.434726806013935,0.178401173450678,0.0352035203520352,0.164833149981665
333773.411807,2730366.126422,0.0326007326007326,0.0858974358974359,0.180769230769231,0.515018315018315,0.0908424908424908,0.0948717948717949
334273.411807,2730366.126422,0.248901098901099,0.102930402930403,0.110805860805861,0.30018315018315,0.0807692307692308,0.156410256410256
326273.411807,2729866.126422,0.107542668379519,0.125344099834832,0.046063497889521,0.4358597907873,0.079647641769132,0.205542301339695
326773.411807,2729866.126422,0.0533651201173666,0.0275077938749312,0.0377773702549056,0.750779387493123,0.0685860993948285,0.061984228864845
327273.411807,2729866.126422,0.0201575957485798,0.0256551218618288,0.0437969580355507,0.855231812351109,0.0447132123877588,0.0104452996151732
327773.411807,2729866.126422,0.00899247568361167,0.00642319691686548,0.0508350155991925,0.91282804184254,0.017434391631492,0.0034868783262984
328273.411807,2729866.126422,0.0271410232899321,0.0179717586649551,0.0276911791674308,0.878965706950303,0.0366770584999083,0.0115532734274711
328773.411807,2729866.126422,0.0535092541689573,0.122778083195895,0.0542422576507238,0.656587868792377,0.0791643760307861,0.0337181601612608
329273.411807,2729866.126422,0.0152321526885667,0.200770783630024,0.0732244448522665,0.632593136355295,0.0407414204441182,0.0374380620297302
329773.411807,2729866.126422,0.0198056115899505,0.124885384192188,0.130570328259674,0.599486521181001,0.050797726022373,0.0744544287548139
330273.411807,2729866.126422,0.015026571376214,0.127725856697819,0.118380062305296,0.691955286787612,0.0329851566794942,0.0139270661535642
330773.411807,2729866.126422,0.0146815929528354,0.119471462653698,0.115434024591668,0.674435676270875,0.0517526151587447,0.0242246283721784
331273.411807,2729866.126422,0.00898587933247754,0.172748945534568,0.20795892169448,0.559691912708601,0.033192737942417,0.0174216027874564
331773.411807,2729866.126422,0.0168590800806304,0.120212571009712,0.301081180135606,0.487813817115631,0.0491112332783581,0.0249221183800623
332273.411807,2729866.126422,0.104789869700863,0.15342264635713,0.125711139658653,0.420260598274913,0.0906588364837585,0.105156909524683
332773.411807,2729866.126422,0.0801393728222996,0.0676691729323308,0.417568311021456,0.227764533284431,0.0687694846873281,0.138089125252155
333273.411807,2729866.126422,0.0674363203225215,0.0764156129741616,0.446399120395822,0.237126626351475,0.0568077698369067,0.115814550119113
333773.411807,2729866.126422,0.0499174160396403,0.129014498073041,0.0282620664342081,0.336391998531841,0.11213066617728,0.34428335474399
334273.411807,2729866.126422,0.339079405831652,0.173665871997066,0.00843572345497891,0.236567027324409,0.0874747845222813,0.154777186869613
334773.411807,2729866.126422,0.301447681876489,0.000366501740883269,0.343412131207623,0.183983873923401,0.00293201392706615,0.167857797324537
326273.411807,2729366.126422,0.123302752293578,0.0489908256880734,0.0229357798165138,0.572293577981651,0.101467889908257,0.131009174311927
326773.411807,2729366.126422,0.0405430196294258,0.103283801137406,0.0911759310218309,0.630893414052467,0.0818198495688864,0.0522839845899835
327273.411807,2729366.126422,0.0391941391941392,0.063003663003663,0.0406593406593407,0.681501831501832,0.105311355311355,0.0703296703296703
327773.411807,2729366.126422,0.0139449541284404,0.0104587155963303,0.0148623853211009,0.913761467889908,0.0260550458715596,0.0209174311926606
328273.411807,2729366.126422,0.0284351495138507,0.0398092093193909,0.0502660062373876,0.810860392588516,0.0398092093193909,0.030820033021464
328773.411807,2729366.126422,0.0135531135531136,0.0331501831501832,0.288827838827839,0.605677655677656,0.0402930402930403,0.0184981684981685
329273.411807,2729366.126422,0.0234862385321101,0.0765137614678899,0.245137614678899,0.519816513761468,0.0913761467889908,0.0436697247706422
329773.411807,2729366.126422,0.0198128783709411,0.137772885709044,0.248394789946799,0.514034122179417,0.0555861309851403,0.024399192808659
