"x","y","forest","agri","water","built","other","grass"
212273.411807,2668866.126422,0.0416666666666667,0.322635135135135,0.00140765765765766,0.271114864864865,0.0619369369369369,0.301238738738739
212773.411807,2668866.126422,0.0427927927927928,0.244650900900901,0.00844594594594595,0.372184684684685,0.103885135135135,0.228040540540541
213273.411807,2668866.126422,0.0230920867361307,0.337088144184737,0,0.0546324978879189,0.029005913827091,0.556181357364123
213773.411807,2668866.126422,0.0053490990990991,0.435529279279279,0,0.355011261261261,0.0903716216216216,0.113738738738739
214273.411807,2668866.126422,0.0104166666666667,0.252252252252252,0.0501126126126126,0.536036036036036,0.097972972972973,0.0532094594594595
214773.411807,2668866.126422,0.0115460433680653,0.348915798366657,0.0250633624331174,0.531681216558716,0.0678682061391157,0.0149253731343284
215273.411807,2668866.126422,0.0329391891891892,0.0675675675675676,0.0720720720720721,0.757601351351351,0.048704954954955,0.0211148648648649
215773.411807,2668866.126422,0.0436373873873874,0.0368806306306306,0.0884009009009009,0.740990990990991,0.0537725225225225,0.0363175675675676
216273.411807,2668866.126422,0.0706843142776683,0.0267530273162489,0.0264714165023937,0.779217121937482,0.0735004224162208,0.0233736975499859
216773.411807,2668866.126422,0.306869369369369,0.0467342342342342,0.0228040540540541,0.385135135135135,0.119369369369369,0.119087837837838
217273.411807,2668866.126422,0.252252252252252,0.0442004504504505,0.0171734234234234,0.469313063063063,0.133727477477477,0.0833333333333333
217773.411807,2668866.126422,0.099408617290904,0.0642072655589975,0.0411151788228668,0.630526612221909,0.0689946493945368,0.0957476767107857
218273.411807,2668866.126422,0.158502252252252,0.0357545045045045,0.0315315315315315,0.525056306306306,0.0641891891891892,0.184966216216216
218773.411807,2668866.126422,0.0594031531531532,0.022240990990991,0.0191441441441441,0.772240990990991,0.0588400900900901,0.0681306306306306
219273.411807,2668866.126422,0.264150943396226,0.0154885947620389,0.000563221627710504,0.468600394255139,0.0616727682343002,0.189524077724585
219773.411807,2668866.126422,0.0427927927927928,0.228040540540541,0.0242117117117117,0.409628378378378,0.0996621621621622,0.195664414414414
220273.411807,2668866.126422,0.0152027027027027,0.0166103603603604,0.0143581081081081,0.905686936936937,0.0385698198198198,0.00957207207207207
220773.411807,2668866.126422,0.0261898056885384,0.0388622923120248,0.00675865953252605,0.897212052942833,0.0225288651084202,0.00844832441565756
221273.411807,2668866.126422,0.0526463963963964,0.0349099099099099,0.00309684684684685,0.841779279279279,0.0442004504504505,0.0233671171171171
221773.411807,2668866.126422,0.0574324324324324,0.0368806306306306,0.00844594594594595,0.814189189189189,0.0529279279279279,0.0301238738738739
222273.411807,2668866.126422,0.0185863137144466,0.0492818924246691,0.0177414812728809,0.832441565756125,0.0219656434807097,0.0599831033511687
222773.411807,2668866.126422,0.123592342342342,0.180743243243243,0.00844594594594595,0.409065315315315,0.0461711711711712,0.231981981981982
223273.411807,2668866.126422,0.289977477477477,0.0838963963963964,0.00478603603603604,0.177927927927928,0.0301238738738739,0.413288288288288
223773.411807,2668866.126422,0.394818361025063,0.0796958603210363,0.00197127569698676,0.0557589411433399,0.0239369191776964,0.443818642635877
224273.411807,2668866.126422,0.524211711711712,0.0298423423423423,0.000563063063063063,0.117961711711712,0.0261824324324324,0.301238738738739
212273.411807,2668366.126422,0.0625802899614608,0.0965314736648926,0.0187190310148651,0.635162415122041,0.0836850798311617,0.103321710405579
212773.411807,2668366.126422,0.0724371905373189,0.134788189987163,0.0291582615074271,0.441775169631396,0.0955437373922611,0.226297450944434
213273.411807,2668366.126422,0.00806303829943192,0.469305479201026,0.00183250870441635,0.345427890782481,0.0641378046545721,0.111233278358072
213773.411807,2668366.126422,0.00568911726922371,0.357680308313452,0.0082583960359699,0.370526702147183,0.134887135254175,0.122958340979996
214273.411807,2668366.126422,0.0148542086924629,0.106180084357235,0.0784889051898038,0.699064735008252,0.0722538052448194,0.0291582615074271
214773.411807,2668366.126422,0.0371999266996518,0.0533260032985157,0.0967564595931831,0.715594649074583,0.0538757559098406,0.0432472054242258
215273.411807,2668366.126422,0.0662506881996697,0.0532207744540283,0.0526702147182969,0.699577904202606,0.097082033400624,0.0311983850247752
215773.411807,2668366.126422,0.0685860993948285,0.0394278378874014,0.0520814230698698,0.766000366770585,0.0504309554373739,0.0234733174399413
216273.411807,2668366.126422,0.183434121312076,0.0599230346344145,0.0342679127725857,0.43613707165109,0.0886934212937511,0.197544438336082
216773.411807,2668366.126422,0.210497338961277,0.0717562855569829,0.0345017434391632,0.389612772985869,0.122224261332355,0.171407597724353
217273.411807,2668366.126422,0.187419768934531,0.0651017788373372,0.0276911791674308,0.486521181001284,0.125435540069686,0.10783055198973
217773.411807,2668366.126422,0.0641378046545721,0.062671797691039,0.0573575224482316,0.654388858347077,0.0815466373465274,0.0798973795125527
218273.411807,2668366.126422,0.0818498807120573,0.0453294182418792,0.0212883097816113,0.6098366672784,0.0880895577170123,0.15360616626904
218773.411807,2668366.126422,0.0783055198973042,0.0372272143774069,0.0300751879699248,0.72382174949569,0.0573995965523565,0.0731707317073171
219273.411807,2668366.126422,0.188931647425325,0.164559281656588,0,0.152831225948323,0.0678028220634048,0.425875022906359
219773.411807,2668366.126422,0.0829510001835199,0.158194164066801,0.0458799779776106,0.239493485043127,0.104422829877042,0.369058542851899
220273.411807,2668366.126422,0.116816431322208,0.0564826700898588,0.0053181734824867,0.60407115349349,0.110214560792224,0.107097010819732
220773.411807,2668366.126422,0.154297232911856,0.0787978742899029,0.000366501740883269,0.388308594465824,0.0822796408282939,0.29595015576324
221273.411807,2668366.126422,0.140025692787667,0.0240411084602679,0.0102771150669848,0.704349421912277,0.0462470178014315,0.0750596439713709
221773.411807,2668366.126422,0.0350265908674124,0.0342930496974143,0.00146708233999633,0.832569227947919,0.0379607555474051,0.0586832935998533
222273.411807,2668366.126422,0.0487447315374748,0.12222833058457,0.00879604178119846,0.567894447498626,0.0652373098772219,0.187099138720909
222773.411807,2668366.126422,0.234171407597724,0.0550559735731327,0.00697375665259681,0.366305744173243,0.0732244448522665,0.264268673151037
223273.411807,2668366.126422,0.181551439574546,0.0656519347148359,0.00238400880249404,0.318356867779204,0.052814964239868,0.379240784889052
223773.411807,2668366.126422,0.340296866410115,0.0249221183800623,0,0.0186915887850467,0.0113615539673813,0.604727872457394
224273.411807,2668366.126422,0.556615892824371,0.0236740686364471,0,0.00440447788585061,0.00367039823820885,0.411635162415122
212273.411807,2667866.126422,0.0438532110091743,0.0631192660550459,0.0220183486238532,0.725137614678899,0.0855045871559633,0.0603669724770642
212773.411807,2667866.126422,0.0462300495321959,0.102366538249862,0.0121078701155751,0.365804439552376,0.0783342505962209,0.39515685195377
213273.411807,2667866.126422,0.0313186813186813,0.110622710622711,0.0326007326007326,0.571428571428571,0.114835164835165,0.139194139194139
213773.411807,2667866.126422,0.0636697247706422,0.291009174311927,0.00605504587155963,0.319449541284404,0.0568807339449541,0.262935779816514
214273.411807,2667866.126422,0.0902586681342873,0.0643918547055586,0.0346725371491469,0.496789579893598,0.0867730691616217,0.227114290955788
214773.411807,2667866.126422,0.0490842490842491,0.0333333333333333,0.0778388278388278,0.766117216117216,0.043956043956044,0.0296703296703297
215273.411807,2667866.126422,0.0420183486238532,0.0456880733944954,0.136880733944954,0.714862385321101,0.0322935779816514,0.028256880733945
215773.411807,2667866.126422,0.136672170243992,0.0805356815263254,0.0383415886993212,0.576591451109888,0.101449275362319,0.0664098330581545
216273.411807,2667866.126422,0.0490842490842491,0.0404761904761905,0.105311355311355,0.715384615384615,0.039010989010989,0.0507326007326007
216773.411807,2667866.126422,0.0557798165137615,0.0607339449541284,0.0565137614678899,0.637798165137615,0.0988990825688073,0.0902752293577982
217273.411807,2667866.126422,0.0522839845899835,0.0636580443955238,0.100165107319758,0.640249495505412,0.0642084021280499,0.0794349660612732
217773.411807,2667866.126422,0.0424908424908425,0.0483516483516484,0.0884615384615385,0.710805860805861,0.0483516483516484,0.0615384615384615
218273.411807,2667866.126422,0.026605504587156,0.0139449541284404,0.06,0.831926605504587,0.0539449541284404,0.0135779816513761
218773.411807,2667866.126422,0.0799853237937993,0.113740598055403,0.00403595670519171,0.496239222161071,0.0834709227664649,0.22252797651807
219273.411807,2667866.126422,0.222344322344322,0.0923076923076923,0.015018315018315,0.084981684981685,0.0415750915750916,0.543772893772894
219773.411807,2667866.126422,0.0500917431192661,0.114128440366972,0.0141284403669725,0.410825688073394,0.133577981651376,0.277247706422018
220273.411807,2667866.126422,0.142909557879288,0.0253164556962025,0.0139423958906623,0.61346541918914,0.0741148413135205,0.130251330031187
220773.411807,2667866.126422,0.142490842490842,0.0842490842490843,0.0137362637362637,0.612087912087912,0.0501831501831502,0.0972527472527473
221273.411807,2667866.126422,0.0374311926605505,0.0644036697247706,0.000917431192660551,0.584587155963303,0.0209174311926606,0.291743119266055
221773.411807,2667866.126422,0.137039075399009,0.117776554760594,0,0.471289671619886,0.0807191341038342,0.193175564116676
222273.411807,2667866.126422,0.0617216117216117,0.082967032967033,0.00934065934065934,0.610622710622711,0.0527472527472527,0.182600732600733
222773.411807,2667866.126422,0.261284403669725,0.0686238532110092,0.0161467889908257,0.330091743119266,0.0812844036697248,0.24256880733945
223273.411807,2667866.126422,0.307283067327096,0.0642084021280499,0.000733810310034856,0.124197394973399,0.019262520638415,0.484314804623005
223773.411807,2667866.126422,0.507326007326007,0.0741758241758242,0.000915750915750916,0.0613553113553114,0.032967032967033,0.323260073260073
224273.411807,2667866.126422,0.464587155963303,0.0979816513761468,0,0.00623853211009174,0.00532110091743119,0.425871559633028
212273.411807,2667366.126422,0.0683150183150183,0.0943223443223443,0.00567765567765568,0.568681318681319,0.0831501831501831,0.17985347985348
212773.411807,2667366.126422,0.0413919413919414,0.121978021978022,0.0591575091575092,0.557142857142857,0.0836996336996337,0.136630036630037
213273.411807,2667366.126422,0.0392372570590392,0.0306197286395306,0.0507884121745508,0.757792445911258,0.066006600660066,0.0555555555555556
213773.411807,2667366.126422,0.0468864468864469,0.0514652014652015,0.0164835164835165,0.726739926739927,0.0763736263736264,0.0820512820512821
214273.411807,2667366.126422,0.0177655677655678,0.1003663003663,0.13956043956044,0.65970695970696,0.0593406593406593,0.0232600732600733
214773.411807,2667366.126422,0.028969563623029,0.044004400440044,0.0672900623395673,0.784561789512285,0.0432709937660433,0.0319031903190319
215273.411807,2667366.126422,0.0529304029304029,0.054029304029304,0.0481684981684982,0.749450549450549,0.0600732600732601,0.0353479853479853
215773.411807,2667366.126422,0.0794871794871795,0.134981684981685,0.0152014652014652,0.563736263736264,0.0677655677655678,0.138827838827839
216273.411807,2667366.126422,0.0898423175650898,0.0658232489915658,0.0192519251925193,0.585441877521085,0.0918591859185919,0.147781444811148
216773.411807,2667366.126422,0.0553113553113553,0.110989010989011,0.0307692307692308,0.617948717948718,0.107509157509158,0.0774725274725275
217273.411807,2667366.126422,0.0305860805860806,0.0181318681318681,0.067032967032967,0.816849816849817,0.0545787545787546,0.0128205128205128
217773.411807,2667366.126422,0.00788412174550788,0.00476714338100477,0.0267693436010268,0.947011367803447,0.0117345067840117,0.00183351668500183
218273.411807,2667366.126422,0.0326007326007326,0.0269230769230769,0.0274725274725275,0.847802197802198,0.0415750915750916,0.0236263736263736
218773.411807,2667366.126422,0.0335164835164835,0.0347985347985348,0.0126373626373626,0.828937728937729,0.052014652014652,0.0380952380952381
219273.411807,2667366.126422,0.0286028602860286,0.128162816281628,0.0381371470480381,0.474147414741474,0.0861752841950862,0.244774477447745
219773.411807,2667366.126422,0.0600732600732601,0.0386446886446886,0.0265567765567766,0.776373626373626,0.0307692307692308,0.0675824175824176
220273.411807,2667366.126422,0.0386446886446886,0.0245421245421245,0.00421245421245421,0.891758241758242,0.0278388278388278,0.013003663003663
220773.411807,2667366.126422,0.131463146314631,0.354235423542354,0.00275027502750275,0.275944261092776,0.0986431976530986,0.136963696369637
221273.411807,2667366.126422,0.104578754578755,0.292490842490843,0.0371794871794872,0.328937728937729,0.0529304029304029,0.183882783882784
221773.411807,2667366.126422,0.0745421245421245,0.21996336996337,0.00897435897435897,0.41959706959707,0.0728937728937729,0.204029304029304
222273.411807,2667366.126422,0.135130179684635,0.0744407774110744,0.00861752841950862,0.597726439310598,0.070957095709571,0.113127979464613
222773.411807,2667366.126422,0.0813186813186813,0.0342490842490843,0.00512820512820513,0.738095238095238,0.0692307692307692,0.071978021978022
223273.411807,2667366.126422,0.366849816849817,0.0652014652014652,0.000549450549450549,0.118131868131868,0.0463369963369963,0.402930402930403
223773.411807,2667366.126422,0.642097543087642,0.0528052805280528,0,0.000183351668500183,0.000366703337000367,0.304547121378805
224273.411807,2667366.126422,0.657142857142857,0.0734432234432234,0,0.00183150183150183,0.000366300366300366,0.267216117216117
212273.411807,2666866.126422,0.0488162965681776,0.0686364470545054,0.0563406129565058,0.595705634061296,0.124977060011011,0.105523949348504
212773.411807,2666866.126422,0.0317256556024207,0.0313588850174216,0.0348432055749129,0.795342013570512,0.0850907757197873,0.0216394645149459
213273.411807,2666866.126422,0.0573575224482316,0.0397654388858347,0.0185083379146051,0.771486164559282,0.0830126443100605,0.0298698918819864
213773.411807,2666866.126422,0.0673518076711323,0.155074325564324,0.00367039823820885,0.559919251238759,0.0934116351624151,0.120572582125161
214273.411807,2666866.126422,0.0495140289748762,0.330276911791674,0.004401247019989,0.450577663671374,0.059600220062351,0.105629928479736
214773.411807,2666866.126422,0.119662818398387,0.33076782114715,0.000549752611324904,0.239508887667216,0.0663368150998717,0.243173905076049
215273.411807,2666866.126422,0.0948797944576987,0.238208845659754,0.0034868783262984,0.379519177830795,0.098733712607818,0.185171591117636
215773.411807,2666866.126422,0.144874381074638,0.0973775903172566,0.0181551439574546,0.373555840821566,0.0733541169998166,0.292682926829268
216273.411807,2666866.126422,0.0298698918819864,0.0481949789261499,0.0269378779549203,0.724024189114898,0.05717427157779,0.113798790544255
216773.411807,2666866.126422,0.0546889337493118,0.0697375665259681,0.0625802899614608,0.432923472196733,0.0524866948063865,0.327583042760139
217273.411807,2666866.126422,0.0520814230698698,0.0309921144324225,0.0254905556574363,0.793324775353017,0.0687694846873281,0.0293416467999266
217773.411807,2666866.126422,0.0128275609309144,0.00879604178119846,0.0619387942092725,0.888949972512369,0.0262048744731537,0.00128275609309144
218273.411807,2666866.126422,0.0297302257294917,0.0271609469627455,0.0356028629106258,0.845659754083318,0.0462470178014315,0.0155991925123876
218773.411807,2666866.126422,0.0267742527049331,0.0544654318723638,0.0181551439574546,0.734458096460664,0.0473134054648817,0.118833669539703
219273.411807,2666866.126422,0.0414146967198094,0.130841121495327,0.0122778083195895,0.552318123511087,0.0809968847352025,0.182151365218985
219773.411807,2666866.126422,0.00697375665259681,0.00367039823820885,0.00220223894292531,0.972104973389613,0.0150486327766563,0
220273.411807,2666866.126422,0.0205391527599487,0.0790390610673024,0.00165046763249587,0.794241701815514,0.053181734824867,0.0513478818998716
220773.411807,2666866.126422,0.0448964632582005,0.189114898295767,0.0153930731170973,0.643027304379696,0.0439802089059923,0.0635880520432472
221273.411807,2666866.126422,0.119287942741787,0.170673518076711,0.0168838318957607,0.61846210313819,0.0418425399155808,0.0328500642319692
221773.411807,2666866.126422,0.0491472583898771,0.0823399963322941,0.00476801760498808,0.696313955620759,0.0522648083623693,0.115165963689712
222273.411807,2666866.126422,0.0423309510720176,0.0558915154846986,0.00623052959501558,0.717976910390324,0.0828293934396188,0.0947407000183251
222773.411807,2666866.126422,0.14112681225913,0.0679023674068636,0.000917599559552211,0.600293631859057,0.05395485410167,0.135804734813727
223273.411807,2666866.126422,0.369337979094077,0.0214560792224464,0.00183385292499542,0.150009169264625,0.0350265908674124,0.422336328626444
223773.411807,2666866.126422,0.530694520798974,0.015026571376214,0,0.000366501740883269,0,0.453912406083929
224273.411807,2666866.126422,0.535511102954671,0.0121123141860892,0,0.00256927876674619,0.00201871903101487,0.447788585061479
212273.411807,2666366.126422,0.0521100917431193,0.0968807339449541,0.0177981651376147,0.572844036697248,0.118165137614679,0.142201834862385
212773.411807,2666366.126422,0.0396257567418822,0.101999633094845,0.0126582278481013,0.463217758209503,0.132085855806274,0.250412768299395
213273.411807,2666366.126422,0.0532967032967033,0.0836996336996337,0.0238095238095238,0.445421245421245,0.123809523809524,0.26996336996337
213773.411807,2666366.126422,0.12348623853211,0.25045871559633,0.00018348623853211,0.159266055045872,0.0693577981651376,0.397247706422018
214273.411807,2666366.126422,0.193909374426711,0.215189873417722,0,0.198679141441937,0.108053568152633,0.284168042560998
214773.411807,2666366.126422,0.0981684981684982,0.532051282051282,0.00311355311355311,0.131868131868132,0.0377289377289377,0.197069597069597
215273.411807,2666366.126422,0.0429357798165138,0.291743119266055,0.00862385321100917,0.141100917431193,0.0478899082568807,0.467706422018349
215773.411807,2666366.126422,0.0377912309667951,0.253164556962025,0.00183452577508714,0.216107136305265,0.0730141258484682,0.418088424142359
216273.411807,2666366.126422,0.0554945054945055,0.187912087912088,0.00805860805860806,0.289194139194139,0.0855311355311355,0.373809523809524
216773.411807,2666366.126422,0.0411009174311927,0.14605504587156,0.035045871559633,0.555779816513762,0.0502752293577982,0.171743119266055
217273.411807,2666366.126422,0.0447624289121262,0.026967528893781,0.028251696936342,0.805907172995781,0.0662263804806457,0.0278847917813245
217773.411807,2666366.126422,0.0446886446886447,0.0313186813186813,0.0531135531135531,0.791758241758242,0.0521978021978022,0.0269230769230769
218273.411807,2666366.126422,0.0236697247706422,0.0300917431192661,0.0620183486238532,0.831743119266055,0.0398165137614679,0.0126605504587156
218773.411807,2666366.126422,0.0288020546688681,0.189139607411484,0.0299027701339204,0.501926252063841,0.0390753990093561,0.21115391671253
219273.411807,2666366.126422,0.0336996336996337,0.11996336996337,0.0212454212454212,0.673076923076923,0.0879120879120879,0.0641025641025641
219773.411807,2666366.126422,0.0381651376146789,0.174678899082569,0.000917431192660551,0.401467889908257,0.075045871559633,0.309724770642202
220273.411807,2666366.126422,0.0700788846083287,0.205650339387268,0.0119244175380664,0.260135754907356,0.108787378462667,0.343423225096313
220773.411807,2666366.126422,0.0483516483516484,0.0672161172161172,0.0294871794871795,0.701648351648352,0.082967032967033,0.0703296703296703
221273.411807,2666366.126422,0.0295412844036697,0.0321100917431193,0.013394495412844,0.855779816513761,0.0414678899082569,0.0277064220183486
221773.411807,2666366.126422,0.111172261970281,0.0418271876719868,0.01284168042561,0.567969179966978,0.0421940928270042,0.22399559713814
222273.411807,2666366.126422,0.141208791208791,0.0600732600732601,0.00659340659340659,0.315750915750916,0.0543956043956044,0.421978021978022
222773.411807,2666366.126422,0.42348623853211,0.0458715596330275,0.00605504587155963,0.241834862385321,0.0467889908256881,0.235963302752294
223273.411807,2666366.126422,0.507980187121629,0.0319207484865162,0.000366905155017428,0.00495321959273528,0.00220143093010457,0.452577508713997
223773.411807,2666366.126422,0.561904761904762,0.0679487179487179,0,0.00146520146520147,0.00183150183150183,0.366849816849817
224273.411807,2666366.126422,0.66697247706422,0.0627522935779816,0,0.00073394495412844,0.00036697247706422,0.269174311926606
212273.411807,2665866.126422,0.108791208791209,0.116117216117216,0.0225274725274725,0.491208791208791,0.105311355311355,0.156043956043956
212773.411807,2665866.126422,0.0521978021978022,0.0941391941391941,0.0238095238095238,0.562637362637363,0.0659340659340659,0.201282051282051
213273.411807,2665866.126422,0.0377704437110378,0.0960762742940961,0.0210854418775211,0.592225889255592,0.0746241290795746,0.178217821782178
213773.411807,2665866.126422,0.102014652014652,0.171245421245421,0.0203296703296703,0.430769230769231,0.0575091575091575,0.218131868131868
214273.411807,2665866.126422,0.0915750915750916,0.225457875457875,0.0122710622710623,0.455311355311355,0.0738095238095238,0.141575091575092
214773.411807,2665866.126422,0.0317198386505317,0.503116978364503,0.0108177484415108,0.144114411441144,0.0564723138980565,0.253758709204254
215273.411807,2665866.126422,0.0366300366300366,0.467399267399267,0.0100732600732601,0.295238095238095,0.0597069597069597,0.130952380952381
215773.411807,2665866.126422,0.0628205128205128,0.220695970695971,0.0432234432234432,0.433882783882784,0.0727106227106227,0.166666666666667
216273.411807,2665866.126422,0.0557389072240557,0.312614594792813,0.0216354968830216,0.420792079207921,0.0883755042170884,0.100843417675101
216773.411807,2665866.126422,0.0789377289377289,0.276739926739927,0.0366300366300366,0.353113553113553,0.0597069597069597,0.194871794871795
217273.411807,2665866.126422,0.0318681318681319,0.0283882783882784,0.0333333333333333,0.841391941391941,0.05,0.015018315018315
217773.411807,2665866.126422,0.0471213788045471,0.0328199486615328,0.0328199486615328,0.775027502750275,0.0672900623395673,0.0449211587825449
218273.411807,2665866.126422,0.0371794871794872,0.0432234432234432,0.0908424908424908,0.743772893772894,0.0419413919413919,0.043040293040293
218773.411807,2665866.126422,0.0234432234432234,0.415934065934066,0.0203296703296703,0.21007326007326,0.0765567765567766,0.253663003663004
219273.411807,2665866.126422,0.0606894022735607,0.178951228456179,0.0196186285295196,0.477997799779978,0.0881921525485882,0.174550788412175
219773.411807,2665866.126422,0.0296703296703297,0.0402930402930403,0.00805860805860806,0.851648351648352,0.0505494505494506,0.0197802197802198
220273.411807,2665866.126422,0.0437728937728938,0.121428571428571,0.0205128205128205,0.638644688644689,0.0587912087912088,0.116849816849817
220773.411807,2665866.126422,0.0781078107810781,0.0735240190685735,0.0119178584525119,0.645031169783645,0.0566556655665567,0.134763476347635
221273.411807,2665866.126422,0.0807692307692308,0.0525641025641026,0.0139194139194139,0.734798534798535,0.0604395604395604,0.0575091575091575
221773.411807,2665866.126422,0.247069597069597,0.103846153846154,0.0113553113553114,0.384249084249084,0.0272893772893773,0.226190476190476
222273.411807,2665866.126422,0.144847818115145,0.157682434910158,0.0137513751375138,0.405023835716905,0.044004400440044,0.234690135680235
222773.411807,2665866.126422,0.36996336996337,0.0536630036630037,0.000732600732600733,0.26959706959707,0.0595238095238095,0.246520146520147
223273.411807,2665866.126422,0.505860805860806,0.0741758241758242,0.00677655677655678,0.0831501831501831,0.0346153846153846,0.295421245421245
223773.411807,2665866.126422,0.579207920792079,0.0363036303630363,0,0.000366703337000367,0.000366703337000367,0.383755042170884
224273.411807,2665866.126422,0.49010989010989,0.0173992673992674,0,0.0144688644688645,0.00695970695970696,0.471062271062271
212273.411807,2665366.126422,0.0189025509267756,0.493852082951,0.0623967700495504,0.333822719765095,0.0653330886401175,0.0256927876674619
212773.411807,2665366.126422,0.0148542086924629,0.525398863011187,0.0852741610122868,0.196222262974509,0.0759215110948102,0.102328993214744
213273.411807,2665366.126422,0.0183250870441635,0.411214953271028,0.0714678394722375,0.282572842221001,0.0850284038849184,0.131390874106652
213773.411807,2665366.126422,0.0396403009726555,0.145898329968802,0.108827307762892,0.368324463204258,0.0702881262616994,0.267021471829694
214273.411807,2665366.126422,0.0372272143774069,0.195488721804511,0.0344764349899138,0.456812763616358,0.101778837337246,0.174216027874564
214773.411807,2665366.126422,0.0500274876305662,0.203225215319773,0.0196078431372549,0.509070918086861,0.0637713029136888,0.154297232911856
215273.411807,2665366.126422,0.0275279867865663,0.29858689667829,0.0568911726922371,0.324463204257662,0.058909891723252,0.233620847861993
215773.411807,2665366.126422,0.0452961672473868,0.337612323491656,0.0434623143223913,0.336512011736659,0.101412066752246,0.135705116449661
216273.411807,2665366.126422,0.0956569543705333,0.382811068352575,0.00678028220634048,0.243906908557816,0.0461792193512919,0.224665567161444
216773.411807,2665366.126422,0.0726738851165352,0.328133602495871,0.00238575885483575,0.122040741420444,0.065149568728207,0.409616443384107
217273.411807,2665366.126422,0.133871263524665,0.153676875114616,0.0102695763799743,0.363102879149092,0.135154960572162,0.20392444525949
217773.411807,2665366.126422,0.0181418361737218,0.118929814916621,0.0368334249587686,0.731170973062122,0.0304196444933113,0.0645043063954554
218273.411807,2665366.126422,0.0218388695173426,0.214534777023307,0.0390897412369242,0.530005505597357,0.0462470178014315,0.148284088823637
218773.411807,2665366.126422,0.0330093526499175,0.104346231432239,0.111498257839721,0.69998166147075,0.0297084173849257,0.0214560792224464
219273.411807,2665366.126422,0.030602895363753,0.0329851566794942,0.00604727872457394,0.847901777533443,0.0520432472054242,0.0304196444933113
219773.411807,2665366.126422,0.0401908607083869,0.0378051018535511,0.00532207744540283,0.804551293815379,0.057258212516058,0.0548724536612222
220273.411807,2665366.126422,0.0775719787273061,0.122684760682193,0.00146708233999633,0.326242435356684,0.0858243168897854,0.386209426004034
220773.411807,2665366.126422,0.117647058823529,0.178669598680594,0.0141103170240059,0.341396371632765,0.116364302730438,0.231812351108668
221273.411807,2665366.126422,0.0902917966599376,0.122224261332355,0.0146815929528354,0.666911359882547,0.0438612589465957,0.0620297302257295
221773.411807,2665366.126422,0.164679992664588,0.0889418668622776,0.0209059233449477,0.536952136438658,0.0597836053548505,0.128736475334678
222273.411807,2665366.126422,0.187465640461792,0.181235110866777,0.0139270661535642,0.341396371632765,0.0652373098772219,0.21073850100788
222773.411807,2665366.126422,0.255092677555515,0.0992842723435493,0.000367039823820885,0.2407781244265,0.0660671682877592,0.338410717562856
223273.411807,2665366.126422,0.574729506693563,0.0289748762149276,0.000550155877498625,0.0161379057399597,0.0128369704749679,0.366770584999083
223773.411807,2665366.126422,0.587319039765439,0.0089792926516401,0,0.00201575957485798,0.00164925783397471,0.400036650174088
224273.411807,2665366.126422,0.489080565241329,0.0117452743622683,0,0.00660671682877592,0.00330335841438796,0.489264085153239
212273.411807,2664866.126422,0.0148623853211009,0.506788990825688,0.00073394495412844,0.084954128440367,0.0695412844036697,0.323119266055046
212773.411807,2664866.126422,0.0366905155017428,0.459915611814346,0.00476976701522656,0.101816180517336,0.0370574206567602,0.359750504494588
213273.411807,2664866.126422,0.0426739926739927,0.448534798534799,0.00146520146520147,0.0661172161172161,0.0272893772893773,0.413919413919414
213773.411807,2664866.126422,0.0763302752293578,0.347522935779817,0.0144954128440367,0.23045871559633,0.0444036697247706,0.286788990825688
214273.411807,2664866.126422,0.0190790680609063,0.280865896165841,0.0532012474775271,0.337002384883508,0.0550357732526142,0.254815630159604
214773.411807,2664866.126422,0.0181318681318681,0.226923076923077,0.0868131868131868,0.322344322344322,0.0717948717948718,0.273992673992674
215273.411807,2664866.126422,0.0478899082568807,0.358532110091743,0.0299082568807339,0.271009174311927,0.0895412844036697,0.203119266055046
215773.411807,2664866.126422,0.0396257567418822,0.328013208585581,0.0232984773436067,0.271876719867914,0.101082370207301,0.236103467253715
216273.411807,2664866.126422,0.0247252747252747,0.516666666666667,0.00164835164835165,0.127106227106227,0.0631868131868132,0.266666666666667
216773.411807,2664866.126422,0.0605504587155963,0.345688073394495,0.0462385321100917,0.256146788990826,0.0491743119266055,0.242201834862385
217273.411807,2664866.126422,0.0443955237571088,0.40799853237938,0.00568702990277013,0.314437717849936,0.0638414969730325,0.163639699137773
217773.411807,2664866.126422,0.0285714285714286,0.255860805860806,0.140842490842491,0.282234432234432,0.0804029304029304,0.212087912087912
218273.411807,2664866.126422,0.0508256880733945,0.129724770642202,0.041651376146789,0.500183486238532,0.076697247706422,0.200917431192661
218773.411807,2664866.126422,0.0590717299578059,0.0559530361401578,0.0254999082737112,0.732526141992295,0.0755824619335902,0.0513667217024399
219273.411807,2664866.126422,0.0351648351648352,0.03003663003663,0.00311355311355311,0.864652014652015,0.0538461538461538,0.0131868131868132
219773.411807,2664866.126422,0.036697247706422,0.0277064220183486,0.00440366972477064,0.837981651376147,0.0572477064220183,0.0359633027522936
220273.411807,2664866.126422,0.0434782608695652,0.0638414969730325,0.00862227114290956,0.661163089341405,0.0706292423408549,0.152265639332233
220773.411807,2664866.126422,0.0593406593406593,0.0985347985347985,0.0238095238095238,0.548534798534799,0.0538461538461538,0.215934065934066
221273.411807,2664866.126422,0.119266055045872,0.283853211009174,0.00715596330275229,0.274862385321101,0.0495412844036697,0.265321100917431
221773.411807,2664866.126422,0.243074665199046,0.325444872500459,0.001284168042561,0.104567969179967,0.015410016510732,0.310218308567235
222273.411807,2664866.126422,0.176739926739927,0.237179487179487,0.00586080586080586,0.273809523809524,0.0752747252747253,0.231135531135531
222773.411807,2664866.126422,0.138715596330275,0.0655045871559633,0.00917431192660551,0.490642201834862,0.0886238532110092,0.207339449541284
223273.411807,2664866.126422,0.36800587048248,0.0454962392221611,0,0.172995780590717,0.0697119794533113,0.34379013025133
223773.411807,2664866.126422,0.524725274725275,0.010989010989011,0,0.00457875457875458,0.00201465201465201,0.457692307692308
224273.411807,2664866.126422,0.397981651376147,0.0579816513761468,0,0.00477064220183486,0.00348623853211009,0.535779816513761
212273.411807,2664366.126422,0.052014652014652,0.408241758241758,0.00750915750915751,0.167582417582418,0.0509157509157509,0.313736263736264
212773.411807,2664366.126422,0.0432234432234432,0.403479853479853,0.0157509157509158,0.231684981684982,0.0446886446886447,0.261172161172161
213273.411807,2664366.126422,0.0583058305830583,0.171250458379171,0.0111844517785112,0.524019068573524,0.0913091309130913,0.143931059772644
213773.411807,2664366.126422,0.0331501831501832,0.180769230769231,0.0195970695970696,0.598168498168498,0.0717948717948718,0.0965201465201465
214273.411807,2664366.126422,0.0386446886446886,0.280586080586081,0.0179487179487179,0.43974358974359,0.0554945054945055,0.167582417582418
214773.411807,2664366.126422,0.0176017601760176,0.498166483314998,0.013017968463513,0.304363769710304,0.0456545654565457,0.121195452878621
215273.411807,2664366.126422,0.017032967032967,0.23021978021978,0.0833333333333333,0.288461538461538,0.118498168498168,0.262454212454212
215773.411807,2664366.126422,0.0598901098901099,0.271428571428571,0.0164835164835165,0.344505494505495,0.095970695970696,0.211721611721612
216273.411807,2664366.126422,0.0405207187385405,0.318481848184819,0.0201686835350202,0.358452511917858,0.0724239090575724,0.18995232856619
216773.411807,2664366.126422,0.0505494505494506,0.34029304029304,0.0763736263736264,0.283150183150183,0.0782051282051282,0.171428571428571
217273.411807,2664366.126422,0.0331501831501832,0.259157509157509,0.0551282051282051,0.427655677655678,0.0787545787545788,0.146153846153846
217773.411807,2664366.126422,0.0487715438210488,0.148881554822149,0.0324532453245325,0.396222955628896,0.0652731939860653,0.308397506417308
218273.411807,2664366.126422,0.0437728937728938,0.135897435897436,0.0525641025641026,0.352197802197802,0.0895604395604396,0.326007326007326
218773.411807,2664366.126422,0.151831501831502,0.144139194139194,0.00146520146520147,0.396153846153846,0.112087912087912,0.194322344322344
219273.411807,2664366.126422,0.0883755042170884,0.0579391272460579,0.0137513751375138,0.66996699669967,0.0870920425375871,0.0828749541620829
219773.411807,2664366.126422,0.0536630036630037,0.108241758241758,0.0043956043956044,0.705860805860806,0.0804029304029304,0.0474358974358974
220273.411807,2664366.126422,0.0342490842490843,0.0919413919413919,0.00128205128205128,0.757142857142857,0.0542124542124542,0.0611721611721612
220773.411807,2664366.126422,0.0667400073340667,0.166299963329666,0,0.634763476347635,0.0430876420975431,0.0891089108910891
221273.411807,2664366.126422,0.160622710622711,0.131868131868132,0.0032967032967033,0.481135531135531,0.0468864468864469,0.176190476190476
221773.411807,2664366.126422,0.263553113553114,0.145054945054945,0.00293040293040293,0.254029304029304,0.0448717948717949,0.28956043956044
222273.411807,2664366.126422,0.541804180418042,0.0982764943160983,0.00055005500550055,0.0375870920425376,0.0152181884855152,0.306563989732307
222773.411807,2664366.126422,0.560989010989011,0.0855311355311355,0.000549450549450549,0.0254578754578755,0.00750915750915751,0.31996336996337
223273.411807,2664366.126422,0.361355311355311,0.0613553113553114,0.0010989010989011,0.144871794871795,0.0562271062271062,0.375091575091575
223773.411807,2664366.126422,0.58984231756509,0.0689402273560689,0.000733406674000733,0.0410707737440411,0.0229189585625229,0.276494316098277
224273.411807,2664366.126422,0.533333333333333,0.0514652014652015,0.000183150183150183,0.021978021978022,0.0175824175824176,0.375457875457875
212273.411807,2663866.126422,0.0550559735731327,0.250688199669664,0.0356028629106258,0.390713892457332,0.0765278032666544,0.191411268122591
212773.411807,2663866.126422,0.0643682376673391,0.362919493856593,0.00898587933247754,0.231248853841922,0.0825233816247937,0.249954153676875
213273.411807,2663866.126422,0.0350009162543522,0.240058640278541,0.015026571376214,0.286421110500275,0.0615722924683892,0.361920469122228
213773.411807,2663866.126422,0.0326665443200587,0.248485960726739,0.0445953385942375,0.470545054138374,0.0614791704899982,0.142227931730593
214273.411807,2663866.126422,0.033192737942417,0.362552723271594,0.00476801760498808,0.345131120484137,0.0588666788923528,0.195488721804511
214773.411807,2663866.126422,0.011544804837823,0.378779549202859,0.000183250870441635,0.0368334249587686,0.0194245922668133,0.553234377863295
215273.411807,2663866.126422,0.0682694072306845,0.228665810240411,0.00238575885483575,0.405211965498257,0.0790970820334006,0.216369976142411
215773.411807,2663866.126422,0.0276911791674308,0.377223546671557,0.0542820465798643,0.231248853841922,0.0612506876948469,0.248303686044379
216273.411807,2663866.126422,0.040131940626718,0.537474803005314,0.00183250870441635,0.155946490745831,0.0910756826094924,0.173538574308228
216773.411807,2663866.126422,0.0724903652046247,0.400440447788585,0.0677188474949532,0.161314002569279,0.0383556615892824,0.259680675353276
217273.411807,2663866.126422,0.0315422703099211,0.156244269209609,0.0319090408949202,0.641665138455896,0.0427287731523932,0.0959105079772602
217773.411807,2663866.126422,0.0643210555250137,0.190764156129742,0.053142752428074,0.293934396188382,0.0549752611324904,0.342862378596298
218273.411807,2663866.126422,0.0675353275830428,0.0838685997430721,0.0396403009726555,0.462470178014315,0.093778674986236,0.252706918700679
218773.411807,2663866.126422,0.0654685494223363,0.077205208142307,0.0187052998349532,0.628461397395929,0.0902255639097744,0.1199339812947
219273.411807,2663866.126422,0.0463624702217336,0.0910756826094924,0.009529045262965,0.689389774601429,0.0740333516584204,0.0896096756459593
219773.411807,2663866.126422,0.0750596439713709,0.20315654248486,0.0012846393833731,0.415672600477152,0.121123141860892,0.183703431822353
220273.411807,2663866.126422,0.0940766550522648,0.144690995782138,0.00696864111498258,0.418852008068953,0.0792224463598019,0.25618925362186
220773.411807,2663866.126422,0.0916254352208173,0.122778083195895,0.00274876305662452,0.56386292834891,0.0820963899578523,0.136888400219901
221273.411807,2663866.126422,0.153055606533309,0.148651128647458,0.00201871903101487,0.355111029546706,0.119471462653698,0.221692053587814
221773.411807,2663866.126422,0.321291032459197,0.103612690262241,0.0022006235099945,0.174949569044563,0.0874747845222813,0.310471300201724
222273.411807,2663866.126422,0.471870991387209,0.0485614806670332,0.015026571376214,0.130474619754444,0.0366501740883269,0.297416162726773
222773.411807,2663866.126422,0.521380069737567,0.0497338961277299,0,0.0137639933932832,0.00991007524316388,0.405211965498257
223273.411807,2663866.126422,0.598936365303503,0.0205391527599487,0,0.000550155877498625,0.00110031175499725,0.378874014304053
223773.411807,2663866.126422,0.603811618105186,0.0450797141286421,0,0.000916254352208173,0.000366501740883269,0.34982591167308
224273.411807,2663866.126422,0.438796109377868,0.0697375665259681,0,0.00256927876674619,0.00201871903101487,0.486878326298403
212273.411807,2663366.126422,0.0365137614678899,0.48605504587156,0.000917431192660551,0.208073394495413,0.0623853211009174,0.20605504587156
212773.411807,2663366.126422,0.0678774536782242,0.445239405613649,0.00458631443771785,0.236653824986241,0.0471473124197395,0.198495688864429
213273.411807,2663366.126422,0.0470695970695971,0.39981684981685,0.0135531135531136,0.268131868131868,0.0708791208791209,0.200549450549451
213773.411807,2663366.126422,0.0500917431192661,0.158165137614679,0.0121100917431193,0.584036697247706,0.0765137614678899,0.119082568807339
214273.411807,2663366.126422,0.0247660979636764,0.321408915795267,0.0790680609062557,0.448174646853788,0.0388919464318474,0.0876903320491653
214773.411807,2663366.126422,0.0305860805860806,0.350549450549451,0,0.0705128205128205,0.0476190476190476,0.500732600732601
215273.411807,2663366.126422,0.018348623853211,0.427889908256881,0.00165137614678899,0.102201834862385,0.0660550458715596,0.383853211009174
215773.411807,2663366.126422,0.0232984773436067,0.394056136488718,0.02568336085122,0.277563749770684,0.0543019629425793,0.225096312603192
216273.411807,2663366.126422,0.0571428571428571,0.57967032967033,0,0.0957875457875458,0.0525641025641026,0.214835164835165
216773.411807,2663366.126422,0.0313761467889908,0.492110091743119,0.0170642201834862,0.184587155963303,0.0444036697247706,0.23045871559633
217273.411807,2663366.126422,0.0335718216840947,0.340304531278664,0.0277013392038158,0.223078334250596,0.0649422124380847,0.310401761144744
217773.411807,2663366.126422,0.0562271062271062,0.137728937728938,0.0518315018315018,0.623443223443223,0.0575091575091575,0.0732600732600733
218273.411807,2663366.126422,0.0368807339449541,0.220366972477064,0.00605504587155963,0.297064220183486,0.0803669724770642,0.359266055045872
