"x","y","forest","agri","water","built","other","grass"
160773.411807,2558366.126422,0.0112570356472795,0.538461538461538,0.00312695434646654,0.0400250156347717,0.106316447779862,0.300813008130081
161273.411807,2558366.126422,0.1172046380445,0.358194923221561,0,0.0341585709808837,0.0213099341899091,0.469131933563146
161773.411807,2558366.126422,0.0359937402190923,0.42472613458529,0.0672926447574335,0.121752738654147,0.058528951486698,0.29170579029734
162273.411807,2558366.126422,0.0625390869293308,0.452782989368355,0.188555347091932,0.140087554721701,0.0428392745465916,0.113195747342089
162773.411807,2558366.126422,0.0325916640551551,0.667815731745534,0.0028204324663115,0.0322782826700094,0.0664368536508931,0.198057035412097
163273.411807,2558366.126422,0.0312989045383412,0.690453834115806,0,0.00876369327073552,0.0463223787167449,0.223161189358372
163773.411807,2558366.126422,0.0809881175734834,0.481550969355847,0,0.0215759849906191,0.0775484677923702,0.33833646028768
164273.411807,2558366.126422,0.101222187402068,0.26668755875901,0,0.237856471325603,0.209025383892197,0.185208398621122
164773.411807,2558366.126422,0.0782472613458529,0.51924882629108,0,0.0553990610328638,0.130516431924883,0.216588419405321
165273.411807,2558366.126422,0.0234521575984991,0.606941838649156,0,0,0.0290806754221388,0.340525328330206
165773.411807,2558366.126422,0.0648699467251645,0.642118458163585,0,0.00125352554058289,0.0162958320275776,0.27546223754309
166273.411807,2558366.126422,0.0879499217527386,0.538341158059468,0,0.0165884194053208,0.0604068857589984,0.296713615023474
166773.411807,2558366.126422,0.136960600375235,0.289868667917448,0,0.121013133208255,0.181676047529706,0.270481550969356
167273.411807,2558366.126422,0.0977749921654654,0.454089627076152,0,0.062049514258853,0.10842995926042,0.27765590723911
167773.411807,2558366.126422,0.0807511737089202,0.3981220657277,0,0.0807511737089202,0.0945226917057903,0.34585289514867
168273.411807,2558366.126422,0.092245153220763,0.123514696685428,0,0.5046904315197,0.147592245153221,0.131957473420888
168773.411807,2558366.126422,0.0874334064556565,0.219680350987151,0,0.283296772171733,0.142901911626449,0.26668755875901
169273.411807,2558366.126422,0.0143974960876369,0.635367762128325,0,0,0.0259780907668232,0.324256651017214
169773.411807,2558366.126422,0.0390869293308318,0.544090056285178,0,0.0825515947467167,0.0747342088805503,0.259537210756723
170273.411807,2558366.126422,0.048574114697587,0.61172046380445,0,0.0181761203384519,0.0545283610153557,0.267000940144155
170773.411807,2558366.126422,0.0118935837245696,0.473865414710485,0.0713615023474178,0.0935837245696401,0.0422535211267606,0.307042253521127
171273.411807,2558366.126422,0,0.323952470293934,0.272045028142589,0.265478424015009,0.0100062539086929,0.128517823639775
171773.411807,2558366.126422,0.0307113757442808,0.427765590723911,0.0463804450015669,0.126292698213726,0.0454403008461297,0.323409589470385
172273.411807,2558366.126422,0.11830985915493,0.30735524256651,0,0.0832550860719875,0.0563380281690141,0.434741784037559
172773.411807,2558366.126422,0.187304565353346,0.301125703564728,0,0.133520950594121,0.102251407129456,0.275797373358349
160773.411807,2557866.126422,0.40960762742941,0.324165749908324,0.0124679134580125,0.0293362669600293,0.0328199486615328,0.191602493582692
161273.411807,2557866.126422,0.280586080586081,0.305677655677656,0.00457875457875458,0.0368131868131868,0.015018315018315,0.357326007326007
161773.411807,2557866.126422,0.0597069597069597,0.346336996336996,0.106043956043956,0.223076923076923,0.0388278388278388,0.226007326007326
162273.411807,2557866.126422,0.037953795379538,0.28969563623029,0.311881188118812,0.227906123945728,0.0544554455445545,0.0781078107810781
162773.411807,2557866.126422,0.0553113553113553,0.29047619047619,0.142673992673993,0.244688644688645,0.0813186813186813,0.185531135531136
163273.411807,2557866.126422,0.103663003663004,0.58956043956044,0.000183150183150183,0.0316849816849817,0.0362637362637363,0.238644688644689
163773.411807,2557866.126422,0.0645397873120645,0.712687935460213,0,0.00586725339200587,0.0315364869820315,0.185368536853685
164273.411807,2557866.126422,0.089010989010989,0.504578754578755,0,0.0476190476190476,0.0906593406593407,0.268131868131868
164773.411807,2557866.126422,0.0543956043956044,0.624358974358974,0,0.0133699633699634,0.0406593406593407,0.267216117216117
165273.411807,2557866.126422,0.0122845617895123,0.642647598093143,0,0.00476714338100477,0.0487715438210488,0.291529152915292
165773.411807,2557866.126422,0.03003663003663,0.684615384615385,0,0.0203296703296703,0.01996336996337,0.245054945054945
166273.411807,2557866.126422,0.0483516483516484,0.727106227106227,0,0.0120879120879121,0.0353479853479853,0.177106227106227
166773.411807,2557866.126422,0.0980931426475981,0.352951961862853,0,0.218005133846718,0.192885955262193,0.138063806380638
167273.411807,2557866.126422,0.0483516483516484,0.572161172161172,0,0.0503663003663004,0.0265567765567766,0.302564102564103
167773.411807,2557866.126422,0.13040293040293,0.277838827838828,0,0.278937728937729,0.126007326007326,0.186813186813187
168273.411807,2557866.126422,0.0577557755775578,0.0641730839750642,0,0.747891455812248,0.0870920425375871,0.0430876420975431
168773.411807,2557866.126422,0.0785714285714286,0.427655677655678,0,0.259157509157509,0.113369963369963,0.121245421245421
169273.411807,2557866.126422,0.0358974358974359,0.635714285714286,0,0.122344322344322,0.0393772893772894,0.166666666666667
169773.411807,2557866.126422,0.0762742940960763,0.289145581224789,0,0.250825082508251,0.172350568390172,0.211404473780711
170273.411807,2557866.126422,0.0294871794871795,0.307509157509158,0.135714285714286,0.293040293040293,0.0457875457875458,0.188461538461538
170773.411807,2557866.126422,0.00164835164835165,0.590659340659341,0.128754578754579,0.0434065934065934,0.0197802197802198,0.215750915750916
171273.411807,2557866.126422,0.0185185185185185,0.563989732306564,0,0.0423542354235424,0.0608727539420609,0.314264759809314
171773.411807,2557866.126422,0.0470695970695971,0.105494505494505,0,0.632051282051282,0.142307692307692,0.0730769230769231
172273.411807,2557866.126422,0.142857142857143,0.236630036630037,0,0.248717948717949,0.126373626373626,0.245421245421245
172773.411807,2557866.126422,0.070957095709571,0.377887788778878,0,0.123212321232123,0.111111111111111,0.316831683168317
160773.411807,2557366.126422,0.0205240974894631,0.426791277258567,0.342129375114532,0.1412864211105,0.0254718709913872,0.0437969580355507
161273.411807,2557366.126422,0.21985685446871,0.116902183886952,0,0.0236740686364471,0.00752431638832813,0.632042576619563
161773.411807,2557366.126422,0.262424353566844,0.391344214194022,0,0.0465798642948836,0.0438290849073904,0.25582248303686
162273.411807,2557366.126422,0.466556716144402,0.204141469671981,0,0.00751328568810702,0.0144768187648891,0.307311709730621
162773.411807,2557366.126422,0.31528720866214,0.338594237474766,0.0146815929528354,0.0691870067902367,0.015782712424298,0.246467241695724
163273.411807,2557366.126422,0.0247570144874381,0.570328259673574,0.0236567027324409,0.183385292499542,0.0493306436823767,0.148542086924629
163773.411807,2557366.126422,0.0963899578522998,0.583287520615723,0,0.0663368150998717,0.0716510903426791,0.182334616089426
164273.411807,2557366.126422,0.0484492567443568,0.7012295834098,0,0.0611121306661773,0.063497889521013,0.125711139658653
164773.411807,2557366.126422,0.0166880616174583,0.773885934348065,0,0.0216394645149459,0.0249403997799376,0.162846139739593
165273.411807,2557366.126422,0.0678028220634048,0.474986256184717,0,0.0850284038849184,0.115264797507788,0.256917720359172
165773.411807,2557366.126422,0.0552394934850431,0.516425032115985,0,0.0102771150669848,0.0686364470545054,0.349421912277482
166273.411807,2557366.126422,0.0339262791124152,0.62387676508344,0,0.000733541169998166,0.0210893086374473,0.320374105996699
166773.411807,2557366.126422,0.103903243540407,0.430822796408283,0,0.0339014110317024,0.115631299248671,0.315741249770936
167273.411807,2557366.126422,0.107359148467609,0.172141677371995,0,0.203890622132501,0.150119287942742,0.366489264085153
167773.411807,2557366.126422,0.101595452044746,0.218411883366954,0,0.261324041811847,0.181734824867046,0.236933797909408
168273.411807,2557366.126422,0.0685358255451713,0.279091075682609,0,0.272677295217152,0.1412864211105,0.238409382444567
168773.411807,2557366.126422,0.10387227014131,0.371260781794825,0,0.216920535878143,0.0945127546338778,0.213433657551844
169273.411807,2557366.126422,0.0309921144324225,0.547405098111131,0,0.0399779937649001,0.0474967907573813,0.334128002934165
169773.411807,2557366.126422,0.0403151914971596,0.205240974894631,0.28807036833425,0.102803738317757,0.028587135788895,0.334982591167308
170273.411807,2557366.126422,0.0122958340979996,0.375848779592586,0.0357863828225362,0.0455129381537897,0.077995962561938,0.452560102771151
170773.411807,2557366.126422,0.0583165230148542,0.46011369888135,0,0.0330093526499175,0.0658353200073354,0.382725105446543
171273.411807,2557366.126422,0.0536925050393989,0.611324903793293,0,0.0218068535825545,0.0566245189664651,0.256551218618288
171773.411807,2557366.126422,0.0824004404477886,0.17030647825289,0,0.501376399339328,0.160212883097816,0.0857037988621766
172273.411807,2557366.126422,0.0810562992847974,0.419768934531451,0,0.109847790207225,0.0748211993398129,0.314505776636714
172773.411807,2557366.126422,0.0731170973062122,0.479017775334433,0,0.0967564595931831,0.0613890415979476,0.289719626168224
160773.411807,2556866.126422,0.0545787545787546,0.3,0.283333333333333,0.144139194139194,0.028021978021978,0.18992673992674
161273.411807,2556866.126422,0.112293577981651,0.41394495412844,0,0.0480733944954128,0.0251376146788991,0.400550458715596
161773.411807,2556866.126422,0.0100898917629793,0.600990643918547,0,0.0410933773619519,0.132819666116309,0.215006420840213
162273.411807,2556866.126422,0.127838827838828,0.655494505494505,0,0.00787545787545788,0.0254578754578755,0.183333333333333
162773.411807,2556866.126422,0.0332110091743119,0.621284403669725,0,0.0442201834862385,0.0570642201834862,0.244220183486239
163273.411807,2556866.126422,0.0352228948816731,0.671069528526876,0,0.0654925701706109,0.0882406897816914,0.139974316639149
163773.411807,2556866.126422,0.0633699633699634,0.517032967032967,0,0.173443223443223,0.135164835164835,0.110989010989011
164273.411807,2556866.126422,0.0611009174311927,0.602018348623853,0,0.0913761467889908,0.0853211009174312,0.160183486238532
164773.411807,2556866.126422,0.0469638598422308,0.455145844799119,0,0.0654925701706109,0.115758576407999,0.31663914878004
165273.411807,2556866.126422,0.0558608058608059,0.545970695970696,0,0.127472527472527,0.0948717948717949,0.175824175824176
165773.411807,2556866.126422,0.086605504587156,0.426238532110092,0,0.0572477064220183,0.102201834862385,0.327706422018349
166273.411807,2556866.126422,0.0253164556962025,0.534397358282884,0,0.0159603742432581,0.0717299578059072,0.352595853971748
166773.411807,2556866.126422,0.0395604395604396,0.482783882783883,0,0.00311355311355311,0.0494505494505494,0.425091575091575
167273.411807,2556866.126422,0.0321100917431193,0.450642201834862,0,0.0361467889908257,0.116146788990826,0.364954128440367
167773.411807,2556866.126422,0.0258668134287287,0.470188956154834,0,0.0425609979820216,0.0432948082920565,0.418088424142359
168273.411807,2556866.126422,0.0679487179487179,0.476923076923077,0,0.0965201465201465,0.080952380952381,0.277655677655678
168773.411807,2556866.126422,0.0647706422018349,0.372293577981651,0.0141284403669725,0.204036697247706,0.0500917431192661,0.294678899082569
169273.411807,2556866.126422,0.00476976701522656,0.164556962025316,0.224729407448175,0.142909557879288,0.0315538433314988,0.431480462300495
169773.411807,2556866.126422,0.0846153846153846,0.252747252747253,0,0.00677655677655678,0.0304029304029304,0.625457875457875
170273.411807,2556866.126422,0.0341284403669725,0.399816513761468,0,0.0361467889908257,0.0946788990825688,0.435229357798165
170773.411807,2556866.126422,0.0447624289121262,0.56485048614933,0,0.0260502660062374,0.0333883691065859,0.33094844982572
171273.411807,2556866.126422,0.043956043956044,0.547619047619048,0,0.0507326007326007,0.0571428571428571,0.300549450549451
171773.411807,2556866.126422,0.066605504587156,0.256330275229358,0,0.424770642201835,0.100183486238532,0.152110091743119
172273.411807,2556866.126422,0.0651256650155935,0.591818015043111,0,0.0805356815263254,0.0344890845716382,0.228031553843331
172773.411807,2556866.126422,0.089010989010989,0.458058608058608,0,0.0908424908424908,0.0298534798534799,0.332234432234432
160773.411807,2556366.126422,0.314448111477814,0.272277227722772,0.116428309497616,0.0427209387605427,0.0198019801980198,0.234323432343234
161273.411807,2556366.126422,0.0388278388278388,0.568864468864469,0,0.0252747252747253,0.0514652014652015,0.315567765567766
161773.411807,2556366.126422,0.109157509157509,0.543406593406593,0,0.0597069597069597,0.0989010989010989,0.188827838827839
162273.411807,2556366.126422,0.00531719838650532,0.579207920792079,0,0.0922258892555922,0.0768243491015768,0.246424642464246
162773.411807,2556366.126422,0.0421245421245421,0.32985347985348,0.00128205128205128,0.243040293040293,0.116483516483516,0.267216117216117
163273.411807,2556366.126422,0.0804029304029304,0.553846153846154,0,0.0644688644688645,0.0842490842490843,0.217032967032967
163773.411807,2556366.126422,0.0216354968830216,0.705903923725706,0,0.0414374770810414,0.05995599559956,0.171067106710671
164273.411807,2556366.126422,0.0446886446886447,0.564102564102564,0.000366300366300366,0.0978021978021978,0.0567765567765568,0.236263736263736
164773.411807,2556366.126422,0.0472527472527473,0.517216117216117,0,0.0681318681318681,0.106227106227106,0.261172161172161
165273.411807,2556366.126422,0.0605060506050605,0.484781811514485,0,0.0357535753575358,0.0903923725705904,0.328566189952329
165773.411807,2556366.126422,0.065018315018315,0.144139194139194,0.00201465201465201,0.269047619047619,0.307326007326007,0.212454212454212
166273.411807,2556366.126422,0.0895604395604396,0.437545787545788,0,0.128388278388278,0.118498168498168,0.226007326007326
166773.411807,2556366.126422,0.0682068206820682,0.383021635496883,0,0.0562889622295563,0.11037770443711,0.382104877154382
167273.411807,2556366.126422,0.032967032967033,0.267765567765568,0,0.167032967032967,0.160622710622711,0.371611721611722
167773.411807,2556366.126422,0.0336996336996337,0.358241758241758,0,0.0591575091575092,0.0855311355311355,0.463369963369963
168273.411807,2556366.126422,0.0271360469380271,0.22002200220022,0.1998533186652,0.259075907590759,0.0445544554455446,0.249358269160249
168773.411807,2556366.126422,0.0366300366300366,0.301831501831502,0.0503663003663004,0.216483516483516,0.132783882783883,0.261904761904762
169273.411807,2556366.126422,0.023992673992674,0.262637362637363,0,0.0157509157509158,0.113736263736264,0.583882783882784
169773.411807,2556366.126422,0.0982764943160983,0.209204253758709,0,0.183351668500183,0.191969196919692,0.317198386505317
170273.411807,2556366.126422,0.0798534798534798,0.406410256410256,0,0.158974358974359,0.153479853479853,0.201282051282051
170773.411807,2556366.126422,0.0732600732600733,0.611172161172161,0,0.0512820512820513,0.0344322344322344,0.22985347985348
171273.411807,2556366.126422,0.0612394572790612,0.472130546387972,0,0.0515218188485515,0.070957095709571,0.344151081774844
171773.411807,2556366.126422,0.0655677655677656,0.456776556776557,0,0.246886446886447,0.0895604395604396,0.141208791208791
172273.411807,2556366.126422,0.0408424908424908,0.795604395604396,0,0.0212454212454212,0.034981684981685,0.107326007326007
172773.411807,2556366.126422,0.0573890722405574,0.608360836083608,0,0.0821415474880821,0.0476714338100477,0.204437110377704
160773.411807,2555866.126422,0.0778816199376947,0.498808869342129,0,0.0317024005864028,0.0544255085211655,0.337181601612608
161273.411807,2555866.126422,0.0673518076711323,0.566342448155625,0,0.0334006239677005,0.0504679757753716,0.282437144430171
161773.411807,2555866.126422,0.0324591967724189,0.338529249954154,0,0.270309921144324,0.217311571611957,0.141390060517147
162273.411807,2555866.126422,0.0839288986622686,0.247022173355323,0,0.259116730804471,0.214953271028037,0.194978926149899
162773.411807,2555866.126422,0.0486327766562672,0.335107359148468,0.162231602128831,0.222242613323546,0.0469810974490732,0.184804551293815
163273.411807,2555866.126422,0.0610673024023473,0.381808178984045,0.000916926462497708,0.185952686594535,0.122501375389694,0.247753530166881
163773.411807,2555866.126422,0.0789811251603445,0.421843503756643,0,0.0650540590067803,0.157595748579806,0.276525563496427
164273.411807,2555866.126422,0.0897412369242063,0.300055055973573,0,0.221875573499725,0.164984400807488,0.223343732795008
164773.411807,2555866.126422,0.0311754997249221,0.613607188703466,0,0.00825233816247937,0.039611223179901,0.307353750229232
165273.411807,2555866.126422,0.0203408466190214,0.608209638995785,0,0.000733003481766538,0.0399486897562763,0.33076782114715
165773.411807,2555866.126422,0.0172508717195816,0.588915397320609,0,0.0306478252890439,0.0647825289043861,0.298403376766379
166273.411807,2555866.126422,0.0403447643498991,0.50394278378874,0,0.0333761232349166,0.0913258756647717,0.331010452961672
166773.411807,2555866.126422,0.00219901044529962,0.54150632215503,0,0.00549752611324904,0.0657870624885468,0.385010078797874
167273.411807,2555866.126422,0.0372545421178198,0.267939071389246,0.130666177280235,0.0642319691686548,0.0152321526885667,0.484676087355478
167773.411807,2555866.126422,0.0117366587199707,0.0434623143223913,0.259673574179351,0.186136071887035,0.0106363469649734,0.488355033926279
168273.411807,2555866.126422,0.0645043063954554,0.22759758108851,0,0.00842954004031519,0.083745647791827,0.615722924683892
168773.411807,2555866.126422,0.0783630023857589,0.320609286107543,0,0.125527619746743,0.122407781244265,0.353092310515691
169273.411807,2555866.126422,0.0548322024573629,0.468916192921328,0,0.0907757197872731,0.0896754080322758,0.295800476801761
169773.411807,2555866.126422,0.0859446582371266,0.41139820414147,0,0.0639545537841305,0.0864944108484515,0.352208172988822
170273.411807,2555866.126422,0.0412919801798495,0.534042943659387,0,0.0427601394751331,0.0768948430904753,0.305010093595155
170773.411807,2555866.126422,0.0797726022373006,0.329910141206675,0,0.194938565927013,0.132404181184669,0.262974509444343
171273.411807,2555866.126422,0.0674363203225215,0.553967381345061,0,0.158878504672897,0.074216602528862,0.145501191130658
171773.411807,2555866.126422,0.093778674986236,0.439530189025509,0,0.273077628922738,0.102037071022206,0.0915764360433107
172273.411807,2555866.126422,0.0495140289748762,0.738859343480653,0,0.0687694846873281,0.0291582615074271,0.113698881349716
172773.411807,2555866.126422,0.0152098222466557,0.625984973428624,0,0.05717427157779,0.0194245922668133,0.282206340480117
160773.411807,2555366.126422,0.39029304029304,0.453663003663004,0,0.03003663003663,0.0624542124542125,0.0635531135531135
161273.411807,2555366.126422,0.240183486238532,0.364587155963303,0,0.0227522935779817,0.108807339449541,0.263669724770642
161773.411807,2555366.126422,0.231700605393506,0.198679141441937,0.00330214639515685,0.0359567051917079,0.0552192258301229,0.475142175747569
162273.411807,2555366.126422,0.0822344322344322,0.153296703296703,0.0104395604395604,0.287912087912088,0.191025641025641,0.275091575091575
162773.411807,2555366.126422,0.0478899082568807,0.378715596330275,0.00165137614678899,0.133211009174312,0.128073394495413,0.31045871559633
163273.411807,2555366.126422,0.0286186020913594,0.468904788112273,0.000550357732526142,0.15831957439002,0.068611263988259,0.274995413685562
163773.411807,2555366.126422,0.102014652014652,0.266483516483516,0.0043956043956044,0.08003663003663,0.0263736263736264,0.520695970695971
164273.411807,2555366.126422,0.0108256880733945,0.604403669724771,0,0.00440366972477064,0.0864220183486239,0.29394495412844
164773.411807,2555366.126422,0.0139423958906623,0.664098330581545,0,0.0462300495321959,0.0807191341038342,0.195010089891763
165273.411807,2555366.126422,0.0032967032967033,0.635531135531135,0,0.00256410256410256,0.0269230769230769,0.331684981684982
165773.411807,2555366.126422,0,0.57302752293578,0,0.0110091743119266,0.0700917431192661,0.345871559633028
166273.411807,2555366.126422,0.0401761144744084,0.392405063291139,0.0557695835626491,0.0372408732342689,0.0291689598238855,0.445239405613649
166773.411807,2555366.126422,0.00915750915750916,0.175274725274725,0.4496336996337,0.0769230769230769,0.0115384615384615,0.277472527472527
167273.411807,2555366.126422,0.0190825688073394,0.198165137614679,0.119633027522936,0.073394495412844,0.064954128440367,0.524770642201835
167773.411807,2555366.126422,0.0544854155200881,0.348743349844065,0,0.118326912493121,0.104934874334984,0.373509447807742
168273.411807,2555366.126422,0.0668498168498168,0.381868131868132,0,0.13992673992674,0.0904761904761905,0.320879120879121
168773.411807,2555366.126422,0.0684403669724771,0.380550458715596,0,0.146605504587156,0.0787155963302752,0.325688073394495
169273.411807,2555366.126422,0.0717299578059072,0.0926435516419006,0,0.591818015043111,0.181251146578609,0.0625573289304715
169773.411807,2555366.126422,0.0708791208791209,0.441391941391941,0,0.142490842490842,0.121428571428571,0.223809523809524
170273.411807,2555366.126422,0.104954128440367,0.452293577981651,0,0.117981651376147,0.064954128440367,0.259816513761468
170773.411807,2555366.126422,0.128600256833609,0.340121078701156,0,0.147862777472023,0.118877270225647,0.264538616767566
171273.411807,2555366.126422,0.0913919413919414,0.62985347985348,0,0.0743589743589744,0.0404761904761905,0.163919413919414
171773.411807,2555366.126422,0.0335779816513761,0.62256880733945,0,0.1,0.063302752293578,0.180550458715596
172273.411807,2555366.126422,0.0601724454228582,0.426343790130251,0,0.254448725004586,0.121995964043295,0.137039075399009
172773.411807,2555366.126422,0.0666666666666667,0.590659340659341,0,0.0593406593406593,0.0804029304029304,0.202930402930403
160773.411807,2554866.126422,0.0903923725705904,0.289328932893289,0.000916758342500917,0.295562889622296,0.103960396039604,0.21983865053172
161273.411807,2554866.126422,0.0509157509157509,0.273260073260073,0,0.127472527472527,0.0771062271062271,0.471245421245421
161773.411807,2554866.126422,0.0250915750915751,0.206776556776557,0,0.0021978021978022,0.019047619047619,0.746886446886447
162273.411807,2554866.126422,0.0254858819215255,0.248258159149248,0,0.00311697836450312,0.0144847818115145,0.708654198753209
162773.411807,2554866.126422,0.0113553113553114,0.333150183150183,0,0.0291208791208791,0.0342490842490843,0.592124542124542
163273.411807,2554866.126422,0.00787545787545788,0.252380952380952,0.00164835164835165,0.0981684981684982,0.0538461538461538,0.586080586080586
163773.411807,2554866.126422,0.0231023102310231,0.324715804913825,0.0108177484415108,0.074990832416575,0.0564723138980565,0.50990099009901
164273.411807,2554866.126422,0,0.535347985347985,0,0.0485347985347985,0.073992673992674,0.342124542124542
164773.411807,2554866.126422,0.0347985347985348,0.367948717948718,0.00238095238095238,0.0375457875457875,0.0362637362637363,0.521062271062271
165273.411807,2554866.126422,0.0278694536120279,0.445544554455446,0.0247524752475248,0.0491382471580491,0.0817748441510818,0.370920425375871
165773.411807,2554866.126422,0.0232600732600733,0.299084249084249,0.35,0.155128205128205,0.0553113553113553,0.117216117216117
166273.411807,2554866.126422,0.019047619047619,0.185164835164835,0.307692307692308,0.139194139194139,0.0648351648351648,0.284065934065934
166773.411807,2554866.126422,0.0792079207920792,0.36963696369637,0,0.0817748441510818,0.0922258892555922,0.377154382104877
167273.411807,2554866.126422,0.0725274725274725,0.493223443223443,0,0.052014652014652,0.0723443223443224,0.30989010989011
167773.411807,2554866.126422,0.0265567765567766,0.471245421245421,0,0.0278388278388278,0.0758241758241758,0.398534798534799
168273.411807,2554866.126422,0.0454712137880455,0.608177484415108,0,0.00843417675100843,0.037953795379538,0.2999633296663
168773.411807,2554866.126422,0.0644688644688645,0.360989010989011,0,0.17985347985348,0.121428571428571,0.273260073260073
169273.411807,2554866.126422,0.0923076923076923,0.289010989010989,0,0.191391941391941,0.121245421245421,0.306043956043956
169773.411807,2554866.126422,0.0588558855885589,0.481298129812981,0,0.0302530253025303,0.0456545654565457,0.383938393839384
170273.411807,2554866.126422,0.0648351648351648,0.502197802197802,0,0.0965201465201465,0.0536630036630037,0.282783882783883
170773.411807,2554866.126422,0.0813186813186813,0.650915750915751,0,0.0639194139194139,0.0355311355311355,0.168315018315018
171273.411807,2554866.126422,0.0579391272460579,0.171067106710671,0,0.538503850385038,0.146497983131646,0.085991932526586
171773.411807,2554866.126422,0.0663003663003663,0.206227106227106,0,0.425457875457875,0.134065934065934,0.167948717948718
172273.411807,2554866.126422,0.14047619047619,0.10989010989011,0.000549450549450549,0.485347985347985,0.144688644688645,0.119047619047619
172773.411807,2554866.126422,0.108544187752109,0.182801613494683,0.000183351668500183,0.266043270993766,0.0658232489915658,0.376604327099377
160773.411807,2554366.126422,0.026571376214037,0.400952904526297,0.199926699651823,0.129008612790911,0.0126443100604728,0.23089609675646
161273.411807,2554366.126422,0.0855202789502661,0.383923655716645,0.0959809139291613,0.125894659570563,0.0392732611488346,0.269407230684529
161773.411807,2554366.126422,0.0401613790573996,0.251421236016871,0.156244269209609,0.044379240784889,0.0364936732074088,0.471300201723822
162273.411807,2554366.126422,0.00293201392706615,0.327102803738318,0.183983873923401,0.126076598863845,0.0874106652006597,0.272494044346711
162773.411807,2554366.126422,0.0211047898697009,0.389796292897779,0.24499908240044,0.118920902917967,0.0682694072306845,0.156909524683428
163273.411807,2554366.126422,0.00330093526499175,0.299468182651751,0.267192371171832,0.207408765816981,0.0418118466898955,0.180817898404548
163773.411807,2554366.126422,0.0437969580355507,0.0925416895730255,0.446032618654939,0.0951072017592084,0.0128275609309144,0.309693971046362
164273.411807,2554366.126422,0.00165167920719398,0.0644154890805652,0.3567627087539,0.245182602312351,0.0266103872270141,0.305377133418976
164773.411807,2554366.126422,0.0385109114249037,0.181184668989547,0.398129470016505,0.130570328259674,0.0260407115349349,0.225563909774436
165273.411807,2554366.126422,0.013560564412681,0.303096939710464,0.289536375297783,0.0480117280557083,0.109400769653656,0.236393622869709
165773.411807,2554366.126422,0.0280785465222977,0.419526518627271,0.0159662323362085,0.0658836483758488,0.132501376399339,0.338043677739035
166273.411807,2554366.126422,0.132954337062168,0.467265725288832,0.000183385292499542,0.0489638730973776,0.0242068586099395,0.326425820649184
166773.411807,2554366.126422,0.0689023272860546,0.555983140919919,0,0.0595565328935312,0.0584570276708814,0.257100971229613
167273.411807,2554366.126422,0.044411818682327,0.457882180216553,0,0.0179849513672233,0.0407414204441182,0.438979629289778
167773.411807,2554366.126422,0.0359435173299101,0.598752980011003,0,0.00275077938749312,0.0759215110948102,0.286631212176783
168273.411807,2554366.126422,0.0956569543705333,0.473520249221184,0,0.0830126443100605,0.0635880520432472,0.284222100054975
168773.411807,2554366.126422,0.0899247568361167,0.354927509634795,0,0.224995412002202,0.0853367590383557,0.24481556248853
169273.411807,2554366.126422,0.0682193288098294,0.20795892169448,0,0.455529066568861,0.0944434256372639,0.173849257289565
169773.411807,2554366.126422,0.0919919369617006,0.421843503756643,0,0.244456661169141,0.0705515851200293,0.171156312992487
170273.411807,2554366.126422,0.0967149935768031,0.40649660488163,0,0.118737383006056,0.0697375665259681,0.308313452009543
170773.411807,2554366.126422,0.0709701081973226,0.504676324958738,0,0.103245919677242,0.0518980377773703,0.269209609389327
171273.411807,2554366.126422,0.0791643760307861,0.135055891515485,0.000183250870441635,0.485798057540773,0.175554333883086,0.124244090159428
171773.411807,2554366.126422,0.118920902917967,0.181868232703248,0,0.337126078179482,0.133969535694623,0.22811525050468
172273.411807,2554366.126422,0.0621676141573446,0.202273977626994,0.0348432055749129,0.461580781221346,0.0478635613423803,0.191270860077022
172773.411807,2554366.126422,0.115264797507788,0.199376947040498,0.00879604178119846,0.50558915154847,0.0529595015576324,0.118013560564413
160773.411807,2553866.126422,0.00897435897435897,0.453663003663004,0.265018315018315,0.145970695970696,0.043956043956044,0.0824175824175824
161273.411807,2553866.126422,0.0137614678899083,0.390642201834862,0.171009174311927,0.224036697247706,0.0691743119266055,0.131376146788991
161773.411807,2553866.126422,0.0172445422858191,0.578792882039993,0.135754907356448,0.104934874334984,0.0676940011007155,0.09557879288204
162273.411807,2553866.126422,0.132783882783883,0.433882783882784,0.0509157509157509,0.0516483516483516,0.0489010989010989,0.281868131868132
162773.411807,2553866.126422,0.0322935779816514,0.515412844036697,0.00110091743119266,0.075045871559633,0.0974311926605505,0.278715596330275
163273.411807,2553866.126422,0.0172445422858191,0.554577141808842,0.000550357732526142,0.0867730691616217,0.0601724454228582,0.280682443588332
163773.411807,2553866.126422,0.0265567765567766,0.398901098901099,0.00366300366300366,0.0752747252747253,0.0602564102564103,0.435347985347985
164273.411807,2553866.126422,0.107155963302752,0.440733944954128,0,0.0225688073394495,0.0565137614678899,0.37302752293578
164773.411807,2553866.126422,0.0741148413135205,0.393872683911209,0,0.0066042927903137,0.0429279031370391,0.482480278847918
165273.411807,2553866.126422,0.0554945054945055,0.36996336996337,0,0.015018315018315,0.0529304029304029,0.506593406593407
165773.411807,2553866.126422,0.0262385321100917,0.362935779816514,0.0137614678899083,0.0706422018348624,0.0462385321100917,0.480183486238532
166273.411807,2553866.126422,0.11979453311319,0.225830122913227,0.0150431113557145,0.250229315721886,0.0963126031920749,0.292790313703908
166773.411807,2553866.126422,0.0538461538461538,0.335164835164835,0,0.111904761904762,0.0990842490842491,0.4
167273.411807,2553866.126422,0.0055045871559633,0.22,0,0.00055045871559633,0.0227522935779817,0.751192660550459
167773.411807,2553866.126422,0.0374243258117777,0.454778939644102,0,0.160154100165107,0.106035589800037,0.241607044578976
168273.411807,2553866.126422,0.0785714285714286,0.445421245421245,0,0.13040293040293,0.0602564102564103,0.285347985347985
168773.411807,2553866.126422,0.0803669724770642,0.399082568807339,0,0.251559633027523,0.101467889908257,0.167522935779817
169273.411807,2553866.126422,0.104017611447441,0.184369840396258,0,0.429645936525408,0.126398825903504,0.155567785727389
169773.411807,2553866.126422,0.0391941391941392,0.689010989010989,0,0.0161172161172161,0.0282051282051282,0.227472527472527
170273.411807,2553866.126422,0.0444036697247706,0.26,0,0.352293577981651,0.110091743119266,0.233211009174312
170773.411807,2553866.126422,0.073747936158503,0.345074298293891,0,0.279948633278298,0.10273344340488,0.198495688864429
171273.411807,2553866.126422,0.0683150183150183,0.428021978021978,0,0.117216117216117,0.0882783882783883,0.298168498168498
171773.411807,2553866.126422,0.0601834862385321,0.586422018348624,0,0.073394495412844,0.0337614678899083,0.246238532110092
172273.411807,2553866.126422,0.0350394423041644,0.451476793248945,0.0385250412768299,0.099431297009723,0.0858558062740782,0.289671619886259
172773.411807,2553866.126422,0.0677655677655678,0.368498168498169,0.00347985347985348,0.328388278388278,0.0351648351648352,0.196703296703297
160773.411807,2553366.126422,0.0432709937660433,0.48954895489549,0,0.263659699303264,0.0924092409240924,0.111111111111111
161273.411807,2553366.126422,0.0576923076923077,0.558241758241758,0,0.163186813186813,0.0937728937728938,0.127106227106227
161773.411807,2553366.126422,0.0807692307692308,0.421062271062271,0,0.325824175824176,0.0705128205128205,0.101831501831502
162273.411807,2553366.126422,0.0781078107810781,0.42995966263293,0,0.281261459479281,0.0986431976530986,0.112027869453612
162773.411807,2553366.126422,0.0456043956043956,0.494871794871795,0,0.177106227106227,0.122710622710623,0.15970695970696
163273.411807,2553366.126422,0.0785714285714286,0.415018315018315,0,0.0413919413919414,0.0639194139194139,0.401098901098901
163773.411807,2553366.126422,0.0297029702970297,0.746057939127246,0,0.00696736340300697,0.0170517051705171,0.2002200220022
164273.411807,2553366.126422,0.0862637362637363,0.395604395604396,0,0.0536630036630037,0.0824175824175824,0.382051282051282
164773.411807,2553366.126422,0.0597069597069597,0.408058608058608,0.0456043956043956,0.0902930402930403,0.0712454212454212,0.325091575091575
165273.411807,2553366.126422,0.0311697836450312,0.313898056472314,0.225155848918225,0.186101943527686,0.0403373670700403,0.203337000366703
165773.411807,2553366.126422,0.0186813186813187,0.181318681318681,0.175457875457875,0.358424908424908,0.0985347985347985,0.167582417582418
166273.411807,2553366.126422,0.0791208791208791,0.152747252747253,0.0532967032967033,0.294688644688645,0.0675824175824176,0.352564102564103
166773.411807,2553366.126422,0.169050238357169,0.241840850751742,0,0.00256692335900257,0.0555555555555556,0.530986431976531
167273.411807,2553366.126422,0.0897435897435897,0.317399267399267,0,0.0974358974358974,0.0558608058608059,0.43956043956044
167773.411807,2553366.126422,0.0593406593406593,0.371245421245421,0,0.167765567765568,0.178937728937729,0.222710622710623
168273.411807,2553366.126422,0.0588558855885589,0.465713237990466,0,0.112027869453612,0.142830949761643,0.220572057205721
168773.411807,2553366.126422,0.0860805860805861,0.354578754578755,0.000915750915750916,0.203296703296703,0.122527472527473,0.232600732600733
169273.411807,2553366.126422,0.106410256410256,0.193956043956044,0,0.400915750915751,0.105677655677656,0.193040293040293
169773.411807,2553366.126422,0.0665566556655666,0.350568390172351,0,0.222222222222222,0.127062706270627,0.233590025669234
170273.411807,2553366.126422,0.0456043956043956,0.159157509157509,0,0.55,0.137545787545788,0.107692307692308
170773.411807,2553366.126422,0.0661172161172161,0.513919413919414,0,0.082967032967033,0.0587912087912088,0.278205128205128
171273.411807,2553366.126422,0.11991199119912,0.435276861019435,0,0.135496883021635,0.0951595159515952,0.214154748808214
171773.411807,2553366.126422,0.172893772893773,0.447985347985348,0,0.0580586080586081,0.0265567765567766,0.294505494505495
172273.411807,2553366.126422,0.156410256410256,0.303296703296703,0,0.0413919413919414,0.0895604395604396,0.409340659340659
172773.411807,2553366.126422,0.0982764943160983,0.387238723872387,0,0.317381738173817,0.101760176017602,0.0953428676200953
160773.411807,2552866.126422,0.0481949789261499,0.50339014110317,0.015026571376214,0.216236027121129,0.087777166941543,0.129375114531794
161273.411807,2552866.126422,0.0917599559552211,0.400991007524316,0,0.21563589649477,0.0873554780693705,0.204257661956322
161773.411807,2552866.126422,0.0498807995598753,0.619658903355951,0,0.170181551439575,0.0533651201173666,0.106913625527233
162273.411807,2552866.126422,0.0963899578522998,0.41029869891882,0.040131940626718,0.212754260582738,0.0905259299981675,0.149899212021257
162773.411807,2552866.126422,0.0679023674068636,0.399155808405212,0.0181684712791338,0.22407781244265,0.0901082767480272,0.200587263718113
163273.411807,2552866.126422,0.0520814230698698,0.406015037593985,0.0110031175499725,0.1998899688245,0.0742710434623143,0.256739409499358
163773.411807,2552866.126422,0.110317024005864,0.274509803921569,0,0.143668682426242,0.120395821880154,0.351108667766172
164273.411807,2552866.126422,0.0948797944576987,0.517893191411268,0,0.0288126261699394,0.0790970820334006,0.279317305927693
164773.411807,2552866.126422,0.0729873464148175,0.514028974876215,0,0.0207225380524482,0.0981111314872547,0.294150009169265
165273.411807,2552866.126422,0.0520432472054242,0.419644493311343,0,0.01905809052593,0.0366501740883269,0.472603994868976
165773.411807,2552866.126422,0.108643787850982,0.213066617728023,0.00660671682877592,0.202422462837218,0.0948797944576987,0.374380620297302
166273.411807,2552866.126422,0.0330093526499175,0.231615624426921,0,0.0148542086924629,0.0126535851824684,0.70786722904823
166773.411807,2552866.126422,0.0593732820230896,0.52354773685175,0,0.0637713029136888,0.104452996151732,0.24885468205974
167273.411807,2552866.126422,0.0374380620297302,0.407964764176913,0,0.125894659570563,0.116718663975041,0.311983850247752
167773.411807,2552866.126422,0.0557491289198606,0.38785989363653,0,0.117183201907207,0.138455895837154,0.300751879699248
168273.411807,2552866.126422,0.0967564595931831,0.425875022906359,0,0.127359354956936,0.0901594282572842,0.259849734286238
168773.411807,2552866.126422,0.1159845843274,0.224628372178381,0.0234905487245366,0.268306111213067,0.087538997981281,0.280051385575335
169273.411807,2552866.126422,0.0915092609572712,0.0520814230698698,0.000183385292499542,0.725288831835687,0.0766550522648084,0.0542820465798643
169773.411807,2552866.126422,0.106835257467473,0.368334249587686,0,0.109767271394539,0.121678577973245,0.293384643577057
170273.411807,2552866.126422,0.0924940356028629,0.159662323362085,0,0.310148651128647,0.126445219306295,0.31124977060011
170773.411807,2552866.126422,0.0836236933797909,0.342380341096644,0.000183385292499542,0.155327342747112,0.104896387309738,0.313588850174216
171273.411807,2552866.126422,0.115997800989555,0.440168590800806,0,0.0344511636430273,0.0300531427524281,0.379329301814184
171773.411807,2552866.126422,0.201688383189576,0.339144797210497,0.0310148651128647,0.192695907505964,0.025325747843641,0.210130299137456
172273.411807,2552866.126422,0.0223730056849441,0.334861544104163,0.130386942967174,0.260773885934348,0.052814964239868,0.198789657069503
172773.411807,2552866.126422,0.05717427157779,0.365585486531061,0.00128275609309144,0.207073483599047,0.138537658053876,0.230346344145135
160773.411807,2552366.126422,0.05,0.519413919413919,0.000549450549450549,0.218131868131868,0.101282051282051,0.110622710622711
161273.411807,2552366.126422,0.093394495412844,0.297247706422018,0.0286238532110092,0.263119266055046,0.088256880733945,0.229357798165138
161773.411807,2552366.126422,0.128049899101082,0.467253714914695,0.0264171711612548,0.142175747569253,0.0539350577875619,0.182168409466153
162273.411807,2552366.126422,0.0391941391941392,0.556959706959707,0.101098901098901,0.18974358974359,0.0326007326007326,0.0804029304029304
162773.411807,2552366.126422,0.0280733944954128,0.637064220183486,0,0.043302752293578,0.0704587155963303,0.221100917431193
163273.411807,2552366.126422,0.060906255732893,0.37516052100532,0.0476976701522656,0.190607228031554,0.113740598055403,0.211887727022565
163773.411807,2552366.126422,0.0668498168498168,0.199084249084249,0,0.438644688644689,0.175457875457875,0.11996336996337
164273.411807,2552366.126422,0.0871559633027523,0.218715596330275,0,0.271009174311927,0.144587155963303,0.278532110091743
164773.411807,2552366.126422,0.188405797101449,0.274078150798019,0,0.0568702990277013,0.0941111722619703,0.38653458081086
165273.411807,2552366.126422,0.115018315018315,0.231501831501832,0.00366300366300366,0.154212454212454,0.0600732600732601,0.435531135531136
165773.411807,2552366.126422,0.120183486238532,0.163669724770642,0,0.37394495412844,0.105504587155963,0.236697247706422
166273.411807,2552366.126422,0.149146945514584,0.226930838378279,0,0.0755824619335902,0.0770500825536599,0.471289671619886
166773.411807,2552366.126422,0.0917582417582418,0.373443223443223,0,0.036996336996337,0.0950549450549451,0.402747252747253
