"x","y","forest","agri","water","built","other","grass"
160773.411807,2571866.126422,0.0591575091575092,0.460989010989011,0.0565934065934066,0.192124542124542,0.0813186813186813,0.14981684981685
161273.411807,2571866.126422,0.0568807339449541,0.35045871559633,0.25045871559633,0.128440366972477,0.0339449541284404,0.179816513761468
161773.411807,2571866.126422,0.0262337185837461,0.450926435516419,0.157585764079985,0.11704274445056,0.0355898000366905,0.2126215373326
162273.411807,2571866.126422,0.0137362637362637,0.786996336996337,0.000549450549450549,0.0391941391941392,0.032051282051282,0.127472527472527
162773.411807,2571866.126422,0.026605504587156,0.810825688073395,0.00036697247706422,0.08,0.018348623853211,0.0638532110091743
163273.411807,2571866.126422,0.0383415886993212,0.640983305815447,0.0113740598055403,0.0535681526325445,0.0618235186204366,0.193909374426711
163773.411807,2571866.126422,0.0771062271062271,0.235714285714286,0,0.279304029304029,0.224358974358974,0.183516483516484
164273.411807,2571866.126422,0.0611009174311927,0.542201834862385,0,0.0572477064220183,0.0695412844036697,0.269908256880734
164773.411807,2571866.126422,0.0471473124197395,0.463951568519538,0.0339387268391121,0.107870115575124,0.0823702073014126,0.264722069345074
165273.411807,2571866.126422,0.0133699633699634,0.636080586080586,0.0344322344322344,0.11007326007326,0.0476190476190476,0.158424908424908
165773.411807,2571866.126422,0.0220183486238532,0.820183486238532,0.00073394495412844,0.0473394495412844,0.0108256880733945,0.0988990825688073
166273.411807,2571866.126422,0.140708126949184,0.351311685929187,0.0500825536598789,0.12694918363603,0.0491652907723353,0.281783159053385
166773.411807,2571866.126422,0.0142857142857143,0.311355311355311,0.285897435897436,0.21996336996337,0.0652014652014652,0.103296703296703
167273.411807,2571866.126422,0.0856880733944954,0.243669724770642,0.0814678899082569,0.261834862385321,0.0944954128440367,0.232844036697248
167773.411807,2571866.126422,0.158686479545038,0.247844432214273,0.00990643918547056,0.0931939093744267,0.064758759860576,0.425609979820216
168273.411807,2571866.126422,0.0360805860805861,0.316666666666667,0.00201465201465201,0.23021978021978,0.121062271062271,0.293956043956044
168773.411807,2571866.126422,0.0484403669724771,0.386788990825688,0,0.093394495412844,0.0928440366972477,0.378532110091743
169273.411807,2571866.126422,0.00697119794533113,0.125298110438452,0.150981471289672,0.567051917079435,0.0394423041643735,0.110254999082737
169773.411807,2571866.126422,0.00604395604395604,0.321794871794872,0.154029304029304,0.423809523809524,0.0172161172161172,0.0771062271062271
170273.411807,2571866.126422,0.0194495412844037,0.248440366972477,0.380183486238532,0.152477064220183,0.0431192660550459,0.156330275229358
170773.411807,2571866.126422,0.0187121629058888,0.318473674555127,0.343423225096313,0.137222527976518,0.0856723536965694,0.0964960557695836
171273.411807,2571866.126422,0.0278388278388278,0.471428571428571,0,0.0510989010989011,0.0434065934065934,0.406227106227106
171773.411807,2571866.126422,0.0168807339449541,0.518532110091743,0,0.0201834862385321,0.0438532110091743,0.400550458715596
172273.411807,2571866.126422,0.00421940928270042,0.548523206751055,0,0.0174279948633278,0.0500825536598789,0.379746835443038
172773.411807,2571866.126422,0.0142857142857143,0.576007326007326,0.000366300366300366,0.015018315018315,0.00732600732600733,0.386996336996337
160773.411807,2571366.126422,0.0804913824715805,0.373303997066373,0,0.240740740740741,0.181884855152182,0.123579024569124
161273.411807,2571366.126422,0.0732600732600733,0.338095238095238,0.034981684981685,0.27967032967033,0.116666666666667,0.157326007326007
161773.411807,2571366.126422,0.141941391941392,0.276923076923077,0,0.240842490842491,0.161721611721612,0.178571428571429
162273.411807,2571366.126422,0.0634396773010634,0.647781444811148,0.000183351668500183,0.0562889622295563,0.09002566923359,0.142280894756142
162773.411807,2571366.126422,0.0355311355311355,0.683699633699634,0,0.0137362637362637,0.0663003663003663,0.200732600732601
163273.411807,2571366.126422,0.0853479853479854,0.667948717948718,0,0.0128205128205128,0.0485347985347985,0.185347985347985
163773.411807,2571366.126422,0.0621562156215622,0.413274660799413,0,0.248991565823249,0.149248258159149,0.126329299596626
164273.411807,2571366.126422,0.1003663003663,0.351098901098901,0,0.151831501831502,0.161538461538462,0.235164835164835
164773.411807,2571366.126422,0.0990842490842491,0.596886446886447,0,0.0531135531135531,0.0802197802197802,0.170695970695971
165273.411807,2571366.126422,0.0614228089475614,0.598093142647598,0,0.0826916024935827,0.0696736340300697,0.188118811881188
165773.411807,2571366.126422,0.0490842490842491,0.682967032967033,0,0.0639194139194139,0.0380952380952381,0.165934065934066
166273.411807,2571366.126422,0.0642857142857143,0.392673992673993,0.054029304029304,0.0776556776556777,0.078021978021978,0.333333333333333
166773.411807,2571366.126422,0.163366336633663,0.193986065273194,0.0885588558855886,0.229189585625229,0.0977264393105977,0.227172717271727
167273.411807,2571366.126422,0.0745421245421245,0.191758241758242,0.00128205128205128,0.512087912087912,0.0692307692307692,0.151098901098901
167773.411807,2571366.126422,0.0478021978021978,0.188461538461538,0.332783882783883,0.26007326007326,0.054029304029304,0.116849816849817
168273.411807,2571366.126422,0.0654565456545655,0.216538320498717,0.077007700770077,0.3005133846718,0.124129079574624,0.216354968830216
168773.411807,2571366.126422,0.0276556776556777,0.353113553113553,0.0216117216117216,0.164102564102564,0.0666666666666667,0.366849816849817
169273.411807,2571366.126422,0.0282051282051282,0.205860805860806,0.08003663003663,0.508241758241758,0.0831501831501831,0.0945054945054945
169773.411807,2571366.126422,0.0135680234690136,0.287495416208288,0.0960762742940961,0.499266593325999,0.0308030803080308,0.0727906123945728
170273.411807,2571366.126422,0.00824175824175824,0.328937728937729,0.0236263736263736,0.497069597069597,0.0525641025641026,0.0895604395604396
170773.411807,2571366.126422,0.0184981684981685,0.324358974358974,0.223992673992674,0.276007326007326,0.0302197802197802,0.126923076923077
171273.411807,2571366.126422,0.0249358269160249,0.373854052071874,0.0425375870920425,0.22955628896223,0.0946094609460946,0.234506784011734
171773.411807,2571366.126422,0.03003663003663,0.323076923076923,0.0157509157509158,0.284981684981685,0.0928571428571429,0.253296703296703
172273.411807,2571366.126422,0.0298534798534799,0.366483516483516,0.16978021978022,0.172893772893773,0.0450549450549451,0.215934065934066
172773.411807,2571366.126422,0.044004400440044,0.431243124312431,0.0210854418775211,0.201686835350202,0.0586725339200587,0.243307664099743
160773.411807,2570866.126422,0.00641378046545721,0.772585669781931,0,0.0344511636430273,0.10207073483599,0.0844786512735936
161273.411807,2570866.126422,0.0132134336575518,0.691135988254726,0,0.12461002018719,0.079647641769132,0.0913929161314003
161773.411807,2570866.126422,0.0278745644599303,0.632495873830919,0,0.13588850174216,0.0887584815697781,0.114982578397213
162273.411807,2570866.126422,0.0089792926516401,0.794026021623603,0,0.0252886201209456,0.051676745464541,0.120029320139271
162773.411807,2570866.126422,0.0300972655533125,0.696641585612039,0.00807487612405946,0.0328500642319692,0.0530372545421178,0.179298953936502
163273.411807,2570866.126422,0.0496974142673758,0.653035026590867,0.0460297084173849,0.0735375022923162,0.0394278378874014,0.138272510544654
163773.411807,2570866.126422,0.0729338464357706,0.3811618105186,0.166941542972329,0.0976727139453912,0.0674363203225215,0.213853765805388
164273.411807,2570866.126422,0.0776289227381171,0.31969168654799,0.164433841071756,0.145898329968802,0.0455129381537897,0.246834281519545
164773.411807,2570866.126422,0.0724371905373189,0.53181734824867,0.0113698881349716,0.0739042728773152,0.0390610673024023,0.271410232899321
165273.411807,2570866.126422,0.118563313175738,0.252336448598131,0,0.130841121495327,0.132123877588419,0.366135239142386
165773.411807,2570866.126422,0.0968985134887135,0.129198017984951,0.0082583960359699,0.486694806386493,0.182235272527069,0.0967149935768031
166273.411807,2570866.126422,0.0773885934348065,0.0977443609022556,0,0.54795525398863,0.171281863194572,0.105629928479736
166773.411807,2570866.126422,0.110866776617189,0.372915521348726,0,0.218801539307312,0.0505772402418911,0.246838922484882
167273.411807,2570866.126422,0.0600110111947146,0.158010644154891,0.0132134336575518,0.543769498990641,0.101670031198385,0.123325380803817
167773.411807,2570866.126422,0.133871263524665,0.152943333944618,0.0172382174949569,0.283330276911792,0.157711351549606,0.254905556574363
168273.411807,2570866.126422,0.0798973795125527,0.221367051493495,0.0568077698369067,0.183434121312076,0.110866776617189,0.347626901227781
168773.411807,2570866.126422,0.120939621948981,0.233804367773903,0.0434942191227748,0.152138006973757,0.0880895577170123,0.361534226463571
169273.411807,2570866.126422,0.0832569227947919,0.478635613423803,0,0.100495140289749,0.114982578397213,0.222629745094443
169773.411807,2570866.126422,0.105735752244823,0.243723657687374,0.0797141286421111,0.203591717060656,0.0765988638446033,0.290635880520432
170273.411807,2570866.126422,0.038172141677372,0.359699027344467,0.0271609469627455,0.320976325931364,0.0425766195632226,0.21141493852083
170773.411807,2570866.126422,0.0236567027324409,0.262240968274344,0.121767834219696,0.382541720154044,0.0647350082523382,0.145057766367137
171273.411807,2570866.126422,0.023089609675646,0.14238592633315,0.278724573941726,0.26461425691772,0.0613890415979476,0.22979659153381
171773.411807,2570866.126422,0.0126628739218205,0.184070471646174,0.176179115434025,0.470545054138374,0.0715727656450725,0.0849697192145348
172273.411807,2570866.126422,0.0302585732624244,0.336695397029158,0.0920594168347699,0.245919677241885,0.155143957454612,0.13992297817715
172773.411807,2570866.126422,0.0606560381161811,0.388675096206707,0.0254718709913872,0.134872640645043,0.111783030969397,0.278541323071285
160773.411807,2570366.126422,0.00531135531135531,0.572710622710623,0.158424908424908,0.105311355311355,0.0595238095238095,0.0987179487179487
161273.411807,2570366.126422,0.0277064220183486,0.514862385321101,0.0790825688073395,0.142935779816514,0.0895412844036697,0.145871559633028
161773.411807,2570366.126422,0.0203632361034673,0.734177215189873,0.0135754907356448,0.0900752155567786,0.0310034855989727,0.110805356815263
162273.411807,2570366.126422,0.0228937728937729,0.415384615384615,0.326556776556777,0.0901098901098901,0.0228937728937729,0.122161172161172
162773.411807,2570366.126422,0.0141284403669725,0.282201834862385,0.387155963302752,0.102935779816514,0.0159633027522936,0.197614678899083
163273.411807,2570366.126422,0.0225646670335718,0.415336635479728,0.0464135021097046,0.102549990827371,0.067327095945698,0.345808108603926
163773.411807,2570366.126422,0.0391941391941392,0.666666666666667,0.0172161172161172,0.00732600732600733,0.0203296703296703,0.249267399267399
164273.411807,2570366.126422,0.076697247706422,0.662018348623853,0.0256880733944954,0.00935779816513761,0.0236697247706422,0.20256880733945
164773.411807,2570366.126422,0.0576041093377362,0.404512933406714,0.208585580627408,0.0532012474775271,0.0091726288754357,0.266923500275179
165273.411807,2570366.126422,0.0195970695970696,0.71025641025641,0,0.0043956043956044,0.0181318681318681,0.247619047619048
165773.411807,2570366.126422,0.0489908256880734,0.133577981651376,0.00036697247706422,0.563669724770642,0.0763302752293578,0.177064220183486
166273.411807,2570366.126422,0.0251330031186938,0.0209135938359934,0.000733810310034856,0.880939277196845,0.0629242340854889,0.00935608145294441
166773.411807,2570366.126422,0.121794871794872,0.225457875457875,0,0.361904761904762,0.120695970695971,0.17014652014652
167273.411807,2570366.126422,0.0436697247706422,0.375229357798165,0.00972477064220183,0.224954128440367,0.0480733944954128,0.298348623853211
167773.411807,2570366.126422,0.0416437350944781,0.270409099247844,0.0548523206751055,0.279948633278298,0.11557512383049,0.237571087873785
168273.411807,2570366.126422,0.0221611721611722,0.297985347985348,0.165201465201465,0.312637362637363,0.0844322344322344,0.117582417582418
168773.411807,2570366.126422,0.0311926605504587,0.28954128440367,0.349357798165138,0.111009174311927,0.024954128440367,0.19394495412844
169273.411807,2570366.126422,0.0163272793982755,0.501559346908824,0.067327095945698,0.136672170243992,0.0753990093560815,0.202715098147129
169773.411807,2570366.126422,0.067032967032967,0.311538461538462,0.0108058608058608,0.15952380952381,0.0858974358974359,0.365201465201465
170273.411807,2570366.126422,0.0341284403669725,0.497247706422018,0,0.0144954128440367,0.028256880733945,0.425871559633028
170773.411807,2570366.126422,0.0423775454045129,0.349110254999083,0.0165107319757843,0.183085672353697,0.110621904237755,0.298293891029169
171273.411807,2570366.126422,0.0901098901098901,0.282600732600733,0.113736263736264,0.116300366300366,0.0728937728937729,0.324358974358974
171773.411807,2570366.126422,0.103669724770642,0.28697247706422,0.043302752293578,0.265688073394495,0.157981651376147,0.142385321100917
172273.411807,2570366.126422,0.0730141258484682,0.381764813795634,0,0.242157402311502,0.15685195376995,0.146211704274445
172773.411807,2570366.126422,0.0901098901098901,0.466849816849817,0,0.101282051282051,0.0549450549450549,0.286813186813187
160773.411807,2569866.126422,0.0185185185185185,0.392555922258893,0.452695269526953,0.088008800880088,0.00385038503850385,0.0443711037770444
161273.411807,2569866.126422,0.0531135531135531,0.301098901098901,0.45970695970696,0.0915750915750916,0.0139194139194139,0.0805860805860806
161773.411807,2569866.126422,0.0675824175824176,0.215934065934066,0.282234432234432,0.177472527472527,0.065018315018315,0.191758241758242
162273.411807,2569866.126422,0.0463879721305464,0.393289328932893,0.231023102310231,0.0344701136780345,0.0295196186285295,0.265309864319765
162773.411807,2569866.126422,0.0289377289377289,0.476739926739927,0.120512820512821,0.0282051282051282,0.0360805860805861,0.30952380952381
163273.411807,2569866.126422,0.0223443223443223,0.684798534798535,0.000549450549450549,0.0106227106227106,0.0146520146520147,0.267032967032967
163773.411807,2569866.126422,0.0564723138980565,0.728089475614228,0,0.0168683535020169,0.030986431976531,0.167583425009168
164273.411807,2569866.126422,0.0818681318681319,0.619413919413919,0,0.0183150183150183,0.0547619047619048,0.225641025641026
164773.411807,2569866.126422,0.0523809523809524,0.479120879120879,0.113736263736264,0.0197802197802198,0.0221611721611722,0.312820512820513
165273.411807,2569866.126422,0.0326365969930326,0.466629996332967,0.157132379904657,0.0254858819215255,0.0154015401540154,0.302713604693803
165773.411807,2569866.126422,0.0948717948717949,0.193956043956044,0,0.416483516483517,0.142307692307692,0.152380952380952
166273.411807,2569866.126422,0.104761904761905,0.0767399267399267,0,0.605494505494505,0.142307692307692,0.0706959706959707
166773.411807,2569866.126422,0.0812247891455812,0.378621195452879,0,0.215438210487715,0.0964429776310964,0.228272827282728
167273.411807,2569866.126422,0.0494505494505494,0.560805860805861,0,0.0523809523809524,0.063003663003663,0.274358974358974
167773.411807,2569866.126422,0.123809523809524,0.301831501831502,0.0401098901098901,0.181501831501831,0.082967032967033,0.26978021978022
168273.411807,2569866.126422,0.0377704437110378,0.352951961862853,0.164833149981665,0.270627062706271,0.0922258892555922,0.0815914924825816
168773.411807,2569866.126422,0.00824175824175824,0.267582417582418,0.236813186813187,0.321062271062271,0.0278388278388278,0.138461538461538
169273.411807,2569866.126422,0.0164835164835165,0.382234432234432,0.155128205128205,0.217765567765568,0.0223443223443223,0.206043956043956
169773.411807,2569866.126422,0.0148514851485149,0.244224422442244,0.247158049138247,0.315181518151815,0.0916758342500917,0.0869086908690869
170273.411807,2569866.126422,0.0347985347985348,0.320879120879121,0.221794871794872,0.221978021978022,0.0490842490842491,0.151465201465201
170773.411807,2569866.126422,0.0652014652014652,0.415384615384615,0.118864468864469,0.084981684981685,0.0877289377289377,0.227838827838828
171273.411807,2569866.126422,0.0152181884855152,0.71012101210121,0,0.0247524752475248,0.0364869820315365,0.213421342134213
171773.411807,2569866.126422,0.0492673992673993,0.434432234432234,0.095970695970696,0.208424908424908,0.089010989010989,0.122893772893773
172273.411807,2569866.126422,0.0706959706959707,0.215018315018315,0.142490842490842,0.254578754578755,0.0785714285714286,0.238644688644689
172773.411807,2569866.126422,0.130913091309131,0.402456912357902,0,0.169416941694169,0.094976164283095,0.202236890355702
160773.411807,2569366.126422,0.00787978742899029,0.445482866043614,0.18948140003665,0.0615722924683892,0.0335349092908191,0.262048744731537
161273.411807,2569366.126422,0.0359699027344467,0.618645623050101,0.102587630757937,0.00256927876674619,0.00917599559552211,0.231051569095247
161773.411807,2569366.126422,0.0623509994498441,0.681459746928296,0.0548322024573629,0.0137538969374656,0.0258573262424354,0.161745827984596
162273.411807,2569366.126422,0.0131940626717977,0.706432105552501,0,0.00183250870441635,0.013560564412681,0.264980758658604
162773.411807,2569366.126422,0.036520462470178,0.581941640668012,0,0.0137639933932832,0.0734079647641769,0.294365938704349
163273.411807,2569366.126422,0.0570328259673574,0.513112048413717,0,0.126169081239685,0.112415184302219,0.191270860077022
163773.411807,2569366.126422,0.0866776617188932,0.435953820780649,0,0.144401685908008,0.156312992486714,0.176653839105736
164273.411807,2569366.126422,0.0655166085520279,0.556615892824371,0,0.0691870067902367,0.089190677188475,0.219489814644889
164773.411807,2569366.126422,0.0955437373922611,0.641114982578397,0,0.0322758114799193,0.0214560792224464,0.209609389326976
165273.411807,2569366.126422,0.116914055341763,0.428807036833425,0.111050027487631,0.0637713029136888,0.0694520798973795,0.210005497526113
165773.411807,2569366.126422,0.14516425032116,0.438796109377868,0.0420260598274913,0.0695540466140576,0.0311983850247752,0.273261148834649
166273.411807,2569366.126422,0.0674857876398313,0.438290849073904,0.00806895286997983,0.344580964606639,0.0783055198973042,0.0632679259123418
166773.411807,2569366.126422,0.100787978742899,0.376030786146234,0,0.219168041048195,0.131390874106652,0.17262231995602
167273.411807,2569366.126422,0.0719398054688934,0.644888970453294,0.000183519911910442,0.0282620664342081,0.0748761240594605,0.179849513672233
167773.411807,2569366.126422,0.101045296167247,0.353200073354117,0.0185219145424537,0.13588850174216,0.162846139739593,0.228498074454429
168273.411807,2569366.126422,0.040131940626718,0.225948323254535,0.111233278358072,0.332600329851567,0.109400769653656,0.180685358255452
168773.411807,2569366.126422,0.00623967700495504,0.216002936318591,0.243897962928978,0.391998531840705,0.0561570930445953,0.0857037988621766
169273.411807,2569366.126422,0.0124701998899688,0.385292499541537,0.275261324041812,0.185035760132037,0.0240234733174399,0.117916743077205
169773.411807,2569366.126422,0.0243723657687374,0.256367967747847,0.271944291735386,0.21073850100788,0.0443467106468756,0.192230163093275
170273.411807,2569366.126422,0.0976325931363553,0.199853184070472,0.1950816663608,0.151587447238025,0.084235639566893,0.271609469627455
170773.411807,2569366.126422,0.0452961672473868,0.200256739409499,0.268659453511828,0.202640748211993,0.101595452044746,0.181551439574546
171273.411807,2569366.126422,0.0434304562946674,0.40241891148983,0.132490379329302,0.177936595198827,0.0659703133589885,0.177753344328386
171773.411807,2569366.126422,0.0385391815011929,0.678840154156726,0,0.00220223894292531,0.0148651128647458,0.26555331253441
172273.411807,2569366.126422,0.0234733174399413,0.687144690995782,0,0.0645516229598386,0.0333761232349166,0.191454245369521
172773.411807,2569366.126422,0.0234561114165292,0.736118746564046,0,0.0315191497159611,0.0492944841487997,0.159611508154664
160773.411807,2568866.126422,0.0197802197802198,0.717948717948718,0,0.0113553113553114,0.0487179487179487,0.202197802197802
161273.411807,2568866.126422,0.0535779816513761,0.442018348623853,0.0623853211009174,0.0385321100917431,0.055045871559633,0.348440366972477
161773.411807,2568866.126422,0.0566868464501926,0.585947532562832,0.00568702990277013,0.0275178866263071,0.0842047330764997,0.239955971381398
162273.411807,2568866.126422,0.0188644688644689,0.71996336996337,0,0.00860805860805861,0.0206959706959707,0.231868131868132
162773.411807,2568866.126422,0.0622018348623853,0.574495412844037,0,0.0561467889908257,0.0651376146788991,0.242018348623853
163273.411807,2568866.126422,0.0746651990460466,0.375343973582829,0.0396257567418822,0.142726105301779,0.123096679508347,0.244542285819116
163773.411807,2568866.126422,0.0891941391941392,0.419413919413919,0.00347985347985348,0.16025641025641,0.0932234432234432,0.234432234432234
164273.411807,2568866.126422,0.103119266055046,0.282018348623853,0,0.245137614678899,0.170825688073394,0.198899082568807
164773.411807,2568866.126422,0.0823702073014126,0.316272243625023,0,0.264538616767566,0.167125298110438,0.16969363419556
165273.411807,2568866.126422,0.0728937728937729,0.776007326007326,0,0.00201465201465201,0.0294871794871795,0.11959706959707
165773.411807,2568866.126422,0.0493577981651376,0.473211009174312,0.157064220183486,0.0330275229357798,0.0473394495412844,0.24
166273.411807,2568866.126422,0.0383415886993212,0.726288754356999,0,0.0559530361401578,0.0260502660062374,0.153366354797285
166773.411807,2568866.126422,0.0468864468864469,0.686996336996337,0,0.0490842490842491,0.0142857142857143,0.202747252747253
167273.411807,2568866.126422,0.0201834862385321,0.796146788990826,0,0.00220183486238532,0.0363302752293578,0.145137614678899
167773.411807,2568866.126422,0.0495321959273528,0.641533663547973,0,0.0240322876536415,0.0423775454045129,0.24252430746652
168273.411807,2568866.126422,0.0377289377289377,0.129487179487179,0.134065934065934,0.423076923076923,0.141575091575092,0.134065934065934
168773.411807,2568866.126422,0.0530275229357798,0.225137614678899,0.329357798165138,0.264770642201835,0.0388990825688073,0.0888073394495413
169273.411807,2568866.126422,0.000550357732526142,0.262153733259952,0.29811043845166,0.293524124013942,0.0341221794166208,0.111539167125298
169773.411807,2568866.126422,0.0474358974358974,0.188644688644689,0.30952380952381,0.203663003663004,0.0824175824175824,0.168315018315018
170273.411807,2568866.126422,0.0779816513761468,0.182752293577982,0.235412844036697,0.17394495412844,0.125321100917431,0.204587155963303
170773.411807,2568866.126422,0.145294441386901,0.223445239405614,0.107686662997615,0.195743900201798,0.0939277196844616,0.23390203632361
171273.411807,2568866.126422,0.0496336996336996,0.215201465201465,0.314468864468864,0.214102564102564,0.0602564102564103,0.146336996336996
171773.411807,2568866.126422,0.0935779816513762,0.302018348623853,0.0185321100917431,0.245137614678899,0.132293577981651,0.208440366972477
172273.411807,2568866.126422,0.118326912493121,0.441203448908457,0,0.118510365070629,0.0665932856356632,0.25536598789213
172773.411807,2568866.126422,0.0474358974358974,0.775641025641026,0,0.0172161172161172,0.0622710622710623,0.0974358974358974
160773.411807,2568366.126422,0.0652731939860653,0.497066373303997,0,0.0196186285295196,0.096993032636597,0.321048771543821
161273.411807,2568366.126422,0.0395604395604396,0.582234432234432,0,0.058974358974359,0.0351648351648352,0.284065934065934
161773.411807,2568366.126422,0.0954212454212454,0.252197802197802,0.00238095238095238,0.268681318681319,0.239377289377289,0.141941391941392
162273.411807,2568366.126422,0.0603226989365603,0.692702603593693,0,0.0181518151815182,0.0172350568390172,0.211587825449212
162773.411807,2568366.126422,0.0606227106227106,0.666483516483516,0,0,0.00347985347985348,0.269413919413919
163273.411807,2568366.126422,0.0153846153846154,0.45989010989011,0.0155677655677656,0.111538461538462,0.0838827838827839,0.313736263736264
163773.411807,2568366.126422,0.0177851118445178,0.35001833516685,0.061972863953062,0.29042904290429,0.0559222588925559,0.223872387238724
164273.411807,2568366.126422,0.0734432234432234,0.604578754578755,0,0.0642857142857143,0.0554945054945055,0.202197802197802
164773.411807,2568366.126422,0.0624542124542125,0.697069597069597,0,0.0622710622710623,0.0567765567765568,0.121428571428571
165273.411807,2568366.126422,0.0401540154015402,0.774294096076274,0,0.0300696736340301,0.0293362669600293,0.126145947928126
165773.411807,2568366.126422,0.0289377289377289,0.42985347985348,0.21025641025641,0.0340659340659341,0.00787545787545788,0.289010989010989
166273.411807,2568366.126422,0.0263736263736264,0.796886446886447,0,0.0278388278388278,0.021978021978022,0.126923076923077
166773.411807,2568366.126422,0.0698569856985699,0.697653098643198,0,0.0363036303630363,0.0383204987165383,0.157865786578658
167273.411807,2568366.126422,0.0547619047619048,0.758974358974359,0,0.0043956043956044,0.00402930402930403,0.177838827838828
167773.411807,2568366.126422,0.0412087912087912,0.217765567765568,0.162820512820513,0.287179487179487,0.141025641025641,0.15
168273.411807,2568366.126422,0.0614228089475614,0.277594426109278,0.163549688302164,0.315364869820315,0.0610561056105611,0.121012101210121
168773.411807,2568366.126422,0.041025641025641,0.221245421245421,0.151098901098901,0.429120879120879,0.0756410256410256,0.0818681318681319
169273.411807,2568366.126422,0.0124542124542125,0.30952380952381,0.303479853479853,0.175274725274725,0.0305860805860806,0.168681318681319
169773.411807,2568366.126422,0.0792079207920792,0.212137880454712,0.13971397139714,0.298863219655299,0.127062706270627,0.143014301430143
170273.411807,2568366.126422,0.0549450549450549,0.211172161172161,0.310805860805861,0.202197802197802,0.086996336996337,0.133882783882784
170773.411807,2568366.126422,0.158608058608059,0.183882783882784,0.15970695970696,0.171428571428571,0.0983516483516483,0.228021978021978
171273.411807,2568366.126422,0.0319031903190319,0.131096442977631,0.147781444811148,0.521452145214521,0.0925925925925926,0.0751741840850752
171773.411807,2568366.126422,0.0549450549450549,0.182417582417582,0.0868131868131868,0.352014652014652,0.176556776556777,0.147252747252747
172273.411807,2568366.126422,0.0465201465201465,0.252380952380952,0.139194139194139,0.254029304029304,0.113553113553114,0.194322344322344
172773.411807,2568366.126422,0.0344701136780345,0.636230289695636,0.0099009900990099,0.141180784745141,0.0495049504950495,0.128712871287129
160773.411807,2567866.126422,0.0503939893714495,0.408282939343962,0,0.045629466739967,0.11654755360088,0.379146050943742
161273.411807,2567866.126422,0.0198201504863278,0.507799596256194,0,0.0466140576252523,0.0598274912828042,0.365938704349422
161773.411807,2567866.126422,0.0159545204474601,0.776820099028058,0,0.0115532734274711,0.0097194205024757,0.185952686594535
162273.411807,2567866.126422,0.00366501740883269,0.682059739783764,0,0.00293201392706615,0.00604727872457394,0.305295950155763
162773.411807,2567866.126422,0.107359148467609,0.513305193613507,0,0.051018535511103,0.0359699027344467,0.292347219673335
163273.411807,2567866.126422,0.0909591050797726,0.352283146891619,0,0.118283513662204,0.160828901522098,0.277645332844306
163773.411807,2567866.126422,0.0425142019424592,0.494594099321972,0,0.051126992853216,0.112516034451164,0.299248671431189
164273.411807,2567866.126422,0.087538997981281,0.562672049917416,0,0.162965681776473,0.0688199669664159,0.118003303358414
164773.411807,2567866.126422,0.0702365670273244,0.630845406198423,0.00110031175499725,0.0913258756647717,0.0828901522097928,0.123601687144691
165273.411807,2567866.126422,0.0089792926516401,0.966648341579623,0,0,0,0.0243723657687374
165773.411807,2567866.126422,0.0249587080198202,0.455496421361718,0.157460084419159,0.0706551660855203,0.0442282987704166,0.247201321343366
166273.411807,2567866.126422,0.0377773702549056,0.664771685310838,0,0.00366770584999083,0.0260407115349349,0.267742527049331
166773.411807,2567866.126422,0.0925416895730255,0.307861462341946,0,0.256184716877405,0.173905076049111,0.169507055158512
167273.411807,2567866.126422,0.0603780510185355,0.36502110478987,0.0787300422095797,0.19489814644889,0.0745090842356396,0.226463571297486
167773.411807,2567866.126422,0.0322758114799193,0.162295983862094,0.321841188336695,0.272510544654319,0.0929763432972676,0.118100128369705
168273.411807,2567866.126422,0.0621220450797141,0.263331500824629,0.138537658053876,0.24665567161444,0.0683525746747297,0.221000549752611
168773.411807,2567866.126422,0.0836850798311617,0.181501192879427,0.254909157643604,0.287392182051753,0.0829510001835199,0.109561387410534
169273.411807,2567866.126422,0.0775719787273061,0.179534201357051,0.269576379974326,0.311204841371722,0.0865578580597836,0.0755547405098111
169773.411807,2567866.126422,0.00971229613340663,0.286237859629833,0.317207256734469,0.143118929814917,0.0657870624885468,0.177936595198827
170273.411807,2567866.126422,0.0135804734813727,0.239126445219306,0.24885300055056,0.204808221692054,0.0330335841438796,0.260598274912828
170773.411807,2567866.126422,0.0168714469099578,0.20814230698698,0.258389877131854,0.271410232899321,0.0682193288098294,0.176966807262058
171273.411807,2567866.126422,0.0108118013560564,0.175187832142203,0.224482316291002,0.379146050943742,0.0826461425691772,0.127725856697819
171773.411807,2567866.126422,0.0423930996513122,0.161130482657368,0.150302807854652,0.338227197650945,0.127546338777757,0.180400073407965
172273.411807,2567866.126422,0.0271410232899321,0.142490372272144,0.154043645699615,0.404364569961489,0.140656519347148,0.131303869429672
172773.411807,2567866.126422,0.047645226314825,0.157595748579806,0.228147333699835,0.261132490379329,0.14458493677845,0.160894264247755
160773.411807,2567366.126422,0.00549450549450549,0.493406593406593,0.107875457875458,0.141391941391941,0.03003663003663,0.221794871794872
161273.411807,2567366.126422,0.0515596330275229,0.441284403669725,0.0194495412844037,0.230825688073394,0.0748623853211009,0.182018348623853
161773.411807,2567366.126422,0.0867730691616217,0.495872317006054,0,0.0354063474591818,0.0585213722252798,0.323426894147863
162273.411807,2567366.126422,0.0485347985347985,0.525824175824176,0,0.0153846153846154,0.047985347985348,0.362271062271062
162773.411807,2567366.126422,0.0726605504587156,0.450825688073395,0,0.0288073394495413,0.0477064220183486,0.4
163273.411807,2567366.126422,0.137956338286553,0.359016694184553,0,0.120344890845716,0.0658594753256283,0.316822601357549
163773.411807,2567366.126422,0.0965201465201465,0.484798534798535,0,0.251648351648352,0.0553113553113553,0.111721611721612
164273.411807,2567366.126422,0.0396330275229358,0.691376146788991,0.00036697247706422,0.0436697247706422,0.0423853211009174,0.18256880733945
164773.411807,2567366.126422,0.0251330031186938,0.659878921298844,0.00091726288754357,0.0952118877270226,0.0326545587965511,0.186204366171345
165273.411807,2567366.126422,0.0234432234432234,0.943040293040293,0,0.000732600732600733,0.00531135531135531,0.0274725274725275
165773.411807,2567366.126422,0.0238532110091743,0.531376146788991,0.00165137614678899,0.0388990825688073,0.028256880733945,0.375963302752294
166273.411807,2567366.126422,0.0552192258301229,0.37662814162539,0.00935608145294441,0.195743900201798,0.1284168042561,0.234635846633645
166773.411807,2567366.126422,0.0730769230769231,0.443223443223443,0,0.112087912087912,0.104212454212454,0.267399267399267
167273.411807,2567366.126422,0.0363302752293578,0.48697247706422,0.0528440366972477,0.190091743119266,0.0911926605504587,0.14256880733945
167773.411807,2567366.126422,0.0596220876903321,0.251696936341956,0.170060539350578,0.212071179600073,0.121629058888277,0.184920198128784
168273.411807,2567366.126422,0.0575091575091575,0.314652014652015,0.137728937728938,0.181318681318681,0.0648351648351648,0.243956043956044
168773.411807,2567366.126422,0.124403669724771,0.258532110091743,0.0511926605504587,0.217981651376147,0.128073394495413,0.219816513761468
169273.411807,2567366.126422,0.081452944413869,0.141992294991745,0.107319757842598,0.283617684828472,0.1326362135388,0.252981104384517
169773.411807,2567366.126422,0.0203296703296703,0.227472527472527,0.226556776556777,0.336996336996337,0.0957875457875458,0.0928571428571429
170273.411807,2567366.126422,0.084954128440367,0.264220183486239,0.182201834862385,0.334128440366972,0.0392660550458716,0.0952293577981651
170773.411807,2567366.126422,0.0555861309851403,0.25243074665199,0.221977618785544,0.180517336268575,0.0851219959640433,0.204366171344707
171273.411807,2567366.126422,0.0338827838827839,0.381135531135531,0.131318681318681,0.218131868131868,0.0945054945054945,0.141025641025641
171773.411807,2567366.126422,0.0667889908256881,0.359633027522936,0.00990825688073394,0.150642201834862,0.0722935779816514,0.340733944954128
172273.411807,2567366.126422,0.0667767382131719,0.173362685745735,0.124564300128417,0.296826270409099,0.111906072280316,0.226563933223262
172773.411807,2567366.126422,0.0331501831501832,0.236996336996337,0.0313186813186813,0.106227106227106,0.0771062271062271,0.515201465201465
160773.411807,2566866.126422,0.0100843417675101,0.328382838283828,0.311147781444811,0.203337000366703,0.026952695269527,0.12009534286762
161273.411807,2566866.126422,0.060989010989011,0.528388278388278,0.00164835164835165,0.102930402930403,0.125641025641026,0.18040293040293
161773.411807,2566866.126422,0.019047619047619,0.696153846153846,0,0.0668498168498168,0.0368131868131868,0.181135531135531
162273.411807,2566866.126422,0.0326365969930326,0.703887055372204,0,0.00825082508250825,0.0223689035570224,0.232856618995233
162773.411807,2566866.126422,0.0142857142857143,0.651098901098901,0,0.00421245421245421,0.0307692307692308,0.2996336996337
163273.411807,2566866.126422,0.0276556776556777,0.441025641025641,0.01996336996337,0.0851648351648352,0.060989010989011,0.365201465201465
163773.411807,2566866.126422,0.117528419508618,0.13953061972864,0,0.443527686101944,0.190685735240191,0.108727539420609
164273.411807,2566866.126422,0.0637362637362637,0.616849816849817,0,0.0120879120879121,0.0283882783882784,0.278937728937729
164773.411807,2566866.126422,0.0212454212454212,0.873626373626374,0.0032967032967033,0.0335164835164835,0.00915750915750916,0.0591575091575092
165273.411807,2566866.126422,0.0176017601760176,0.840850751741841,0,0.00788412174550788,0.0463879721305464,0.0872753942060873
165773.411807,2566866.126422,0.0386446886446886,0.462820512820513,0.00366300366300366,0.113186813186813,0.0346153846153846,0.347069597069597
166273.411807,2566866.126422,0.0232600732600733,0.508791208791209,0.0148351648351648,0.065018315018315,0.0358974358974359,0.352197802197802
166773.411807,2566866.126422,0.0566556655665567,0.41034103410341,0.0102676934360103,0.157315731573157,0.0784745141180785,0.286945361202787
167273.411807,2566866.126422,0.0542124542124542,0.517216117216117,0.0141025641025641,0.14981684981685,0.0688644688644689,0.195787545787546
167773.411807,2566866.126422,0.0919413919413919,0.305677655677656,0.000366300366300366,0.0743589743589744,0.112454212454212,0.415201465201465
168273.411807,2566866.126422,0.0502383571690502,0.354602126879355,0.0121012101210121,0.226072607260726,0.102126879354602,0.254858819215255
168773.411807,2566866.126422,0.105311355311355,0.455677655677656,0,0.0827838827838828,0.14010989010989,0.216117216117216
169273.411807,2566866.126422,0.0785714285714286,0.210805860805861,0.0102564102564103,0.259157509157509,0.193223443223443,0.247985347985348
169773.411807,2566866.126422,0.108360836083608,0.183535020168684,0.074990832416575,0.267326732673267,0.183901723505684,0.181884855152182
170273.411807,2566866.126422,0.0214285714285714,0.18956043956044,0.233516483516484,0.386996336996337,0.0924908424908425,0.076007326007326
170773.411807,2566866.126422,0.0754578754578755,0.176923076923077,0.0269230769230769,0.183516483516484,0.174175824175824,0.363003663003663
171273.411807,2566866.126422,0.0203520352035204,0.622112211221122,0,0.0339200586725339,0.0806747341400807,0.242940960762743
171773.411807,2566866.126422,0.0558608058608059,0.427472527472527,0.0175824175824176,0.132967032967033,0.0884615384615385,0.277655677655678
172273.411807,2566866.126422,0.0807692307692308,0.143040293040293,0.0415750915750916,0.222344322344322,0.147985347985348,0.364285714285714
172773.411807,2566866.126422,0.0764576457645765,0.189218921892189,0.00128346167950128,0.0808580858085809,0.141914191419142,0.51026769343601
160773.411807,2566366.126422,0.156129741616273,0.263148249954187,0.165842037749679,0.104452996151732,0.0185083379146051,0.291918636613524
161273.411807,2566366.126422,0.04147550009176,0.375298219856854,0.1036887502294,0.0981831528720866,0.0521196549825656,0.329234721967333
161773.411807,2566366.126422,0.0452961672473868,0.408949202273978,0,0.00385109114249037,0.0489638730973776,0.492939666238768
162273.411807,2566366.126422,0.0608392889866227,0.605094374198277,0,0.0509437419827744,0.0690855781564962,0.214037016675829
162773.411807,2566366.126422,0.0574417324279684,0.681592952835383,0,0.0214718296935217,0.046063497889521,0.193429987153606
163273.411807,2566366.126422,0.0735375022923162,0.162662754447093,0,0.376306620209059,0.225747295066936,0.161745827984596
163773.411807,2566366.126422,0.106102253985706,0.122411581455012,0,0.491478834524464,0.157962250320689,0.122045079714129
164273.411807,2566366.126422,0.102771150669848,0.541383740135805,0,0.0576252523398789,0.0803817214167737,0.217838135437695
164773.411807,2566366.126422,0.0309921144324225,0.669172932330827,0,0.00605171465248487,0.022006235099945,0.271777003484321
165273.411807,2566366.126422,0.0370166758292102,0.65805387575591,0,0.0251053692505039,0.0650540590067803,0.214770020157596
165773.411807,2566366.126422,0.00458799779776106,0.652596806753533,0,0,0.00440447788585061,0.338410717562856
166273.411807,2566366.126422,0.0513478818998716,0.575096277278562,0,0.00476801760498808,0.0100861910874748,0.358701632129103
166773.411807,2566366.126422,0.0425142019424592,0.481949789261499,0,0.0634048011728056,0.0868609125893348,0.325270295033901
167273.411807,2566366.126422,0.0913929161314003,0.429803633694256,0,0.0623967700495504,0.0805652413286842,0.335841438796109
167773.411807,2566366.126422,0.0449293966623877,0.662204291215844,0,0.00898587933247754,0.0388776820099028,0.245002750779387
168273.411807,2566366.126422,0.0430639545537841,0.610042147700202,0,0.0221733553234378,0.0364669232178853,0.288253619204691
168773.411807,2566366.126422,0.0275279867865663,0.749678840154157,0,0.0034868783262984,0.00752431638832813,0.21178197834465
169273.411807,2566366.126422,0.108747478452228,0.389143590684027,0,0.143590684027141,0.127086007702182,0.231432239134421
169773.411807,2566366.126422,0.0934579439252336,0.390324354040682,0,0.203408466190214,0.121312076232362,0.191497159611508
170273.411807,2566366.126422,0.0677188474949532,0.420994677922555,0.0152321526885667,0.110662506881997,0.147182969352175,0.238208845659754
170773.411807,2566366.126422,0.0561158995048597,0.506326792591234,0,0.0291582615074271,0.0540986612873648,0.354300385109114
171273.411807,2566366.126422,0.0412314458493678,0.547920102620487,0,0.0276708814366868,0.0513102437236577,0.3318673263698
171773.411807,2566366.126422,0.0658836483758488,0.433841071756286,0,0.0822169205358781,0.0770783630023858,0.340979996329602
172273.411807,2566366.126422,0.0394278378874014,0.358518246836604,0,0.0841738492572896,0.154777186869613,0.363102879149092
172773.411807,2566366.126422,0.0855781564962434,0.0756826094923951,0,0.062671797691039,0.162177020340847,0.613890415979476
160773.411807,2565866.126422,0.107509157509158,0.284798534798535,0.0897435897435897,0.0723443223443224,0.0336996336996337,0.411904761904762
