"x","y","forest","agri","water","built","other","grass"
262773.411807,2751866.126422,0.837302814723167,0.00247448190535107,0,0.00247448190535107,0.00463965357253325,0.153108567893597
263273.411807,2751866.126422,0.663105784262637,0.0044293903074518,0,0.0341323606044815,0.0388223032829599,0.25951016154247
263773.411807,2751866.126422,0.673607496095783,0.00286309213951067,0,0.010671525247267,0.0203019260801666,0.292555960437272
264273.411807,2751866.126422,0.606344253770151,0.00208008320332813,0,0.00988039521580863,0.0197607904316173,0.361934477379095
264773.411807,2751866.126422,0.869984366857738,0.00104220948410631,0,0.000781657113079729,0.000781657113079729,0.127410109431996
265273.411807,2751866.126422,0.916189484643415,0,0,0,0,0.0838105153565851
265773.411807,2751866.126422,0.742329693187727,0.00182007280291212,0,0.0117004680187207,0.0192407696307852,0.224908996359854
266273.411807,2751866.126422,0.329077644606566,0.000781657113079729,0,0.0497655028660761,0.116206357477853,0.504168837936425
266773.411807,2751866.126422,0.338105153565851,0.032274856845393,0,0.0299323269130661,0.0530973451327434,0.546590317542946
267273.411807,2751866.126422,0.356734269370775,0.0504420176807072,0,0.0114404576183047,0.0426417056682267,0.538741549661987
267773.411807,2751866.126422,0.452579468473163,0.0343929129755081,0,0.0174570088587806,0.0427305888483585,0.45284002084419
268273.411807,2751866.126422,0.723321186881832,0,0,0.00390421655387819,0.000780843310775638,0.271993753253514
268773.411807,2751866.126422,0.692147685907436,0.00130005200208008,0.000520020800832033,0.00546021840873635,0.015340613624545,0.28523140925637
269273.411807,2751866.126422,0.223814486711829,0.0448150078165711,0.000781657113079729,0.0737363210005211,0.102657634184471,0.554194893173528
269773.411807,2751866.126422,0.21603331598126,0.0309734513274336,0.0013014055179594,0.251691827173347,0.0801665799062988,0.419833420093701
270273.411807,2751866.126422,0.094383775351014,0.0488819552782111,0.122464898595944,0.31201248049922,0.0790431617264691,0.343213728549142
270773.411807,2751866.126422,0.397342365815529,0.0278791036998437,0,0.138353309015112,0.0810317873892652,0.35539343408025
271273.411807,2751866.126422,0.262363352420614,0.109057782404997,0,0.248568453930245,0.0739198334200937,0.30609057782405
271773.411807,2751866.126422,0.15990639625585,0.105304212168487,0.00208008320332813,0.156526261050442,0.113624544981799,0.462558502340094
272273.411807,2751866.126422,0.261855132881709,0.0515893694632621,0.00234497133923919,0.0721730067743616,0.0833767587285044,0.528660760812923
272773.411807,2751866.126422,0.126236335242061,0.0450286309213951,0.0013014055179594,0.352420614263404,0.0679333680374805,0.407079646017699
273273.411807,2751866.126422,0.0174206968278731,0.0262610504420177,0.00364014560582423,0.760270410816433,0.0579823192927717,0.134425377015081
273773.411807,2751866.126422,0.0909327774882751,0.022146951537259,0.00208441896821261,0.762115685252736,0.0690463783220427,0.0536737884314747
274273.411807,2751866.126422,0.21603331598126,0.0499739718896408,0.0179593961478397,0.367516918271733,0.124934929724102,0.223581467985424
274773.411807,2751866.126422,0.244409776391056,0.0884035361414457,0.126105044201768,0.137025481019241,0.0811232449297972,0.322932917316693
275273.411807,2751866.126422,0.339294117647059,0.00847058823529412,0.00188235294117647,0.184470588235294,0.0508235294117647,0.415058823529412
262773.411807,2751366.126422,0.722329265681867,0,0,0,0,0.277670734318133
263273.411807,2751366.126422,0.711355311355311,0.000366300366300366,0,0.00311355311355311,0.00183150183150183,0.283333333333333
263773.411807,2751366.126422,0.554395604395604,0.0157509157509158,0,0.015018315018315,0.0307692307692308,0.384065934065934
264273.411807,2751366.126422,0.815364869820315,0,0,0.00605060506050605,0.0102676934360103,0.168316831683168
264773.411807,2751366.126422,0.82985347985348,0.000366300366300366,0,0,0,0.16978021978022
265273.411807,2751366.126422,0.844505494505495,0.000915750915750916,0,0.000915750915750916,0.00183150183150183,0.151831501831502
265773.411807,2751366.126422,0.482398239823982,0.00146681334800147,0,0.0203520352035204,0.0407040704070407,0.455078841217455
266273.411807,2751366.126422,0.397985347985348,0.00732600732600733,0,0.0106227106227106,0.0252747252747253,0.558791208791209
266773.411807,2751366.126422,0.514468864468864,0.00622710622710623,0.000366300366300366,0.0509157509157509,0.0871794871794872,0.340842490842491
267273.411807,2751366.126422,0.592959295929593,0.00476714338100477,0,0.0319031903190319,0.0375870920425376,0.332783278327833
267773.411807,2751366.126422,0.233150183150183,0.0223443223443223,0.000366300366300366,0.261172161172161,0.13974358974359,0.343223443223443
268273.411807,2751366.126422,0.254212454212454,0.0282051282051282,0.000183150183150183,0.163919413919414,0.071978021978022,0.481501831501832
268773.411807,2751366.126422,0.55958929226256,0.0482214888155482,0,0.0099009900990099,0.0155848918225156,0.366703337000367
269273.411807,2751366.126422,0.504212454212454,0.0128205128205128,0,0.0250915750915751,0.0776556776556777,0.38021978021978
269773.411807,2751366.126422,0.266849816849817,0.0139194139194139,0.000366300366300366,0.173260073260073,0.0408424908424908,0.504761904761905
270273.411807,2751366.126422,0.149431609827649,0.0229189585625229,0.0328199486615328,0.267693436010268,0.186835350201687,0.34030069673634
270773.411807,2751366.126422,0.0957875457875458,0.0271062271062271,0.00641025641025641,0.693223443223443,0.101648351648352,0.0758241758241758
271273.411807,2751366.126422,0.173809523809524,0.0467032967032967,0.0106227106227106,0.133882783882784,0.0895604395604396,0.545421245421245
271773.411807,2751366.126422,0.0876420975430876,0.0594059405940594,0.0161349468280161,0.538320498716538,0.0984598459845985,0.2000366703337
272273.411807,2751366.126422,0.166117216117216,0.03003663003663,0.000366300366300366,0.51025641025641,0.146153846153846,0.147069597069597
272773.411807,2751366.126422,0.154395604395604,0.0197802197802198,0.00146520146520147,0.447985347985348,0.0824175824175824,0.293956043956044
273273.411807,2751366.126422,0.203703703703704,0.0661899523285662,0.000366703337000367,0.124495782911624,0.0874587458745875,0.517785111844518
273773.411807,2751366.126422,0.195787545787546,0.0531135531135531,0.0010989010989011,0.360805860805861,0.145421245421245,0.243772893772894
274273.411807,2751366.126422,0.28040293040293,0.0313186813186813,0.0032967032967033,0.115384615384615,0.106043956043956,0.463553113553114
274773.411807,2751366.126422,0.411441144114411,0.0022002200220022,0.00421708837550422,0.0249358269160249,0.0251191785845251,0.532086541987532
275273.411807,2751366.126422,0.317345597897503,0.0860709592641262,0.00492772667542707,0.12023653088042,0.0814717477003942,0.389947437582129
262773.411807,2750866.126422,0.88372591006424,0,0,0,0,0.11627408993576
263273.411807,2750866.126422,0.513305193613507,0.0124793540099101,0,0.0152321526885667,0.0385391815011929,0.420444118186823
263773.411807,2750866.126422,0.70016504676325,0.00605171465248487,0,0.0187052998349532,0.0357601320374106,0.239317806711902
264273.411807,2750866.126422,0.746014293567894,0.000183250870441635,0,0.000549752611324904,0.00238226131574125,0.250870441634598
264773.411807,2750866.126422,0.690585428518994,0.00917599559552211,0.000367039823820885,0.00385391815011929,0.0133969535694623,0.282620664342081
265273.411807,2750866.126422,0.663304602970842,0.00146708233999633,0,0.0150375939849624,0.0168714469099578,0.303319273794242
265773.411807,2750866.126422,0.616089426424775,0.00274876305662452,0,0.00787978742899029,0.0137438152831226,0.359538207806487
266273.411807,2750866.126422,0.511286474582492,0.000550559735731327,0,0.00752431638832813,0.0143145531290145,0.466324096164434
266773.411807,2750866.126422,0.806711901705483,0.000550155877498625,0,0.0022006235099945,0.00256739409499358,0.18796992481203
267273.411807,2750866.126422,0.764889133223383,0.00458127176104087,0,0.00806303829943192,0.0291368884002199,0.193329668315924
267773.411807,2750866.126422,0.419893558451092,0.00550559735731327,0,0.301523215268857,0.0666177280234905,0.206459900899248
268273.411807,2750866.126422,0.642398679625894,0.000550155877498625,0,0.0280579497524299,0.0115532734274711,0.317439941316706
268773.411807,2750866.126422,0.145317940260216,0.132673630199743,0,0.0635880520432472,0.0839288986622686,0.574491478834524
269273.411807,2750866.126422,0.0238575885483575,0.00642319691686548,0,0.0155991925123876,0.0234905487245366,0.930629473297853
269773.411807,2750866.126422,0.312488538419219,0.000366770584999083,0,0.011186502842472,0.0165046763249587,0.659453511828351
270273.411807,2750866.126422,0.324720542422577,0.0284038849184534,0.00458127176104087,0.0538757559098406,0.0590067802822063,0.529411764705882
270773.411807,2750866.126422,0.216920535878143,0.0266103872270141,0.00440447788585061,0.093778674986236,0.104606349788952,0.553679574233804
271273.411807,2750866.126422,0.0808729139922978,0.0361269026224097,0.0546488171648634,0.628278012103429,0.0729873464148175,0.127086007702182
271773.411807,2750866.126422,0.0331684075499359,0.0174088326919553,0.00494777350192413,0.885284955103537,0.0450797141286421,0.0141103170240059
272273.411807,2750866.126422,0.146081849880712,0.0456964580657001,0.00256927876674619,0.48559368691503,0.123141860891907,0.196916865479905
272773.411807,2750866.126422,0.272693929946818,0.0473134054648817,0.0159545204474601,0.241518430221896,0.127636163579681,0.294883550339263
273273.411807,2750866.126422,0.260949239508888,0.055158512002932,0.0053142752428074,0.130474619754444,0.0723840938244457,0.475719259666483
273773.411807,2750866.126422,0.414387961093779,0.0234905487245366,0.00513855753349238,0.0662506881996697,0.0242246283721784,0.466507616076344
274273.411807,2750866.126422,0.325692279479186,0.0122868145974693,0.0210893086374473,0.00898587933247754,0.0143040528149642,0.617641665138456
274773.411807,2750866.126422,0.450064137804655,0.00238226131574125,0,0.0271211288253619,0.042147700201576,0.478284771852666
275273.411807,2750866.126422,0.116716122650841,0.117375535773162,0.0530827563468513,0.0850642927794263,0.0985822617870096,0.52917903066271
262773.411807,2750366.126422,0.626498287671233,0.000428082191780822,0,0.0124143835616438,0.0186215753424658,0.342037671232877
263273.411807,2750366.126422,0.726605504587156,0.00715596330275229,0,0.0104587155963303,0.0244036697247706,0.231376146788991
263773.411807,2750366.126422,0.972665565951202,0.000733810310034856,0,0,0.000183452577508714,0.0264171711612548
264273.411807,2750366.126422,0.618864468864469,0,0,0.00732600732600733,0.00402930402930403,0.36978021978022
264773.411807,2750366.126422,0.795229357798165,0.00073394495412844,0,0.0018348623853211,0.00275229357798165,0.199449541284404
265273.411807,2750366.126422,0.58484681709778,0.00165107319757843,0,0.00440286186020914,0.00770500825536599,0.401394239589066
265773.411807,2750366.126422,0.908241758241758,0.00677655677655678,0,0.000366300366300366,0.00256410256410256,0.0820512820512821
266273.411807,2750366.126422,0.80256880733945,0.00146788990825688,0,0.00422018348623853,0.00825688073394495,0.18348623853211
266773.411807,2750366.126422,0.753806640983306,0.000183452577508714,0,0.00165107319757843,0.00458631443771785,0.239772518803889
267273.411807,2750366.126422,0.757509157509157,0.000366300366300366,0,0.000732600732600733,0.000732600732600733,0.240659340659341
267773.411807,2750366.126422,0.768256880733945,0.00073394495412844,0,0.00642201834862385,0.0073394495412844,0.217247706422018
268273.411807,2750366.126422,0.698220509998165,0.00110071546505228,0,0.0165107319757843,0.0432948082920565,0.240873234268941
268773.411807,2750366.126422,0.535531135531136,0.010989010989011,0,0.0794871794871795,0.0619047619047619,0.312087912087912
269273.411807,2750366.126422,0.418348623853211,0.0106422018348624,0,0.0506422018348624,0.0499082568807339,0.47045871559633
269773.411807,2750366.126422,0.445239405613649,0.0440286186020914,0,0.0579710144927536,0.0583379196477711,0.394423041643735
270273.411807,2750366.126422,0.355677655677656,0.0289377289377289,0.00256410256410256,0.114468864468864,0.0956043956043956,0.402747252747253
270773.411807,2750366.126422,0.132660550458716,0.0379816513761468,0.00220183486238532,0.228440366972477,0.12697247706422,0.471743119266055
271273.411807,2750366.126422,0.137956338286553,0.0583379196477711,0.217758209502844,0.267473858007705,0.0812694918363603,0.237204182718767
271773.411807,2750366.126422,0.0661172161172161,0.0498168498168498,0.00164835164835165,0.695970695970696,0.124725274725275,0.0617216117216117
272273.411807,2750366.126422,0.127522935779817,0.0379816513761468,0.00403669724770642,0.583669724770642,0.0873394495412844,0.159449541284404
272773.411807,2750366.126422,0.28673637864612,0.0678774536782242,0,0.176297926985874,0.113924050632911,0.35516419005687
273273.411807,2750366.126422,0.254761904761905,0.023992673992674,0.00146520146520147,0.0424908424908425,0.0393772893772894,0.637912087912088
273773.411807,2750366.126422,0.485321100917431,0.0185321100917431,0,0.0403669724770642,0.0423853211009174,0.413394495412844
274273.411807,2750366.126422,0.28820399926619,0.0572372041827188,0.00440286186020914,0.195193542469272,0.0897083104017612,0.36525408181985
274773.411807,2750366.126422,0.523626373626374,0.0238095238095238,0.00238095238095238,0.0366300366300366,0.0467032967032967,0.366849816849817
275273.411807,2750366.126422,0.14163372859025,0.11133069828722,0.0342555994729908,0.0154808959156785,0.0395256916996047,0.657773386034256
262773.411807,2749866.126422,0.71868978805395,0.00599443374009848,0,0.0122029543994862,0.0126311282380647,0.250481695568401
263273.411807,2749866.126422,0.810805860805861,0.000549450549450549,0,0.00384615384615385,0.00531135531135531,0.179487179487179
263773.411807,2749866.126422,0.576923076923077,0.0252747252747253,0,0.0133699633699634,0.0476190476190476,0.336813186813187
264273.411807,2749866.126422,0.780711404473781,0.0022002200220022,0,0.0011001100110011,0.00476714338100477,0.211221122112211
264773.411807,2749866.126422,0.757142857142857,0.0010989010989011,0,0.0010989010989011,0.00677655677655678,0.233882783882784
265273.411807,2749866.126422,0.562087912087912,0.01996336996337,0,0.00860805860805861,0.0258241758241758,0.383516483516484
265773.411807,2749866.126422,0.78034470113678,0.00146681334800147,0,0.0022002200220022,0.0115511551155116,0.204437110377704
266273.411807,2749866.126422,0.7996336996337,0.00256410256410256,0,0.00183150183150183,0.00641025641025641,0.18956043956044
266773.411807,2749866.126422,0.720879120879121,0.000549450549450549,0,0.0043956043956044,0.00476190476190476,0.269413919413919
267273.411807,2749866.126422,0.640630729739641,0.00201686835350202,0,0.0088008800880088,0.0297029702970297,0.318848551521819
267773.411807,2749866.126422,0.733882783882784,0.000732600732600733,0,0.010989010989011,0.0197802197802198,0.234615384615385
268273.411807,2749866.126422,0.528754578754579,0.00659340659340659,0,0.0126373626373626,0.0227106227106227,0.429304029304029
268773.411807,2749866.126422,0.80949761642831,0.00586725339200587,0,0.0465713237990466,0.0231023102310231,0.114961496149615
269273.411807,2749866.126422,0.211721611721612,0.0697802197802198,0.00750915750915751,0.442124542124542,0.0782051282051282,0.190659340659341
269773.411807,2749866.126422,0.278571428571429,0.0567765567765568,0,0.146703296703297,0.0523809523809524,0.465567765567766
270273.411807,2749866.126422,0.263292995966263,0.106527319398607,0.000183351668500183,0.209387605427209,0.14044737807114,0.28016134946828
270773.411807,2749866.126422,0.250549450549451,0.0571428571428571,0.00274725274725275,0.158608058608059,0.102747252747253,0.428205128205128
271273.411807,2749866.126422,0.210622710622711,0.0857142857142857,0.00641025641025641,0.136630036630037,0.107692307692308,0.452930402930403
271773.411807,2749866.126422,0.16024935826916,0.0924092409240924,0.0121012101210121,0.258525852585259,0.130729739640631,0.345984598459846
272273.411807,2749866.126422,0.0858974358974359,0.146520146520147,0.000183150183150183,0.466117216117216,0.16007326007326,0.141208791208791
272773.411807,2749866.126422,0.29029304029304,0.0205128205128205,0,0.241208791208791,0.232967032967033,0.215018315018315
273273.411807,2749866.126422,0.242940960762743,0.107810781078108,0,0.19031903190319,0.112027869453612,0.346901356802347
273773.411807,2749866.126422,0.186996336996337,0.0496336996336996,0.000732600732600733,0.513736263736264,0.0611721611721612,0.187728937728938
274273.411807,2749866.126422,0.507142857142857,0.0336996336996337,0,0.176190476190476,0.0946886446886447,0.188278388278388
274773.411807,2749866.126422,0.318115144847818,0.0782911624495783,0.00843417675100843,0.0383204987165383,0.0478547854785479,0.508984231756509
275273.411807,2749866.126422,0.220762155059133,0.049934296977661,0,0.0607752956636005,0.0588042049934297,0.609724047306176
262773.411807,2749366.126422,0.846895074946467,0.0012847965738758,0,0.00299785867237687,0.00963597430406852,0.139186295503212
263273.411807,2749366.126422,0.664525601027712,0.0012846393833731,0,0.00367039823820885,0.019086070838686,0.311433290512021
263773.411807,2749366.126422,0.594351732991014,0.00513478818998716,0,0.004401247019989,0.00825233816247937,0.38785989363653
264273.411807,2749366.126422,0.550852116547554,0.0119113065787062,0,0.0119113065787062,0.0243723657687374,0.400952904526297
264773.411807,2749366.126422,0.625986419526519,0.00440447788585061,0,0.0159662323362085,0.0423930996513122,0.31124977060011
265273.411807,2749366.126422,0.581147991931047,0.00348432055749129,0,0.00898587933247754,0.0198056115899505,0.386576196589034
265773.411807,2749366.126422,0.611874656404618,0.00164925783397471,0,0.0126443100604728,0.0280373831775701,0.345794392523364
266273.411807,2749366.126422,0.743439163149202,0,0,0.00789135621214902,0.00403743806202973,0.24463204257662
266773.411807,2749366.126422,0.626077388593435,0.00715202640748212,0,0.00421786172748946,0.0100861910874748,0.352466532184119
267273.411807,2749366.126422,0.511086677661719,0.00384826827927433,0,0.0146600696353308,0.026571376214037,0.443833608209639
267773.411807,2749366.126422,0.602495870801982,0.0121123141860892,0.00367039823820885,0.0383556615892824,0.046063497889521,0.297302257294916
268273.411807,2749366.126422,0.562626077388593,0.0168714469099578,0,0.0317256556024207,0.0192554557124519,0.369521364386576
268773.411807,2749366.126422,0.565512186182884,0.00549752611324904,0,0.0888766721641928,0.0617555433388309,0.278358072200843
269273.411807,2749366.126422,0.616810423930996,0.000734079647641769,0,0.00311983850247752,0.0106441548908057,0.368691503028079
269773.411807,2749366.126422,0.40803227581148,0.0755547405098111,0,0.072803961122318,0.0599669906473501,0.383642031909041
270273.411807,2749366.126422,0.288436870075133,0.152647975077882,0.00219901044529962,0.132856881070185,0.102620487447315,0.321238775884185
270773.411807,2749366.126422,0.518443751146999,0.0251422279317306,0.00110111947146265,0.124059460451459,0.0715727656450725,0.259680675353276
271273.411807,2749366.126422,0.109114249037227,0.0838070786722905,0.00110031175499725,0.0445626260773886,0.0806895286997983,0.680726205758298
271773.411807,2749366.126422,0.219351291918637,0.074216602528862,0.00238226131574125,0.161260765988638,0.124244090159428,0.418544988088693
272273.411807,2749366.126422,0.281336024958708,0.0249587080198202,0,0.11194714626537,0.0824004404477886,0.499357680308313
272773.411807,2749366.126422,0.21217678342197,0.0377773702549056,0.00256739409499358,0.186502842472034,0.0935264991747662,0.467449110581331
273273.411807,2749366.126422,0.235660619387942,0.0368334249587686,0.00219901044529962,0.191497159611508,0.137621403701668,0.396188381894814
273773.411807,2749366.126422,0.138557533492384,0.148834648559369,0,0.378418058359332,0.0317489447605065,0.302440814828409
274273.411807,2749366.126422,0.314139006051715,0.024390243902439,0,0.01998899688245,0.0234733174399413,0.618008435723455
274773.411807,2749366.126422,0.378779549202859,0.0417811984606927,0.0124610591900312,0.135972145867693,0.0793476269012278,0.351658420377497
275273.411807,2749366.126422,0.449060336300692,0.0207715133531157,0.044180679195516,0.131223211341906,0.0774810418727333,0.277283217936037
262773.411807,2748866.126422,0.756421232876712,0.00342465753424658,0,0.00684931506849315,0.0218321917808219,0.211472602739726
263273.411807,2748866.126422,0.681100917431193,0.00605504587155963,0,0.00678899082568807,0.0236697247706422,0.282385321100917
263773.411807,2748866.126422,0.530361401577692,0.00348559897266557,0,0.0366905155017428,0.0577875619152449,0.371674922032655
264273.411807,2748866.126422,0.491758241758242,0.00677655677655678,0,0.0135531135531136,0.0388278388278388,0.449084249084249
264773.411807,2748866.126422,0.397981651376147,0.0073394495412844,0,0.0234862385321101,0.0693577981651376,0.501834862385321
265273.411807,2748866.126422,0.385250412768299,0.010273344340488,0,0.0148596587782058,0.0348559897266557,0.554760594386351
265773.411807,2748866.126422,0.503296703296703,0.0225274725274725,0,0.00347985347985348,0.015018315018315,0.455677655677656
266273.411807,2748866.126422,0.31302752293578,0.00990825688073394,0,0.0236697247706422,0.0732110091743119,0.580183486238532
266773.411807,2748866.126422,0.319757842597689,0.030820033021464,0,0.0383415886993212,0.0733810310034856,0.537699504678041
267273.411807,2748866.126422,0.493772893772894,0.0435897435897436,0,0.0358974358974359,0.0565934065934066,0.37014652014652
267773.411807,2748866.126422,0.680917431192661,0.0194495412844037,0.00110091743119266,0.0220183486238532,0.0328440366972477,0.243669724770642
268273.411807,2748866.126422,0.791047514217575,0.00201797835259585,0,0.0275178866263071,0.0260502660062374,0.153366354797285
268773.411807,2748866.126422,0.331868131868132,0.0503663003663004,0.00164835164835165,0.264835164835165,0.138644688644689,0.212637362637363
269273.411807,2748866.126422,0.462385321100917,0.0161467889908257,0.00018348623853211,0.155779816513761,0.165321100917431,0.200183486238532
269773.411807,2748866.126422,0.309484498257201,0.00843881856540084,0.00733810310034856,0.0922766464868831,0.084021280498991,0.498440653091176
270273.411807,2748866.126422,0.376556776556777,0.0285714285714286,0,0.231135531135531,0.108791208791209,0.254945054945055
270773.411807,2748866.126422,0.419082568807339,0.0344954128440367,0,0.0319266055045872,0.0438532110091743,0.470642201834862
271273.411807,2748866.126422,0.333149880755825,0.086589616584113,0.000550357732526142,0.0370574206567602,0.0543019629425793,0.488350761328197
271773.411807,2748866.126422,0.24047619047619,0.0690476190476191,0.00256410256410256,0.110989010989011,0.125274725274725,0.451648351648352
272273.411807,2748866.126422,0.168623853211009,0.0376146788990826,0,0.0902752293577982,0.113394495412844,0.590091743119266
272773.411807,2748866.126422,0.144744083654375,0.0313703907539901,0.00165107319757843,0.344340487983856,0.149880755824619,0.328013208585581
273273.411807,2748866.126422,0.251648351648352,0.0494505494505494,0.000549450549450549,0.268681318681319,0.117948717948718,0.311721611721612
273773.411807,2748866.126422,0.251009174311927,0.132293577981651,0.00036697247706422,0.169724770642202,0.098348623853211,0.348256880733945
274273.411807,2748866.126422,0.350577875619152,0.0293524124013942,0.00880572372041827,0.15831957439002,0.143276463034306,0.309667950834709
274773.411807,2748866.126422,0.372710622710623,0.0324175824175824,0.00604395604395604,0.194688644688645,0.0917582417582418,0.302380952380952
275273.411807,2748866.126422,0.572793148880105,0.0108695652173913,0.0204216073781291,0.0714756258234519,0.053030303030303,0.271409749670619
262773.411807,2748366.126422,0.165703275529865,0.0331834724898309,0,0.0413187754228217,0.102333547420253,0.65746092913723
263273.411807,2748366.126422,0.162454212454212,0.0192307692307692,0,0.0159340659340659,0.0485347985347985,0.753846153846154
263773.411807,2748366.126422,0.261355311355311,0.0228937728937729,0,0.0311355311355311,0.0844322344322344,0.60018315018315
264273.411807,2748366.126422,0.322698936560323,0.0242024202420242,0,0.00953428676200953,0.0385038503850385,0.605060506050605
264773.411807,2748366.126422,0.341391941391941,0.0177655677655678,0,0.0179487179487179,0.0576923076923077,0.565201465201465
265273.411807,2748366.126422,0.422161172161172,0.0384615384615385,0,0.0177655677655678,0.0818681318681319,0.43974358974359
265773.411807,2748366.126422,0.483314998166483,0.00495049504950495,0,0.0135680234690136,0.0388705537220389,0.459295929592959
266273.411807,2748366.126422,0.81959706959707,0.00146520146520147,0,0,0.000549450549450549,0.178388278388278
266773.411807,2748366.126422,0.676007326007326,0.00128205128205128,0,0.00164835164835165,0.00384615384615385,0.317216117216117
267273.411807,2748366.126422,0.816098276494316,0.00183351668500183,0,0.0192519251925193,0.0335533553355336,0.129262926292629
267773.411807,2748366.126422,0.470512820512821,0.0659340659340659,0,0.121611721611722,0.104945054945055,0.236996336996337
268273.411807,2748366.126422,0.409340659340659,0.0313186813186813,0.0021978021978022,0.193956043956044,0.194139194139194,0.169047619047619
268773.411807,2748366.126422,0.385221855518885,0.0137513751375138,0,0.0876420975430876,0.112944627796113,0.4004400440044
269273.411807,2748366.126422,0.247069597069597,0.0236263736263736,0.00164835164835165,0.194505494505495,0.125274725274725,0.407875457875458
269773.411807,2748366.126422,0.303663003663004,0.047985347985348,0.00457875457875458,0.156959706959707,0.0873626373626374,0.399450549450549
270273.411807,2748366.126422,0.335716905023836,0.0331866519985332,0.00366703337000367,0.157682434910158,0.0861752841950862,0.383571690502384
270773.411807,2748366.126422,0.275641025641026,0.0302197802197802,0,0.0774725274725275,0.11996336996337,0.496703296703297
271273.411807,2748366.126422,0.416483516483517,0.0245421245421245,0.000732600732600733,0.20970695970696,0.133516483516484,0.215018315018315
271773.411807,2748366.126422,0.277411074440777,0.0326365969930326,0.0238357169050238,0.0815914924825816,0.0733406674000733,0.511184451778511
272273.411807,2748366.126422,0.202747252747253,0.0137362637362637,0.18003663003663,0.0468864468864469,0.0736263736263736,0.482967032967033
272773.411807,2748366.126422,0.255128205128205,0.0716117216117216,0.0379120879120879,0.0384615384615385,0.0769230769230769,0.51996336996337
273273.411807,2748366.126422,0.272093876054272,0.0335533553355336,0,0.136780344701137,0.0834250091675834,0.474147414741474
273773.411807,2748366.126422,0.172344322344322,0.0205128205128205,0.00238095238095238,0.536630036630037,0.131135531135531,0.136996336996337
274273.411807,2748366.126422,0.321611721611722,0.0567765567765568,0.0032967032967033,0.192124542124542,0.130586080586081,0.295604395604396
274773.411807,2748366.126422,0.251558489182252,0.104693802713605,0.0022002200220022,0.101393472680601,0.0885588558855886,0.451595159515952
275273.411807,2748366.126422,0.161629434954008,0.172798948751643,0,0.11957950065703,0.0949408672798949,0.451051248357424
262773.411807,2747866.126422,0.846252676659529,0.00556745182012848,0,0.0261241970021413,0.0423982869379015,0.0796573875802998
263273.411807,2747866.126422,0.957606900348688,0,0,0,0,0.0423930996513122
263773.411807,2747866.126422,0.910141206675225,0.000183385292499542,0,0.00403447643498991,0.00806895286997983,0.0775719787273061
264273.411807,2747866.126422,0.901777533443284,0.0172255818215137,0.00183250870441635,0.00146600696353308,0.00164925783397471,0.0760491112332784
264773.411807,2747866.126422,0.902917966599376,0,0,0,0,0.097082033400624
265273.411807,2747866.126422,0.908857509627728,0,0,0.000366770584999083,0.000916926462497708,0.0898587933247754
265773.411807,2747866.126422,0.82847718526663,0.00109950522264981,0,0.011544804837823,0.0119113065787062,0.146967198094191
266273.411807,2747866.126422,0.587630757937236,0.00495503762158194,0,0.0106441548908057,0.0255092677555515,0.371260781794825
266773.411807,2747866.126422,0.650284247203374,0.00275077938749312,0.000183385292499542,0.00458463231248854,0.00861910874747845,0.333577847056666
267273.411807,2747866.126422,0.642294300897929,0.00128275609309144,0,0.0282206340480117,0.0260216236027121,0.302180685358255
267773.411807,2747866.126422,0.565608368507983,0.00697375665259681,0,0.0242246283721784,0.0345017434391632,0.368691503028079
268273.411807,2747866.126422,0.433706216761416,0.0289748762149276,0.00165046763249587,0.0933431138822666,0.0627177700348432,0.379607555474051
268773.411807,2747866.126422,0.223199560197911,0.0175920835623969,0.000549752611324904,0.130291368884002,0.091258933479934,0.537108301264431
269273.411807,2747866.126422,0.283354743989723,0.076344283354744,0,0.0299137456414021,0.0392732611488346,0.571113965865296
269773.411807,2747866.126422,0.212910324591968,0.0196222262974509,0,0.178800660187053,0.103062534384742,0.485604254538786
270273.411807,2747866.126422,0.31170973062122,0.061205790727506,0,0.182884368700751,0.0425142019424592,0.401685908008063
270773.411807,2747866.126422,0.183519911910442,0.0471646173609837,0,0.19930262433474,0.117452743622683,0.452560102771151
271273.411807,2747866.126422,0.191087474784522,0.0427287731523932,0.000733541169998166,0.287181368054282,0.189070236567027,0.289198606271777
271773.411807,2747866.126422,0.616272677295217,0.0120945574491479,0.00641378046545721,0.0353674179952355,0.0399486897562763,0.289902877038666
272273.411807,2747866.126422,0.47715177096715,0.0122958340979996,0.0475316571848046,0.00660671682877592,0.0135804734813727,0.442833547439897
272773.411807,2747866.126422,0.26792591234183,0.0388776820099028,0.000183385292499542,0.0452961672473868,0.0423620025673941,0.605354850540987
273273.411807,2747866.126422,0.263514751695071,0.0652373098772219,0,0.051126992853216,0.0824628916987356,0.537658053875756
273773.411807,2747866.126422,0.238392365571665,0.0623967700495504,0.0280785465222977,0.325747843641035,0.160763442833547,0.184621031381905
274273.411807,2747866.126422,0.322574729506694,0.0174216027874564,0.0022006235099945,0.227030992114432,0.153676875114616,0.277095176966807
274773.411807,2747866.126422,0.548469855231812,0.0370166758292102,0,0.0734835990470955,0.103353490929082,0.2376763789628
275273.411807,2747866.126422,0.0718760303330036,0.1513353115727,0,0.0402242004615892,0.0576986482030992,0.678865809429608
262773.411807,2747366.126422,0.763698630136986,0.00299657534246575,0,0.0128424657534247,0.0171232876712329,0.20333904109589
263273.411807,2747366.126422,0.37743119266055,0.011743119266055,0.00972477064220183,0.00788990825688073,0.0181651376146789,0.575045871559633
263773.411807,2747366.126422,0.270776004402862,0.00091726288754357,0,0.0339387268391121,0.0326545587965511,0.661713447073931
264273.411807,2747366.126422,0.430769230769231,0.00677655677655678,0.000183150183150183,0.132967032967033,0.0684981684981685,0.360805860805861
264773.411807,2747366.126422,0.334862385321101,0.0073394495412844,0,0.00807339449541284,0.0106422018348624,0.639082568807339
265273.411807,2747366.126422,0.149697303247111,0.00770500825536599,0,0.0979636763896533,0.091726288754357,0.652907723353513
265773.411807,2747366.126422,0.51978021978022,0.0203296703296703,0,0.0666666666666667,0.104761904761905,0.288461538461538
266273.411807,2747366.126422,0.833577981651376,0.00330275229357798,0,0.000917431192660551,0.00128440366972477,0.160917431192661
266773.411807,2747366.126422,0.794716565767749,0.00403595670519171,0,0.00807191341038342,0.0135754907356448,0.179600073381031
267273.411807,2747366.126422,0.705494505494506,0.0201465201465201,0,0.00879120879120879,0.0128205128205128,0.252747252747253
267773.411807,2747366.126422,0.567339449541284,0.00385321100917431,0,0.0108256880733945,0.0157798165137615,0.402201834862385
268273.411807,2747366.126422,0.336818932305999,0.0407264722069345,0,0.0394423041643735,0.0682443588332416,0.514767932489452
268773.411807,2747366.126422,0.235714285714286,0.0276556776556777,0.00915750915750916,0.116666666666667,0.11996336996337,0.490842490842491
269273.411807,2747366.126422,0.188990825688073,0.0829357798165138,0.00018348623853211,0.148440366972477,0.128990825688073,0.45045871559633
269773.411807,2747366.126422,0.19977985690699,0.0484314804623005,0.000366905155017428,0.136855622821501,0.121078701155751,0.493487433498441
270273.411807,2747366.126422,0.228388278388278,0.0298534798534799,0.000732600732600733,0.265567765567766,0.1503663003663,0.325091575091575
270773.411807,2747366.126422,0.227339449541284,0.0504587155963303,0,0.143669724770642,0.0700917431192661,0.508440366972477
271273.411807,2747366.126422,0.271876719867914,0.0476976701522656,0,0.220693450742983,0.140524674371675,0.319207484865162
271773.411807,2747366.126422,0.502747252747253,0.0478021978021978,0,0.0705128205128205,0.0697802197802198,0.309157509157509
272273.411807,2747366.126422,0.676880733944954,0.00256880733944954,0.00018348623853211,0.0322935779816514,0.0418348623853211,0.246238532110092
272773.411807,2747366.126422,0.3052650889745,0.0357732526141992,0.0284351495138507,0.015410016510732,0.0354063474591818,0.579710144927536
273273.411807,2747366.126422,0.214835164835165,0.0338827838827839,0,0.0983516483516483,0.136630036630037,0.516300366300366
273773.411807,2747366.126422,0.261834862385321,0.0251376146788991,0.0240366972477064,0.164954128440367,0.14697247706422,0.377064220183486
274273.411807,2747366.126422,0.383599339570721,0.0122913226930838,0.000366905155017428,0.150798018712163,0.136488717666483,0.316455696202532
274773.411807,2747366.126422,0.33956043956044,0.0296703296703297,0.00677655677655678,0.184432234432234,0.0946886446886447,0.344871794871795
275273.411807,2747366.126422,0.30270092226614,0.0658761528326746,0,0.0454545454545455,0.0283267457180501,0.55764163372859
262773.411807,2746866.126422,0.877114108327981,0.000856347677156926,0,0.00214086919289231,0.0040676514664954,0.115821023335474
263273.411807,2746866.126422,0.664652014652015,0.0139194139194139,0,0.00787545787545788,0.0228937728937729,0.290659340659341
263773.411807,2746866.126422,0.830586080586081,0.00604395604395604,0,0.00347985347985348,0.00732600732600733,0.152564102564103
264273.411807,2746866.126422,0.788412174550788,0.0011001100110011,0,0.00696736340300697,0.0055005500550055,0.198019801980198
264773.411807,2746866.126422,0.735897435897436,0.0177655677655678,0,0.0164835164835165,0.0161172161172161,0.213736263736264
265273.411807,2746866.126422,0.295421245421245,0.0186813186813187,0,0.0619047619047619,0.0417582417582418,0.582234432234432
265773.411807,2746866.126422,0.493582691602494,0.00696736340300697,0,0.0221855518885222,0.0630729739640631,0.414191419141914
266273.411807,2746866.126422,0.379304029304029,0.0203296703296703,0,0.0399267399267399,0.0846153846153846,0.475824175824176
266773.411807,2746866.126422,0.337728937728938,0.0465201465201465,0,0.0727106227106227,0.113919413919414,0.429120879120879
267273.411807,2746866.126422,0.231206453978731,0.211587825449212,0,0.0438210487715438,0.0465713237990466,0.466813348001467
267773.411807,2746866.126422,0.556959706959707,0.0032967032967033,0,0.063003663003663,0.0413919413919414,0.335347985347985
268273.411807,2746866.126422,0.617948717948718,0.00787545787545788,0.000549450549450549,0.0743589743589744,0.0516483516483516,0.247619047619048
268773.411807,2746866.126422,0.262559589292263,0.0258525852585259,0.00055005500550055,0.242940960762743,0.127429409607627,0.340667400073341
269273.411807,2746866.126422,0.152747252747253,0.0163003663003663,0,0.222527472527473,0.145421245421245,0.463003663003663
269773.411807,2746866.126422,0.332417582417582,0.0318681318681319,0.00256410256410256,0.0851648351648352,0.129120879120879,0.418864468864469
270273.411807,2746866.126422,0.463696369636964,0.0126512651265127,0,0.115144847818115,0.0555555555555556,0.352951961862853
270773.411807,2746866.126422,0.502930402930403,0.0120879120879121,0,0.110805860805861,0.0802197802197802,0.293956043956044
271273.411807,2746866.126422,0.362454212454212,0.0152014652014652,0.00915750915750916,0.0663003663003663,0.0659340659340659,0.480952380952381
271773.411807,2746866.126422,0.437660432709938,0.0223689035570224,0,0.0397873120645398,0.0533553355335534,0.446828016134947
272273.411807,2746866.126422,0.449267399267399,0.0108058608058608,0.00293040293040293,0.0946886446886447,0.112637362637363,0.32967032967033
272773.411807,2746866.126422,0.554578754578755,0.000549450549450549,0,0.0131868131868132,0.0214285714285714,0.41025641025641
273273.411807,2746866.126422,0.336083608360836,0.0154015401540154,0,0.0584891822515585,0.0733406674000733,0.516685001833517
273773.411807,2746866.126422,0.408974358974359,0.0615384615384615,0.00842490842490842,0.0379120879120879,0.0597069597069597,0.423443223443223
274273.411807,2746866.126422,0.546520146520146,0.0316849816849817,0.000732600732600733,0.043040293040293,0.0408424908424908,0.337179487179487
274773.411807,2746866.126422,0.20975430876421,0.0368536853685369,0.00055005500550055,0.247341400806747,0.122662266226623,0.382838283828383
275273.411807,2746866.126422,0.130091984231275,0.138304862023653,0.00361366622864652,0.0321944809461235,0.0624178712220762,0.633377135348226
262773.411807,2746366.126422,0.702783725910064,0.017558886509636,0,0.00299785867237687,0.00663811563169165,0.270021413276231
263273.411807,2746366.126422,0.862727105890989,0.00146815929528354,0,0.011194714626537,0.0222059093411635,0.102404110846027
263773.411807,2746366.126422,0.775169631395562,0.00348432055749129,0,0.011186502842472,0.0166880616174583,0.193471483587016
264273.411807,2746366.126422,0.80043980208906,0.00219901044529962,0,0.0527762506871908,0.0412314458493678,0.103353490929082
264773.411807,2746366.126422,0.686547990456965,0.0811158010644155,0,0.00330335841438796,0.00991007524316388,0.219122774821068
265273.411807,2746366.126422,0.793141390060517,0.00110031175499725,0,0.004401247019989,0.0154043645699615,0.185952686594535
265773.411807,2746366.126422,0.513652189847902,0.00714678394722375,0,0.0300531427524281,0.0348176653839106,0.414330218068536
266273.411807,2746366.126422,0.475500091759956,0.0122958340979996,0,0.047715177096715,0.0794641218572215,0.385024775188108
266773.411807,2746366.126422,0.657069503025857,0.00110031175499725,0,0.0198056115899505,0.0300751879699248,0.29194938565927
267273.411807,2746366.126422,0.670698185816383,0.015026571376214,0.000733003481766538,0.0729338464357706,0.0437969580355507,0.196811434854316
267773.411807,2746366.126422,0.348137272894109,0.0161497522481189,0,0.124242980363369,0.0882730776289227,0.42319691686548
268273.411807,2746366.126422,0.437740693196406,0.00366770584999083,0.000183385292499542,0.166513845589584,0.159545204474601,0.232349165596919
268773.411807,2746366.126422,0.407733186732637,0.00989554700384827,0,0.134689389774601,0.078248121678578,0.369433754810335
269273.411807,2746366.126422,0.386859974307212,0.0121123141860892,0.0133969535694623,0.116718663975041,0.0877225178931914,0.383189576069004
269773.411807,2746366.126422,0.478268842838804,0.00935264991747662,0.000550155877498625,0.0960938932697598,0.0827067669172932,0.333027691179167
270273.411807,2746366.126422,0.640278541323071,0.0282206340480117,0,0.0773318673263698,0.0452629649990837,0.208905992303463
270773.411807,2746366.126422,0.456046981097449,0.0275279867865663,0.00183519911910442,0.147733529087906,0.0915764360433107,0.275279867865663
271273.411807,2746366.126422,0.222813130386943,0.0357601320374106,0,0.186686227764533,0.13588850174216,0.418852008068953
271773.411807,2746366.126422,0.252519699468573,0.0117280557082646,0.00109950522264981,0.0634048011728056,0.102986989188199,0.568260949239509
272273.411807,2746366.126422,0.441732427968435,0.00495503762158194,0.000183519911910442,0.0552394934850431,0.108093228115251,0.389796292897779
272773.411807,2746366.126422,0.683110214560792,0.00953603520997616,0,0.00696864111498258,0.0190720704199523,0.281313038694297
273273.411807,2746366.126422,0.436320322521532,0.01905809052593,0,0.0271211288253619,0.0342679127725857,0.48323254535459
