"x","y","forest","agri","water","built","other","grass"
275273.411807,2765366.126422,0.0927230046948357,0.121772300469484,0.202464788732394,0.167840375586854,0.154049295774648,0.261150234741784
275773.411807,2765366.126422,0.119427627958173,0.106769400110072,0.00275178866263071,0.212254632177582,0.144744083654375,0.414052467437168
276273.411807,2765366.126422,0.0752747252747253,0.216300366300366,0.000915750915750916,0.132051282051282,0.154761904761905,0.420695970695971
276773.411807,2765366.126422,0.0577981651376147,0.128440366972477,0.00605504587155963,0.242385321100917,0.0908256880733945,0.474495412844037
277273.411807,2765366.126422,0.110621904237755,0.124564300128417,0.019262520638415,0.168592918730508,0.139607411484131,0.437350944780774
277773.411807,2765366.126422,0.0501831501831502,0.133516483516484,0.267216117216117,0.127106227106227,0.134249084249084,0.287728937728938
278273.411807,2765366.126422,0.10348623853211,0.0570642201834862,0.0115596330275229,0.296146788990826,0.158715596330275,0.37302752293578
278773.411807,2765366.126422,0.0658594753256283,0.0493487433498441,0.0157769216657494,0.395340304531279,0.150798018712163,0.322876536415337
279273.411807,2765366.126422,0.0697802197802198,0.167582417582418,0.0327838827838828,0.548168498168498,0.154945054945055,0.0267399267399267
279773.411807,2765366.126422,0.0302752293577982,0.249357798165138,0.0157798165137615,0.539266055045872,0.125321100917431,0.04
280273.411807,2765366.126422,0.0262337185837461,0.0486149330398092,0.028251696936342,0.83452577508714,0.0480645753072831,0.0143093010456797
280773.411807,2765366.126422,0.0474358974358974,0.0192307692307692,0.0470695970695971,0.761172161172161,0.0992673992673993,0.0258241758241758
281273.411807,2765366.126422,0.00935779816513761,0.00715596330275229,0.00275229357798165,0.944954128440367,0.0286238532110092,0.00715596330275229
281773.411807,2765366.126422,0.0577875619152449,0.0159603742432581,0.0306365804439552,0.811961108053568,0.0744817464685379,0.0091726288754357
282273.411807,2765366.126422,0.193956043956044,0.0415750915750916,0.0485347985347985,0.52967032967033,0.124175824175824,0.0620879120879121
282773.411807,2765366.126422,0.0941284403669725,0.0688073394495413,0.0370642201834862,0.595229357798165,0.140366972477064,0.0644036697247706
283273.411807,2765366.126422,0.161071363052651,0.10695285268758,0.080168776371308,0.392771968446157,0.130251330031187,0.128783709411117
283773.411807,2765366.126422,0.0747252747252747,0.056959706959707,0.0333333333333333,0.621428571428571,0.108608058608059,0.104945054945055
284273.411807,2765366.126422,0.0526605504587156,0.0537614678899083,0.0161467889908257,0.612477064220183,0.153761467889908,0.111192660550459
284773.411807,2765366.126422,0.447073931388736,0.0297193175564117,0.0135754907356448,0.367638965327463,0.0781507980187122,0.0638414969730325
285273.411807,2765366.126422,0.560805860805861,0,0,0,0.000549450549450549,0.438644688644689
285773.411807,2765366.126422,0.406238532110092,0.00678899082568807,0.00715596330275229,0.170825688073394,0.0631192660550459,0.345871559633028
286273.411807,2765366.126422,0.340487983856173,0.00862227114290956,0.00513667217024399,0.323977251880389,0.121445606310769,0.200330214639516
286773.411807,2765366.126422,0.391391941391941,0.0228937728937729,0.00879120879120879,0.308424908424908,0.0456043956043956,0.222893772893773
287273.411807,2765366.126422,0.774128440366972,0.00330275229357798,0,0.00073394495412844,0.0018348623853211,0.22
287773.411807,2765366.126422,0.875395033860045,0,0,0.000225733634311512,0,0.124379232505643
275273.411807,2764866.126422,0.0389458272327965,0.032796486090776,0.0222547584187409,0.718887262079063,0.118594436310395,0.0685212298682284
275773.411807,2764866.126422,0.0884615384615385,0.0659340659340659,0.080952380952381,0.401282051282051,0.147252747252747,0.216117216117216
276273.411807,2764866.126422,0.0577557755775578,0.256692335900257,0.048954895489549,0.121928859552622,0.186101943527686,0.328566189952329
276773.411807,2764866.126422,0.0695970695970696,0.0703296703296703,0.0043956043956044,0.494139194139194,0.141391941391941,0.22014652014652
277273.411807,2764866.126422,0.121062271062271,0.128937728937729,0.0021978021978022,0.362454212454212,0.129120879120879,0.256227106227106
277773.411807,2764866.126422,0.0652731939860653,0.0812247891455812,0.015034836817015,0.611477814448111,0.0938760542720939,0.133113311331133
278273.411807,2764866.126422,0.0586080586080586,0.0600732600732601,0.0494505494505494,0.647252747252747,0.0882783882783883,0.0963369963369963
278773.411807,2764866.126422,0.041025641025641,0.0399267399267399,0.0580586080586081,0.724175824175824,0.0941391941391941,0.0426739926739927
279273.411807,2764866.126422,0.0561056105610561,0.0284195086175284,0.0209020902090209,0.753942060872754,0.0799413274660799,0.0606894022735607
279773.411807,2764866.126422,0.0518315018315018,0.0102564102564103,0.0285714285714286,0.812087912087912,0.0805860805860806,0.0166666666666667
280273.411807,2764866.126422,0.0305860805860806,0.0173992673992674,0.0432234432234432,0.82051282051282,0.0653846153846154,0.0228937728937729
280773.411807,2764866.126422,0.0614228089475614,0.0128346167950128,0.0555555555555556,0.792812614594793,0.0641730839750642,0.0132013201320132
281273.411807,2764866.126422,0.063003663003663,0.0153846153846154,0.0388278388278388,0.779304029304029,0.0655677655677656,0.0379120879120879
281773.411807,2764866.126422,0.0322344322344322,0.00549450549450549,0.0521978021978022,0.863003663003663,0.0307692307692308,0.0163003663003663
282273.411807,2764866.126422,0.153465346534653,0.0210854418775211,0.0319031903190319,0.54015401540154,0.121195452878621,0.132196552988632
282773.411807,2764866.126422,0.0366300366300366,0.056959706959707,0.0203296703296703,0.761904761904762,0.0714285714285714,0.0527472527472527
283273.411807,2764866.126422,0.0355311355311355,0.0152014652014652,0.0192307692307692,0.731868131868132,0.118864468864469,0.0793040293040293
283773.411807,2764866.126422,0.0958929226255959,0.0210854418775211,0.0273193986065273,0.761092775944261,0.0671067106710671,0.0275027502750275
284273.411807,2764866.126422,0.316483516483516,0.0153846153846154,0.0152014652014652,0.369413919413919,0.0976190476190476,0.185897435897436
284773.411807,2764866.126422,0.292857142857143,0.0106227106227106,0.0119047619047619,0.447252747252747,0.113186813186813,0.124175824175824
285273.411807,2764866.126422,0.662449578291162,0.0011001100110011,0,0.0055005500550055,0.00531719838650532,0.325632563256326
285773.411807,2764866.126422,0.56996336996337,0.00293040293040293,0.00604395604395604,0.0141025641025641,0.0245421245421245,0.382417582417582
286273.411807,2764866.126422,0.338461538461538,0.0135531135531136,0.0115384615384615,0.175274725274725,0.063003663003663,0.398168498168498
286773.411807,2764866.126422,0.561239457279061,0.0262192885955262,0.00183351668500183,0.170883755042171,0.0528052805280528,0.187018701870187
287273.411807,2764866.126422,0.826007326007326,0.000549450549450549,0,0.0175824175824176,0.0285714285714286,0.127289377289377
287773.411807,2764866.126422,0.770964833183048,0.00293056807935077,0,0.0414788097385032,0.0444093778178539,0.140216411181244
275273.411807,2764366.126422,0.125806451612903,0.16891495601173,0.00967741935483871,0.360703812316716,0.120527859237537,0.214369501466276
275773.411807,2764366.126422,0.0607005318173482,0.105263157894737,0.0247570144874381,0.262607738859343,0.124518613607189,0.422152943333945
276273.411807,2764366.126422,0.0820963899578523,0.16474253252703,0.000549752611324904,0.128825361920469,0.142935678944475,0.480850284038849
276773.411807,2764366.126422,0.0486327766562672,0.192145347770233,0.0152321526885667,0.230317489447605,0.129932097632593,0.383740135804735
277273.411807,2764366.126422,0.0245736291949386,0.197505960022006,0.000916926462497708,0.180267742527049,0.110031175499725,0.486704566293783
277773.411807,2764366.126422,0.225581821513652,0.100971229613341,0.0480117280557083,0.11214953271028,0.0789811251603445,0.434304562946674
278273.411807,2764366.126422,0.0578087722517893,0.0267939071389246,0.0412919801798495,0.628372178381354,0.0728574050284456,0.172875757019637
278773.411807,2764366.126422,0.0946268109297634,0.0482303319273794,0.0381441408399046,0.554373739226114,0.157344580964607,0.107280396112232
279273.411807,2764366.126422,0.0344511636430273,0.0289536375297783,0.061205790727506,0.770020157595749,0.0802638812534359,0.0251053692505039
279773.411807,2764366.126422,0.0491833363919985,0.0293631859056708,0.0392732611488346,0.691686547990457,0.101853551110295,0.0886401174527436
280273.411807,2764366.126422,0.0298918026774253,0.0427287731523932,0.0113698881349716,0.598936365303503,0.0949935815147625,0.222079589216945
280773.411807,2764366.126422,0.0450797141286421,0.0241891148982958,0.0111783030969397,0.725856697819315,0.0831958951805021,0.110500274876306
281273.411807,2764366.126422,0.063497889521013,0.0466140576252523,0.0343182235272527,0.732795008258396,0.0750596439713709,0.047715177096715
281773.411807,2764366.126422,0.107647166697231,0.0407115349348982,0.0278745644599303,0.646799926645883,0.0810562992847974,0.0959105079772602
282273.411807,2764366.126422,0.0309693971046362,0.0120945574491479,0.0221733553234378,0.827194429173539,0.0886934212937511,0.0188748396554884
282773.411807,2764366.126422,0.0557900532207745,0.0267939071389246,0.0445953385942375,0.769498990640484,0.0816663608001468,0.0216553496054322
283273.411807,2764366.126422,0.0526315789473684,0.0207225380524482,0.0363102879149092,0.730240234733174,0.0997615991197506,0.0603337612323492
283773.411807,2764366.126422,0.224115814550119,0.0866776617188932,0.00733003481766538,0.339380612057907,0.0467289719626168,0.295766904892798
284273.411807,2764366.126422,0.436960910258763,0.00256927876674619,0.00110111947146265,0.144246650761608,0.0532207744540283,0.361901266287392
284773.411807,2764366.126422,0.324408582431689,0.00568494406748579,0.00916926462497708,0.253071703649367,0.107097010819732,0.300568494406749
285273.411807,2764366.126422,0.314458493677845,0.00769653655854865,0.00348176653839106,0.380245556166392,0.13340663368151,0.160711013377314
285773.411807,2764366.126422,0.42741787483942,0.00679023674068636,0.000734079647641769,0.140392732611488,0.0880895577170123,0.336575518443751
286273.411807,2764366.126422,0.513845589583715,0.00678525582248304,0.00110031175499725,0.0724371905373189,0.0753713552173116,0.330460297084174
286773.411807,2764366.126422,0.67821147150449,0.0053142752428074,0.000549752611324904,0.0925416895730255,0.0384826827927433,0.184900128275609
287273.411807,2764366.126422,0.877041659020004,0.000734079647641769,0.000550559735731327,0.00770783630023858,0.0137639933932832,0.100201871903101
287773.411807,2764366.126422,0.764891696750903,0,0.000225631768953069,0.0166967509025271,0.0306859205776173,0.1875
275273.411807,2763866.126422,0.0613262910798122,0.0337441314553991,0.0196596244131455,0.703051643192488,0.119718309859155,0.0625
275773.411807,2763866.126422,0.0742982938910292,0.068611263988259,0.00587048248027885,0.337002384883508,0.086589616584113,0.427627958172812
276273.411807,2763866.126422,0.20970695970696,0.0212454212454212,0.00238095238095238,0.192857142857143,0.12967032967033,0.444139194139194
276773.411807,2763866.126422,0.0390825688073395,0.254311926605505,0.000917431192660551,0.135412844036697,0.0820183486238532,0.488256880733945
277273.411807,2763866.126422,0.0521005320124748,0.0908090258668134,0.0273344340487984,0.554577141808842,0.0959456980370574,0.179233168226014
277773.411807,2763866.126422,0.0265567765567766,0.0608058608058608,0.132967032967033,0.607692307692308,0.0857142857142857,0.0862637362637363
278273.411807,2763866.126422,0.0442201834862385,0.160183486238532,0.00807339449541284,0.372477064220184,0.12256880733945,0.292477064220183
278773.411807,2763866.126422,0.0774169877086773,0.098147128967162,0.0177949000183453,0.19262520638415,0.104384516602458,0.509631260319207
279273.411807,2763866.126422,0.0796703296703297,0.119047619047619,0.147985347985348,0.28003663003663,0.0888278388278388,0.284432234432234
279773.411807,2763866.126422,0.0772477064220184,0.103119266055046,0.0911926605504587,0.116880733944954,0.113394495412844,0.498165137614679
280273.411807,2763866.126422,0.121812511465786,0.10420106402495,0.0106402494955054,0.268024215740231,0.205650339387268,0.289671619886259
280773.411807,2763866.126422,0.0657509157509158,0.0153846153846154,0.0205128205128205,0.778021978021978,0.0725274725274725,0.0478021978021978
281273.411807,2763866.126422,0.0996330275229358,0.011743119266055,0.00990825688073394,0.657247706422018,0.0921100917431193,0.129357798165138
281773.411807,2763866.126422,0.119060722803155,0.0210970464135021,0.0119244175380664,0.627774720234819,0.126582278481013,0.0935608145294441
282273.411807,2763866.126422,0.0192307692307692,0.0102564102564103,0.0307692307692308,0.853296703296703,0.0750915750915751,0.0113553113553114
282773.411807,2763866.126422,0.0146788990825688,0.00954128440366972,0.0434862385321101,0.856697247706422,0.0695412844036697,0.00605504587155963
283273.411807,2763866.126422,0.0177949000183453,0.00953953403045313,0.0456796917996698,0.887176664832141,0.0376077783892864,0.00220143093010457
283773.411807,2763866.126422,0.295787545787546,0.00879120879120879,0.0131868131868132,0.318681318681319,0.113553113553114,0.25
284273.411807,2763866.126422,0.495963302752294,0.00513761467889908,0.00036697247706422,0.0201834862385321,0.0262385321100917,0.452110091743119
284773.411807,2763866.126422,0.245092643551642,0.0161438268207668,0.00110071546505228,0.389653274628509,0.113006787745368,0.235002751788663
285273.411807,2763866.126422,0.398534798534799,0.00732600732600733,0.0010989010989011,0.235714285714286,0.113369963369963,0.243956043956044
285773.411807,2763866.126422,0.368807339449541,0.0073394495412844,0.00293577981651376,0.419633027522936,0.098348623853211,0.102935779816514
286273.411807,2763866.126422,0.892863694734911,0.00220143093010457,0,0.0267840763162722,0.0181618051733627,0.0599889928453495
286773.411807,2763866.126422,0.956410256410256,0.00402930402930403,0,0.00164835164835165,0.00201465201465201,0.0358974358974359
287273.411807,2763866.126422,0.986238532110092,0,0,0,0.00018348623853211,0.0135779816513761
287773.411807,2763866.126422,0.907900677200903,0.0153498871331828,0,0.00203160270880361,0.00586907449209932,0.0688487584650113
275273.411807,2763366.126422,0.0857979502196193,0.0225475841874085,0.0313323572474378,0.678184480234261,0.0638360175695461,0.118301610541728
275773.411807,2763366.126422,0.0772893772893773,0.0291208791208791,0.0377289377289377,0.681318681318681,0.0791208791208791,0.0954212454212454
276273.411807,2763366.126422,0.0812247891455812,0.00916758342500917,0.0168683535020169,0.630913091309131,0.108727539420609,0.153098643197653
276773.411807,2763366.126422,0.0945054945054945,0.0851648351648352,0.0490842490842491,0.254029304029304,0.123626373626374,0.393589743589744
277273.411807,2763366.126422,0.0864468864468864,0.0417582417582418,0.0382783882783883,0.558791208791209,0.142673992673993,0.132051282051282
277773.411807,2763366.126422,0.033003300330033,0.033003300330033,0.0438210487715438,0.810597726439311,0.0438210487715438,0.0357535753575358
278273.411807,2763366.126422,0.115201465201465,0.273260073260073,0.0725274725274725,0.0666666666666667,0.121428571428571,0.350915750915751
278773.411807,2763366.126422,0.0571428571428571,0.131135531135531,0.0302197802197802,0.127838827838828,0.127655677655678,0.526007326007326
279273.411807,2763366.126422,0.0771910524385772,0.09002566923359,0.0782911624495783,0.348184818481848,0.171250458379171,0.235056839017235
279773.411807,2763366.126422,0.08003663003663,0.328021978021978,0.00146520146520147,0.106959706959707,0.101648351648352,0.381868131868132
280273.411807,2763366.126422,0.124908424908425,0.056043956043956,0.0163003663003663,0.406959706959707,0.145238095238095,0.250549450549451
280773.411807,2763366.126422,0.0986431976530986,0.013017968463513,0.0185185185185185,0.588558855885589,0.16024935826916,0.121012101210121
281273.411807,2763366.126422,0.0551282051282051,0.102014652014652,0.00366300366300366,0.542673992673993,0.113186813186813,0.183333333333333
281773.411807,2763366.126422,0.0924908424908425,0.128388278388278,0.0208791208791209,0.423992673992674,0.147619047619048,0.186630036630037
282273.411807,2763366.126422,0.0427209387605427,0.0155848918225156,0.00788412174550788,0.733590025669234,0.0779244591125779,0.122295562889622
282773.411807,2763366.126422,0.0326007326007326,0.0102564102564103,0.0106227106227106,0.834432234432234,0.080952380952381,0.0311355311355311
283273.411807,2763366.126422,0.101831501831502,0.0412087912087912,0.03003663003663,0.532783882783883,0.108974358974359,0.185164835164835
283773.411807,2763366.126422,0.138063806380638,0.0102676934360103,0.0022002200220022,0.559222588925559,0.19050238357169,0.0997433076640997
284273.411807,2763366.126422,0.434432234432234,0.0254578754578755,0.000366300366300366,0.273992673992674,0.0617216117216117,0.204029304029304
284773.411807,2763366.126422,0.525274725274725,0.00586080586080586,0.0010989010989011,0.063003663003663,0.0507326007326007,0.354029304029304
285273.411807,2763366.126422,0.298129812981298,0.0132013201320132,0.0011001100110011,0.241474147414741,0.132746607994133,0.313348001466813
285773.411807,2763366.126422,0.542490842490842,0.0152014652014652,0.000549450549450549,0.127655677655678,0.0316849816849817,0.282417582417582
286273.411807,2763366.126422,0.947985347985348,0.0021978021978022,0,0.000915750915750916,0.00201465201465201,0.0468864468864469
286773.411807,2763366.126422,0.936010267693436,0.000733406674000733,0.000183351668500183,0.00275027502750275,0.00348368170150348,0.0568390172350568
287273.411807,2763366.126422,0.933150183150183,0,0,0,0,0.0668498168498168
287773.411807,2763366.126422,0.876014427412083,0,0,0.000225428313796213,0.000225428313796213,0.123534715960325
275273.411807,2762866.126422,0.0785923753665689,0.0472140762463343,0.0777126099706745,0.608504398826979,0.104985337243402,0.0829912023460411
275773.411807,2762866.126422,0.0245736291949386,0.0159545204474601,0.00916926462497708,0.81606455162296,0.126902622409683,0.00733541169998166
276273.411807,2762866.126422,0.03811618105186,0.0445299615173172,0.0459959684808503,0.78248121678578,0.0767821147150449,0.0120945574491479
276773.411807,2762866.126422,0.104789869700863,0.101302991374564,0.0172508717195816,0.478252890438613,0.111029546705818,0.187373830060562
277273.411807,2762866.126422,0.107280396112232,0.057216211259857,0.0130203557674674,0.470199889968825,0.120850907757198,0.231432239134421
277773.411807,2762866.126422,0.0423309510720176,0.0223566061938794,0.0254718709913872,0.759208356239692,0.0740333516584204,0.0765988638446033
278273.411807,2762866.126422,0.0541383740135805,0.215085336759038,0.00275279867865663,0.106808588731877,0.0950633143696091,0.526151587447238
278773.411807,2762866.126422,0.0438290849073904,0.0867412433522831,0.0493306436823767,0.440308087291399,0.141756831102146,0.238034109664405
279273.411807,2762866.126422,0.0634048011728056,0.148799706798607,0.00384826827927433,0.304196444933113,0.11434854315558,0.365402235660619
279773.411807,2762866.126422,0.0715727656450725,0.109928427234355,0.0155991925123876,0.227381170857038,0.167186639750413,0.408331804000734
280273.411807,2762866.126422,0.0221896203924445,0.0388776820099028,0.0509811113148725,0.793874931230515,0.0539152759948652,0.0401613790573996
280773.411807,2762866.126422,0.0848451530144768,0.0346344145134689,0.0232728605460876,0.379512552684625,0.101337731354224,0.376397287887117
281273.411807,2762866.126422,0.0849697192145348,0.0757937236190127,0.0124793540099101,0.35254175077996,0.140392732611488,0.333822719765095
281773.411807,2762866.126422,0.115165963689712,0.0841738492572896,0.0306253438474234,0.247570144874381,0.108747478452228,0.413717219878966
282273.411807,2762866.126422,0.0776983690672531,0.0307861462341946,0.045629466739967,0.520249221183801,0.106285504856148,0.219351291918637
282773.411807,2762866.126422,0.0159662323362085,0.0240411084602679,0.0295467058175812,0.759772435309231,0.0728574050284456,0.0978161130482657
283273.411807,2762866.126422,0.0476801760498808,0.0515312671923712,0.000183385292499542,0.309921144324225,0.120484137172199,0.470199889968825
283773.411807,2762866.126422,0.0199743448781382,0.0467289719626168,0.000366501740883269,0.299981674912956,0.220267546270845,0.412680960234561
284273.411807,2762866.126422,0.136722334373279,0.0304643053771334,0.00330335841438796,0.51862727105891,0.128280418425399,0.18260231235089
284773.411807,2762866.126422,0.383275261324042,0.0115532734274711,0.0104529616724739,0.21199339812947,0.0753713552173116,0.307353750229232
285273.411807,2762866.126422,0.355689939527213,0.00714678394722375,0.00164925783397471,0.168407549935862,0.141836173721825,0.325270295033901
285773.411807,2762866.126422,0.438796109377868,0.0255092677555515,0.00311983850247752,0.105156909524683,0.0794641218572215,0.347953752982199
286273.411807,2762866.126422,0.522281313038694,0.0102695763799743,0,0.052814964239868,0.0656519347148359,0.348982211626628
286773.411807,2762866.126422,0.810335349092908,0.00513102437236577,0,0.0111783030969397,0.0146600696353308,0.158695253802456
287273.411807,2762866.126422,0.960359699027344,0,0,0,0,0.0396403009726555
287773.411807,2762866.126422,0.945848375451264,0,0,0,0,0.0541516245487365
275273.411807,2762366.126422,0.134683098591549,0.0490023474178404,0.0730633802816901,0.564847417840376,0.11150234741784,0.0669014084507042
275773.411807,2762366.126422,0.197211520821868,0.0506329113924051,0.0502660062373876,0.423408548890112,0.13557145477894,0.142909557879288
276273.411807,2762366.126422,0.0631868131868132,0.0155677655677656,0.0304029304029304,0.750915750915751,0.0904761904761905,0.0494505494505494
276773.411807,2762366.126422,0.346605504587156,0.0190825688073394,0.0214678899082569,0.272844036697248,0.0878899082568807,0.252110091743119
277273.411807,2762366.126422,0.121078701155751,0.139607411484131,0.00825536598789213,0.42799486332783,0.0785177031737296,0.224545954870666
277773.411807,2762366.126422,0.0712454212454212,0.117032967032967,0.00512820512820513,0.447802197802198,0.116300366300366,0.242490842490842
278273.411807,2762366.126422,0.0396330275229358,0.081651376146789,0.0214678899082569,0.522385321100917,0.104954128440367,0.229908256880734
278773.411807,2762366.126422,0.10842047330765,0.171528159970648,0.0165107319757843,0.157035406347459,0.16969363419556,0.376811594202899
279273.411807,2762366.126422,0.0917582417582418,0.0932234432234432,0.0967032967032967,0.146886446886447,0.121428571428571,0.45
279773.411807,2762366.126422,0.0247706422018349,0.0363302752293578,0.0209174311926606,0.72,0.068256880733945,0.129724770642202
280273.411807,2762366.126422,0.0352228948816731,0.0656760227481196,0.0392588515868648,0.680975967712346,0.113740598055403,0.0651256650155935
280773.411807,2762366.126422,0.0496336996336996,0.026007326007326,0.00695970695970696,0.562087912087912,0.108974358974359,0.246336996336996
281273.411807,2762366.126422,0.0638532110091743,0.0772477064220184,0.00036697247706422,0.395963302752294,0.168990825688073,0.293577981651376
281773.411807,2762366.126422,0.150614566134654,0.0999816547422491,0.020546688680976,0.199046046596955,0.174830306365804,0.354980737479362
282273.411807,2762366.126422,0.0532967032967033,0.0789377289377289,0.0481684981684982,0.52032967032967,0.105677655677656,0.193589743589744
282773.411807,2762366.126422,0.0726605504587156,0.156146788990826,0.0168807339449541,0.479816513761468,0.0722935779816514,0.202201834862385
283273.411807,2762366.126422,0.0253164556962025,0.0185287103283801,0.00587048248027885,0.791964777105118,0.0959456980370574,0.0623738763529628
283773.411807,2762366.126422,0.0961538461538462,0.0637362637362637,0.00531135531135531,0.347985347985348,0.146886446886447,0.33992673992674
284273.411807,2762366.126422,0.181651376146789,0.13394495412844,0.00477064220183486,0.208256880733945,0.105321100917431,0.36605504587156
284773.411807,2762366.126422,0.281783159053385,0.0405430196294258,0.010273344340488,0.36800587048248,0.0781507980187122,0.221243808475509
285273.411807,2762366.126422,0.783333333333333,0.00531135531135531,0,0.0164835164835165,0.019047619047619,0.175824175824176
285773.411807,2762366.126422,0.463669724770642,0.0018348623853211,0,0.0864220183486239,0.0609174311926605,0.387155963302752
286273.411807,2762366.126422,0.714547789396441,0.0264171711612548,0,0.0148596587782058,0.0161438268207668,0.228031553843331
286773.411807,2762366.126422,0.908424908424908,0.000549450549450549,0,0.00293040293040293,0.00201465201465201,0.0860805860805861
287273.411807,2762366.126422,0.868440366972477,0.00055045871559633,0,0.00844036697247706,0.0198165137614679,0.102752293577982
287773.411807,2762366.126422,0.872686230248307,0.000677200902934537,0,0.0072234762979684,0.0117381489841986,0.107674943566591
275273.411807,2761866.126422,0.0972181551976574,0.0184480234260615,0.0336749633967789,0.73909224011713,0.0729136163982431,0.0386530014641288
275773.411807,2761866.126422,0.091025641025641,0.0461538461538462,0.0587912087912088,0.673626373626374,0.0617216117216117,0.0686813186813187
276273.411807,2761866.126422,0.0203520352035204,0.024019068573524,0.0271360469380271,0.876420975430876,0.03997066373304,0.0121012101210121
276773.411807,2761866.126422,0.161538461538462,0.122527472527473,0.015018315018315,0.390659340659341,0.0860805860805861,0.224175824175824
277273.411807,2761866.126422,0.0961538461538462,0.155494505494505,0.063003663003663,0.0820512820512821,0.104395604395604,0.498901098901099
277773.411807,2761866.126422,0.099009900990099,0.0478547854785479,0.0320865419875321,0.198019801980198,0.094976164283095,0.528052805280528
278273.411807,2761866.126422,0.05,0.0263736263736264,0.0311355311355311,0.704029304029304,0.104029304029304,0.0844322344322344
278773.411807,2761866.126422,0.0866300366300366,0.128388278388278,0.0679487179487179,0.191025641025641,0.105860805860806,0.42014652014652
279273.411807,2761866.126422,0.158782544921159,0.0925925925925926,0.0203520352035204,0.233773377337734,0.0995599559955996,0.394939493949395
279773.411807,2761866.126422,0.0531135531135531,0.0313186813186813,0.0897435897435897,0.71959706959707,0.0613553113553114,0.0448717948717949
280273.411807,2761866.126422,0.0305860805860806,0.0241758241758242,0.0282051282051282,0.822161172161172,0.0734432234432234,0.0214285714285714
280773.411807,2761866.126422,0.0210854418775211,0.0355702236890356,0.0355702236890356,0.796296296296296,0.0632563256325633,0.0482214888155482
281273.411807,2761866.126422,0.0342490842490843,0.0787545787545788,0.021978021978022,0.586263736263736,0.143040293040293,0.135714285714286
281773.411807,2761866.126422,0.0600732600732601,0.247619047619048,0.00293040293040293,0.215934065934066,0.157326007326007,0.316117216117216
282273.411807,2761866.126422,0.0498716538320499,0.0815914924825816,0.00623395672900623,0.567473414008068,0.0881921525485882,0.206637330399707
282773.411807,2761866.126422,0.0677655677655678,0.0835164835164835,0.0494505494505494,0.303663003663004,0.116666666666667,0.378937728937729
283273.411807,2761866.126422,0.0313186813186813,0.0294871794871795,0.028021978021978,0.744871794871795,0.0811355311355311,0.0851648351648352
283773.411807,2761866.126422,0.0856252291895856,0.0225522552255226,0.000366703337000367,0.677484415108177,0.0643564356435644,0.14961496149615
284273.411807,2761866.126422,0.157326007326007,0.0648351648351648,0.0032967032967033,0.281501831501832,0.124725274725275,0.368315018315018
284773.411807,2761866.126422,0.476739926739927,0.00549450549450549,0.000549450549450549,0.234798534798535,0.0454212454212454,0.236996336996337
285273.411807,2761866.126422,0.851485148514851,0.00293362669600293,0,0.0066006600660066,0.011001100110011,0.127979464613128
285773.411807,2761866.126422,0.911538461538462,0,0,0.000183150183150183,0.000366300366300366,0.0879120879120879
286273.411807,2761866.126422,0.977655677655678,0,0,0,0,0.0223443223443223
286773.411807,2761866.126422,0.922625595892923,0,0,0,0,0.0773744041070774
287273.411807,2761866.126422,0.881868131868132,0.000732600732600733,0,0.00366300366300366,0.00659340659340659,0.107142857142857
287773.411807,2761866.126422,0.912308385933273,0,0,0.000901713255184851,0.0018034265103697,0.0849864743011722
275273.411807,2761366.126422,0.132551319648094,0.0304985337243402,0.00821114369501466,0.406451612903226,0.0686217008797654,0.35366568914956
275773.411807,2761366.126422,0.141023289932147,0.0482303319273794,0.00421786172748946,0.330093526499175,0.105263157894737,0.371171832019072
276273.411807,2761366.126422,0.0870441634597764,0.0262048744731537,0.0731170973062122,0.67381345061389,0.0465457210921752,0.093274693054792
276773.411807,2761366.126422,0.175628555698293,0.052303174894476,0.0130299137456414,0.430721233253808,0.0880895577170123,0.240227564690769
277273.411807,2761366.126422,0.0838070786722905,0.122501375389694,0.0242068586099395,0.220979277461948,0.166147075004585,0.382358334861544
277773.411807,2761366.126422,0.0819131390874107,0.130108118013561,0.0617555433388309,0.318856514568444,0.123511086677662,0.283855598314092
278273.411807,2761366.126422,0.0847861993026243,0.0409249403560286,0.0506514956872821,0.521380069737567,0.130666177280235,0.171591117636264
278773.411807,2761366.126422,0.070419952319824,0.132954337062168,0.0022006235099945,0.338896020539153,0.109847790207225,0.345681276361636
279273.411807,2761366.126422,0.0379329301814184,0.0694520798973795,0.0120945574491479,0.584203774967931,0.112699285321605,0.183617372182518
279773.411807,2761366.126422,0.118737383006056,0.0266103872270141,0.0278950266103872,0.736648926408515,0.04147550009176,0.0486327766562672
280273.411807,2761366.126422,0.0584999083073537,0.015587749862461,0.0104529616724739,0.727672840638181,0.0997615991197506,0.0880249403997799
280773.411807,2761366.126422,0.0793476269012278,0.0234561114165292,0.0205240974894631,0.635514018691589,0.173538574308228,0.0676195711929632
281273.411807,2761366.126422,0.082583960359699,0.060561570930446,0.218572215085337,0.262984033767664,0.152321526885667,0.222976692971187
281773.411807,2761366.126422,0.0915092609572712,0.0559325142123602,0.004401247019989,0.181918210159545,0.12800293416468,0.538235833486154
282273.411807,2761366.126422,0.0566245189664651,0.0661535642294301,0.00238226131574125,0.426974528129009,0.11434854315558,0.333516584203775
282773.411807,2761366.126422,0.0620297302257295,0.0289961460818499,0.0306478252890439,0.615158744723802,0.1036887502294,0.159478803450174
283273.411807,2761366.126422,0.0275077938749312,0.0119200440124702,0.0146708233999633,0.720704199523198,0.106363469649734,0.118833669539703
283773.411807,2761366.126422,0.0734835990470955,0.0274876305662452,0.013560564412681,0.737035000916254,0.0888766721641928,0.0595565328935312
284273.411807,2761366.126422,0.186089190677188,0.0225729491649844,0.00679023674068636,0.407230684529271,0.151954487061846,0.225362451826023
284773.411807,2761366.126422,0.502108930863745,0.00770218228498074,0.00476801760498808,0.0685860993948285,0.0548322024573629,0.362002567394095
285273.411807,2761366.126422,0.712662635147517,0.00128275609309144,0.000916254352208173,0.0736668499175371,0.0410481949789262,0.17042330951072
285773.411807,2761366.126422,0.658285924022756,0.00385391815011929,0.000367039823820885,0.133786015782712,0.0590934116351624,0.144613690585429
286273.411807,2761366.126422,0.863011186502842,0.00128369704749679,0.00238400880249404,0.022006235099945,0.0177883733724555,0.0935264991747662
286773.411807,2761366.126422,0.757742349276159,0.0042147700201576,0,0.0225398570643211,0.0393989371449514,0.176104086494411
287273.411807,2761366.126422,0.454945861625986,0.0521196549825656,0.0102771150669848,0.123875940539549,0.144613690585429,0.214167737199486
287773.411807,2761366.126422,0.473375451263538,0.0225631768953069,0.00609205776173285,0.0753610108303249,0.0816787003610108,0.340929602888087
275273.411807,2760866.126422,0.117370892018779,0.0334507042253521,0.00264084507042254,0.494424882629108,0.0783450704225352,0.273767605633803
275773.411807,2760866.126422,0.131352045496239,0.0311869381764814,0.0889745000917263,0.360117409649606,0.0768666299761512,0.311502476609796
276273.411807,2760866.126422,0.111538461538462,0.0472527472527473,0.019047619047619,0.520879120879121,0.114652014652015,0.186630036630037
276773.411807,2760866.126422,0.0752293577981651,0.0365137614678899,0.00201834862385321,0.63651376146789,0.111926605504587,0.137798165137615
277273.411807,2760866.126422,0.0443955237571088,0.226380480645753,0.0198128783709411,0.117409649605577,0.103100348559897,0.488901119060723
277773.411807,2760866.126422,0.0858974358974359,0.093956043956044,0.0423076923076923,0.176739926739927,0.0891941391941392,0.511904761904762
278273.411807,2760866.126422,0.0724770642201835,0.118348623853211,0.00495412844036697,0.220366972477064,0.104587155963303,0.479266055045872
278773.411807,2760866.126422,0.0612731608879105,0.197028068244359,0.00238488350761328,0.19831223628692,0.214822968262704,0.326178682810494
279273.411807,2760866.126422,0.043040293040293,0.15989010989011,0.0481684981684982,0.386080586080586,0.207509157509158,0.155311355311355
279773.411807,2760866.126422,0.0570642201834862,0.0267889908256881,0.0434862385321101,0.699816513761468,0.0844036697247706,0.0884403669724771
280273.411807,2760866.126422,0.178499357915979,0.0227481196110805,0.0113740598055403,0.516602458264539,0.113373692900385,0.157402311502477
280773.411807,2760866.126422,0.0432234432234432,0.0501831501831502,0.0124542124542125,0.576923076923077,0.0961538461538462,0.221062271062271
281273.411807,2760866.126422,0.108073394495413,0.0401834862385321,0.104954128440367,0.296146788990826,0.0988990825688073,0.351743119266055
281773.411807,2760866.126422,0.124380847550908,0.0385250412768299,0.00862227114290956,0.512199596404329,0.105852137222528,0.210420106402495
282273.411807,2760866.126422,0.0631868131868132,0.0523809523809524,0.0377289377289377,0.495421245421245,0.0838827838827839,0.267399267399267
282773.411807,2760866.126422,0.100733944954128,0.036697247706422,0.028256880733945,0.508623853211009,0.134678899082569,0.191009174311927
283273.411807,2760866.126422,0.291873050816364,0.017978352595854,0.00972298660796184,0.379930288020547,0.11704274445056,0.183452577508714
283773.411807,2760866.126422,0.324908424908425,0.00915750915750916,0.00695970695970696,0.194688644688645,0.0728937728937729,0.391391941391941
284273.411807,2760866.126422,0.0677064220183486,0.0212844036697248,0.0222018348623853,0.635229357798165,0.120366972477064,0.133211009174312
284773.411807,2760866.126422,0.0598055402678408,0.0194459732159237,0.0275178866263071,0.69326729040543,0.124380847550908,0.0755824619335902
285273.411807,2760866.126422,0.0335164835164835,0.0126373626373626,0.0217948717948718,0.82032967032967,0.0635531135531135,0.0481684981684982
285773.411807,2760866.126422,0.0326605504587156,0.0280733944954128,0.0132110091743119,0.802752293577982,0.096697247706422,0.026605504587156
286273.411807,2760866.126422,0.0794349660612732,0.029535864978903,0.00403595670519171,0.296642817831591,0.167125298110438,0.423225096312603
286773.411807,2760866.126422,0.105677655677656,0.0692307692307692,0.138644688644689,0.0934065934065934,0.0838827838827839,0.509157509157509
287273.411807,2760866.126422,0.0844036697247706,0.280366972477064,0.0253211009174312,0.218348623853211,0.0893577981651376,0.302201834862385
287773.411807,2760866.126422,0.120767494356659,0.134762979683973,0.0270880361173815,0.300902934537246,0.108577878103837,0.307900677200903
275273.411807,2760366.126422,0.0512445095168375,0.113616398243045,0.000292825768667643,0.104538799414348,0.081112737920937,0.649194729136164
275773.411807,2760366.126422,0.0858974358974359,0.0565934065934066,0.00860805860805861,0.345604395604396,0.0957875457875458,0.407509157509158
276273.411807,2760366.126422,0.0286028602860286,0.035020168683535,0.00715071507150715,0.841400806747341,0.0498716538320499,0.037953795379538
276773.411807,2760366.126422,0.137179487179487,0.22967032967033,0.00476190476190476,0.452380952380952,0.0565934065934066,0.119413919413919
277273.411807,2760366.126422,0.0340659340659341,0.333333333333333,0.0289377289377289,0.132600732600733,0.248717948717949,0.222344322344322
277773.411807,2760366.126422,0.041987532086542,0.224605793912725,0.0727906123945728,0.0861752841950862,0.161532819948662,0.412907957462413
278273.411807,2760366.126422,0.043040293040293,0.278205128205128,0.0432234432234432,0.084981684981685,0.118131868131868,0.432417582417582
278773.411807,2760366.126422,0.0913919413919414,0.0534798534798535,0.0787545787545788,0.283333333333333,0.158608058608059,0.334432234432234
279273.411807,2760366.126422,0.111661166116612,0.0456545654565457,0.0165016501650165,0.426842684268427,0.0968096809680968,0.302530253025303
279773.411807,2760366.126422,0.0836996336996337,0.0723443223443224,0.00787545787545788,0.403846153846154,0.124358974358974,0.307875457875458
280273.411807,2760366.126422,0.211355311355311,0.0155677655677656,0.00366300366300366,0.407326007326007,0.0978021978021978,0.264285714285714
280773.411807,2760366.126422,0.107260726072607,0.165016501650165,0.00421708837550422,0.118995232856619,0.125229189585625,0.479281261459479
281273.411807,2760366.126422,0.06996336996337,0.0917582417582418,0.00989010989010989,0.344871794871795,0.16959706959707,0.313919413919414
281773.411807,2760366.126422,0.194139194139194,0.0851648351648352,0.045970695970696,0.269047619047619,0.0956043956043956,0.31007326007326
282273.411807,2760366.126422,0.125229189585625,0.026952695269527,0.0485881921525486,0.411441144114411,0.113861386138614,0.273927392739274
282773.411807,2760366.126422,0.352747252747253,0.0106227106227106,0.0377289377289377,0.143223443223443,0.08003663003663,0.375641025641026
283273.411807,2760366.126422,0.0992673992673993,0.0139194139194139,0.000549450549450549,0.621062271062271,0.133150183150183,0.132051282051282
283773.411807,2760366.126422,0.343967730106344,0.0181518151815182,0.00348368170150348,0.177667766776678,0.13036303630363,0.326365969930326
284273.411807,2760366.126422,0.0358974358974359,0.0106227106227106,0.0137362637362637,0.763919413919414,0.0983516483516483,0.0774725274725275
284773.411807,2760366.126422,0.108974358974359,0.0243589743589744,0.0102564102564103,0.62032967032967,0.145604395604396,0.0904761904761905
285273.411807,2760366.126422,0.117345067840117,0.0201686835350202,0.0205353868720205,0.647414741474147,0.110927759442611,0.0836083608360836
285773.411807,2760366.126422,0.14010989010989,0.0210622710622711,0.0241758241758242,0.336630036630037,0.128205128205128,0.34981684981685
286273.411807,2760366.126422,0.0521978021978022,0.0342490842490843,0.113186813186813,0.167582417582418,0.108974358974359,0.523809523809524
286773.411807,2760366.126422,0.166666666666667,0.0845251191785845,0.0773744041070774,0.048954895489549,0.0447378071140447,0.577741107444078
287273.411807,2760366.126422,0.126739926739927,0.0908424908424908,0.000915750915750916,0.199267399267399,0.114285714285714,0.467948717948718
287773.411807,2760366.126422,0.163660955816051,0.0795761947700631,0.0351668169522092,0.27795311091073,0.125563570784491,0.318079350766456
275273.411807,2759866.126422,0.0973607038123167,0.036950146627566,0.236070381231672,0.225513196480938,0.104985337243402,0.299120234604106
275773.411807,2759866.126422,0.0773885934348065,0.0282413350449294,0.000733541169998166,0.350265908674124,0.130570328259674,0.412800293416468
276273.411807,2759866.126422,0.059190031152648,0.0601062855048561,0.00183250870441635,0.587685541506322,0.0980392156862745,0.193146417445483
276773.411807,2759866.126422,0.194347586713158,0.162231602128831,0.000734079647641769,0.0719398054688934,0.0578087722517893,0.512938153789686
277273.411807,2759866.126422,0.0280579497524299,0.245002750779387,0.00201723821749496,0.139189437007152,0.225197139189437,0.360535485054099
