"x","y","forest","agri","water","built","other","grass"
262773.411807,2765366.126422,0.116728318947801,0.157829839704069,0,0.00657624332100288,0.0191122071516646,0.699753390875462
263273.411807,2765366.126422,0.180550458715596,0.0838532110091743,0.0036697247706422,0.0755963302752294,0.10256880733945,0.553761467889908
263773.411807,2765366.126422,0.0825536598789213,0.167125298110438,0.0546688680975968,0.0665932856356632,0.096862960924601,0.532195927352779
264273.411807,2765366.126422,0.0597069597069597,0.21978021978022,0.284615384615385,0.0331501831501832,0.0510989010989011,0.351648351648352
264773.411807,2765366.126422,0.0388990825688073,0.230091743119266,0,0.0311926605504587,0.0477064220183486,0.652110091743119
265273.411807,2765366.126422,0.0706292423408549,0.0961291506145661,0.228948816730875,0.0390753990093561,0.0781507980187122,0.487066593285636
265773.411807,2765366.126422,0.0545787545787546,0.197252747252747,0.00769230769230769,0.0384615384615385,0.0598901098901099,0.642124542124542
266273.411807,2765366.126422,0.0711926605504587,0.0840366972477064,0.00899082568807339,0.317064220183486,0.106238532110092,0.412477064220183
266773.411807,2765366.126422,0.164373509447808,0.0260502660062374,0,0.192258301229132,0.0678774536782242,0.549440469638598
267273.411807,2765366.126422,0.107326007326007,0.125824175824176,0.00586080586080586,0.164835164835165,0.107142857142857,0.489010989010989
267773.411807,2765366.126422,0.0622018348623853,0.174495412844037,0.111743119266055,0.0359633027522936,0.0673394495412844,0.548256880733945
268273.411807,2765366.126422,0.119611080535682,0.147312419739497,0.0366905155017428,0.0858558062740782,0.0988809392771968,0.511649238671803
268773.411807,2765366.126422,0.0886446886446886,0.311721611721612,0,0.0666666666666667,0.106227106227106,0.426739926739927
269273.411807,2765366.126422,0.111192660550459,0.190091743119266,0.15743119266055,0.0185321100917431,0.035045871559633,0.487706422018349
269773.411807,2765366.126422,0.110438451660246,0.129884424876169,0.0108237020730141,0.0920931939093744,0.0906255732893047,0.566134654191891
270273.411807,2765366.126422,0.0963369963369963,0.20970695970696,0,0.121978021978022,0.117032967032967,0.454945054945055
270773.411807,2765366.126422,0.0955963302752294,0.16256880733945,0,0.0840366972477064,0.0618348623853211,0.595963302752294
271273.411807,2765366.126422,0.103650706292423,0.237937993028802,0.000550357732526142,0.0519170794349661,0.0653091175931022,0.54063474591818
271773.411807,2765366.126422,0.034981684981685,0.097985347985348,0.388644688644689,0.00641025641025641,0.0245421245421245,0.447435897435897
272273.411807,2765366.126422,0.0757798165137615,0.321100917431193,0.035045871559633,0.100366972477064,0.0755963302752294,0.392110091743119
272773.411807,2765366.126422,0.188222344523941,0.165107319757843,0.00275178866263071,0.0110071546505228,0.0187121629058888,0.614199229499174
273273.411807,2765366.126422,0.101465201465201,0.0868131868131868,0.00421245421245421,0.412271062271062,0.156410256410256,0.238827838827839
273773.411807,2765366.126422,0.0880733944954128,0.329174311926606,0.238532110091743,0.152660550458716,0.0552293577981651,0.136330275229358
274273.411807,2765366.126422,0.0599889928453495,0.210236653824986,0.168042560997982,0.0656760227481196,0.0675105485232067,0.428545221060356
274773.411807,2765366.126422,0.0448717948717949,0.0862637362637363,0.101098901098901,0.585714285714286,0.122527472527473,0.0595238095238095
262773.411807,2764866.126422,0.136129960929467,0.115977791486737,0.000411268764137364,0.11083693193502,0.147851120707382,0.488792926177257
263273.411807,2764866.126422,0.253296703296703,0.0527472527472527,0.000549450549450549,0.100915750915751,0.121428571428571,0.471062271062271
263773.411807,2764866.126422,0.0793040293040293,0.221245421245421,0.0582417582417582,0.0728937728937729,0.0877289377289377,0.480586080586081
264273.411807,2764866.126422,0.0784745141180785,0.19013568023469,0.305097176384305,0.0203520352035204,0.0331866519985332,0.372753942060873
264773.411807,2764866.126422,0.0571428571428571,0.298351648351648,0.000183150183150183,0.0617216117216117,0.0657509157509158,0.516849816849817
265273.411807,2764866.126422,0.0562271062271062,0.198901098901099,0.185164835164835,0.0307692307692308,0.0456043956043956,0.483333333333333
265773.411807,2764866.126422,0.0993766043270994,0.111111111111111,0.172900623395673,0.0469380271360469,0.0427209387605427,0.526952695269527
266273.411807,2764866.126422,0.0716117216117216,0.168864468864469,0.121978021978022,0.073992673992674,0.0886446886446886,0.474908424908425
266773.411807,2764866.126422,0.227838827838828,0.0357142857142857,0,0.242124542124542,0.11959706959707,0.374725274725275
267273.411807,2764866.126422,0.142097543087642,0.0955262192885955,0.0022002200220022,0.256875687568757,0.111661166116612,0.391639163916392
267773.411807,2764866.126422,0.0820512820512821,0.0822344322344322,0.00457875457875458,0.450915750915751,0.101831501831502,0.278388278388278
268273.411807,2764866.126422,0.0989010989010989,0.117216117216117,0.0133699633699634,0.254945054945055,0.175824175824176,0.33974358974359
268773.411807,2764866.126422,0.110744407774111,0.156215621562156,0.154198753208654,0.0707737440410708,0.0914924825815915,0.416574990832417
269273.411807,2764866.126422,0.0521978021978022,0.206959706959707,0.278754578754579,0.14047619047619,0.0620879120879121,0.25952380952381
269773.411807,2764866.126422,0.146153846153846,0.124358974358974,0.105494505494505,0.0840659340659341,0.0652014652014652,0.474725274725275
270273.411807,2764866.126422,0.0381371470480381,0.447928126145948,0,0.0262192885955262,0.0405207187385405,0.447194719471947
270773.411807,2764866.126422,0.0688644688644689,0.179487179487179,0.263736263736264,0.189377289377289,0.0652014652014652,0.233333333333333
271273.411807,2764866.126422,0.060989010989011,0.331868131868132,0.110989010989011,0.140659340659341,0.0527472527472527,0.302747252747253
271773.411807,2764866.126422,0.0764576457645765,0.192152548588192,0.0122845617895123,0.0196186285295196,0.0586725339200587,0.640814081408141
272273.411807,2764866.126422,0.102014652014652,0.145238095238095,0.278205128205128,0.152014652014652,0.0661172161172161,0.256410256410256
272773.411807,2764866.126422,0.0932234432234432,0.305494505494506,0.248534798534799,0.0487179487179487,0.0417582417582418,0.262271062271062
273273.411807,2764866.126422,0.111294462779611,0.174734140080675,0.0223689035570224,0.263843050971764,0.11019435276861,0.317565089842318
273773.411807,2764866.126422,0.106043956043956,0.0695970695970696,0.0463369963369963,0.408058608058608,0.0617216117216117,0.308241758241758
274273.411807,2764866.126422,0.177838827838828,0.0967032967032967,0.0963369963369963,0.332051282051282,0.0880952380952381,0.208974358974359
274773.411807,2764866.126422,0.0836083608360836,0.0649064906490649,0.0088008800880088,0.688302163549688,0.111844517785112,0.0425375870920425
262773.411807,2764366.126422,0.130962171052632,0.158922697368421,0,0.0807976973684211,0.0744243421052632,0.554893092105263
263273.411807,2764366.126422,0.101853551110295,0.0748761240594605,0,0.0862543585979079,0.0864378785098183,0.650578087722518
263773.411807,2764366.126422,0.134971575279663,0.103429304969741,0.00861910874747845,0.141206675224647,0.122868145974693,0.488905189803778
264273.411807,2764366.126422,0.159978009895547,0.122411581455012,0.000733003481766538,0.0934579439252336,0.105919003115265,0.517500458127176
264773.411807,2764366.126422,0.0486327766562672,0.262249954120022,0.00165167920719398,0.0238575885483575,0.0587263718113415,0.604881629656818
265273.411807,2764366.126422,0.0456629378323858,0.165230148542087,0,0.0209059233449477,0.048413717219879,0.719787273060701
265773.411807,2764366.126422,0.0848451530144768,0.05717427157779,0,0.0580905259299982,0.107934762690123,0.691955286787612
266273.411807,2764366.126422,0.0623967700495504,0.213433657551844,0.00110111947146265,0.101853551110295,0.102954670581758,0.518260231235089
266773.411807,2764366.126422,0.129103245919677,0.104346231432239,0.205941683476985,0.0445626260773886,0.0557491289198606,0.460297084173849
267273.411807,2764366.126422,0.232545354590434,0.0406816932380429,0.000733003481766538,0.0560747663551402,0.0448964632582005,0.625068719076416
267773.411807,2764366.126422,0.110478986970086,0.204257661956322,0.0409249403560286,0.0535878142778491,0.0543218939254909,0.536428702514223
268273.411807,2764366.126422,0.0867412433522831,0.102695763799743,0.0889418668622776,0.387309737759032,0.097194205024757,0.237117183201907
268773.411807,2764366.126422,0.091258933479934,0.214770020157596,0.0337181601612608,0.214220267546271,0.0747663551401869,0.371266263514752
269273.411807,2764366.126422,0.0735914846760874,0.169388878693338,0.0176179115434025,0.134703615342265,0.0581758120756102,0.546522297669297
269773.411807,2764366.126422,0.0561158995048597,0.285347515129287,0.0075187969924812,0.0284247203374289,0.0298918026774253,0.592701265358518
270273.411807,2764366.126422,0.0780648708081363,0.315191497159612,0.0276708814366868,0.0307861462341946,0.0452629649990837,0.503023639362287
270773.411807,2764366.126422,0.105890989172325,0.377133418975959,0.0047715177096715,0.0545054138374014,0.0411084602679391,0.416590200036704
271273.411807,2764366.126422,0.0909591050797726,0.136805428204658,0.127452778287181,0.183018521914542,0.0849073904272877,0.376856776086558
271773.411807,2764366.126422,0.11654755360088,0.0588235294117647,0.00494777350192413,0.00769653655854865,0.0223566061938794,0.789628000733003
272273.411807,2764366.126422,0.151587447238025,0.114699944944026,0.0332171040557901,0.143329051202055,0.0761607634428336,0.481005689117269
272773.411807,2764366.126422,0.158261507427104,0.119567210709701,0.0638180817898405,0.183385292499542,0.0520814230698698,0.422886484503943
273273.411807,2764366.126422,0.168041048194979,0.026571376214037,0.00146600696353308,0.0888766721641928,0.0674363203225215,0.647608576140737
273773.411807,2764366.126422,0.200770783630024,0.0814828408882364,0.0890071572765645,0.218388695173426,0.0985501926959075,0.311800330335841
274273.411807,2764366.126422,0.0968274344397579,0.0441958554923895,0.039611223179901,0.579130753713552,0.110031175499725,0.130203557674674
274773.411807,2764366.126422,0.0621220450797141,0.0700018325087044,0.00714678394722375,0.73538574308228,0.0798973795125527,0.0454462158695254
262773.411807,2763866.126422,0.0602137279079326,0.244554048499794,0,0.0219893136046034,0.0530209617755857,0.620221948212084
263273.411807,2763866.126422,0.0484403669724771,0.151743119266055,0.277614678899083,0.150091743119266,0.051743119266055,0.320366972477064
263773.411807,2763866.126422,0.0964960557695836,0.144744083654375,0.00440286186020914,0.183269124931205,0.113006787745368,0.458081086039259
264273.411807,2763866.126422,0.103296703296703,0.134981684981685,0,0.039010989010989,0.0846153846153846,0.638095238095238
264773.411807,2763866.126422,0.0803669724770642,0.118348623853211,0.033394495412844,0.0699082568807339,0.088256880733945,0.609724770642202
265273.411807,2763866.126422,0.127682993946065,0.145661346541919,0.0201797835259585,0.0328380113740598,0.0588882773802972,0.614749587231701
265773.411807,2763866.126422,0.0531135531135531,0.318681318681319,0,0.0166666666666667,0.0243589743589744,0.587179487179487
266273.411807,2763866.126422,0.0332110091743119,0.150825688073394,0.0640366972477064,0.13302752293578,0.086605504587156,0.532293577981651
266773.411807,2763866.126422,0.107503210420106,0.0746651990460466,0.0504494588148963,0.0348559897266557,0.0772335351311686,0.655292606861126
267273.411807,2763866.126422,0.294322344322344,0.0970695970695971,0.0679487179487179,0.125091575091575,0.0774725274725275,0.338095238095238
267773.411807,2763866.126422,0.155229357798165,0.184770642201835,0.0036697247706422,0.031743119266055,0.0275229357798165,0.597064220183486
268273.411807,2763866.126422,0.111539167125298,0.18693817648138,0.00293524124013942,0.0902586681342873,0.0963126031920749,0.512016143826821
268773.411807,2763866.126422,0.162271062271062,0.102014652014652,0.0271062271062271,0.27051282051282,0.0935897435897436,0.344505494505495
269273.411807,2763866.126422,0.229174311926606,0.0836697247706422,0.134128440366972,0.243302752293578,0.0873394495412844,0.222385321100917
269773.411807,2763866.126422,0.139974316639149,0.0900752155567786,0,0.0467804072647221,0.0539350577875619,0.669235002751789
270273.411807,2763866.126422,0.0847985347985348,0.215934065934066,0.0554945054945055,0.054029304029304,0.0534798534798535,0.536263736263736
270773.411807,2763866.126422,0.115045871559633,0.192660550458716,0.00440366972477064,0.0777981651376147,0.0739449541284404,0.536146788990826
271273.411807,2763866.126422,0.125298110438452,0.110805356815263,0.00201797835259585,0.0541185103650706,0.0693450742982939,0.638414969730325
271773.411807,2763866.126422,0.152014652014652,0.058974358974359,0,0.116300366300366,0.0877289377289377,0.584981684981685
272273.411807,2763866.126422,0.0941284403669725,0.0176146788990826,0.00128440366972477,0.271192660550459,0.0548623853211009,0.560917431192661
272773.411807,2763866.126422,0.060906255732893,0.212988442487617,0.002568336085122,0.401394239589066,0.0267840763162722,0.29535864978903
273273.411807,2763866.126422,0.0684981684981685,0.158608058608059,0.0827838827838828,0.121611721611722,0.0556776556776557,0.512820512820513
273773.411807,2763866.126422,0.0702752293577982,0.0471559633027523,0.0245871559633028,0.670642201834862,0.0803669724770642,0.10697247706422
274273.411807,2763866.126422,0.0599889928453495,0.0372408732342689,0.0176114474408365,0.766281416253898,0.102916895982389,0.0159603742432581
274773.411807,2763866.126422,0.0324175824175824,0.0531135531135531,0.0148351648351648,0.711904761904762,0.147802197802198,0.0399267399267399
262773.411807,2763366.126422,0.0405099732675303,0.317910754678182,0.080814312152992,0.0623072177668106,0.0370141887723627,0.461443553362122
263273.411807,2763366.126422,0.0624542124542125,0.214652014652015,0.107326007326007,0.0899267399267399,0.0582417582417582,0.467399267399267
263773.411807,2763366.126422,0.0710622710622711,0.0935897435897436,0.0840659340659341,0.243772893772894,0.113003663003663,0.394505494505494
264273.411807,2763366.126422,0.0634396773010634,0.233773377337734,0.0055005500550055,0.0678401173450678,0.0568390172350568,0.572607260726073
264773.411807,2763366.126422,0.112087912087912,0.132967032967033,0.0166666666666667,0.0873626373626374,0.0965201465201465,0.554395604395604
265273.411807,2763366.126422,0.0421245421245421,0.0604395604395604,0,0.266300366300366,0.0501831501831502,0.580952380952381
265773.411807,2763366.126422,0.0786578657865787,0.26017601760176,0.127612761276128,0.0298863219655299,0.0396039603960396,0.464063072973964
266273.411807,2763366.126422,0.0642857142857143,0.126556776556777,0.177106227106227,0.107875457875458,0.0445054945054945,0.47967032967033
266773.411807,2763366.126422,0.0745421245421245,0.0230769230769231,0.019047619047619,0.0179487179487179,0.0426739926739927,0.822710622710623
267273.411807,2763366.126422,0.131646497983132,0.145031169783645,0.0876420975430876,0.116244957829116,0.0843417675100843,0.435093509350935
267773.411807,2763366.126422,0.132600732600733,0.102930402930403,0.00677655677655678,0.145787545787546,0.0639194139194139,0.547985347985348
268273.411807,2763366.126422,0.0855311355311355,0.133333333333333,0.0276556776556777,0.12032967032967,0.117032967032967,0.516117216117216
268773.411807,2763366.126422,0.0927759442610928,0.290979097909791,0.030986431976531,0.0214521452145215,0.0315364869820315,0.532269893656032
269273.411807,2763366.126422,0.116666666666667,0.13021978021978,0.00677655677655678,0.252564102564103,0.0855311355311355,0.408241758241758
269773.411807,2763366.126422,0.247619047619048,0.121611721611722,0.00860805860805861,0.117948717948718,0.0866300366300366,0.417582417582418
270273.411807,2763366.126422,0.0685735240190686,0.162816281628163,0.0212687935460213,0.0947928126145948,0.0968096809680968,0.555738907224056
270773.411807,2763366.126422,0.0446886446886447,0.33040293040293,0,0.0395604395604396,0.0322344322344322,0.553113553113553
271273.411807,2763366.126422,0.0846153846153846,0.136080586080586,0.123809523809524,0.11959706959707,0.0584249084249084,0.477472527472527
271773.411807,2763366.126422,0.127612761276128,0.0429042904290429,0.00275027502750275,0.154932159882655,0.0795746241290796,0.592225889255592
272273.411807,2763366.126422,0.103296703296703,0.131135531135531,0.000366300366300366,0.0673992673992674,0.0582417582417582,0.63956043956044
272773.411807,2763366.126422,0.214285714285714,0.0646520146520147,0.0697802197802198,0.0886446886446886,0.0836996336996337,0.478937728937729
273273.411807,2763366.126422,0.138797213054639,0.0687568756875688,0.00183351668500183,0.147048038137147,0.0815914924825816,0.561972863953062
273773.411807,2763366.126422,0.0952380952380952,0.0492673992673993,0.0173992673992674,0.617582417582418,0.159157509157509,0.0613553113553114
274273.411807,2763366.126422,0.0556776556776557,0.0338827838827839,0.0294871794871795,0.726007326007326,0.134981684981685,0.01996336996337
274773.411807,2763366.126422,0.0757242390905757,0.0586725339200587,0.0247524752475248,0.592042537587092,0.081041437477081,0.167766776677668
262773.411807,2762866.126422,0.0875822368421053,0.160567434210526,0.00226151315789474,0.193050986842105,0.110608552631579,0.445929276315789
263273.411807,2762866.126422,0.0807487612405946,0.299688016149752,0.00165167920719398,0.0625802899614608,0.0741420444118187,0.48118920902918
263773.411807,2762866.126422,0.0658353200073354,0.243168897854392,0.00256739409499358,0.272510544654319,0.0896754080322758,0.326242435356684
264273.411807,2762866.126422,0.0855781564962434,0.0872274143302181,0.00256551218618288,0.53252702950339,0.11434854315558,0.177753344328386
264773.411807,2762866.126422,0.0836850798311617,0.180216553496054,0.103505230317489,0.163883281336025,0.0824004404477886,0.386309414571481
265273.411807,2762866.126422,0.104529616724739,0.129103245919677,0.0075187969924812,0.178617274894553,0.0832569227947919,0.496974142673758
265773.411807,2762866.126422,0.0980392156862745,0.117830309693971,0,0.146783947223749,0.100238226131574,0.537108301264431
266273.411807,2762866.126422,0.233437327950083,0.0880895577170123,0.00789135621214902,0.171958157460084,0.100568911726922,0.398054688933749
266773.411807,2762866.126422,0.242068586099395,0.0713368787823217,0.200440124701999,0.0403447643498991,0.0529983495323675,0.392811296534018
267273.411807,2762866.126422,0.0804471321238776,0.19736118746564,0.0848451530144768,0.10317024005864,0.0925416895730255,0.441634597764339
267773.411807,2762866.126422,0.210130299137456,0.0271609469627455,0.0154156726004772,0.201504863277666,0.168838318957607,0.376949899064048
268273.411807,2762866.126422,0.113148725472217,0.21987896570695,0.0623509994498441,0.0177883733724555,0.0247570144874381,0.562075921511095
268773.411807,2762866.126422,0.0896096756459593,0.275975810885102,0.0623052959501558,0.0278541323071285,0.0470954737035001,0.497159611508155
269273.411807,2762866.126422,0.263901633327216,0.0629473297852817,0.186272710589099,0.0379886217654616,0.051018535511103,0.397871169021839
269773.411807,2762866.126422,0.276911791674308,0.0390610673024023,0.0280579497524299,0.194755180634513,0.127636163579681,0.333577847056666
270273.411807,2762866.126422,0.13560564412681,0.0670698185816383,0.00733003481766538,0.394539124060839,0.0778816199376947,0.317573758475353
270773.411807,2762866.126422,0.0890071572765645,0.153973206092861,0.0178014314553129,0.0227564690768948,0.0383556615892824,0.678106074509084
271273.411807,2762866.126422,0.13992297817715,0.166330460297084,0.225013753896937,0.0335595085274161,0.0337428938199156,0.401430405281496
271773.411807,2762866.126422,0.158695253802456,0.0885101704233095,0.00458127176104087,0.187282389591351,0.118563313175738,0.442367601246106
272273.411807,2762866.126422,0.122407781244265,0.0464305377133419,0.0633143696091026,0.197100385391815,0.0932281152505047,0.477518810790971
272773.411807,2762866.126422,0.175316339629562,0.0592334494773519,0.00880249403997799,0.381991564276545,0.143407298734641,0.231248853841922
273273.411807,2762866.126422,0.184167124793843,0.0439802089059923,0.00146600696353308,0.210921751878321,0.100054975261132,0.459409932197178
273773.411807,2762866.126422,0.150486327766563,0.0501009359515507,0.026977427050835,0.612038906221325,0.0981831528720866,0.0622132501376399
274273.411807,2762866.126422,0.0689528699798276,0.0553823583348615,0.0181551439574546,0.713002017238218,0.109847790207225,0.0346598202824134
274773.411807,2762866.126422,0.124793842770753,0.0426974528129009,0.0619387942092725,0.586219534542789,0.0947407000183251,0.0896096756459593
262773.411807,2762366.126422,0.0967940813810111,0.0994656802301685,0.00986436498150432,0.011508425811755,0.0556925606247431,0.726674886970818
263273.411807,2762366.126422,0.0546788990825688,0.114862385321101,0.403669724770642,0.0873394495412844,0.0853211009174312,0.254128440366972
263773.411807,2762366.126422,0.0759493670886076,0.170977802238121,0.0291689598238855,0.267840763162722,0.138139790864062,0.317923316822601
264273.411807,2762366.126422,0.154578754578755,0.0994505494505494,0.0197802197802198,0.178388278388278,0.0732600732600733,0.474542124542125
264773.411807,2762366.126422,0.0829357798165138,0.0618348623853211,0.0427522935779817,0.334495412844037,0.0968807339449541,0.381100917431193
265273.411807,2762366.126422,0.0221977618785544,0.158136121812511,0.073747936158503,0.0774169877086773,0.0489818381948266,0.619519354246927
265773.411807,2762366.126422,0.0882783882783883,0.0778388278388278,0.0021978021978022,0.0767399267399267,0.0926739926739927,0.662271062271062
266273.411807,2762366.126422,0.117064220183486,0.153394495412844,0.000917431192660551,0.101651376146789,0.101100917431193,0.525871559633028
266773.411807,2762366.126422,0.180884241423592,0.0480645753072831,0.00678774536782242,0.123647037240873,0.0664098330581545,0.574206567602275
267273.411807,2762366.126422,0.0987179487179487,0.130586080586081,0.131868131868132,0.0710622710622711,0.0434065934065934,0.524358974358974
267773.411807,2762366.126422,0.235779816513761,0.0506422018348624,0.046605504587156,0.214862385321101,0.0922935779816514,0.359816513761468
268273.411807,2762366.126422,0.204182718767199,0.182718767198679,0.0266006237387635,0.0355898000366905,0.0744817464685379,0.47642634379013
268773.411807,2762366.126422,0.222893772893773,0.152747252747253,0.0377289377289377,0.067032967032967,0.0807692307692308,0.438827838827839
269273.411807,2762366.126422,0.358715596330275,0.0321100917431193,0.0258715596330275,0.24256880733945,0.180733944954128,0.16
269773.411807,2762366.126422,0.378646119977986,0.0599889928453495,0.00293524124013942,0.142359200146762,0.133920381581361,0.282150064208402
270273.411807,2762366.126422,0.222893772893773,0.0501831501831502,0.00128205128205128,0.244139194139194,0.145054945054945,0.336446886446886
270773.411807,2762366.126422,0.0568807339449541,0.432293577981651,0.0405504587155963,0.0577981651376147,0.0741284403669725,0.338348623853211
271273.411807,2762366.126422,0.078884608328747,0.373142542652724,0.000183452577508714,0.0390753990093561,0.0429279031370391,0.465786094294625
271773.411807,2762366.126422,0.0902930402930403,0.0796703296703297,0.0379120879120879,0.346886446886447,0.113553113553114,0.331684981684982
272273.411807,2762366.126422,0.17743119266055,0.0788990825688073,0.00825688073394495,0.158899082568807,0.103119266055046,0.473394495412844
272773.411807,2762366.126422,0.0785177031737296,0.134837644468905,0.00476976701522656,0.417538066409833,0.0772335351311686,0.287103283801137
273273.411807,2762366.126422,0.0824175824175824,0.065018315018315,0.010989010989011,0.352747252747253,0.045970695970696,0.442857142857143
273773.411807,2762366.126422,0.105504587155963,0.0565137614678899,0.04,0.673394495412844,0.0594495412844037,0.0651376146788991
274273.411807,2762366.126422,0.06989543203082,0.0387084938543387,0.0223812144560631,0.751605210053201,0.101816180517336,0.0155934690882407
274773.411807,2762366.126422,0.0728937728937729,0.0293040293040293,0.0399267399267399,0.763553113553114,0.0833333333333333,0.010989010989011
262773.411807,2761866.126422,0.161834258688053,0.134073617108781,0.000205634382068682,0.0394818013571869,0.0777297964219617,0.586674892041949
263273.411807,2761866.126422,0.0672161172161172,0.0815018315018315,0.0412087912087912,0.0686813186813187,0.0498168498168498,0.691575091575092
263773.411807,2761866.126422,0.089010989010989,0.168864468864469,0.0675824175824176,0.223626373626374,0.0844322344322344,0.366483516483516
264273.411807,2761866.126422,0.121378804547121,0.0671067106710671,0.000183351668500183,0.409240924092409,0.136230289695636,0.265859919325266
264773.411807,2761866.126422,0.0838827838827839,0.0917582417582418,0.01996336996337,0.318681318681319,0.139010989010989,0.346703296703297
265273.411807,2761866.126422,0.0313186813186813,0.0895604395604396,0.00934065934065934,0.519413919413919,0.112820512820513,0.237545787545788
265773.411807,2761866.126422,0.0777411074440777,0.0977264393105977,0.0474880821415475,0.317565089842318,0.147964796479648,0.311514484781812
266273.411807,2761866.126422,0.0805860805860806,0.0624542124542125,0.0111721611721612,0.213003663003663,0.0745421245421245,0.558241758241758
266773.411807,2761866.126422,0.0842490842490843,0.161904761904762,0.0274725274725275,0.121062271062271,0.0752747252747253,0.53003663003663
267273.411807,2761866.126422,0.088008800880088,0.145581224789146,0.142830949761643,0.0764576457645765,0.0671067106710671,0.48001466813348
267773.411807,2761866.126422,0.258241758241758,0.0602564102564103,0.000549450549450549,0.116300366300366,0.0782051282051282,0.486446886446886
268273.411807,2761866.126422,0.0551282051282051,0.144505494505494,0.0208791208791209,0.0435897435897436,0.0503663003663004,0.685531135531136
268773.411807,2761866.126422,0.108177484415108,0.0881921525485882,0.0157682434910158,0.251741840850752,0.0436376971030436,0.492482581591492
269273.411807,2761866.126422,0.203479853479853,0.0468864468864469,0.0032967032967033,0.318131868131868,0.0961538461538462,0.332051282051282
269773.411807,2761866.126422,0.350549450549451,0.0765567765567766,0.00512820512820513,0.114468864468864,0.0928571428571429,0.36043956043956
270273.411807,2761866.126422,0.167033370003667,0.0385038503850385,0,0.141914191419142,0.0693069306930693,0.583241657499083
270773.411807,2761866.126422,0.0860805860805861,0.0811355311355311,0.0542124542124542,0.326739926739927,0.089010989010989,0.362820512820513
271273.411807,2761866.126422,0.137362637362637,0.101465201465201,0.0981684981684982,0.401648351648352,0.126739926739927,0.134615384615385
271773.411807,2761866.126422,0.165933259992666,0.0520718738540521,0.0463879721305464,0.502383571690502,0.0971763843050972,0.136046938027136
272273.411807,2761866.126422,0.0847985347985348,0.0787545787545788,0.0338827838827839,0.649084249084249,0.0968864468864469,0.0565934065934066
272773.411807,2761866.126422,0.0375457875457875,0.0529304029304029,0.115934065934066,0.686996336996337,0.0457875457875458,0.0608058608058608
273273.411807,2761866.126422,0.0427209387605427,0.0495049504950495,0.0322698936560323,0.798679867986799,0.0542720938760543,0.0225522552255226
273773.411807,2761866.126422,0.0575091575091575,0.0985347985347985,0.058974358974359,0.591575091575092,0.0967032967032967,0.0967032967032967
274273.411807,2761866.126422,0.153479853479853,0.056043956043956,0.01996336996337,0.461538461538462,0.187545787545788,0.121428571428571
274773.411807,2761866.126422,0.0995599559955996,0.0304363769710304,0.0243857719105244,0.593509350935093,0.0911257792445911,0.160982764943161
262773.411807,2761366.126422,0.187911184210526,0.0493421052631579,0.0485197368421053,0.117393092105263,0.165296052631579,0.431537828947368
263273.411807,2761366.126422,0.0833180400073408,0.111580106441549,0.0488162965681776,0.0612956505780877,0.0941457148100569,0.600844191594788
263773.411807,2761366.126422,0.0482303319273794,0.129286631212177,0.12800293416468,0.147441775169631,0.105996699064735,0.441041628461397
264273.411807,2761366.126422,0.0780648708081363,0.0536925050393989,0.0879604178119846,0.259849734286238,0.11324903793293,0.407183434121312
264773.411807,2761366.126422,0.150302807854652,0.0644154890805652,0.0012846393833731,0.109377867498624,0.0567076527803267,0.617911543402459
265273.411807,2761366.126422,0.0423620025673941,0.193288098294517,0.000183385292499542,0.0170548322024574,0.0115532734274711,0.735558408215661
265773.411807,2761366.126422,0.0557082646142569,0.107385010078798,0.126076598863845,0.13340663368151,0.0725673446948873,0.504856148066703
266273.411807,2761366.126422,0.19911910442283,0.0367039823820885,0.0677188474949532,0.375848779592586,0.0741420444118187,0.246467241695724
266773.411807,2761366.126422,0.0518980377773703,0.150926095727123,0.0166880616174583,0.444892719603888,0.0995782138272511,0.23601687144691
267273.411807,2761366.126422,0.0929081913139087,0.0771486164559282,0.009529045262965,0.253252702950339,0.0676195711929632,0.499541872823896
267773.411807,2761366.126422,0.121123141860892,0.0515690952468343,0.00256927876674619,0.418608919067719,0.144063130849697,0.262066434208112
268273.411807,2761366.126422,0.0682193288098294,0.109297634329727,0.000733541169998166,0.412433522831469,0.0792224463598019,0.330093526499175
268773.411807,2761366.126422,0.165475536008796,0.0399486897562763,0.00733003481766538,0.504856148066703,0.109950522264981,0.172439069085578
269273.411807,2761366.126422,0.249403560286291,0.0559735731326849,0.00862543585979079,0.333088640117453,0.102771150669848,0.250137639933933
269773.411807,2761366.126422,0.094810196222263,0.0647350082523382,0.00641848523748395,0.213827251054465,0.116816431322208,0.503392627911242
270273.411807,2761366.126422,0.195711929631666,0.0808136338647609,0.0890599230346344,0.148982957669049,0.0963899578522998,0.38904159794759
270773.411807,2761366.126422,0.0710222059093412,0.0642319691686548,0.12883097816113,0.637731693888787,0.066801247935401,0.0313819049366856
271273.411807,2761366.126422,0.0729873464148175,0.0397946084724005,0.0227397762699432,0.777920410783055,0.0487804878048781,0.0377773702549056
271773.411807,2761366.126422,0.0430639545537841,0.030602895363753,0.0216236027121129,0.75114531794026,0.111233278358072,0.0423309510720176
272273.411807,2761366.126422,0.0273444668746559,0.0187190310148651,0.0739585244999082,0.850981831528721,0.0234905487245366,0.00550559735731327
272773.411807,2761366.126422,0.104529616724739,0.0163212910324592,0.0346598202824134,0.694663487988263,0.0533651201173666,0.0964606638547588
273273.411807,2761366.126422,0.0454462158695254,0.0489279824079164,0.0771486164559282,0.707714861645593,0.0648708081363387,0.0558915154846986
273773.411807,2761366.126422,0.155808405211966,0.026977427050835,0.00587263718113415,0.469810974490732,0.158010644154891,0.183519911910442
274273.411807,2761366.126422,0.190904089492023,0.0715202640748212,0.0223730056849441,0.398679625894003,0.0926095727122685,0.22391344214194
274773.411807,2761366.126422,0.118563313175738,0.0558915154846986,0.00842954004031519,0.452996151731721,0.137438152831226,0.226681326736302
262773.411807,2760866.126422,0.0733662145499383,0.114056720098644,0.00020550760378134,0.123921085080148,0.13645704891081,0.551993423756679
263273.411807,2760866.126422,0.0636697247706422,0.139266055045872,0.0115596330275229,0.0689908256880734,0.0374311926605505,0.679082568807339
263773.411807,2760866.126422,0.0570537516052101,0.393322326178683,0.0181618051733627,0.0636580443955238,0.0585213722252798,0.409282700421941
264273.411807,2760866.126422,0.0858974358974359,0.164102564102564,0.0855311355311355,0.269413919413919,0.0860805860805861,0.308974358974359
264773.411807,2760866.126422,0.0372477064220183,0.0831192660550459,0.0188990825688073,0.611926605504587,0.0842201834862385,0.164587155963303
265273.411807,2760866.126422,0.0755824619335902,0.132269308383783,0.0113740598055403,0.18693817648138,0.101082370207301,0.492753623188406
265773.411807,2760866.126422,0.0924908424908425,0.0683150183150183,0.0565934065934066,0.410622710622711,0.101282051282051,0.270695970695971
266273.411807,2760866.126422,0.0686238532110092,0.0464220183486239,0.00311926605504587,0.53045871559633,0.096697247706422,0.254678899082569
266773.411807,2760866.126422,0.263437901302513,0.0394423041643735,0.020546688680976,0.392405063291139,0.158136121812511,0.126031920748487
267273.411807,2760866.126422,0.0732600732600733,0.0285714285714286,0.00366300366300366,0.495421245421245,0.103846153846154,0.295238095238095
267773.411807,2760866.126422,0.191559633027523,0.0218348623853211,0.00128440366972477,0.314495412844037,0.140366972477064,0.33045871559633
268273.411807,2760866.126422,0.105668684645019,0.0687947165657677,0.00165107319757843,0.28526875802605,0.118326912493121,0.420289855072464
268773.411807,2760866.126422,0.445054945054945,0.0173992673992674,0.000366300366300366,0.197069597069597,0.0723443223443224,0.267765567765568
269273.411807,2760866.126422,0.208623853211009,0.0719266055045872,0.0618348623853211,0.203853211009174,0.0897247706422018,0.364036697247706
269773.411807,2760866.126422,0.11979453311319,0.0783342505962209,0.0119244175380664,0.505778756191524,0.10988809392772,0.174279948633278
270273.411807,2760866.126422,0.0954212454212454,0.0783882783882784,0.0774725274725275,0.388461538461538,0.0668498168498168,0.293406593406593
270773.411807,2760866.126422,0.0647706422018349,0.0289908256880734,0.0346788990825688,0.766238532110092,0.0695412844036697,0.0357798165137615
271273.411807,2760866.126422,0.030820033021464,0.0121078701155751,0.0238488350761328,0.899284534947716,0.0302696752889378,0.00366905155017428
271773.411807,2760866.126422,0.0368131868131868,0.0164835164835165,0.00934065934065934,0.850732600732601,0.056959706959707,0.0296703296703297
272273.411807,2760866.126422,0.0236697247706422,0.0201834862385321,0.0412844036697248,0.856697247706422,0.053394495412844,0.00477064220183486
272773.411807,2760866.126422,0.00880572372041827,0.00862227114290956,0.00733810310034856,0.933590166941845,0.0324711062190424,0.0091726288754357
273273.411807,2760866.126422,0.0523809523809524,0.0426739926739927,0.0282051282051282,0.777838827838828,0.076007326007326,0.0228937728937729
273773.411807,2760866.126422,0.0341284403669725,0.0273394495412844,0.0154128440366972,0.833211009174312,0.0425688073394495,0.0473394495412844
274273.411807,2760866.126422,0.0979636763896533,0.0234819299211154,0.0181618051733627,0.784993579159787,0.0425609979820216,0.0328380113740598
274773.411807,2760866.126422,0.228571428571429,0.0391941391941392,0.0247252747252747,0.465567765567766,0.125641025641026,0.116300366300366
262773.411807,2760366.126422,0.0606621427102612,0.235040098704503,0.0481184454040716,0.0150113098910138,0.02652683528686,0.61464116800329
263273.411807,2760366.126422,0.0675824175824176,0.196336996336996,0.019047619047619,0.123076923076923,0.0983516483516483,0.495604395604396
263773.411807,2760366.126422,0.0835164835164835,0.197619047619048,0.0697802197802198,0.242307692307692,0.0956043956043956,0.311172161172161
264273.411807,2760366.126422,0.0971763843050972,0.121195452878621,0.0238357169050238,0.205903923725706,0.0979097909790979,0.453978731206454
264773.411807,2760366.126422,0.12014652014652,0.164835164835165,0.0492673992673993,0.18003663003663,0.0846153846153846,0.401098901098901
265273.411807,2760366.126422,0.19010989010989,0.0684981684981685,0.00695970695970696,0.200732600732601,0.12985347985348,0.403846153846154
265773.411807,2760366.126422,0.174184085075174,0.14044737807114,0,0.357719105243858,0.0931426475980931,0.234506784011734
266273.411807,2760366.126422,0.0408424908424908,0.0937728937728938,0,0.477655677655678,0.131135531135531,0.256593406593407
266773.411807,2760366.126422,0.0794871794871795,0.0258241758241758,0.0043956043956044,0.510622710622711,0.12032967032967,0.259340659340659
267273.411807,2760366.126422,0.107994132746608,0.130729739640631,0.000366703337000367,0.408690869086909,0.0762742940960763,0.275944261092776
267773.411807,2760366.126422,0.226923076923077,0.0368131868131868,0.0010989010989011,0.265384615384615,0.18021978021978,0.28956043956044
268273.411807,2760366.126422,0.246886446886447,0.054029304029304,0.0346153846153846,0.0833333333333333,0.0804029304029304,0.500732600732601
268773.411807,2760366.126422,0.303447011367803,0.0401540154015402,0.0161349468280161,0.158599193252659,0.0894756142280895,0.392189218921892
269273.411807,2760366.126422,0.22014652014652,0.0478021978021978,0.0606227106227106,0.0752747252747253,0.0642857142857143,0.531868131868132
269773.411807,2760366.126422,0.106227106227106,0.159157509157509,0.0311355311355311,0.178571428571429,0.0963369963369963,0.428571428571429
270273.411807,2760366.126422,0.0837917125045838,0.114411441144114,0.0889255592225889,0.283645031169784,0.0678401173450678,0.361386138613861
270773.411807,2760366.126422,0.111355311355311,0.0490842490842491,0.013003663003663,0.643772893772894,0.0858974358974359,0.0968864468864469
271273.411807,2760366.126422,0.0652014652014652,0.0472527472527473,0.00952380952380952,0.752747252747253,0.0820512820512821,0.0432234432234432
271773.411807,2760366.126422,0.0760909424275761,0.0636230289695636,0.0187018701870187,0.540704070407041,0.144847818115145,0.156032269893656
272273.411807,2760366.126422,0.0952380952380952,0.0373626373626374,0.0401098901098901,0.676923076923077,0.107142857142857,0.0432234432234432
272773.411807,2760366.126422,0.0373626373626374,0.021978021978022,0.00805860805860806,0.867032967032967,0.0523809523809524,0.0131868131868132
273273.411807,2760366.126422,0.0896589658965897,0.0628896222955629,0.0139347268060139,0.705170517051705,0.0894756142280895,0.0388705537220389
273773.411807,2760366.126422,0.0921245421245421,0.0249084249084249,0.00805860805860806,0.78003663003663,0.0424908424908425,0.0523809523809524
274273.411807,2760366.126422,0.101282051282051,0.0835164835164835,0.00677655677655678,0.493223443223443,0.0631868131868132,0.252014652014652
274773.411807,2760366.126422,0.144481114778144,0.15034836817015,0.00238357169050238,0.212137880454712,0.0957095709570957,0.394939493949395
262773.411807,2759866.126422,0.118626644736842,0.211348684210526,0.0565378289473684,0.0643503289473684,0.0826480263157895,0.466488486842105
263273.411807,2759866.126422,0.100568911726922,0.12846393833731,0.0431271792989539,0.218939254909158,0.0801982015048633,0.428702514222793
263773.411807,2759866.126422,0.0702365670273244,0.0838070786722905,0.0794058316523015,0.174949569044563,0.107463781404731,0.48413717219879
264273.411807,2759866.126422,0.179585853032802,0.173905076049111,0.0850284038849184,0.066703316840755,0.0760491112332784,0.418728238959135
264773.411807,2759866.126422,0.0945127546338778,0.093778674986236,0.025325747843641,0.256377316938888,0.137639933932832,0.392365571664526
265273.411807,2759866.126422,0.152759948652118,0.0867412433522831,0.000916926462497708,0.330460297084174,0.136438657619659,0.292682926829268
265773.411807,2759866.126422,0.0311526479750779,0.278358072200843,0.106835257467473,0.03811618105186,0.0437969580355507,0.501740883269196
266273.411807,2759866.126422,0.107359148467609,0.124242980363369,0.00110111947146265,0.10772618829143,0.0811158010644155,0.578454762341714
266773.411807,2759866.126422,0.0995782138272511,0.0790390610673024,0.0286081056299285,0.405831652301485,0.0783055198973042,0.308637447276728
267273.411807,2759866.126422,0.0751328568810702,0.155030236393623,0.000916254352208173,0.10426974528129,0.0535092541689573,0.611141652922851
267773.411807,2759866.126422,0.148651128647458,0.114516425032116,0.0686364470545054,0.122774821068086,0.139291613140026,0.406129565057809
268273.411807,2759866.126422,0.307537135521731,0.0401613790573996,0.0797726022373006,0.0476801760498808,0.086007702182285,0.438841004951403
268773.411807,2759866.126422,0.225948323254535,0.0778816199376947,0.0844786512735936,0.145317940260216,0.125710097122961,0.340663368150999
