"x","y","forest","agri","water","built","other","grass"
251773.411807,2765366.126422,0.0757659145110989,0.00953953403045313,0.453861676756558,0.441203448908457,0.0135754907356448,0.00605393505778756
252273.411807,2765366.126422,0.334981684981685,0.110989010989011,0.0102564102564103,0.0681318681318681,0.0452380952380952,0.43040293040293
252773.411807,2765366.126422,0.147522935779817,0.0968807339449541,0,0.0225688073394495,0.0355963302752294,0.69743119266055
253273.411807,2765366.126422,0.172445422858191,0.08273711245643,0.152449091909741,0.0755824619335902,0.114657860942946,0.402128049899101
253773.411807,2765366.126422,0.14029304029304,0.303479853479853,0,0.0474358974358974,0.0496336996336996,0.459157509157509
254273.411807,2765366.126422,0.0187155963302752,0.322018348623853,0,0.0456880733944954,0.0508256880733945,0.562752293577982
254773.411807,2765366.126422,0.0429279031370391,0.179966978536048,0,0.0354063474591818,0.0847550908090259,0.656943680058705
255273.411807,2765366.126422,0.0206959706959707,0.0769230769230769,0.118131868131868,0.361355311355311,0.0472527472527473,0.375641025641026
255773.411807,2765366.126422,0.0699082568807339,0.34697247706422,0,0.035045871559633,0.0462385321100917,0.501834862385321
256273.411807,2765366.126422,0.0522839845899835,0.277013392038158,0,0.0148596587782058,0.0770500825536599,0.578792882039993
256773.411807,2765366.126422,0.0465201465201465,0.239377289377289,0,0.0177655677655678,0.0802197802197802,0.616117216117216
257273.411807,2765366.126422,0.0937614678899083,0.0906422018348624,0.157798165137615,0.0899082568807339,0.0667889908256881,0.501100917431193
257773.411807,2765366.126422,0.0653091175931022,0.183085672353697,0,0.0524674371674922,0.0717299578059072,0.627407815079802
258273.411807,2765366.126422,0.0915750915750916,0.1496336996337,0.116849816849817,0.0432234432234432,0.0745421245421245,0.524175824175824
258773.411807,2765366.126422,0.081651376146789,0.196697247706422,0.00238532110091743,0.171192660550459,0.101651376146789,0.446422018348624
259273.411807,2765366.126422,0.0465969546872134,0.245092643551642,0,0.138506696019079,0.133553476426344,0.436250229315722
259773.411807,2765366.126422,0.0584249084249084,0.351831501831502,0.0346153846153846,0.034981684981685,0.0586080586080586,0.461538461538462
260273.411807,2765366.126422,0.0961467889908257,0.239266055045872,0.224036697247706,0.0480733944954128,0.0776146788990826,0.314862385321101
260773.411807,2765366.126422,0.0799853237937993,0.21830856723537,0.00110071546505228,0.0952118877270226,0.0665932856356632,0.538800220143093
261273.411807,2765366.126422,0.0787545787545788,0.054029304029304,0,0.0628205128205128,0.073992673992674,0.73040293040293
261773.411807,2765366.126422,0.0612844036697248,0.204036697247706,0,0.0911926605504587,0.10256880733945,0.540917431192661
262273.411807,2765366.126422,0.0704457897633462,0.117226197028068,0,0.118326912493121,0.136121812511466,0.557879288203999
251773.411807,2764866.126422,0.235531135531136,0.0278388278388278,0.104761904761905,0.351098901098901,0.110805860805861,0.16996336996337
252273.411807,2764866.126422,0.120645397873121,0.152548588192153,0,0.102676934360103,0.077007700770077,0.547121378804547
252773.411807,2764866.126422,0.101831501831502,0.110989010989011,0,0.154761904761905,0.122344322344322,0.51007326007326
253273.411807,2764866.126422,0.0172161172161172,0.153296703296703,0.352747252747253,0.139194139194139,0.115750915750916,0.221794871794872
253773.411807,2764866.126422,0.105610561056106,0.200953428676201,0.000183351668500183,0.0414374770810414,0.0502383571690502,0.601576824349102
254273.411807,2764866.126422,0.16025641025641,0.130769230769231,0.114468864468864,0.0924908424908425,0.0558608058608059,0.446153846153846
254773.411807,2764866.126422,0.0545787545787546,0.267399267399267,0.000366300366300366,0.0311355311355311,0.063003663003663,0.583516483516484
255273.411807,2764866.126422,0.0601393472680601,0.278511184451779,0,0.0471213788045471,0.0735240190685735,0.540704070407041
255773.411807,2764866.126422,0.0538461538461538,0.261721611721612,0.0010989010989011,0.255311355311355,0.0470695970695971,0.380952380952381
256273.411807,2764866.126422,0.0615384615384615,0.327472527472527,0,0.00952380952380952,0.058974358974359,0.542490842490842
256773.411807,2764866.126422,0.0627062706270627,0.13017968463513,0,0.0561056105610561,0.0927759442610928,0.658232489915658
257273.411807,2764866.126422,0.0432234432234432,0.134798534798535,0.200732600732601,0.114285714285714,0.0908424908424908,0.416117216117216
257773.411807,2764866.126422,0.143589743589744,0.139377289377289,0.000915750915750916,0.0549450549450549,0.0822344322344322,0.578937728937729
258273.411807,2764866.126422,0.0203520352035204,0.138063806380638,0.110927759442611,0.0441877521085442,0.101393472680601,0.585075174184085
258773.411807,2764866.126422,0.111904761904762,0.0113553113553114,0,0.0181318681318681,0.0413919413919414,0.817216117216117
259273.411807,2764866.126422,0.0346153846153846,0.29010989010989,0,0.0173992673992674,0.0591575091575092,0.598717948717949
259773.411807,2764866.126422,0.0557389072240557,0.115511551155116,0,0.126879354602127,0.116978364503117,0.584891822515585
260273.411807,2764866.126422,0.0558608058608059,0.287179487179487,0.00402930402930403,0.218131868131868,0.100549450549451,0.334249084249084
260773.411807,2764866.126422,0.0412087912087912,0.282417582417582,0,0.073992673992674,0.12014652014652,0.482234432234432
261273.411807,2764866.126422,0.0705903923725706,0.187935460212688,0.000183351668500183,0.153281994866153,0.0837917125045838,0.504217088375504
261773.411807,2764866.126422,0.0388278388278388,0.183699633699634,0,0.100915750915751,0.0624542124542125,0.614102564102564
262273.411807,2764866.126422,0.0472527472527473,0.204945054945055,0,0.112454212454212,0.0934065934065934,0.541941391941392
251273.411807,2764366.126422,0.000367039823820885,0,0.237474766012112,0.757753716278216,0.00440447788585061,0
251773.411807,2764366.126422,0.108930863744728,0.0295250320924262,0.112598569594719,0.520630845406198,0.0806895286997983,0.147625160462131
252273.411807,2764366.126422,0.200293201392707,0.093274693054792,0.0403151914971596,0.161260765988638,0.089792926516401,0.415063221550302
252773.411807,2764366.126422,0.0723068452927143,0.146081849880712,0.00146815929528354,0.415856120389062,0.109194347586713,0.255092677555515
253273.411807,2764366.126422,0.10397946084724,0.053181734824867,0.00586832935998533,0.356317623326609,0.0977443609022556,0.382908490739043
253773.411807,2764366.126422,0.105919003115265,0.105735752244823,0,0.103903243540407,0.089792926516401,0.594649074583104
254273.411807,2764366.126422,0.113598825472564,0.0818498807120573,0,0.220407414204441,0.146081849880712,0.438062029730226
254773.411807,2764366.126422,0.0810562992847974,0.105996699064735,0,0.262057582981845,0.133871263524665,0.417018155143957
255273.411807,2764366.126422,0.0278541323071285,0.258017225581821,0.000549752611324904,0.0696353307678211,0.0899761773868426,0.553967381345061
255773.411807,2764366.126422,0.0458799779776106,0.274178748394201,0,0.0517526151587447,0.0917599559552211,0.536428702514223
256273.411807,2764366.126422,0.0630845406198423,0.178984045479553,0.0302585732624244,0.0179717586649551,0.0594168347698515,0.650284247203374
256773.411807,2764366.126422,0.0513102437236577,0.0991387209089243,0.329485065054059,0.0393989371449514,0.0969397104636247,0.383727322704783
257273.411807,2764366.126422,0.0658836483758488,0.216553496054322,0.126995779042026,0.0548724536612222,0.0702881262616994,0.465406496604882
257773.411807,2764366.126422,0.0629011553273428,0.243535668439391,0,0.0502475701448744,0.0614340729873464,0.581881533101045
258273.411807,2764366.126422,0.0393989371449514,0.161260765988638,0,0.0458127176104087,0.0623052959501558,0.691222283305846
258773.411807,2764366.126422,0.0836850798311617,0.300055055973573,0.00165167920719398,0.0548724536612222,0.0831345200954303,0.476601211231419
259273.411807,2764366.126422,0.0454795525398863,0.214194021639465,0,0.0524481936548689,0.0665688611773336,0.621309370988447
259773.411807,2764366.126422,0.0329851566794942,0.12552684625252,0,0.083745647791827,0.0976727139453912,0.660069635330768
260273.411807,2764366.126422,0.0277115066984768,0.125711139658653,0,0.0748761240594605,0.0857037988621766,0.685997430721233
260773.411807,2764366.126422,0.061984228864845,0.132587566477169,0.004401247019989,0.466165413533835,0.120300751879699,0.214560792224464
261273.411807,2764366.126422,0.0712845886017959,0.161260765988638,0.000183250870441635,0.159061755543339,0.101887483965549,0.506322155030236
261773.411807,2764366.126422,0.0466140576252523,0.17434391631492,0.109744907322444,0.090475316571848,0.0844191594788034,0.494402642686732
262273.411807,2764366.126422,0.0447460113698881,0.113515496057216,0.215294333394462,0.107463781404731,0.0891252521547772,0.429855125618925
251273.411807,2763866.126422,0,0,0.442385321100917,0.557614678899083,0,0
251773.411807,2763866.126422,0.264722069345074,0.0667767382131719,0.0676940011007155,0.188956154833975,0.11557512383049,0.296275912676573
252273.411807,2763866.126422,0.156227106227106,0.0172161172161172,0.0133699633699634,0.193772893772894,0.0745421245421245,0.544871794871795
252773.411807,2763866.126422,0.0612844036697248,0.0867889908256881,0.00256880733944954,0.357064220183486,0.12,0.372293577981651
253273.411807,2763866.126422,0.112089524857824,0.0451293340671436,0.00091726288754357,0.117776554760594,0.0691616217207852,0.654925701706109
253773.411807,2763866.126422,0.0657509157509158,0.0562271062271062,0.00238095238095238,0.443589743589744,0.0857142857142857,0.346336996336996
254273.411807,2763866.126422,0.0434862385321101,0.139449541284404,0,0.32348623853211,0.0640366972477064,0.42954128440367
254773.411807,2763866.126422,0.0431113557145478,0.300495321959274,0,0.0278847917813245,0.0581544670702623,0.570354063474592
255273.411807,2763866.126422,0.0631868131868132,0.284981684981685,0,0.0836996336996337,0.0774725274725275,0.490659340659341
255773.411807,2763866.126422,0.035045871559633,0.264403669724771,0,0.0877064220183486,0.078348623853211,0.534495412844037
256273.411807,2763866.126422,0.0442120711796001,0.187855439368923,0,0.0882406897816914,0.0825536598789213,0.597138139790864
256773.411807,2763866.126422,0.0598901098901099,0.112271062271062,0,0.0663003663003663,0.0805860805860806,0.680952380952381
257273.411807,2763866.126422,0.0330275229357798,0.256880733944954,0,0.0548623853211009,0.0493577981651376,0.605871559633028
257773.411807,2763866.126422,0.0576041093377362,0.150064208402128,0.0286186020913594,0.0768666299761512,0.113373692900385,0.57347275729224
258273.411807,2763866.126422,0.0754578754578755,0.165201465201465,0,0.0604395604395604,0.108791208791209,0.59010989010989
258773.411807,2763866.126422,0.0730275229357798,0.073394495412844,0,0.0658715596330275,0.0932110091743119,0.694495412844037
259273.411807,2763866.126422,0.0576041093377362,0.136488717666483,0.00678774536782242,0.359200146762062,0.0642084021280499,0.375710878737846
259773.411807,2763866.126422,0.0923076923076923,0.176739926739927,0.0241758241758242,0.169047619047619,0.0703296703296703,0.467399267399267
260273.411807,2763866.126422,0.0464220183486239,0.116697247706422,0.102201834862385,0.0315596330275229,0.0926605504587156,0.61045871559633
260773.411807,2763866.126422,0.0544854155200881,0.0480645753072831,0.148046230049532,0.41515318290222,0.113740598055403,0.220509998165474
261273.411807,2763866.126422,0.0608058608058608,0.0921245421245421,0.289377289377289,0.0489010989010989,0.0679487179487179,0.440842490842491
261773.411807,2763866.126422,0.0506422018348624,0.21394495412844,0.222018348623853,0.0585321100917431,0.0651376146788991,0.389724770642202
262273.411807,2763866.126422,0.0585213722252798,0.253348009539534,0.00110071546505228,0.149880755824619,0.130434782608696,0.406714364336819
251773.411807,2763366.126422,0.208608058608059,0.128388278388278,0.00293040293040293,0.197802197802198,0.157326007326007,0.304945054945055
252273.411807,2763366.126422,0.0540887422075541,0.245324532453245,0,0.0249358269160249,0.0515218188485515,0.624129079574624
252773.411807,2763366.126422,0.084981684981685,0.175641025641026,0.0287545787545788,0.0976190476190476,0.0756410256410256,0.537362637362637
253273.411807,2763366.126422,0.0551282051282051,0.233882783882784,0.00164835164835165,0.028021978021978,0.0375457875457875,0.643772893772894
253773.411807,2763366.126422,0.0518885221855519,0.114594792812615,0.000366703337000367,0.0383204987165383,0.0753575357535754,0.71947194719472
254273.411807,2763366.126422,0.0798534798534798,0.0868131868131868,0.000732600732600733,0.36043956043956,0.0655677655677656,0.406593406593407
254773.411807,2763366.126422,0.0970695970695971,0.154212454212454,0.0307692307692308,0.0617216117216117,0.0945054945054945,0.561721611721612
255273.411807,2763366.126422,0.0658232489915658,0.306930693069307,0.00733406674000733,0.0146681334800147,0.0284195086175284,0.576824349101577
255773.411807,2763366.126422,0.0498168498168498,0.262637362637363,0,0.0340659340659341,0.0624542124542125,0.591025641025641
256273.411807,2763366.126422,0.0450549450549451,0.17032967032967,0.00750915750915751,0.0269230769230769,0.0474358974358974,0.702747252747253
256773.411807,2763366.126422,0.0683901723505684,0.158049138247158,0,0.0414374770810414,0.0845251191785845,0.647598093142648
257273.411807,2763366.126422,0.108974358974359,0.192490842490843,0.000366300366300366,0.0937728937728938,0.120695970695971,0.483699633699634
257773.411807,2763366.126422,0.0628205128205128,0.109340659340659,0.26007326007326,0.18021978021978,0.129304029304029,0.258241758241758
258273.411807,2763366.126422,0.0698569856985699,0.174734140080675,0,0.128162816281628,0.0980931426475981,0.529152915291529
258773.411807,2763366.126422,0.104029304029304,0.093040293040293,0,0.0445054945054945,0.0578754578754579,0.700549450549451
259273.411807,2763366.126422,0.0879120879120879,0.20952380952381,0,0.171794871794872,0.102197802197802,0.428571428571429
259773.411807,2763366.126422,0.0504217088375504,0.148331499816648,0,0.0705903923725706,0.118628529519619,0.612027869453612
260273.411807,2763366.126422,0.0705128205128205,0.320879120879121,0,0.0216117216117216,0.0490842490842491,0.537912087912088
260773.411807,2763366.126422,0.0717948717948718,0.102564102564103,0.00604395604395604,0.176373626373626,0.124175824175824,0.519047619047619
261273.411807,2763366.126422,0.0782911624495783,0.142464246424642,0,0.0286028602860286,0.0500550055005501,0.700586725339201
261773.411807,2763366.126422,0.1,0.114652014652015,0.0679487179487179,0.0952380952380952,0.097985347985348,0.524175824175824
262273.411807,2763366.126422,0.030952380952381,0.188827838827839,0.331135531135531,0.0412087912087912,0.0723443223443224,0.335531135531136
251273.411807,2762866.126422,0.0271609469627455,0.0132134336575518,0.246100201871903,0.65571664525601,0.0209212699577904,0.0368875022939989
251773.411807,2762866.126422,0.0929763432972676,0.139372822299652,0.00568494406748579,0.141390060517147,0.119750596002201,0.500825233816248
252273.411807,2762866.126422,0.0608392889866227,0.148066703316841,0.0146600696353308,0.0382994319223016,0.0670698185816383,0.671064687557266
252773.411807,2762866.126422,0.0682694072306845,0.0902917966599376,0.109928427234355,0.160579922921637,0.107175628555698,0.463754817397688
253273.411807,2762866.126422,0.169631395562076,0.174032642582065,0.000916926462497708,0.0432789290298918,0.0717036493673207,0.540436456996149
253773.411807,2762866.126422,0.0874106652006597,0.119662818398387,0,0.0153930731170973,0.0459959684808503,0.731537474803005
254273.411807,2762866.126422,0.0913929161314003,0.147182969352175,0.00110111947146265,0.0609286107542668,0.110111947146265,0.58928243714443
254773.411807,2762866.126422,0.0629011553273428,0.214927562809463,0.0159545204474601,0.0590500641848524,0.0744544287548139,0.572712268476068
255273.411807,2762866.126422,0.115081546637347,0.239325636796775,0.00109950522264981,0.0289536375297783,0.0798973795125527,0.535642294300898
255773.411807,2762866.126422,0.0818498807120573,0.195815746008442,0.015782712424298,0.00972655533125344,0.0376215819416407,0.659203523582309
256273.411807,2762866.126422,0.0814230698697964,0.25197139189437,0,0.0157711351549606,0.0656519347148359,0.585182468366037
256773.411807,2762866.126422,0.0560747663551402,0.341396371632765,0.01905809052593,0.0174088326919553,0.0764156129741616,0.489646325820048
257273.411807,2762866.126422,0.0405579005322077,0.197650945127546,0.000183519911910442,0.0548724536612222,0.109744907322444,0.596990273444669
257773.411807,2762866.126422,0.0539152759948652,0.190537318907024,0,0.0383275261324042,0.0858243168897854,0.631395562075922
258273.411807,2762866.126422,0.112516034451164,0.154297232911856,0,0.0879604178119846,0.126809602345611,0.518416712479384
258773.411807,2762866.126422,0.0991007524316388,0.146632409616443,0,0.105340429436594,0.0824004404477886,0.566525968067535
259273.411807,2762866.126422,0.0678525582248304,0.125802310654686,0.00146708233999633,0.163029525032092,0.0834403080872914,0.558408215661104
259773.411807,2762866.126422,0.0716510903426791,0.049660985889683,0,0.259849734286238,0.121312076232362,0.497526113249038
260273.411807,2762866.126422,0.0499174160396403,0.009543035419343,0.000183519911910442,0.673151036887502,0.116902183886952,0.150302807854652
260773.411807,2762866.126422,0.0629011553273428,0.0251237850724372,0.000916926462497708,0.586649550706033,0.0885750962772786,0.23583348615441
261273.411807,2762866.126422,0.0588235294117647,0.174454828660436,0,0.0597397837639729,0.0599230346344145,0.647058823529412
261773.411807,2762866.126422,0.0504679757753716,0.168104239309965,0,0.0649660488162966,0.0768948430904753,0.639566893007891
262273.411807,2762866.126422,0.0201723821749496,0.207592151109481,0.252338162479369,0.0733541169998166,0.0858243168897854,0.360718870346598
251273.411807,2762366.126422,0.314128440366972,0.0348623853211009,0.178532110091743,0.124036697247706,0.0741284403669725,0.274311926605505
251773.411807,2762366.126422,0.0741148413135205,0.117960007338103,0,0.125114657860943,0.115758576407999,0.567051917079435
252273.411807,2762366.126422,0.0584249084249084,0.143772893772894,0,0.0891941391941392,0.104212454212454,0.604395604395604
252773.411807,2762366.126422,0.0398165137614679,0.177064220183486,0.000917431192660551,0.0126605504587156,0.0427522935779817,0.726788990825688
253273.411807,2762366.126422,0.0783342505962209,0.184186387818749,0,0.0121078701155751,0.0555861309851403,0.669785360484315
253773.411807,2762366.126422,0.0708791208791209,0.12032967032967,0.225824175824176,0.0362637362637363,0.0628205128205128,0.483882783882784
254273.411807,2762366.126422,0.0508256880733945,0.162752293577982,0.165504587155963,0.155963302752294,0.0638532110091743,0.401100917431193
254773.411807,2762366.126422,0.0299027701339204,0.0720968629609246,0,0.0607228031553843,0.139974316639149,0.697303247110622
255273.411807,2762366.126422,0.054029304029304,0.238644688644689,0.0611721611721612,0.0941391941391941,0.163553113553114,0.388461538461538
255773.411807,2762366.126422,0.0594495412844037,0.315596330275229,0.00018348623853211,0.0157798165137615,0.0601834862385321,0.548807339449541
256273.411807,2762366.126422,0.0735644835809943,0.189873417721519,0,0.0170610897083104,0.0521005320124748,0.667400476976702
256773.411807,2762366.126422,0.065018315018315,0.298168498168498,0.0864468864468864,0.153296703296703,0.0822344322344322,0.314835164835165
257273.411807,2762366.126422,0.0915596330275229,0.199082568807339,0,0.14348623853211,0.115045871559633,0.450825688073395
257773.411807,2762366.126422,0.0598055402678408,0.214089157952669,0.0199963309484498,0.0332049165290772,0.0513667217024399,0.621537332599523
258273.411807,2762366.126422,0.0688644688644689,0.315018315018315,0.00494505494505494,0.0186813186813187,0.0820512820512821,0.51043956043956
258773.411807,2762366.126422,0.12348623853211,0.124770642201835,0.00055045871559633,0.056697247706422,0.10697247706422,0.587522935779817
259273.411807,2762366.126422,0.0726472206934507,0.149513850669602,0.024399192808659,0.0447624289121262,0.0625573289304715,0.646119977985691
259773.411807,2762366.126422,0.0657509157509158,0.073992673992674,0.344139194139194,0.178754578754579,0.0708791208791209,0.266483516483516
260273.411807,2762366.126422,0.0895412844036697,0.041651376146789,0,0.36697247706422,0.125688073394495,0.376146788990826
260773.411807,2762366.126422,0.0548523206751055,0.0889745000917263,0.223445239405614,0.22546321775821,0.104384516602458,0.302880205466887
261273.411807,2762366.126422,0.13021978021978,0.0525641025641026,0.00256410256410256,0.178388278388278,0.10018315018315,0.536080586080586
261773.411807,2762366.126422,0.0642201834862385,0.171926605504587,0.00018348623853211,0.431009174311927,0.138165137614679,0.194495412844037
262273.411807,2762366.126422,0.0697119794533113,0.0766831773986425,0.0794349660612732,0.232434415703541,0.112272977435333,0.429462483947899
250773.411807,2761866.126422,0.264026402640264,0.00788412174550788,0.16043270993766,0.168316831683168,0.0342867620095343,0.365053171983865
251273.411807,2761866.126422,0.0516483516483516,0.15989010989011,0,0.0423076923076923,0.0725274725274725,0.673626373626374
251773.411807,2761866.126422,0.147802197802198,0.0598901098901099,0.000366300366300366,0.0598901098901099,0.0556776556776557,0.676373626373626
252273.411807,2761866.126422,0.0724239090575724,0.158415841584158,0,0.0678401173450678,0.0867253392005867,0.614594792812615
252773.411807,2761866.126422,0.0402930402930403,0.168498168498169,0.334981684981685,0.0461538461538462,0.0532967032967033,0.356776556776557
253273.411807,2761866.126422,0.0481684981684982,0.230586080586081,0,0.052014652014652,0.0796703296703297,0.58956043956044
253773.411807,2761866.126422,0.041987532086542,0.254308764209754,0,0.0275027502750275,0.0946094609460946,0.581591492482582
254273.411807,2761866.126422,0.0679487179487179,0.219047619047619,0,0.0184981684981685,0.0703296703296703,0.624175824175824
254773.411807,2761866.126422,0.0225274725274725,0.174175824175824,0.00952380952380952,0.0391941391941392,0.13956043956044,0.615018315018315
255273.411807,2761866.126422,0.0683901723505684,0.243124312431243,0.0152181884855152,0.101760176017602,0.105793912724606,0.465713237990466
255773.411807,2761866.126422,0.0181318681318681,0.31025641025641,0.00164835164835165,0.0591575091575092,0.0818681318681319,0.528937728937729
256273.411807,2761866.126422,0.0472527472527473,0.2996336996337,0,0.0364468864468864,0.0661172161172161,0.550549450549451
256773.411807,2761866.126422,0.0924092409240924,0.264576457645765,0,0.024019068573524,0.0625229189585625,0.556472313898057
257273.411807,2761866.126422,0.0532967032967033,0.28003663003663,0.000183150183150183,0.0104395604395604,0.0338827838827839,0.622161172161172
257773.411807,2761866.126422,0.120512820512821,0.374358974358974,0,0.00769230769230769,0.0481684981684982,0.449267399267399
258273.411807,2761866.126422,0.092959295929593,0.318298496516318,0.00366703337000367,0.0157682434910158,0.037953795379538,0.531353135313531
258773.411807,2761866.126422,0.0976190476190476,0.188095238095238,0.0104395604395604,0.080952380952381,0.0778388278388278,0.545054945054945
259273.411807,2761866.126422,0.0985347985347985,0.0432234432234432,0.00146520146520147,0.362271062271062,0.0934065934065934,0.401098901098901
259773.411807,2761866.126422,0.0795746241290796,0.155482214888155,0.000183351668500183,0.235606894022736,0.14026402640264,0.388888888888889
260273.411807,2761866.126422,0.0688644688644689,0.177289377289377,0.000183150183150183,0.0379120879120879,0.100915750915751,0.614835164835165
260773.411807,2761866.126422,0.0723443223443224,0.145238095238095,0,0.0238095238095238,0.0503663003663004,0.708241758241758
261273.411807,2761866.126422,0.0540887422075541,0.151081774844151,0.0806747341400807,0.0922258892555922,0.0806747341400807,0.541254125412541
261773.411807,2761866.126422,0.0582417582417582,0.266666666666667,0.210622710622711,0.0236263736263736,0.0543956043956044,0.386446886446886
262273.411807,2761866.126422,0.0542124542124542,0.152747252747253,0.168315018315018,0.0487179487179487,0.0796703296703297,0.496336996336996
250773.411807,2761366.126422,0.0384826827927433,0.0368334249587686,0,0.0256551218618288,0.0465457210921752,0.852483049294484
251273.411807,2761366.126422,0.0697375665259681,0.084235639566893,0,0.0748761240594605,0.155441365388145,0.615709304459534
251773.411807,2761366.126422,0.0746378140473134,0.0957271226847607,0.138455895837154,0.0737208875848157,0.101228681459747,0.516229598386209
252273.411807,2761366.126422,0.0395821880153931,0.149349459409932,0,0.0219901044529962,0.0804471321238776,0.708631115997801
252773.411807,2761366.126422,0.0961644338410718,0.129748577720683,0.00146815929528354,0.0328500642319692,0.105523949348504,0.634244815562489
253273.411807,2761366.126422,0.0570328259673574,0.161929213277095,0,0.0218228498074454,0.0584999083073537,0.700715202640748
253773.411807,2761366.126422,0.0514934945940993,0.166025288620121,0.000183250870441635,0.110683525746747,0.126443100604728,0.545171339563863
254273.411807,2761366.126422,0.0515690952468343,0.126445219306295,0.000183519911910442,0.0620297302257295,0.109928427234355,0.649844008074876
254773.411807,2761366.126422,0.0425453878598936,0.212360168714469,0.13203741059967,0.0192554557124519,0.0887584815697781,0.505043095543737
255273.411807,2761366.126422,0.0584570276708814,0.219168041048195,0,0.0188748396554884,0.0886934212937511,0.614806670331684
255773.411807,2761366.126422,0.0330335841438796,0.243897962928978,0,0.0401908607083869,0.0906588364837585,0.592218755734997
256273.411807,2761366.126422,0.01998899688245,0.299651567944251,0.00715202640748212,0.120850907757198,0.0476801760498808,0.504676324958738
256773.411807,2761366.126422,0.0463624702217336,0.309327469305479,0,0.0148433205057724,0.0348176653839106,0.594649074583104
257273.411807,2761366.126422,0.05395485410167,0.259130115617545,0,0.0256927876674619,0.0590934116351624,0.602128830978161
257773.411807,2761366.126422,0.0847240051347882,0.277095176966807,0.0828901522097928,0.0214560792224464,0.0834403080872914,0.450394278378874
258273.411807,2761366.126422,0.049660985889683,0.220450797141286,0,0.0623052959501558,0.0844786512735936,0.583104269745281
258773.411807,2761366.126422,0.0534042943659387,0.274912828041843,0.0748761240594605,0.0458799779776106,0.121490181684713,0.429436593870435
259273.411807,2761366.126422,0.0966440491472584,0.117733357784706,0.00421786172748946,0.142857142857143,0.153676875114616,0.484870713368788
259773.411807,2761366.126422,0.114715044896463,0.0787978742899029,0.0146600696353308,0.13230712845886,0.12222833058457,0.537291552134873
260273.411807,2761366.126422,0.0741420444118187,0.17030647825289,0,0.1950816663608,0.104422829877042,0.456046981097449
260773.411807,2761366.126422,0.070786722904823,0.180634513112048,0.00256739409499358,0.0522648083623693,0.068402714102329,0.625343847423437
261273.411807,2761366.126422,0.0481949789261499,0.0833791460509437,0,0.536375297782664,0.0681693238042881,0.263881253435954
261773.411807,2761366.126422,0.104239309965131,0.166269040190861,0.00293631859056708,0.322811525050468,0.117819783446504,0.285924022756469
262273.411807,2761366.126422,0.0539152759948652,0.397212543554007,0,0.0366770584999083,0.0652851641298368,0.446909957821383
250273.411807,2760866.126422,0.127866446523574,0.120528343423225,0.0623738763529628,0.147862777472023,0.101082370207301,0.440286186020914
250773.411807,2760866.126422,0.0413919413919414,0.16959706959707,0,0.0478021978021978,0.0653846153846154,0.675824175824176
251273.411807,2760866.126422,0.154678899082569,0.115779816513761,0.00899082568807339,0.0935779816513762,0.0974311926605505,0.52954128440367
251773.411807,2760866.126422,0.0744817464685379,0.311502476609796,0.000183452577508714,0.0372408732342689,0.182902219776188,0.3936892313337
252273.411807,2760866.126422,0.0474358974358974,0.174725274725275,0,0.0117216117216117,0.0791208791208791,0.686996336996337
252773.411807,2760866.126422,0.0398165137614679,0.160550458715596,0.373761467889908,0.0370642201834862,0.0976146788990826,0.291192660550459
253273.411807,2760866.126422,0.0471473124197395,0.24674371674922,0.01284168042561,0.0383415886993212,0.135754907356448,0.519170794349661
253773.411807,2760866.126422,0.0507326007326007,0.252747252747253,0.212820512820513,0.0263736263736264,0.107692307692308,0.3496336996337
254273.411807,2760866.126422,0.0788990825688073,0.127522935779817,0.0231192660550459,0.0379816513761468,0.108990825688073,0.62348623853211
254773.411807,2760866.126422,0.0421940928270042,0.170977802238121,0.166024582645386,0.0148596587782058,0.10988809392772,0.496055769583563
255273.411807,2760866.126422,0.0373626373626374,0.127838827838828,0,0.023992673992674,0.0912087912087912,0.71959706959707
255773.411807,2760866.126422,0.0284403669724771,0.137798165137615,0,0.011743119266055,0.0576146788990826,0.764403669724771
256273.411807,2760866.126422,0.0607228031553843,0.346725371491469,0.116675839295542,0.0199963309484498,0.0359567051917079,0.419922949917446
256773.411807,2760866.126422,0.0413919413919414,0.189194139194139,0.181318681318681,0.0708791208791209,0.0424908424908425,0.474725274725275
257273.411807,2760866.126422,0.0502752293577982,0.169174311926606,0.00201834862385321,0.0488073394495413,0.141467889908257,0.588256880733945
257773.411807,2760866.126422,0.0682443588332416,0.108237020730141,0.171528159970648,0.0220143093010457,0.0667767382131719,0.563199412951752
258273.411807,2760866.126422,0.0578754578754579,0.188095238095238,0,0.0937728937728938,0.155677655677656,0.504578754578755
258773.411807,2760866.126422,0.138165137614679,0.121100917431193,0.00825688073394495,0.165871559633028,0.187706422018349,0.378899082568807
259273.411807,2760866.126422,0.0530177949000183,0.382498624105669,0.0887910475142176,0.0579710144927536,0.0726472206934507,0.345074298293891
259773.411807,2760866.126422,0.106593406593407,0.259157509157509,0.00457875457875458,0.0324175824175824,0.0532967032967033,0.543956043956044
260273.411807,2760866.126422,0.0838532110091743,0.11651376146789,0.139449541284404,0.0214678899082569,0.0438532110091743,0.594862385321101
260773.411807,2760866.126422,0.0774169877086773,0.175197211520822,0.16125481563016,0.0322876536415337,0.0713630526508897,0.482480278847918
261273.411807,2760866.126422,0.118315018315018,0.0752747252747253,0.10989010989011,0.238095238095238,0.130952380952381,0.327472527472527
261773.411807,2760866.126422,0.0477064220183486,0.0741284403669725,0.136330275229358,0.112844036697248,0.0937614678899083,0.535229357798165
262273.411807,2760866.126422,0.230783342505962,0.0489818381948266,0,0.157218858924968,0.108970831040176,0.454045129334067
250273.411807,2760366.126422,0.0983516483516483,0.104212454212454,0,0.0487179487179487,0.0745421245421245,0.674175824175824
250773.411807,2760366.126422,0.0286028602860286,0.1001100110011,0.347451411807847,0.0471213788045471,0.0744407774110744,0.402273560689402
251273.411807,2760366.126422,0.0393772893772894,0.134798534798535,0.132783882783883,0.0483516483516484,0.119047619047619,0.525641025641026
251773.411807,2760366.126422,0.0382783882783883,0.132967032967033,0,0.056959706959707,0.197252747252747,0.574542124542124
252273.411807,2760366.126422,0.0482214888155482,0.226255958929226,0,0.0251191785845251,0.110927759442611,0.589475614228089
252773.411807,2760366.126422,0.0745421245421245,0.116666666666667,0.0214285714285714,0.152380952380952,0.167216117216117,0.467765567765568
253273.411807,2760366.126422,0.0512820512820513,0.203479853479853,0.00457875457875458,0.115750915750916,0.133882783882784,0.491025641025641
253773.411807,2760366.126422,0.0498716538320499,0.167766776677668,0.0744407774110744,0.0152181884855152,0.0786578657865787,0.614044737807114
254273.411807,2760366.126422,0.058974358974359,0.173260073260073,0.151831501831502,0.0302197802197802,0.067032967032967,0.518681318681319
254773.411807,2760366.126422,0.0230769230769231,0.184249084249084,0.0408424908424908,0.0230769230769231,0.0697802197802198,0.658974358974359
255273.411807,2760366.126422,0.0344701136780345,0.122662266226623,0.216721672167217,0.00715071507150715,0.0401540154015402,0.578841217455079
255773.411807,2760366.126422,0.0388278388278388,0.147435897435897,0,0.0152014652014652,0.0624542124542125,0.736080586080586
256273.411807,2760366.126422,0.0393772893772894,0.207326007326007,0.0787545787545788,0.0168498168498168,0.0772893772893773,0.58040293040293
256773.411807,2760366.126422,0.048954895489549,0.255958929226256,0,0.0210854418775211,0.0482214888155482,0.625779244591126
257273.411807,2760366.126422,0.0481684981684982,0.192857142857143,0.162820512820513,0.080952380952381,0.091025641025641,0.424175824175824
257773.411807,2760366.126422,0.0545787545787546,0.215567765567766,0,0.0989010989010989,0.0655677655677656,0.565384615384615
258273.411807,2760366.126422,0.0408874220755409,0.239273927392739,0.00495049504950495,0.0348368170150348,0.0315364869820315,0.648514851485149
258773.411807,2760366.126422,0.0498168498168498,0.102564102564103,0.462637362637363,0.0673992673992674,0.0853479853479854,0.232234432234432
259273.411807,2760366.126422,0.0324175824175824,0.113003663003663,0.0316849816849817,0.0413919413919414,0.0551282051282051,0.726373626373626
259773.411807,2760366.126422,0.0551888522185552,0.253208654198753,0,0.0225522552255226,0.0348368170150348,0.634213421342134
260273.411807,2760366.126422,0.108608058608059,0.186446886446886,0.00146520146520147,0.0333333333333333,0.0706959706959707,0.599450549450549
260773.411807,2760366.126422,0.0424908424908425,0.258058608058608,0,0.00677655677655678,0.0408424908424908,0.651831501831502
261273.411807,2760366.126422,0.0678401173450678,0.185551888522186,0.125229189585625,0.112944627796113,0.0966263292995966,0.411807847451412
261773.411807,2760366.126422,0.0608058608058608,0.303113553113553,0,0.210622710622711,0.0686813186813187,0.356776556776557
262273.411807,2760366.126422,0.071978021978022,0.153846153846154,0.00164835164835165,0.170695970695971,0.0712454212454212,0.530586080586081
250273.411807,2759866.126422,0.0423620025673941,0.130937098844673,0,0.0777553640198056,0.105446543187236,0.643498991380891
250773.411807,2759866.126422,0.0940076965365585,0.188015393073117,0,0.0447132123877588,0.124610591900312,0.548653106102254
251273.411807,2759866.126422,0.117085703798862,0.150486327766563,0,0.00403743806202973,0.0168838318957607,0.711506698476785
251773.411807,2759866.126422,0.0304419585549239,0.246469833119384,0,0.0177883733724555,0.130386942967174,0.574912891986063
252273.411807,2759866.126422,0.0639545537841305,0.261865493861096,0,0.0148433205057724,0.138720908924317,0.520615722924684
252773.411807,2759866.126422,0.0376215819416407,0.391631492016884,0.019086070838686,0.0122958340979996,0.0623967700495504,0.476968251055239
253273.411807,2759866.126422,0.0445626260773886,0.296717403264258,0.000183385292499542,0.0236567027324409,0.105813313772235,0.529066568861177
253773.411807,2759866.126422,0.0481949789261499,0.151181968114349,0.0106285504856148,0.0315191497159611,0.106835257467473,0.651640095290453
254273.411807,2759866.126422,0.0471646173609837,0.224811892090292,0.0233070288126262,0.0352358230868049,0.179298953936502,0.490181684712791
254773.411807,2759866.126422,0.0401613790573996,0.111131487254722,0,0.026407482119934,0.113515496057216,0.708784155510728
255273.411807,2759866.126422,0.0593732820230896,0.12552684625252,0,0.0089792926516401,0.0593732820230896,0.746747297049661
255773.411807,2759866.126422,0.0271609469627455,0.110111947146265,0,0.00752431638832813,0.0458799779776106,0.80932281152505
256273.411807,2759866.126422,0.0775719787273061,0.145424536952136,0,0.0141206675224647,0.0471300201723822,0.715752796625711
256773.411807,2759866.126422,0.0894264247755177,0.162726772952172,0,0.0205240974894631,0.0575407733186733,0.669781931464174
257273.411807,2759866.126422,0.135437694989906,0.222426133235456,0.00697375665259681,0.0291796659937603,0.0611121306661773,0.544870618462103
257773.411807,2759866.126422,0.107280396112232,0.207041995231982,0.00238400880249404,0.0242068586099395,0.0740876581698148,0.584999083073538
258273.411807,2759866.126422,0.0749496060106286,0.164009529045263,0,0.0181418361737218,0.102620487447315,0.640278541323071
258773.411807,2759866.126422,0.0622132501376399,0.272160029363186,0.00238575885483575,0.0411084602679391,0.0833180400073408,0.538814461369059
259273.411807,2759866.126422,0.0559325142123602,0.151476251604621,0.0295250320924262,0.0482303319273794,0.0680359435173299,0.646799926645883
259773.411807,2759866.126422,0.106285504856148,0.270111783030969,0.0888766721641928,0.0208905992303463,0.0342679127725857,0.479567527945758
260273.411807,2759866.126422,0.0767113231785649,0.297669297118737,0.0453294182418792,0.0401908607083869,0.0288126261699394,0.511286474582492
260773.411807,2759866.126422,0.110397946084724,0.0827067669172932,0.00586832935998533,0.0608839171098478,0.0797726022373006,0.660370438290849
261273.411807,2759866.126422,0.0734835990470955,0.243173905076049,0.000366501740883269,0.078248121678578,0.0683525746747297,0.536375297782664
261773.411807,2759866.126422,0.05395485410167,0.371444301706735,0,0.0238575885483575,0.0300972655533125,0.520645990089925
262273.411807,2759866.126422,0.0425453878598936,0.424720337428938,0.0240234733174399,0.0271410232899321,0.0550155877498625,0.426554190353934
250273.411807,2759366.126422,0.173913043478261,0.0691616217207852,0.00385250412768299,0.0629242340854889,0.0832874701889562,0.606861126398826
250773.411807,2759366.126422,0.108424908424908,0.165201465201465,0,0.111355311355311,0.0833333333333333,0.531684981684982
251273.411807,2759366.126422,0.0398165137614679,0.219633027522936,0,0.0126605504587156,0.0697247706422018,0.658165137614679
251773.411807,2759366.126422,0.0552192258301229,0.3936892313337,0.00165107319757843,0.0137589433131535,0.0761328196661163,0.459548706659329
252273.411807,2759366.126422,0.0205128205128205,0.30970695970696,0.000183150183150183,0.0163003663003663,0.157509157509158,0.495787545787546
252773.411807,2759366.126422,0.0486238532110092,0.172844036697248,0.00018348623853211,0.0121100917431193,0.0948623853211009,0.671376146788991
253273.411807,2759366.126422,0.0291689598238855,0.225279765180701,0,0.0163272793982755,0.0964960557695836,0.632727939827555
253773.411807,2759366.126422,0.0302197802197802,0.241391941391941,0,0.0111721611721612,0.0573260073260073,0.65989010989011
254273.411807,2759366.126422,0.0264220183486239,0.188623853211009,0.00128440366972477,0.00660550458715596,0.0998165137614679,0.677247706422018
254773.411807,2759366.126422,0.102366538249862,0.126398825903504,0,0.00990643918547056,0.0669601907906806,0.694368005870483
255273.411807,2759366.126422,0.0212454212454212,0.251465201465201,0,0.000183150183150183,0.0205128205128205,0.706593406593407
255773.411807,2759366.126422,0.0412844036697248,0.245688073394495,0,0.00422018348623853,0.0319266055045872,0.676880733944954
256273.411807,2759366.126422,0.110071546505228,0.0963126031920749,0,0.0201797835259585,0.0583379196477711,0.715098147128967
256773.411807,2759366.126422,0.123626373626374,0.0835164835164835,0.0824175824175824,0.223076923076923,0.101098901098901,0.386263736263736
257273.411807,2759366.126422,0.198899082568807,0.0359633027522936,0.00330275229357798,0.367155963302752,0.172110091743119,0.22256880733945
257773.411807,2759366.126422,0.261970280682444,0.0719134103834159,0.00110071546505228,0.195560447624289,0.0964960557695836,0.372959090075216
258273.411807,2759366.126422,0.0954212454212454,0.174725274725275,0,0.034981684981685,0.1003663003663,0.594505494505495
258773.411807,2759366.126422,0.0469724770642202,0.172293577981651,0.152110091743119,0.0743119266055046,0.127155963302752,0.427155963302752
259273.411807,2759366.126422,0.0742982938910292,0.286002568336085,0.0278847917813245,0.0344890845716382,0.0693450742982939,0.507980187121629
