"x","y","forest","agri","water","built","other","grass"
174773.411807,2502866.126422,0.584376564847271,0.00600901352028042,0.0180270405608413,0.309464196294442,0.0370555833750626,0.0450676014021032
175273.411807,2502866.126422,0.135317658829415,0.00825412706353177,0.00175087543771886,0.681090545272636,0.119559779889945,0.0540270135067534
175773.411807,2502866.126422,0.14167916041979,0.00924537731134433,0.00924537731134433,0.578460769615192,0.120189905047476,0.141179410294853
176273.411807,2502866.126422,0.0152729093640461,0.00400600901352028,0.0826239359038558,0.836755132699049,0.0413119679519279,0.0200300450676014
176773.411807,2502866.126422,0.127313656828414,0.0410205102551276,0.0150075037518759,0.641570785392696,0.127563781890945,0.0475237618809405
177273.411807,2502866.126422,0.063968015992004,0.0467266366816592,0.0184907546226887,0.746626686656672,0.103698150924538,0.0204897551224388
177773.411807,2502866.126422,0.112418627941913,0.00600901352028042,0.028292438657987,0.701552328492739,0.0738607911867802,0.0778668002003005
178273.411807,2502866.126422,0.036768384192096,0.0140070035017509,0.0380190095047524,0.779639819909955,0.0882941470735368,0.043271635817909
178773.411807,2502866.126422,0.0164917541229385,0.00424787606196902,0.0524737631184408,0.903798100949525,0.0229885057471264,0
179273.411807,2502866.126422,0.0660991487230846,0.0232849273910866,0.0310465698547822,0.659739609414121,0.172008012018027,0.0478217325988983
179773.411807,2502866.126422,0.0522761380690345,0.040520260130065,0.00775387693846923,0.798149074537269,0.0667833916958479,0.0345172586293147
180273.411807,2502866.126422,0.0552223888055972,0.0334832583708146,0.00449775112443778,0.678660669665167,0.168665667166417,0.0594702648675662
180773.411807,2502866.126422,0.160991487230846,0.124937406109164,0.00625938908362544,0.592889334001002,0.0951427140711067,0.0197796695042564
181273.411807,2502866.126422,0.0557778889444722,0.0822911455727864,0.0127563781890945,0.849174587293647,0,0
181773.411807,2502866.126422,0.256621689155422,0.24687656171914,0.00124937531234383,0.407796101949025,0.0592203898050975,0.0282358820589705
182273.411807,2502866.126422,0.100150225338007,0.153480220330496,0.00225338007010516,0.574111166750125,0.139459188783175,0.0305458187280921
182773.411807,2502866.126422,0.00575287643821911,0.179339669834917,0,0.379689844922461,0.182091045522761,0.253126563281641
183273.411807,2502866.126422,0.0254872563718141,0.0142428785607196,0.000499750124937531,0.791854072963518,0.103448275862069,0.0644677661169415
183773.411807,2502866.126422,0.0393089634451678,0.0230345518277416,0,0.743615423134702,0.183274912368553,0.0107661492238358
184273.411807,2502866.126422,0.0080040020010005,0.00575287643821911,0.00550275137568784,0.955227613806903,0.0217608804402201,0.00375187593796898
184773.411807,2502866.126422,0.0227386306846577,0.00324837581209395,0.000249875062468766,0.865067466266867,0.0897051474262869,0.0189905047476262
185273.411807,2502866.126422,0.0260390585878818,0.0300450676014021,0.0117676514772158,0.873560340510766,0.0485728592889334,0.0100150225338007
173773.411807,2502366.126422,0,0.000732600732600733,0.995421245421245,0.00384615384615385,0,0
174273.411807,2502366.126422,0.00055005500550055,0.000366703337000367,0.94976164283095,0.0482214888155482,0.0011001100110011,0
174773.411807,2502366.126422,0.373076923076923,0.00659340659340659,0.021978021978022,0.46007326007326,0.0765567765567766,0.0617216117216117
175273.411807,2502366.126422,0.0124542124542125,0.0195970695970696,0.192124542124542,0.734249084249084,0.0391941391941392,0.00238095238095238
175773.411807,2502366.126422,0.0231023102310231,0.0161349468280161,0.0251191785845251,0.731206453978731,0.0982764943160983,0.106160616061606
176273.411807,2502366.126422,0.0203296703296703,0.00201465201465201,0.108974358974359,0.778388278388278,0.0659340659340659,0.0243589743589744
176773.411807,2502366.126422,0.0877289377289377,0.0232600732600733,0.0100732600732601,0.669047619047619,0.116483516483516,0.0934065934065934
177273.411807,2502366.126422,0.0498716538320499,0.0482214888155482,0.0474880821415475,0.772827282728273,0.0542720938760543,0.0273193986065273
177773.411807,2502366.126422,0.00238095238095238,0.00586080586080586,0.175091575091575,0.807142857142857,0.00952380952380952,0
178273.411807,2502366.126422,0.00842490842490842,0.00421245421245421,0.0454212454212454,0.924725274725275,0.0166666666666667,0.000549450549450549
178773.411807,2502366.126422,0.0176017601760176,0.0135680234690136,0.0616061606160616,0.830766409974331,0.0705903923725706,0.00586725339200587
179273.411807,2502366.126422,0.0274725274725275,0.0293040293040293,0.0230769230769231,0.833516483516484,0.0787545787545788,0.00787545787545788
179773.411807,2502366.126422,0.00952380952380952,0.0148351648351648,0.0153846153846154,0.921428571428571,0.0340659340659341,0.00476190476190476
180273.411807,2502366.126422,0.0190685735240191,0.00733406674000733,0.0143014301430143,0.883388338833883,0.0711404473780711,0.00476714338100477
180773.411807,2502366.126422,0.0360805860805861,0.036996336996337,0.00897435897435897,0.896886446886447,0.0128205128205128,0.00824175824175824
181273.411807,2502366.126422,0.0399267399267399,0.065018315018315,0.0131868131868132,0.877655677655678,0.00274725274725275,0.00146520146520147
181773.411807,2502366.126422,0.136230289695636,0.156215621562156,0.000366703337000367,0.602310231023102,0.0656398973230656,0.0392372570590392
182273.411807,2502366.126422,0.178754578754579,0.133150183150183,0,0.128754578754579,0.209157509157509,0.35018315018315
182773.411807,2502366.126422,0.130586080586081,0.0611721611721612,0,0.391758241758242,0.266300366300366,0.15018315018315
183273.411807,2502366.126422,0.0605060506050605,0.0234690135680235,0.000733406674000733,0.717821782178218,0.185551888522186,0.0119178584525119
183773.411807,2502366.126422,0.0208791208791209,0.0104395604395604,0.00641025641025641,0.897069597069597,0.0641025641025641,0.0010989010989011
184273.411807,2502366.126422,0.0917582417582418,0.0635531135531135,0.00366300366300366,0.736446886446886,0.0467032967032967,0.0578754578754579
184773.411807,2502366.126422,0.142830949761643,0.0302530253025303,0,0.453978731206454,0.206270627062706,0.166666666666667
185273.411807,2502366.126422,0.248717948717949,0.0210622710622711,0,0.294322344322344,0.13021978021978,0.305677655677656
174273.411807,2501866.126422,0.159611508154664,0.0293201392706615,0.385376580538758,0.309327469305479,0.0278541323071285,0.0885101704233095
174773.411807,2501866.126422,0.0082583960359699,0.00385391815011929,0,0.955588181317673,0.0260598274912828,0.00623967700495504
175273.411807,2501866.126422,0,0,0.555474050981111,0.444525949018889,0,0
175773.411807,2501866.126422,0,0,0.164009529045263,0.835990470954737,0,0
176273.411807,2501866.126422,0.00385391815011929,0.000367039823820885,0.163149201688383,0.786199302624335,0.0442282987704166,0.00220223894292531
176773.411807,2501866.126422,0.00110031175499725,0.00275077938749312,0.29983495323675,0.659453511828351,0.0324591967724189,0.004401247019989
177273.411807,2501866.126422,0.0137438152831226,0.023089609675646,0.251786695986806,0.662818398387392,0.0392156862745098,0.00934579439252336
177773.411807,2501866.126422,0.0440447788585061,0.0256927876674619,0.0855202789502661,0.763993393283171,0.0601945311066251,0.0205542301339695
178273.411807,2501866.126422,0.0385109114249037,0.0205391527599487,0.0256739409499358,0.830001833852925,0.070786722904823,0.0144874381074638
178773.411807,2501866.126422,0.0122778083195895,0.00513102437236577,0.0313358988455195,0.925416895730255,0.0199743448781382,0.00586402785413231
179273.411807,2501866.126422,0.019086070838686,0.0137639933932832,0.0242246283721784,0.832813360249587,0.0992842723435493,0.0108276748027161
179773.411807,2501866.126422,0.0302585732624244,0.0430955437373923,0.0110031175499725,0.843388960205392,0.0696864111498258,0.00256739409499358
180273.411807,2501866.126422,0.0328019058090526,0.0223566061938794,0.00586402785413231,0.824995418728239,0.100421477002016,0.013560564412681
180773.411807,2501866.126422,0.0734079647641769,0.0985501926959075,0.000734079647641769,0.760506514956873,0.0565241328684162,0.0102771150669848
181273.411807,2501866.126422,0.108564093159729,0.130570328259674,0.0022006235099945,0.666788923528333,0.0612506876948469,0.0306253438474234
181773.411807,2501866.126422,0.0540590067802822,0.122045079714129,0.00971229613340663,0.81051859996335,0.00348176653839106,0.000183250870441635
182273.411807,2501866.126422,0.183336391998532,0.203890622132501,0,0.260231235089007,0.276748027160947,0.0757937236190127
182773.411807,2501866.126422,0.0304419585549239,0.0330093526499175,0.00861910874747845,0.849440674857876,0.0678525582248304,0.0106363469649734
183273.411807,2501866.126422,0.0978559648158329,0.0390324354040682,0.000366501740883269,0.610775151181968,0.212571009712296,0.0393989371449514
183773.411807,2501866.126422,0.119654982565608,0.0616626904019086,0.00110111947146265,0.494402642686732,0.193062947329785,0.130115617544504
184273.411807,2501866.126422,0.14395745461214,0.057216211259857,0,0.432239134421419,0.176966807262058,0.189620392444526
184773.411807,2501866.126422,0.277441817848635,0.0819131390874107,0,0.107201759208356,0.194612424409016,0.338830859446582
185273.411807,2501866.126422,0.331253440998348,0.0137639933932832,0,0.220407414204441,0.0915764360433107,0.342998715360617
174273.411807,2501366.126422,0.0243589743589744,0.0197802197802198,0.810622710622711,0.0468864468864469,0.0236263736263736,0.0747252747252747
174773.411807,2501366.126422,0.0187155963302752,0.0144954128440367,0.208073394495413,0.662752293577982,0.0627522935779816,0.0332110091743119
175273.411807,2501366.126422,0.00421940928270042,0.00165107319757843,0.193542469271693,0.77178499357916,0.0288020546688681,0
175773.411807,2501366.126422,0.000183150183150183,0,0.0915750915750916,0.903846153846154,0.0043956043956044,0
176273.411807,2501366.126422,0,0,0.0192660550458716,0.980733944954128,0,0
176773.411807,2501366.126422,0,0,0.00953953403045313,0.990460465969547,0,0
177273.411807,2501366.126422,0.00201465201465201,0.0250915750915751,0.0360805860805861,0.917582417582418,0.0177655677655678,0.00146520146520147
177773.411807,2501366.126422,0.0332110091743119,0.0877064220183486,0.0647706422018349,0.628990825688073,0.138348623853211,0.0469724770642202
178273.411807,2501366.126422,0.0636580443955238,0.0576041093377362,0.030820033021464,0.742249128600257,0.0555861309851403,0.0500825536598789
178773.411807,2501366.126422,0.0184981684981685,0.0241758241758242,0.0710622710622711,0.801098901098901,0.0765567765567766,0.00860805860805861
179273.411807,2501366.126422,0.0548623853211009,0.0277064220183486,0.0299082568807339,0.835963302752294,0.0385321100917431,0.0130275229357798
179773.411807,2501366.126422,0.0332049165290772,0.0310034855989727,0.0121078701155751,0.826637314254265,0.0889745000917263,0.00807191341038342
180273.411807,2501366.126422,0.0483516483516484,0.0265567765567766,0.00402930402930403,0.743406593406593,0.147069597069597,0.0305860805860806
180773.411807,2501366.126422,0.00293577981651376,0.036697247706422,0.0154128440366972,0.931559633027523,0.0121100917431193,0.00128440366972477
181273.411807,2501366.126422,0.0313703907539901,0.0247660979636764,0.0110071546505228,0.878004035956705,0.0524674371674922,0.00238488350761328
181773.411807,2501366.126422,0.0241758241758242,0.0249084249084249,0.015018315018315,0.934615384615385,0.00128205128205128,0
182273.411807,2501366.126422,0.0256880733944954,0.0418348623853211,0.00532110091743119,0.915779816513762,0.0104587155963303,0.000917431192660551
182773.411807,2501366.126422,0.0168776371308017,0.0135754907356448,0.00843881856540084,0.952302329847734,0.00862227114290956,0.000183452577508714
183273.411807,2501366.126422,0.126739926739927,0.20989010989011,0,0.484065934065934,0.102747252747253,0.0765567765567766
183773.411807,2501366.126422,0.270275229357798,0.160366972477064,0,0.186605504587156,0.0970642201834862,0.285688073394495
184273.411807,2501366.126422,0.0669601907906806,0.021830856723537,0,0.620986974866997,0.107686662997615,0.18253531462117
184773.411807,2501366.126422,0.198168498168498,0.0194139194139194,0,0.282417582417582,0.207692307692308,0.292307692307692
185273.411807,2501366.126422,0.376697247706422,0.0108256880733945,0,0.158715596330275,0.0873394495412844,0.366422018348624
175273.411807,2500866.126422,0.0695970695970696,0.0234432234432234,0.0659340659340659,0.738644688644689,0.0653846153846154,0.036996336996337
175773.411807,2500866.126422,0.0231023102310231,0.0383204987165383,0.124679134580125,0.711587825449212,0.0588558855885589,0.0434543454345435
176273.411807,2500866.126422,0,0,0.223260073260073,0.77014652014652,0.00659340659340659,0
176773.411807,2500866.126422,0.0133699633699634,0.0194139194139194,0.0117216117216117,0.871245421245421,0.0730769230769231,0.0111721611721612
177273.411807,2500866.126422,0.00238357169050238,0.00293362669600293,0.0491382471580491,0.938210487715438,0.00568390172350568,0.00165016501650165
177773.411807,2500866.126422,0.0404761904761905,0.0763736263736264,0.0192307692307692,0.733150183150183,0.0796703296703297,0.0510989010989011
178273.411807,2500866.126422,0.0531135531135531,0.0512820512820513,0.0161172161172161,0.577106227106227,0.116300366300366,0.186080586080586
178773.411807,2500866.126422,0.101393472680601,0.0407040704070407,0.0264026402640264,0.57975797579758,0.117895122845618,0.133846718005134
179273.411807,2500866.126422,0.145787545787546,0.0893772893772894,0.0120879120879121,0.60018315018315,0.0565934065934066,0.095970695970696
179773.411807,2500866.126422,0.0681318681318681,0.196703296703297,0.000915750915750916,0.475457875457875,0.144139194139194,0.114652014652015
180273.411807,2500866.126422,0.0328199486615328,0.0451045104510451,0.0177851118445178,0.835350201686835,0.063989732306564,0.00495049504950495
180773.411807,2500866.126422,0.0032967032967033,0.00293040293040293,0.0148351648351648,0.967216117216117,0.00860805860805861,0.00311355311355311
181273.411807,2500866.126422,0.00347985347985348,0.00567765567765568,0.0234432234432234,0.963003663003663,0.00384615384615385,0.000549450549450549
181773.411807,2500866.126422,0.105977264393106,0.117711771177118,0.00311697836450312,0.722405573890722,0.0386872020535387,0.0121012101210121
182273.411807,2500866.126422,0.019047619047619,0.0642857142857143,0.015018315018315,0.894505494505495,0.00586080586080586,0.00128205128205128
182773.411807,2500866.126422,0.043040293040293,0.0644688644688645,0.000732600732600733,0.741025641025641,0.131135531135531,0.0195970695970696
183273.411807,2500866.126422,0.083975064173084,0.142830949761643,0,0.333883388338834,0.248808214154749,0.19050238357169
183773.411807,2500866.126422,0.131135531135531,0.0232600732600733,0,0.332967032967033,0.187728937728938,0.324908424908425
184273.411807,2500866.126422,0.132783882783883,0.0164835164835165,0,0.470879120879121,0.144505494505494,0.235347985347985
184773.411807,2500866.126422,0.23964063072974,0.0188852218555189,0,0.18041804180418,0.130913091309131,0.43014301430143
185273.411807,2500866.126422,0.575824175824176,0.000183150183150183,0,0.000366300366300366,0.00201465201465201,0.421611721611722
175273.411807,2500366.126422,0.0766550522648084,0.0520814230698698,0.0106363469649734,0.757748028608106,0.0555657436273611,0.0473134054648817
175773.411807,2500366.126422,0.0615722924683892,0.0263881253435954,0.00733003481766538,0.719076415612974,0.103536741799524,0.0820963899578523
176273.411807,2500366.126422,0.0106441548908057,0.0618462103138191,0.294365938704349,0.617728023490549,0.00605615709304459,0.00935951550743256
176773.411807,2500366.126422,0.0075187969924812,0.00898587933247754,0.0390610673024023,0.907023656702732,0.0326425820649184,0.00476801760498808
177273.411807,2500366.126422,0.011544804837823,0.0126443100604728,0.134322888033718,0.783763972878871,0.0454462158695254,0.0122778083195895
177773.411807,2500366.126422,0.00513855753349238,0.00440447788585061,0.183336391998532,0.771334189759589,0.0293631859056708,0.00642319691686548
178273.411807,2500366.126422,0.0907757197872731,0.0594168347698515,0.0075187969924812,0.608289015220979,0.160645516229598,0.0733541169998166
178773.411807,2500366.126422,0.0284038849184534,0.0342679127725857,0.0577240241891149,0.788528495510354,0.0760491112332784,0.015026571376214
179273.411807,2500366.126422,0.049366856303909,0.143512571113966,0.00422095797394017,0.437511469994494,0.235272527069187,0.130115617544504
179773.411807,2500366.126422,0.190720704199523,0.222079589216945,0,0.282413350449294,0.262424353566844,0.0423620025673941
180273.411807,2500366.126422,0.0362836723474437,0.0780648708081363,0.00678028220634048,0.660802638812534,0.201026204874473,0.017042330951072
180773.411807,2500366.126422,0.0321159845843274,0.0401908607083869,0.0126628739218205,0.835015599192512,0.0748761240594605,0.00513855753349238
181273.411807,2500366.126422,0.00403447643498991,0.00311754997249221,0.0198056115899505,0.957087841555107,0.0144874381074638,0.00146708233999633
181773.411807,2500366.126422,0.00623052959501558,0.0119113065787062,0.0042147700201576,0.969580355506689,0.00787978742899029,0.000183250870441635
182273.411807,2500366.126422,0.051018535511103,0.065149568728207,0.00752431638832813,0.865479904569646,0.00972655533125344,0.00110111947146265
182773.411807,2500366.126422,0.177883733724555,0.320557491289199,0,0.280946268109298,0.145241151659637,0.0753713552173116
183273.411807,2500366.126422,0.0683525746747297,0.0273043796958036,0,0.632765255634964,0.142569177203592,0.129008612790911
183773.411807,2500366.126422,0.319875206459901,0.136355294549459,0.00385391815011929,0.214351257111397,0.0945127546338778,0.231051569095247
184273.411807,2500366.126422,0.139006051714652,0.154227030992114,0,0.246653218411883,0.135338345864662,0.324775353016688
184773.411807,2500366.126422,0.265347260399487,0.00403151914971596,0,0.134689389774601,0.135422393256368,0.460509437419828
185273.411807,2500366.126422,0.395668930078914,0.000550559735731327,0,0.00880895577170123,0.00660671682877592,0.588364837584878
175773.411807,2499866.126422,0.0992673992673993,0.0338827838827839,0.00128205128205128,0.730586080586081,0.0684981684981685,0.0664835164835165
176273.411807,2499866.126422,0.00844036697247706,0.0115596330275229,0.363669724770642,0.597247706422018,0.015045871559633,0.00403669724770642
176773.411807,2499866.126422,0.000733810310034856,0.00183452577508714,0.393505778756192,0.596954687213355,0.00678774536782242,0.000183452577508714
177273.411807,2499866.126422,0.00457875457875458,0.0131868131868132,0.00476190476190476,0.925824175824176,0.0395604395604396,0.0120879120879121
177773.411807,2499866.126422,0.00293577981651376,0.00422018348623853,0.251743119266055,0.735779816513761,0.00532110091743119,0
178273.411807,2499866.126422,0.00642084021280499,0.0150431113557145,0.0460465969546872,0.811410750321042,0.0774169877086773,0.0436617134470739
178773.411807,2499866.126422,0.0108058608058608,0.200915750915751,0.0234432234432234,0.563919413919414,0.191575091575092,0.00934065934065934
179273.411807,2499866.126422,0.00477064220183486,0.232293577981651,0.00036697247706422,0.471743119266055,0.247522935779817,0.043302752293578
179773.411807,2499866.126422,0.0278847917813245,0.0355898000366905,0.0157769216657494,0.604109337736195,0.241423592001468,0.0752155567785727
180273.411807,2499866.126422,0.00695970695970696,0.0318681318681319,0.0296703296703297,0.880952380952381,0.0428571428571429,0.00769230769230769
180773.411807,2499866.126422,0.0440366972477064,0.0422018348623853,0.0201834862385321,0.822935779816514,0.0544954128440367,0.0161467889908257
181273.411807,2499866.126422,0.00807191341038342,0.00311869381764814,0.0344890845716382,0.94294624839479,0.010273344340488,0.00110071546505228
181773.411807,2499866.126422,0.0250915750915751,0.0188644688644689,0.00659340659340659,0.898351648351648,0.0435897435897436,0.00750915750915751
182273.411807,2499866.126422,0.0495412844036697,0.0642201834862385,0.0194495412844037,0.818165137614679,0.0460550458715596,0.00256880733944954
182773.411807,2499866.126422,0.0319207484865162,0.0618235186204366,0,0.718400293524124,0.126215373325995,0.0616400660429279
183273.411807,2499866.126422,0.1003663003663,0.156227106227106,0,0.405128205128205,0.145787545787546,0.192490842490843
183773.411807,2499866.126422,0.18697247706422,0.146788990825688,0,0.178532110091743,0.0910091743119266,0.396697247706422
184273.411807,2499866.126422,0.105118326912493,0.0768666299761512,0,0.64905521922583,0.0922766464868831,0.0766831773986425
184773.411807,2499866.126422,0.165934065934066,0.205311355311355,0.000732600732600733,0.270879120879121,0.1503663003663,0.206776556776557
185273.411807,2499866.126422,0.25743119266055,0.0218348623853211,0,0.131192660550459,0.0908256880733945,0.498715596330275
176273.411807,2499366.126422,0.0496336996336996,0.157509157509158,0.060989010989011,0.362637362637363,0.0862637362637363,0.282967032967033
176773.411807,2499366.126422,0.0032967032967033,0.00366300366300366,0.229120879120879,0.744322344322344,0.0146520146520147,0.00494505494505494
177273.411807,2499366.126422,0.0104510451045105,0.00146681334800147,0.133846718005134,0.84030069673634,0.0137513751375138,0.000183351668500183
177773.411807,2499366.126422,0.00952380952380952,0.0434065934065934,0.0628205128205128,0.839377289377289,0.0326007326007326,0.0122710622710623
178273.411807,2499366.126422,0.0179487179487179,0.0906593406593407,0.0617216117216117,0.512454212454212,0.164468864468864,0.152747252747253
178773.411807,2499366.126422,0.0478547854785479,0.0242024202420242,0.059039237257059,0.702786945361203,0.136230289695636,0.0298863219655299
179273.411807,2499366.126422,0.00366300366300366,0.0124542124542125,0.0153846153846154,0.906776556776557,0.0606227106227106,0.0010989010989011
179773.411807,2499366.126422,0.045970695970696,0.0423076923076923,0.0613553113553114,0.682417582417582,0.103663003663004,0.0642857142857143
180273.411807,2499366.126422,0.0463879721305464,0.1996699669967,0.0256692335900257,0.415291529152915,0.215804913824716,0.0971763843050972
180773.411807,2499366.126422,0.00494505494505494,0.043956043956044,0.0177655677655678,0.916666666666667,0.0135531135531136,0.00311355311355311
181273.411807,2499366.126422,0.0021978021978022,0.00750915750915751,0.00769230769230769,0.942307692307692,0.0388278388278388,0.00146520146520147
181773.411807,2499366.126422,0.0667400073340667,0.0322698936560323,0.00275027502750275,0.7997799779978,0.0539053905390539,0.0445544554455446
182273.411807,2499366.126422,0.00476190476190476,0.0525641025641026,0.000183150183150183,0.661355311355311,0.156227106227106,0.124908424908425
182773.411807,2499366.126422,0.0173992673992674,0.0970695970695971,0,0.443589743589744,0.161538461538462,0.28040293040293
183273.411807,2499366.126422,0.0313531353135314,0.214704803813715,0,0.323248991565823,0.158049138247158,0.272643931059773
183773.411807,2499366.126422,0.039010989010989,0.158608058608059,0,0.373076923076923,0.148534798534799,0.280769230769231
184273.411807,2499366.126422,0.0243589743589744,0.0412087912087912,0,0.864835164835165,0.0254578754578755,0.0441391941391941
184773.411807,2499366.126422,0.20957095709571,0.215254858819215,0,0.33975064173084,0.0643564356435644,0.171067106710671
185273.411807,2499366.126422,0.232783882783883,0.384065934065934,0,0.0785714285714286,0.0684981684981685,0.236080586080586
176773.411807,2498866.126422,0.0601503759398496,0.0302585732624244,0.155327342747112,0.524665321841188,0.129836787089675,0.0997615991197506
177273.411807,2498866.126422,0,0,0.546454095656954,0.453545904343046,0,0
177773.411807,2498866.126422,0.00403743806202973,0.0436777390346853,0.0322995044962378,0.874472380253257,0.038172141677372,0.00734079647641769
178273.411807,2498866.126422,0.00421786172748946,0.0223730056849441,0.0368604437924078,0.907390427287732,0.0212726939299468,0.00788556757748029
178773.411807,2498866.126422,0.0144768187648891,0.00494777350192413,0.0701850833791461,0.831042697452813,0.0758658603628367,0.00348176653839106
179273.411807,2498866.126422,0.114149385208295,0.0466140576252523,0.034868783262984,0.534960543218939,0.110111947146265,0.159295283538264
179773.411807,2498866.126422,0.0441958554923895,0.0313588850174216,0.004401247019989,0.730423620025674,0.142673757564643,0.0469466348798826
180273.411807,2498866.126422,0.0254718709913872,0.0454462158695254,0.0657870624885468,0.684075499358622,0.142752428074033,0.0364669232178853
180773.411807,2498866.126422,0.0139475133051936,0.00568911726922371,0.0236740686364471,0.901633327216003,0.0532207744540283,0.00183519911910442
181273.411807,2498866.126422,0.0397946084724005,0.0304419585549239,0.0135705116449661,0.766183752063085,0.0960938932697598,0.0539152759948652
181773.411807,2498866.126422,0.0241891148982958,0.0787978742899029,0.00128275609309144,0.70295033901411,0.113065787062489,0.0797141286421111
182273.411807,2498866.126422,0.0212883097816113,0.151954487061846,0,0.402275646907689,0.13268489631125,0.291796659937603
182773.411807,2498866.126422,0.00641848523748395,0.0629011553273428,0,0.505593251421236,0.190904089492023,0.234183018521915
183273.411807,2498866.126422,0.0971229613340663,0.120579072750596,0.00146600696353308,0.22649807586586,0.245189664650907,0.309144218435038
183773.411807,2498866.126422,0.0471646173609837,0.141677371994861,0,0.549825656083685,0.113965865296385,0.147366489264085
184273.411807,2498866.126422,0.0458463231248854,0.127452778287181,0.00201723821749496,0.654318723638364,0.0326425820649184,0.137722354667156
184773.411807,2498866.126422,0.0720175920835624,0.0846619021440352,0,0.559098405717427,0.107751511819681,0.176470588235294
185273.411807,2498866.126422,0.295834097999633,0.209579739401725,0,0.304459533859424,0.0488162965681776,0.141310332171041
176773.411807,2498366.126422,0.0168776371308017,0.0203632361034673,0.00091726288754357,0.837277563749771,0.102549990827371,0.0220143093010457
177273.411807,2498366.126422,0.00824175824175824,0.00494505494505494,0.406410256410256,0.556410256410256,0.017032967032967,0.00695970695970696
177773.411807,2498366.126422,0,0,0.148990825688073,0.851009174311927,0,0
178273.411807,2498366.126422,0.00807191341038342,0.0146762062006971,0.0135754907356448,0.778205833791965,0.171895065125665,0.0135754907356448
178773.411807,2498366.126422,0.0472527472527473,0.0461538461538462,0.0119047619047619,0.597802197802198,0.226007326007326,0.0708791208791209
179273.411807,2498366.126422,0.0203669724770642,0.00954128440366972,0.0959633027522936,0.797614678899083,0.0563302752293578,0.0201834862385321
179773.411807,2498366.126422,0.0388919464318474,0.0100898917629793,0.0207301412584847,0.82590350394423,0.075032104201064,0.0293524124013942
180273.411807,2498366.126422,0.0584249084249084,0.0217948717948718,0.00750915750915751,0.750549450549451,0.0844322344322344,0.0772893772893773
180773.411807,2498366.126422,0.107155963302752,0.149724770642202,0.0755963302752294,0.457247706422018,0.0853211009174312,0.124954128440367
181273.411807,2498366.126422,0.130985140341222,0.0897083104017612,0.0146762062006971,0.504678040726472,0.140708126949184,0.119244175380664
181773.411807,2498366.126422,0.0523809523809524,0.278021978021978,0.000366300366300366,0.397802197802198,0.121062271062271,0.1503663003663
182273.411807,2498366.126422,0.0288073394495413,0.194862385321101,0.00256880733944954,0.389908256880734,0.12348623853211,0.260366972477064
182773.411807,2498366.126422,0.071179600073381,0.0629242340854889,0.00330214639515685,0.561731792331682,0.126031920748487,0.174830306365804
183273.411807,2498366.126422,0.0802197802197802,0.0355311355311355,0.00494505494505494,0.71043956043956,0.086996336996337,0.0818681318681319
183773.411807,2498366.126422,0.0422018348623853,0.0803669724770642,0.00110091743119266,0.774128440366972,0.0403669724770642,0.0618348623853211
184273.411807,2498366.126422,0.0390753990093561,0.0684278114107503,0.0078884608328747,0.820033021463952,0.0322876536415337,0.0322876536415337
184773.411807,2498366.126422,0.0690476190476191,0.131501831501832,0,0.412454212454212,0.0736263736263736,0.313369963369963
185273.411807,2498366.126422,0.238348623853211,0.308256880733945,0,0.193577981651376,0.0605504587155963,0.199266055045872
177273.411807,2497866.126422,0.0674734140080675,0.0295196186285295,0.0201686835350202,0.712321232123212,0.052988632196553,0.117528419508618
177773.411807,2497866.126422,0.00146520146520147,0.0010989010989011,0.195787545787546,0.796886446886447,0.00476190476190476,0
178273.411807,2497866.126422,0.00952380952380952,0.0133699633699634,0.130952380952381,0.782051282051282,0.0543956043956044,0.00970695970695971
178773.411807,2497866.126422,0.0249358269160249,0.0682068206820682,0.166116611661166,0.71012101210121,0.0256692335900257,0.00495049504950495
179273.411807,2497866.126422,0.0371794871794872,0.12985347985348,0.118681318681319,0.635714285714286,0.0419413919413919,0.0366300366300366
179773.411807,2497866.126422,0.0695970695970696,0.0289377289377289,0.0157509157509158,0.778205128205128,0.0628205128205128,0.0446886446886447
180273.411807,2497866.126422,0.0335533553355336,0.00605060506050605,0.0132013201320132,0.884855152181885,0.0414374770810414,0.0209020902090209
180773.411807,2497866.126422,0.0622710622710623,0.0311355311355311,0.0937728937728938,0.662820512820513,0.0745421245421245,0.0754578754578755
181273.411807,2497866.126422,0.0357142857142857,0.0562271062271062,0.00531135531135531,0.582783882783883,0.135897435897436,0.184065934065934
181773.411807,2497866.126422,0.0102676934360103,0.416024935826916,0,0.241474147414741,0.0645397873120645,0.267693436010268
182273.411807,2497866.126422,0.034981684981685,0.383699633699634,0.00567765567765568,0.227655677655678,0.115018315018315,0.232967032967033
182773.411807,2497866.126422,0.0851648351648352,0.142307692307692,0,0.139010989010989,0.145604395604396,0.487912087912088
183273.411807,2497866.126422,0.0872753942060873,0.294829482948295,0,0.00678401173450678,0.0452878621195453,0.565823248991566
183773.411807,2497866.126422,0.0426739926739927,0.213369963369963,0.000549450549450549,0.295054945054945,0.0619047619047619,0.386446886446886
184273.411807,2497866.126422,0.0527472527472527,0.176556776556777,0.00201465201465201,0.197985347985348,0.128021978021978,0.442673992673993
184773.411807,2497866.126422,0.0427209387605427,0.242024202420242,0,0.266409974330766,0.0828749541620829,0.365969930326366
185273.411807,2497866.126422,0.0434065934065934,0.0692307692307692,0,0.55970695970696,0.125824175824176,0.201831501831502
177773.411807,2497366.126422,0.0273444668746559,0.00568911726922371,0.140576252523399,0.757937236190127,0.0322995044962378,0.0361534226463571
178273.411807,2497366.126422,0.00128369704749679,0.000550155877498625,0.132587566477169,0.862094260040345,0.00128369704749679,0.0022006235099945
178773.411807,2497366.126422,0.000366501740883269,0.00201575957485798,0.0229063588052043,0.97306212204508,0.00164925783397471,0
179273.411807,2497366.126422,0.0282620664342081,0.0378051018535511,0.0374380620297302,0.823086804918334,0.0440447788585061,0.0293631859056708
179773.411807,2497366.126422,0.0335595085274161,0.0207225380524482,0.0678525582248304,0.799926645883,0.0533651201173666,0.0245736291949386
180273.411807,2497366.126422,0.0163093274693055,0.00824628916987356,0.0146600696353308,0.908008063038299,0.0318856514568444,0.0208905992303463
180773.411807,2497366.126422,0.000183519911910442,0.0034868783262984,0.106074509084236,0.882547256377317,0.00770783630023858,0
181273.411807,2497366.126422,0.0737208875848157,0.0502475701448744,0.0496974142673758,0.538235833486154,0.109847790207225,0.178250504309554
181773.411807,2497366.126422,0.00183250870441635,0.0659703133589885,0.0254718709913872,0.637346527396005,0.0500274876305662,0.219351291918637
182273.411807,2497366.126422,0,0.0324830244081483,0.00550559735731327,0.745824922004037,0.0416590200036704,0.174527436226831
182773.411807,2497366.126422,0,0.0174216027874564,0.00275077938749312,0.70805061434073,0.0476801760498808,0.22409682743444
183273.411807,2497366.126422,0.0053142752428074,0.163093274693055,0,0.520065970313359,0.0557082646142569,0.255818215136522
183773.411807,2497366.126422,0.00495503762158194,0.347953752982199,0,0.346852633510736,0.0495503762158194,0.250688199669664
184273.411807,2497366.126422,0.0100861910874748,0.119750596002201,0,0.327709517696681,0.037593984962406,0.504859710251238
184773.411807,2497366.126422,0.00329851566794942,0.225398570643211,0,0.300531427524281,0.0337181601612608,0.437053326003298
185273.411807,2497366.126422,0.0532207744540283,0.192879427417875,0,0.459350339511837,0.0543218939254909,0.240227564690769
178273.411807,2496866.126422,0.0110071546505228,0.076316272243625,0.123647037240873,0.754540451293341,0.0293524124013942,0.00513667217024399
178773.411807,2496866.126422,0,0.000183150183150183,0.161355311355311,0.838461538461538,0,0
179273.411807,2496866.126422,0.0102752293577982,0.00495412844036697,0.12348623853211,0.825504587155963,0.0278899082568807,0.00788990825688073
179773.411807,2496866.126422,0.0511832691249312,0.0113740598055403,0.136121812511466,0.68904788112273,0.064758759860576,0.0475142175747569
180273.411807,2496866.126422,0.00677655677655678,0.0210622710622711,0.0212454212454212,0.909157509157509,0.0236263736263736,0.0181318681318681
180773.411807,2496866.126422,0.00385321100917431,0.00495412844036697,0.0801834862385321,0.889908256880734,0.02,0.00110091743119266
181273.411807,2496866.126422,0.026967528893781,0.01284168042561,0.00165107319757843,0.900018345257751,0.030820033021464,0.0277013392038158
181773.411807,2496866.126422,0.071978021978022,0.102380952380952,0.00952380952380952,0.570879120879121,0.155311355311355,0.0899267399267399
182273.411807,2496866.126422,0.0447706422018349,0.0401834862385321,0.0499082568807339,0.690091743119266,0.108073394495413,0.0669724770642202
182773.411807,2496866.126422,0.0931939093744267,0.0183452577508714,0,0.703540634745918,0.0948449825720051,0.0900752155567786
183273.411807,2496866.126422,0.0351648351648352,0.036996336996337,0,0.824542124542124,0.0435897435897436,0.0597069597069597
183773.411807,2496866.126422,0.0139449541284404,0.0409174311926606,0.00073394495412844,0.864036697247706,0.0388990825688073,0.0414678899082569
184273.411807,2496866.126422,0.064758759860576,0.023115024766098,0.00678774536782242,0.832507796734544,0.0315538433314988,0.0412768299394606
184773.411807,2496866.126422,0.0340659340659341,0.0782051282051282,0,0.588095238095238,0.0380952380952381,0.261538461538462
185273.411807,2496866.126422,0.0227522935779817,0.0965137614678899,0,0.354678899082569,0.0746788990825688,0.451376146788991
178273.411807,2496366.126422,0.045970695970696,0.0106227106227106,0.0159340659340659,0.874908424908425,0.0318681318681319,0.0206959706959707
178773.411807,2496366.126422,0.0161349468280161,0.00788412174550788,0.251191785845251,0.719288595526219,0.00531719838650532,0.000183351668500183
179273.411807,2496366.126422,0.00146520146520147,0,0.1003663003663,0.895238095238095,0.00293040293040293,0
179773.411807,2496366.126422,0.0316849816849817,0.0432234432234432,0.0366300366300366,0.782051282051282,0.0663003663003663,0.0401098901098901
180273.411807,2496366.126422,0.0363036303630363,0.0231023102310231,0.0782911624495783,0.772093876054272,0.0848918225155849,0.00531719838650532
180773.411807,2496366.126422,0.0289377289377289,0.026007326007326,0.0637362637362637,0.819230769230769,0.0377289377289377,0.0243589743589744
181273.411807,2496366.126422,0.0203296703296703,0.0274725274725275,0.00695970695970696,0.893040293040293,0.0413919413919414,0.0108058608058608
181773.411807,2496366.126422,0.0955262192885955,0.050971763843051,0.000366703337000367,0.632013201320132,0.101210121012101,0.11991199119912
182273.411807,2496366.126422,0.084981684981685,0.0265567765567766,0.00622710622710623,0.657875457875458,0.115201465201465,0.109157509157509
182773.411807,2496366.126422,0.0672161172161172,0.017032967032967,0.0322344322344322,0.749267399267399,0.0802197802197802,0.054029304029304
183273.411807,2496366.126422,0.0146681334800147,0.0207187385405207,0.0652731939860653,0.873487348734873,0.0154015401540154,0.0104510451045105
183773.411807,2496366.126422,0.128021978021978,0.104578754578755,0.00970695970695971,0.562820512820513,0.0412087912087912,0.153663003663004
184273.411807,2496366.126422,0.114102564102564,0.152564102564103,0.00146520146520147,0.651465201465201,0.0194139194139194,0.060989010989011
184773.411807,2496366.126422,0.0826916024935827,0.134030069673634,0,0.698936560322699,0.0467546754675468,0.0375870920425376
185273.411807,2496366.126422,0.175824175824176,0.363919413919414,0,0.40952380952381,0.0117216117216117,0.039010989010989
178773.411807,2495866.126422,0.0196078431372549,0.0491112332783581,0.009529045262965,0.78028220634048,0.0864944108484515,0.0549752611324904
179273.411807,2495866.126422,0.00770783630023858,0.0012846393833731,0.080932281152505,0.903652046247018,0.00440447788585061,0.00201871903101487
179773.411807,2495866.126422,0.00586832935998533,0.0209059233449477,0.113515496057216,0.855309004217862,0.004401247019989,0
180273.411807,2495866.126422,0.00513102437236577,0.0124610591900312,0.0492944841487997,0.874839655488364,0.0580905259299982,0.000183250870441635
180773.411807,2495866.126422,0.0178014314553129,0.0308313452009543,0.0416590200036704,0.805285373463021,0.0456964580657001,0.0587263718113415
181273.411807,2495866.126422,0.0441958554923895,0.0322758114799193,0.0680359435173299,0.815331010452962,0.024390243902439,0.0157711351549606
181773.411807,2495866.126422,0.0918086860912589,0.0362836723474437,0.0291368884002199,0.596298332417079,0.109950522264981,0.136521898479018
182273.411807,2495866.126422,0.0831345200954303,0.0416590200036704,0.0453294182418792,0.728941090108277,0.0519361350706552,0.0489998164800881
182773.411807,2495866.126422,0.0522648083623693,0.0610673024023473,0.22006235099945,0.627177700348432,0.0183385292499542,0.0210893086374473
183273.411807,2495866.126422,0.0575407733186733,0.0509437419827744,0.0386659336631849,0.809968847352025,0.0241891148982958,0.0186915887850467
183773.411807,2495866.126422,0.0473481372728941,0.0491833363919985,0.0012846393833731,0.800330335841439,0.0662506881996697,0.0356028629106258
184273.411807,2495866.126422,0.220429121584449,0.0403447643498991,0.00770218228498074,0.703465982028241,0.0273244085824317,0.000733541169998166
184773.411807,2495866.126422,0.00733003481766538,0.0267546270844787,0.00256551218618288,0.946124244090159,0.0153930731170973,0.00183250870441635
185273.411807,2495866.126422,0.0985501926959075,0.21159845843274,0,0.389062213250138,0.0614791704899982,0.239309965131217
179273.411807,2495366.126422,0.0220183486238532,0.00899082568807339,0.148440366972477,0.772110091743119,0.0286238532110092,0.0198165137614679
179773.411807,2495366.126422,0.000183452577508714,0.00238488350761328,0.0667767382131719,0.927719684461567,0.00293524124013942,0
180273.411807,2495366.126422,0.00183150183150183,0.000183150183150183,0.102197802197802,0.893406593406593,0.00238095238095238,0
180773.411807,2495366.126422,0,0,0.101100917431193,0.898899082568807,0,0
181273.411807,2495366.126422,0.001284168042561,0.00238488350761328,0.105118326912493,0.891212621537333,0,0
181773.411807,2495366.126422,0.0139194139194139,0.0205128205128205,0.0580586080586081,0.872344322344322,0.0272893772893773,0.00787545787545788
182273.411807,2495366.126422,0.0341284403669725,0.0574311926605505,0.0900917431192661,0.760366972477064,0.0388990825688073,0.0190825688073394
182773.411807,2495366.126422,0.0328380113740598,0.0288020546688681,0.0931939093744267,0.776187855439369,0.0482480278847918,0.0207301412584847
183273.411807,2495366.126422,0.0716117216117216,0.0928571428571429,0.0558608058608059,0.695970695970696,0.039010989010989,0.0446886446886447
183773.411807,2495366.126422,0.201834862385321,0.0394495412844037,0.0368807339449541,0.708256880733945,0.00880733944954129,0.00477064220183486
