"x","y","forest","agri","water","built","other","grass"
300773.411807,2723866.126422,0.973944105904602,0.0132380752258878,0,0,0.000630384534566085,0.0121874343349443
301273.411807,2723866.126422,0.935448377040161,0.0124701998899688,0,0,0,0.0520814230698698
301773.411807,2723866.126422,0.9507055158512,0.00109950522264981,0,0,0,0.0481949789261499
302273.411807,2723866.126422,0.782161864562305,0.0311983850247752,0.0110111947146265,0.039823820884566,0.0378051018535511,0.0979996329601762
302773.411807,2723866.126422,0.856592701265358,0.0328259673574179,0,0.00110031175499725,0.00201723821749496,0.107463781404731
303273.411807,2723866.126422,0.775334432838556,0.059190031152648,0,0,0,0.165475536008796
303773.411807,2723866.126422,0.761791154340246,0.000734079647641769,0,0.000367039823820885,0.000550559735731327,0.23655716645256
304273.411807,2723866.126422,0.401797175866495,0.0381441408399046,0,0.0755547405098111,0.0451127819548872,0.439391160828902
304773.411807,2723866.126422,0,0.00879604178119846,0.0643210555250137,0.407183434121312,0.282206340480117,0.237493128092358
305273.411807,2723866.126422,0.549825656083685,0.0315654248485961,0.136355294549459,0.236006606716829,0.0124793540099101,0.0337676637915214
305773.411807,2723866.126422,0.848707133687878,0.0262240968274344,0.000183385292499542,0.000183385292499542,0.00348432055749129,0.121217678342197
306273.411807,2723866.126422,0.742899028770387,0.0357339197361187,0,0.000366501740883269,0.000549752611324904,0.220450797141286
306773.411807,2723866.126422,0.940723068452927,0.00385391815011929,0,0,0.0012846393833731,0.0541383740135805
307273.411807,2723866.126422,0.794425087108014,0.0359435173299101,0,0,0,0.169631395562076
307773.411807,2723866.126422,0.932563679677478,0.0163093274693055,0,0,0,0.051126992853216
308273.411807,2723866.126422,0.902000367039824,0.038172141677372,0,0,0,0.0598274912828042
308773.411807,2723866.126422,0.882816798092793,0.0144874381074638,0,0,0,0.102695763799743
309273.411807,2723866.126422,0.911856331317574,0.0370166758292102,0,0,0,0.051126992853216
309773.411807,2723866.126422,0.897595889153973,0,0,0,0,0.102404110846027
310273.411807,2723866.126422,0.789473684210526,0.010819732257473,0.0306253438474234,0.00715202640748212,0.00458463231248854,0.157344580964607
310773.411807,2723866.126422,0.879420927249404,0.00274876305662452,0.0355506688656771,0.00623052959501558,0.00439802089059923,0.0716510903426791
311273.411807,2723866.126422,0.459900899247568,0.0407414204441182,0.295650578087722,0.0326665443200587,0.0313819049366856,0.139658652963847
311773.411807,2723866.126422,0.895653768567761,0.0104529616724739,0.00146708233999633,0.004401247019989,0.00605171465248487,0.0819732257472951
312273.411807,2723866.126422,0.558915154846986,0.101154480483782,0.10646875572659,0.0355506688656771,0.0284038849184534,0.169507055158512
312773.411807,2723866.126422,0.834648559368692,0.0374380620297302,0,0.00146815929528354,0.000734079647641769,0.125711139658653
313273.411807,2723866.126422,0.736463056815151,0.0634835956255001,0,0,0,0.200053347559349
300773.411807,2723366.126422,0.959857082807902,0.0210172341319882,0,0,0,0.0191256830601093
301273.411807,2723366.126422,0.928820399926619,0.0111906072280316,0,0,0,0.0599889928453495
301773.411807,2723366.126422,0.770512820512821,0,0,0,0,0.229487179487179
302273.411807,2723366.126422,0.901651376146789,0.00275229357798165,0,0,0,0.0955963302752294
302773.411807,2723366.126422,0.723720418271877,0.0277013392038158,0.0111906072280316,0.0302696752889378,0.0350394423041644,0.172078517703174
303273.411807,2723366.126422,0.537179487179487,0.0221611721611722,0.0175824175824176,0.0311355311355311,0.0353479853479853,0.356593406593407
303773.411807,2723366.126422,0.247339449541284,0.0812844036697248,0.00128440366972477,0.0486238532110092,0.0319266055045872,0.58954128440367
304273.411807,2723366.126422,0,0.00146762062006971,0.0174279948633278,0.579526692350028,0.235920014676206,0.165657677490369
304773.411807,2723366.126422,0.0293040293040293,0.00201465201465201,0.134249084249084,0.726739926739927,0.0996336996336996,0.00805860805860806
305273.411807,2723366.126422,0.580183486238532,0.0179816513761468,0,0.00513761467889908,0.0073394495412844,0.389357798165138
305773.411807,2723366.126422,0.78169143276463,0.00825536598789213,0,0.001284168042561,0.001284168042561,0.207484865162356
306273.411807,2723366.126422,0.867948717948718,0.0543956043956044,0,0,0,0.0776556776556777
306773.411807,2723366.126422,0.863669724770642,0.108440366972477,0,0,0,0.0278899082568807
307273.411807,2723366.126422,0.889194643184737,0.0306365804439552,0,0,0,0.080168776371308
307773.411807,2723366.126422,0.954212454212454,0.0194139194139194,0,0,0,0.0263736263736264
308273.411807,2723366.126422,0.953394495412844,0.0214678899082569,0,0,0,0.0251376146788991
308773.411807,2723366.126422,0.89011190607228,0.0343056319941295,0,0,0,0.0755824619335902
309273.411807,2723366.126422,0.577289377289377,0.0659340659340659,0,0.0952380952380952,0.163553113553114,0.097985347985348
309773.411807,2723366.126422,0.168990825688073,0.0631192660550459,0.129357798165138,0.0801834862385321,0.0702752293577982,0.488073394495413
310273.411807,2723366.126422,0.572555494404696,0.0986974866996881,0.13832324344157,0.00678774536782242,0.0319207484865162,0.151715281599706
310773.411807,2723366.126422,0.871611721611722,0.0208791208791209,0.0102564102564103,0.00128205128205128,0.0043956043956044,0.0915750915750916
311273.411807,2723366.126422,0.649357798165138,0.041651376146789,0.110642201834862,0.00403669724770642,0.0240366972477064,0.170275229357798
311773.411807,2723366.126422,0.685562282150064,0.0357732526141992,0.124747752705926,0.00733810310034856,0.0168776371308017,0.129700972298661
312273.411807,2723366.126422,0.838644688644689,0.12014652014652,0,0,0,0.0412087912087912
312773.411807,2723366.126422,0.832477064220184,0.117798165137615,0,0,0,0.0497247706422018
313273.411807,2723366.126422,0.782492660795303,0.0234854550306912,0,0,0.00667200427008273,0.187349879903923
300773.411807,2722866.126422,0.89618288590604,0.0786493288590604,0,0,0,0.0251677852348993
301273.411807,2722866.126422,0.765384615384615,0.115018315018315,0,0,0,0.11959706959707
301773.411807,2722866.126422,0.524385771910524,0.198569856985699,0,0.000366703337000367,0.00165016501650165,0.275027502750275
302273.411807,2722866.126422,0.61996336996337,0.0032967032967033,0,0.00494505494505494,0.00824175824175824,0.363553113553114
302773.411807,2722866.126422,0.788644688644689,0.0428571428571429,0,0.0258241758241758,0.0267399267399267,0.115934065934066
303273.411807,2722866.126422,0.424642464246425,0.0238357169050238,0.00733406674000733,0.144664466446645,0.104510451045105,0.295012834616795
303773.411807,2722866.126422,0.00146520146520147,0.262271062271062,0.0336996336996337,0.536263736263736,0.0794871794871795,0.0868131868131868
304273.411807,2722866.126422,0,0,0.0368131868131868,0.948534798534798,0.0146520146520147,0
304773.411807,2722866.126422,0.310597726439311,0.094976164283095,0.0597726439310598,0.435093509350935,0.0135680234690136,0.085991932526586
305273.411807,2722866.126422,0.759523809523809,0.0512820512820513,0,0.0021978021978022,0.00494505494505494,0.182051282051282
305773.411807,2722866.126422,0.525091575091575,0.0476190476190476,0.00183150183150183,0.00787545787545788,0.00659340659340659,0.410989010989011
306273.411807,2722866.126422,0.683901723505684,0.0484048404840484,0,0,0.000366703337000367,0.267326732673267
306773.411807,2722866.126422,0.850549450549451,0.11978021978022,0.000183150183150183,0.00604395604395604,0.00402930402930403,0.0194139194139194
307273.411807,2722866.126422,0.840842490842491,0.0769230769230769,0,0,0,0.0822344322344322
307773.411807,2722866.126422,0.85955262192886,0.0678401173450678,0,0,0,0.0726072607260726
308273.411807,2722866.126422,0.935897435897436,0.0587912087912088,0,0,0,0.00531135531135531
308773.411807,2722866.126422,0.96043956043956,0.00641025641025641,0,0,0,0.0331501831501832
309273.411807,2722866.126422,0.948661532819949,0,0,0,0,0.0513384671800513
309773.411807,2722866.126422,0.576373626373626,0.0608058608058608,0.0304029304029304,0.0487179487179487,0.0197802197802198,0.263919413919414
310273.411807,2722866.126422,0.839010989010989,0.0388278388278388,0.0234432234432234,0.00457875457875458,0.0115384615384615,0.0826007326007326
310773.411807,2722866.126422,0.876420975430876,0.0324532453245325,0.0364869820315365,0.00128346167950128,0.00476714338100477,0.0485881921525486
311273.411807,2722866.126422,0.685164835164835,0.0684981684981685,0.136080586080586,0.00512820512820513,0.0324175824175824,0.0727106227106227
311773.411807,2722866.126422,0.864468864468865,0.0510989010989011,0,0,0.00238095238095238,0.0820512820512821
312273.411807,2722866.126422,0.752658599193253,0.0786578657865787,0,0,0,0.168683535020169
312773.411807,2722866.126422,0.874725274725275,0.0347985347985348,0,0,0,0.0904761904761905
313273.411807,2722866.126422,0.789656091708878,0,0,0,0,0.210343908291122
300773.411807,2722366.126422,0.846606429922253,0.00105064089094348,0,0.00252153813826434,0.00273166631645304,0.147089724732087
301273.411807,2722366.126422,0.826334128002934,0.000550155877498625,0,0,0,0.173115716119567
301773.411807,2722366.126422,0.544621586952538,0.00274876305662452,0,0.00128275609309144,0.00128275609309144,0.450064137804655
302273.411807,2722366.126422,0.406129565057809,0.00917599559552211,0,0.00165167920719398,0.00146815929528354,0.581574600844192
302773.411807,2722366.126422,0.651567944250871,0.030808729139923,0,0.00843572345497891,0.00953603520997616,0.299651567944251
303273.411807,2722366.126422,0.0775151181968114,0.220084295400403,0.0487447315374748,0.555799890049478,0.0382994319223016,0.0595565328935312
303773.411807,2722366.126422,0.0110111947146265,0.236740686364471,0.137823453844742,0.527619746742522,0.0163332721600294,0.0704716461736098
304273.411807,2722366.126422,0.0687694846873281,0.466715569411333,0.00385109114249037,0.173299101412067,0.0495140289748762,0.237850724371905
304773.411807,2722366.126422,0.73318673263698,0.176287337364852,0,0.00311526479750779,0.00494777350192413,0.0824628916987356
305273.411807,2722366.126422,0.663240961644338,0.221141493852083,0,0,0.00110111947146265,0.114516425032116
305773.411807,2722366.126422,0.584448927196039,0.0504309554373739,0,0,0,0.365120117366587
306273.411807,2722366.126422,0.859996334982591,0.0236393622869709,0,0,0,0.116364302730438
306773.411807,2722366.126422,0.885667094879794,0.0570746926041475,0,0,0,0.057258212516058
307273.411807,2722366.126422,0.847423436640381,0.138455895837154,0,0,0,0.0141206675224647
307773.411807,2722366.126422,0.824812167857797,0.00494777350192413,0,0.00146600696353308,0.00201575957485798,0.166758292101887
308273.411807,2722366.126422,0.97082033400624,0.00220223894292531,0,0,0,0.026977427050835
308773.411807,2722366.126422,0.741059966990647,0.01998899688245,0.00275077938749312,0.00623509994498441,0.0130203557674674,0.216944801026958
309273.411807,2722366.126422,0.675645959318307,0.0249221183800623,0,0.00183250870441635,0.00769653655854865,0.289902877038666
309773.411807,2722366.126422,0.852817030647825,0.0541383740135805,0,0.0034868783262984,0.00183519911910442,0.0877225178931914
310273.411807,2722366.126422,0.838987713185403,0.0210893086374473,0.0185219145424537,0.00348432055749129,0.0104529616724739,0.107463781404731
310773.411807,2722366.126422,0.843870258383727,0.0196078431372549,0.0108118013560564,0.00201575957485798,0.00568077698369067,0.118013560564413
311273.411807,2722366.126422,0.888603413470362,0.0119287942741787,0,0,0,0.0994677922554597
311773.411807,2722366.126422,0.735558408215661,0.251421236016871,0,0,0.000916926462497708,0.0121034293049697
312273.411807,2722366.126422,0.747480300531428,0.138537658053876,0,0.000549752611324904,0.00146600696353308,0.111966281839839
312773.411807,2722366.126422,0.801431455312901,0.000734079647641769,0,0,0,0.197834465039457
313273.411807,2722366.126422,0.787409975993598,0.0685516137636703,0,0.00320085356094959,0.00346759135769539,0.137369965324086
300773.411807,2721866.126422,0.744640605296343,0.0304749894913829,0,0.00546448087431694,0.00987810004203447,0.209541824295923
301273.411807,2721866.126422,0.742982938910292,0.00385250412768299,0,0.00275178866263071,0.00293524124013942,0.247477527059255
301773.411807,2721866.126422,0.628388278388278,0.00128205128205128,0,0.00146520146520147,0.00402930402930403,0.364835164835165
302273.411807,2721866.126422,0.331376146788991,0.0684403669724771,0.00403669724770642,0.131192660550459,0.0401834862385321,0.424770642201835
302773.411807,2721866.126422,0.0185287103283801,0.0159603742432581,0.0198128783709411,0.730508163639699,0.135388002201431,0.0798018712162906
303273.411807,2721866.126422,0,0.0474358974358974,0.0758241758241758,0.84981684981685,0.0175824175824176,0.00934065934065934
303773.411807,2721866.126422,0.297247706422018,0.023302752293578,0.335596330275229,0.204770642201835,0.0438532110091743,0.0952293577981651
304273.411807,2721866.126422,0.882773802971932,0.0108237020730141,0,0,0,0.106402494955054
304773.411807,2721866.126422,0.657875457875458,0.196153846153846,0,0,0,0.145970695970696
305273.411807,2721866.126422,0.725321100917431,0.199816513761468,0,0,0,0.0748623853211009
305773.411807,2721866.126422,0.879104751421757,0.0289855072463768,0,0,0,0.0919097413318657
306273.411807,2721866.126422,0.838095238095238,0.0285714285714286,0,0,0,0.133333333333333
306773.411807,2721866.126422,0.903302752293578,0.00972477064220183,0,0.00036697247706422,0.00275229357798165,0.0838532110091743
307273.411807,2721866.126422,0.849568886442855,0.130434782608696,0,0,0,0.0199963309484498
307773.411807,2721866.126422,0.727106227106227,0.0738095238095238,0.00586080586080586,0.0184981684981685,0.0316849816849817,0.143040293040293
308273.411807,2721866.126422,0.749908256880734,0.0113761467889908,0,0.00532110091743119,0.0115596330275229,0.221834862385321
308773.411807,2721866.126422,0.761878554393689,0.102183085672354,0.00220143093010457,0.000733810310034856,0.00495321959273528,0.128049899101082
309273.411807,2721866.126422,0.870512820512821,0.0236263736263736,0.000915750915750916,0.000549450549450549,0.0108058608058608,0.0935897435897436
309773.411807,2721866.126422,0.921834862385321,0.00458715596330275,0,0,0,0.0735779816513761
310273.411807,2721866.126422,0.943129700972299,0.002568336085122,0,0.000183452577508714,0,0.0541185103650706
310773.411807,2721866.126422,0.691208791208791,0.0258241758241758,0.119047619047619,0.00915750915750916,0.0141025641025641,0.140659340659341
311273.411807,2721866.126422,0.558165137614679,0.0557798165137615,0.0988990825688073,0.0374311926605505,0.041651376146789,0.208073394495413
311773.411807,2721866.126422,0.792698587415153,0.0273344340487984,0.00091726288754357,0.00348559897266557,0.0150431113557145,0.160521005320125
312273.411807,2721866.126422,0.7503663003663,0.195787545787546,0,0,0,0.0538461538461538
312773.411807,2721866.126422,0.652293577981651,0.112293577981651,0,0.00311926605504587,0.00477064220183486,0.227522935779817
313273.411807,2721866.126422,0.648785695222845,0.125166800106752,0,0.0304243394715773,0.0165465705898052,0.179076594609021
300773.411807,2721366.126422,0.940645973154362,0.00629194630872483,0,0,0.00272651006711409,0.0503355704697987
301273.411807,2721366.126422,0.905494505494505,0.000915750915750916,0,0,0,0.0935897435897436
301773.411807,2721366.126422,0.744041070773744,0.00293362669600293,0,0.0148514851485149,0.0214521452145215,0.216721672167217
302273.411807,2721366.126422,0.0505494505494506,0.0747252747252747,0.0274725274725275,0.677106227106227,0.0529304029304029,0.117216117216117
302773.411807,2721366.126422,0,0.0697802197802198,0.0553113553113553,0.834249084249084,0.0194139194139194,0.0212454212454212
303273.411807,2721366.126422,0.0253025302530253,0.292812614594793,0.0355702236890356,0.178951228456179,0.0803080308030803,0.387055372203887
303773.411807,2721366.126422,0.639194139194139,0.0201465201465201,0.0195970695970696,0.0877289377289377,0.0399267399267399,0.193406593406593
304273.411807,2721366.126422,0.475641025641026,0.00164835164835165,0.307875457875458,0.0608058608058608,0.0247252747252747,0.129304029304029
304773.411807,2721366.126422,0.866519985331866,0.0236523652365237,0,0,0,0.10982764943161
305273.411807,2721366.126422,0.74029304029304,0.0402930402930403,0,0,0,0.219413919413919
305773.411807,2721366.126422,0.906410256410256,0.0254578754578755,0,0,0.000732600732600733,0.0673992673992674
306273.411807,2721366.126422,0.961129446277961,0.0214521452145215,0,0,0,0.0174184085075174
306773.411807,2721366.126422,0.797619047619048,0.0626373626373626,0,0.000366300366300366,0.000915750915750916,0.138461538461538
307273.411807,2721366.126422,0.824725274725275,0.0692307692307692,0.000915750915750916,0,0.00457875457875458,0.100549450549451
307773.411807,2721366.126422,0.964796479647965,0.00641730839750642,0,0,0,0.0287862119545288
308273.411807,2721366.126422,0.946520146520146,0.0115384615384615,0,0,0,0.0419413919413919
308773.411807,2721366.126422,0.907142857142857,0.0124542124542125,0,0,0,0.0804029304029304
309273.411807,2721366.126422,0.825449211587825,0.0177851118445178,0,0.00201686835350202,0.0117345067840117,0.143014301430143
309773.411807,2721366.126422,0.783516483516484,0.0648351648351648,0,0.0155677655677656,0.0225274725274725,0.113553113553114
310273.411807,2721366.126422,0.675824175824176,0.0391941391941392,0.000732600732600733,0.0102564102564103,0.0289377289377289,0.245054945054945
310773.411807,2721366.126422,0.840850751741841,0.0436376971030436,0,0.00293362669600293,0.00825082508250825,0.104327099376604
311273.411807,2721366.126422,0.475824175824176,0.0703296703296703,0.153479853479853,0.0326007326007326,0.0263736263736264,0.241391941391941
311773.411807,2721366.126422,0.791208791208791,0.021978021978022,0.000549450549450549,0.000183150183150183,0.00714285714285714,0.178937728937729
312273.411807,2721366.126422,0.801980198019802,0.170883755042171,0,0,0.000733406674000733,0.0264026402640264
312773.411807,2721366.126422,0.695787545787546,0.103479853479853,0,0.00146520146520147,0.00604395604395604,0.193223443223443
313273.411807,2721366.126422,0.824046920821114,0.0325246600906425,0,0,0,0.143428419088243
300773.411807,2720866.126422,0.969321285984451,0,0,0,0,0.0306787140155495
301273.411807,2720866.126422,0.793141390060517,0.00128369704749679,0,0.00715202640748212,0.00476801760498808,0.193654868879516
301773.411807,2720866.126422,0.0518599963349826,0.475719259666483,0.00586402785413231,0.247205424225765,0.0899761773868426,0.129375114531794
302273.411807,2720866.126422,0,0.110111947146265,0.0847861993026243,0.777206826940723,0.0277115066984768,0.000183519911910442
302773.411807,2720866.126422,0.0649183935448377,0.298001100311755,0.0491472583898771,0.256922794791858,0.0627177700348432,0.268292682926829
303273.411807,2720866.126422,0.543155579989005,0.107751511819681,0.00439802089059923,0.0263881253435954,0.0397654388858347,0.278541323071285
303773.411807,2720866.126422,0.915213800697376,0.000183519911910442,0,0,0,0.0846026793907139
304273.411807,2720866.126422,0.360352099761599,0.0289748762149276,0.302769117916743,0.0810562992847974,0.0372272143774069,0.189620392444526
304773.411807,2720866.126422,0.843320505772402,0.00659703133589885,0,0,0,0.150082462891699
305273.411807,2720866.126422,0.881262616993944,0.0124793540099101,0,0,0,0.106258028996146
305773.411807,2720866.126422,0.937282229965157,0.030808729139923,0,0,0.000183385292499542,0.0317256556024207
306273.411807,2720866.126422,0.957669048927982,0.0100787978742899,0,0,0,0.0322521531977277
306773.411807,2720866.126422,0.903652046247018,0.0264268673151037,0,0.00110111947146265,0.00422095797394017,0.0645990089924757
307273.411807,2720866.126422,0.91582615074271,0.0590500641848524,0,0.000366770584999083,0.00110031175499725,0.0236567027324409
307773.411807,2720866.126422,0.950339014110317,0.0130108118013561,0,0,0,0.0366501740883269
308273.411807,2720866.126422,0.92530739585245,0.0449623784180584,0,0,0,0.0297302257294917
308773.411807,2720866.126422,0.763616357968091,0.184485604254539,0,0,0.00128369704749679,0.0506143407298735
309273.411807,2720866.126422,0.827560930914422,0.0485614806670332,0,0.00366501740883269,0.00659703133589885,0.113615539673813
309773.411807,2720866.126422,0.661038722701413,0.0972655533125344,0,0,0.00440447788585061,0.237291246100202
310273.411807,2720866.126422,0.905923344947735,0.046396479002384,0,0,0,0.0476801760498808
310773.411807,2720866.126422,0.97306212204508,0.000549752611324904,0,0,0,0.0263881253435954
311273.411807,2720866.126422,0.764543953018903,0.0508350155991925,0.093778674986236,0.00770783630023858,0.0144980730409249,0.0686364470545054
311773.411807,2720866.126422,0.937098844672657,0.0148542086924629,0,0.000183385292499542,0.00348432055749129,0.044379240784889
312273.411807,2720866.126422,0.8565145684442,0.0388491845336265,0.000549752611324904,0.00164925783397471,0.0053142752428074,0.0971229613340663
312773.411807,2720866.126422,0.880528537346302,0.0623967700495504,0,0.000183519911910442,0.000183519911910442,0.0567076527803267
313273.411807,2720866.126422,0.918378234195786,0.0282742064550547,0,0,0.00293411576420379,0.050413443584956
300773.411807,2720366.126422,0.752627154266499,0,0,0,0,0.247372845733501
301273.411807,2720366.126422,0.345624656026417,0.0429279031370391,0.0262337185837461,0.434966061273161,0.023115024766098,0.127132636213539
301773.411807,2720366.126422,0,0.0397435897435897,0.0578754578754579,0.882600732600733,0.0197802197802198,0
302273.411807,2720366.126422,0.360733944954128,0.211743119266055,0.0710091743119266,0.156697247706422,0.0297247706422018,0.170091743119266
302773.411807,2720366.126422,0.891212621537333,0.0132085855806274,0,0.000366905155017428,0.000550357732526142,0.0946615299944964
303273.411807,2720366.126422,0.929304029304029,0.0225274725274725,0,0,0,0.0481684981684982
303773.411807,2720366.126422,0.878715596330275,0.00605504587155963,0,0,0,0.115229357798165
304273.411807,2720366.126422,0.548523206751055,0.0220143093010457,0.159420289855072,0.0130251330031187,0.0185287103283801,0.238488350761328
304773.411807,2720366.126422,0.691391941391941,0.00512820512820513,0.0602564102564103,0.00256410256410256,0.0043956043956044,0.236263736263736
305273.411807,2720366.126422,0.859266055045872,0.00146788990825688,0,0,0,0.139266055045872
305773.411807,2720366.126422,0.953219592735278,0.0117409649605577,0,0.000733810310034856,0.000183452577508714,0.0341221794166208
306273.411807,2720366.126422,0.842857142857143,0.000183150183150183,0,0.000366300366300366,0.0021978021978022,0.154395604395604
306773.411807,2720366.126422,0.697247706422018,0.0493577981651376,0.0130275229357798,0.00972477064220183,0.0343119266055046,0.196330275229358
307273.411807,2720366.126422,0.964226747385801,0.0168776371308017,0,0,0,0.0188956154833975
307773.411807,2720366.126422,0.961904761904762,0.000549450549450549,0,0,0,0.0375457875457875
308273.411807,2720366.126422,0.76256880733945,0.0634862385321101,0,0.00201834862385321,0.0132110091743119,0.158715596330275
308773.411807,2720366.126422,0.876352962759127,0.0922766464868831,0,0,0,0.0313703907539901
309273.411807,2720366.126422,0.967948717948718,0.0172161172161172,0,0,0,0.0148351648351648
309773.411807,2720366.126422,0.957064220183486,0.011743119266055,0,0,0,0.0311926605504587
310273.411807,2720366.126422,0.971931755641167,0,0,0,0,0.0280682443588332
310773.411807,2720366.126422,0.962637362637363,0,0,0,0,0.0373626373626374
311273.411807,2720366.126422,0.703119266055046,0.0291743119266055,0.105321100917431,0.00532110091743119,0.0201834862385321,0.136880733944954
311773.411807,2720366.126422,0.819482663731425,0.0139423958906623,0,0.00183452577508714,0.00715465052283985,0.157585764079985
312273.411807,2720366.126422,0.884981684981685,0.041025641025641,0,0.00183150183150183,0.00347985347985348,0.0686813186813187
312773.411807,2720366.126422,0.804587155963303,0.155596330275229,0,0.00128440366972477,0.015045871559633,0.0234862385321101
313273.411807,2720366.126422,0.973311982919669,0.0261542567387243,0,0,0,0.000533760341606619
300773.411807,2719866.126422,0.150377516778523,0.0228607382550336,0.0163590604026846,0.635906040268456,0.0346057046979866,0.139890939597315
301273.411807,2719866.126422,0,0.000366300366300366,0.0783882783882784,0.876007326007326,0.0448717948717949,0.000366300366300366
301773.411807,2719866.126422,0.132563256325633,0.186468646864686,0.0493215988265493,0.561789512284562,0.0396039603960396,0.0302530253025303
302273.411807,2719866.126422,0.748351648351648,0.0426739926739927,0.000549450549450549,0.0010989010989011,0.00311355311355311,0.204212454212454
302773.411807,2719866.126422,0.897985347985348,0.0214285714285714,0,0,0,0.0805860805860806
303273.411807,2719866.126422,0.932709937660433,0.0242024202420242,0,0,0,0.0430876420975431
303773.411807,2719866.126422,0.878754578754579,0.00934065934065934,0,0,0,0.111904761904762
304273.411807,2719866.126422,0.851282051282051,0.00366300366300366,0,0,0,0.145054945054945
304773.411807,2719866.126422,0.537770443711038,0.0181518151815182,0.0960762742940961,0.0317198386505317,0.0357535753575358,0.280528052805281
305273.411807,2719866.126422,0.691391941391941,0.000915750915750916,0.0153846153846154,0.00934065934065934,0.00659340659340659,0.276373626373626
305773.411807,2719866.126422,0.945787545787546,0,0,0,0,0.0542124542124542
306273.411807,2719866.126422,0.768426842684268,0.00403373670700403,0,0,0,0.227539420608728
306773.411807,2719866.126422,0.701282051282051,0.106043956043956,0.000366300366300366,0,0.00695970695970696,0.185347985347985
307273.411807,2719866.126422,0.879304029304029,0.054029304029304,0,0,0,0.0666666666666667
307773.411807,2719866.126422,0.861202786945361,0.0176017601760176,0,0,0,0.121195452878621
308273.411807,2719866.126422,0.808058608058608,0.0412087912087912,0,0,0.00256410256410256,0.148168498168498
308773.411807,2719866.126422,0.954761904761905,0.00531135531135531,0,0,0,0.0399267399267399
309273.411807,2719866.126422,0.912907957462413,0.017968463513018,0,0.000916758342500917,0.0011001100110011,0.0671067106710671
309773.411807,2719866.126422,0.92967032967033,0.000183150183150183,0,0,0,0.0701465201465201
310273.411807,2719866.126422,0.849267399267399,0.013003663003663,0.0397435897435897,0.00128205128205128,0.00970695970695971,0.086996336996337
310773.411807,2719866.126422,0.76971030436377,0.0546387972130546,0.0256692335900257,0.0044004400440044,0.0218188485515218,0.123762376237624
311273.411807,2719866.126422,0.608791208791209,0.0428571428571429,0.115934065934066,0.0313186813186813,0.0470695970695971,0.154029304029304
311773.411807,2719866.126422,0.818315018315018,0.0804029304029304,0,0.000549450549450549,0.00714285714285714,0.0935897435897436
312273.411807,2719866.126422,0.942244224422442,0.0517051705170517,0,0,0,0.00605060506050605
312773.411807,2719866.126422,0.972344322344322,0.00860805860805861,0,0,0,0.019047619047619
313273.411807,2719866.126422,0.922687283391096,0.00453212476672887,0,0,0,0.0727805918421754
300773.411807,2719366.126422,0,0.0941374238285354,0.198991384744694,0.660432864047069,0.0336205085101912,0.0128178188695104
301273.411807,2719366.126422,0.204841371721988,0.0720704199523198,0.0474967907573813,0.488905189803778,0.0568494406748579,0.129836787089675
301773.411807,2719366.126422,0.71412864211105,0.0663368150998717,0.00458127176104087,0.0307861462341946,0.0236393622869709,0.160527762506872
302273.411807,2719366.126422,0.797577537162782,0.130666177280235,0,0,0,0.0717562855569829
302773.411807,2719366.126422,0.920960938932698,0.0236567027324409,0,0,0,0.0553823583348615
303273.411807,2719366.126422,0.938427707531611,0.00439802089059923,0,0,0,0.05717427157779
303773.411807,2719366.126422,0.932281152505047,0.00752431638832813,0,0,0,0.0601945311066251
304273.411807,2719366.126422,0.755730790390611,0.0207225380524482,0,0.00238400880249404,0.0251237850724372,0.19603887768201
304773.411807,2719366.126422,0.626534726039949,0.0789811251603445,0.000183250870441635,0.0100787978742899,0.0249221183800623,0.259299981674913
305273.411807,2719366.126422,0.658836483758488,0.0545054138374014,0.0422095797394017,0.0196366305744173,0.0440447788585061,0.180767113231786
305773.411807,2719366.126422,0.72418852008069,0.00843572345497891,0.0234733174399413,0.00641848523748395,0.0165046763249587,0.220979277461948
306273.411807,2719366.126422,0.904526296499908,0.00623052959501558,0,0,0,0.0892431739050761
306773.411807,2719366.126422,0.977794090658836,0.000550559735731327,0,0,0,0.0216553496054322
307273.411807,2719366.126422,0.869613057032826,0.00898587933247754,0,0.000550155877498625,0.00256739409499358,0.118283513662204
307773.411807,2719366.126422,0.918453362653473,0.000549752611324904,0,0,0,0.0809968847352025
308273.411807,2719366.126422,0.902734446687466,0.0132134336575518,0.0012846393833731,0,0.00330335841438796,0.0794641218572215
308773.411807,2719366.126422,0.753163396295617,0.0924261874197689,0,0.00421786172748946,0.00110031175499725,0.149092242802127
309273.411807,2719366.126422,0.35422393256368,0.134139637163277,0.0701850833791461,0.0461792193512919,0.0918086860912589,0.303463441451347
309773.411807,2719366.126422,0.75940539548541,0.0594604514589833,0.00532207744540283,0.00532207744540283,0.0203707102220591,0.150119287942742
310273.411807,2719366.126422,0.609939482853475,0.061617458279846,0.0733541169998166,0.0130203557674674,0.0364936732074088,0.205574912891986
310773.411807,2719366.126422,0.953820780648708,0.00366501740883269,0,0,0,0.0425142019424592
311273.411807,2719366.126422,0.5852449990824,0.0616626904019086,0.0135804734813727,0.0317489447605065,0.0427601394751331,0.265002752798679
311773.411807,2719366.126422,0.726939299468183,0.0539152759948652,0,0.00421786172748946,0.0100861910874748,0.204841371721988
312273.411807,2719366.126422,0.858163826278175,0.0808136338647609,0,0.000183250870441635,0.000183250870441635,0.0606560381161811
312773.411807,2719366.126422,0.824004404477886,0.0126628739218205,0,0.0141310332171041,0.00991007524316388,0.139291613140026
313273.411807,2719366.126422,0.960256068284876,0.00720192051213657,0,0,0,0.0325420112029875
300773.411807,2718866.126422,0.32114333753678,0.246532156368222,0.134510298444725,0.1427070197562,0.0273224043715847,0.127784783522488
301273.411807,2718866.126422,0.861493303980921,0.02568336085122,0,0.000550357732526142,0.000733810310034856,0.111539167125298
301773.411807,2718866.126422,0.835347985347985,0.0322344322344322,0,0,0,0.132417582417582
302273.411807,2718866.126422,0.88256880733945,0.0456880733944954,0,0,0,0.071743119266055
302773.411807,2718866.126422,0.910291689598239,0.0421940928270042,0,0,0,0.0475142175747569
303273.411807,2718866.126422,0.921611721611722,0.0228937728937729,0,0,0,0.0554945054945055
303773.411807,2718866.126422,0.843669724770642,0.0359633027522936,0,0.00018348623853211,0.00073394495412844,0.119449541284404
304273.411807,2718866.126422,0.879104751421757,0.0372408732342689,0,0.000366905155017428,0.000183452577508714,0.0831040176114474
304773.411807,2718866.126422,0.647435897435897,0.103479853479853,0.00604395604395604,0.00128205128205128,0.0119047619047619,0.22985347985348
305273.411807,2718866.126422,0.827522935779817,0.023302752293578,0,0,0.00018348623853211,0.148990825688073
305773.411807,2718866.126422,0.675472390387085,0.0168776371308017,0.0823702073014126,0.00880572372041827,0.0247660979636764,0.191707943496606
306273.411807,2718866.126422,0.803113553113553,0.00549450549450549,0,0.00366300366300366,0.0142857142857143,0.173443223443223
306773.411807,2718866.126422,0.957247706422018,0,0,0,0,0.0427522935779817
307273.411807,2718866.126422,0.755457714180884,0.021830856723537,0.00165107319757843,0.0177949000183453,0.0374243258117777,0.165841130067877
307773.411807,2718866.126422,0.685531135531136,0.102747252747253,0.000183150183150183,0.00146520146520147,0.00824175824175824,0.201831501831502
308273.411807,2718866.126422,0.868073394495413,0.0444036697247706,0,0.00055045871559633,0.00256880733944954,0.0844036697247706
308773.411807,2718866.126422,0.848651623555311,0.0377912309667951,0,0.00220143093010457,0.000366905155017428,0.110988809392772
309273.411807,2718866.126422,0.871978021978022,0.0393772893772894,0.0206959706959707,0.00659340659340659,0.0173992673992674,0.043956043956044
309773.411807,2718866.126422,0.876146788990826,0.00697247706422018,0,0.00036697247706422,0.00422018348623853,0.112293577981651
310273.411807,2718866.126422,0.679324894514768,0.0390753990093561,0.0143093010456797,0.0139423958906623,0.0148596587782058,0.238488350761328
310773.411807,2718866.126422,0.943956043956044,0.0205128205128205,0,0,0,0.0355311355311355
311273.411807,2718866.126422,0.607889908256881,0.098348623853211,0.0258715596330275,0.0172477064220183,0.0480733944954128,0.20256880733945
311773.411807,2718866.126422,0.879288203999266,0.0603558980003669,0.00091726288754357,0.00550357732526142,0.0121078701155751,0.0418271876719868
312273.411807,2718866.126422,0.836263736263736,0.0210622710622711,0,0,0.000366300366300366,0.142307692307692
312773.411807,2718866.126422,0.761467889908257,0.0506422018348624,0.0634862385321101,0.00403669724770642,0.0187155963302752,0.101651376146789
313273.411807,2718866.126422,0.609287429943955,0.180944755804644,0.0589805177475314,0.00907392580731252,0.0296236989591673,0.11208967173739
300773.411807,2718366.126422,0.61996644295302,0.0320889261744966,0.223154362416107,0.0350251677852349,0.0153104026845638,0.0744546979865772
301273.411807,2718366.126422,0.483150183150183,0.00549450549450549,0.307692307692308,0.0347985347985348,0.0201465201465201,0.148717948717949
301773.411807,2718366.126422,0.784378437843784,0,0,0.00128346167950128,0.000366703337000367,0.213971397139714
302273.411807,2718366.126422,0.836446886446886,0.0010989010989011,0,0.000366300366300366,0.000183150183150183,0.161904761904762
302773.411807,2718366.126422,0.873809523809524,0.00732600732600733,0,0,0.0010989010989011,0.117765567765568
303273.411807,2718366.126422,0.952145214521452,0.00715071507150715,0,0,0,0.0407040704070407
303773.411807,2718366.126422,0.966666666666667,0.0141025641025641,0,0,0.000366300366300366,0.0188644688644689
304273.411807,2718366.126422,0.901831501831502,0.0201465201465201,0,0,0.000366300366300366,0.0776556776556777
304773.411807,2718366.126422,0.385955262192886,0.088008800880088,0.0210854418775211,0.0302530253025303,0.0638063806380638,0.410891089108911
305273.411807,2718366.126422,0.853663003663004,0.0468864468864469,0,0,0.0010989010989011,0.0983516483516483
305773.411807,2718366.126422,0.908791208791209,0.013003663003663,0,0,0,0.0782051282051282
306273.411807,2718366.126422,0.698203153648698,0.0238357169050238,0.0344701136780345,0.026035936927026,0.0452878621195453,0.172167216721672
306773.411807,2718366.126422,0.736263736263736,0.0476190476190476,0.021978021978022,0.00421245421245421,0.0419413919413919,0.147985347985348
307273.411807,2718366.126422,0.677655677655678,0.173443223443223,0.0163003663003663,0.00714285714285714,0.0243589743589744,0.101098901098901
307773.411807,2718366.126422,0.800513384671801,0.127979464613128,0.0462046204620462,0,0.0033003300330033,0.022002200220022
308273.411807,2718366.126422,0.914102564102564,0.0591575091575092,0,0,0.00457875457875458,0.0221611721611722
308773.411807,2718366.126422,0.961721611721612,0.00311355311355311,0,0,0,0.0351648351648352
309273.411807,2718366.126422,0.890722405573891,0.0011001100110011,0,0,0,0.108177484415108
309773.411807,2718366.126422,0.553846153846154,0.071978021978022,0.0736263736263736,0.0366300366300366,0.0681318681318681,0.195787545787546
310273.411807,2718366.126422,0.521978021978022,0.0364468864468864,0.0826007326007326,0.0582417582417582,0.0556776556776557,0.245054945054945
310773.411807,2718366.126422,0.853502016868353,0.0410707737440411,0.0106343967730106,0.00055005500550055,0.00806747341400807,0.0861752841950862
311273.411807,2718366.126422,0.958058608058608,0.00641025641025641,0,0,0.000915750915750916,0.0346153846153846
311773.411807,2718366.126422,0.854395604395604,0.0498168498168498,0,0.00402930402930403,0.0115384615384615,0.0802197802197802
312273.411807,2718366.126422,0.865786578657866,0.00568390172350568,0.0108177484415108,0.0088008800880088,0.0152181884855152,0.0936927026035937
312773.411807,2718366.126422,0.706410256410256,0.0879120879120879,0.039010989010989,0.00531135531135531,0.0293040293040293,0.132051282051282
313273.411807,2718366.126422,0.788589709410824,0.181551586243668,0.00133297787256732,0.0021327645961077,0.00879765395894428,0.0175953079178886
300773.411807,2717866.126422,0.896616936331162,0.00252153813826434,0,0,0,0.100861525530574
301273.411807,2717866.126422,0.534568127636164,0.0154043645699615,0.0784889051898038,0.149642398679626,0.0385109114249037,0.183385292499542
301773.411807,2717866.126422,0.523730987722192,0.0586402785413231,0.263698002565512,0.0214403518416712,0.0174088326919553,0.115081546637347
302273.411807,2717866.126422,0.783813543769499,0.000917599559552211,0,0.000367039823820885,0.00183519911910442,0.213066617728023
302773.411807,2717866.126422,0.586099394828535,0.022006235099945,0.00165046763249587,0.0216394645149459,0.0487804878048781,0.3198239501192
303273.411807,2717866.126422,0.951438519332967,0.000916254352208173,0,0,0,0.047645226314825
303773.411807,2717866.126422,0.993943842906955,0.00165167920719398,0,0,0,0.00440447788585061
304273.411807,2717866.126422,0.978727306070053,0.00843572345497891,0,0,0,0.0128369704749679
304773.411807,2717866.126422,0.754627084478651,0.115264797507788,0.00604727872457394,0.000549752611324904,0.0102620487447315,0.11324903793293
305273.411807,2717866.126422,0.927142594971554,0.0178014314553129,0,0,0.000183519911910442,0.0548724536612222
305773.411807,2717866.126422,0.880616174582799,0.00825233816247937,0,0,0.00330093526499175,0.10783055198973
306273.411807,2717866.126422,0.793293018141836,0.0450797141286421,0.000183250870441635,0.00183250870441635,0.0177753344328386,0.141836173721825
306773.411807,2717866.126422,0.726371811341531,0.0372545421178198,0.0543218939254909,0.00734079647641769,0.0135804734813727,0.161130482657368
307273.411807,2717866.126422,0.691362552723272,0.0298918026774253,0,0.013203741059967,0.0177883733724555,0.247753530166881
307773.411807,2717866.126422,0.315924500641378,0.10536925050394,0.0643210555250137,0.0434304562946674,0.0580905259299982,0.412864211105003
308273.411807,2717866.126422,0.982015048632777,0,0,0,0,0.0179849513672233
308773.411807,2717866.126422,0.959471850357601,0.00605171465248487,0,0.000183385292499542,0.000183385292499542,0.0341096644049147
309273.411807,2717866.126422,0.804654572109218,0.0203408466190214,0.0201575957485798,0.017042330951072,0.0249221183800623,0.112882536192047
309773.411807,2717866.126422,0.608919067718848,0.238392365571665,0.0146815929528354,0.0034868783262984,0.0159662323362085,0.118553863094146
310273.411807,2717866.126422,0.851641298367871,0.0854575463047864,0.0022006235099945,0.000550155877498625,0.00238400880249404,0.0577663671373556
310773.411807,2717866.126422,0.536925050393989,0.243906908557816,0.00879604178119846,0.0203408466190214,0.0569910207073484,0.133040131940627
311273.411807,2717866.126422,0.773536428702514,0.0912093962194898,0.00146815929528354,0.000550559735731327,0.00660671682877592,0.126628739218205
311773.411807,2717866.126422,0.935631762332661,0.0311754997249221,0,0.000183385292499542,0.000183385292499542,0.0328259673574179
312273.411807,2717866.126422,0.525929998167491,0.0623052959501558,0.201026204874473,0.0872274143302181,0.0489279824079164,0.0745831042697453
312773.411807,2717866.126422,0.544320058726372,0.31547072857405,0.0748761240594605,0.00550559735731327,0.0379886217654616,0.0218388695173426
313273.411807,2717866.126422,0.839423846359029,0.134435849559883,0.00160042678047479,0,0.000266737796745799,0.0242731395038677
300773.411807,2717366.126422,0.852879361076082,0.003572929802438,0,0.00126103404791929,0.00252206809583859,0.139764606977722
301273.411807,2717366.126422,0.838928636947349,0.00330214639515685,0,0,0,0.157769216657494
