"x","y","forest","agri","water","built","other","grass"
162273.411807,2613366.126422,0.00696736340300697,0.0742574257425743,0.474147414741474,0.345067840117345,0.0139347268060139,0.0856252291895856
162773.411807,2613366.126422,0.00274725274725275,0.218131868131868,0.313736263736264,0.367216117216117,0.0183150183150183,0.0798534798534798
163273.411807,2613366.126422,0,0.274358974358974,0.411538461538462,0.0987179487179487,0.0194139194139194,0.195970695970696
163773.411807,2613366.126422,0.00293362669600293,0.444994499449945,0.0608727539420609,0.0271360469380271,0.0755408874220755,0.388522185551888
164273.411807,2613366.126422,0.0877289377289377,0.216117216117216,0.00164835164835165,0.243040293040293,0.156593406593407,0.294871794871795
164773.411807,2613366.126422,0.113186813186813,0.16007326007326,0,0.228571428571429,0.165018315018315,0.333150183150183
165273.411807,2613366.126422,0.100843417675101,0.351485148514851,0,0.00421708837550422,0.0788412174550788,0.464613127979465
165773.411807,2613366.126422,0.0512820512820513,0.28003663003663,0,0.032967032967033,0.0996336996336996,0.536080586080586
166273.411807,2613366.126422,0.0525641025641026,0.386446886446886,0,0.0404761904761905,0.0668498168498168,0.453663003663004
166773.411807,2613366.126422,0.0647231389805647,0.436376971030436,0.00513384671800513,0.0500550055005501,0.12962962962963,0.314081408140814
167273.411807,2613366.126422,0.0657509157509158,0.389377289377289,0,0.0527472527472527,0.116483516483516,0.375641025641026
167773.411807,2613366.126422,0.0858974358974359,0.312820512820513,0,0.0335164835164835,0.105677655677656,0.462087912087912
168273.411807,2613366.126422,0.0716905023835717,0.2995966263293,0,0.0363036303630363,0.134213421342134,0.458195819581958
168773.411807,2613366.126422,0.0206959706959707,0.537545787545788,0,0,0.00769230769230769,0.434065934065934
169273.411807,2613366.126422,0.0421245421245421,0.495970695970696,0,0.000366300366300366,0.0813186813186813,0.38021978021978
169773.411807,2613366.126422,0.0276861019435277,0.215254858819215,0,0.0011001100110011,0.0115511551155116,0.744407774110744
170273.411807,2613366.126422,0.023992673992674,0.710622710622711,0,0,0.00586080586080586,0.25952380952381
170773.411807,2613366.126422,0.0111721611721612,0.394139194139194,0,0,0.0395604395604396,0.555128205128205
171273.411807,2613366.126422,0.109460946094609,0.287128712871287,0,0.132196552988632,0.164466446644664,0.306747341400807
171773.411807,2613366.126422,0.0293040293040293,0.451648351648352,0,0.010989010989011,0.0272893772893773,0.480769230769231
172273.411807,2613366.126422,0.0353479853479853,0.545604395604396,0,0.0126373626373626,0.0402930402930403,0.366117216117216
172773.411807,2613366.126422,0.0656398973230656,0.517235056839017,0,0.00806747341400807,0.057022368903557,0.352035203520352
173273.411807,2613366.126422,0.230718232044199,0.237127071823204,0,0.0930386740331492,0.136132596685083,0.302983425414365
162273.411807,2612866.126422,0.00989554700384827,0.180868609125893,0.279640828293934,0.276525563496427,0.0241891148982958,0.228880337181602
162773.411807,2612866.126422,0.00385391815011929,0.195815746008442,0.374380620297302,0.256193797026977,0.0212883097816113,0.148467608735548
163273.411807,2612866.126422,0,0.149825783972125,0.599669906473501,0.10416284613974,0.0249403997799376,0.121401063634696
163773.411807,2612866.126422,0.013560564412681,0.39234011361554,0.000916254352208173,0.134689389774601,0.0765988638446033,0.381894814000367
164273.411807,2612866.126422,0.0877225178931914,0.150119287942742,0,0.395301890255093,0.131033217104056,0.235823086804918
164773.411807,2612866.126422,0.0693196405648267,0.0429121584448927,0.000366770584999083,0.602420685860994,0.149275628094627,0.135705116449661
165273.411807,2612866.126422,0.051126992853216,0.304379695803555,0.0296866410115448,0.168224299065421,0.121312076232362,0.325270295033901
165773.411807,2612866.126422,0.0357863828225362,0.40649660488163,0.0137639933932832,0.076344283354744,0.0812993209763259,0.386309414571481
166273.411807,2612866.126422,0.0735375022923162,0.396845772969008,0.00110031175499725,0.105629928479736,0.147075004584632,0.27581147991931
166773.411807,2612866.126422,0.0628550485614807,0.504672897196262,0,0.015026571376214,0.045629466739967,0.371816016126077
167273.411807,2612866.126422,0.0620297302257295,0.429987153606166,0,0.00110111947146265,0.0614791704899982,0.445402826206643
167773.411807,2612866.126422,0.0788556757748029,0.295066935631762,0.0106363469649734,0.097194205024757,0.207225380524482,0.311021456079222
168273.411807,2612866.126422,0.047645226314825,0.469488730071468,0,0.00824628916987356,0.083745647791827,0.390874106652007
168773.411807,2612866.126422,0.0310148651128647,0.471462653697926,0,0.0155991925123876,0.0579922921636998,0.423930996513122
169273.411807,2612866.126422,0.0709701081973226,0.26004034476435,0,0.0423620025673941,0.241151659636897,0.385475884834036
169773.411807,2612866.126422,0.0185083379146051,0.327835807220084,0,0.021073850100788,0.0514934945940993,0.581088510170423
170273.411807,2612866.126422,0.0394567810607451,0.426316755367957,0,0.159662323362085,0.104606349788952,0.269957790420261
170773.411807,2612866.126422,0.0271410232899321,0.577296900788557,0,0.0291582615074271,0.0825233816247937,0.28388043278929
171273.411807,2612866.126422,0.0597397837639729,0.575590984057174,0,0.0318856514568444,0.0630382994319223,0.269745281290086
171773.411807,2612866.126422,0.0205542301339695,0.498807120572582,0,0.0480822169205359,0.0939621948981464,0.338594237474766
172273.411807,2612866.126422,0.105996699064735,0.241885200806895,0,0.115165963689712,0.129836787089675,0.407115349348982
172773.411807,2612866.126422,0.123511086677662,0.533993036466923,0,0.0218068535825545,0.0553417628733736,0.265347260399487
173273.411807,2612866.126422,0.127654867256637,0.369026548672566,0,0.00530973451327434,0.0265486725663717,0.47146017699115
162773.411807,2612366.126422,0,0.14348623853211,0.668623853211009,0.123669724770642,0.00403669724770642,0.0601834862385321
163273.411807,2612366.126422,0,0.0838378279214823,0.77325261419923,0.0768666299761512,0.00220143093010457,0.0638414969730325
163773.411807,2612366.126422,0.00128205128205128,0.342124542124542,0.121245421245421,0.201648351648352,0.0249084249084249,0.308791208791209
164273.411807,2612366.126422,0.0713761467889908,0.16697247706422,0.00110091743119266,0.179266055045872,0.129357798165138,0.451926605504587
164773.411807,2612366.126422,0.0458631443771785,0.204366171344707,0.0401761144744084,0.149146945514584,0.0508163639699138,0.509631260319207
165273.411807,2612366.126422,0.0631868131868132,0.171428571428571,0.0318681318681319,0.0754578754578755,0.117948717948718,0.54010989010989
165773.411807,2612366.126422,0.0594495412844037,0.396697247706422,0.078348623853211,0.134495412844037,0.0897247706422018,0.241284403669725
166273.411807,2612366.126422,0.0632911392405063,0.431847367455513,0,0.0229315721885892,0.0521005320124748,0.429829389102917
166773.411807,2612366.126422,0.0364468864468864,0.526923076923077,0.00201465201465201,0.00586080586080586,0.0245421245421245,0.404212454212454
167273.411807,2612366.126422,0.0188990825688073,0.355045871559633,0.00036697247706422,0.0792660550458716,0.144403669724771,0.402018348623853
167773.411807,2612366.126422,0.0317372959090075,0.512566501559347,0.0100898917629793,0.0787011557512383,0.0796184186387819,0.287286736378646
168273.411807,2612366.126422,0.0688644688644689,0.34010989010989,0.000915750915750916,0.021978021978022,0.0893772893772894,0.478754578754579
168773.411807,2612366.126422,0.0211009174311927,0.594678899082569,0,0.0115596330275229,0.0148623853211009,0.357798165137615
169273.411807,2612366.126422,0.00990643918547056,0.536048431480462,0.000366905155017428,0.0201797835259585,0.0429279031370391,0.390570537516052
169773.411807,2612366.126422,0.0371794871794872,0.334981684981685,0.000366300366300366,0.0368131868131868,0.0967032967032967,0.493956043956044
170273.411807,2612366.126422,0.0847706422018349,0.415596330275229,0,0.0897247706422018,0.145137614678899,0.264770642201835
170773.411807,2612366.126422,0.0482480278847918,0.464868831407081,0,0.0328380113740598,0.0970464135021097,0.356998715831957
171273.411807,2612366.126422,0.0598901098901099,0.487179487179487,0.00164835164835165,0.0633699633699634,0.0838827838827839,0.304029304029304
171773.411807,2612366.126422,0.0743119266055046,0.309908256880734,0,0.0557798165137615,0.0623853211009174,0.497614678899083
172273.411807,2612366.126422,0.098147128967162,0.294808292056503,0.000366905155017428,0.0880572372041827,0.146211704274445,0.372408732342689
172773.411807,2612366.126422,0.0622710622710623,0.486813186813187,0,0.0133699633699634,0.0364468864468864,0.401098901098901
173273.411807,2612366.126422,0.0123866401238664,0.609599646095996,0,0.0035390400353904,0.0241097102410971,0.35036496350365
162773.411807,2611866.126422,0,0.172710622710623,0.738644688644689,0.0752747252747253,0.00366300366300366,0.00970695970695971
163273.411807,2611866.126422,0,0.0787545787545788,0.845604395604396,0.0441391941391941,0.00384615384615385,0.0276556776556777
163773.411807,2611866.126422,0,0.151631829849652,0.61037770443711,0.15034836817015,0.0198019801980198,0.0678401173450678
164273.411807,2611866.126422,0.0152014652014652,0.175274725274725,0.372527472527473,0.265201465201465,0.0408424908424908,0.130952380952381
164773.411807,2611866.126422,0.0115384615384615,0.165018315018315,0.245421245421245,0.149267399267399,0.0324175824175824,0.396336996336996
165273.411807,2611866.126422,0.0308030803080308,0.184451778511184,0.401540154015402,0.173817381738174,0.0564723138980565,0.152915291529153
165773.411807,2611866.126422,0.0144688644688645,0.236813186813187,0.200549450549451,0.274725274725275,0.0818681318681319,0.191575091575092
166273.411807,2611866.126422,0.05,0.487362637362637,0.000183150183150183,0.00311355311355311,0.0531135531135531,0.406227106227106
166773.411807,2611866.126422,0.0364869820315365,0.333149981664833,0.00495049504950495,0.0935093509350935,0.0935093509350935,0.438393839383938
167273.411807,2611866.126422,0.0866300366300366,0.181135531135531,0.00860805860805861,0.143772893772894,0.202014652014652,0.377838827838828
167773.411807,2611866.126422,0.0120879120879121,0.437912087912088,0.00934065934065934,0.0690476190476191,0.116849816849817,0.354761904761905
168273.411807,2611866.126422,0.0537220388705537,0.425742574257426,0.0154015401540154,0.116244957829116,0.0218188485515218,0.367070040337367
168773.411807,2611866.126422,0.0269230769230769,0.506227106227106,0,0.00238095238095238,0.0322344322344322,0.432234432234432
169273.411807,2611866.126422,0.00769230769230769,0.435714285714286,0,0.0366300366300366,0.0432234432234432,0.476739926739927
169773.411807,2611866.126422,0.00678401173450678,0.634396773010634,0,0.00715071507150715,0.0678401173450678,0.283828382838284
170273.411807,2611866.126422,0.0721611721611722,0.413003663003663,0,0.124725274725275,0.133333333333333,0.256776556776557
170773.411807,2611866.126422,0.00622710622710623,0.763003663003663,0,0.000183150183150183,0.0106227106227106,0.21996336996337
171273.411807,2611866.126422,0.0876420975430876,0.337733773377338,0.00861752841950862,0.0438210487715438,0.0434543454345435,0.478731206453979
171773.411807,2611866.126422,0.0906593406593407,0.473443223443223,0.00146520146520147,0.0294871794871795,0.0366300366300366,0.368315018315018
172273.411807,2611866.126422,0.121794871794872,0.254945054945055,0,0.193406593406593,0.125274725274725,0.304578754578755
172773.411807,2611866.126422,0.0944261092775944,0.393472680601393,0,0.0262192885955262,0.0388705537220389,0.447011367803447
173273.411807,2611866.126422,0.00950276243093923,0.768397790055249,0,0,0.00486187845303867,0.217237569060773
162773.411807,2611366.126422,0,0.108827307762892,0.750779959625619,0.136355294549459,0.00220223894292531,0.00183519911910442
163273.411807,2611366.126422,0,0.105446543187236,0.816798092792958,0.0713368787823217,0.000916926462497708,0.00550155877498625
163773.411807,2611366.126422,0.00366501740883269,0.129375114531794,0.713762140370167,0.129741616272677,0.00971229613340663,0.0137438152831226
164273.411807,2611366.126422,0.0161497522481189,0.185722150853368,0.524499908240044,0.179115434024592,0.0357863828225362,0.0587263718113415
164773.411807,2611366.126422,0,0.243719053731891,0.149275628094627,0.26810929763433,0.0533651201173666,0.285530900421786
165273.411807,2611366.126422,0.0141103170240059,0.211288253619205,0.323254535459043,0.230163093274693,0.0577240241891149,0.163459776433938
165773.411807,2611366.126422,0.0264268673151037,0.594053954854102,0.00715727656450725,0.0409249403560286,0.047715177096715,0.283721783813544
166273.411807,2611366.126422,0.0267742527049331,0.413900605171465,0,0.0786722904823033,0.0702365670273244,0.410416284613974
166773.411807,2611366.126422,0.0298698918819864,0.394355873190398,0.0122778083195895,0.0289536375297783,0.0569910207073484,0.4775517683709
167273.411807,2611366.126422,0.0517526151587447,0.245549642136172,0.0082583960359699,0.155991925123876,0.137639933932832,0.400807487612406
167773.411807,2611366.126422,0.0192554557124519,0.165230148542087,0.015587749862461,0.221529433339446,0.145424536952136,0.432972675591418
168273.411807,2611366.126422,0.185633131757376,0.307311709730621,0.0111783030969397,0.0621220450797141,0.0386659336631849,0.395088876672164
168773.411807,2611366.126422,0.149752248118921,0.596990273444669,0.00201871903101487,0.0122958340979996,0.0300972655533125,0.208845659754083
169273.411807,2611366.126422,0.04401247019989,0.419035393361452,0,0.183752063084541,0.111498257839721,0.241701815514396
169773.411807,2611366.126422,0.0652373098772219,0.572109217518783,0,0.013560564412681,0.0996884735202492,0.249404434671065
170273.411807,2611366.126422,0.0159662323362085,0.513488713525417,0.00256927876674619,0.0310148651128647,0.0600110111947146,0.376949899064048
170773.411807,2611366.126422,0.0130203557674674,0.46818265175133,0.0166880616174583,0.0445626260773886,0.0353933614524115,0.422152943333945
171273.411807,2611366.126422,0.00806303829943192,0.584203774967931,0.0186915887850467,0.0439802089059923,0.0514934945940993,0.293567894447499
171773.411807,2611366.126422,0.0726738851165352,0.475500091759956,0,0.0488162965681776,0.119287942741787,0.283721783813544
172273.411807,2611366.126422,0.0761048963873097,0.157344580964607,0,0.23601687144691,0.189803777737026,0.340729873464148
172773.411807,2611366.126422,0.137621403701668,0.221000549752611,0.00164925783397471,0.108118013560564,0.150998717243907,0.380612057907275
173273.411807,2611366.126422,0.0170353982300885,0.626769911504425,0,0.00287610619469027,0.0232300884955752,0.330088495575221
162773.411807,2610866.126422,0,0.0273394495412844,0.765321100917431,0.201834862385321,0.00275229357798165,0.00275229357798165
163273.411807,2610866.126422,0.00146762062006971,0.0526508897450009,0.809576224545955,0.122546321775821,0.00458631443771785,0.0091726288754357
163773.411807,2610866.126422,0,0.164468864468864,0.7503663003663,0.0456043956043956,0.00567765567765568,0.0338827838827839
164273.411807,2610866.126422,0.0238532110091743,0.183119266055046,0.348990825688073,0.184220183486239,0.0702752293577982,0.18954128440367
164773.411807,2610866.126422,0.0537516052100532,0.107870115575124,0.111172261970281,0.183269124931205,0.158136121812511,0.385800770500826
165273.411807,2610866.126422,0.00769230769230769,0.265750915750916,0.271611721611722,0.106227106227106,0.071978021978022,0.276739926739927
165773.411807,2610866.126422,0.0368807339449541,0.311376146788991,0.0779816513761468,0.0655045871559633,0.0743119266055046,0.43394495412844
166273.411807,2610866.126422,0.0473307649972482,0.454778939644102,0.00623738763529628,0.133553476426344,0.126398825903504,0.231700605393506
166773.411807,2610866.126422,0.0108058608058608,0.652747252747253,0,0,0.00897435897435897,0.327472527472527
167273.411807,2610866.126422,0.106605504587156,0.144220183486239,0.00110091743119266,0.112293577981651,0.217798165137615,0.417981651376147
167773.411807,2610866.126422,0.0216474041460283,0.227481196110805,0.0277013392038158,0.353513116859292,0.184553292973766,0.185103650706292
168273.411807,2610866.126422,0.0633699633699634,0.226190476190476,0.000183150183150183,0.0622710622710623,0.0472527472527473,0.600732600732601
168773.411807,2610866.126422,0.284036697247706,0.326422018348624,0,0.00330275229357798,0.0139449541284404,0.372293577981651
169273.411807,2610866.126422,0.0302696752889378,0.601357549073565,0,0.0493487433498441,0.0717299578059072,0.247294074481746
169773.411807,2610866.126422,0.0205128205128205,0.217948717948718,0,0,0.000183150183150183,0.761355311355311
170273.411807,2610866.126422,0.0574311926605505,0.319266055045872,0.0267889908256881,0.0706422018348624,0.0502752293577982,0.475596330275229
170773.411807,2610866.126422,0.0306365804439552,0.590166941845533,0,0,0.0337552742616034,0.345441203448908
171273.411807,2610866.126422,0.0146520146520147,0.46978021978022,0,0,0.0860805860805861,0.429487179487179
171773.411807,2610866.126422,0.0559633027522936,0.47045871559633,0,0.00715596330275229,0.0374311926605505,0.428990825688073
172273.411807,2610866.126422,0.0614566134654192,0.31095211887727,0,0.019262520638415,0.0836543753439736,0.524674371674922
172773.411807,2610866.126422,0.0919413919413919,0.358791208791209,0.0161172161172161,0.0298534798534799,0.0741758241758242,0.429120879120879
173273.411807,2610866.126422,0.0367175403671754,0.503428445034284,0,0.002211900022119,0.0610484406104844,0.396593673965937
162773.411807,2610366.126422,0.00146520146520147,0.0989010989010989,0.716117216117216,0.175457875457875,0.00256410256410256,0.00549450549450549
163273.411807,2610366.126422,0.000366300366300366,0.0677655677655678,0.765934065934066,0.160622710622711,0.00293040293040293,0.00238095238095238
163773.411807,2610366.126422,0.00055005500550055,0.154565456545655,0.62981298129813,0.142280894756142,0.0300696736340301,0.0427209387605427
164273.411807,2610366.126422,0.00384615384615385,0.122527472527473,0.643040293040293,0.117765567765568,0.013003663003663,0.0998168498168498
164773.411807,2610366.126422,0.0465201465201465,0.132783882783883,0.0697802197802198,0.122893772893773,0.0851648351648352,0.542857142857143
165273.411807,2610366.126422,0.0157682434910158,0.156032269893656,0.0991932526585992,0.18976897689769,0.0885588558855886,0.450678401173451
165773.411807,2610366.126422,0.00622710622710623,0.260805860805861,0.214285714285714,0.204029304029304,0.0967032967032967,0.217948717948718
166273.411807,2610366.126422,0.0362637362637363,0.360989010989011,0,0.0366300366300366,0.0706959706959707,0.495421245421245
166773.411807,2610366.126422,0.0276861019435277,0.517601760176018,0,0.00641730839750642,0.0236523652365237,0.424642464246425
167273.411807,2610366.126422,0.0384615384615385,0.13040293040293,0.00860805860805861,0.115934065934066,0.148534798534799,0.558058608058608
167773.411807,2610366.126422,0.0227106227106227,0.226373626373626,0.0210622710622711,0.197252747252747,0.123076923076923,0.40952380952381
168273.411807,2610366.126422,0.0166850018335167,0.256325632563256,0.0418041804180418,0.0881921525485882,0.077007700770077,0.51998533186652
168773.411807,2610366.126422,0.237728937728938,0.317948717948718,0.00164835164835165,0.0139194139194139,0.0498168498168498,0.378937728937729
169273.411807,2610366.126422,0.0331501831501832,0.481135531135531,0,0.000366300366300366,0.0126373626373626,0.472710622710623
169773.411807,2610366.126422,0.0295196186285295,0.0968096809680968,0,0,0.00201686835350202,0.871653832049872
170273.411807,2610366.126422,0.0256410256410256,0.50989010989011,0,0,0.0155677655677656,0.448901098901099
170773.411807,2610366.126422,0.0512820512820513,0.456593406593407,0,0.0021978021978022,0.112637362637363,0.377289377289377
171273.411807,2610366.126422,0.0381371470480381,0.475614228089476,0,0.011001100110011,0.0724239090575724,0.402823615694903
171773.411807,2610366.126422,0.0776556776556777,0.550915750915751,0,0.000549450549450549,0.0128205128205128,0.358058608058608
172273.411807,2610366.126422,0.0351648351648352,0.448351648351648,0,0.0258241758241758,0.0576923076923077,0.432967032967033
172773.411807,2610366.126422,0.0331866519985332,0.444811147781445,0,0.000183351668500183,0.0287862119545288,0.493032636596993
173273.411807,2610366.126422,0.0541436464088398,0.390497237569061,0,0.000883977900552486,0.0212154696132597,0.533259668508287
162773.411807,2609866.126422,0,0.158561203890622,0.698293264819233,0.135070655166086,0.000917599559552211,0.00715727656450725
163273.411807,2609866.126422,0.000366770584999083,0.135705116449661,0.777920410783055,0.0757381258023107,0.000550155877498625,0.0097194205024757
163773.411807,2609866.126422,0.00164925783397471,0.177203591717061,0.577423492761591,0.176287337364852,0.0344511636430273,0.0329851566794942
164273.411807,2609866.126422,0.00660671682877592,0.0902917966599376,0.634061295650578,0.0548724536612222,0.00568911726922371,0.208478619930262
164773.411807,2609866.126422,0.0097194205024757,0.175316339629562,0.546854942233633,0.106546854942234,0.0280579497524299,0.133504492939666
165273.411807,2609866.126422,0.0126443100604728,0.269928532160528,0.216785779732454,0.173172072567345,0.0634048011728056,0.264064504306395
165773.411807,2609866.126422,0.0251422279317306,0.184253991558084,0.0846026793907139,0.103138190493669,0.122591301156175,0.480271609469627
166273.411807,2609866.126422,0.08399046396479,0.226114065651935,0.00385109114249037,0.0773885934348065,0.148908857509628,0.459746928296351
166773.411807,2609866.126422,0.068719076415613,0.283489096573209,0.0111783030969397,0.0238226131574125,0.0520432472054242,0.560747663551402
167273.411807,2609866.126422,0.0330335841438796,0.122774821068086,0.0187190310148651,0.071389245733162,0.120022022389429,0.634061295650578
167773.411807,2609866.126422,0.0203557674674491,0.222262974509444,0.0190720704199523,0.0462130937098845,0.0806895286997983,0.611406565193471
168273.411807,2609866.126422,0.0236393622869709,0.414330218068536,0.0047645226314825,0.0582737768004398,0.0461792193512919,0.452812900861279
168773.411807,2609866.126422,0.00899247568361167,0.382271976509451,0,0.0249587080198202,0.0137639933932832,0.570012846393834
169273.411807,2609866.126422,0.0355767467449111,0.363286264441592,0,0.0183385292499542,0.0363102879149092,0.546488171648634
169773.411807,2609866.126422,0.107751511819681,0.194429173538574,0.0386659336631849,0.0269378779549203,0.0357339197361187,0.596481583287521
170273.411807,2609866.126422,0.0161497522481189,0.485043127179299,0,0,0.000183519911910442,0.498623600660672
170773.411807,2609866.126422,0.0106363469649734,0.5198973042362,0,0.000733541169998166,0.0100861910874748,0.458646616541353
171273.411807,2609866.126422,0.0207073483599047,0.526479750778816,0,0.000733003481766538,0.0141103170240059,0.437969580355507
171773.411807,2609866.126422,0.0447788585061479,0.26977427050835,0,0.00256927876674619,0.156175445035786,0.526702147182969
172273.411807,2609866.126422,0.0388776820099028,0.499724922061251,0,0.0291582615074271,0.0929763432972676,0.339262791124152
172773.411807,2609866.126422,0.0437969580355507,0.550302363936229,0,0.00293201392706615,0.0287703866593366,0.374198277441818
173273.411807,2609866.126422,0.0196902654867257,0.519911504424779,0,0,0.0106194690265487,0.449778761061947
162773.411807,2609366.126422,0.000917431192660551,0.188623853211009,0.581834862385321,0.197798165137615,0.0073394495412844,0.0234862385321101
163273.411807,2609366.126422,0.000550357732526142,0.189506512566502,0.679691799669785,0.0937442671069529,0.00733810310034856,0.0291689598238855
163773.411807,2609366.126422,0,0.286996336996337,0.627655677655678,0.0626373626373626,0.00787545787545788,0.0148351648351648
164273.411807,2609366.126422,0.00660550458715596,0.187155963302752,0.571743119266055,0.107522935779817,0.0260550458715596,0.100917431192661
164773.411807,2609366.126422,0.00733810310034856,0.160154100165107,0.43074665199046,0.200513667217024,0.0662263804806457,0.135021097046413
165273.411807,2609366.126422,0.00604395604395604,0.212454212454212,0.411355311355311,0.164835164835165,0.0445054945054945,0.160805860805861
165773.411807,2609366.126422,0.021651376146789,0.589174311926606,0,0.00165137614678899,0.00954128440366972,0.377981651376147
166273.411807,2609366.126422,0.0926435516419006,0.190790680609063,0,0.202348192992112,0.147679324894515,0.366538249862411
166773.411807,2609366.126422,0.0772893772893773,0.0516483516483516,0,0.471611721611722,0.215750915750916,0.183699633699634
167273.411807,2609366.126422,0.0688073394495413,0.194862385321101,0.00073394495412844,0.0456880733944954,0.0790825688073395,0.610825688073395
167773.411807,2609366.126422,0.0174279948633278,0.16547422491286,0.000550357732526142,0.0194459732159237,0.0421940928270042,0.754907356448358
168273.411807,2609366.126422,0.0523809523809524,0.180952380952381,0.0117216117216117,0.196886446886447,0.131135531135531,0.426923076923077
168773.411807,2609366.126422,0.0504587155963303,0.271192660550459,0.00110091743119266,0.0739449541284404,0.0495412844036697,0.553761467889908
169273.411807,2609366.126422,0.112456430012842,0.345624656026417,0,0.0275178866263071,0.0625573289304715,0.451843698403963
169773.411807,2609366.126422,0.0276556776556777,0.184432234432234,0.0324175824175824,0.0672161172161172,0.0732600732600733,0.615018315018315
170273.411807,2609366.126422,0.0495412844036697,0.298532110091743,0,0.00073394495412844,0.0073394495412844,0.643853211009174
170773.411807,2609366.126422,0.0266006237387635,0.336268574573473,0,0.00348559897266557,0.023115024766098,0.610530177949
171273.411807,2609366.126422,0.0554945054945055,0.314285714285714,0,0.0152014652014652,0.208974358974359,0.406043956043956
171773.411807,2609366.126422,0.0667889908256881,0.407889908256881,0,0.00788990825688073,0.18697247706422,0.33045871559633
172273.411807,2609366.126422,0.0856723536965694,0.432581177765548,0,0.116125481563016,0.146395156851954,0.219225830122913
172773.411807,2609366.126422,0.034981684981685,0.578205128205128,0,0.000549450549450549,0.0428571428571429,0.343406593406593
173273.411807,2609366.126422,0.0059721300597213,0.444591904445919,0,0.0234461402344614,0.0497677504976775,0.476222074762221
162773.411807,2608866.126422,0,0.161355311355311,0.631135531135531,0.185714285714286,0.00549450549450549,0.0163003663003663
163273.411807,2608866.126422,0.000732600732600733,0.169413919413919,0.698351648351648,0.0822344322344322,0.015018315018315,0.0342490842490843
163773.411807,2608866.126422,0.0033003300330033,0.284745141180785,0.532819948661533,0.119178584525119,0.0143014301430143,0.0456545654565457
164273.411807,2608866.126422,0.00604395604395604,0.258241758241758,0.46959706959707,0.0536630036630037,0.0144688644688645,0.197985347985348
164773.411807,2608866.126422,0.00915750915750916,0.236813186813187,0.499450549450549,0.11007326007326,0.041025641025641,0.103479853479853
165273.411807,2608866.126422,0.017968463513018,0.203520352035204,0.267693436010268,0.28951228456179,0.101026769343601,0.12027869453612
165773.411807,2608866.126422,0.00604395604395604,0.403663003663004,0.0232600732600733,0.136446886446886,0.0712454212454212,0.359340659340659
166273.411807,2608866.126422,0.0269230769230769,0.255128205128205,0.00476190476190476,0.0954212454212454,0.138095238095238,0.47967032967033
166773.411807,2608866.126422,0.0249358269160249,0.257425742574257,0.0262192885955262,0.148148148148148,0.0924092409240924,0.450861752841951
167273.411807,2608866.126422,0.0238095238095238,0.364835164835165,0.0318681318681319,0.0635531135531135,0.0456043956043956,0.47032967032967
167773.411807,2608866.126422,0.0205128205128205,0.268131868131868,0.0106227106227106,0.0467032967032967,0.0908424908424908,0.563186813186813
168273.411807,2608866.126422,0.0102676934360103,0.382104877154382,0.0575724239090576,0.00678401173450678,0.0386872020535387,0.504583791712505
168773.411807,2608866.126422,0.0104395604395604,0.28021978021978,0.0716117216117216,0.0664835164835165,0.0553113553113553,0.515934065934066
169273.411807,2608866.126422,0.0241758241758242,0.23021978021978,0.065018315018315,0.120879120879121,0.0882783882783883,0.471428571428571
169773.411807,2608866.126422,0.0762742940960763,0.196552988632197,0.0401540154015402,0.0339200586725339,0.0825082508250825,0.570590392372571
170273.411807,2608866.126422,0.0249084249084249,0.366117216117216,0,0.000915750915750916,0.0250915750915751,0.582967032967033
170773.411807,2608866.126422,0.0631868131868132,0.235347985347985,0,0.00311355311355311,0.028021978021978,0.67032967032967
171273.411807,2608866.126422,0.0214521452145215,0.294279427942794,0,0.0102676934360103,0.112394572790612,0.561606160616062
171773.411807,2608866.126422,0.0675824175824176,0.347435897435897,0,0.0148351648351648,0.161172161172161,0.408974358974359
172273.411807,2608866.126422,0.0391941391941392,0.328937728937729,0,0.00531135531135531,0.0659340659340659,0.560622710622711
172773.411807,2608866.126422,0.035020168683535,0.416208287495416,0,0.00513384671800513,0.0407040704070407,0.502933626696003
173273.411807,2608866.126422,0.072707182320442,0.339889502762431,0,0.00596685082872928,0.152044198895028,0.42939226519337
161273.411807,2608366.126422,0,0,1,0,0,0
162773.411807,2608366.126422,0.00789135621214902,0.144980730409249,0.637364654064966,0.146081849880712,0.0280785465222977,0.0356028629106258
163273.411807,2608366.126422,0.0152209792774619,0.107647166697231,0.344947735191638,0.43590684027141,0.0610673024023473,0.035209976159912
163773.411807,2608366.126422,0.00238226131574125,0.341396371632765,0.375481033534909,0.122594832325454,0.0161260765988638,0.142019424592267
164273.411807,2608366.126422,0.00385391815011929,0.26959075059644,0.528720866213984,0.106992108643788,0.0150486327766563,0.0757937236190127
164773.411807,2608366.126422,0.00110031175499725,0.14010636346965,0.577847056666055,0.141023289932147,0.0319090408949202,0.10801393728223
165273.411807,2608366.126422,0.00568077698369067,0.314458493677845,0.33076782114715,0.0802638812534359,0.0514934945940993,0.217335532343779
165773.411807,2608366.126422,0.0181684712791338,0.574417324279684,0.0165167920719398,0.0524866948063865,0.0541383740135805,0.284272343549275
166273.411807,2608366.126422,0.0276911791674308,0.133504492939666,0.0322758114799193,0.0682193288098294,0.0801393728222996,0.658169814780855
166773.411807,2608366.126422,0.0203408466190214,0.193146417445483,0.103719992669965,0.100421477002016,0.0985889682975994,0.483782297965915
167273.411807,2608366.126422,0.0600110111947146,0.130115617544504,0.0629473297852817,0.195448706184621,0.12442650027528,0.427050835015599
167773.411807,2608366.126422,0.0278745644599303,0.154410416284614,0.0962772785622593,0.168714469099578,0.109481019622226,0.443242251971392
168273.411807,2608366.126422,0.0238226131574125,0.177753344328386,0.268645776067436,0.100421477002016,0.0927249404434671,0.336631849001283
168773.411807,2608366.126422,0.0295467058175812,0.518994310882731,0.00311983850247752,0.00807487612405946,0.0247751881079097,0.415489080565241
169273.411807,2608366.126422,0.0324591967724189,0.422886484503943,0.0515312671923712,0.022006235099945,0.0282413350449294,0.442875481386393
169773.411807,2608366.126422,0.0148433205057724,0.776250687190764,0,0.00219901044529962,0.0128275609309144,0.193879420927249
170273.411807,2608366.126422,0.0148651128647458,0.406129565057809,0,0.0012846393833731,0.0238575885483575,0.553863094145715
170773.411807,2608366.126422,0.0474967907573813,0.382174949569045,0,0.00586832935998533,0.125618925362186,0.438841004951403
171273.411807,2608366.126422,0.059190031152648,0.352574674729705,0,0.00879604178119846,0.0833791460509437,0.496060106285505
171773.411807,2608366.126422,0.030280785465223,0.241145164250321,0,0.00293631859056708,0.0974490732244448,0.628188658469444
172273.411807,2608366.126422,0.0918760315422703,0.278745644599303,0,0.00311754997249221,0.0817898404547955,0.544470933431139
172773.411807,2608366.126422,0.0692688290269379,0.219534542789078,0,0.0172255818215137,0.145134689389775,0.548836356972696
173273.411807,2608366.126422,0.104203539823009,0.305530973451327,0,0.00619469026548673,0.129203539823009,0.454867256637168
161273.411807,2607866.126422,0,0,0.769724770642202,0.230275229357798,0,0
162773.411807,2607866.126422,0.00146788990825688,0.119633027522936,0.675963302752294,0.177064220183486,0.011743119266055,0.0141284403669725
163273.411807,2607866.126422,0.001284168042561,0.216657494037791,0.37094111172262,0.3494771601541,0.0172445422858191,0.0443955237571088
163773.411807,2607866.126422,0.010989010989011,0.152930402930403,0.227106227106227,0.221245421245421,0.0287545787545788,0.358974358974359
164273.411807,2607866.126422,0.00311926605504587,0.300183486238532,0.535229357798165,0.0891743119266055,0.00825688073394495,0.0640366972477064
164773.411807,2607866.126422,0.0106402494955054,0.194459732159237,0.436066776738213,0.109154283617685,0.0599889928453495,0.18968996514401
165273.411807,2607866.126422,0.00824175824175824,0.48992673992674,0.0452380952380952,0.0278388278388278,0.0269230769230769,0.401831501831502
165773.411807,2607866.126422,0.0361467889908257,0.401467889908257,0.00440366972477064,0.276330275229358,0.118165137614679,0.16348623853211
166273.411807,2607866.126422,0.0381581361218125,0.118693817648138,0.0875068794716566,0.367272060172445,0.103100348559897,0.28526875802605
166773.411807,2607866.126422,0.0164835164835165,0.266300366300366,0.267582417582418,0.0717948717948718,0.0507326007326007,0.327106227106227
167273.411807,2607866.126422,0.026605504587156,0.216697247706422,0.207155963302752,0.0735779816513761,0.0777981651376147,0.398165137614679
167773.411807,2607866.126422,0.0465969546872134,0.341955604476243,0.112823335167859,0.140157769216657,0.0924600990643919,0.266006237387635
168273.411807,2607866.126422,0.0153846153846154,0.59029304029304,0,0,0.00421245421245421,0.39010989010989
168773.411807,2607866.126422,0.026605504587156,0.517981651376147,0,0.00018348623853211,0.00770642201834862,0.447522935779816
169273.411807,2607866.126422,0.0438451660245826,0.411484131352045,0.0159603742432581,0.0515501742799486,0.0423775454045129,0.434782608695652
169773.411807,2607866.126422,0.032967032967033,0.462087912087912,0,0.0152014652014652,0.0340659340659341,0.455677655677656
170273.411807,2607866.126422,0.0260550458715596,0.351376146788991,0,0.00073394495412844,0.0423853211009174,0.579449541284404
170773.411807,2607866.126422,0.0394423041643735,0.343606677673821,0,0.0126582278481013,0.167125298110438,0.437167492203265
171273.411807,2607866.126422,0.0807692307692308,0.26043956043956,0,0.0163003663003663,0.0822344322344322,0.56025641025641
171773.411807,2607866.126422,0.0546788990825688,0.236146788990826,0,0.0172477064220183,0.196330275229358,0.495596330275229
172273.411807,2607866.126422,0.185654008438819,0.150614566134654,0,0.0155934690882407,0.190423775454045,0.457714180884241
172773.411807,2607866.126422,0.164468864468864,0.0842490842490843,0,0.0531135531135531,0.581868131868132,0.116300366300366
173273.411807,2607866.126422,0.194204821942048,0.133377571333776,0,0.0869276708692767,0.361424463614245,0.224065472240655
162773.411807,2607366.126422,0,0.197619047619048,0.684798534798535,0.0994505494505494,0.00586080586080586,0.0122710622710623
163273.411807,2607366.126422,0.000915750915750916,0.231868131868132,0.706410256410256,0.0461538461538462,0.00421245421245421,0.0104395604395604
163773.411807,2607366.126422,0.00238357169050238,0.334250091675834,0.351485148514851,0.171250458379171,0.0469380271360469,0.0936927026035937
164273.411807,2607366.126422,0.00567765567765568,0.33021978021978,0.436446886446886,0.0336996336996337,0.0384615384615385,0.155494505494505
164773.411807,2607366.126422,0,0.126373626373626,0.446886446886447,0.0316849816849817,0.0441391941391941,0.350915750915751
165273.411807,2607366.126422,0.00476714338100477,0.679317931793179,0.0115511551155116,0.0108177484415108,0.0106343967730106,0.282911624495783
165773.411807,2607366.126422,0.0195970695970696,0.312087912087912,0.261172161172161,0.163003663003663,0.0565934065934066,0.187545787545788
166273.411807,2607366.126422,0.00824175824175824,0.207875457875458,0.253296703296703,0.253113553113553,0.0620879120879121,0.215384615384615
166773.411807,2607366.126422,0.00733406674000733,0.393289328932893,0.026952695269527,0.0181518151815182,0.0168683535020169,0.537403740374037
167273.411807,2607366.126422,0.0406593406593407,0.357142857142857,0.0184981684981685,0.0602564102564103,0.0587912087912088,0.464652014652015
167773.411807,2607366.126422,0.0399267399267399,0.337728937728938,0,0.0580586080586081,0.056043956043956,0.508241758241758
168273.411807,2607366.126422,0.0322698936560323,0.568756875687569,0,0.0066006600660066,0.0124679134580125,0.37990465713238
168773.411807,2607366.126422,0.0358974358974359,0.298901098901099,0,0.0619047619047619,0.0496336996336996,0.553663003663004
169273.411807,2607366.126422,0.0565934065934066,0.197435897435897,0.00531135531135531,0.295970695970696,0.171794871794872,0.272893772893773
169773.411807,2607366.126422,0.013017968463513,0.488448844884488,0,0.000366703337000367,0.0168683535020169,0.481298129812981
170273.411807,2607366.126422,0.0212454212454212,0.598168498168498,0,0.00366300366300366,0.0241758241758242,0.352747252747253
170773.411807,2607366.126422,0.0514652014652015,0.254945054945055,0,0.0205128205128205,0.164102564102564,0.508974358974359
171273.411807,2607366.126422,0.0465713237990466,0.266776677667767,0,0.00715071507150715,0.0876420975430876,0.591859185918592
171773.411807,2607366.126422,0.0362637362637363,0.36978021978022,0,0.0131868131868132,0.101831501831502,0.478937728937729
172273.411807,2607366.126422,0.0584249084249084,0.44010989010989,0,0.00750915750915751,0.185897435897436,0.308058608058608
172773.411807,2607366.126422,0.0826916024935827,0.397506417308398,0,0.00733406674000733,0.0997433076640997,0.412724605793913
173273.411807,2607366.126422,0.0293922651933702,0.398895027624309,0,0.00331491712707182,0.0647513812154696,0.503646408839779
160773.411807,2606866.126422,0,0,1,0,0,0
161273.411807,2606866.126422,0,0,0.985685446870985,0.0143145531290145,0,0
162773.411807,2606866.126422,0.000734079647641769,0.2073775004588,0.58928243714443,0.153789686180951,0.00844191594788034,0.0403743806202973
163273.411807,2606866.126422,0.000733541169998166,0.214744177516963,0.621125985695947,0.0755547405098111,0.0022006235099945,0.0856409315972859
163773.411807,2606866.126422,0.000366501740883269,0.266080263881253,0.502473886750962,0.0780648708081363,0.0130108118013561,0.140003665017409
164273.411807,2606866.126422,0.0115617544503579,0.174894476050652,0.527986786566342,0.193797026977427,0.0379886217654616,0.0537713341897596
164773.411807,2606866.126422,0.0115532734274711,0.13992297817715,0.332477535301669,0.0192554557124519,0.0430955437373923,0.453695213643866
165273.411807,2606866.126422,0.0317024005864028,0.242624152464724,0.0894264247755177,0.0698185816382628,0.0426974528129009,0.523730987722192
165773.411807,2606866.126422,0.00110111947146265,0.135254175077996,0.616626904019086,0.114332905120206,0.046063497889521,0.0866213984217288
166273.411807,2606866.126422,0.00238400880249404,0.20814230698698,0.245369521364387,0.252888318356868,0.0526315789473684,0.238584265541904
166773.411807,2606866.126422,0.00513102437236577,0.408466190214404,0.0207073483599047,0.0119113065787062,0.0108118013560564,0.542972329118563
167273.411807,2606866.126422,0.00605615709304459,0.427968434575151,0.0130299137456414,0.00495503762158194,0.0181684712791338,0.529821985685447
167773.411807,2606866.126422,0.00880249403997799,0.416467999266459,0,0.00641848523748395,0.0115532734274711,0.556757748028608
168273.411807,2606866.126422,0.0111783030969397,0.56166391790361,0,0.00329851566794942,0.0130108118013561,0.410848451530145
168773.411807,2606866.126422,0.0357863828225362,0.461919618278583,0.000550559735731327,0.00899247568361167,0.028629106258029,0.464121857221509
169273.411807,2606866.126422,0.0122868145974693,0.406198422886485,0,0.00586832935998533,0.0267742527049331,0.548872180451128
