"x","y","forest","agri","water","built","other","grass"
250273.411807,2626866.126422,0.962820512820513,0,0,0,0,0.0371794871794872
250773.411807,2626866.126422,0.887788778877888,0.0055005500550055,0,0.0154015401540154,0.0161349468280161,0.0751741840850752
251273.411807,2626866.126422,0.92967032967033,0.0128205128205128,0,0.00146520146520147,0.00677655677655678,0.0492673992673993
251773.411807,2626866.126422,0.951831501831502,0.00824175824175824,0,0,0.0021978021978022,0.0377289377289377
252273.411807,2626866.126422,0.571323799046571,0.0216354968830216,0,0.0885588558855886,0.12009534286762,0.198386505317198
252773.411807,2626866.126422,0.721794871794872,0.0897435897435897,0.00201465201465201,0.0155677655677656,0.0575091575091575,0.113369963369963
253273.411807,2626866.126422,0.62014652014652,0.0139194139194139,0.00238095238095238,0.0923076923076923,0.0967032967032967,0.174542124542125
253773.411807,2626866.126422,0.561056105610561,0.0634396773010634,0.000733406674000733,0.011001100110011,0.0858085808580858,0.277961129446278
254273.411807,2626866.126422,0.834249084249084,0.010989010989011,0,0.000183150183150183,0.0177655677655678,0.136813186813187
254773.411807,2626866.126422,0.925641025641026,0.0195970695970696,0,0,0,0.0547619047619048
255273.411807,2626866.126422,0.872020535386872,0.00293362669600293,0,0.015951595159516,0.0212687935460213,0.0878254492115878
255773.411807,2626866.126422,0.602564102564103,0.105128205128205,0.0267399267399267,0.118864468864469,0.0179487179487179,0.128754578754579
256273.411807,2626866.126422,0.285347985347985,0.0851648351648352,0.0351648351648352,0.257509157509157,0.138644688644689,0.198168498168498
256773.411807,2626866.126422,0.583975064173084,0.0418041804180418,0.015951595159516,0.121012101210121,0.0304363769710304,0.206820682068207
257273.411807,2626866.126422,0.637728937728938,0.0241758241758242,0.00494505494505494,0.093956043956044,0.0457875457875458,0.193406593406593
257773.411807,2626866.126422,0.799267399267399,0.0212454212454212,0,0.000732600732600733,0.015018315018315,0.163736263736264
258273.411807,2626866.126422,0.735973597359736,0.00165016501650165,0,0,0.0183351668500183,0.244041070773744
258773.411807,2626866.126422,0.874358974358974,0.000366300366300366,0,0,0,0.125274725274725
259273.411807,2626866.126422,0.78974358974359,0.00989010989010989,0,0.000366300366300366,0.047985347985348,0.152014652014652
259773.411807,2626866.126422,0.626512651265127,0.0137513751375138,0,0.000733406674000733,0.0126512651265127,0.346351301796846
260273.411807,2626866.126422,0.331684981684982,0.0304029304029304,0.000183150183150183,0.0155677655677656,0.0838827838827839,0.538278388278388
260773.411807,2626866.126422,0.86025641025641,0.00824175824175824,0,0.00164835164835165,0.0161172161172161,0.113736263736264
261273.411807,2626866.126422,0.364319765309864,0.134763476347635,0.000183351668500183,0.292995966263293,0.0707737440410708,0.136963696369637
261773.411807,2626866.126422,0.792857142857143,0.127289377289377,0,0.000366300366300366,0.00311355311355311,0.0763736263736264
262273.411807,2626866.126422,0.633699633699634,0.121062271062271,0.000183150183150183,0,0.00421245421245421,0.240842490842491
250273.411807,2626366.126422,0.464331560608839,0.00256739409499358,0,0.0245736291949386,0.0454795525398863,0.463047863561342
250773.411807,2626366.126422,0.448781381711563,0.015026571376214,0.00164925783397471,0.247205424225765,0.11434854315558,0.172988821696903
251273.411807,2626366.126422,0.640484492567444,0.000734079647641769,0,0.0209212699577904,0.0170673518076711,0.320792806019453
251773.411807,2626366.126422,0.891802677425271,0,0,0.00110031175499725,0.00183385292499542,0.105263157894737
252273.411807,2626366.126422,0.712845886017959,0.0639545537841305,0,0.0179585853032802,0.0580905259299982,0.147150448964633
252773.411807,2626366.126422,0.978711690218389,0.00403743806202973,0,0,0,0.0172508717195816
253273.411807,2626366.126422,0.887401430405282,0,0,0,0,0.112598569594719
253773.411807,2626366.126422,0.625068719076416,0.0463624702217336,0.0111783030969397,0.00787978742899029,0.0348176653839106,0.27469305479201
254273.411807,2626366.126422,0.729308129932098,0.0262433474031932,0.00862543585979079,0.0181684712791338,0.0275279867865663,0.190126628739218
254773.411807,2626366.126422,0.943333944617642,0,0,0,0.000916926462497708,0.0557491289198606
255273.411807,2626366.126422,0.728238959135056,0.0106285504856148,0,0.120945574491479,0.0443467106468756,0.0958402052409749
255773.411807,2626366.126422,0.707652780326665,0.120022022389429,0.0389062213250138,0.0229399889888053,0.0167003119838502,0.093778674986236
256273.411807,2626366.126422,0.875481386392811,0.00385109114249037,0.00201723821749496,0.00861910874747845,0.0203557674674491,0.0896754080322758
256773.411807,2626366.126422,0.763606377130291,0.00183250870441635,0,0.000733003481766538,0.0161260765988638,0.217702034084662
257273.411807,2626366.126422,0.527986786566342,0.0139475133051936,0.000550559735731327,0.00789135621214902,0.0201871903101487,0.429436593870435
257773.411807,2626366.126422,0.59581881533101,0.0784889051898038,0.0258573262424354,0.0449293966623877,0.0427287731523932,0.21217678342197
258273.411807,2626366.126422,0.348909657320872,0.116181051859996,0.01905809052593,0.0392156862745098,0.229246838922485,0.247388675096207
258773.411807,2626366.126422,0.783079464121857,0.00972655533125344,0.00568911726922371,0.0284455863461186,0.017434391631492,0.155624885300055
259273.411807,2626366.126422,0.510177883733725,0.0408949202273978,0.0242068586099395,0.0421786172748946,0.0990280579497524,0.283513662204291
259773.411807,2626366.126422,0.783763972878871,0.00549752611324904,0,0.000183250870441635,0.0172255818215137,0.193329668315924
260273.411807,2626366.126422,0.357496788401542,0.0280785465222977,0.000734079647641769,0.011194714626537,0.0502844558634612,0.552211414938521
260773.411807,2626366.126422,0.279295800476802,0.0513478818998716,0,0.0412616908123968,0.178617274894553,0.449477351916376
261273.411807,2626366.126422,0.203408466190214,0.234744365035734,0,0.0144768187648891,0.0434304562946674,0.503939893714495
261773.411807,2626366.126422,0.513305193613507,0.366122224261332,0.011194714626537,0,0.0132134336575518,0.0961644338410718
262273.411807,2626366.126422,0.634146341463415,0.0245736291949386,0.000183385292499542,0.000366770584999083,0.00861910874747845,0.33211076471667
250273.411807,2625866.126422,0.75325628325078,0.00275178866263071,0,0.015410016510732,0.0649422124380847,0.163639699137773
250773.411807,2625866.126422,0.846336996336996,0.000366300366300366,0,0.000366300366300366,0.00860805860805861,0.144322344322344
251273.411807,2625866.126422,0.82256880733945,0.000917431192660551,0,0.0288073394495413,0.0256880733944954,0.122018348623853
251773.411807,2625866.126422,0.889194643184737,0.000183452577508714,0,0.011557512383049,0.0113740598055403,0.0876903320491653
252273.411807,2625866.126422,0.94981684981685,0,0,0,0.000366300366300366,0.0498168498168498
252773.411807,2625866.126422,0.98,0,0,0,0,0.02
253273.411807,2625866.126422,0.926435516419006,0,0,0,0.00110071546505228,0.072463768115942
253773.411807,2625866.126422,0.716117216117216,0.00604395604395604,0,0.00311355311355311,0.0587912087912088,0.215934065934066
254273.411807,2625866.126422,0.68348623853211,0.0157798165137615,0.00678899082568807,0.0623853211009174,0.048256880733945,0.183302752293578
254773.411807,2625866.126422,0.879288203999266,0.00605393505778756,0.00146762062006971,0.0332049165290772,0.00807191341038342,0.0719134103834159
255273.411807,2625866.126422,0.864652014652015,0.0271062271062271,0,0.000183150183150183,0.0106227106227106,0.0974358974358974
255773.411807,2625866.126422,0.794128440366972,0.00660550458715596,0,0.00036697247706422,0.00587155963302752,0.19302752293578
256273.411807,2625866.126422,0.717849935791598,0.0315538433314988,0.000366905155017428,0.0790680609062557,0.0623738763529628,0.108787378462667
256773.411807,2625866.126422,0.467765567765568,0.174725274725275,0.0357142857142857,0.0562271062271062,0.032051282051282,0.233516483516484
257273.411807,2625866.126422,0.28348623853211,0.285688073394495,0.158348623853211,0.0990825688073395,0.0176146788990826,0.155779816513761
257773.411807,2625866.126422,0.601357549073565,0.114841313520455,0.0108237020730141,0.0744817464685379,0.0513667217024399,0.147128967161989
258273.411807,2625866.126422,0.612454212454212,0.271978021978022,0.00824175824175824,0.00549450549450549,0.00402930402930403,0.0978021978021978
258773.411807,2625866.126422,0.564770642201835,0.187339449541284,0.0475229357798165,0.0539449541284404,0.0181651376146789,0.128256880733945
259273.411807,2625866.126422,0.80022014309301,0.019262520638415,0,0.00091726288754357,0.0150431113557145,0.164556962025316
259773.411807,2625866.126422,0.65,0.108791208791209,0.00183150183150183,0.0126373626373626,0.0545787545787546,0.172161172161172
260273.411807,2625866.126422,0.230825688073394,0.234128440366972,0.0293577981651376,0.0596330275229358,0.185871559633028,0.260183486238532
260773.411807,2625866.126422,0.359933957072097,0.0963126031920749,0.0119244175380664,0.0728306732709595,0.176481379563383,0.28251696936342
261273.411807,2625866.126422,0.463736263736264,0.067032967032967,0.0267399267399267,0.155860805860806,0.0278388278388278,0.258791208791209
261773.411807,2625866.126422,0.333577981651376,0.145137614678899,0.369908256880734,0.114862385321101,0.00807339449541284,0.0284403669724771
262273.411807,2625866.126422,0.553292973766281,0.0332049165290772,0.0277013392038158,0.00275178866263071,0.0194459732159237,0.363603008622271
250273.411807,2625366.126422,0.960989010989011,0,0,0,0,0.039010989010989
250773.411807,2625366.126422,0.914008067473414,0,0,0,0,0.085991932526586
251273.411807,2625366.126422,0.884981684981685,0,0,0,0.000183150183150183,0.114835164835165
251773.411807,2625366.126422,0.636263736263736,0,0,0.0144688644688645,0.0249084249084249,0.324358974358974
252273.411807,2625366.126422,0.673083975064173,0.0141180784745141,0,0.0128346167950128,0.0473047304730473,0.252658599193253
252773.411807,2625366.126422,0.851648351648352,0.000183150183150183,0,0.0010989010989011,0.00934065934065934,0.137728937728938
253273.411807,2625366.126422,0.703846153846154,0.0173992673992674,0.00622710622710623,0.041025641025641,0.0578754578754579,0.173626373626374
253773.411807,2625366.126422,0.396956362302897,0.0672900623395673,0.0192519251925193,0.0656398973230656,0.138063806380638,0.312797946461313
254273.411807,2625366.126422,0.663553113553114,0.0474358974358974,0.0135531135531136,0.082967032967033,0.0441391941391941,0.148351648351648
254773.411807,2625366.126422,0.773809523809524,0.132967032967033,0.00641025641025641,0.0163003663003663,0.000366300366300366,0.0701465201465201
255273.411807,2625366.126422,0.81994866153282,0.154748808214155,0,0,0,0.0253025302530253
255773.411807,2625366.126422,0.807142857142857,0.0408424908424908,0,0.0021978021978022,0.0263736263736264,0.123443223443223
256273.411807,2625366.126422,0.845604395604396,0.0443223443223443,0.00183150183150183,0.0217948717948718,0.0206959706959707,0.0657509157509158
256773.411807,2625366.126422,0.662449578291162,0.177851118445178,0.0610561056105611,0.028969563623029,0.00311697836450312,0.0665566556655666
257273.411807,2625366.126422,0.636630036630037,0.198717948717949,0.0368131868131868,0.0512820512820513,0.0142857142857143,0.0622710622710623
257773.411807,2625366.126422,0.847252747252747,0.017032967032967,0,0.000183150183150183,0.0032967032967033,0.132234432234432
258273.411807,2625366.126422,0.904657132379905,0.0231023102310231,0.000183351668500183,0,0.0022002200220022,0.0698569856985699
258773.411807,2625366.126422,0.802930402930403,0.0785714285714286,0.00366300366300366,0,0.0108058608058608,0.104029304029304
259273.411807,2625366.126422,0.35989010989011,0.182967032967033,0.0298534798534799,0.121794871794872,0.0413919413919414,0.264102564102564
259773.411807,2625366.126422,0.667766776677668,0.304180418041804,0.0157682434910158,0.0102676934360103,0,0.00201686835350202
260273.411807,2625366.126422,0.705860805860806,0.26007326007326,0.00476190476190476,0.0010989010989011,0.000915750915750916,0.0272893772893773
260773.411807,2625366.126422,0.787728937728938,0.0173992673992674,0,0.000183150183150183,0.00201465201465201,0.192673992673993
261273.411807,2625366.126422,0.668866886688669,0.122845617895123,0,0.00128346167950128,0.00641730839750642,0.200586725339201
261773.411807,2625366.126422,0.462271062271062,0.256776556776557,0.104761904761905,0.056959706959707,0.0188644688644689,0.1003663003663
262273.411807,2625366.126422,0.611904761904762,0.0450549450549451,0,0,0.0175824175824176,0.325457875457875
250273.411807,2624866.126422,0.806528516412984,0.00495140289748762,0,0.000733541169998166,0.0286081056299285,0.159178433889602
250773.411807,2624866.126422,0.814733369983507,0,0,0.00659703133589885,0.0109950522264981,0.167674546454096
251273.411807,2624866.126422,0.793907138924573,0.0012846393833731,0,0.00550559735731327,0.0181684712791338,0.181134153055607
251773.411807,2624866.126422,0.649183935448377,0.0126535851824684,0.00366770584999083,0.0348432055749129,0.0539152759948652,0.245736291949386
252273.411807,2624866.126422,0.718343412131208,0.00164925783397471,0,0.0234561114165292,0.0432472054242258,0.213304013194063
252773.411807,2624866.126422,0.68875022939989,0.0603780510185355,0.0233070288126262,0.0278950266103872,0.0636814094329235,0.135988254725638
253273.411807,2624866.126422,0.834769851457913,0.00861910874747845,0,0.00458463231248854,0.0302585732624244,0.121767834219696
253773.411807,2624866.126422,0.881070185083379,0.0335349092908191,0,0,0.00146600696353308,0.0839288986622686
254273.411807,2624866.126422,0.857405028445586,0.0893741971003854,0,0,0,0.0532207744540283
254773.411807,2624866.126422,0.819365486887952,0.113515496057216,0,0.000183385292499542,0.00201723821749496,0.0649183935448377
255273.411807,2624866.126422,0.731720725673447,0.229063588052043,0,0.00366501740883269,0,0.0355506688656771
255773.411807,2624866.126422,0.860524866948064,0.00458799779776106,0,0,0.00238575885483575,0.132501376399339
256273.411807,2624866.126422,0.92389510361269,0.00513478818998716,0,0,0,0.0709701081973226
256773.411807,2624866.126422,0.970679860729338,0.00623052959501558,0,0,0.000183250870441635,0.0229063588052043
257273.411807,2624866.126422,0.897412369242063,0.0012846393833731,0,0,0.000734079647641769,0.100568911726922
257773.411807,2624866.126422,0.94406748578764,0.0315422703099211,0,0,0,0.024390243902439
258273.411807,2624866.126422,0.836173721825179,0.00787978742899029,0,0,0,0.155946490745831
258773.411807,2624866.126422,0.766562672049917,0.0341347036153423,0.00110111947146265,0.0330335841438796,0.0275279867865663,0.137639933932832
259273.411807,2624866.126422,0.718503576013204,0.265175132954337,0.00275077938749312,0.00678525582248304,0,0.00678525582248304
259773.411807,2624866.126422,0.858530328019058,0.137438152831226,0.00384826827927433,0,0,0.000183250870441635
260273.411807,2624866.126422,0.893007891356212,0.0726738851165352,0,0,0,0.0343182235272527
260773.411807,2624866.126422,0.903172565560242,0.0383275261324042,0,0.000183385292499542,0.00183385292499542,0.0564826700898588
261273.411807,2624866.126422,0.905992303463442,0.0701850833791461,0,0,0,0.0238226131574125
261773.411807,2624866.126422,0.703615342264636,0.217654615525785,0.0034868783262984,0.0133969535694623,0.0168838318957607,0.0449623784180584
262273.411807,2624866.126422,0.57582981844856,0.133871263524665,0.0506143407298735,0.0515312671923712,0.0581331377223547,0.130020172382175
250273.411807,2624366.126422,0.819115758576408,0.00165107319757843,0,0.0091726288754357,0.0247660979636764,0.145294441386901
250773.411807,2624366.126422,0.653479853479853,0.0021978021978022,0,0.0214285714285714,0.0467032967032967,0.276190476190476
251273.411807,2624366.126422,0.684770642201835,0.00495412844036697,0.0036697247706422,0.0532110091743119,0.051743119266055,0.201651376146789
251773.411807,2624366.126422,0.804806457530728,0.0181618051733627,0.00201797835259585,0.0249495505411851,0.019262520638415,0.130801687763713
252273.411807,2624366.126422,0.575641025641026,0.20018315018315,0.0677655677655678,0.0358974358974359,0.0142857142857143,0.106227106227106
252773.411807,2624366.126422,0.47651376146789,0.266788990825688,0.0911926605504587,0.0546788990825688,0.0168807339449541,0.0939449541284404
253273.411807,2624366.126422,0.917079434966061,0.00275178866263071,0,0,0.00146762062006971,0.0787011557512383
253773.411807,2624366.126422,0.808974358974359,0.00274725274725275,0,0.000915750915750916,0.0250915750915751,0.162271062271062
254273.411807,2624366.126422,0.828623853211009,0.0300917431192661,0.00018348623853211,0.00238532110091743,0.0284403669724771,0.110275229357798
254773.411807,2624366.126422,0.767382131718951,0.0574206567602275,0.001284168042561,0.00568702990277013,0.014125848468171,0.15410016510732
255273.411807,2624366.126422,0.759340659340659,0.104395604395604,0,0.000183150183150183,0.0247252747252747,0.111355311355311
255773.411807,2624366.126422,0.852110091743119,0.00036697247706422,0,0,0,0.147522935779817
256273.411807,2624366.126422,0.816363969913777,0.0425609979820216,0,0,0.00091726288754357,0.140157769216657
256773.411807,2624366.126422,0.978937728937729,0.00824175824175824,0,0,0,0.0128205128205128
257273.411807,2624366.126422,0.918899082568807,0.0370642201834862,0,0,0,0.0440366972477064
257773.411807,2624366.126422,0.941662080352229,0.0155934690882407,0,0,0,0.0427444505595304
258273.411807,2624366.126422,0.895238095238095,0,0,0,0,0.104761904761905
258773.411807,2624366.126422,0.895779816513761,0.0387155963302752,0,0,0,0.0655045871559633
259273.411807,2624366.126422,0.939827554577142,0.0579710144927536,0,0,0,0.00220143093010457
259773.411807,2624366.126422,0.961172161172161,0.0304029304029304,0,0,0,0.00842490842490842
260273.411807,2624366.126422,0.880550458715596,0.00422018348623853,0,0,0.00642201834862385,0.108807339449541
260773.411807,2624366.126422,0.970831040176114,0.0113740598055403,0,0,0,0.0177949000183453
261273.411807,2624366.126422,0.966849816849817,0.0289377289377289,0,0,0,0.00421245421245421
261773.411807,2624366.126422,0.840183486238532,0.131192660550459,0,0,0,0.0286238532110092
262273.411807,2624366.126422,0.520088057237204,0.0623738763529628,0.000550357732526142,0.268391120895249,0.0425609979820216,0.106035589800037
250273.411807,2623866.126422,0.868864468864469,0.0010989010989011,0,0.00457875457875458,0.0120879120879121,0.113369963369963
250773.411807,2623866.126422,0.783461679501283,0,0,0.00641730839750642,0.00806747341400807,0.202053538687202
251273.411807,2623866.126422,0.68021978021978,0.0183150183150183,0.0021978021978022,0.0534798534798535,0.0600732600732601,0.185714285714286
251773.411807,2623866.126422,0.637728937728938,0.023992673992674,0.00732600732600733,0.11007326007326,0.0723443223443224,0.148534798534799
252273.411807,2623866.126422,0.87972130546388,0.00476714338100477,0,0,0.00348368170150348,0.112027869453612
252773.411807,2623866.126422,0.922710622710623,0.00384615384615385,0,0,0.00238095238095238,0.0710622710622711
253273.411807,2623866.126422,0.957692307692308,0.00256410256410256,0,0,0,0.0397435897435897
253773.411807,2623866.126422,0.961129446277961,0.00165016501650165,0,0,0,0.0372203887055372
254273.411807,2623866.126422,0.842490842490842,0.0148351648351648,0.000183150183150183,0.00128205128205128,0.0230769230769231,0.118131868131868
254773.411807,2623866.126422,0.827838827838828,0.00238095238095238,0,0,0.000183150183150183,0.16959706959707
255273.411807,2623866.126422,0.411074440777411,0.172533920058673,0,0,0.0390539053905391,0.377337733773377
255773.411807,2623866.126422,0.88021978021978,0.0342490842490843,0,0,0,0.0855311355311355
256273.411807,2623866.126422,0.914102564102564,0.0186813186813187,0,0,0,0.0672161172161172
256773.411807,2623866.126422,0.996149614961496,0.00146681334800147,0,0,0,0.00238357169050238
257273.411807,2623866.126422,0.837362637362637,0,0,0,0.00293040293040293,0.15970695970696
257773.411807,2623866.126422,0.938461538461538,0.00860805860805861,0,0,0,0.0529304029304029
258273.411807,2623866.126422,0.932893289328933,0.000916758342500917,0,0,0.000183351668500183,0.066006600660066
258773.411807,2623866.126422,0.79029304029304,0.0836996336996337,0.0175824175824176,0.0355311355311355,0.0159340659340659,0.056959706959707
259273.411807,2623866.126422,0.924175824175824,0.0304029304029304,0,0,0,0.0454212454212454
259773.411807,2623866.126422,0.891822515584892,0.0198019801980198,0,0,0.00623395672900623,0.0821415474880821
260273.411807,2623866.126422,0.896520146520147,0.0307692307692308,0.000183150183150183,0.000366300366300366,0.000366300366300366,0.0717948717948718
260773.411807,2623866.126422,0.954029304029304,0.023992673992674,0,0,0,0.021978021978022
261273.411807,2623866.126422,0.936193619361936,0.0634396773010634,0,0,0,0.000366703337000367
261773.411807,2623866.126422,0.86978021978022,0.0575091575091575,0.00256410256410256,0.015018315018315,0.00787545787545788,0.0472527472527473
262273.411807,2623866.126422,0.901831501831502,0.0307692307692308,0,0,0,0.0673992673992674
250273.411807,2623366.126422,0.872547221712819,0.00293416467999266,0,0,0.00348432055749129,0.121034293049697
250773.411807,2623366.126422,0.756276342312626,0.021073850100788,0,0.0469122228330585,0.0227231079347627,0.153014476818765
251273.411807,2623366.126422,0.590383556615893,0.0521196549825656,0.0161497522481189,0.109928427234355,0.0535878142778491,0.177830794641219
251773.411807,2623366.126422,0.810562992847974,0.08399046396479,0,0.000183385292499542,0.00476801760498808,0.100495140289749
252273.411807,2623366.126422,0.782847718526663,0.129558365402236,0.000916254352208173,0,0.00384826827927433,0.0828293934396188
252773.411807,2623366.126422,0.836483758487796,0.00880895577170123,0,0,0,0.154707285740503
253273.411807,2623366.126422,0.941866862277645,0,0,0,0.000366770584999083,0.0577663671373556
253773.411807,2623366.126422,0.915521348726406,0.00513102437236577,0,0,0.00201575957485798,0.0773318673263698
254273.411807,2623366.126422,0.886768214351257,0.00844191594788034,0.000734079647641769,0,0.0124793540099101,0.0915764360433107
254773.411807,2623366.126422,0.706216761415734,0.00476801760498808,0,0.000183385292499542,0.00788556757748029,0.280946268109298
255273.411807,2623366.126422,0.810701850833791,0.00384826827927433,0,0,0.00146600696353308,0.183983873923401
255773.411807,2623366.126422,0.84217287575702,0.0266103872270141,0,0,0.000734079647641769,0.130482657368324
256273.411807,2623366.126422,0.953420135705116,0.00256739409499358,0,0,0,0.04401247019989
256773.411807,2623366.126422,0.987905442550852,0.00128275609309144,0,0,0,0.0108118013560564
257273.411807,2623366.126422,0.793723619012663,0.0168838318957607,0,0.00367039823820885,0.00972655533125344,0.175995595522114
257773.411807,2623366.126422,0.968457729690079,0.0137538969374656,0,0,0,0.0177883733724555
258273.411807,2623366.126422,0.951988271944292,0.0089792926516401,0,0,0.00219901044529962,0.0368334249587686
258773.411807,2623366.126422,0.929161314002569,0.0242246283721784,0,0,0,0.0466140576252523
259273.411807,2623366.126422,0.879515862827801,0.0493306436823767,0,0,0.000183385292499542,0.0709701081973226
259773.411807,2623366.126422,0.943192230163093,0.00549752611324904,0,0,0.00384826827927433,0.0474619754443834
260273.411807,2623366.126422,0.97907873004221,0.0012846393833731,0,0,0.000183519911910442,0.0194531106625069
260773.411807,2623366.126422,0.995048597102512,0.00275077938749312,0,0,0,0.0022006235099945
261273.411807,2623366.126422,0.986989188198644,0.0122778083195895,0,0,0,0.000733003481766538
261773.411807,2623366.126422,0.949164984400807,0.0152321526885667,0,0,0,0.0356028629106258
262273.411807,2623366.126422,0.977076838437557,0.000733541169998166,0,0,0,0.0221896203924445
250273.411807,2622866.126422,0.960557695835626,0,0,0,0.000183452577508714,0.0392588515868648
250773.411807,2622866.126422,0.920695970695971,0.0144688644688645,0,0,0.000183150183150183,0.0646520146520147
251273.411807,2622866.126422,0.66697247706422,0.00422018348623853,0.00238532110091743,0.131559633027523,0.0311926605504587,0.163669724770642
251773.411807,2622866.126422,0.718583746101633,0.00990643918547056,0.0176114474408365,0.0442120711796001,0.0311869381764814,0.178499357915979
252273.411807,2622866.126422,0.903296703296703,0.00934065934065934,0,0,0.000549450549450549,0.0868131868131868
252773.411807,2622866.126422,0.925871559633027,0.0119266055045872,0,0,0,0.0622018348623853
253273.411807,2622866.126422,0.846817097780224,0.00605393505778756,0,0.000550357732526142,0.00201797835259585,0.144560631076867
253773.411807,2622866.126422,0.853296703296703,0.0126373626373626,0,0,0.000183150183150183,0.133882783882784
254273.411807,2622866.126422,0.897614678899083,0.0185321100917431,0,0,0.00018348623853211,0.0836697247706422
254773.411807,2622866.126422,0.855806274078151,0.0110071546505228,0,0,0.00110071546505228,0.132085855806274
255273.411807,2622866.126422,0.833699633699634,0.0571428571428571,0,0,0.000183150183150183,0.108974358974359
255773.411807,2622866.126422,0.827339449541284,0.0913761467889908,0,0,0.00036697247706422,0.0809174311926606
256273.411807,2622866.126422,0.733626857457347,0.0311869381764814,0,0,0.00348559897266557,0.231700605393506
256773.411807,2622866.126422,0.908424908424908,0.00201465201465201,0,0,0,0.0895604395604396
257273.411807,2622866.126422,0.924587155963303,0.0242201834862385,0,0,0,0.0511926605504587
257773.411807,2622866.126422,0.949000183452578,0.0144927536231884,0,0,0,0.0365070629242341
258273.411807,2622866.126422,0.954029304029304,0,0,0,0,0.045970695970696
258773.411807,2622866.126422,0.910825688073394,0.00348623853211009,0,0,0.00201834862385321,0.0836697247706422
259273.411807,2622866.126422,0.9557879288204,0.0117409649605577,0,0,0.000366905155017428,0.032104201064025
259773.411807,2622866.126422,0.838278388278388,0.0419413919413919,0.000183150183150183,0.00402930402930403,0.021978021978022,0.0935897435897436
260273.411807,2622866.126422,0.907706422018349,0.0291743119266055,0,0,0.00036697247706422,0.0627522935779816
260773.411807,2622866.126422,0.968079251513484,0.0078884608328747,0,0,0,0.0240322876536415
261273.411807,2622866.126422,0.984249084249084,0.0157509157509158,0,0,0,0
261773.411807,2622866.126422,0.98954128440367,0.00275229357798165,0,0,0,0.00770642201834862
262273.411807,2622866.126422,0.973582828838745,0.000550357732526142,0,0.000183452577508714,0.000366905155017428,0.0253164556962025
250273.411807,2622366.126422,0.956227106227106,0,0,0.000366300366300366,0.000549450549450549,0.0428571428571429
250773.411807,2622366.126422,0.878071140447378,0.00165016501650165,0,0.00165016501650165,0.00623395672900623,0.112394572790612
251273.411807,2622366.126422,0.663369963369963,0.0192307692307692,0,0.105311355311355,0.0470695970695971,0.165018315018315
251773.411807,2622366.126422,0.664652014652015,0.0538461538461538,0.0021978021978022,0.0635531135531135,0.0879120879120879,0.127838827838828
252273.411807,2622366.126422,0.904473780711404,0.00201686835350202,0,0.0044004400440044,0.0044004400440044,0.0847084708470847
252773.411807,2622366.126422,0.884249084249084,0.000366300366300366,0,0.000732600732600733,0.00311355311355311,0.111538461538462
253273.411807,2622366.126422,0.654395604395604,0.00879120879120879,0.0181318681318681,0.0217948717948718,0.0445054945054945,0.252380952380952
253773.411807,2622366.126422,0.761826182618262,0.00476714338100477,0,0.0022002200220022,0.0203520352035204,0.210854418775211
254273.411807,2622366.126422,0.627472527472527,0.0304029304029304,0,0.000732600732600733,0.00256410256410256,0.338827838827839
254773.411807,2622366.126422,0.602930402930403,0.0250915750915751,0.000366300366300366,0.202747252747253,0.0465201465201465,0.122344322344322
255273.411807,2622366.126422,0.772460579391272,0.0198019801980198,0,0.00586725339200587,0.050971763843051,0.150898423175651
255773.411807,2622366.126422,0.697069597069597,0.013003663003663,0.0597069597069597,0.105677655677656,0.0518315018315018,0.0727106227106227
256273.411807,2622366.126422,0.912637362637363,0.00183150183150183,0,0,0,0.0855311355311355
256773.411807,2622366.126422,0.8995232856619,0,0,0,0,0.1004767143381
257273.411807,2622366.126422,0.741575091575092,0.00274725274725275,0,0.000366300366300366,0.00860805860805861,0.246703296703297
257773.411807,2622366.126422,0.88992673992674,0.00586080586080586,0,0,0.00146520146520147,0.102747252747253
258273.411807,2622366.126422,0.938760542720939,0.00256692335900257,0,0,0,0.0586725339200587
258773.411807,2622366.126422,0.938461538461538,0.00311355311355311,0,0.000549450549450549,0.00347985347985348,0.0543956043956044
259273.411807,2622366.126422,0.919230769230769,0.0230769230769231,0,0,0.00421245421245421,0.0534798534798535
259773.411807,2622366.126422,0.962596259625963,0.00788412174550788,0,0,0,0.0295196186285295
260273.411807,2622366.126422,0.940842490842491,0.00567765567765568,0,0.00146520146520147,0.00512820512820513,0.0468864468864469
260773.411807,2622366.126422,0.978754578754579,0.0043956043956044,0,0,0,0.0168498168498168
261273.411807,2622366.126422,0.994499449944995,0.0055005500550055,0,0,0,0
261773.411807,2622366.126422,0.968864468864469,0.000183150183150183,0,0,0,0.030952380952381
262273.411807,2622366.126422,0.982783882783883,0,0,0,0,0.0172161172161172
250273.411807,2621866.126422,0.922061250687695,0.000183385292499542,0,0.00348432055749129,0.0053181734824867,0.0689528699798276
250773.411807,2621866.126422,0.874839655488364,0.00366501740883269,0,0.0201575957485798,0.042147700201576,0.059190031152648
251273.411807,2621866.126422,0.852633510735915,0.0205542301339695,0,0.00311983850247752,0.0304643053771334,0.0932281152505047
251773.411807,2621866.126422,0.6401980561159,0.0911424903722722,0.0066018705299835,0.0416284613973959,0.0276911791674308,0.192737942417018
252273.411807,2621866.126422,0.897013010811801,0.0371999266996518,0.00201575957485798,0.000183250870441635,0.00623052959501558,0.0573575224482316
252773.411807,2621866.126422,0.67204991741604,0.00697375665259681,0.0255092677555515,0.0688199669664159,0.0631308496971921,0.163516241512204
253273.411807,2621866.126422,0.845956354300385,0.00421786172748946,0.00256739409499358,0.00605171465248487,0.0304419585549239,0.110764716669723
253773.411807,2621866.126422,0.991203958218802,0,0,0,0,0.00879604178119846
254273.411807,2621866.126422,0.888970453294182,0,0,0,0.00110111947146265,0.109928427234355
254773.411807,2621866.126422,0.27196038877682,0.0119200440124702,0.0610673024023473,0.530900421786173,0.0808729139922978,0.0432789290298918
255273.411807,2621866.126422,0.356056441268096,0.0133773135422393,0.0157595748579806,0.0597397837639729,0.12552684625252,0.429540040315191
255773.411807,2621866.126422,0.388144613690585,0.028629106258029,0.121306661772802,0.0403743806202973,0.231969168654799,0.189576069003487
256273.411807,2621866.126422,0.769117916743077,0.00421786172748946,0,0.000550155877498625,0.00806895286997983,0.218045112781955
256773.411807,2621866.126422,0.884735202492212,0.00183250870441635,0,0.0225398570643211,0.00769653655854865,0.0831958951805021
257273.411807,2621866.126422,0.572215085336759,0.00403743806202973,0,0,0.0205542301339695,0.403193246467242
257773.411807,2621866.126422,0.822849807445443,0.0066018705299835,0,0.000733541169998166,0.0295250320924262,0.140289748762149
258273.411807,2621866.126422,0.893347993402969,0.0146600696353308,0,0,0,0.0919919369617006
258773.411807,2621866.126422,0.89612772985869,0.0167003119838502,0,0,0,0.0871719581574601
259273.411807,2621866.126422,0.928479735925179,0.0370438290849074,0,0,0,0.0344764349899138
259773.411807,2621866.126422,0.861645592816566,0.000733003481766538,0,0,0,0.137621403701668
260273.411807,2621866.126422,0.903835566158928,0.00201871903101487,0,0.000367039823820885,0.00403743806202973,0.0897412369242063
260773.411807,2621866.126422,0.938565927012654,0.0163212910324592,0,0.00183385292499542,0.0106363469649734,0.0326425820649184
261273.411807,2621866.126422,0.859080080630383,0.11654755360088,0,0.000183250870441635,0.000183250870441635,0.0240058640278541
261773.411807,2621866.126422,0.916498440080749,0.02073775004588,0,0,0,0.0627638098733713
262273.411807,2621866.126422,0.91600953603521,0.000183385292499542,0,0,0,0.0838070786722905
250273.411807,2621366.126422,0.909007521555678,0.00165107319757843,0,0.002568336085122,0.0119244175380664,0.0748486516235553
250773.411807,2621366.126422,0.930769230769231,0.0247252747252747,0,0,0,0.0445054945054945
251273.411807,2621366.126422,0.722385321100917,0.0262385321100917,0,0.0115596330275229,0.0770642201834862,0.162752293577982
251773.411807,2621366.126422,0.73325995230233,0.0498991010823702,0.000366905155017428,0.0181618051733627,0.0662263804806457,0.132085855806274
252273.411807,2621366.126422,0.928388278388278,0.00860805860805861,0,0.000366300366300366,0.0135531135531136,0.0490842490842491
252773.411807,2621366.126422,0.785871559633028,0.0170642201834862,0.00532110091743119,0.0337614678899083,0.0341284403669725,0.123853211009174
253273.411807,2621366.126422,0.745551274995414,0.00843881856540084,0,0.0374243258117777,0.0742982938910292,0.134287286736379
253773.411807,2621366.126422,0.765201465201465,0.000732600732600733,0,0.00567765567765568,0.0102564102564103,0.218131868131868
254273.411807,2621366.126422,0.84,0.000917431192660551,0,0,0.00715596330275229,0.151926605504587
254773.411807,2621366.126422,0.794349660612732,0.00568702990277013,0,0.00550357732526142,0.0416437350944781,0.152815997064759
255273.411807,2621366.126422,0.385164835164835,0.0287545787545788,0.0428571428571429,0.168864468864469,0.122893772893773,0.251465201465201
255773.411807,2621366.126422,0.286422018348624,0.013394495412844,0.00110091743119266,0.14954128440367,0.207522935779817,0.342018348623853
256273.411807,2621366.126422,0.710144927536232,0.00201797835259585,0.000550357732526142,0.0232984773436067,0.0251330031186938,0.238855255916346
256773.411807,2621366.126422,0.46025641025641,0.00586080586080586,0.00604395604395604,0.0844322344322344,0.0791208791208791,0.364285714285714
257273.411807,2621366.126422,0.60605504587156,0.0108256880733945,0.00036697247706422,0.00275229357798165,0.0467889908256881,0.333211009174312
257773.411807,2621366.126422,0.891762979269859,0.0117409649605577,0,0.000183452577508714,0.00293524124013942,0.0933773619519354
258273.411807,2621366.126422,0.896520146520147,0.00293040293040293,0,0,0,0.100549450549451
258773.411807,2621366.126422,0.829174311926606,0.00256880733944954,0,0,0,0.168256880733945
259273.411807,2621366.126422,0.953403045312787,0.00165107319757843,0,0,0.00110071546505228,0.0438451660245826
259773.411807,2621366.126422,0.811538461538462,0.00128205128205128,0,0,0,0.187179487179487
260273.411807,2621366.126422,0.970091743119266,0,0,0,0,0.0299082568807339
260773.411807,2621366.126422,0.773802971931756,0.0403595670519171,0.0163272793982755,0.0354063474591818,0.0260502660062374,0.108053568152633
261273.411807,2621366.126422,0.701648351648352,0.187912087912088,0.0481684981684982,0.0032967032967033,0.0201465201465201,0.0388278388278388
261773.411807,2621366.126422,0.719266055045872,0.0688073394495413,0.0177981651376147,0.0313761467889908,0.0401834862385321,0.12256880733945
262273.411807,2621366.126422,0.839845899834893,0.0271509814712897,0.0106402494955054,0.0346725371491469,0.0280682443588332,0.0596220876903321
250273.411807,2620866.126422,0.848534798534799,0.0113553113553114,0,0.0106227106227106,0.0152014652014652,0.114285714285714
250773.411807,2620866.126422,0.67015034836817,0.0088008800880088,0,0.00183351668500183,0.00953428676200953,0.30968096809681
251273.411807,2620866.126422,0.82014652014652,0.00476190476190476,0,0.0021978021978022,0.00695970695970696,0.165934065934066
251773.411807,2620866.126422,0.761904761904762,0.0879120879120879,0.00183150183150183,0.00201465201465201,0.0463369963369963,0.1
252273.411807,2620866.126422,0.914374770810414,0.0262192885955262,0,0.000366703337000367,0.00421708837550422,0.0548221488815548
252773.411807,2620866.126422,0.918681318681319,0.0146520146520147,0.000915750915750916,0.0183150183150183,0.00567765567765568,0.0417582417582418
253273.411807,2620866.126422,0.81959706959707,0.0289377289377289,0.00128205128205128,0.0278388278388278,0.0230769230769231,0.0992673992673993
253773.411807,2620866.126422,0.580674734140081,0.0106343967730106,0.000366703337000367,0.247891455812248,0.0586725339200587,0.101760176017602
254273.411807,2620866.126422,0.848717948717949,0.000183150183150183,0,0.0404761904761905,0.013003663003663,0.0976190476190476
254773.411807,2620866.126422,0.527655677655678,0.0021978021978022,0,0.293956043956044,0.043040293040293,0.133150183150183
255273.411807,2620866.126422,0.384855152181885,0.0176017601760176,0.00531719838650532,0.346351301796846,0.0584891822515585,0.187385405207187
255773.411807,2620866.126422,0.471978021978022,0.0108058608058608,0.000183150183150183,0.238095238095238,0.0765567765567766,0.202380952380952
256273.411807,2620866.126422,0.574908424908425,0.00622710622710623,0.0010989010989011,0.0501831501831502,0.0470695970695971,0.320512820512821
256773.411807,2620866.126422,0.633846718005134,0.0190685735240191,0.0146681334800147,0.0443711037770444,0.0542720938760543,0.233773377337734
257273.411807,2620866.126422,0.821062271062271,0.0267399267399267,0.00805860805860806,0.00805860805860806,0.0327838827838828,0.103296703296703
257773.411807,2620866.126422,0.931318681318681,0.0152014652014652,0,0,0.00384615384615385,0.0496336996336996
258273.411807,2620866.126422,0.96039603960396,0.000916758342500917,0,0,0.0011001100110011,0.0375870920425376
258773.411807,2620866.126422,0.886813186813187,0.0043956043956044,0,0,0.00183150183150183,0.106959706959707
259273.411807,2620866.126422,0.967582417582418,0,0,0,0,0.0324175824175824
259773.411807,2620866.126422,0.904840484048405,0,0,0,0,0.0951595159515952
260273.411807,2620866.126422,0.943772893772894,0.00256410256410256,0,0.00695970695970696,0.0133699633699634,0.0333333333333333
260773.411807,2620866.126422,0.813736263736264,0.0562271062271062,0.00366300366300366,0.0287545787545788,0.0347985347985348,0.0628205128205128
261273.411807,2620866.126422,0.957462412907957,0.0414374770810414,0,0,0,0.0011001100110011
261773.411807,2620866.126422,0.994871794871795,0,0,0,0,0.00512820512820513
262273.411807,2620866.126422,0.978937728937729,0,0,0,0,0.0210622710622711
250273.411807,2620366.126422,0.83201907207042,0.00366770584999083,0,0.00183385292499542,0.00953603520997616,0.152943333944618
250773.411807,2620366.126422,0.844420010995052,0.00513102437236577,0,0,0.00128275609309144,0.149166208539491
251273.411807,2620366.126422,0.67204991741604,0.0649660488162966,0.000917599559552211,0.00991007524316388,0.039823820884566,0.212332538080382
251773.411807,2620366.126422,0.974876214927563,0.00568494406748579,0,0,0,0.0194388410049514
252273.411807,2620366.126422,0.978926149899212,0.000183250870441635,0,0,0.000183250870441635,0.0207073483599047
252773.411807,2620366.126422,0.989906404844926,0.0034868783262984,0,0,0,0.00660671682877592
253273.411807,2620366.126422,0.716486337795709,0.00458463231248854,0,0.0662020905923345,0.0671190170548322,0.145607922244636
253773.411807,2620366.126422,0.771119662818398,0.055158512002932,0.000733003481766538,0.0364669232178853,0.0896096756459593,0.0469122228330585
254273.411807,2620366.126422,0.826940723068453,0.0552394934850431,0.000917599559552211,0.0411084602679391,0.00367039823820885,0.0721233253808038
254773.411807,2620366.126422,0.638180817898405,0.0843572345497891,0.000366770584999083,0.0973775903172566,0.0181551439574546,0.161562442692096
255273.411807,2620366.126422,0.767821147150449,0.0538757559098406,0,0,0,0.17830309693971
255773.411807,2620366.126422,0.675536795742338,0.0299137456414021,0,0.000183519911910442,0.00367039823820885,0.290695540466141
256273.411807,2620366.126422,0.501192004401247,0.0253071703649367,0.00311754997249221,0.132954337062168,0.0726205758298184,0.264808362369338
