"x","y","forest","agri","water","built","other","grass"
224773.411807,2682366.126422,0.503665987780041,0.135845213849287,0,0.0439918533604888,0.0417515274949083,0.274745417515275
225273.411807,2682366.126422,0.473230656398973,0.349468280161349,0,0.0247524752475248,0.0172350568390172,0.135313531353135
225773.411807,2682366.126422,0.743223443223443,0.137362637362637,0,0.00402930402930403,0.00311355311355311,0.112271062271062
226273.411807,2682366.126422,0.770695970695971,0.0208791208791209,0,0.00879120879120879,0.00457875457875458,0.195054945054945
226773.411807,2682366.126422,0.501833516685002,0.0196186285295196,0,0.00861752841950862,0.00568390172350568,0.464246424642464
227273.411807,2682366.126422,0.447252747252747,0.028021978021978,0,0.010989010989011,0.00695970695970696,0.506776556776557
227773.411807,2682366.126422,0.263736263736264,0.0935897435897436,0.0117216117216117,0.141391941391941,0.0428571428571429,0.446703296703297
228273.411807,2682366.126422,0.233039970663733,0.105977264393106,0.00201686835350202,0.163916391639164,0.0515218188485515,0.443527686101944
228773.411807,2682366.126422,0.271978021978022,0.0888278388278388,0.000549450549450549,0.032967032967033,0.0194139194139194,0.586263736263736
229273.411807,2682366.126422,0.245604395604396,0.0824175824175824,0,0.0340659340659341,0.0152014652014652,0.622710622710623
229773.411807,2682366.126422,0.378804547121379,0.0236523652365237,0.0022002200220022,0.0476714338100477,0.0264026402640264,0.521268793546021
230273.411807,2682366.126422,0.275824175824176,0.0338827838827839,0,0.0815018315018315,0.0293040293040293,0.57948717948718
230773.411807,2682366.126422,0.0886446886446886,0.0567765567765568,0.0021978021978022,0.408241758241758,0.0642857142857143,0.37985347985348
231273.411807,2682366.126422,0.36963696369637,0.0746241290795746,0.000366703337000367,0.0396039603960396,0.022002200220022,0.493766043270994
231773.411807,2682366.126422,0.114835164835165,0.17985347985348,0.00402930402930403,0.137179487179487,0.0580586080586081,0.506043956043956
232273.411807,2682366.126422,0.00402930402930403,0.0912087912087912,0.0291208791208791,0.715934065934066,0.06996336996337,0.0897435897435897
232773.411807,2682366.126422,0.101576824349102,0.0544554455445545,0.00183351668500183,0.561789512284562,0.0572057205720572,0.223138980564723
233273.411807,2682366.126422,0.192490842490843,0.063003663003663,0,0.254212454212454,0.0945054945054945,0.395787545787546
233773.411807,2682366.126422,0.0717948717948718,0.126190476190476,0.00366300366300366,0.332600732600733,0.1,0.365750915750916
234273.411807,2682366.126422,0.152181884855152,0.104877154382105,0.00055005500550055,0.17950128346168,0.0711404473780711,0.491749174917492
234773.411807,2682366.126422,0.256410256410256,0.193223443223443,0,0.0146520146520147,0.0194139194139194,0.516300366300366
235273.411807,2682366.126422,0.267216117216117,0.00970695970695971,0,0.0104395604395604,0.00512820512820513,0.707509157509158
235773.411807,2682366.126422,0.583241657499083,0.127429409607627,0,0.00238357169050238,0.0011001100110011,0.285845251191786
236273.411807,2682366.126422,0.521062271062271,0.0620879120879121,0,0.0379120879120879,0.0294871794871795,0.349450549450549
236773.411807,2682366.126422,0.352380952380952,0.114102564102564,0,0.0172161172161172,0.010989010989011,0.505311355311355
237273.411807,2682366.126422,0.361040609137056,0.254441624365482,0,0.0107868020304569,0.00793147208121827,0.365799492385787
224773.411807,2681866.126422,0.383030797470936,0.280236589842953,0,0.0210075464001632,0.0146848868039976,0.30104017948195
225273.411807,2681866.126422,0.597947590251054,0.183067619571193,0,0.0262048744731537,0.015026571376214,0.177753344328386
225773.411807,2681866.126422,0.467425215635897,0.0405579005322077,0,0.0506514956872821,0.0256927876674619,0.415672600477152
226273.411807,2681866.126422,0.538052448193655,0.0629011553273428,0,0.0146708233999633,0.00421786172748946,0.38015771135155
226773.411807,2681866.126422,0.715961150815466,0.0370166758292102,0,0.000183250870441635,0.000183250870441635,0.24665567161444
227273.411807,2681866.126422,0.585428518994311,0.0425766195632226,0,0.00660671682877592,0.00715727656450725,0.358230868049183
227773.411807,2681866.126422,0.0381441408399046,0.134971575279663,0.00275077938749312,0.114249037227214,0.0487804878048781,0.661103979460847
228273.411807,2681866.126422,0.0991387209089243,0.0864944108484515,0.0267546270844787,0.354590434304563,0.105552501374382,0.327469305479201
228773.411807,2681866.126422,0.421178197834465,0.030280785465223,0.00403743806202973,0.0216553496054322,0.00972655533125344,0.513121673701597
229273.411807,2681866.126422,0.321657803044196,0.0337428938199156,0.00275077938749312,0.0291582615074271,0.0185219145424537,0.594168347698515
229773.411807,2681866.126422,0.386109584020524,0.047645226314825,0,0.0406816932380429,0.023089609675646,0.502473886750962
230273.411807,2681866.126422,0.137456414020921,0.0625802899614608,0.000367039823820885,0.263718113415306,0.0530372545421178,0.482840888236374
230773.411807,2681866.126422,0.107280396112232,0.0614340729873464,0.00605171465248487,0.350632679259123,0.077205208142307,0.397395928846506
231273.411807,2681866.126422,0.0711013377313542,0.055158512002932,0.00513102437236577,0.0703683342495877,0.0289536375297783,0.769287154113982
231773.411807,2681866.126422,0.206459900899248,0.0994677922554597,0.00789135621214902,0.154523765828592,0.0401908607083869,0.491466324096164
232273.411807,2681866.126422,0.00385109114249037,0.150926095727123,0.0405281496423987,0.606455162295984,0.0548322024573629,0.143407298734641
232773.411807,2681866.126422,0.078248121678578,0.0896096756459593,0.000183250870441635,0.274143302180685,0.0509437419827744,0.506871907641561
233273.411807,2681866.126422,0.218939254909158,0.0622132501376399,0.0231235089007157,0.228482290328501,0.0708386859974307,0.396403009726555
233773.411807,2681866.126422,0.402163946451495,0.218045112781955,0,0.041995231982395,0.0157711351549606,0.322024573629195
234273.411807,2681866.126422,0.223566061938794,0.175187832142203,0,0.161810518599963,0.0509437419827744,0.388491845336265
234773.411807,2681866.126422,0.0915764360433107,0.16590200036704,0,0.0901082767480272,0.0473481372728941,0.605065149568728
235273.411807,2681866.126422,0.311388226664222,0.143590684027141,0,0.00641848523748395,0.00421786172748946,0.534384742343664
235773.411807,2681866.126422,0.361370716510903,0.196628183983874,0,0.00824628916987356,0.00384826827927433,0.429906542056075
236273.411807,2681866.126422,0.232886768214351,0.169205358781428,0,0.0242246283721784,0.0227564690768948,0.550926775555148
236773.411807,2681866.126422,0.267008985879332,0.0667522464698331,0,0.0564826700898588,0.028791490922428,0.580964606638548
237273.411807,2681866.126422,0.428934010152284,0.0272842639593909,0,0.0152284263959391,0.00888324873096447,0.519670050761421
224773.411807,2681366.126422,0.512339384050581,0.0114215786253314,0,0.0230471140118295,0.0124413624311646,0.440750560881093
225273.411807,2681366.126422,0.487728937728938,0.0653846153846154,0,0.0413919413919414,0.0326007326007326,0.372893772893773
225773.411807,2681366.126422,0.716146788990826,0.0176146788990826,0,0,0,0.266238532110092
226273.411807,2681366.126422,0.527426160337553,0.0280682443588332,0,0.00752155567785727,0.00293524124013942,0.434048798385617
226773.411807,2681366.126422,0.474908424908425,0.0543956043956044,0,0.01996336996337,0.0108058608058608,0.43992673992674
227273.411807,2681366.126422,0.326422018348624,0.0499082568807339,0,0.0073394495412844,0.00385321100917431,0.612477064220183
227773.411807,2681366.126422,0.361585030269675,0.0394423041643735,0,0.00458631443771785,0.0106402494955054,0.583746101632728
228273.411807,2681366.126422,0.10970695970696,0.146336996336996,0.0043956043956044,0.095970695970696,0.0672161172161172,0.576373626373626
228773.411807,2681366.126422,0.49743119266055,0.0337614678899083,0,0.0460550458715596,0.0442201834862385,0.378532110091743
229273.411807,2681366.126422,0.363419556044762,0.0643918547055586,0.0284351495138507,0.0385250412768299,0.021830856723537,0.483397541735461
229773.411807,2681366.126422,0.25952380952381,0.0267399267399267,0.0157509157509158,0.0754578754578755,0.0402930402930403,0.582234432234432
230273.411807,2681366.126422,0.113394495412844,0.0777981651376147,0.00055045871559633,0.215045871559633,0.0752293577981651,0.517981651376147
230773.411807,2681366.126422,0.162538983672721,0.0458631443771785,0,0.264905521922583,0.0985140341221794,0.428178315905338
231273.411807,2681366.126422,0.220695970695971,0.0498168498168498,0.000183150183150183,0.121428571428571,0.0424908424908425,0.565384615384615
231773.411807,2681366.126422,0.134495412844037,0.105688073394495,0.0528440366972477,0.225321100917431,0.0295412844036697,0.452110091743119
232273.411807,2681366.126422,0.000550357732526142,0.111172261970281,0,0.65620986974867,0.117226197028068,0.114841313520455
232773.411807,2681366.126422,0.0637362637362637,0.102564102564103,0.00128205128205128,0.0639194139194139,0.0269230769230769,0.741575091575092
233273.411807,2681366.126422,0.0904587155963303,0.093394495412844,0,0.350275229357798,0.0858715596330275,0.38
233773.411807,2681366.126422,0.314070812694918,0.144744083654375,0,0.00825536598789213,0.00642084021280499,0.526508897450009
234273.411807,2681366.126422,0.440659340659341,0.187362637362637,0,0.00476190476190476,0.00201465201465201,0.365201465201465
234773.411807,2681366.126422,0.143119266055046,0.0913761467889908,0,0.218348623853211,0.0754128440366972,0.471743119266055
235273.411807,2681366.126422,0.217391304347826,0.113190240322877,0.000550357732526142,0.109337736195194,0.0742982938910292,0.485232067510549
235773.411807,2681366.126422,0.155494505494505,0.147252747252747,0,0.0635531135531135,0.0481684981684982,0.585531135531136
236273.411807,2681366.126422,0.503669724770642,0.109174311926606,0,0.0168807339449541,0.0163302752293578,0.35394495412844
236773.411807,2681366.126422,0.627407815079802,0.118877270225647,0,0.00238488350761328,0.00311869381764814,0.24821133736929
237273.411807,2681366.126422,0.565630944831959,0.0656309448319594,0,0.0149017121116043,0.00887761572606214,0.344958782498415
224773.411807,2680866.126422,0.473116089613035,0.0183299389002037,0,0.0274949083503055,0.015071283095723,0.465987780040733
225273.411807,2680866.126422,0.291529152915292,0.00146681334800147,0,0.026952695269527,0.0104510451045105,0.66960029336267
225773.411807,2680866.126422,0.478937728937729,0.0177655677655678,0,0.0186813186813187,0.00659340659340659,0.478021978021978
226273.411807,2680866.126422,0.520695970695971,0.0509157509157509,0,0.00164835164835165,0.00201465201465201,0.424725274725275
226773.411807,2680866.126422,0.631829849651632,0.101760176017602,0,0,0,0.266409974330766
227273.411807,2680866.126422,0.511172161172161,0.0686813186813187,0,0.00622710622710623,0.00146520146520147,0.412454212454212
227773.411807,2680866.126422,0.603846153846154,0.0730769230769231,0,0.00457875457875458,0.00347985347985348,0.315018315018315
228273.411807,2680866.126422,0.0883755042170884,0.123945727906124,0.0022002200220022,0.0429042904290429,0.0352035203520352,0.707370737073707
228773.411807,2680866.126422,0.407509157509158,0.0120879120879121,0,0.0338827838827839,0.0119047619047619,0.534615384615385
229273.411807,2680866.126422,0.167948717948718,0.0824175824175824,0.00146520146520147,0.0732600732600733,0.0340659340659341,0.640842490842491
229773.411807,2680866.126422,0.132013201320132,0.0947928126145948,0.0236523652365237,0.293362669600293,0.05995599559956,0.396222955628896
230273.411807,2680866.126422,0.125457875457875,0.0833333333333333,0.0032967032967033,0.172893772893773,0.0549450549450549,0.56007326007326
230773.411807,2680866.126422,0.115750915750916,0.0838827838827839,0.000366300366300366,0.271428571428571,0.111172161172161,0.417399267399267
231273.411807,2680866.126422,0.259259259259259,0.0678401173450678,0,0.231573157315732,0.110744407774111,0.330583058305831
231773.411807,2680866.126422,0.171245421245421,0.0631868131868132,0.0360805860805861,0.177472527472527,0.0291208791208791,0.522893772893773
232273.411807,2680866.126422,0.00769230769230769,0.198534798534799,0,0.479120879120879,0.0972527472527473,0.217399267399267
232773.411807,2680866.126422,0.083975064173084,0.123028969563623,0,0.0562889622295563,0.0267693436010268,0.70993766043271
233273.411807,2680866.126422,0.0820512820512821,0.0741758241758242,0.000366300366300366,0.300549450549451,0.06996336996337,0.472893772893773
233773.411807,2680866.126422,0.338461538461538,0.0956043956043956,0,0.00641025641025641,0.00347985347985348,0.556043956043956
234273.411807,2680866.126422,0.300880088008801,0.122478914558122,0,0.00568390172350568,0.00348368170150348,0.567473414008068
234773.411807,2680866.126422,0.422893772893773,0.0972527472527473,0,0.0146520146520147,0.00695970695970696,0.458241758241758
235273.411807,2680866.126422,0.271428571428571,0.22985347985348,0,0.0276556776556777,0.0205128205128205,0.450549450549451
235773.411807,2680866.126422,0.584158415841584,0.0960762742940961,0,0.00385038503850385,0.00165016501650165,0.314264759809314
236273.411807,2680866.126422,0.566666666666667,0.119413919413919,0,0.00347985347985348,0.00293040293040293,0.307509157509158
236773.411807,2680866.126422,0.504212454212454,0.168315018315018,0,0.000915750915750916,0.00201465201465201,0.324542124542125
237273.411807,2680866.126422,0.421002538071066,0.0748730964467005,0,0.000951776649746193,0.00253807106598985,0.500634517766497
224773.411807,2680366.126422,0.447685090760759,0.0320212115031613,0,0.0691413420354885,0.0267183357128289,0.424434019987763
225273.411807,2680366.126422,0.355689939527213,0.0747663551401869,0,0.0232728605460876,0.0166758292101887,0.529595015576324
225773.411807,2680366.126422,0.53936502110479,0.0205542301339695,0,0.0124793540099101,0.00513855753349238,0.422462837217838
226273.411807,2680366.126422,0.41591784338896,0.0515312671923712,0,0.00990280579497524,0.00458463231248854,0.518063451311205
226773.411807,2680366.126422,0.493494594099322,0.0665200659703134,0,0.009529045262965,0.00293201392706615,0.427524280740333
227273.411807,2680366.126422,0.368507983116168,0.121123141860892,0.00275279867865663,0.0761607634428336,0.0218388695173426,0.409616443384107
227773.411807,2680366.126422,0.50816064551623,0.0929763432972676,0,0.0364936732074088,0.00788556757748029,0.354483770401614
228273.411807,2680366.126422,0.225765072384094,0.0716510903426791,0,0.0388491845336265,0.0194245922668133,0.644310060472787
228773.411807,2680366.126422,0.339695356946229,0.0411084602679391,0,0.0893741971003854,0.0389062213250138,0.490915764360433
229273.411807,2680366.126422,0.146158078122135,0.046396479002384,0.004401247019989,0.167430772052081,0.048413717219879,0.587199706583532
229773.411807,2680366.126422,0.128642111050027,0.0520432472054242,0.00329851566794942,0.382078064870808,0.0901594282572842,0.343778632948507
230273.411807,2680366.126422,0.29858689667829,0.0148651128647458,0.000183519911910442,0.191594788034502,0.0743255643237291,0.420444118186823
230773.411807,2680366.126422,0.178984045479553,0.0777553640198056,0.00348432055749129,0.204291215844489,0.0794058316523015,0.45607922244636
231273.411807,2680366.126422,0.0480117280557083,0.119479567527946,0,0.520065970313359,0.0908924317390508,0.221550302363936
231773.411807,2680366.126422,0.14956872820701,0.150486327766563,0,0.0794641218572215,0.0332171040557901,0.587263718113415
232273.411807,2680366.126422,0.00293416467999266,0.153310104529617,0.0592334494773519,0.613240418118467,0.0612506876948469,0.110031175499725
232773.411807,2680366.126422,0.0844786512735936,0.186915887850467,0,0.0141103170240059,0.0100787978742899,0.704416345977643
233273.411807,2680366.126422,0.0647825289043861,0.194347586713158,0,0.156909524683428,0.07469260414755,0.509267755551477
233773.411807,2680366.126422,0.322758114799193,0.0937098844672657,0,0.0297084173849257,0.0166880616174583,0.537135521731157
234273.411807,2680366.126422,0.275059556532894,0.17372182517867,0,0.00238226131574125,0.00293201392706615,0.54590434304563
234773.411807,2680366.126422,0.451826023123509,0.0528537346302074,0,0.00679023674068636,0.00550559735731327,0.483024408148284
235273.411807,2680366.126422,0.74381074637814,0.0192554557124519,0,0.00201723821749496,0.000550155877498625,0.234366403814414
235773.411807,2680366.126422,0.632948506505406,0.0131940626717977,0,0.0175920835623969,0.0089792926516401,0.327286054608759
236273.411807,2680366.126422,0.496971921453478,0.0295467058175812,0,0.00440447788585061,0.00256927876674619,0.466507616076344
236773.411807,2680366.126422,0.244819365486888,0.143590684027141,0,0.00256739409499358,0.00256739409499358,0.606455162295984
237273.411807,2680366.126422,0.503489847715736,0.0697969543147208,0,0.000634517766497462,0.000317258883248731,0.425761421319797
224773.411807,2679866.126422,0.653885376300224,0.0469100550683255,0,0.000815827044666531,0.0012237405669998,0.297165001019784
225273.411807,2679866.126422,0.456776556776557,0.032967032967033,0,0.0399267399267399,0.0210622710622711,0.449267399267399
225773.411807,2679866.126422,0.49651376146789,0.0739449541284404,0,0.0073394495412844,0.00348623853211009,0.418715596330275
226273.411807,2679866.126422,0.62630709961475,0.0616400660429279,0,0.00495321959273528,0.00403595670519171,0.303063658044396
226773.411807,2679866.126422,0.472527472527473,0.0860805860805861,0.0454212454212454,0.0990842490842491,0.0221611721611722,0.274725274725275
227273.411807,2679866.126422,0.116146788990826,0.0794495412844037,0.0510091743119266,0.314862385321101,0.058348623853211,0.380183486238532
227773.411807,2679866.126422,0.199046046596955,0.0713630526508897,0.0418271876719868,0.380113740598055,0.0475142175747569,0.260135754907356
228273.411807,2679866.126422,0.37032967032967,0.0948717948717949,0.00604395604395604,0.0791208791208791,0.0324175824175824,0.417216117216117
228773.411807,2679866.126422,0.132477064220183,0.111009174311927,0.000917431192660551,0.0985321100917431,0.0475229357798165,0.60954128440367
229273.411807,2679866.126422,0.0620069711979453,0.0506329113924051,0.00587048248027885,0.204182718767199,0.0662263804806457,0.611080535681526
229773.411807,2679866.126422,0.086996336996337,0.121611721611722,0.0164835164835165,0.316849816849817,0.112820512820513,0.345238095238095
230273.411807,2679866.126422,0.109724770642202,0.0286238532110092,0.00055045871559633,0.279266055045872,0.08,0.501834862385321
230773.411807,2679866.126422,0.0722803155384333,0.133370023848835,0.00440286186020914,0.237020730141258,0.0986974866996881,0.454228581911576
231273.411807,2679866.126422,0.287545787545788,0.104761904761905,0,0.22967032967033,0.0624542124542125,0.315567765567766
231773.411807,2679866.126422,0.182018348623853,0.124036697247706,0.00018348623853211,0.0847706422018349,0.0398165137614679,0.569174311926606
232273.411807,2679866.126422,0.00458631443771785,0.0842047330764997,0.102183085672354,0.676940011007155,0.0898917629792699,0.0421940928270042
232773.411807,2679866.126422,0.0399267399267399,0.175274725274725,0.00274725274725275,0.101465201465201,0.0454212454212454,0.635164835164835
233273.411807,2679866.126422,0.0842201834862385,0.158715596330275,0,0.144954128440367,0.075045871559633,0.537064220183486
233773.411807,2679866.126422,0.105852137222528,0.118143459915612,0,0.170427444505595,0.089157952669235,0.51641900568703
234273.411807,2679866.126422,0.412454212454212,0.0913919413919414,0,0.00402930402930403,0.0021978021978022,0.48992673992674
234773.411807,2679866.126422,0.484403669724771,0.16605504587156,0,0.00238532110091743,0.00110091743119266,0.34605504587156
235273.411807,2679866.126422,0.685929187305082,0.0207301412584847,0,0.00220143093010457,0.000733810310034856,0.290405430196294
235773.411807,2679866.126422,0.386446886446886,0.123443223443223,0,0.00164835164835165,0.0021978021978022,0.486263736263736
236273.411807,2679866.126422,0.444403669724771,0.0592660550458716,0,0.0036697247706422,0.00165137614678899,0.491009174311927
236773.411807,2679866.126422,0.323426894147863,0.155934690882407,0,0.001284168042561,0.001284168042561,0.518070078884608
237273.411807,2679866.126422,0.435637285986049,0.0700697526949905,0,0.00380469245402663,0.00190234622701332,0.48858592263792
224773.411807,2679366.126422,0.335234215885947,0.0505091649694501,0,0.0228105906313646,0.009979633401222,0.581466395112016
225273.411807,2679366.126422,0.611477814448111,0.0181518151815182,0,0.00128346167950128,0.0011001100110011,0.367986798679868
225773.411807,2679366.126422,0.525641025641026,0.0615384615384615,0,0.00347985347985348,0.00274725274725275,0.406593406593407
226273.411807,2679366.126422,0.612820512820513,0.0274725274725275,0,0.00256410256410256,0.00293040293040293,0.354212454212454
226773.411807,2679366.126422,0.281811514484782,0.0784745141180785,0.0122845617895123,0.175100843417675,0.0561056105610561,0.396222955628896
227273.411807,2679366.126422,0.0710622710622711,0.0750915750915751,0.0153846153846154,0.392673992673993,0.0690476190476191,0.376739926739927
227773.411807,2679366.126422,0.0584249084249084,0.067032967032967,0.0379120879120879,0.476739926739927,0.102197802197802,0.257692307692308
228273.411807,2679366.126422,0.321965529886322,0.0298863219655299,0,0.0504217088375504,0.0221855518885222,0.575540887422076
228773.411807,2679366.126422,0.0880952380952381,0.0353479853479853,0.0203296703296703,0.276373626373626,0.0639194139194139,0.515934065934066
229273.411807,2679366.126422,0.0738095238095238,0.0293040293040293,0.00952380952380952,0.532783882783883,0.0772893772893773,0.277289377289377
229773.411807,2679366.126422,0.106894022735607,0.296112944627796,0.00476714338100477,0.0762742940960763,0.0386872020535387,0.477264393105977
230273.411807,2679366.126422,0.0507326007326007,0.0912087912087912,0.000366300366300366,0.208608058608059,0.0558608058608059,0.593223443223443
230773.411807,2679366.126422,0.232234432234432,0.0549450549450549,0.00183150183150183,0.186630036630037,0.0754578754578755,0.448901098901099
231273.411807,2679366.126422,0.113861386138614,0.14998166483315,0.000916758342500917,0.376787678767877,0.0837917125045838,0.274660799413275
231773.411807,2679366.126422,0.154029304029304,0.237179487179487,0.0234432234432234,0.175274725274725,0.0415750915750916,0.368498168498169
232273.411807,2679366.126422,0.0487179487179487,0.0884615384615385,0.0928571428571429,0.63992673992674,0.0503663003663004,0.0796703296703297
232773.411807,2679366.126422,0.0194352768610194,0.132563256325633,0.00128346167950128,0.237807114044738,0.0938760542720939,0.515034836817015
233273.411807,2679366.126422,0.0998168498168498,0.0688644688644689,0,0.207142857142857,0.0767399267399267,0.547435897435897
233773.411807,2679366.126422,0.0899267399267399,0.0380952380952381,0,0.4996336996337,0.126923076923077,0.245421245421245
234273.411807,2679366.126422,0.525302530253025,0.063989732306564,0,0.011001100110011,0.00275027502750275,0.396956362302897
234773.411807,2679366.126422,0.73040293040293,0.0245421245421245,0,0.000183150183150183,0.000183150183150183,0.244688644688645
235273.411807,2679366.126422,0.617948717948718,0.0575091575091575,0,0.000183150183150183,0,0.324358974358974
235773.411807,2679366.126422,0.45984598459846,0.0405207187385405,0,0.00238357169050238,0.00146681334800147,0.495782911624496
236273.411807,2679366.126422,0.427838827838828,0.0472527472527473,0,0.00164835164835165,0.00128205128205128,0.521978021978022
236773.411807,2679366.126422,0.524908424908425,0.010989010989011,0,0.00347985347985348,0.00201465201465201,0.458608058608059
237273.411807,2679366.126422,0.239847715736041,0.0463197969543147,0,0.000951776649746193,0.00444162436548223,0.708439086294416
224773.411807,2678866.126422,0.516010605751581,0.0163165408933306,0,0.0128492759534979,0.00428309198449929,0.450540485417092
225273.411807,2678866.126422,0.602528862012095,0.00274876305662452,0,0.00806303829943192,0.00384826827927433,0.382811068352575
225773.411807,2678866.126422,0.599926592035236,0.0227564690768948,0,0.00293631859056708,0.000183519911910442,0.374197100385392
226273.411807,2678866.126422,0.680909591050798,0.0135705116449661,0,0.00293416467999266,0.000916926462497708,0.301668806161746
226773.411807,2678866.126422,0.241524647242074,0.0560747663551402,0.0780648708081363,0.262598497342862,0.0423309510720176,0.319406267179769
227273.411807,2678866.126422,0.0356028629106258,0.0693705267021472,0.0324830244081483,0.565608368507983,0.0948797944576987,0.202055423013397
227773.411807,2678866.126422,0.0836236933797909,0.0922428021272694,0.0254905556574363,0.39611223179901,0.0944434256372639,0.30808729139923
228273.411807,2678866.126422,0.451346893897746,0.0142935678944475,0.000916254352208173,0.0954737035000916,0.0260216236027121,0.411947956752795
228773.411807,2678866.126422,0.0462470178014315,0.151954487061846,0.00587263718113415,0.272894109010828,0.0743255643237291,0.448706184621031
229273.411807,2678866.126422,0.0408949202273978,0.114615807812213,0.0152209792774619,0.40784889051898,0.0792224463598019,0.342196955804144
229773.411807,2678866.126422,0.0635880520432472,0.15026571376214,0.0124610591900312,0.166575041231446,0.0503939893714495,0.556716144401686
230273.411807,2678866.126422,0.0675353275830428,0.0636814094329235,0.0126628739218205,0.222242613323546,0.0596439713708937,0.574233804367774
230773.411807,2678866.126422,0.0386942967174033,0.0878415551072804,0.00550155877498625,0.109297634329727,0.0511644966073721,0.707500458463231
231273.411807,2678866.126422,0.193146417445483,0.0685358255451713,0.00494777350192413,0.129375114531794,0.0392156862745098,0.564779182701118
231773.411807,2678866.126422,0.153973206092861,0.0924940356028629,0.0047715177096715,0.138924573316205,0.0389062213250138,0.570930445953386
232273.411807,2678866.126422,0.125435540069686,0.0673024023473317,0.0940766550522648,0.391160828901522,0.0394278378874014,0.282596735741794
232773.411807,2678866.126422,0.00183250870441635,0.238226131574125,0.000366501740883269,0.38226131574125,0.217885284955104,0.159428257284222
233273.411807,2678866.126422,0.0579922921636998,0.0456964580657001,0,0.0271609469627455,0.0144980730409249,0.85465222976693
233773.411807,2678866.126422,0.0750045846323125,0.151109481019622,0,0.121951219512195,0.0717036493673207,0.580231065468549
234273.411807,2678866.126422,0.546820597397838,0.105185999633498,0,0.00604727872457394,0.0053142752428074,0.336631849001283
234773.411807,2678866.126422,0.746008441915948,0.0187190310148651,0,0.0012846393833731,0.000550559735731327,0.233437327950083
235273.411807,2678866.126422,0.720887584815698,0.0249403997799376,0,0.000183385292499542,0.000366770584999083,0.253621859526866
235773.411807,2678866.126422,0.450980392156863,0.0758658603628367,0,0,0.000549752611324904,0.472603994868976
236273.411807,2678866.126422,0.432923472196733,0.126445219306295,0,0.00293631859056708,0.00220223894292531,0.43549275096348
236773.411807,2678866.126422,0.419402163946451,0.0564826700898588,0,0.00990280579497524,0.00825233816247937,0.505960022006235
237273.411807,2678866.126422,0.311548223350254,0.0634517766497462,0,0.00348984771573604,0.00380710659898477,0.617703045685279
224773.411807,2678366.126422,0.436875382418927,0.0418111360391597,0,0.0157046706098307,0.0104017948194983,0.495207016112584
225273.411807,2678366.126422,0.558241758241758,0.0133699633699634,0,0.00934065934065934,0.00549450549450549,0.413553113553114
225773.411807,2678366.126422,0.605871559633028,0.0176146788990826,0,0.00440366972477064,0.00073394495412844,0.371376146788991
226273.411807,2678366.126422,0.50926435516419,0.076316272243625,0,0.00476976701522656,0.00587048248027885,0.40377912309668
226773.411807,2678366.126422,0.56959706959707,0.0212454212454212,0,0.0106227106227106,0.00274725274725275,0.395787545787546
227273.411807,2678366.126422,0.454678899082569,0.0100917431192661,0,0.0704587155963303,0.0361467889908257,0.428623853211009
227773.411807,2678366.126422,0.521372225279765,0.00623738763529628,0.00348559897266557,0.132085855806274,0.0350394423041644,0.301779490001835
228273.411807,2678366.126422,0.194505494505495,0.0254578754578755,0.000915750915750916,0.161721611721612,0.0551282051282051,0.562271062271062
228773.411807,2678366.126422,0.0504587155963303,0.100917431192661,0.0473394495412844,0.54348623853211,0.0856880733944954,0.172110091743119
229273.411807,2678366.126422,0.0434782608695652,0.0849385433865346,0.00990643918547056,0.426894147862777,0.0803522289488167,0.354430379746835
229773.411807,2678366.126422,0.0417582417582418,0.139377289377289,0.00952380952380952,0.228571428571429,0.0565934065934066,0.524175824175824
230273.411807,2678366.126422,0.152477064220183,0.0873394495412844,0.00715596330275229,0.146422018348624,0.0587155963302752,0.547889908256881
230773.411807,2678366.126422,0.172078517703174,0.0702623371858375,0.00201797835259585,0.135938359933957,0.0785177031737296,0.541185103650706
231273.411807,2678366.126422,0.156959706959707,0.106959706959707,0.00366300366300366,0.135897435897436,0.0503663003663004,0.546153846153846
231773.411807,2678366.126422,0.0561467889908257,0.150825688073394,0.00110091743119266,0.0761467889908257,0.0388990825688073,0.676880733944954
232273.411807,2678366.126422,0.254632177582095,0.0554026784076316,0.000366905155017428,0.124564300128417,0.072463768115942,0.492570170610897
232773.411807,2678366.126422,0.0106227106227106,0.167948717948718,0.0355311355311355,0.512271062271062,0.135531135531136,0.138095238095238
233273.411807,2678366.126422,0.0339449541284404,0.118348623853211,0.0251376146788991,0.159816513761468,0.0440366972477064,0.618715596330275
233773.411807,2678366.126422,0.0851219959640433,0.0856723536965694,0,0.105668684645019,0.0434782608695652,0.680058704824803
234273.411807,2678366.126422,0.55018315018315,0.0807692307692308,0,0.0767399267399267,0.0547619047619048,0.237545787545788
234773.411807,2678366.126422,0.618899082568807,0.0664220183486239,0,0.00256880733944954,0.00146788990825688,0.310642201834862
235273.411807,2678366.126422,0.542652724270776,0.0410933773619519,0,0.00091726288754357,0.000366905155017428,0.414969730324711
235773.411807,2678366.126422,0.470879120879121,0.0434065934065934,0,0.00274725274725275,0.00146520146520147,0.481501831501832
236273.411807,2678366.126422,0.511376146788991,0.0388990825688073,0,0.00403669724770642,0.00201834862385321,0.443669724770642
236773.411807,2678366.126422,0.43936892313337,0.0341221794166208,0,0.00201797835259585,0.00110071546505228,0.523390203632361
237273.411807,2678366.126422,0.585605580215599,0.0716550412175016,0,0,0.0015852885225111,0.341154090044388
224773.411807,2677866.126422,0.606313645621181,0.00529531568228106,0,0.0122199592668024,0.0140529531568228,0.362118126272912
225273.411807,2677866.126422,0.407040704070407,0.0163182984965163,0,0.0229189585625229,0.0170517051705171,0.536670333700037
225773.411807,2677866.126422,0.632051282051282,0.0331501831501832,0,0.0122710622710623,0.00805860805860806,0.314468864468864
226273.411807,2677866.126422,0.429304029304029,0.0338827838827839,0,0.00897435897435897,0.00512820512820513,0.522710622710623
226773.411807,2677866.126422,0.512834616795013,0.0111844517785112,0,0.127796112944628,0.0405207187385405,0.307664099743308
227273.411807,2677866.126422,0.604395604395604,0.00915750915750916,0,0.00274725274725275,0.000183150183150183,0.383516483516484
227773.411807,2677866.126422,0.623443223443223,0.00384615384615385,0,0.00677655677655678,0.00366300366300366,0.362271062271062
228273.411807,2677866.126422,0.505317198386505,0.0209020902090209,0,0.0297029702970297,0.0221855518885222,0.421892189218922
228773.411807,2677866.126422,0.233882783882784,0.0457875457875458,0.000366300366300366,0.247252747252747,0.0902930402930403,0.382417582417582
229273.411807,2677866.126422,0.117582417582418,0.0542124542124542,0.00347985347985348,0.41043956043956,0.0846153846153846,0.32967032967033
229773.411807,2677866.126422,0.135313531353135,0.0815914924825816,0.0117345067840117,0.183901723505684,0.0744407774110744,0.513017968463513
230273.411807,2677866.126422,0.175824175824176,0.184798534798535,0.00256410256410256,0.293772893772894,0.101831501831502,0.241208791208791
230773.411807,2677866.126422,0.195970695970696,0.123443223443223,0.000732600732600733,0.148901098901099,0.0556776556776557,0.475274725274725
231273.411807,2677866.126422,0.140997433076641,0.0806747341400807,0.00146681334800147,0.202603593692703,0.0887422075540887,0.485515218188486
231773.411807,2677866.126422,0.181318681318681,0.084981684981685,0.000183150183150183,0.240659340659341,0.0644688644688645,0.428388278388278
232273.411807,2677866.126422,0.199267399267399,0.028021978021978,0,0.0417582417582418,0.0283882783882784,0.702564102564103
232773.411807,2677866.126422,0.0022002200220022,0.215988265493216,0,0.406857352401907,0.114228089475614,0.260726072607261
233273.411807,2677866.126422,0.0223443223443223,0.113186813186813,0.0595238095238095,0.531501831501832,0.0353479853479853,0.238095238095238
233773.411807,2677866.126422,0.1,0.0816849816849817,0,0.174908424908425,0.0620879120879121,0.581318681318681
234273.411807,2677866.126422,0.704620462046205,0.0194352768610194,0,0.00275027502750275,0.0011001100110011,0.272093876054272
234773.411807,2677866.126422,0.393956043956044,0.135714285714286,0,0.000549450549450549,0.000183150183150183,0.46959706959707
235273.411807,2677866.126422,0.462087912087912,0.0602564102564103,0,0.0010989010989011,0.00183150183150183,0.474725274725275
235773.411807,2677866.126422,0.638980564723139,0.0608727539420609,0,0,0.000183351668500183,0.2999633296663
236273.411807,2677866.126422,0.513369963369963,0.0139194139194139,0,0.0021978021978022,0.0021978021978022,0.468315018315018
236773.411807,2677866.126422,0.390842490842491,0.0470695970695971,0,0.00201465201465201,0.00128205128205128,0.558791208791209
237273.411807,2677866.126422,0.876903553299492,0.00761421319796954,0,0,0,0.115482233502538
224773.411807,2677366.126422,0.605547623903732,0.0244748113399959,0,0.0475219253518254,0.0246787681011626,0.297776871303284
225273.411807,2677366.126422,0.400036650174088,0.0481949789261499,0,0.106285504856148,0.0448964632582005,0.400586402785413
225773.411807,2677366.126422,0.593686915030281,0.0209212699577904,0.000183519911910442,0.0464305377133419,0.0130299137456414,0.325747843641035
226273.411807,2677366.126422,0.559325142123602,0.0066018705299835,0,0.00916926462497708,0.00256739409499358,0.422336328626444
226773.411807,2677366.126422,0.488913322338281,0.0111783030969397,0,0.0885101704233095,0.0395821880153931,0.371816016126077
227273.411807,2677366.126422,0.507432556432373,0.0082583960359699,0,0.0154156726004772,0.00550559735731327,0.463387777573867
227773.411807,2677366.126422,0.607188703465982,0.0386942967174033,0,0.057582981844856,0.0330093526499175,0.263524665321841
228273.411807,2677366.126422,0.480850284038849,0.0247388675096207,0,0.0208905992303463,0.0130108118013561,0.460509437419828
228773.411807,2677366.126422,0.495503762158194,0.012846393833731,0,0.0717562855569829,0.036520462470178,0.383373095980914
229273.411807,2677366.126422,0.450210893086374,0.0309921144324225,0.000916926462497708,0.0342930496974143,0.0231065468549422,0.460480469466349
229773.411807,2677366.126422,0.152098222466557,0.134322888033718,0.0315191497159611,0.314458493677845,0.0809968847352025,0.286604361370716
230273.411807,2677366.126422,0.063497889521013,0.0923105156909525,0.00899247568361167,0.240044044778859,0.0598274912828042,0.53532758304276
230773.411807,2677366.126422,0.0282413350449294,0.470383275261324,0.000550155877498625,0.228314689161929,0.0887584815697781,0.183752063084541
231273.411807,2677366.126422,0.0415979475902511,0.193512919186366,0.0238226131574125,0.175187832142203,0.15246472420744,0.413413963716328
231773.411807,2677366.126422,0.135437694989906,0.0594604514589833,0,0.105707469260415,0.0567076527803267,0.642686731510369
232273.411807,2677366.126422,0.330460297084174,0.0412616908123968,0.000916926462497708,0.0353933614524115,0.0251237850724372,0.566843939116083
232773.411807,2677366.126422,0.00494777350192413,0.270295033901411,0,0.295583654022357,0.147516950705516,0.281656587868792
233273.411807,2677366.126422,0,0.129381537896862,0.0546889337493118,0.494402642686732,0.148100568911727,0.173426316755368
233773.411807,2677366.126422,0.0689528699798276,0.0568494406748579,0.000733541169998166,0.391344214194022,0.0764716669723088,0.405648267008986
234273.411807,2677366.126422,0.266996518233462,0.0443467106468756,0,0.0144768187648891,0.00733003481766538,0.666849917537108
234773.411807,2677366.126422,0.414020921269958,0.118920902917967,0,0.0012846393833731,0.0034868783262984,0.462286658102404
235273.411807,2677366.126422,0.165596919127086,0.0828901522097928,0,0.00421786172748946,0.00550155877498625,0.741793508160645
235773.411807,2677366.126422,0.52574674729705,0.0247388675096207,0,0.00678028220634048,0.00329851566794942,0.43943558731904
236273.411807,2677366.126422,0.439530189025509,0.133969535694623,0,0.00110111947146265,0.000917599559552211,0.424481556248853
236773.411807,2677366.126422,0.519713918943701,0.0381441408399046,0,0.000916926462497708,0.00110031175499725,0.4401247019989
237273.411807,2677366.126422,0.721763959390863,0.0133248730964467,0,0.00190355329949239,0.00126903553299492,0.261738578680203
224773.411807,2676866.126422,0.518050173363247,0.0236589842953294,0,0.0409953089944932,0.0291658168468285,0.388129716500102
225273.411807,2676866.126422,0.513003663003663,0.0384615384615385,0,0.00934065934065934,0.00659340659340659,0.432600732600733
225773.411807,2676866.126422,0.528990825688073,0.055045871559633,0.00018348623853211,0.0418348623853211,0.0445871559633028,0.329357798165138
226273.411807,2676866.126422,0.237937993028802,0.0937442671069529,0,0.0939277196844616,0.0733810310034856,0.501008989176298
226773.411807,2676866.126422,0.255860805860806,0.093956043956044,0.000183150183150183,0.0994505494505494,0.0663003663003663,0.484249084249084
227273.411807,2676866.126422,0.211559633027523,0.102752293577982,0.00018348623853211,0.133761467889908,0.0812844036697248,0.47045871559633
227773.411807,2676866.126422,0.446707026233719,0.0216474041460283,0,0.0333883691065859,0.0366905155017428,0.461566685011924
228273.411807,2676866.126422,0.461721611721612,0.0192307692307692,0,0.0184981684981685,0.0119047619047619,0.488644688644689
228773.411807,2676866.126422,0.472660550458716,0.0379816513761468,0,0.00788990825688073,0.00293577981651376,0.478532110091743
229273.411807,2676866.126422,0.634929370757659,0.0959456980370574,0,0.000733810310034856,0.00091726288754357,0.267473858007705
229773.411807,2676866.126422,0.439377289377289,0.0553113553113553,0.0278388278388278,0.173076923076923,0.0445054945054945,0.25989010989011
230273.411807,2676866.126422,0.118532110091743,0.0489908256880734,0.00752293577981651,0.297798165137615,0.0880733944954128,0.439082568807339
230773.411807,2676866.126422,0.0491652907723353,0.0810860392588516,0.017978352595854,0.398642450926436,0.149697303247111,0.303430563199413
231273.411807,2676866.126422,0.0443223443223443,0.147985347985348,0.00714285714285714,0.188827838827839,0.0943223443223443,0.517399267399267
231773.411807,2676866.126422,0.151192660550459,0.0667889908256881,0.00275229357798165,0.12605504587156,0.0594495412844037,0.593761467889908
232273.411807,2676866.126422,0.421390570537516,0.029535864978903,0,0.0438451660245826,0.0225646670335718,0.482663731425427
232773.411807,2676866.126422,0.0961538461538462,0.1003663003663,0,0.47985347985348,0.137362637362637,0.186263736263736
233273.411807,2676866.126422,0.0187155963302752,0.105688073394495,0.0288073394495413,0.427889908256881,0.111009174311927,0.307889908256881
233773.411807,2676866.126422,0.0924600990643919,0.0480645753072831,0,0.0438451660245826,0.0284351495138507,0.787195010089892
234273.411807,2676866.126422,0.223809523809524,0.106410256410256,0,0.00622710622710623,0.00695970695970696,0.656593406593407
234773.411807,2676866.126422,0.307889908256881,0.0988990825688073,0,0.0018348623853211,0.0036697247706422,0.587706422018349
