"x","y","forest","agri","water","built","other","grass"
244773.411807,2751866.126422,0.403016120644826,0.03198127925117,0.0876235049401976,0.251170046801872,0.0257410296411856,0.200468018720749
245273.411807,2751866.126422,0.242053152683689,0.131057842626368,0,0.211307972902553,0.0807712350182387,0.334809796769151
245773.411807,2751866.126422,0.24648620510151,0.0960437272254034,0,0.238157209786569,0.119989588755856,0.299323269130661
246273.411807,2751866.126422,0.69448777951118,0.015340613624545,0,0.0361414456578263,0.0330213208528341,0.221008840353614
246773.411807,2751866.126422,0.781396560708702,0.00182386659718603,0,0.00286607608129234,0.00416883793642522,0.209744658676394
247273.411807,2751866.126422,0.731910463300364,0.00832899531494014,0,0.0780843310775638,0.0481520041644977,0.133524206142634
247773.411807,2751866.126422,0.635985439417577,0.00754030161206448,0.000260010400416017,0.046281851274051,0.0208008320332813,0.289131565262611
248273.411807,2751866.126422,0.662063574778531,0.0151120375195414,0.000521104742053153,0.0948410630536738,0.0476810838978635,0.179781136008338
248773.411807,2751866.126422,0.229307652264446,0.154867256637168,0,0.261322228006247,0.086153045288912,0.268349817803227
249273.411807,2751866.126422,0.165366614664587,0.0374414976599064,0.00130005200208008,0.375455018200728,0.0715028601144046,0.348933957358294
249773.411807,2751866.126422,0.034939121228163,0.0505558496559026,0.000264690312334569,0.799364743250397,0.0460561143462149,0.0688194812069878
244273.411807,2751366.126422,0.0692307692307692,0.0177655677655678,0.429487179487179,0.451831501831502,0.0163003663003663,0.0153846153846154
244773.411807,2751366.126422,0.38962229556289,0.0451045104510451,0.16978364503117,0.111477814448111,0.0630729739640631,0.220938760542721
245273.411807,2751366.126422,0.0619047619047619,0.276190476190476,0,0.226373626373626,0.0866300366300366,0.348901098901099
245773.411807,2751366.126422,0.0368131868131868,0.58040293040293,0,0.0677655677655678,0.0582417582417582,0.256776556776557
246273.411807,2751366.126422,0.0359369270260359,0.444811147781445,0,0.0627062706270627,0.0975430876420975,0.359002566923359
246773.411807,2751366.126422,0.221611721611722,0.180952380952381,0,0.0976190476190476,0.114835164835165,0.384981684981685
247273.411807,2751366.126422,0.674358974358974,0.0631868131868132,0,0.00567765567765568,0.0161172161172161,0.240659340659341
247773.411807,2751366.126422,0.588375504217088,0.0143014301430143,0.000733406674000733,0.094976164283095,0.0572057205720572,0.244407774110744
248273.411807,2751366.126422,0.574358974358974,0.0188644688644689,0.000183150183150183,0.228205128205128,0.0478021978021978,0.130586080586081
248773.411807,2751366.126422,0.252197802197802,0.0564102564102564,0.00256410256410256,0.335531135531136,0.119413919413919,0.233882783882784
249273.411807,2751366.126422,0.0286028602860286,0.0594059405940594,0.00605060506050605,0.794646131279795,0.0627062706270627,0.0485881921525486
249773.411807,2751366.126422,0.0385327899221934,0.0420526120785476,0.00277880696554279,0.868099296035569,0.0372360133382734,0.011300481659874
243773.411807,2750866.126422,0,0.000183519911910442,0.694806386492934,0.300238575885484,0.0047715177096715,0
244273.411807,2750866.126422,0.306070053181735,0.0830735375022923,0.265541903539336,0.19182101595452,0.0872913992297818,0.0662020905923345
244773.411807,2750866.126422,0.181051859996335,0.236760124610592,0.0712845886017959,0.220634048011728,0.0976727139453912,0.192596664834158
245273.411807,2750866.126422,0.0956138741053404,0.303541934299872,0.000183519911910442,0.185722150853368,0.0623967700495504,0.35254175077996
245773.411807,2750866.126422,0.0438290849073904,0.409132587566477,0,0.0711534934898221,0.0731707317073171,0.402714102328993
246273.411807,2750866.126422,0.0767821147150449,0.363752977826645,0,0.0632215503023639,0.0740333516584204,0.422210005497526
246773.411807,2750866.126422,0.0761607634428336,0.205725821251606,0,0.185722150853368,0.101302991374564,0.431088273077629
247273.411807,2750866.126422,0.130203557674674,0.168531083807079,0,0.033192737942417,0.0542820465798643,0.613790573995965
247773.411807,2750866.126422,0.46637346527396,0.0553417628733736,0,0.0751328568810702,0.0520432472054242,0.351108667766172
248273.411807,2750866.126422,0.383923655716645,0.0389062213250138,0.00605615709304459,0.389612772985869,0.0614791704899982,0.120022022389429
248773.411807,2750866.126422,0.257656335961856,0.0456629378323858,0.0286081056299285,0.451677975426371,0.0797726022373006,0.136622042912158
249273.411807,2750866.126422,0.133956386292835,0.061205790727506,0.00146600696353308,0.53252702950339,0.0995052226498076,0.171339563862928
249773.411807,2750866.126422,0.0877713861569865,0.115420300612359,0.0113193542401188,0.564668769716088,0.148821673779922,0.0719985154945259
243273.411807,2750366.126422,0,0,0.751831501831502,0.248168498168498,0,0
243773.411807,2750366.126422,0.172660550458716,0.101100917431193,0.207339449541284,0.240183486238532,0.163302752293578,0.115412844036697
244273.411807,2750366.126422,0.124013942395891,0.13410383415887,0.4736745551275,0.139240506329114,0.0596220876903321,0.0693450742982939
244773.411807,2750366.126422,0.117216117216117,0.173076923076923,0.0815018315018315,0.313369963369963,0.084981684981685,0.22985347985348
245273.411807,2750366.126422,0.100917431192661,0.197247706422018,0.0365137614678899,0.281100917431193,0.0961467889908257,0.288073394495413
245773.411807,2750366.126422,0.0432948082920565,0.316272243625023,0,0.263437901302513,0.0735644835809943,0.303430563199413
246273.411807,2750366.126422,0.0604395604395604,0.231868131868132,0.00164835164835165,0.384249084249084,0.0943223443223443,0.227472527472527
246773.411807,2750366.126422,0.0867889908256881,0.201651376146789,0,0.0820183486238532,0.0798165137614679,0.549724770642202
247273.411807,2750366.126422,0.0460465969546872,0.332599523023298,0,0.223445239405614,0.0986974866996881,0.299211153916713
247773.411807,2750366.126422,0.0584249084249084,0.258791208791209,0.000183150183150183,0.15952380952381,0.0968864468864469,0.426190476190476
248273.411807,2750366.126422,0.293211009174312,0.215963302752294,0,0.0675229357798165,0.0638532110091743,0.359449541284404
248773.411807,2750366.126422,0.230783342505962,0.0423775454045129,0,0.299211153916713,0.101632727939828,0.325995230232985
249273.411807,2750366.126422,0.382234432234432,0.0304029304029304,0.00256410256410256,0.19981684981685,0.0723443223443224,0.312637362637363
249773.411807,2750366.126422,0.400742115027829,0.0606679035250464,0.00463821892393321,0.153246753246753,0.0545454545454545,0.326159554730983
243273.411807,2749866.126422,0,0.00146681334800147,0.243857719105244,0.743491015768244,0.0111844517785112,0
243773.411807,2749866.126422,0.00494505494505494,0.0386446886446886,0.57051282051282,0.345970695970696,0.0327838827838828,0.00714285714285714
244273.411807,2749866.126422,0.0835164835164835,0.104578754578755,0.148351648351648,0.38040293040293,0.102014652014652,0.181135531135531
244773.411807,2749866.126422,0.116244957829116,0.166666666666667,0.0539053905390539,0.253392005867253,0.153465346534653,0.256325632563256
245273.411807,2749866.126422,0.0489010989010989,0.301465201465201,0.0688644688644689,0.246336996336996,0.0963369963369963,0.238095238095238
245773.411807,2749866.126422,0.0437728937728938,0.206410256410256,0.0142857142857143,0.134065934065934,0.06996336996337,0.531501831501832
246273.411807,2749866.126422,0.0562889622295563,0.113494682801613,0.033003300330033,0.481481481481481,0.0775577557755776,0.238173817381738
246773.411807,2749866.126422,0.0467032967032967,0.25989010989011,0.0575091575091575,0.111355311355311,0.0857142857142857,0.438827838827839
247273.411807,2749866.126422,0.0336996336996337,0.186996336996337,0.0857142857142857,0.0706959706959707,0.0587912087912088,0.564102564102564
247773.411807,2749866.126422,0.0711404473780711,0.182801613494683,0.0467546754675468,0.103960396039604,0.0718738540520719,0.523469013568023
248273.411807,2749866.126422,0.0880952380952381,0.148901098901099,0.0624542124542125,0.0573260073260073,0.0635531135531135,0.57967032967033
248773.411807,2749866.126422,0.178388278388278,0.0534798534798535,0.0371794871794872,0.183882783882784,0.113919413919414,0.433150183150183
249273.411807,2749866.126422,0.12046204620462,0.191419141914191,0.0236523652365237,0.244407774110744,0.112944627796113,0.307114044737807
249773.411807,2749866.126422,0.1039273805113,0.200074101519081,0.00111152278621712,0.168395702111893,0.0955909596146721,0.430900333456836
241273.411807,2749366.126422,0,0,0.5598752980011,0.4401247019989,0,0
242273.411807,2749366.126422,0.00770783630023858,0.126261699394384,0.275830427601395,0.554413653881446,0.0102771150669848,0.0255092677555515
243773.411807,2749366.126422,0.0565241328684162,0.107542668379519,0.516057992292164,0.17012295834098,0.0429436593870435,0.106808588731877
244273.411807,2749366.126422,0.0856409315972859,0.295433706216761,0.0198056115899505,0.278562259306804,0.138455895837154,0.182101595452045
244773.411807,2749366.126422,0.132673630199743,0.317207256734469,0.000549752611324904,0.262964999083746,0.10317024005864,0.183434121312076
245273.411807,2749366.126422,0.0723068452927143,0.491649844008075,0,0.0967149935768031,0.0704716461736098,0.268856670948798
245773.411807,2749366.126422,0.103245919677242,0.172748945534568,0.102512378507244,0.26792591234183,0.0891252521547772,0.264441591784339
246273.411807,2749366.126422,0.0718343412131208,0.417262231995602,0.0617555433388309,0.097306212204508,0.0498442367601246,0.301997434487814
246773.411807,2749366.126422,0.0427601394751331,0.545604698109745,0,0.0526702147182969,0.0326665443200587,0.326298403376766
247273.411807,2749366.126422,0.072803961122318,0.402163946451495,0.00256739409499358,0.133137722354667,0.0810562992847974,0.308270676691729
247773.411807,2749366.126422,0.10317024005864,0.38226131574125,0.000366501740883269,0.0927249404434671,0.0650540590067803,0.356422943008979
248273.411807,2749366.126422,0.0820334006239677,0.298219856854469,0.000367039823820885,0.168471279133786,0.100752431638833,0.350155991925124
248773.411807,2749366.126422,0.0458463231248854,0.271226847606822,0,0.136438657619659,0.0907757197872731,0.455712451861361
249273.411807,2749366.126422,0.0733003481766538,0.225215319772769,0.0164925783397471,0.275975810885102,0.108301264431006,0.300714678394722
249773.411807,2749366.126422,0.0445351642234181,0.202449434032288,0.058266839858972,0.245128966413064,0.092781592132121,0.356838003340137
242773.411807,2748866.126422,0.135021097046413,0.0799853237937993,0.064758759860576,0.544670702623372,0.0862227114290956,0.0893414052467437
243773.411807,2748866.126422,0.0541284403669725,0.0497247706422018,0.303119266055046,0.497064220183486,0.0280733944954128,0.0678899082568807
244273.411807,2748866.126422,0.0744817464685379,0.152082186754724,0.076316272243625,0.415336635479728,0.0972298660796184,0.184553292973766
244773.411807,2748866.126422,0.0619047619047619,0.372161172161172,0.0245421245421245,0.199450549450549,0.115934065934066,0.226007326007326
245273.411807,2748866.126422,0.0576146788990826,0.359266055045872,0.00128440366972477,0.137064220183486,0.0926605504587156,0.352110091743119
245773.411807,2748866.126422,0.0528343423225096,0.364153366354797,0.000183452577508714,0.143459915611814,0.0770500825536599,0.36231884057971
246273.411807,2748866.126422,0.078021978021978,0.457326007326007,0,0.0582417582417582,0.0457875457875458,0.360622710622711
246773.411807,2748866.126422,0.121834862385321,0.456697247706422,0,0.0928440366972477,0.0708256880733945,0.257798165137615
247273.411807,2748866.126422,0.0770500825536599,0.354613832324344,0,0.122179416620804,0.0838378279214823,0.36231884057971
247773.411807,2748866.126422,0.0681318681318681,0.345604395604396,0.00183150183150183,0.147802197802198,0.102930402930403,0.333699633699634
248273.411807,2748866.126422,0.0836697247706422,0.323302752293578,0.00348623853211009,0.213761467889908,0.117064220183486,0.258715596330275
248773.411807,2748866.126422,0.0618235186204366,0.294624839478995,0.000366905155017428,0.181434599156118,0.0996147495872317,0.362135388002201
249273.411807,2748866.126422,0.110805860805861,0.210622710622711,0.00421245421245421,0.213553113553114,0.0730769230769231,0.387728937728938
249773.411807,2748866.126422,0.0977736549165121,0.156029684601113,0.00538033395176252,0.263450834879406,0.108163265306122,0.369202226345083
242273.411807,2748366.126422,0.436630036630037,0.0347985347985348,0.0010989010989011,0.195970695970696,0.106227106227106,0.225274725274725
242773.411807,2748366.126422,0.0644688644688645,0.108058608058608,0.0155677655677656,0.621428571428571,0.118131868131868,0.0723443223443224
243273.411807,2748366.126422,0.0390539053905391,0.0836083608360836,0.0117345067840117,0.621378804547121,0.147048038137147,0.0971763843050972
243773.411807,2748366.126422,0.0615384615384615,0.0465201465201465,0.279487179487179,0.338095238095238,0.0628205128205128,0.211538461538462
244273.411807,2748366.126422,0.054029304029304,0.0750915750915751,0.236446886446886,0.483150183150183,0.0851648351648352,0.0661172161172161
244773.411807,2748366.126422,0.0636230289695636,0.218371837183718,0.0254858819215255,0.324349101576824,0.0909424275760909,0.277227722772277
245273.411807,2748366.126422,0.136263736263736,0.257142857142857,0.0010989010989011,0.233882783882784,0.086996336996337,0.284615384615385
245773.411807,2748366.126422,0.0818681318681319,0.31959706959707,0.00183150183150183,0.266483516483516,0.103296703296703,0.226923076923077
246273.411807,2748366.126422,0.0847084708470847,0.300880088008801,0.00146681334800147,0.328932893289329,0.0964429776310964,0.187568756875688
246773.411807,2748366.126422,0.095970695970696,0.294505494505495,0,0.286446886446886,0.121062271062271,0.202014652014652
247273.411807,2748366.126422,0.0509157509157509,0.441208791208791,0,0.203479853479853,0.0796703296703297,0.224725274725275
247773.411807,2748366.126422,0.0845251191785845,0.251558489182252,0,0.218738540520719,0.100660066006601,0.344517785111844
248273.411807,2748366.126422,0.0684981684981685,0.451098901098901,0,0.170512820512821,0.0743589743589744,0.235531135531136
248773.411807,2748366.126422,0.0921245421245421,0.311538461538462,0.00164835164835165,0.240842490842491,0.0888278388278388,0.265018315018315
249273.411807,2748366.126422,0.0843417675100843,0.127796112944628,0.00751741840850752,0.50990099009901,0.110561056105611,0.15988265493216
249773.411807,2748366.126422,0.103556872915895,0.0602074842534272,0.00518710633567988,0.679696183771767,0.0883660615042608,0.06298629121897
241773.411807,2747866.126422,0.193329668315924,0.0540590067802822,0.183617372182518,0.262415246472421,0.0553417628733736,0.251236943375481
242273.411807,2747866.126422,0.158194164066801,0.318223527252707,0,0.0491833363919985,0.0423930996513122,0.432005872637181
242773.411807,2747866.126422,0.0607005318173482,0.34017971758665,0.00128369704749679,0.357234549789107,0.0761048963873097,0.164496607372089
243273.411807,2747866.126422,0.0498442367601246,0.100787978742899,0.00293201392706615,0.563679677478468,0.0747663551401869,0.207989737951255
243773.411807,2747866.126422,0.109928427234355,0.125160579922922,0.00110111947146265,0.438979629289778,0.117819783446504,0.207010460634979
244273.411807,2747866.126422,0.110397946084724,0.166147075004585,0.00861910874747845,0.429671740326426,0.0821566110397946,0.203007518796992
244773.411807,2747866.126422,0.0921751878321422,0.139270661535642,0.263331500824629,0.198643943558732,0.0157595748579806,0.290819131390874
245273.411807,2747866.126422,0.0135804734813727,0.144063130849697,0.229583409799963,0.251055239493485,0.0499174160396403,0.311800330335841
245773.411807,2747866.126422,0.0460297084173849,0.379424170181551,0.00165046763249587,0.055198973042362,0.0544654318723638,0.463231248853842
246273.411807,2747866.126422,0.0243723657687374,0.487997067986073,0.00494777350192413,0.0212571009712296,0.03811618105186,0.423309510720176
246773.411807,2747866.126422,0.0745090842356396,0.418792438979629,0.000183519911910442,0.0513855753349238,0.0322995044962378,0.422829877041659
247273.411807,2747866.126422,0.0526315789473684,0.496607372088758,0.000183385292499542,0.132220795892169,0.0590500641848524,0.259306803594352
247773.411807,2747866.126422,0.0665200659703134,0.581088510170423,0.00201575957485798,0.0659703133589885,0.0450797141286421,0.239325636796775
248273.411807,2747866.126422,0.0669847678473114,0.428886034134704,0,0.248485960726739,0.0873554780693705,0.168287759221876
248773.411807,2747866.126422,0.0671190170548322,0.379057399596552,0.000550155877498625,0.201540436456996,0.0882083256922795,0.263524665321841
249273.411807,2747866.126422,0.0941909474070002,0.457027670881437,0.000366501740883269,0.0756826094923951,0.0518599963349826,0.320872274143302
249773.411807,2747866.126422,0.0701428836518835,0.101131935424012,0.00519576915939878,0.591946557802932,0.093523844869178,0.138059009092596
241773.411807,2747366.126422,0.190842490842491,0.183699633699634,0.0032967032967033,0.193772893772894,0.0602564102564103,0.368131868131868
242273.411807,2747366.126422,0.0471559633027523,0.361651376146789,0,0.0155963302752294,0.0222018348623853,0.553394495412844
242773.411807,2747366.126422,0.0598055402678408,0.139057053751605,0.00403595670519171,0.487433498440653,0.121629058888277,0.188038891946432
243273.411807,2747366.126422,0.105128205128205,0.284249084249084,0,0.065018315018315,0.0646520146520147,0.480952380952381
243773.411807,2747366.126422,0.10697247706422,0.180917431192661,0.00018348623853211,0.0818348623853211,0.0631192660550459,0.56697247706422
244273.411807,2747366.126422,0.140524674371675,0.0471473124197395,0,0.283984589983489,0.0651256650155935,0.463217758209503
244773.411807,2747366.126422,0.0864468864468864,0.136630036630037,0,0.397985347985348,0.102564102564103,0.276373626373626
245273.411807,2747366.126422,0.0387155963302752,0.279449541284404,0.0952293577981651,0.226422018348624,0.0754128440366972,0.284770642201835
245773.411807,2747366.126422,0.002568336085122,0.148046230049532,0.129884424876169,0.480278847917813,0.0667767382131719,0.172445422858191
246273.411807,2747366.126422,0.0201465201465201,0.274908424908425,0,0.0318681318681319,0.0692307692307692,0.603846153846154
246773.411807,2747366.126422,0.0752293577981651,0.452660550458716,0,0.0557798165137615,0.0453211009174312,0.371009174311927
247273.411807,2747366.126422,0.0658594753256283,0.425243074665199,0,0.157402311502477,0.0944780774169877,0.257017061089708
247773.411807,2747366.126422,0.043956043956044,0.402564102564103,0.00384615384615385,0.0697802197802198,0.0807692307692308,0.399084249084249
248273.411807,2747366.126422,0.0965137614678899,0.379266055045872,0.00146788990825688,0.221467889908257,0.0915596330275229,0.209724770642202
248773.411807,2747366.126422,0.0521005320124748,0.414602825169694,0.000366905155017428,0.200330214639516,0.078884608328747,0.253714914694551
249273.411807,2747366.126422,0.0787545787545788,0.242673992673993,0.00128205128205128,0.205128205128205,0.101282051282051,0.370879120879121
249773.411807,2747366.126422,0.05139146567718,0.188311688311688,0.00797773654916512,0.358812615955473,0.0805194805194805,0.312987012987013
241273.411807,2746866.126422,0.181501831501831,0.246703296703297,0.00402930402930403,0.293589743589744,0.0393772893772894,0.234798534798535
241773.411807,2746866.126422,0.108544187752109,0.251375137513751,0.0117345067840117,0.0962596259625963,0.0718738540520719,0.46021268793546
242273.411807,2746866.126422,0.0523809523809524,0.271245421245421,0.000183150183150183,0.0633699633699634,0.0521978021978022,0.560622710622711
242773.411807,2746866.126422,0.0747252747252747,0.222893772893773,0.000915750915750916,0.31996336996337,0.0989010989010989,0.282600732600733
243273.411807,2746866.126422,0.138980564723139,0.0132013201320132,0.00055005500550055,0.0231023102310231,0.0209020902090209,0.803263659699303
243773.411807,2746866.126422,0.115934065934066,0.0141025641025641,0,0.22014652014652,0.0249084249084249,0.624908424908425
244273.411807,2746866.126422,0.13040293040293,0.0159340659340659,0,0.103296703296703,0.0304029304029304,0.71996336996337
244773.411807,2746866.126422,0.0447378071140447,0.421708837550422,0,0.202603593692703,0.0566556655665567,0.274294096076274
245273.411807,2746866.126422,0.00549450549450549,0.252747252747253,0.000732600732600733,0.381501831501831,0.0796703296703297,0.27985347985348
245773.411807,2746866.126422,0.0844322344322344,0.312637362637363,0.00695970695970696,0.354212454212454,0.0805860805860806,0.161172161172161
246273.411807,2746866.126422,0.101760176017602,0.269160249358269,0.0612394572790612,0.295196186285295,0.15988265493216,0.112761276127613
246773.411807,2746866.126422,0.0412087912087912,0.427838827838828,0.102380952380952,0.131501831501832,0.0628205128205128,0.234249084249084
247273.411807,2746866.126422,0.0580586080586081,0.319413919413919,0.0712454212454212,0.0826007326007326,0.0575091575091575,0.411172161172161
247773.411807,2746866.126422,0.0546387972130546,0.554822148881555,0.000183351668500183,0.0375870920425376,0.0284195086175284,0.324349101576824
248273.411807,2746866.126422,0.0657509157509158,0.403479853479853,0.0010989010989011,0.093956043956044,0.0474358974358974,0.388278388278388
248773.411807,2746866.126422,0.0501831501831502,0.388461538461538,0.0228937728937729,0.0807692307692308,0.076007326007326,0.381684981684982
249273.411807,2746866.126422,0.074990832416575,0.296112944627796,0.00238357169050238,0.0909424275760909,0.0551888522185552,0.48038137147048
249773.411807,2746866.126422,0.0568729158947758,0.111152278621712,0.00759540570581697,0.512226750648388,0.0596517228603186,0.252500926268989
241273.411807,2746366.126422,0.0702365670273244,0.370438290849074,0,0.137355584082157,0.0337428938199156,0.388226664221529
241773.411807,2746366.126422,0.113432288803372,0.407183434121312,0.00861279091075683,0.129558365402236,0.05717427157779,0.284038849184534
242273.411807,2746366.126422,0.12461002018719,0.317305927693155,0.000734079647641769,0.112864745824922,0.058909891723252,0.385575334923839
242773.411807,2746366.126422,0.0812396845772969,0.249037227214377,0.00330093526499175,0.287181368054282,0.0768384375573079,0.302402347331744
243273.411807,2746366.126422,0.278907824812168,0.0317024005864028,0.000916254352208173,0.160527762506872,0.0789811251603445,0.448964632582005
243773.411807,2746366.126422,0.0211047898697009,0.00587263718113415,0.000550559735731327,0.706001101119471,0.055606533308864,0.210864378785098
244273.411807,2746366.126422,0.00953603520997616,0.493673207408766,0,0.195488721804511,0.0540986612873648,0.247203374289382
244773.411807,2746366.126422,0.00586402785413231,0.221000549752611,0.00568077698369067,0.287703866593366,0.137071651090343,0.342679127725857
245273.411807,2746366.126422,0.0645990089924757,0.223343732795008,0.00110111947146265,0.357496788401542,0.106441548908057,0.247017801431455
245773.411807,2746366.126422,0.0931597285897671,0.238400880249404,0.00110031175499725,0.433156060883917,0.0781221346048047,0.15606088391711
246273.411807,2746366.126422,0.132123877588419,0.176837089976177,0.00623052959501558,0.301264431006047,0.137071651090343,0.246472420743999
246773.411807,2746366.126422,0.0741420444118187,0.164433841071756,0.0227564690768948,0.551110295467058,0.0866213984217288,0.100935951550743
247273.411807,2746366.126422,0.0592334494773519,0.107280396112232,0.0467632495873831,0.699614890885751,0.0590500641848524,0.0280579497524299
247773.411807,2746366.126422,0.0535092541689573,0.131390874106652,0.0393989371449514,0.554333883085945,0.07623236210372,0.145134689389775
248273.411807,2746366.126422,0.0783630023857589,0.115066984767847,0.0420260598274913,0.242246283721784,0.0807487612405946,0.441548908056524
248773.411807,2746366.126422,0.0425453878598936,0.244819365486888,0.0515312671923712,0.123785072437191,0.0823399963322941,0.454978910691363
249273.411807,2746366.126422,0.0313358988455195,0.192230163093275,0.0450797141286421,0.103719992669965,0.0831958951805021,0.544438336082096
249773.411807,2746366.126422,0.0911115234737428,0.0560400816478011,0.0389682686954908,0.529597327890147,0.0827611801818519,0.201521618110967
240773.411807,2745866.126422,0.0713761467889908,0.360183486238532,0.0244036697247706,0.327706422018349,0.0587155963302752,0.157614678899083
241273.411807,2745866.126422,0.0530177949000183,0.36525408181985,0,0.157585764079985,0.0829205650339387,0.341221794166208
241773.411807,2745866.126422,0.0644688644688645,0.345787545787546,0.0223443223443223,0.190659340659341,0.0858974358974359,0.290842490842491
242273.411807,2745866.126422,0.0579816513761468,0.263853211009174,0.00330275229357798,0.255779816513761,0.132660550458716,0.286422018348624
242773.411807,2745866.126422,0.0658594753256283,0.230232984773436,0.000183452577508714,0.274445055953036,0.100165107319758,0.329113924050633
243273.411807,2745866.126422,0.119047619047619,0.0391941391941392,0,0.373992673992674,0.0679487179487179,0.39981684981685
243773.411807,2745866.126422,0.0154128440366972,0.312660550458716,0,0.312110091743119,0.0761467889908257,0.283669724770642
244273.411807,2745866.126422,0.00770500825536599,0.187305081636397,0.0113740598055403,0.328013208585581,0.138690148596588,0.326912493120528
244773.411807,2745866.126422,0.0263736263736264,0.039010989010989,0.00421245421245421,0.641391941391941,0.127472527472527,0.161538461538462
245273.411807,2745866.126422,0.13651376146789,0.0831192660550459,0.00201834862385321,0.458165137614679,0.140550458715596,0.179633027522936
245773.411807,2745866.126422,0.107686662997615,0.117226197028068,0.00366905155017428,0.426894147862777,0.116675839295542,0.227848101265823
246273.411807,2745866.126422,0.12014652014652,0.127838827838828,0.0195970695970696,0.545054945054945,0.131684981684982,0.0556776556776557
246773.411807,2745866.126422,0.126605504587156,0.0822018348623853,0.0231192660550459,0.58605504587156,0.0497247706422018,0.132293577981651
247273.411807,2745866.126422,0.075032104201064,0.0346725371491469,0.0091726288754357,0.801504311135571,0.067327095945698,0.0122913226930838
247773.411807,2745866.126422,0.0401098901098901,0.0452380952380952,0.0032967032967033,0.741758241758242,0.045970695970696,0.123626373626374
248273.411807,2745866.126422,0.0559633027522936,0.225871559633028,0.00036697247706422,0.261284403669725,0.0836697247706422,0.372844036697248
248773.411807,2745866.126422,0.108970831040176,0.113373692900385,0.000733810310034856,0.210970464135021,0.0772335351311686,0.488717666483214
249273.411807,2745866.126422,0.131318681318681,0.126739926739927,0,0.369230769230769,0.0904761904761905,0.282234432234432
249773.411807,2745866.126422,0.0890538033395176,0.113358070500928,0.0122448979591837,0.479777365491651,0.0979591836734694,0.20760667903525
240273.411807,2745366.126422,0,0,0,1,0,0
240773.411807,2745366.126422,0.125824175824176,0.148901098901099,0.0194139194139194,0.143772893772894,0.0624542124542125,0.4996336996337
241273.411807,2745366.126422,0.0620879120879121,0.390842490842491,0,0.0659340659340659,0.0375457875457875,0.443589743589744
241773.411807,2745366.126422,0.0799413274660799,0.3005133846718,0.0155848918225156,0.237807114044738,0.0962596259625963,0.26989365603227
242273.411807,2745366.126422,0.0597069597069597,0.214652014652015,0.00146520146520147,0.395054945054945,0.111355311355311,0.217765567765568
242773.411807,2745366.126422,0.0857142857142857,0.14010989010989,0.00128205128205128,0.337728937728938,0.13040293040293,0.304761904761905
243273.411807,2745366.126422,0.00421708837550422,0.0291529152915292,0,0.132563256325633,0.037037037037037,0.797029702970297
243773.411807,2745366.126422,0.00567765567765568,0.0608058608058608,0.000549450549450549,0.325824175824176,0.216849816849817,0.39029304029304
244273.411807,2745366.126422,0.129304029304029,0.0613553113553114,0.00256410256410256,0.155128205128205,0.127472527472527,0.524175824175824
244773.411807,2745366.126422,0.214338100476714,0.0264026402640264,0.00128346167950128,0.141547488082142,0.104143747708104,0.512284561789512
245273.411807,2745366.126422,0.164468864468864,0.0648351648351648,0.000366300366300366,0.186446886446886,0.165750915750916,0.418131868131868
245773.411807,2745366.126422,0.0714285714285714,0.0371794871794872,0.0205128205128205,0.749084249084249,0.0664835164835165,0.0553113553113553
246273.411807,2745366.126422,0.0614228089475614,0.037953795379538,0.0372203887055372,0.803813714704804,0.0445544554455446,0.015034836817015
246773.411807,2745366.126422,0.0972527472527473,0.0450549450549451,0.0161172161172161,0.765018315018315,0.0415750915750916,0.034981684981685
247273.411807,2745366.126422,0.0679487179487179,0.0412087912087912,0.0175824175824176,0.821978021978022,0.0316849816849817,0.0195970695970696
247773.411807,2745366.126422,0.0623395672900623,0.0353868720205354,0.0291529152915292,0.82031536486982,0.048038137147048,0.00476714338100477
248273.411807,2745366.126422,0.0818681318681319,0.0789377289377289,0.0111721611721612,0.511172161172161,0.0957875457875458,0.221062271062271
248773.411807,2745366.126422,0.093040293040293,0.112087912087912,0.00622710622710623,0.406776556776557,0.0844322344322344,0.297435897435897
249273.411807,2745366.126422,0.0621562156215622,0.081958195819582,0.0066006600660066,0.586358635863586,0.0777411074440777,0.185185185185185
249773.411807,2745366.126422,0.0824379399777695,0.280288995924416,0.00240829937013709,0.133012226750648,0.0854020007410152,0.416450537236013
240273.411807,2744866.126422,0,0,0,1,0,0
240773.411807,2744866.126422,0.126995779042026,0.0467975775371628,0.217654615525785,0.407597724353092,0.0434942191227748,0.157460084419159
241273.411807,2744866.126422,0.220979277461948,0.0693196405648267,0.122134604804695,0.126352466532184,0.0568494406748579,0.404364569961489
241773.411807,2744866.126422,0.114531794026022,0.17830309693971,0.03811618105186,0.329301814183617,0.0995052226498076,0.240241891148983
242273.411807,2744866.126422,0.0251422279317306,0.197467425215636,0,0.245549642136172,0.115250504679758,0.416590200036704
242773.411807,2744866.126422,0.00330093526499175,0.0746378140473134,0,0.286447826884284,0.0607005318173482,0.574912891986063
243273.411807,2744866.126422,0.00568077698369067,0.104819497892615,0.000366501740883269,0.228513835440718,0.102253985706432,0.558365402235661
243773.411807,2744866.126422,0.0521196549825656,0.356579188841989,0,0.0629473297852817,0.0644154890805652,0.463938337309598
244273.411807,2744866.126422,0.1599119750596,0.180634513112048,0,0.121217678342197,0.0645516229598386,0.473684210526316
244773.411807,2744866.126422,0.0787978742899029,0.16364302730438,0,0.0905259299981675,0.0579072750595565,0.609125893347993
245273.411807,2744866.126422,0.05395485410167,0.306478252890439,0.00532207744540283,0.471646173609837,0.0579922921636998,0.104606349788952
245773.411807,2744866.126422,0.0324591967724189,0.024390243902439,0.0188886851274528,0.893086374472767,0.0240234733174399,0.00715202640748212
246273.411807,2744866.126422,0.0141103170240059,0.011544804837823,0.0146600696353308,0.949789261498992,0.00916254352208173,0.000733003481766538
246773.411807,2744866.126422,0.17030647825289,0.0642319691686548,0.0234905487245366,0.602128830978161,0.087538997981281,0.052303174894476
247273.411807,2744866.126422,0.0803227581147992,0.028791490922428,0.0370438290849074,0.779204107830552,0.0524481936548689,0.0221896203924445
247773.411807,2744866.126422,0.10536925050394,0.0397654388858347,0.0089792926516401,0.785413230712846,0.0397654388858347,0.0207073483599047
248273.411807,2744866.126422,0.130482657368324,0.077995962561938,0.0233070288126262,0.638465773536429,0.0864378785098183,0.0433106992108644
248773.411807,2744866.126422,0.116999816614707,0.0814230698697964,0.0227397762699432,0.543187236383642,0.0911424903722722,0.144507610489639
249273.411807,2744866.126422,0.0908924317390508,0.187282389591351,0,0.111233278358072,0.0657870624885468,0.54480483782298
249773.411807,2744866.126422,0.107812210057525,0.297643347559844,0.00129894228984969,0.222304694748562,0.111152347374281,0.259788457969939
240273.411807,2744366.126422,0,0,0.0131868131868132,0.986813186813187,0,0
240773.411807,2744366.126422,0,0.023302752293578,0.514495412844037,0.46,0.00055045871559633,0.00165137614678899
241273.411807,2744366.126422,0.0554026784076316,0.295542102366538,0.0326545587965511,0.108970831040176,0.0671436433681893,0.440286186020914
241773.411807,2744366.126422,0.112087912087912,0.0514652014652015,0.0545787545787546,0.548351648351648,0.0934065934065934,0.14010989010989
242273.411807,2744366.126422,0.0522935779816514,0.138532110091743,0.00055045871559633,0.374678899082569,0.116330275229358,0.317614678899083
242773.411807,2744366.126422,0.0267840763162722,0.078884608328747,0.00165107319757843,0.429462483947899,0.106402494955054,0.356815263254449
243273.411807,2744366.126422,0.101098901098901,0.093956043956044,0.00146520146520147,0.513553113553114,0.1,0.18992673992674
243773.411807,2744366.126422,0.0671559633027523,0.237614678899083,0.00256880733944954,0.34697247706422,0.0924770642201835,0.253211009174312
244273.411807,2744366.126422,0.125298110438452,0.0983305815446707,0.00715465052283985,0.279948633278298,0.134287286736379,0.354980737479362
244773.411807,2744366.126422,0.122344322344322,0.0628205128205128,0.000366300366300366,0.398717948717949,0.0807692307692308,0.334981684981685
245273.411807,2744366.126422,0.0667889908256881,0.224587155963303,0.00825688073394495,0.496697247706422,0.0779816513761468,0.125688073394495
245773.411807,2744366.126422,0.0825536598789213,0.0456796917996698,0.00642084021280499,0.740964960557696,0.0845716382315172,0.0398092093193909
246273.411807,2744366.126422,0.0730769230769231,0.0217948717948718,0.0205128205128205,0.825824175824176,0.028021978021978,0.0307692307692308
246773.411807,2744366.126422,0.0825688073394495,0.0284403669724771,0.0198165137614679,0.787155963302752,0.0618348623853211,0.0201834862385321
247273.411807,2744366.126422,0.195927352779307,0.0585213722252798,0.0964960557695836,0.529077233535131,0.0656760227481196,0.0543019629425793
247773.411807,2744366.126422,0.0598901098901099,0.0274725274725275,0.0595238095238095,0.806593406593407,0.0347985347985348,0.0117216117216117
248273.411807,2744366.126422,0.0368807339449541,0.0339449541284404,0.00605504587155963,0.867889908256881,0.0427522935779817,0.0124770642201835
248773.411807,2744366.126422,0.080168776371308,0.169510181618052,0.0139423958906623,0.50210970464135,0.09557879288204,0.138690148596588
249273.411807,2744366.126422,0.060989010989011,0.12985347985348,0.00750915750915751,0.463369963369963,0.136813186813187,0.201465201465201
249773.411807,2744366.126422,0.0955473098330241,0.152504638218924,0.000371057513914657,0.389981447124304,0.0972170686456401,0.264378478664193
240273.411807,2743866.126422,0,0,0.0544554455445545,0.945544554455445,0,0
240773.411807,2743866.126422,0,0.0135531135531136,0.41959706959707,0.560622710622711,0.00311355311355311,0.00311355311355311
241273.411807,2743866.126422,0.00824175824175824,0.273992673992674,0.111904761904762,0.38992673992674,0.128205128205128,0.0877289377289377
241773.411807,2743866.126422,0.0916758342500917,0.181884855152182,0.0231023102310231,0.224972497249725,0.085991932526586,0.392372570590392
242273.411807,2743866.126422,0.0435897435897436,0.122161172161172,0.0183150183150183,0.15018315018315,0.106227106227106,0.55952380952381
242773.411807,2743866.126422,0.0871794871794872,0.218864468864469,0.010989010989011,0.181868131868132,0.0692307692307692,0.431868131868132
243273.411807,2743866.126422,0.130913091309131,0.118995232856619,0,0.315548221488816,0.0991932526585992,0.335350201686835
243773.411807,2743866.126422,0.0738095238095238,0.089010989010989,0.0100732600732601,0.21978021978022,0.0785714285714286,0.528754578754579
244273.411807,2743866.126422,0.0683150183150183,0.128388278388278,0.00494505494505494,0.201831501831502,0.136446886446886,0.46007326007326
244773.411807,2743866.126422,0.0643564356435644,0.0946094609460946,0.00256692335900257,0.607260726072607,0.118078474514118,0.113127979464613
245273.411807,2743866.126422,0.0694139194139194,0.129120879120879,0.0379120879120879,0.586446886446886,0.0913919413919414,0.0857142857142857
245773.411807,2743866.126422,0.0787545787545788,0.0315018315018315,0.0120879120879121,0.783516483516484,0.0620879120879121,0.032051282051282
246273.411807,2743866.126422,0.050971763843051,0.0122845617895123,0.0044004400440044,0.916574990832417,0.0146681334800147,0.0011001100110011
246773.411807,2743866.126422,0.0553113553113553,0.0232600732600733,0.00457875457875458,0.894322344322344,0.015018315018315,0.00750915750915751
247273.411807,2743866.126422,0.065018315018315,0.0331501831501832,0.030952380952381,0.817948717948718,0.0435897435897436,0.00934065934065934
247773.411807,2743866.126422,0.262009534286762,0.028969563623029,0.0253025302530253,0.575540887422076,0.052988632196553,0.0551888522185552
248273.411807,2743866.126422,0.105494505494505,0.102197802197802,0.0210622710622711,0.594505494505495,0.106959706959707,0.0697802197802198
248773.411807,2743866.126422,0.121428571428571,0.056043956043956,0.0326007326007326,0.657875457875458,0.0769230769230769,0.0551282051282051
249273.411807,2743866.126422,0.0786578657865787,0.0515218188485515,0.0663733039970664,0.672167216721672,0.0645397873120645,0.0667400073340667
249773.411807,2743866.126422,0.140978140051871,0.0640978140051871,0.0109299740644683,0.598740274175621,0.0941089292330493,0.0911448684698036
239773.411807,2743366.126422,0,0,0,1,0,0
240273.411807,2743366.126422,0,0,0.35990470954737,0.64009529045263,0,0
240773.411807,2743366.126422,0,0.0198201504863278,0.588548357496788,0.2653697926225,0.00220223894292531,0.124059460451459
241273.411807,2743366.126422,0.0163212910324592,0.0478635613423803,0.0529983495323675,0.489088575096277,0.0634513112048414,0.330276911791674
241773.411807,2743366.126422,0.0595565328935312,0.209272494044347,0.00659703133589885,0.143302180685358,0.109034267912773,0.472237493128092
242273.411807,2743366.126422,0.0908423563956689,0.205909341163516,0.00660671682877592,0.250504679757754,0.0956138741053404,0.350523031748945
242773.411807,2743366.126422,0.0867412433522831,0.368604437924078,0,0.173299101412067,0.126352466532184,0.245002750779387
243273.411807,2743366.126422,0.0723840938244457,0.100238226131574,0.00274876305662452,0.494777350192413,0.109584020524097,0.220267546270845
243773.411807,2743366.126422,0.102220590934116,0.0792806019453111,0.00899247568361167,0.448889704532942,0.0941457148100569,0.266470912093962
244273.411807,2743366.126422,0.0920594168347699,0.0566660553823583,0.0152209792774619,0.679075738125802,0.0966440491472584,0.0603337612323492
244773.411807,2743366.126422,0.147700201575957,0.0678028220634048,0.0152098222466557,0.531610775151182,0.0985889682975994,0.139087410665201
245273.411807,2743366.126422,0.0767113231785649,0.0482657368324463,0.0170673518076711,0.797026977427051,0.0462470178014315,0.0146815929528354
245773.411807,2743366.126422,0.101778837337246,0.0995782138272511,0.0344764349899138,0.569227947918577,0.099211443242252,0.0957271226847607
246273.411807,2743366.126422,0.0696353307678211,0.042147700201576,0.0452629649990837,0.794942275975811,0.0296866410115448,0.0183250870441635
246773.411807,2743366.126422,0.0704716461736098,0.0273444668746559,0.0124793540099101,0.842906955404661,0.0273444668746559,0.0194531106625069
247273.411807,2743366.126422,0.0916926462497708,0.0397946084724005,0.00953603520997616,0.73995965523565,0.0750045846323125,0.04401247019989
247773.411807,2743366.126422,0.106652006597031,0.0256551218618288,0.00733003481766538,0.742532527029503,0.0502107385010079,0.0676195711929632
248273.411807,2743366.126422,0.273261148834649,0.049366856303909,0.00256927876674619,0.368691503028079,0.123325380803817,0.182785832262801
248773.411807,2743366.126422,0.377406931964057,0.0462130937098845,0.00256739409499358,0.286631212176783,0.162662754447093,0.124518613607189
