"x","y","forest","agri","water","built","other","grass"
224773.411807,2640866.126422,0.70130586720618,0.0417509656060327,0,0.000367849917233769,0.000919624793084422,0.255655692477469
225273.411807,2640866.126422,0.510622710622711,0.0391941391941392,0.000366300366300366,0.0195970695970696,0.0164835164835165,0.413736263736264
225773.411807,2640866.126422,0.248623853211009,0.130642201834862,0.000917431192660551,0.0328440366972477,0.0288073394495413,0.558165137614679
226273.411807,2640866.126422,0.541735461383232,0.00770500825536599,0,0.00275178866263071,0.00165107319757843,0.446156668501192
226773.411807,2640866.126422,0.456410256410256,0.043956043956044,0.000549450549450549,0.0137362637362637,0.00879120879120879,0.476556776556777
227273.411807,2640866.126422,0.314862385321101,0.0743119266055046,0.015045871559633,0.0390825688073395,0.0231192660550459,0.533577981651376
227773.411807,2640866.126422,0.608512199596404,0.0354063474591818,0,0.0108237020730141,0.0091726288754357,0.336085121995964
228273.411807,2640866.126422,0.475274725274725,0.013003663003663,0,0.00476190476190476,0.00421245421245421,0.502747252747253
228773.411807,2640866.126422,0.693577981651376,0.0187155963302752,0,0,0,0.287706422018349
229273.411807,2640866.126422,0.421757475692533,0.0764997248211337,0.000183452577508714,0.0212804989910108,0.0106402494955054,0.469638598422308
229773.411807,2640866.126422,0.613736263736264,0.0243589743589744,0,0.00311355311355311,0.00293040293040293,0.355860805860806
230273.411807,2640866.126422,0.808807339449541,0.00073394495412844,0,0,0,0.19045871559633
230773.411807,2640866.126422,0.755274261603376,0.00495321959273528,0.000183452577508714,0.00642084021280499,0.00715465052283985,0.226013575490736
231273.411807,2640866.126422,0.599267399267399,0.0326007326007326,0,0.00421245421245421,0.00384615384615385,0.36007326007326
231773.411807,2640866.126422,0.707155963302752,0.188073394495413,0.00073394495412844,0.00055045871559633,0.0018348623853211,0.101651376146789
232273.411807,2640866.126422,0.571454778939644,0.0509998165474225,0.000733810310034856,0.00440286186020914,0.00623738763529628,0.366171344707393
232773.411807,2640866.126422,0.608791208791209,0.0258241758241758,0,0.00787545787545788,0.00531135531135531,0.352197802197802
233273.411807,2640866.126422,0.667706422018349,0.101651376146789,0.00036697247706422,0.00403669724770642,0.00403669724770642,0.222201834862385
233773.411807,2640866.126422,0.608328747018896,0.0278847917813245,0,0.000550357732526142,0.000183452577508714,0.363052650889745
234273.411807,2640866.126422,0.648717948717949,0.108791208791209,0.0289377289377289,0.00384615384615385,0.00952380952380952,0.20018315018315
234773.411807,2640866.126422,0.577064220183486,0.0201834862385321,0,0.00018348623853211,0,0.40256880733945
235273.411807,2640866.126422,0.670886075949367,0.00898917629792699,0,0,0.000183452577508714,0.319941295175197
235773.411807,2640866.126422,0.927106227106227,0,0,0,0,0.0728937728937729
236273.411807,2640866.126422,0.938899082568807,0,0,0.00055045871559633,0.00036697247706422,0.0601834862385321
236773.411807,2640866.126422,0.864795450376078,0.0258668134287287,0.00091726288754357,0.0187121629058888,0.00862227114290956,0.0810860392588516
224773.411807,2640366.126422,0.627800220345207,0.0629820051413882,0,0.00220345207491737,0.000918105031215571,0.306096217407271
225273.411807,2640366.126422,0.551521818848552,0.0414374770810414,0,0,0,0.407040704070407
225773.411807,2640366.126422,0.509523809523809,0.00476190476190476,0,0.00421245421245421,0.00256410256410256,0.478937728937729
226273.411807,2640366.126422,0.530769230769231,0.0340659340659341,0,0.000549450549450549,0.0010989010989011,0.433516483516484
226773.411807,2640366.126422,0.482031536486982,0.0148514851485149,0,0.00495049504950495,0.00256692335900257,0.495599559955996
227273.411807,2640366.126422,0.651648351648352,0.0221611721611722,0,0.00421245421245421,0.0032967032967033,0.318681318681319
227773.411807,2640366.126422,0.465384615384615,0.0249084249084249,0,0.0111721611721612,0.00805860805860806,0.49047619047619
228273.411807,2640366.126422,0.473414008067473,0.07004033736707,0.00146681334800147,0.0287862119545288,0.0177851118445178,0.408507517418409
228773.411807,2640366.126422,0.602380952380952,0.0221611721611722,0,0.0043956043956044,0.00238095238095238,0.368681318681319
229273.411807,2640366.126422,0.518681318681319,0.0602564102564103,0.000183150183150183,0.0234432234432234,0.0144688644688645,0.382967032967033
229773.411807,2640366.126422,0.70957095709571,0.028969563623029,0,0.00128346167950128,0.000916758342500917,0.259259259259259
230273.411807,2640366.126422,0.512454212454212,0.0404761904761905,0,0.00201465201465201,0.00274725274725275,0.442307692307692
230773.411807,2640366.126422,0.716483516483516,0.0767399267399267,0,0.00311355311355311,0.0043956043956044,0.199267399267399
231273.411807,2640366.126422,0.763843050971764,0.037953795379538,0,0,0,0.198203153648698
231773.411807,2640366.126422,0.711538461538462,0.118315018315018,0,0,0,0.17014652014652
232273.411807,2640366.126422,0.632600732600733,0.0120879120879121,0,0.0043956043956044,0.00384615384615385,0.347069597069597
232773.411807,2640366.126422,0.64026402640264,0.0284195086175284,0,0.00201686835350202,0.000916758342500917,0.328382838283828
233273.411807,2640366.126422,0.597985347985348,0.0155677655677656,0,0.00531135531135531,0.00274725274725275,0.378388278388278
233773.411807,2640366.126422,0.73974358974359,0.0307692307692308,0,0,0,0.229487179487179
234273.411807,2640366.126422,0.722955628896223,0.00476714338100477,0,0.00055005500550055,0.000733406674000733,0.270993766043271
234773.411807,2640366.126422,0.6,0.000183150183150183,0,0,0,0.39981684981685
235273.411807,2640366.126422,0.63040293040293,0.0294871794871795,0,0,0,0.34010989010989
235773.411807,2640366.126422,0.946644664466447,0,0,0,0.000183351668500183,0.0531719838650532
236273.411807,2640366.126422,0.924358974358974,0.00238095238095238,0,0.000183150183150183,0.000183150183150183,0.0728937728937729
236773.411807,2640366.126422,0.769230769230769,0.0163003663003663,0.0831501831501831,0.026007326007326,0.0126373626373626,0.0926739926739927
224773.411807,2639866.126422,0.643500643500644,0.0465159036587608,0,0.000551571980143409,0.000367714653428939,0.309064166207023
225273.411807,2639866.126422,0.516400952904526,0.040131940626718,0,0.000549752611324904,0.000366501740883269,0.442550852116548
225773.411807,2639866.126422,0.425399155808405,0.0299137456414021,0,0.00293631859056708,0.00165167920719398,0.540099100752432
226273.411807,2639866.126422,0.596368971208509,0.0240234733174399,0,0.00256739409499358,0.00110031175499725,0.37593984962406
226773.411807,2639866.126422,0.551218618288437,0.00751328568810702,0,0.00311526479750779,0.00183250870441635,0.436320322521532
227273.411807,2639866.126422,0.487795925857956,0.0139475133051936,0,0.000917599559552211,0.000550559735731327,0.496788401541567
227773.411807,2639866.126422,0.479735925178801,0.0291582615074271,0,0.00458463231248854,0.00256739409499358,0.48395378690629
228273.411807,2639866.126422,0.495143851933297,0.0443467106468756,0.00109950522264981,0.0701850833791461,0.0318856514568444,0.357339197361187
228773.411807,2639866.126422,0.391264452193063,0.0315654248485961,0,0.0297302257294917,0.0198201504863278,0.527619746742522
229273.411807,2639866.126422,0.444525949018889,0.0489638730973776,0,0.0341096644049147,0.0236567027324409,0.448743810746378
229773.411807,2639866.126422,0.565695437053326,0.0317024005864028,0,0.00879604178119846,0.00439802089059923,0.389408099688474
230273.411807,2639866.126422,0.379152138006974,0.0871719581574601,0,0.0133969535694623,0.0121123141860892,0.508166636080015
230773.411807,2639866.126422,0.708417384925729,0.0333761232349166,0.000550155877498625,0.0053181734824867,0.00476801760498808,0.247570144874381
231273.411807,2639866.126422,0.70514934945941,0.0196078431372549,0,0.00311526479750779,0.00146600696353308,0.270661535642294
231773.411807,2639866.126422,0.688566709487979,0.0985501926959075,0,0,0,0.212883097816113
232273.411807,2639866.126422,0.719420502475701,0.0205391527599487,0,0.00183385292499542,0.00146708233999633,0.256739409499358
232773.411807,2639866.126422,0.557632398753894,0.0648708081363387,0,0.0141103170240059,0.00659703133589885,0.356789444749863
233273.411807,2639866.126422,0.792806019453111,0.0455129381537897,0,0,0,0.1616810423931
233773.411807,2639866.126422,0.744911058133138,0.0509811113148725,0.000183385292499542,0.00183385292499542,0.00330093526499175,0.198789657069503
234273.411807,2639866.126422,0.877588418544988,0.00311526479750779,0,0,0,0.119296316657504
234773.411807,2639866.126422,0.661405762525234,0.00275279867865663,0,0.000550559735731327,0.000550559735731327,0.334740319324647
235273.411807,2639866.126422,0.744911058133138,0.00128369704749679,0,0,0,0.253805244819366
235773.411807,2639866.126422,0.956752794575774,0,0,0,0,0.0432472054242258
236273.411807,2639866.126422,0.962011378234538,0,0,0.000367039823820885,0,0.0376215819416407
236773.411807,2639866.126422,0.532550889418669,0.0157711351549606,0.280579497524299,0.0421786172748946,0.0183385292499542,0.110581331377224
224773.411807,2639366.126422,0.820489240389921,0.0114033474342468,0,0,0,0.168107412175832
225273.411807,2639366.126422,0.473443223443223,0.0468864468864469,0,0.015018315018315,0.0157509157509158,0.448901098901099
225773.411807,2639366.126422,0.49394495412844,0.0398165137614679,0,0.00220183486238532,0.00275229357798165,0.461284403669725
226273.411807,2639366.126422,0.63768115942029,0.0324711062190424,0,0.00183452577508714,0.00146762062006971,0.326545587965511
226773.411807,2639366.126422,0.512454212454212,0.0324175824175824,0,0.00677655677655678,0.0021978021978022,0.446153846153846
227273.411807,2639366.126422,0.394495412844037,0.0277064220183486,0,0.00770642201834862,0.00568807339449541,0.564403669724771
227773.411807,2639366.126422,0.640432948082921,0.00880572372041827,0.00311869381764814,0.00385250412768299,0.00311869381764814,0.340671436433682
228273.411807,2639366.126422,0.589010989010989,0.0161172161172161,0,0.00586080586080586,0.00512820512820513,0.383882783882784
228773.411807,2639366.126422,0.582018348623853,0.0209174311926606,0,0.00146788990825688,0.00128440366972477,0.394311926605505
229273.411807,2639366.126422,0.651807007888461,0.015410016510732,0.000183452577508714,0.0119244175380664,0.00605393505778756,0.314621170427445
229773.411807,2639366.126422,0.731318681318681,0.0223443223443223,0,0.0032967032967033,0.00256410256410256,0.24047619047619
230273.411807,2639366.126422,0.604954128440367,0.00055045871559633,0,0.00477064220183486,0.00256880733944954,0.387155963302752
230773.411807,2639366.126422,0.676940011007155,0.0104567969179967,0,0.00201797835259585,0.00110071546505228,0.309484498257201
231273.411807,2639366.126422,0.580586080586081,0.0408424908424908,0,0,0,0.378571428571429
231773.411807,2639366.126422,0.77045871559633,0.06,0,0.00073394495412844,0.00128440366972477,0.167522935779817
232273.411807,2639366.126422,0.812511465786094,0.0636580443955238,0,0.000366905155017428,0.00091726288754357,0.122546321775821
232773.411807,2639366.126422,0.791208791208791,0.0644688644688645,0,0.00695970695970696,0.00238095238095238,0.134981684981685
233273.411807,2639366.126422,0.863853211009174,0.0192660550458716,0,0,0,0.116880733944954
233773.411807,2639366.126422,0.802054668868098,0.0566868464501926,0,0.000183452577508714,0.000183452577508714,0.140891579526692
234273.411807,2639366.126422,0.82032967032967,0.00677655677655678,0,0.000183150183150183,0,0.172710622710623
234773.411807,2639366.126422,0.823119266055046,0,0,0.00073394495412844,0.00036697247706422,0.175779816513761
235273.411807,2639366.126422,0.714547789396441,0.0199963309484498,0,0.00605393505778756,0.00421940928270042,0.255182535314621
235773.411807,2639366.126422,0.933150183150183,0.00750915750915751,0,0.00366300366300366,0.00347985347985348,0.0521978021978022
236273.411807,2639366.126422,0.940366972477064,0.00532110091743119,0,0.00128440366972477,0.00055045871559633,0.0524770642201835
236773.411807,2639366.126422,0.385800770500826,0.0236653824986241,0.478811227297744,0.0449458814896349,0.011557512383049,0.0552192258301229
224773.411807,2638866.126422,0.733749540947484,0.0077120822622108,0,0,0,0.258538376790305
225273.411807,2638866.126422,0.714521452145215,0.0174184085075174,0,0.00055005500550055,0.000733406674000733,0.266776677667767
225773.411807,2638866.126422,0.719047619047619,0.00512820512820513,0,0,0,0.275824175824176
226273.411807,2638866.126422,0.471428571428571,0.0272893772893773,0,0.0210622710622711,0.0139194139194139,0.466300366300366
226773.411807,2638866.126422,0.44957829116245,0.0287862119545288,0,0.026035936927026,0.0207187385405207,0.474880821415475
227273.411807,2638866.126422,0.57985347985348,0.0344322344322344,0,0.00769230769230769,0.00567765567765568,0.372344322344322
227773.411807,2638866.126422,0.606959706959707,0.0258241758241758,0,0.00512820512820513,0.0043956043956044,0.357692307692308
228273.411807,2638866.126422,0.519068573524019,0.145214521452145,0.00513384671800513,0.0115511551155116,0.011001100110011,0.308030803080308
228773.411807,2638866.126422,0.757509157509157,0.0234432234432234,0,0.000183150183150183,0,0.218864468864469
229273.411807,2638866.126422,0.888644688644689,0.00421245421245421,0,0,0,0.107142857142857
229773.411807,2638866.126422,0.667950128346168,0.0033003300330033,0,0.00146681334800147,0.000916758342500917,0.326365969930326
230273.411807,2638866.126422,0.527472527472527,0.00714285714285714,0,0.0122710622710623,0.00659340659340659,0.446520146520147
230773.411807,2638866.126422,0.573809523809524,0.00421245421245421,0,0.0043956043956044,0.0032967032967033,0.414285714285714
231273.411807,2638866.126422,0.757609094242758,0.0249358269160249,0,0.00055005500550055,0.00055005500550055,0.216354968830216
231773.411807,2638866.126422,0.758424908424908,0.0142857142857143,0,0,0,0.227289377289377
232273.411807,2638866.126422,0.712454212454212,0.00842490842490842,0,0,0,0.279120879120879
232773.411807,2638866.126422,0.884488448844885,0.0088008800880088,0,0,0,0.106710671067107
233273.411807,2638866.126422,0.755311355311355,0.00531135531135531,0,0.00128205128205128,0.000915750915750916,0.237179487179487
233773.411807,2638866.126422,0.866666666666667,0.000732600732600733,0,0.000183150183150183,0,0.132417582417582
234273.411807,2638866.126422,0.798129812981298,0.0011001100110011,0,0,0,0.200770077007701
234773.411807,2638866.126422,0.778388278388278,0.00146520146520147,0,0.000183150183150183,0,0.21996336996337
235273.411807,2638866.126422,0.70970695970696,0,0,0,0,0.29029304029304
235773.411807,2638866.126422,0.933076640997433,0.000916758342500917,0,0.00256692335900257,0.00128346167950128,0.0621562156215622
236273.411807,2638866.126422,0.922527472527473,0.000915750915750916,0,0.00421245421245421,0.00366300366300366,0.0686813186813187
236773.411807,2638866.126422,0.377472527472527,0.0802197802197802,0.18974358974359,0.145970695970696,0.0509157509157509,0.155677655677656
224773.411807,2638366.126422,0.629343629343629,0.00974443831586689,0,0.00956058098915242,0.00680272108843537,0.344548630262916
225273.411807,2638366.126422,0.786512735935496,0.0159428257284222,0,0.00183250870441635,0.000183250870441635,0.195528678761224
225773.411807,2638366.126422,0.679207193980547,0.0181684712791338,0.000183519911910442,0.0255092677555515,0.0141310332171041,0.262800513855753
226273.411807,2638366.126422,0.470750045846323,0.00696864111498258,0,0.00385109114249037,0.00311754997249221,0.515312671923712
226773.411807,2638366.126422,0.522997984240425,0.0199743448781382,0,0.00274876305662452,0.00311526479750779,0.451163643027304
227273.411807,2638366.126422,0.53936502110479,0.0363369425582676,0,0.00770783630023858,0.0047715177096715,0.411818682327033
227773.411807,2638366.126422,0.60388776820099,0.0847240051347882,0,0.0022006235099945,0.00311754997249221,0.306070053181735
228273.411807,2638366.126422,0.691772035917171,0.00128275609309144,0,0.000549752611324904,0.000549752611324904,0.305845702767088
228773.411807,2638366.126422,0.754450357863828,0.00458799779776106,0.000367039823820885,0.0012846393833731,0.0012846393833731,0.238025325747844
229273.411807,2638366.126422,0.69613057032826,0.0144874381074638,0,0.00586832935998533,0.00238400880249404,0.281129653401797
229773.411807,2638366.126422,0.791094007696537,0.0128275609309144,0.000366501740883269,0.0218068535825545,0.00568077698369067,0.168224299065421
230273.411807,2638366.126422,0.507616076344283,0.0119287942741787,0,0.00880895577170123,0.00201871903101487,0.469627454578822
230773.411807,2638366.126422,0.626810929763433,0.0445626260773886,0,0.00183385292499542,0.000916926462497708,0.325875664771685
231273.411807,2638366.126422,0.877221916804105,0.00274876305662452,0,0,0,0.120029320139271
231773.411807,2638366.126422,0.798495136722334,0.00110111947146265,0,0,0,0.200403743806203
232273.411807,2638366.126422,0.865578580597836,0.000733541169998166,0,0,0,0.133687878232166
232773.411807,2638366.126422,0.776433938061206,0.000183250870441635,0,0.000549752611324904,0.000549752611324904,0.222283305845703
233273.411807,2638366.126422,0.817214167737199,0.0216553496054322,0,0.000734079647641769,0.00146815929528354,0.158928243714443
233773.411807,2638366.126422,0.766733907940583,0.000550155877498625,0,0.000366770584999083,0.000183385292499542,0.23216578030442
234273.411807,2638366.126422,0.881986439435587,0,0,0,0,0.118013560564413
234773.411807,2638366.126422,0.817214167737199,0.00862543585979079,0,0,0,0.17416039640301
235273.411807,2638366.126422,0.7601320374106,0.00458463231248854,0,0.000550155877498625,0.000183385292499542,0.234549789106914
235773.411807,2638366.126422,0.903426791277259,0.0109950522264981,0,0.00366501740883269,0.00403151914971596,0.0778816199376947
236273.411807,2638366.126422,0.736098366672784,0.0886401174527436,0.000550559735731327,0.0181684712791338,0.0082583960359699,0.148284088823637
236773.411807,2638366.126422,0.764533284430589,0.0128369704749679,0.015587749862461,0.0309921144324225,0.022006235099945,0.154043645699615
224773.411807,2637866.126422,0.750229906198271,0.0226227699098768,0.000183924958616884,0.0263012690822145,0.00974802280669487,0.190914107044326
225273.411807,2637866.126422,0.50970695970696,0.0228937728937729,0,0.108424908424908,0.039010989010989,0.31996336996337
225773.411807,2637866.126422,0.76,0.0139449541284404,0.00055045871559633,0.0311926605504587,0.0036697247706422,0.190642201834862
226273.411807,2637866.126422,0.442671069528527,0.0354063474591818,0.00183452577508714,0.0614566134654192,0.0379746835443038,0.420656760227481
226773.411807,2637866.126422,0.572161172161172,0.0161172161172161,0.000183150183150183,0.00934065934065934,0.00641025641025641,0.395787545787546
227273.411807,2637866.126422,0.463119266055046,0.026605504587156,0.00018348623853211,0.00660550458715596,0.0055045871559633,0.497981651376147
227773.411807,2637866.126422,0.700972298660796,0.0190790680609063,0.00825536598789213,0.00440286186020914,0.00385250412768299,0.263437901302513
228273.411807,2637866.126422,0.715201465201465,0.00567765567765568,0,0.00549450549450549,0.00347985347985348,0.27014652014652
228773.411807,2637866.126422,0.623853211009174,0.0146788990825688,0,0,0,0.361467889908257
229273.411807,2637866.126422,0.525591634562466,0.00972298660796184,0,0.00935608145294441,0.01284168042561,0.442487616951018
229773.411807,2637866.126422,0.702930402930403,0.00531135531135531,0,0.000549450549450549,0.000549450549450549,0.290659340659341
230273.411807,2637866.126422,0.675229357798165,0.0214678899082569,0,0,0,0.303302752293578
230773.411807,2637866.126422,0.585947532562832,0.0196294257934324,0,0.000183452577508714,0,0.394239589066226
231273.411807,2637866.126422,0.748534798534799,0.00586080586080586,0,0.00201465201465201,0.000183150183150183,0.243406593406593
231773.411807,2637866.126422,0.742201834862385,0.00110091743119266,0,0,0,0.256697247706422
232273.411807,2637866.126422,0.835259585397175,0,0,0,0,0.164740414602825
232773.411807,2637866.126422,0.752564102564103,0.000366300366300366,0,0.000549450549450549,0,0.246520146520147
233273.411807,2637866.126422,0.650091743119266,0.013394495412844,0,0.00385321100917431,0.00165137614678899,0.331009174311927
233773.411807,2637866.126422,0.53494771601541,0.00183452577508714,0,0.000550357732526142,0.000550357732526142,0.462117042744451
234273.411807,2637866.126422,0.705128205128205,0.0175824175824176,0,0.000915750915750916,0.000915750915750916,0.275457875457875
234773.411807,2637866.126422,0.895596330275229,0.0137614678899083,0,0,0,0.0906422018348624
235273.411807,2637866.126422,0.809392771968446,0.00091726288754357,0,0.000366905155017428,0.000183452577508714,0.189139607411484
235773.411807,2637866.126422,0.965934065934066,0.000549450549450549,0,0.00128205128205128,0.000183150183150183,0.032051282051282
236273.411807,2637866.126422,0.810091743119266,0.0354128440366972,0.00330275229357798,0.0245871559633028,0.0130275229357798,0.113577981651376
236773.411807,2637866.126422,0.907906806090626,0.0240322876536415,0.00311869381764814,0.0110071546505228,0.00311869381764814,0.0508163639699138
224773.411807,2637366.126422,0.426184355490268,0.0400293793609989,0.0174439955930959,0.322805728975395,0.0435181784796181,0.150018362100624
225273.411807,2637366.126422,0.424275760909424,0.046021268793546,0.0111844517785112,0.374954162082875,0.0341034103410341,0.109460946094609
225773.411807,2637366.126422,0.553113553113553,0.0282051282051282,0.0124542124542125,0.207692307692308,0.0285714285714286,0.16996336996337
226273.411807,2637366.126422,0.733882783882784,0.00494505494505494,0,0.0021978021978022,0.000549450549450549,0.258424908424908
226773.411807,2637366.126422,0.442977631096443,0.0566556655665567,0.00055005500550055,0.0143014301430143,0.0148514851485149,0.470663733039971
227273.411807,2637366.126422,0.551098901098901,0.0287545787545788,0,0.00421245421245421,0.00677655677655678,0.409157509157509
227773.411807,2637366.126422,0.473626373626374,0.0122710622710623,0,0.00366300366300366,0.0010989010989011,0.509340659340659
228273.411807,2637366.126422,0.43967730106344,0.0221855518885222,0,0.0298863219655299,0.0242024202420242,0.484048404840484
228773.411807,2637366.126422,0.544871794871795,0.0205128205128205,0,0.00695970695970696,0.0032967032967033,0.424358974358974
229273.411807,2637366.126422,0.51007326007326,0.0291208791208791,0,0.00293040293040293,0.00402930402930403,0.453846153846154
229773.411807,2637366.126422,0.512467913458012,0.0469380271360469,0,0.0449211587825449,0.0271360469380271,0.368536853685369
230273.411807,2637366.126422,0.761904761904762,0.00824175824175824,0,0.00183150183150183,0.00201465201465201,0.226007326007326
230773.411807,2637366.126422,0.698351648351648,0.00183150183150183,0,0.000183150183150183,0.000549450549450549,0.299084249084249
231273.411807,2637366.126422,0.592042537587092,0.0223689035570224,0,0.00293362669600293,0.00183351668500183,0.380821415474881
231773.411807,2637366.126422,0.546703296703297,0.00238095238095238,0,0.0111721611721612,0.00860805860805861,0.431135531135531
232273.411807,2637366.126422,0.787728937728938,0.00183150183150183,0,0.00146520146520147,0.00164835164835165,0.207326007326007
232773.411807,2637366.126422,0.827099376604327,0.00403373670700403,0,0.00128346167950128,0.00128346167950128,0.166299963329666
233273.411807,2637366.126422,0.779120879120879,0.00970695970695971,0,0.000732600732600733,0.000732600732600733,0.20970695970696
233773.411807,2637366.126422,0.696703296703297,0.00659340659340659,0,0.00714285714285714,0.00274725274725275,0.286813186813187
234273.411807,2637366.126422,0.757975797579758,0,0,0,0,0.242024202420242
234773.411807,2637366.126422,0.648901098901099,0.0525641025641026,0,0,0,0.298534798534799
235273.411807,2637366.126422,0.812271062271062,0.00622710622710623,0,0,0.000366300366300366,0.181135531135531
235773.411807,2637366.126422,0.672533920058673,0.0146681334800147,0.0610561056105611,0.0806747341400807,0.0165016501650165,0.154565456545655
236273.411807,2637366.126422,0.6996336996337,0.041025641025641,0.102380952380952,0.0664835164835165,0.0181318681318681,0.0723443223443224
236773.411807,2637366.126422,0.346153846153846,0.0679487179487179,0.497435897435897,0.0478021978021978,0.0102564102564103,0.0304029304029304
224773.411807,2636866.126422,0.47839676411105,0.0494576208861923,0.0119507262364405,0.239749954035668,0.0487221915793344,0.171722743151315
225273.411807,2636866.126422,0.672164192779916,0.0351841671247938,0.00109950522264981,0.0621220450797141,0.00842954004031519,0.221000549752611
225773.411807,2636866.126422,0.516057992292164,0.0387227014131033,0,0.077995962561938,0.00899247568361167,0.358230868049183
226273.411807,2636866.126422,0.720520814230699,0.00293416467999266,0,0.000733541169998166,0.000183385292499542,0.275628094626811
226773.411807,2636866.126422,0.748030053142752,0.0130108118013561,0,0,0,0.238959135055892
227273.411807,2636866.126422,0.650761607634428,0.0275279867865663,0,0.0132134336575518,0.00458799779776106,0.303908974123692
227773.411807,2636866.126422,0.81606455162296,0.000366770584999083,0,0.00183385292499542,0.000733541169998166,0.181001283697047
228273.411807,2636866.126422,0.544621586952538,0.0122778083195895,0,0.017042330951072,0.00751328568810702,0.418544988088693
228773.411807,2636866.126422,0.414387961093779,0.0728574050284456,0,0.0407414204441182,0.0183519911910442,0.453661222242613
229273.411807,2636866.126422,0.254538785989364,0.184302218962039,0,0.0438290849073904,0.0293416467999266,0.48798826334128
229773.411807,2636866.126422,0.654022356606194,0.0276708814366868,0.000366501740883269,0.00733003481766538,0.00384826827927433,0.306761957119296
230273.411807,2636866.126422,0.922187557349972,0.00201871903101487,0,0,0,0.0757937236190127
230773.411807,2636866.126422,0.614340729873464,0.00806895286997983,0,0.00311754997249221,0.000733541169998166,0.373739226114066
231273.411807,2636866.126422,0.485798057540773,0.0106285504856148,0,0.0128275609309144,0.0111783030969397,0.479567527945758
231773.411807,2636866.126422,0.540099100752432,0.0115617544503579,0,0.0317489447605065,0.0161497522481189,0.400440447788585
232273.411807,2636866.126422,0.66000366770585,0.013203741059967,0,0.000733541169998166,0.000550155877498625,0.325508894186686
232773.411807,2636866.126422,0.730254718709914,0.00641378046545721,0,0.00659703133589885,0.00458127176104087,0.252153197727689
233273.411807,2636866.126422,0.743806202973023,0.0372545421178198,0.00165167920719398,0.00367039823820885,0.00587263718113415,0.207744540282621
233773.411807,2636866.126422,0.813497157527966,0.0185219145424537,0,0.000916926462497708,0.000366770584999083,0.166697230882083
234273.411807,2636866.126422,0.730254718709914,0.00348176653839106,0,0.00128275609309144,0.00146600696353308,0.263514751695071
234773.411807,2636866.126422,0.677922554597174,0,0,0.000183519911910442,0.000550559735731327,0.321343365755184
235273.411807,2636866.126422,0.881349715752797,0,0,0,0,0.118650284247203
235773.411807,2636866.126422,0.906542056074766,0.00916254352208173,0.00384826827927433,0.0174088326919553,0.00861279091075683,0.0544255085211655
236273.411807,2636866.126422,0.36116718663975,0.0179849513672233,0.287208662139842,0.156726004771518,0.0625802899614608,0.114332905120206
236773.411807,2636866.126422,0.448927196038878,0.0849073904272877,0.241151659636897,0.154777186869613,0.0317256556024207,0.0385109114249037
224773.411807,2636366.126422,0.282140886518301,0.0893875298878058,0.00183924958616884,0.0570167371712341,0.0323707927165716,0.537244804119919
225273.411807,2636366.126422,0.52985347985348,0.0567765567765568,0.000549450549450549,0.0553113553113553,0.0192307692307692,0.338278388278388
225773.411807,2636366.126422,0.682018348623853,0.0106422018348624,0,0.00403669724770642,0.00201834862385321,0.301284403669725
226273.411807,2636366.126422,0.812694918363603,0.00623738763529628,0,0,0,0.181067694001101
226773.411807,2636366.126422,0.766300366300366,0.0102564102564103,0,0.000915750915750916,0.000549450549450549,0.221978021978022
227273.411807,2636366.126422,0.362752293577982,0.104036697247706,0.00238532110091743,0.119266055045872,0.0438532110091743,0.367706422018349
227773.411807,2636366.126422,0.230049532195927,0.124931205283434,0.00220143093010457,0.164740414602825,0.068611263988259,0.40946615299945
228273.411807,2636366.126422,0.242857142857143,0.147252747252747,0.0032967032967033,0.144322344322344,0.0492673992673993,0.413003663003663
228773.411807,2636366.126422,0.198715596330275,0.138899082568807,0.00660550458715596,0.162201834862385,0.0368807339449541,0.456697247706422
229273.411807,2636366.126422,0.234085488901119,0.0638414969730325,0.00183452577508714,0.126398825903504,0.0498991010823702,0.523940561364887
229773.411807,2636366.126422,0.287728937728938,0.0826007326007326,0.00201465201465201,0.124725274725275,0.0518315018315018,0.451098901098901
230273.411807,2636366.126422,0.309174311926605,0.0732110091743119,0.00311926605504587,0.073394495412844,0.0385321100917431,0.50256880733945
230773.411807,2636366.126422,0.417721518987342,0.0328380113740598,0.00183452577508714,0.0500825536598789,0.0227481196110805,0.474775270592552
231273.411807,2636366.126422,0.492857142857143,0.0283882783882784,0,0.0287545787545788,0.013003663003663,0.436996336996337
231773.411807,2636366.126422,0.580366972477064,0.0212844036697248,0,0.0165137614678899,0.00935779816513761,0.372477064220184
232273.411807,2636366.126422,0.810126582278481,0.0066042927903137,0,0.00165107319757843,0.00165107319757843,0.179966978536048
232773.411807,2636366.126422,0.777472527472527,0.00805860805860806,0,0.00164835164835165,0.000915750915750916,0.211904761904762
233273.411807,2636366.126422,0.778715596330275,0.00642201834862385,0,0.00256880733944954,0.00110091743119266,0.211192660550459
233773.411807,2636366.126422,0.827187671986791,0.000366905155017428,0,0.000733810310034856,0.000366905155017428,0.171344707393139
234273.411807,2636366.126422,0.84010989010989,0.000732600732600733,0,0,0,0.159157509157509
234773.411807,2636366.126422,0.734678899082569,0.000917431192660551,0,0.00036697247706422,0.00018348623853211,0.263853211009174
235273.411807,2636366.126422,0.641166758392955,0.00752155567785727,0.000183452577508714,0.00972298660796184,0.00513667217024399,0.336268574573473
235773.411807,2636366.126422,0.943589743589744,0,0,0,0,0.0564102564102564
236273.411807,2636366.126422,0.577798165137615,0.0557798165137615,0.00642201834862385,0.146422018348624,0.0706422018348624,0.142935779816514
236773.411807,2636366.126422,0.943129700972299,0.0335718216840947,0,0.00238488350761328,0.000183452577508714,0.0207301412584847
224773.411807,2635866.126422,0.148916636063166,0.241278002203452,0,0.0556371648916636,0.0391112743297833,0.515056922511935
225273.411807,2635866.126422,0.372020535386872,0.0414374770810414,0,0.0713237990465713,0.028969563623029,0.486248624862486
225773.411807,2635866.126422,0.661904761904762,0.00238095238095238,0,0.00897435897435897,0.00402930402930403,0.322710622710623
226273.411807,2635866.126422,0.747252747252747,0.00347985347985348,0.000915750915750916,0.00879120879120879,0.00366300366300366,0.235897435897436
226773.411807,2635866.126422,0.29042904290429,0.0925925925925926,0.0077007700770077,0.0870920425375871,0.0397873120645398,0.482398239823982
227273.411807,2635866.126422,0.188095238095238,0.194322344322344,0.0126373626373626,0.21043956043956,0.063003663003663,0.331501831501831
227773.411807,2635866.126422,0.189194139194139,0.071978021978022,0.0161172161172161,0.346336996336996,0.0534798534798535,0.322893772893773
228273.411807,2635866.126422,0.197469746974697,0.0993766043270994,0.0100843417675101,0.368536853685369,0.0927759442610928,0.231756508984232
228773.411807,2635866.126422,0.217765567765568,0.0796703296703297,0.00494505494505494,0.268131868131868,0.054029304029304,0.375457875457875
229273.411807,2635866.126422,0.233150183150183,0.0587912087912088,0.00622710622710623,0.318864468864469,0.0576923076923077,0.325274725274725
229773.411807,2635866.126422,0.491199119911991,0.0425375870920425,0.00568390172350568,0.0854418775210854,0.0542720938760543,0.320865419875321
230273.411807,2635866.126422,0.519230769230769,0.0232600732600733,0,0.0307692307692308,0.0192307692307692,0.407509157509158
230773.411807,2635866.126422,0.536996336996337,0.00311355311355311,0,0.0173992673992674,0.00879120879120879,0.433699633699634
231273.411807,2635866.126422,0.485698569856986,0.0155848918225156,0,0.00843417675100843,0.00715071507150715,0.483131646497983
231773.411807,2635866.126422,0.715567765567766,0.00604395604395604,0.0010989010989011,0.0271062271062271,0.0173992673992674,0.232783882783883
232273.411807,2635866.126422,0.691575091575092,0.017032967032967,0,0.0282051282051282,0.0155677655677656,0.247619047619048
232773.411807,2635866.126422,0.704620462046205,0.00953428676200953,0.00055005500550055,0.0055005500550055,0.00385038503850385,0.275944261092776
233273.411807,2635866.126422,0.775641025641026,0.00659340659340659,0,0.00549450549450549,0.0043956043956044,0.207875457875458
233773.411807,2635866.126422,0.788278388278388,0.00256410256410256,0,0.00549450549450549,0.00274725274725275,0.200915750915751
234273.411807,2635866.126422,0.72020535386872,0.0221855518885222,0,0.00715071507150715,0.00421708837550422,0.246241290795746
234773.411807,2635866.126422,0.573076923076923,0.0175824175824176,0.000732600732600733,0.0108058608058608,0.00989010989010989,0.387912087912088
235273.411807,2635866.126422,0.73040293040293,0.00384615384615385,0,0.00659340659340659,0.00494505494505494,0.254212454212454
235773.411807,2635866.126422,0.671800513384672,0.0562889622295563,0.00806747341400807,0.0190685735240191,0.00843417675100843,0.236340300696736
236273.411807,2635866.126422,0.692307692307692,0.101465201465201,0.0227106227106227,0.0393772893772894,0.0172161172161172,0.126923076923077
236773.411807,2635866.126422,0.929304029304029,0.0501831501831502,0,0,0.000366300366300366,0.0201465201465201
224773.411807,2635366.126422,0.069681926824784,0.405956977385549,0.00827357970215113,0.170987313844457,0.0566280566280566,0.288472145615003
225273.411807,2635366.126422,0.156496243357156,0.252702950339014,0.00128275609309144,0.140736668499175,0.0346344145134689,0.414146967198094
225773.411807,2635366.126422,0.75500091759956,0.0266103872270141,0,0.00110111947146265,0.00110111947146265,0.216186456230501
226273.411807,2635366.126422,0.146158078122135,0.107280396112232,0.0286081056299285,0.403631028791491,0.0698697964423253,0.244452594901889
226773.411807,2635366.126422,0.113432288803372,0.0841121495327103,0.00861279091075683,0.259483232545355,0.0852116547553601,0.449147883452446
227273.411807,2635366.126422,0.165351440631308,0.0860708386859974,0.0484492567443568,0.156358964947697,0.0502844558634612,0.493485043127179
227773.411807,2635366.126422,0.149092242802127,0.106363469649734,0.0537318907023657,0.302218962039244,0.0696864111498258,0.318907023656703
228273.411807,2635366.126422,0.155396738134506,0.0982224665567161,0.0384826827927433,0.289719626168224,0.0470954737035001,0.37108301264431
228773.411807,2635366.126422,0.207010460634979,0.0789135621214902,0.00642319691686548,0.114332905120206,0.0346852633510736,0.558634611855386
229273.411807,2635366.126422,0.147258389877132,0.0935264991747662,0.0469466348798826,0.212726939299468,0.0539152759948652,0.445626260773886
229773.411807,2635366.126422,0.162910023822613,0.110683525746747,0.0166758292101887,0.136888400219901,0.0573575224482316,0.515484698552318
230273.411807,2635366.126422,0.202973022572949,0.0783630023857589,0.0357863828225362,0.210864378785098,0.0532207744540283,0.418792438979629
230773.411807,2635366.126422,0.379790940766551,0.0388776820099028,0.0128369704749679,0.0937098844672657,0.0357601320374106,0.439024390243902
231273.411807,2635366.126422,0.488363569726956,0.00568077698369067,0.10536925050394,0.0936411947956753,0.0124610591900312,0.294484148799707
231773.411807,2635366.126422,0.358414387961094,0.030280785465223,0.107175628555698,0.292530739585245,0.0313819049366856,0.180216553496054
232273.411807,2635366.126422,0.079589216944801,0.0350265908674124,0.146891619292133,0.343480652851641,0.0377773702549056,0.357234549789107
232773.411807,2635366.126422,0.158512002932014,0.0331684075499359,0.212754260582738,0.395455378413047,0.0432472054242258,0.156862745098039
233273.411807,2635366.126422,0.301706735180767,0.036520462470178,0.0704716461736098,0.158928243714443,0.0686364470545054,0.363736465406497
233773.411807,2635366.126422,0.47606821932881,0.0137538969374656,0.0144874381074638,0.0629011553273428,0.0273244085824317,0.405464881716486
234273.411807,2635366.126422,0.454645409565695,0.0388491845336265,0.0042147700201576,0.200842954004032,0.0315191497159611,0.269928532160528
234773.411807,2635366.126422,0.654799045696458,0.00311983850247752,0,0.00220223894292531,0.00110111947146265,0.338777757386676
235273.411807,2635366.126422,0.545571245186136,0.048413717219879,0,0.0920594168347699,0.026407482119934,0.287548138639281
235773.411807,2635366.126422,0.820047645226315,0.0824628916987356,0,0.0133773135422393,0.00787978742899029,0.07623236210372
236273.411807,2635366.126422,0.967516975591852,0.028629106258029,0,0,0,0.00385391815011929
236773.411807,2635366.126422,0.884834036310288,0.00275077938749312,0,0,0,0.112415184302219
224773.411807,2634866.126422,0.17178591134817,0.281405186683833,0.0744896082398381,0.202685304395807,0.054073937833364,0.215560051498988
225273.411807,2634866.126422,0.0677655677655678,0.097985347985348,0.125274725274725,0.328571428571429,0.0732600732600733,0.307142857142857
225773.411807,2634866.126422,0.0405504587155963,0.0678899082568807,0.214311926605505,0.594678899082569,0.0187155963302752,0.0638532110091743
226273.411807,2634866.126422,0,0.0631076866629976,0.341038341588699,0.361218125114658,0.0319207484865162,0.202715098147129
226773.411807,2634866.126422,0,0,0.270879120879121,0.729120879120879,0,0
227273.411807,2634866.126422,0,0.00917431192660551,0.618348623853211,0.366238532110092,0.00587155963302752,0.00036697247706422
227773.411807,2634866.126422,0,0.011557512383049,0.745184369840396,0.178499357915979,0.0130251330031187,0.0517336268574573
228273.411807,2634866.126422,0.00274725274725275,0.0184981684981685,0.432967032967033,0.378021978021978,0.0360805860805861,0.131684981684982
228773.411807,2634866.126422,0.0201834862385321,0.0310091743119266,0.36605504587156,0.426605504587156,0.0055045871559633,0.150642201834862
229273.411807,2634866.126422,0.0603558980003669,0.0675105485232067,0.210420106402495,0.406714364336819,0.0286186020913594,0.226380480645753
229773.411807,2634866.126422,0.0208791208791209,0.0437728937728938,0.391575091575092,0.355860805860806,0.0452380952380952,0.142673992673993
230273.411807,2634866.126422,0.08,0.0548623853211009,0.372660550458716,0.278899082568807,0.033394495412844,0.180183486238532
230773.411807,2634866.126422,0.00458631443771785,0.0159603742432581,0.43221427261053,0.516602458264539,0.0267840763162722,0.00385250412768299
231273.411807,2634866.126422,0.0342490842490843,0.0981684981684982,0.271245421245421,0.352564102564103,0.045970695970696,0.197802197802198
231773.411807,2634866.126422,0.0568807339449541,0.115963302752294,0.0691743119266055,0.355412844036697,0.0987155963302752,0.303853211009174
232273.411807,2634866.126422,0.0757659145110989,0.232984773436067,0.152999449642267,0.351311685929187,0.102183085672354,0.0847550908090259
232773.411807,2634866.126422,0.0104395604395604,0.161538461538462,0.239377289377289,0.465384615384615,0.0417582417582418,0.0815018315018315
233273.411807,2634866.126422,0.0368807339449541,0.0251376146788991,0.410642201834862,0.475045871559633,0.024954128440367,0.0273394495412844
233773.411807,2634866.126422,0.0986974866996881,0.0236653824986241,0.0959456980370574,0.496789579893598,0.0497156485048615,0.235186204366171
234273.411807,2634866.126422,0.232234432234432,0.0538461538461538,0.00879120879120879,0.244322344322344,0.0468864468864469,0.413919413919414
