"x","y","forest","agri","water","built","other","grass"
262773.411807,2626866.126422,0.887003938200545,0.0327173583762496,0.000605877006967586,0.00242350802787034,0.00302938503483793,0.0742199333535292
263273.411807,2626866.126422,0.753846153846154,0.0238095238095238,0.00238095238095238,0.00347985347985348,0.0032967032967033,0.213186813186813
263773.411807,2626866.126422,0.632967032967033,0.0131868131868132,0.000915750915750916,0.00274725274725275,0.00183150183150183,0.348351648351648
264273.411807,2626866.126422,0.541620828749542,0.0891089108910891,0.111661166116612,0.12999633296663,0.0124679134580125,0.115144847818115
264773.411807,2626866.126422,0.466300366300366,0.0946886446886447,0.108241758241758,0.101282051282051,0.0250915750915751,0.204395604395604
265273.411807,2626866.126422,0.214102564102564,0.0879120879120879,0.0139194139194139,0.0736263736263736,0.0494505494505494,0.560989010989011
265773.411807,2626866.126422,0.31994866153282,0.0632563256325633,0,0.0361202786945361,0.0265859919325266,0.554088742207554
266273.411807,2626866.126422,0.567032967032967,0.0206959706959707,0,0.0126373626373626,0.00860805860805861,0.391025641025641
266773.411807,2626866.126422,0.765384615384615,0.00567765567765568,0,0.00201465201465201,0.0010989010989011,0.225824175824176
267273.411807,2626866.126422,0.910891089108911,0.015034836817015,0,0.00128346167950128,0.000916758342500917,0.0718738540520719
267773.411807,2626866.126422,0.975824175824176,0,0,0,0,0.0241758241758242
268273.411807,2626866.126422,0.975457875457875,0.000183150183150183,0,0,0,0.0243589743589744
268773.411807,2626866.126422,0.936560322698937,0.00751741840850752,0,0,0,0.0559222588925559
269273.411807,2626866.126422,0.915934065934066,0.0104395604395604,0,0.000366300366300366,0.00164835164835165,0.0716117216117216
269773.411807,2626866.126422,0.993772893772894,0,0,0,0,0.00622710622710623
270273.411807,2626866.126422,0.906123945727906,0.0144847818115145,0,0.00458379171250458,0.00403373670700403,0.0707737440410708
270773.411807,2626866.126422,0.788644688644689,0.0452380952380952,0.0010989010989011,0.0102564102564103,0.0104395604395604,0.144322344322344
271273.411807,2626866.126422,0.874908424908425,0.0205128205128205,0.000366300366300366,0.00128205128205128,0.00274725274725275,0.10018315018315
271773.411807,2626866.126422,0.915291529152915,0.0115511551155116,0.000366703337000367,0.000183351668500183,0.000916758342500917,0.0716905023835717
272273.411807,2626866.126422,0.85018315018315,0.00622710622710623,0,0,0.000732600732600733,0.142857142857143
272773.411807,2626866.126422,0.78021978021978,0.0131868131868132,0.000366300366300366,0.00641025641025641,0.0106227106227106,0.189194139194139
273273.411807,2626866.126422,0.652181884855152,0,0,0,0,0.347818115144848
273773.411807,2626866.126422,0.338644688644689,0,0,0,0,0.661355311355311
274273.411807,2626866.126422,0.21996336996337,0.000549450549450549,0,0,0,0.779487179487179
274773.411807,2626866.126422,0.0372203887055372,0.00531719838650532,0,0.00256692335900257,0.00293362669600293,0.951961862852952
275273.411807,2626866.126422,0.0473568281938326,0.000550660792951542,0,0,0,0.952092511013216
262773.411807,2626366.126422,0.451515151515152,0.0227272727272727,0,0.0154545454545455,0.00757575757575758,0.502727272727273
263273.411807,2626366.126422,0.388695173426317,0.046063497889521,0,0.0357863828225362,0.0247751881079097,0.504679757753716
263773.411807,2626366.126422,0.62387676508344,0.053181734824867,0.0066018705299835,0.0139372822299652,0.00770218228498074,0.294700165046763
264273.411807,2626366.126422,0.619571192963167,0.0179585853032802,0.181968114348543,0.0637713029136888,0.00641378046545721,0.110317024005864
264773.411807,2626366.126422,0.331620480822169,0.102771150669848,0.243714443017067,0.188474949532024,0.0306478252890439,0.102771150669848
265273.411807,2626366.126422,0.269026224096827,0.122134604804695,0.101045296167247,0.10783055198973,0.0408949202273978,0.359068402714102
265773.411807,2626366.126422,0.142569177203592,0.13560564412681,0.117647058823529,0.113615539673813,0.0470954737035001,0.443467106468756
266273.411807,2626366.126422,0.164800880895577,0.0785465222976693,0.0691870067902367,0.0702881262616994,0.0165167920719398,0.600660671682878
266773.411807,2626366.126422,0.502659086741243,0.00201723821749496,0,0.000183385292499542,0,0.495140289748762
267273.411807,2626366.126422,0.91148982957669,0.000366501740883269,0,0,0,0.0881436686824262
267773.411807,2626366.126422,0.926592035235823,0.0126628739218205,0,0.00165167920719398,0.0034868783262984,0.055606533308864
268273.411807,2626366.126422,0.97615991197506,0,0,0,0,0.0238400880249404
268773.411807,2626366.126422,0.925600146600696,0.0139270661535642,0,0,0.000366501740883269,0.0601062855048561
269273.411807,2626366.126422,0.943292347219673,0.0119287942741787,0.000183519911910442,0.00183519911910442,0.00146815929528354,0.0412919801798495
269773.411807,2626366.126422,0.958554923895104,0.00678525582248304,0.000183385292499542,0.000733541169998166,0.00293416467999266,0.030808729139923
270273.411807,2626366.126422,0.983324170789811,0,0,0,0,0.0166758292101887
270773.411807,2626366.126422,0.9665993760323,0.00623967700495504,0.000183519911910442,0.000734079647641769,0.000734079647641769,0.0255092677555515
271273.411807,2626366.126422,0.988263341280029,0,0,0,0,0.0117366587199707
271773.411807,2626366.126422,0.938794209272494,0,0,0,0,0.061205790727506
272273.411807,2626366.126422,0.926592035235823,0.000917599559552211,0,0.000183519911910442,0.000367039823820885,0.0719398054688934
272773.411807,2626366.126422,0.867779204107831,0.000183385292499542,0,0,0,0.13203741059967
273273.411807,2626366.126422,0.520982224665567,0.0853949056258017,0,0,0,0.393622869708631
273773.411807,2626366.126422,0.216737015966232,0,0,0,0,0.783262984033768
274273.411807,2626366.126422,0.517513295433706,0,0,0.000183385292499542,0.000183385292499542,0.482119933981295
274773.411807,2626366.126422,0.408466190214404,0.00109950522264981,0,0.000366501740883269,0.000916254352208173,0.589151548469855
275273.411807,2626366.126422,0.35895549834498,0.0257447591026113,0.000919455682236116,0.00165502022802501,0.0055167340934167,0.607208532548731
262773.411807,2625866.126422,0.276801938219261,0.00575408843125379,0,0.00242277407631738,0.00211992731677771,0.71290127195639
263273.411807,2625866.126422,0.453211009174312,0.0638532110091743,0,0.0456880733944954,0.0326605504587156,0.404587155963303
263773.411807,2625866.126422,0.592184920198129,0.020546688680976,0,0.014125848468171,0.0108237020730141,0.36231884057971
264273.411807,2625866.126422,0.726007326007326,0.000732600732600733,0,0.00311355311355311,0.00146520146520147,0.268681318681319
264773.411807,2625866.126422,0.698715596330275,0.00807339449541284,0.00018348623853211,0.00825688073394495,0.00385321100917431,0.280917431192661
265273.411807,2625866.126422,0.685378829572555,0.021830856723537,0.0449458814896349,0.0150431113557145,0.00513667217024399,0.227664648688314
265773.411807,2625866.126422,0.261904761904762,0.102380952380952,0.28992673992674,0.0736263736263736,0.0195970695970696,0.252564102564103
266273.411807,2625866.126422,0.232844036697248,0.0785321100917431,0.340917431192661,0.0489908256880734,0.0198165137614679,0.278899082568807
266773.411807,2625866.126422,0.648871766648321,0.0383415886993212,0.0620069711979453,0.0187121629058888,0.0066042927903137,0.22546321775821
267273.411807,2625866.126422,0.888827838827839,0.0252747252747253,0.000549450549450549,0.00512820512820513,0.00531135531135531,0.0749084249084249
267773.411807,2625866.126422,0.951192660550459,0.00128440366972477,0,0,0,0.0475229357798165
268273.411807,2625866.126422,0.96862960924601,0.00532012474775271,0,0.000550357732526142,0.001284168042561,0.0242157402311502
268773.411807,2625866.126422,0.933699633699634,0.0276556776556777,0.00347985347985348,0.00824175824175824,0.00201465201465201,0.0249084249084249
269273.411807,2625866.126422,0.880733944954128,0.0277064220183486,0.00513761467889908,0.0073394495412844,0.0122935779816514,0.0667889908256881
269773.411807,2625866.126422,0.958356264905522,0.00165107319757843,0,0.000183452577508714,0.000733810310034856,0.0390753990093561
270273.411807,2625866.126422,0.966117216117216,0.00421245421245421,0,0,0.000366300366300366,0.0293040293040293
270773.411807,2625866.126422,0.980366972477064,0,0,0,0,0.0196330275229358
271273.411807,2625866.126422,0.955604476242891,0.000183452577508714,0,0,0,0.0442120711796001
271773.411807,2625866.126422,0.931501831501832,0.00366300366300366,0.000183150183150183,0.00164835164835165,0.00256410256410256,0.0604395604395604
272273.411807,2625866.126422,0.904954128440367,0.00990825688073394,0,0.00201834862385321,0.00422018348623853,0.0788990825688073
272773.411807,2625866.126422,0.842414235920015,0.00385250412768299,0,0,0,0.153733259952302
273273.411807,2625866.126422,0.668498168498168,0.000183150183150183,0,0,0,0.331318681318681
273773.411807,2625866.126422,0.295963302752294,0.00330275229357798,0,0.00128440366972477,0.00055045871559633,0.698899082568807
274273.411807,2625866.126422,0.478260869565217,0.0170610897083104,0,0,0,0.504678040726472
274773.411807,2625866.126422,0.745238095238095,0.10970695970696,0,0,0.000183150183150183,0.144871794871795
275273.411807,2625866.126422,0.837653980511123,0.0569957712814856,0,0.000551571980143409,0.000735429306857878,0.10406324692039
262773.411807,2625366.126422,0.475916388973038,0.0118146016358679,0,0.0136322326567707,0.0084822780975462,0.490154498636777
263273.411807,2625366.126422,0.839010989010989,0.0183150183150183,0,0.00805860805860806,0.00512820512820513,0.129487179487179
263773.411807,2625366.126422,0.715750915750916,0.00622710622710623,0.00146520146520147,0.00567765567765568,0.00567765567765568,0.265201465201465
264273.411807,2625366.126422,0.468830216354969,0.0210854418775211,0,0.00513384671800513,0.00421708837550422,0.500733406674001
264773.411807,2625366.126422,0.547252747252747,0.00879120879120879,0,0.00238095238095238,0.00183150183150183,0.43974358974359
265273.411807,2625366.126422,0.314102564102564,0.0364468864468864,0.411721611721612,0.120512820512821,0.0137362637362637,0.103479853479853
265773.411807,2625366.126422,0.364686468646865,0.0801246791345801,0.212504583791712,0.0572057205720572,0.0106343967730106,0.274844151081775
266273.411807,2625366.126422,0.395421245421245,0.0672161172161172,0.0478021978021978,0.0419413919413919,0.0139194139194139,0.433699633699634
266773.411807,2625366.126422,0.633333333333333,0.0423076923076923,0.0124542124542125,0.00531135531135531,0.00860805860805861,0.297985347985348
267273.411807,2625366.126422,0.919325265859919,0.0121012101210121,0,0.000733406674000733,0.0011001100110011,0.0667400073340667
267773.411807,2625366.126422,0.966666666666667,0.00274725274725275,0,0.000549450549450549,0,0.03003663003663
268273.411807,2625366.126422,1,0,0,0,0,0
268773.411807,2625366.126422,0.900623395672901,0.0451045104510451,0.00055005500550055,0.000916758342500917,0.00183351668500183,0.050971763843051
269273.411807,2625366.126422,0.842673992673993,0.0296703296703297,0.00641025641025641,0.00512820512820513,0.00897435897435897,0.107142857142857
269773.411807,2625366.126422,0.903663003663004,0.00567765567765568,0,0.000183150183150183,0.000366300366300366,0.0901098901098901
270273.411807,2625366.126422,0.812797946461313,0.0363036303630363,0.000183351668500183,0.0407040704070407,0.0121012101210121,0.0979097909790979
270773.411807,2625366.126422,0.964468864468864,0.00128205128205128,0,0,0,0.0342490842490843
271273.411807,2625366.126422,0.952380952380952,0.0010989010989011,0,0,0,0.0465201465201465
271773.411807,2625366.126422,0.965713237990466,0.00055005500550055,0,0,0,0.0337367070040337
272273.411807,2625366.126422,0.8996336996337,0,0,0,0,0.1003663003663
272773.411807,2625366.126422,0.864468864468865,0.000915750915750916,0,0,0,0.134615384615385
273273.411807,2625366.126422,0.53006967363403,0,0,0,0,0.46993032636597
273773.411807,2625366.126422,0.278388278388278,0.0113553113553114,0,0,0,0.71025641025641
274273.411807,2625366.126422,0.401282051282051,0.252197802197802,0,0,0,0.346520146520147
274773.411807,2625366.126422,0.286028602860286,0.68958562522919,0,0,0,0.0243857719105244
275273.411807,2625366.126422,0.701908957415565,0.29295154185022,0,0,0,0.00513950073421439
262773.411807,2624866.126422,0.322121212121212,0.0854545454545454,0.244242424242424,0.175151515151515,0.046969696969697,0.126060606060606
263273.411807,2624866.126422,0.691503028078547,0.0328500642319692,0.0374380620297302,0.0299137456414021,0.00844191594788034,0.199853184070472
263773.411807,2624866.126422,0.590133871263525,0.0221896203924445,0,0.0053181734824867,0.00385109114249037,0.378507243719054
264273.411807,2624866.126422,0.464357705699102,0.0377496793109767,0.00128275609309144,0.0597397837639729,0.0234561114165292,0.413413963716328
264773.411807,2624866.126422,0.5852449990824,0.00293631859056708,0,0.00550559735731327,0.00238575885483575,0.403927326114883
265273.411807,2624866.126422,0.947185035760132,0,0,0,0,0.052814964239868
265773.411807,2624866.126422,0.101704233095107,0.0901594282572842,0.513285688107018,0.187465640461792,0.0117280557082646,0.0956569543705333
266273.411807,2624866.126422,0.223160212883098,0.108093228115251,0.36098366672784,0.106992108643788,0.0264268673151037,0.17434391631492
266773.411807,2624866.126422,0.416467999266459,0.110764716669723,0.170548322024574,0.0319090408949202,0.0280579497524299,0.242251971391894
267273.411807,2624866.126422,0.831225948323255,0.0192413413963716,0.00311526479750779,0.0106285504856148,0.00274876305662452,0.133040131940627
267773.411807,2624866.126422,0.908423563956689,0.0122958340979996,0.0012846393833731,0.00238575885483575,0.00256927876674619,0.073040924940356
268273.411807,2624866.126422,0.963506326792591,0.00458463231248854,0,0,0,0.0319090408949202
268773.411807,2624866.126422,0.795858530328019,0.0756826094923951,0.000366501740883269,0.0119113065787062,0.00714678394722375,0.109034267912773
269273.411807,2624866.126422,0.855936869150303,0.0376215819416407,0.00385391815011929,0.00256927876674619,0.00587263718113415,0.0941457148100569
269773.411807,2624866.126422,0.815514395745461,0.0144874381074638,0.0022006235099945,0.00678525582248304,0.00495140289748762,0.15606088391711
270273.411807,2624866.126422,0.88565145684442,0.000916254352208173,0,0,0.000366501740883269,0.113065787062489
270773.411807,2624866.126422,0.831895760690035,0.00807487612405946,0.000367039823820885,0.00110111947146265,0.000734079647641769,0.15782712424298
271273.411807,2624866.126422,0.932514212360169,0.004401247019989,0,0,0.00110031175499725,0.061984228864845
271773.411807,2624866.126422,0.891332233828111,0.0168590800806304,0.00146600696353308,0.00256551218618288,0.00329851566794942,0.0844786512735936
272273.411807,2624866.126422,0.897595889153973,0.00238575885483575,0,0,0,0.100018351991191
272773.411807,2624866.126422,0.844672657252888,0.00146708233999633,0,0.000733541169998166,0.000916926462497708,0.152209792774619
273273.411807,2624866.126422,0.699102070734836,0.000183250870441635,0,0,0.000549752611324904,0.300164925783397
273773.411807,2624866.126422,0.504863277665627,0.0447788585061479,0.0242246283721784,0.0233070288126262,0.012846393833731,0.38997981280969
274273.411807,2624866.126422,0.251788006601871,0.26407482119934,0,0,0,0.48413717219879
274773.411807,2624866.126422,0.579989004947774,0.406633681509987,0,0,0,0.0133773135422393
275273.411807,2624866.126422,0.540456050018389,0.379735196763516,0,0,0.000183891136447223,0.0796248620816477
262773.411807,2624366.126422,0.721380981223501,0.048152634766808,0.136281041792853,0.0539067231980618,0.00484554815263477,0.0354330708661417
263273.411807,2624366.126422,0.655963302752294,0.0596330275229358,0.0264220183486239,0.0781651376146789,0.0372477064220183,0.14256880733945
263773.411807,2624366.126422,0.352962759126766,0.0876903320491653,0.120895248578243,0.0706292423408549,0.0273344340487984,0.340487983856173
264273.411807,2624366.126422,0.501282051282051,0.0708791208791209,0.000549450549450549,0.0296703296703297,0.0258241758241758,0.371794871794872
264773.411807,2624366.126422,0.340917431192661,0.109357798165138,0.00495412844036697,0.128256880733945,0.0585321100917431,0.357981651376147
265273.411807,2624366.126422,0.732342689414786,0.0209135938359934,0,0.0159603742432581,0.00972298660796184,0.221060355898
265773.411807,2624366.126422,0.571428571428571,0.0399267399267399,0.00787545787545788,0.0243589743589744,0.0104395604395604,0.345970695970696
266273.411807,2624366.126422,0.252110091743119,0.11045871559633,0.361467889908257,0.0732110091743119,0.0165137614678899,0.186238532110092
266773.411807,2624366.126422,0.678774536782242,0.0350394423041644,0.0132085855806274,0.00348559897266557,0.00495321959273528,0.264538616767566
267273.411807,2624366.126422,0.842490842490842,0.0443223443223443,0.00201465201465201,0.0247252747252747,0.00457875457875458,0.0818681318681319
267773.411807,2624366.126422,0.919816513761468,0.00532110091743119,0.00036697247706422,0.00678899082568807,0.00238532110091743,0.0653211009174312
268273.411807,2624366.126422,0.966244725738397,0.000183452577508714,0,0,0,0.0335718216840947
268773.411807,2624366.126422,0.908608058608059,0.0208791208791209,0.0010989010989011,0.0021978021978022,0.0043956043956044,0.0628205128205128
269273.411807,2624366.126422,0.874128440366972,0.00330275229357798,0,0.00073394495412844,0.00073394495412844,0.121100917431193
269773.411807,2624366.126422,0.826637314254265,0.0220143093010457,0.00825536598789213,0.0113740598055403,0.0157769216657494,0.115942028985507
270273.411807,2624366.126422,0.886446886446886,0.0148351648351648,0.0163003663003663,0.00567765567765568,0.0117216117216117,0.065018315018315
270773.411807,2624366.126422,0.95651376146789,0.00477064220183486,0.00036697247706422,0,0.00018348623853211,0.0381651376146789
271273.411807,2624366.126422,0.984589983489268,0.000366905155017428,0,0,0,0.0150431113557145
271773.411807,2624366.126422,0.947069597069597,0,0,0,0,0.0529304029304029
272273.411807,2624366.126422,0.945504587155963,0.00036697247706422,0,0,0,0.0541284403669725
272773.411807,2624366.126422,0.973582828838745,0,0,0,0,0.0264171711612548
273273.411807,2624366.126422,0.673443223443223,0.0208791208791209,0.00293040293040293,0.00732600732600733,0.0139194139194139,0.281501831501832
273773.411807,2624366.126422,0.811192660550459,0.00513761467889908,0,0.00018348623853211,0,0.18348623853211
274273.411807,2624366.126422,0.318473674555127,0.00495321959273528,0,0,0,0.676573105852137
274773.411807,2624366.126422,0.723992673992674,0.0950549450549451,0,0,0,0.180952380952381
275273.411807,2624366.126422,0.753263467549182,0.0386100386100386,0,0.00147085861371576,0.00110314396028682,0.205552491266777
262773.411807,2623866.126422,0.861557103907907,0.0281732808239927,0.00302938503483793,0.00696758558012723,0.00636170857315965,0.0939109360799758
263273.411807,2623866.126422,0.952197802197802,0.00274725274725275,0,0.000183150183150183,0.000183150183150183,0.0446886446886447
263773.411807,2623866.126422,0.717399267399267,0.0472527472527473,0.000183150183150183,0.0216117216117216,0.0106227106227106,0.202930402930403
264273.411807,2623866.126422,0.286028602860286,0.0713237990465713,0.256508984231756,0.112211221122112,0.0324532453245325,0.241474147414741
264773.411807,2623866.126422,0.329304029304029,0.101831501831502,0.0750915750915751,0.0813186813186813,0.0228937728937729,0.38956043956044
265273.411807,2623866.126422,0.443772893772894,0.0884615384615385,0.0294871794871795,0.0725274725274725,0.023992673992674,0.341758241758242
265773.411807,2623866.126422,0.598826549321599,0.081958195819582,0.0205353868720205,0.0361202786945361,0.0122845617895123,0.25027502750275
266273.411807,2623866.126422,0.654029304029304,0.0622710622710623,0.0637362637362637,0.0272893772893773,0.00952380952380952,0.183150183150183
266773.411807,2623866.126422,0.88992673992674,0.00421245421245421,0.00146520146520147,0.00256410256410256,0.00311355311355311,0.0987179487179487
267273.411807,2623866.126422,0.783094976164283,0.0377704437110378,0.000366703337000367,0.0297029702970297,0.011001100110011,0.138063806380638
267773.411807,2623866.126422,0.805311355311355,0.0362637362637363,0.0575091575091575,0.0144688644688645,0.00549450549450549,0.080952380952381
268273.411807,2623866.126422,0.953663003663004,0,0,0,0,0.0463369963369963
268773.411807,2623866.126422,0.918775210854419,0.00293362669600293,0,0,0,0.0782911624495783
269273.411807,2623866.126422,0.728388278388278,0.0155677655677656,0.00238095238095238,0.0155677655677656,0.00622710622710623,0.231868131868132
269773.411807,2623866.126422,0.447435897435897,0.0659340659340659,0.158791208791209,0.0338827838827839,0.0205128205128205,0.273443223443223
270273.411807,2623866.126422,0.506967363403007,0.0757242390905757,0.22973964063073,0.0469380271360469,0.0192519251925193,0.121378804547121
270773.411807,2623866.126422,0.918131868131868,0.00695970695970696,0.000732600732600733,0.00366300366300366,0.00494505494505494,0.0655677655677656
271273.411807,2623866.126422,0.958974358974359,0,0,0,0,0.041025641025641
271773.411807,2623866.126422,0.920975430876421,0.00385038503850385,0,0.000366703337000367,0.000366703337000367,0.0744407774110744
272273.411807,2623866.126422,0.856043956043956,0.0307692307692308,0.000732600732600733,0.0106227106227106,0.00842490842490842,0.0934065934065934
272773.411807,2623866.126422,0.906043956043956,0.0183150183150183,0.00146520146520147,0.00256410256410256,0.00421245421245421,0.0673992673992674
273273.411807,2623866.126422,0.867986798679868,0.0234690135680235,0.0044004400440044,0.00751741840850752,0.00788412174550788,0.0887422075540887
273773.411807,2623866.126422,0.730586080586081,0.0188644688644689,0.000366300366300366,0.00531135531135531,0.00549450549450549,0.239377289377289
274273.411807,2623866.126422,0.712637362637363,0.000732600732600733,0,0.000183150183150183,0.000366300366300366,0.286080586080586
274773.411807,2623866.126422,0.88998899889989,0.000916758342500917,0,0,0.000183351668500183,0.108910891089109
275273.411807,2623866.126422,0.560205580029369,0.0462555066079295,0.00110132158590308,0.0383627019089574,0.0165198237885463,0.337555066079295
262773.411807,2623366.126422,0.977878787878788,0,0,0,0,0.0221212121212121
263273.411807,2623366.126422,0.964397137089374,0,0,0,0,0.0356028629106258
263773.411807,2623366.126422,0.653218411883367,0.0198056115899505,0,0.0106363469649734,0.00678525582248304,0.309554373739226
264273.411807,2623366.126422,0.583654022356606,0.0549752611324904,0.0602895363752978,0.0395821880153931,0.0141103170240059,0.247388675096207
264773.411807,2623366.126422,0.723986052486695,0.00183519911910442,0,0.000550559735731327,0.000183519911910442,0.273444668746559
265273.411807,2623366.126422,0.520997615991198,0.0498807995598753,0.116816431322208,0.0612506876948469,0.0117366587199707,0.239317806711902
265773.411807,2623366.126422,0.465823712662635,0.0965732087227414,0.0359171706065604,0.0542422576507238,0.0344511636430273,0.312992486714312
266273.411807,2623366.126422,0.536245182602312,0.0431271792989539,0.00844191594788034,0.0501009359515507,0.0308313452009543,0.331253440998348
266773.411807,2623366.126422,0.942050247570145,0.00256739409499358,0,0.000366770584999083,0,0.0550155877498625
267273.411807,2623366.126422,0.767271394539124,0.0432472054242258,0.000916254352208173,0.00604727872457394,0.00348176653839106,0.179036100421477
267773.411807,2623366.126422,0.675169755918517,0.0576252523398789,0.0181684712791338,0.0524866948063865,0.00789135621214902,0.188658469443935
268273.411807,2623366.126422,0.909591050797726,0.00770218228498074,0.00806895286997983,0.00385109114249037,0.000550155877498625,0.0702365670273244
268773.411807,2623366.126422,0.898662268645776,0.0269378779549203,0,0.000366501740883269,0.00109950522264981,0.0729338464357706
269273.411807,2623366.126422,0.582492200403744,0.0545054138374014,0.0792806019453111,0.071389245733162,0.0231235089007157,0.189209029179666
269773.411807,2623366.126422,0.469466348798826,0.108564093159729,0.164313222079589,0.0570328259673574,0.028791490922428,0.17183201907207
270273.411807,2623366.126422,0.571192963166575,0.091258933479934,0.0419644493311343,0.0529595015576324,0.0258383727322705,0.216785779732454
270773.411807,2623366.126422,0.829326481923289,0.0161497522481189,0.000734079647641769,0.0130299137456414,0.0082583960359699,0.132501376399339
271273.411807,2623366.126422,0.888685127452778,0.00898587933247754,0,0.00330093526499175,0.00385109114249037,0.0951769668072621
271773.411807,2623366.126422,0.926882902693788,0.000549752611324904,0,0,0,0.0725673446948873
272273.411807,2623366.126422,0.87135254175078,0.0255092677555515,0,0.0124793540099101,0.00862543585979079,0.0820334006239677
272773.411807,2623366.126422,0.926279112415184,0.0022006235099945,0,0,0,0.0715202640748212
273273.411807,2623366.126422,0.973978376397288,0.000183250870441635,0,0,0,0.0258383727322705
273773.411807,2623366.126422,0.828408882363736,0.00330335841438796,0.000550559735731327,0.000367039823820885,0.000734079647641769,0.166636080014682
274273.411807,2623366.126422,0.68402714102329,0.00953603520997616,0.00843572345497891,0.00641848523748395,0.00403447643498991,0.287548138639281
274773.411807,2623366.126422,0.698369067253069,0.00549752611324904,0,0,0,0.296133406633681
275273.411807,2623366.126422,0.492460463405664,0.000919455682236116,0,0.00110334681868334,0.000919455682236116,0.504597278411181
262773.411807,2622866.126422,0.975166565717747,0,0,0,0,0.0248334342822532
263273.411807,2622866.126422,0.957064220183486,0.00018348623853211,0,0,0,0.0427522935779817
263773.411807,2622866.126422,0.838011374059806,0.002568336085122,0,0.00091726288754357,0.00220143093010457,0.156301596037424
264273.411807,2622866.126422,0.515384615384615,0.0258241758241758,0.00897435897435897,0.00897435897435897,0.00402930402930403,0.436813186813187
264773.411807,2622866.126422,0.71743119266055,0.0420183486238532,0.0941284403669725,0.00935779816513761,0.00146788990825688,0.135596330275229
265273.411807,2622866.126422,0.734911025499908,0.00330214639515685,0,0.00642084021280499,0.00183452577508714,0.253531462117043
265773.411807,2622866.126422,0.465201465201465,0.0536630036630037,0.00183150183150183,0.0626373626373626,0.0250915750915751,0.391575091575092
266273.411807,2622866.126422,0.625688073394495,0.0563302752293578,0.103302752293578,0.0355963302752294,0.0108256880733945,0.168256880733945
266773.411807,2622866.126422,0.861860209135938,0.0113740598055403,0.00091726288754357,0.00862227114290956,0.00697119794533113,0.110254999082737
267273.411807,2622866.126422,0.8,0.0406593406593407,0.00293040293040293,0.0115384615384615,0.00677655677655678,0.138095238095238
267773.411807,2622866.126422,0.784403669724771,0.0330275229357798,0.0275229357798165,0.0361467889908257,0.00330275229357798,0.115596330275229
268273.411807,2622866.126422,0.752705925518254,0.0372408732342689,0.080168776371308,0.0388919464318474,0.00146762062006971,0.0895248578242524
268773.411807,2622866.126422,0.725641025641026,0.0681318681318681,0.01996336996337,0.0304029304029304,0.00677655677655678,0.149084249084249
269273.411807,2622866.126422,0.756146788990826,0.0724770642201835,0.0152293577981651,0.0218348623853211,0.00587155963302752,0.128440366972477
269773.411807,2622866.126422,0.73747936158503,0.0640249495505412,0.0277013392038158,0.0172445422858191,0.011557512383049,0.141992294991745
270273.411807,2622866.126422,0.823443223443223,0.017032967032967,0.0120879120879121,0.0153846153846154,0.00952380952380952,0.122527472527473
270773.411807,2622866.126422,0.911192660550459,0.00495412844036697,0.00018348623853211,0.00110091743119266,0.0018348623853211,0.0807339449541284
271273.411807,2622866.126422,0.867180333883691,0.0209135938359934,0.00146762062006971,0.024399192808659,0.0106402494955054,0.0753990093560815
271773.411807,2622866.126422,0.873260073260073,0.0344322344322344,0.00256410256410256,0.0146520146520147,0.00787545787545788,0.0672161172161172
272273.411807,2622866.126422,0.903669724770642,0.00678899082568807,0,0.00036697247706422,0.000917431192660551,0.088256880733945
272773.411807,2622866.126422,0.90588882773803,0.0150431113557145,0,0.000183452577508714,0.00201797835259585,0.0768666299761512
273273.411807,2622866.126422,0.913003663003663,0.0181318681318681,0.000366300366300366,0.0010989010989011,0.00274725274725275,0.0646520146520147
273773.411807,2622866.126422,0.948990825688073,0.00128440366972477,0,0.000917431192660551,0.00128440366972477,0.0475229357798165
274273.411807,2622866.126422,0.800036690515502,0.00165107319757843,0,0,0,0.19831223628692
274773.411807,2622866.126422,0.415934065934066,0.114468864468864,0,0,0,0.46959706959707
275273.411807,2622866.126422,0.439051296194153,0.00698657841514984,0,0,0,0.553962125390697
262773.411807,2622366.126422,0.922750681611633,0.00757346258709482,0.0166616176916086,0.0251438957891548,0.00272644653135414,0.0251438957891548
263273.411807,2622366.126422,0.916117216117216,0.0021978021978022,0.000183150183150183,0.0267399267399267,0.00402930402930403,0.0507326007326007
263773.411807,2622366.126422,0.956410256410256,0.0010989010989011,0,0,0,0.0424908424908425
264273.411807,2622366.126422,0.678767876787679,0.063989732306564,0.114778144481115,0.0421708837550422,0.00311697836450312,0.0971763843050972
264773.411807,2622366.126422,0.643589743589744,0.0384615384615385,0.0683150183150183,0.0675824175824176,0.00805860805860806,0.173992673992674
265273.411807,2622366.126422,0.771062271062271,0.00384615384615385,0,0.000732600732600733,0.000732600732600733,0.223626373626374
265773.411807,2622366.126422,0.473414008067473,0.0234690135680235,0.00421708837550422,0.0088008800880088,0.00495049504950495,0.485148514851485
266273.411807,2622366.126422,0.582600732600733,0.0763736263736264,0.0269230769230769,0.0547619047619048,0.0265567765567766,0.232783882783883
266773.411807,2622366.126422,0.766666666666667,0.0267399267399267,0.0102564102564103,0.0137362637362637,0.00714285714285714,0.175457875457875
267273.411807,2622366.126422,0.907224055738907,0.011001100110011,0.00183351668500183,0.00366703337000367,0.0022002200220022,0.0740740740740741
267773.411807,2622366.126422,0.797435897435897,0.0346153846153846,0.00750915750915751,0.0168498168498168,0.0043956043956044,0.139194139194139
268273.411807,2622366.126422,0.981318681318681,0,0,0,0,0.0186813186813187
268773.411807,2622366.126422,0.929042904290429,0.0115511551155116,0,0,0,0.0594059405940594
269273.411807,2622366.126422,0.953479853479854,0.00183150183150183,0,0,0,0.0446886446886447
269773.411807,2622366.126422,0.953479853479854,0,0,0,0,0.0465201465201465
270273.411807,2622366.126422,0.894939493949395,0.0172350568390172,0.000916758342500917,0.00403373670700403,0.00495049504950495,0.0779244591125779
270773.411807,2622366.126422,0.75970695970696,0.0445054945054945,0.0126373626373626,0.0336996336996337,0.00512820512820513,0.144322344322344
271273.411807,2622366.126422,0.727472527472527,0.036996336996337,0.0166666666666667,0.03003663003663,0.00714285714285714,0.181684981684982
271773.411807,2622366.126422,0.895856252291896,0.000916758342500917,0,0,0,0.103226989365603
272273.411807,2622366.126422,0.968681318681319,0.00146520146520147,0,0,0,0.0298534798534799
272773.411807,2622366.126422,0.92948717948718,0.00146520146520147,0,0.000183150183150183,0.000549450549450549,0.0683150183150183
273273.411807,2622366.126422,0.935093509350935,0.00165016501650165,0,0.000183351668500183,0.00055005500550055,0.0625229189585625
273773.411807,2622366.126422,0.88040293040293,0.00201465201465201,0,0,0,0.117582417582418
274273.411807,2622366.126422,0.827655677655678,0.089010989010989,0,0,0.000366300366300366,0.082967032967033
274773.411807,2622366.126422,0.796296296296296,0.144114411441144,0,0,0,0.0595892922625596
275273.411807,2622366.126422,0.787261380323054,0.104074889867841,0,0,0,0.108663729809104
262773.411807,2621866.126422,0.493030303030303,0.0672727272727273,0.203939393939394,0.173030303030303,0.0215151515151515,0.0412121212121212
263273.411807,2621866.126422,0.276748027160947,0.0919434758671316,0.268673151036887,0.200220223894293,0.0372545421178198,0.125160579922922
263773.411807,2621866.126422,0.599119750596002,0.0740876581698148,0.0100861910874748,0.0506143407298735,0.0190720704199523,0.247019988996882
264273.411807,2621866.126422,0.382627817482133,0.0868609125893348,0.242074399853399,0.0809968847352025,0.0238226131574125,0.183617372182518
264773.411807,2621866.126422,0.556982932648192,0.0491833363919985,0.249403560286291,0.0495503762158194,0.0150486327766563,0.0798311616810424
265273.411807,2621866.126422,0.842105263157895,0.000183385292499542,0,0,0,0.157711351549606
265773.411807,2621866.126422,0.684258750229064,0.00806303829943192,0,0.00458127176104087,0.00329851566794942,0.299798424042514
266273.411807,2621866.126422,0.561570930445953,0.0743255643237291,0.0447788585061479,0.0535878142778491,0.0187190310148651,0.247017801431455
266773.411807,2621866.126422,0.701998899688245,0.0627177700348432,0.00678525582248304,0.0361269026224097,0.013203741059967,0.179167430772052
267273.411807,2621866.126422,0.665017408832692,0.0584570276708814,0.00256551218618288,0.0293201392706615,0.0208905992303463,0.223749312809236
267773.411807,2621866.126422,0.755918517159112,0.0124793540099101,0.0176179115434025,0.0200036703982382,0.0034868783262984,0.190493668563039
268273.411807,2621866.126422,0.782871813680543,0.0139372822299652,0,0.010819732257473,0.00806895286997983,0.184302218962039
268773.411807,2621866.126422,0.661718893164743,0.0419644493311343,0,0.00256551218618288,0.00604727872457394,0.287703866593366
269273.411807,2621866.126422,0.786749862360066,0,0,0,0,0.213250137639934
269773.411807,2621866.126422,0.943700715202641,0,0,0,0,0.0562992847973593
270273.411807,2621866.126422,0.973795125526846,0,0,0,0,0.0262048744731537
270773.411807,2621866.126422,0.976509451275463,0,0,0,0,0.0234905487245366
271273.411807,2621866.126422,0.698147808545755,0.0544654318723638,0.0423620025673941,0.057582981844856,0.0066018705299835,0.140839904639648
271773.411807,2621866.126422,0.634597764339381,0.0344511636430273,0.0102620487447315,0.0384826827927433,0.0122778083195895,0.269928532160528
272273.411807,2621866.126422,0.928610754266838,0.00587263718113415,0,0.000550559735731327,0.0012846393833731,0.0636814094329235
272773.411807,2621866.126422,0.943517329910141,0.00238400880249404,0,0.000733541169998166,0.00110031175499725,0.0522648083623693
273273.411807,2621866.126422,0.948873007146784,0.00164925783397471,0,0.000366501740883269,0,0.0491112332783581
273773.411807,2621866.126422,0.858139108093228,0.00403743806202973,0,0,0,0.137823453844742
274273.411807,2621866.126422,0.667522464698331,0.0234733174399413,0,0,0,0.309004217861727
274773.411807,2621866.126422,0.649624335715595,0.210188748396555,0,0.000366501740883269,0.00256551218618288,0.137254901960784
275273.411807,2621866.126422,0.827877896285399,0.150422949613829,0,0,0,0.0216991541007723
262773.411807,2621366.126422,0.912780133252574,0.0102967898243489,0,0.00817686250757117,0.0066626287098728,0.062083585705633
263273.411807,2621366.126422,0.711559633027523,0.0396330275229358,0.0902752293577982,0.0585321100917431,0.0073394495412844,0.0926605504587156
263773.411807,2621366.126422,0.874885342139057,0.015410016510732,0.00513667217024399,0.000366905155017428,0.000183452577508714,0.104017611447441
264273.411807,2621366.126422,0.238461538461538,0.0423076923076923,0.572344322344322,0.0481684981684982,0.0102564102564103,0.0884615384615385
264773.411807,2621366.126422,0.726238532110092,0.0201834862385321,0.0388990825688073,0.0229357798165138,0.0172477064220183,0.174495412844037
265273.411807,2621366.126422,0.661346541918914,0.0377912309667951,0.0165107319757843,0.0111906072280316,0.00421940928270042,0.268941478627775
265773.411807,2621366.126422,0.628021978021978,0.00293040293040293,0,0.00146520146520147,0.0010989010989011,0.366483516483516
266273.411807,2621366.126422,0.654495412844037,0.0143119266055046,0.00055045871559633,0.0126605504587156,0.00403669724770642,0.31394495412844
266773.411807,2621366.126422,0.640066042927903,0.0432948082920565,0.001284168042561,0.0493487433498441,0.017978352595854,0.248027884791781
267273.411807,2621366.126422,0.617582417582418,0.0708791208791209,0.0278388278388278,0.0307692307692308,0.0108058608058608,0.242124542124542
267773.411807,2621366.126422,0.821100917431193,0.0502752293577982,0.0143119266055046,0.0126605504587156,0.00403669724770642,0.0976146788990826
268273.411807,2621366.126422,0.907723353513117,0.0172445422858191,0.000550357732526142,0.00972298660796184,0.00293524124013942,0.0618235186204366
268773.411807,2621366.126422,0.953663003663004,0.00714285714285714,0,0.0021978021978022,0.00128205128205128,0.0357142857142857
269273.411807,2621366.126422,0.943853211009174,0.00275229357798165,0,0,0,0.053394495412844
269773.411807,2621366.126422,0.94001100715465,0,0,0,0,0.0599889928453495
270273.411807,2621366.126422,0.972893772893773,0,0,0,0,0.0271062271062271
270773.411807,2621366.126422,0.948623853211009,0.0143119266055046,0,0,0,0.0370642201834862
271273.411807,2621366.126422,0.944780774169877,0.00220143093010457,0,0.000366905155017428,0.000183452577508714,0.0524674371674922
271773.411807,2621366.126422,0.802197802197802,0.043040293040293,0.00769230769230769,0.0346153846153846,0.0104395604395604,0.102014652014652
272273.411807,2621366.126422,0.96954128440367,0.00605504587155963,0,0.00128440366972477,0,0.0231192660550459
272773.411807,2621366.126422,0.86020913593836,0.0245826453861677,0.00201797835259585,0.00275178866263071,0.00898917629792699,0.101449275362319
273273.411807,2621366.126422,0.787362637362637,0.0663003663003663,0.013003663003663,0.0133699633699634,0.0115384615384615,0.108424908424908
273773.411807,2621366.126422,0.60348623853211,0.0278899082568807,0.0376146788990826,0.0280733944954128,0.0444036697247706,0.258532110091743
274273.411807,2621366.126422,0.536782241790497,0.16694184553293,0,0,0,0.296275912676573
274773.411807,2621366.126422,0.69029304029304,0.202747252747253,0,0,0,0.106959706959707
275273.411807,2621366.126422,0.915425629711344,0.0446773303916161,0,0,0,0.0398970398970399
262773.411807,2620866.126422,0.973038473189942,0,0,0,0,0.0269615268100576
263273.411807,2620866.126422,0.835714285714286,0.0133699633699634,0,0.00274725274725275,0.00274725274725275,0.145421245421245
263773.411807,2620866.126422,0.818864468864469,0.0243589743589744,0,0.0102564102564103,0.00750915750915751,0.139010989010989
264273.411807,2620866.126422,0.188118811881188,0.0665566556655666,0.512284561789512,0.081041437477081,0.0161349468280161,0.135863586358636
264773.411807,2620866.126422,0.802564102564103,0.0120879120879121,0.0195970695970696,0.0228937728937729,0.0111721611721612,0.131684981684982
265273.411807,2620866.126422,0.673809523809524,0.0206959706959707,0.000366300366300366,0.00604395604395604,0.00421245421245421,0.294871794871795
265773.411807,2620866.126422,0.31023102310231,0.0436376971030436,0.337183718371837,0.113494682801613,0.00605060506050605,0.189402273560689
266273.411807,2620866.126422,0.437728937728938,0.084981684981685,0.160622710622711,0.144139194139194,0.0106227106227106,0.161904761904762
266773.411807,2620866.126422,0.462454212454212,0.0836996336996337,0.0227106227106227,0.0287545787545788,0.0126373626373626,0.38974358974359
267273.411807,2620866.126422,0.728639530619729,0.066006600660066,0.00641730839750642,0.015034836817015,0.00916758342500917,0.174734140080675
267773.411807,2620866.126422,0.946336996336996,0.0223443223443223,0.000732600732600733,0,0,0.0305860805860806
268273.411807,2620866.126422,0.902564102564103,0.00164835164835165,0,0,0.000183150183150183,0.0956043956043956
268773.411807,2620866.126422,0.97029702970297,0.00751741840850752,0,0,0,0.0221855518885222
269273.411807,2620866.126422,0.994871794871795,0,0,0,0,0.00512820512820513
269773.411807,2620866.126422,0.995787545787546,0,0,0,0,0.00421245421245421
270273.411807,2620866.126422,0.988632196552989,0,0,0,0,0.0113678034470114
