"x","y","forest","agri","water","built","other","grass"
237273.411807,2585366.126422,0.896221094190637,0.0372250423011844,0,0,0,0.0665538635081782
237773.411807,2585366.126422,0.893394495412844,0.0557798165137615,0,0.00036697247706422,0.00275229357798165,0.0477064220183486
238273.411807,2585366.126422,0.829205650339387,0.0258668134287287,0.00091726288754357,0.0181618051733627,0.0174279948633278,0.10842047330765
238773.411807,2585366.126422,0.928021978021978,0.00952380952380952,0,0,0.000183150183150183,0.0622710622710623
239273.411807,2585366.126422,0.913761467889908,0.00036697247706422,0,0,0,0.0858715596330275
239773.411807,2585366.126422,0.397725188038892,0,0,0,0,0.602274811961108
240273.411807,2585366.126422,0.926190476190476,0,0,0.000366300366300366,0.00293040293040293,0.0705128205128205
240773.411807,2585366.126422,0.932660550458716,0.00018348623853211,0,0.00018348623853211,0.00073394495412844,0.0662385321100917
241273.411807,2585366.126422,0.654008438818565,0.0137589433131535,0.000366905155017428,0.118510365070629,0.0410933773619519,0.172261970280682
241773.411807,2585366.126422,0.591575091575092,0.0805860805860806,0.0117216117216117,0.0827838827838828,0.030952380952381,0.202380952380952
242273.411807,2585366.126422,0.63302752293578,0.160733944954128,0.0122935779816514,0.0247706422018349,0.0159633027522936,0.153211009174312
242773.411807,2585366.126422,0.822601357549074,0.109337736195194,0,0,0.00146762062006971,0.0665932856356632
243273.411807,2585366.126422,0.450549450549451,0.0538461538461538,0.0606227106227106,0.241941391941392,0.036996336996337,0.156043956043956
243773.411807,2585366.126422,0.774862385321101,0.0548623853211009,0.031743119266055,0.0339449541284404,0.0222018348623853,0.0823853211009174
244273.411807,2585366.126422,0.88736011740965,0.00770500825536599,0.000366905155017428,0.00587048248027885,0.0168776371308017,0.0818198495688864
244773.411807,2585366.126422,0.991208791208791,0,0,0,0,0.00879120879120879
245273.411807,2585366.126422,0.959266055045872,0.00422018348623853,0,0,0,0.0365137614678899
245773.411807,2585366.126422,0.827004219409283,0.0658594753256283,0.00220143093010457,0.00587048248027885,0.00898917629792699,0.0900752155567786
246273.411807,2585366.126422,0.851465201465201,0.0144688644688645,0,0,0,0.134065934065934
246773.411807,2585366.126422,0.964036697247706,0.00036697247706422,0,0,0,0.0355963302752294
247273.411807,2585366.126422,0.864245092643552,0.0728306732709595,0,0.00862227114290956,0.00476976701522656,0.0495321959273528
247773.411807,2585366.126422,0.857509157509157,0.015018315018315,0,0,0.0021978021978022,0.125274725274725
248273.411807,2585366.126422,0.832110091743119,0.024954128440367,0,0,0,0.142935779816514
248773.411807,2585366.126422,0.337736195193542,0.0172445422858191,0.000366905155017428,0.00458631443771785,0.0159603742432581,0.624105668684645
249273.411807,2585366.126422,0.808058608058608,0.0010989010989011,0,0,0.0010989010989011,0.18974358974359
249773.411807,2585366.126422,0.940816326530612,0.00445269016697588,0,0,0.000185528756957328,0.0545454545454545
237273.411807,2584866.126422,0.896532280800677,0.0665351000845785,0,0,0,0.0369326191147449
237773.411807,2584866.126422,0.995238095238095,0.00476190476190476,0,0,0,0
238273.411807,2584866.126422,0.716666666666667,0.043040293040293,0.0010989010989011,0.0641025641025641,0.043040293040293,0.132051282051282
238773.411807,2584866.126422,0.835533553355336,0.0152181884855152,0,0.0104510451045105,0.015034836817015,0.123762376237624
239273.411807,2584866.126422,0.898901098901099,0.0124542124542125,0.000366300366300366,0.00164835164835165,0.00787545787545788,0.0787545787545788
239773.411807,2584866.126422,0.66959706959707,0.0161172161172161,0,0.0131868131868132,0.0230769230769231,0.278021978021978
240273.411807,2584866.126422,0.740924092409241,0.00568390172350568,0,0.0088008800880088,0.0284195086175284,0.216171617161716
240773.411807,2584866.126422,0.836263736263736,0.0032967032967033,0,0.00750915750915751,0.0223443223443223,0.130586080586081
241273.411807,2584866.126422,0.841941391941392,0.00677655677655678,0.00366300366300366,0.0144688644688645,0.00549450549450549,0.127655677655678
241773.411807,2584866.126422,0.55042170883755,0.0308030803080308,0.0368536853685369,0.154748808214155,0.0359369270260359,0.191235790245691
242273.411807,2584866.126422,0.837545787545788,0.0393772893772894,0.0010989010989011,0.00787545787545788,0.0212454212454212,0.0928571428571429
242773.411807,2584866.126422,0.772344322344322,0.174725274725275,0,0,0,0.0529304029304029
243273.411807,2584866.126422,0.928676200953429,0.00238357169050238,0,0.00238357169050238,0.00311697836450312,0.0634396773010634
243773.411807,2584866.126422,0.976923076923077,0,0,0,0,0.0230769230769231
244273.411807,2584866.126422,0.971428571428571,0,0,0,0,0.0285714285714286
244773.411807,2584866.126422,0.833333333333333,0.0207187385405207,0.000366703337000367,0.00568390172350568,0.0132013201320132,0.126696002933627
245273.411807,2584866.126422,0.982783882783883,0.000549450549450549,0,0,0.0010989010989011,0.0155677655677656
245773.411807,2584866.126422,0.765018315018315,0,0,0,0,0.234981684981685
246273.411807,2584866.126422,0.496516318298497,0.0011001100110011,0,0.00055005500550055,0.00476714338100477,0.497066373303997
246773.411807,2584866.126422,0.858608058608059,0.000549450549450549,0,0,0,0.140842490842491
247273.411807,2584866.126422,0.870512820512821,0.0974358974358974,0,0,0,0.032051282051282
247773.411807,2584866.126422,0.831683168316832,0.017968463513018,0.000733406674000733,0.000916758342500917,0.00311697836450312,0.145581224789146
248273.411807,2584866.126422,0.801282051282051,0.0192307692307692,0,0.000366300366300366,0.00311355311355311,0.176007326007326
248773.411807,2584866.126422,0.382417582417582,0.0725274725274725,0,0.00897435897435897,0.0102564102564103,0.525824175824176
249273.411807,2584866.126422,0.606894022735607,0.123212321232123,0,0.0685735240190686,0.0445544554455446,0.156765676567657
249773.411807,2584866.126422,0.828269729529455,0.0255650240829937,0,0,0,0.146165246387551
237273.411807,2584366.126422,0.950338600451467,0.0420428893905192,0,0,0,0.00761851015801354
237773.411807,2584366.126422,0.986970086254359,0.00623967700495504,0,0,0,0.00679023674068636
238273.411807,2584366.126422,0.917476618375206,0.0271410232899321,0,0.000733541169998166,0.00366770584999083,0.0509811113148725
238773.411807,2584366.126422,0.728238959135056,0.0958402052409749,0.0256551218618288,0.0569910207073484,0.0263881253435954,0.0668865677111966
239273.411807,2584366.126422,0.856670948797945,0.0429436593870435,0,0,0.000183519911910442,0.100201871903101
239773.411807,2584366.126422,0.438841004951403,0.0658353200073354,0.00990280579497524,0.220429121584449,0.0920594168347699,0.172932330827068
240273.411807,2584366.126422,0.445849367784497,0.070734835990471,0.000733003481766538,0.0547920102620487,0.0445299615173172,0.3833608209639
240773.411807,2584366.126422,0.657001284639383,0.0245916681959993,0,0.0467975775371628,0.057258212516058,0.214351257111397
241273.411807,2584366.126422,0.796625710618008,0.0187052998349532,0.00330093526499175,0.0337428938199156,0.0267742527049331,0.120850907757198
241773.411807,2584366.126422,0.549386109584021,0.115631299248671,0.091258933479934,0.0780648708081363,0.0166758292101887,0.148982957669049
242273.411807,2584366.126422,0.948063864929345,0.0178014314553129,0,0,0,0.0341347036153423
242773.411807,2584366.126422,0.958188153310105,0.0192554557124519,0,0,0,0.0225563909774436
243273.411807,2584366.126422,0.889133223382811,0,0,0,0,0.110866776617189
243773.411807,2584366.126422,0.872086621398422,0.00403743806202973,0,0,0,0.123875940539549
244273.411807,2584366.126422,0.938932697597653,0.000183385292499542,0,0,0,0.0608839171098478
244773.411807,2584366.126422,0.96188381894814,0.00494777350192413,0.000549752611324904,0.00219901044529962,0.00128275609309144,0.0291368884002199
245273.411807,2584366.126422,0.703064782528904,0.060561570930446,0.0117452743622683,0.0506514956872821,0.0456964580657001,0.128280418425399
245773.411807,2584366.126422,0.813680542820466,0.00623509994498441,0,0.00128369704749679,0.00990280579497524,0.168897854392078
246273.411807,2584366.126422,0.839105735752245,0.0188748396554884,0,0,0,0.142019424592267
246773.411807,2584366.126422,0.634611855386309,0.0227564690768948,0,0.000734079647641769,0.0104606349788952,0.331436960910259
247273.411807,2584366.126422,0.507793874931231,0.101045296167247,0.00513478818998716,0.00201723821749496,0.00348432055749129,0.380524481936549
247773.411807,2584366.126422,0.851566794942276,0.120579072750596,0,0,0.000183250870441635,0.0276708814366868
248273.411807,2584366.126422,0.816480088089558,0.122224261332355,0,0,0.000183519911910442,0.0611121306661773
248773.411807,2584366.126422,0.309187603154227,0.0117366587199707,0,0.000550155877498625,0.0106363469649734,0.66788923528333
249273.411807,2584366.126422,0.353674179952355,0.0201575957485798,0,0.0659703133589885,0.0485614806670332,0.511636430273044
249773.411807,2584366.126422,0.850064947114492,0.0259788457969939,0.000185563184264242,0.0124327333457042,0.0161439970309891,0.0951939135275561
237273.411807,2583866.126422,0.901579244218838,0.0050761421319797,0,0,0.000564015792442188,0.09278059785674
237773.411807,2583866.126422,0.733577981651376,0.00311926605504587,0,0,0,0.263302752293578
238273.411807,2583866.126422,0.719867914144194,0.0823702073014126,0,0.00293524124013942,0.002568336085122,0.192258301229132
238773.411807,2583866.126422,0.6503663003663,0.213553113553114,0.0549450549450549,0.0461538461538462,0.00677655677655678,0.0282051282051282
239273.411807,2583866.126422,0.641284403669725,0.0539449541284404,0.0036697247706422,0.00403669724770642,0.0163302752293578,0.280733944954128
239773.411807,2583866.126422,0.785177031737296,0.020546688680976,0.0133920381581361,0.0480645753072831,0.0387084938543387,0.0941111722619703
240273.411807,2583866.126422,0.781684981684982,0.000366300366300366,0,0.000549450549450549,0.00164835164835165,0.215750915750916
240773.411807,2583866.126422,0.787155963302752,0.0168807339449541,0,0.00440366972477064,0.0073394495412844,0.184220183486239
241273.411807,2583866.126422,0.689598238855256,0.0187121629058888,0.00091726288754357,0.0832874701889562,0.0267840763162722,0.180700788846083
241773.411807,2583866.126422,0.278021978021978,0.229487179487179,0.309340659340659,0.0598901098901099,0.0250915750915751,0.0981684981684982
242273.411807,2583866.126422,0.672110091743119,0.153761467889908,0.0515596330275229,0.0201834862385321,0.00752293577981651,0.0948623853211009
242773.411807,2583866.126422,0.94716565767749,0.0163272793982755,0,0,0,0.0365070629242341
243273.411807,2583866.126422,0.925641025641026,0.00256410256410256,0,0,0,0.0717948717948718
243773.411807,2583866.126422,0.658532110091743,0,0,0,0.00036697247706422,0.341100917431193
244273.411807,2583866.126422,0.837644468904788,0.000550357732526142,0,0,0,0.161805173362686
244773.411807,2583866.126422,0.953113553113553,0.000183150183150183,0,0,0,0.0467032967032967
245273.411807,2583866.126422,0.815229357798165,0.0313761467889908,0,0.00862385321100917,0.0348623853211009,0.109908256880734
245773.411807,2583866.126422,0.852320675105485,0.023115024766098,0,0.000550357732526142,0.00715465052283985,0.116859291873051
246273.411807,2583866.126422,0.886446886446886,0.00494505494505494,0,0.00732600732600733,0.00879120879120879,0.0924908424908425
246773.411807,2583866.126422,0.649908256880734,0.0368807339449541,0,0.00036697247706422,0.00201834862385321,0.310825688073395
247273.411807,2583866.126422,0.630159603742433,0.0398092093193909,0.000183452577508714,0.000733810310034856,0.00715465052283985,0.321959273527793
247773.411807,2583866.126422,0.784065934065934,0.176373626373626,0,0.0104395604395604,0.00622710622710623,0.0228937728937729
248273.411807,2583866.126422,0.648440366972477,0.266238532110092,0.00146788990825688,0.00678899082568807,0.00513761467889908,0.0719266055045872
248773.411807,2583866.126422,0.210603558980004,0.0223812144560631,0,0.0289855072463768,0.160337552742616,0.57769216657494
249273.411807,2583866.126422,0.447069597069597,0.00879120879120879,0.000183150183150183,0.0419413919413919,0.0575091575091575,0.444505494505494
249773.411807,2583866.126422,0.5,0.0261595547309833,0.000185528756957328,0.0445269016697588,0.0333951762523191,0.395732838589981
237273.411807,2583366.126422,0.972934874541866,0.0171976318015224,0,0,0,0.00986749365661122
237773.411807,2583366.126422,0.899267399267399,0.00989010989010989,0,0,0,0.0908424908424908
238273.411807,2583366.126422,0.687912087912088,0.0184981684981685,0,0,0,0.293589743589744
238773.411807,2583366.126422,0.716538320498717,0.0088008800880088,0.0011001100110011,0,0.000183351668500183,0.273377337733773
239273.411807,2583366.126422,0.870512820512821,0,0,0,0,0.129487179487179
239773.411807,2583366.126422,0.891758241758242,0.00201465201465201,0,0,0,0.106227106227106
240273.411807,2583366.126422,0.883388338833883,0.000183351668500183,0,0,0,0.116428309497616
240773.411807,2583366.126422,0.723992673992674,0.0408424908424908,0.00256410256410256,0.00476190476190476,0.00128205128205128,0.226556776556777
241273.411807,2583366.126422,0.687545787545788,0.12014652014652,0.0144688644688645,0.0362637362637363,0.00347985347985348,0.138095238095238
241773.411807,2583366.126422,0.373303997066373,0.232123212321232,0.275027502750275,0.0518885221855519,0.00935093509350935,0.0583058305830583
242273.411807,2583366.126422,0.81043956043956,0.131318681318681,0.00714285714285714,0.010989010989011,0.0010989010989011,0.039010989010989
242773.411807,2583366.126422,0.912820512820513,0.0452380952380952,0,0,0,0.0419413919413919
243273.411807,2583366.126422,0.837183718371837,0.00146681334800147,0,0,0,0.161349468280161
243773.411807,2583366.126422,0.662454212454212,0,0,0,0,0.337545787545788
244273.411807,2583366.126422,0.755677655677656,0,0,0,0,0.244322344322344
244773.411807,2583366.126422,0.785845251191786,0,0,0,0,0.214154748808214
245273.411807,2583366.126422,0.841025641025641,0.0032967032967033,0,0.0192307692307692,0.0205128205128205,0.115934065934066
245773.411807,2583366.126422,0.843223443223443,0.0032967032967033,0,0.00769230769230769,0.00860805860805861,0.137179487179487
246273.411807,2583366.126422,0.885221855518885,0.00678401173450678,0,0,0.000916758342500917,0.107077374404107
246773.411807,2583366.126422,0.772344322344322,0.0172161172161172,0,0.00494505494505494,0.00641025641025641,0.199084249084249
247273.411807,2583366.126422,0.486080586080586,0.0617216117216117,0,0.00714285714285714,0.0811355311355311,0.363919413919414
247773.411807,2583366.126422,0.13953061972864,0.0583058305830583,0,0.00476714338100477,0.162082874954162,0.635313531353135
248273.411807,2583366.126422,0.054029304029304,0.0796703296703297,0,0.0142857142857143,0.179487179487179,0.672527472527473
248773.411807,2583366.126422,0.258974358974359,0.00970695970695971,0,0.0168498168498168,0.105128205128205,0.609340659340659
249273.411807,2583366.126422,0.415841584158416,0.0022002200220022,0,0.00531719838650532,0.026035936927026,0.550605060506051
249773.411807,2583366.126422,0.559466469062616,0.000185253797702853,0,0.00259355316783994,0.00351982215635421,0.434234901815487
237273.411807,2582866.126422,0.801354401805869,0.117663656884876,0.00169300225733634,0.0031038374717833,0.0143905191873589,0.0617945823927765
237773.411807,2582866.126422,0.887685813910809,0.0456964580657001,0,0,0,0.0666177280234905
238273.411807,2582866.126422,0.750596002200624,0,0,0,0,0.249403997799376
238773.411807,2582866.126422,0.875389408099688,0.00201575957485798,0.000183250870441635,0.00916254352208173,0.011544804837823,0.101704233095107
239273.411807,2582866.126422,0.9543035419343,0,0,0,0,0.0456964580657001
239773.411807,2582866.126422,0.877682009902806,0.0110031175499725,0,0.000183385292499542,0.00110031175499725,0.110031175499725
240273.411807,2582866.126422,0.833058457027671,0.000733003481766538,0,0,0.000183250870441635,0.166025288620121
240773.411807,2582866.126422,0.581391080932281,0.00770783630023858,0.0139475133051936,0.0618462103138191,0.0152321526885667,0.319875206459901
241273.411807,2582866.126422,0.702182284980745,0.0403447643498991,0.00770218228498074,0.0471300201723822,0.0221896203924445,0.180451127819549
241773.411807,2582866.126422,0.86439435587319,0.0485614806670332,0,0.000183250870441635,0.000366501740883269,0.0864944108484515
242273.411807,2582866.126422,0.937419710038539,0.00238575885483575,0,0.000550559735731327,0.000183519911910442,0.0594604514589833
242773.411807,2582866.126422,0.927562809462681,0,0,0,0,0.0724371905373189
243273.411807,2582866.126422,0.745098039215686,0,0,0,0,0.254901960784314
243773.411807,2582866.126422,0.736832446320426,0,0,0,0,0.263167553679574
244273.411807,2582866.126422,0.486887951586283,0,0,0,0,0.513112048413717
244773.411807,2582866.126422,0.293934396188382,0.00769653655854865,0.000366501740883269,0.226314824995419,0.0547920102620487,0.416895730254719
245273.411807,2582866.126422,0.561937970269774,0.0278950266103872,0.00899247568361167,0.204624701780143,0.0660671682877592,0.130482657368324
245773.411807,2582866.126422,0.824683660370438,0.0179717586649551,0,0.00513478818998716,0.0179717586649551,0.134238034109664
246273.411807,2582866.126422,0.765988638446033,0.0100787978742899,0,0.0042147700201576,0.0386659336631849,0.181051859996335
246773.411807,2582866.126422,0.895760690034869,0.0047715177096715,0,0.00110111947146265,0.00330335841438796,0.0950633143696091
247273.411807,2582866.126422,0.539702915826151,0.0165046763249587,0,0.00843572345497891,0.0667522464698331,0.368604437924078
247773.411807,2582866.126422,0.157778999450247,0,0,0.00494777350192413,0.0225398570643211,0.814733369983507
248273.411807,2582866.126422,0.524683428151954,0.000183519911910442,0,0.00422095797394017,0.0178014314553129,0.453110662506882
248773.411807,2582866.126422,0.470199889968825,0,0,0.00256739409499358,0.0533651201173666,0.473867595818815
249273.411807,2582866.126422,0.328019058090526,0.00348176653839106,0,0.00439802089059923,0.0053142752428074,0.658786879237676
249773.411807,2582866.126422,0.624048988680646,0.00241232139543515,0,0.000185563184264242,0.00593802189645574,0.367415104843199
237273.411807,2582366.126422,0.908065425831923,0.0609137055837563,0,0,0,0.0310208685843204
237773.411807,2582366.126422,0.952293577981651,0.00605504587155963,0,0,0,0.041651376146789
238273.411807,2582366.126422,0.873601174096496,0,0,0,0.000183452577508714,0.126215373325995
238773.411807,2582366.126422,0.857142857142857,0,0,0.00146520146520147,0.00347985347985348,0.137912087912088
239273.411807,2582366.126422,0.95045871559633,0.00477064220183486,0,0,0.00201834862385321,0.0427522935779817
239773.411807,2582366.126422,0.517519721152082,0.0066042927903137,0.00110071546505228,0.271509814712897,0.0363236103467254,0.16694184553293
240273.411807,2582366.126422,0.453296703296703,0.0021978021978022,0,0.0216117216117216,0.0221611721611722,0.500732600732601
240773.411807,2582366.126422,0.628990825688073,0.0113761467889908,0.0104587155963303,0.0946788990825688,0.015045871559633,0.239449541284404
241273.411807,2582366.126422,0.248945147679325,0.11704274445056,0.190790680609063,0.215556778572739,0.0513667217024399,0.176297926985874
241773.411807,2582366.126422,0.602380952380952,0.00879120879120879,0,0.0252747252747253,0.0659340659340659,0.297619047619048
242273.411807,2582366.126422,0.837247706422018,0.00385321100917431,0,0.00110091743119266,0.00293577981651376,0.154862385321101
242773.411807,2582366.126422,0.944230416437351,0,0,0,0,0.0557695835626491
243273.411807,2582366.126422,0.929304029304029,0.0106227106227106,0,0,0,0.0600732600732601
243773.411807,2582366.126422,0.872110091743119,0.00146788990825688,0,0,0,0.126422018348624
244273.411807,2582366.126422,0.661713447073931,0.000550357732526142,0,0.000183452577508714,0.000366905155017428,0.337185837461016
244773.411807,2582366.126422,0.825824175824176,0.0126373626373626,0,0.00476190476190476,0.00970695970695971,0.147069597069597
245273.411807,2582366.126422,0.635229357798165,0.0284403669724771,0,0.16697247706422,0.0313761467889908,0.137981651376147
245773.411807,2582366.126422,0.770867730691616,0.00862227114290956,0.00825536598789213,0.030820033021464,0.016694184553293,0.164740414602825
246273.411807,2582366.126422,0.832783882783883,0.019047619047619,0,0.000366300366300366,0.00512820512820513,0.142673992673993
246773.411807,2582366.126422,0.837614678899083,0.0174311926605505,0,0.0300917431192661,0.0144954128440367,0.100366972477064
247273.411807,2582366.126422,0.530177949000183,0.00385250412768299,0.000366905155017428,0.0871399743166392,0.0315538433314988,0.346908824068978
247773.411807,2582366.126422,0.0934065934065934,0.000183150183150183,0,0.000366300366300366,0.0115384615384615,0.894505494505495
248273.411807,2582366.126422,0.615045871559633,0.00073394495412844,0,0.000917431192660551,0.000917431192660551,0.382385321100917
248773.411807,2582366.126422,0.365620986974867,0,0,0.001284168042561,0.00330214639515685,0.629792698587415
249273.411807,2582366.126422,0.378754578754579,0,0,0.00366300366300366,0.00238095238095238,0.615201465201465
249773.411807,2582366.126422,0.61948051948052,0.0159554730983302,0,0.00723562152133581,0.00612244897959184,0.351205936920223
237273.411807,2581866.126422,0.89314914011841,0.000281928390188892,0,0,0,0.106568931491401
237773.411807,2581866.126422,0.875641025641026,0.000183150183150183,0,0.00824175824175824,0.0142857142857143,0.101648351648352
238273.411807,2581866.126422,0.886630036630037,0.00274725274725275,0,0.0139194139194139,0.0212454212454212,0.0754578754578755
238773.411807,2581866.126422,0.62999633296663,0.0218188485515218,0,0.0902090209020902,0.0874587458745875,0.170517051705171
239273.411807,2581866.126422,0.899267399267399,0.00457875457875458,0,0.00183150183150183,0.0117216117216117,0.0826007326007326
239773.411807,2581866.126422,0.459340659340659,0.0249084249084249,0.0119047619047619,0.270879120879121,0.0529304029304029,0.18003663003663
240273.411807,2581866.126422,0.640630729739641,0.15988265493216,0.0055005500550055,0.0535386872020535,0.00623395672900623,0.134213421342134
240773.411807,2581866.126422,0.52967032967033,0.132783882783883,0.00787545787545788,0.0941391941391941,0.0184981684981685,0.217032967032967
241273.411807,2581866.126422,0.565567765567766,0.109157509157509,0.0340659340659341,0.105494505494505,0.015018315018315,0.170695970695971
241773.411807,2581866.126422,0.372203887055372,0.0557389072240557,0.0575724239090576,0.225889255592226,0.0364869820315365,0.252108544187752
242273.411807,2581866.126422,0.534798534798535,0.047985347985348,0.0265567765567766,0.131684981684982,0.0289377289377289,0.23003663003663
242773.411807,2581866.126422,0.824175824175824,0.0115384615384615,0,0,0,0.164285714285714
243273.411807,2581866.126422,0.865603226989366,0,0,0,0,0.134396773010634
243773.411807,2581866.126422,0.904945054945055,0,0,0,0,0.0950549450549451
244273.411807,2581866.126422,0.933333333333333,0,0,0.000183150183150183,0.00128205128205128,0.0652014652014652
244773.411807,2581866.126422,0.925009167583425,0.00201686835350202,0,0.000916758342500917,0.00806747341400807,0.063989732306564
245273.411807,2581866.126422,0.782967032967033,0.00586080586080586,0,0.0318681318681319,0.0183150183150183,0.160989010989011
245773.411807,2581866.126422,0.581868131868132,0.0472527472527473,0.0163003663003663,0.101098901098901,0.0529304029304029,0.200549450549451
246273.411807,2581866.126422,0.786578657865787,0.0408874220755409,0.0438210487715438,0.0284195086175284,0.0119178584525119,0.0883755042170884
246773.411807,2581866.126422,0.688461538461538,0.0648351648351648,0.0139194139194139,0.0534798534798535,0.0205128205128205,0.158791208791209
247273.411807,2581866.126422,0.449084249084249,0.0536630036630037,0.0556776556776557,0.186630036630037,0.0573260073260073,0.197619047619048
247773.411807,2581866.126422,0.0953428676200953,0.000916758342500917,0,0.00623395672900623,0.0126512651265127,0.884855152181885
248273.411807,2581866.126422,0.481868131868132,0.00897435897435897,0,0.021978021978022,0.013003663003663,0.474175824175824
248773.411807,2581866.126422,0.700915750915751,0.0283882783882784,0.000183150183150183,0.026007326007326,0.0183150183150183,0.226190476190476
249273.411807,2581866.126422,0.556288962229556,0,0,0,0,0.443711037770444
249773.411807,2581866.126422,0.713782882549092,0.00963319748054835,0,0.00407558354946276,0.0127825120414969,0.2597258243794
237273.411807,2581366.126422,0.863431151241535,0,0,0,0,0.136568848758465
237773.411807,2581366.126422,0.678656634244816,0.00862543585979079,0.00183519911910442,0.0662506881996697,0.0532207744540283,0.191411268122591
238273.411807,2581366.126422,0.924445259490189,0.00641848523748395,0,0,0,0.0691362552723272
238773.411807,2581366.126422,0.995052226498076,0.000366501740883269,0,0,0,0.00458127176104087
239273.411807,2581366.126422,0.992842723435493,0.00146815929528354,0,0,0,0.00568911726922371
239773.411807,2581366.126422,0.89987163029525,0.0166880616174583,0,0.00421786172748946,0.0117366587199707,0.0674857876398313
240273.411807,2581366.126422,0.823712662635148,0.0787978742899029,0,0.00623052959501558,0.0108118013560564,0.0804471321238776
240773.411807,2581366.126422,0.587447238025326,0.0117452743622683,0,0.295100018351991,0.044411818682327,0.0612956505780877
241273.411807,2581366.126422,0.166697230882083,0.0168714469099578,0,0.733907940583165,0.0258573262424354,0.0566660553823583
241773.411807,2581366.126422,0.066703316840755,0.114898295766905,0.115264797507788,0.529778266446766,0.051676745464541,0.121678577973245
242273.411807,2581366.126422,0.0519361350706552,0.0948797944576987,0.0638649293448339,0.479721049733896,0.147182969352175,0.162415122040741
242773.411807,2581366.126422,0.557491289198606,0.00898587933247754,0.00898587933247754,0.048413717219879,0.0924261874197689,0.283697047496791
243273.411807,2581366.126422,0.762873373648525,0.040131940626718,0.00494777350192413,0.0328019058090526,0.015026571376214,0.144218435037566
243773.411807,2581366.126422,0.92512387594054,0.0271609469627455,0,0,0.0012846393833731,0.0464305377133419
244273.411807,2581366.126422,0.997799376490005,0,0,0,0,0.0022006235099945
244773.411807,2581366.126422,0.984423676012461,0,0,0,0,0.0155763239875389
245273.411807,2581366.126422,0.267939071389246,0.0458799779776106,0.00275279867865663,0.428886034134704,0.060561570930446,0.193980546889337
245773.411807,2581366.126422,0.855675774802861,0.00605171465248487,0.000366770584999083,0.00825233816247937,0.010819732257473,0.118833669539703
246273.411807,2581366.126422,0.82169690306029,0.0131940626717977,0.000916254352208173,0.0144768187648891,0.0146600696353308,0.135055891515485
246773.411807,2581366.126422,0.752615158744724,0.0168838318957607,0.0126628739218205,0.0343182235272527,0.0543218939254909,0.129198017984951
247273.411807,2581366.126422,0.694113332110765,0.0161379057399597,0.000916926462497708,0.111314872547222,0.0449293966623877,0.132587566477169
247773.411807,2581366.126422,0.347810152098222,0.00604727872457394,0,0.036100421477002,0.0221733553234378,0.587868792376764
248273.411807,2581366.126422,0.169021838869517,0.000367039823820885,0,0.000183519911910442,0.00183519911910442,0.828592402275647
248773.411807,2581366.126422,0.749679075738126,0.000366770584999083,0,0.00256739409499358,0.00201723821749496,0.245369521364387
249273.411807,2581366.126422,0.754260582737768,0.000733003481766538,0,0,0.000183250870441635,0.244823162910024
249773.411807,2581366.126422,0.856559658563741,0,0,0,0,0.143440341436259
237273.411807,2580866.126422,0.265087422447829,0.00535815002820079,0,0.10039481105471,0.100676818950931,0.52848279751833
237773.411807,2580866.126422,0.475963302752294,0.0363302752293578,0.102935779816514,0.0893577981651376,0.102935779816514,0.192477064220183
238273.411807,2580866.126422,0.660979636763896,0.0106402494955054,0.00623738763529628,0.0605393505778756,0.0427444505595304,0.218858924967896
238773.411807,2580866.126422,0.940659340659341,0,0,0,0,0.0593406593406593
239273.411807,2580866.126422,0.945321100917431,0.00146788990825688,0,0.00201834862385321,0.0115596330275229,0.0396330275229358
239773.411807,2580866.126422,0.941295175197212,0.00311869381764814,0,0,0,0.0555861309851403
240273.411807,2580866.126422,0.73992673992674,0.000915750915750916,0,0.0523809523809524,0.0331501831501832,0.173626373626374
240773.411807,2580866.126422,0.197247706422018,0.00458715596330275,0,0.555963302752294,0.0741284403669725,0.168073394495413
241273.411807,2580866.126422,0.398275545771418,0.00953953403045313,0.000733810310034856,0.443771784993579,0.016694184553293,0.130985140341222
241773.411807,2580866.126422,0.57985347985348,0.023992673992674,0,0.191025641025641,0.0184981684981685,0.186630036630037
242273.411807,2580866.126422,0.0728440366972477,0.0328440366972477,0.125137614678899,0.708440366972477,0.02,0.0407339449541284
242773.411807,2580866.126422,0.41368556228215,0.284718400293524,0.0511832691249312,0.101999633094845,0.0249495505411851,0.123463584663365
243273.411807,2580866.126422,0.697069597069597,0.171245421245421,0.00604395604395604,0.00421245421245421,0.00201465201465201,0.119413919413919
243773.411807,2580866.126422,0.963669724770642,0.00825688073394495,0,0,0,0.0280733944954128
244273.411807,2580866.126422,0.800403595670519,0.0078884608328747,0,0.149330398092093,0.0251330031186938,0.0172445422858191
244773.411807,2580866.126422,0.902197802197802,0.00366300366300366,0,0.0338827838827839,0.0148351648351648,0.0454212454212454
245273.411807,2580866.126422,0.724587155963303,0.00422018348623853,0,0.0711926605504587,0.0273394495412844,0.172660550458716
245773.411807,2580866.126422,0.691432764630343,0.0425609979820216,0.0306365804439552,0.114841313520455,0.0266006237387635,0.0939277196844616
246273.411807,2580866.126422,0.716300366300366,0.0710622710622711,0.00732600732600733,0.063003663003663,0.0192307692307692,0.123076923076923
246773.411807,2580866.126422,0.422935779816514,0.0277064220183486,0.0256880733944954,0.325688073394495,0.0596330275229358,0.138348623853211
247273.411807,2580866.126422,0.599706475875986,0.0146762062006971,0.0066042927903137,0.0939277196844616,0.062190423775454,0.222894881673088
247773.411807,2580866.126422,0.525641025641026,0.0139194139194139,0.00549450549450549,0.193589743589744,0.0714285714285714,0.18992673992674
248273.411807,2580866.126422,0.731009174311927,0.00587155963302752,0,0.0036697247706422,0.00623853211009174,0.253211009174312
248773.411807,2580866.126422,0.810676940011007,0.000183452577508714,0,0,0,0.189139607411484
249273.411807,2580866.126422,0.886996336996337,0.00769230769230769,0,0.000732600732600733,0.00311355311355311,0.101465201465201
249773.411807,2580866.126422,0.84025974025974,0.0038961038961039,0,0.00333951762523191,0.00482374768089054,0.147680890538033
237273.411807,2580366.126422,0.517620524386806,0.00592049619396673,0,0.100084578517057,0.0797857344234564,0.296588666478714
237773.411807,2580366.126422,0.332051282051282,0.0168498168498168,0.0906593406593407,0.271978021978022,0.0835164835164835,0.204945054945055
238273.411807,2580366.126422,0.737362637362637,0.00549450549450549,0,0.00805860805860806,0.0208791208791209,0.228205128205128
238773.411807,2580366.126422,0.84048404840484,0.00495049504950495,0,0.00146681334800147,0.00751741840850752,0.145581224789146
239273.411807,2580366.126422,0.743040293040293,0.0236263736263736,0.0142857142857143,0.0637362637362637,0.0347985347985348,0.120512820512821
239773.411807,2580366.126422,0.863186813186813,0,0,0.000732600732600733,0.00311355311355311,0.132967032967033
240273.411807,2580366.126422,0.797946461312798,0,0,0,0,0.202053538687202
240773.411807,2580366.126422,0.48956043956044,0.0144688644688645,0,0.267948717948718,0.073992673992674,0.154029304029304
241273.411807,2580366.126422,0.549267399267399,0.00238095238095238,0,0.285897435897436,0.0324175824175824,0.13003663003663
241773.411807,2580366.126422,0.0927759442610928,0.0210854418775211,0.0456545654565457,0.654565456545655,0.0601393472680601,0.125779244591126
242273.411807,2580366.126422,0.442857142857143,0.0904761904761905,0.175091575091575,0.222344322344322,0.000183150183150183,0.0690476190476191
242773.411807,2580366.126422,0.624908424908425,0.252197802197802,0.0131868131868132,0.0492673992673993,0.010989010989011,0.0494505494505494
243273.411807,2580366.126422,0.838650531719839,0.146314631463146,0,0.000183351668500183,0.00128346167950128,0.0135680234690136
243773.411807,2580366.126422,0.911355311355311,0.056959706959707,0.000549450549450549,0,0.000549450549450549,0.0305860805860806
244273.411807,2580366.126422,0.962637362637363,0.000915750915750916,0,0.000915750915750916,0.0010989010989011,0.0344322344322344
244773.411807,2580366.126422,0.511551155115512,0.0282361569490282,0.000916758342500917,0.402640264026403,0.0146681334800147,0.041987532086542
245273.411807,2580366.126422,0.158241758241758,0.0346153846153846,0.00293040293040293,0.695421245421245,0.039010989010989,0.0697802197802198
245773.411807,2580366.126422,0.931501831501832,0.00274725274725275,0,0,0.000366300366300366,0.0653846153846154
246273.411807,2580366.126422,0.371653832049872,0.0678401173450678,0.116061606160616,0.181884855152182,0.0691235790245691,0.193436010267693
246773.411807,2580366.126422,0.169230769230769,0.045970695970696,0.261538461538462,0.363186813186813,0.0518315018315018,0.108241758241758
247273.411807,2580366.126422,0.777106227106227,0.00659340659340659,0.000366300366300366,0.0435897435897436,0.0523809523809524,0.11996336996337
247773.411807,2580366.126422,0.814081408140814,0.0148514851485149,0,0.0161349468280161,0.0155848918225156,0.139347268060139
248273.411807,2580366.126422,0.8496336996337,0.00586080586080586,0,0.0179487179487179,0.0205128205128205,0.106043956043956
248773.411807,2580366.126422,0.866483516483517,0.00659340659340659,0,0.00567765567765568,0.0115384615384615,0.10970695970696
249273.411807,2580366.126422,0.956545654565457,0,0.00146681334800147,0.00568390172350568,0.00476714338100477,0.0315364869820315
249773.411807,2580366.126422,0.87532419414598,0.0416821044831419,0,0.0101889588736569,0.00148203038162282,0.0713227121155984
237273.411807,2579866.126422,0.405191873589165,0,0,0.147855530474041,0.0677200902934537,0.379232505643341
237773.411807,2579866.126422,0.185538630941457,0.00935951550743256,0.0165167920719398,0.481005689117269,0.138741053404294,0.168838318957607
238273.411807,2579866.126422,0.755730790390611,0.00238400880249404,0,0.0170548322024574,0.00843572345497891,0.216394645149459
238773.411807,2579866.126422,0.860179585853033,0.00183250870441635,0,0.0153930731170973,0.0106285504856148,0.111966281839839
239273.411807,2579866.126422,0.582308680491833,0.00623967700495504,0.00238575885483575,0.169388878693338,0.0462470178014315,0.193429987153606
239773.411807,2579866.126422,0.529433339446176,0.0313588850174216,0.0357601320374106,0.12818631945718,0.0667522464698331,0.208509077571979
240273.411807,2579866.126422,0.86439435587319,0,0,0.0106285504856148,0.00586402785413231,0.119113065787062
240773.411807,2579866.126422,0.630023857588548,0.0212883097816113,0,0.144063130849697,0.0734079647641769,0.131216737015966
241273.411807,2579866.126422,0.417384925728957,0.0467632495873831,0.00403447643498991,0.339446176416651,0.0539152759948652,0.138455895837154
241773.411807,2579866.126422,0.129741616272677,0.0733003481766538,0.0417811984606927,0.719076415612974,0,0.036100421477002
242273.411807,2579866.126422,0.865479904569646,0.071389245733162,0,0,0,0.0631308496971921
242773.411807,2579866.126422,0.954703832752613,0.0344764349899138,0,0,0,0.010819732257473
243273.411807,2579866.126422,0.977093641194796,0.0133773135422393,0,0,0,0.009529045262965
243773.411807,2579866.126422,0.98329968801615,0,0,0,0,0.0167003119838502
244273.411807,2579866.126422,0.979460847240051,0,0,0.000550155877498625,0,0.01998899688245
244773.411807,2579866.126422,0.941542972329119,0,0,0,0,0.0584570276708814
245273.411807,2579866.126422,0.445769866030464,0.0317489447605065,0.000917599559552211,0.347953752982199,0.00935951550743256,0.164250321159846
245773.411807,2579866.126422,0.739409499358151,0.055198973042362,0,0.0803227581147992,0.010819732257473,0.114249037227214
246273.411807,2579866.126422,0.157595748579806,0.0714678394722375,0.167857797324537,0.380428807036833,0.0500274876305662,0.17262231995602
246773.411807,2579866.126422,0.577720682694072,0.0550559735731327,0.110662506881997,0.115617544503579,0.0167003119838502,0.124242980363369
247273.411807,2579866.126422,0.799743260590501,0,0,0.000366770584999083,0.00348432055749129,0.196405648267009
247773.411807,2579866.126422,0.762506871907642,0.0181418361737218,0.000183250870441635,0.0102620487447315,0.0100787978742899,0.198827194429174
248273.411807,2579866.126422,0.864562305010094,0.0113782345384474,0,0.0717562855569829,0.00972655533125344,0.0425766195632226
248773.411807,2579866.126422,0.774436090225564,0,0,0.000183385292499542,0.00165046763249587,0.223730056849441
249273.411807,2579866.126422,0.908191313908741,0.00348176653839106,0.00201575957485798,0.0289536375297783,0.0179585853032802,0.0393989371449514
249773.411807,2579866.126422,0.747262943032102,0.0545555761736871,0.000556689552792726,0.0627203562813138,0.00909259602894786,0.125811838931156
237273.411807,2579366.126422,0.853637901861252,0.000282007896221094,0,0.0284827975183305,0.0174844895657078,0.100112803158488
237773.411807,2579366.126422,0.603853211009174,0.00385321100917431,0,0.0381651376146789,0.0464220183486239,0.307706422018349
238273.411807,2579366.126422,0.0535681526325445,0.0284351495138507,0.429279031370391,0.3452577508714,0.0513667217024399,0.0920931939093744
238773.411807,2579366.126422,0.920879120879121,0.00128205128205128,0.000549450549450549,0.0137362637362637,0.00549450549450549,0.0580586080586081
239273.411807,2579366.126422,0.935963302752294,0.00018348623853211,0,0,0.00018348623853211,0.0636697247706422
239773.411807,2579366.126422,0.550724637681159,0.0302696752889378,0.0165107319757843,0.10420106402495,0.0783342505962209,0.219959640432948
240273.411807,2579366.126422,0.967582417582418,0,0,0,0,0.0324175824175824
240773.411807,2579366.126422,0.823853211009174,0.00458715596330275,0,0.0372477064220183,0.0238532110091743,0.11045871559633
241273.411807,2579366.126422,0.180700788846083,0.0572372041827188,0.0399926618968997,0.63621353880022,0.0238488350761328,0.0620069711979453
241773.411807,2579366.126422,0.856043956043956,0.0664835164835165,0.00769230769230769,0.00586080586080586,0,0.0639194139194139
242273.411807,2579366.126422,0.909724770642202,0.0645871559633028,0,0.000917431192660551,0.00036697247706422,0.0244036697247706
242773.411807,2579366.126422,0.985323793799303,0.0110071546505228,0,0,0,0.00366905155017428
243273.411807,2579366.126422,0.781318681318681,0.00164835164835165,0,0.00201465201465201,0.0166666666666667,0.198351648351648
243773.411807,2579366.126422,0.875963302752294,0.00568807339449541,0.00055045871559633,0.063302752293578,0.0146788990825688,0.0398165137614679
244273.411807,2579366.126422,0.956521739130435,0.000733810310034856,0,0.00091726288754357,0.00311869381764814,0.0387084938543387
244773.411807,2579366.126422,0.597802197802198,0.0467032967032967,0.00311355311355311,0.256593406593407,0.017032967032967,0.0787545787545788
245273.411807,2579366.126422,0.615045871559633,0.0948623853211009,0.00073394495412844,0.27302752293578,0.00165137614678899,0.0146788990825688
245773.411807,2579366.126422,0.808292056503394,0.0554026784076316,0.00990643918547056,0.111539167125298,0,0.0148596587782058
246273.411807,2579366.126422,0.643223443223443,0.0767399267399267,0.00549450549450549,0.221428571428571,0.0021978021978022,0.0509157509157509
246773.411807,2579366.126422,0.464954128440367,0.093394495412844,0.028256880733945,0.320917431192661,0.0192660550458716,0.0732110091743119
247273.411807,2579366.126422,0.652724270776004,0.0858558062740782,0.00403595670519171,0.0928270042194093,0.0229315721885892,0.141625389836727
247773.411807,2579366.126422,0.799084249084249,0.0445054945054945,0.00311355311355311,0.0324175824175824,0.0122710622710623,0.108608058608059
