"x","y","forest","agri","water","built","other","grass"
301273.411807,2640866.126422,0.400476976701523,0.0957622454595487,0,0.0425609979820216,0.0238488350761328,0.437350944780774
301773.411807,2640866.126422,0.0826007326007326,0.130769230769231,0.0043956043956044,0.263186813186813,0.0683150183150183,0.450732600732601
302273.411807,2640866.126422,0.10954128440367,0.0678899082568807,0.0135779816513761,0.347706422018349,0.0651376146788991,0.396146788990826
302773.411807,2640866.126422,0.232984773436067,0.0924600990643919,0.0783342505962209,0.0704457897633462,0.0465969546872134,0.479178132452761
303273.411807,2640866.126422,0.0553113553113553,0.178388278388278,0.317399267399267,0.139010989010989,0.0505494505494506,0.259340659340659
303773.411807,2640866.126422,0.0286238532110092,0.109724770642202,0.106422018348624,0.303669724770642,0.0418348623853211,0.409724770642202
304273.411807,2640866.126422,0.0893414052467437,0.14547789396441,0.00532012474775271,0.0532012474775271,0.0121078701155751,0.694551458447991
304773.411807,2640866.126422,0.1503663003663,0.00750915750915751,0.0021978021978022,0.0891941391941392,0.0212454212454212,0.729487179487179
305273.411807,2640866.126422,0.0757798165137615,0.22348623853211,0.0326605504587156,0.0640366972477064,0.013394495412844,0.590642201834862
305773.411807,2640866.126422,0.000733810310034856,0.0258668134287287,0.403595670519171,0.557145477893964,0.00366905155017428,0.00898917629792699
306273.411807,2640866.126422,0.178205128205128,0.0712454212454212,0.0710622710622711,0.406593406593407,0.0271062271062271,0.245787545787546
306773.411807,2640866.126422,0.130642201834862,0.169174311926606,0.00036697247706422,0.06,0.0370642201834862,0.602752293577982
307273.411807,2640866.126422,0.504127682993946,0.0311869381764814,0.000733810310034856,0.00330214639515685,0.00311869381764814,0.457530728306733
307773.411807,2640866.126422,0.78956043956044,0.0472527472527473,0,0,0,0.163186813186813
308273.411807,2640866.126422,0.909357798165138,0,0,0,0,0.0906422018348624
308773.411807,2640866.126422,0.862960924600991,0,0,0,0,0.137039075399009
309273.411807,2640866.126422,0.863553113553114,0.000549450549450549,0,0,0,0.135897435897436
309773.411807,2640866.126422,0.826788990825688,0.00330275229357798,0,0.00440366972477064,0.00440366972477064,0.161100917431193
310273.411807,2640866.126422,0.945331131902403,0,0,0,0,0.0546688680975968
310773.411807,2640866.126422,0.538095238095238,0.0043956043956044,0,0.0481684981684982,0.0159340659340659,0.393406593406593
301273.411807,2640366.126422,0.262087912087912,0.128937728937729,0.00714285714285714,0.0272893772893773,0.0212454212454212,0.553296703296703
301773.411807,2640366.126422,0.111844517785112,0.0638063806380638,0.00843417675100843,0.235790245691236,0.0429042904290429,0.537220388705537
302273.411807,2640366.126422,0.0534798534798535,0.131868131868132,0.0450549450549451,0.133516483516484,0.0663003663003663,0.56978021978022
302773.411807,2640366.126422,0.0373626373626374,0.0844322344322344,0.177838827838828,0.0305860805860806,0.01996336996337,0.64981684981685
303273.411807,2640366.126422,0.0511551155115512,0.142464246424642,0.452145214521452,0.104877154382105,0.046021268793546,0.203337000366703
303773.411807,2640366.126422,0.142857142857143,0.0714285714285714,0.0250915750915751,0.237912087912088,0.0659340659340659,0.456776556776557
304273.411807,2640366.126422,0.0549450549450549,0.0912087912087912,0.101648351648352,0.208424908424908,0.0335164835164835,0.51025641025641
304773.411807,2640366.126422,0.0557389072240557,0.101943527686102,0,0.000183351668500183,0.000183351668500183,0.841950861752842
305273.411807,2640366.126422,0.0131868131868132,0.165018315018315,0.540659340659341,0.147985347985348,0.0168498168498168,0.116300366300366
305773.411807,2640366.126422,0.0432234432234432,0.0498168498168498,0.108608058608059,0.711904761904762,0.000366300366300366,0.0860805860805861
306273.411807,2640366.126422,0.188302163549688,0.202236890355702,0.0278694536120279,0.0687568756875688,0.0168683535020169,0.495966263292996
306773.411807,2640366.126422,0.25018315018315,0.123626373626374,0,0.052014652014652,0.023992673992674,0.55018315018315
307273.411807,2640366.126422,0.495421245421245,0.0426739926739927,0,0.0148351648351648,0.00952380952380952,0.437545787545788
307773.411807,2640366.126422,0.865786578657866,0.0254858819215255,0,0,0,0.108727539420609
308273.411807,2640366.126422,0.886446886446886,0,0,0,0,0.113553113553114
308773.411807,2640366.126422,0.849267399267399,0,0,0,0,0.150732600732601
309273.411807,2640366.126422,0.736156949028236,0.00641730839750642,0,0.00293362669600293,0.00256692335900257,0.251925192519252
309773.411807,2640366.126422,0.89047619047619,0,0,0,0,0.10952380952381
310273.411807,2640366.126422,0.881868131868132,0,0,0,0,0.118131868131868
310773.411807,2640366.126422,0.370920425375871,0.0243857719105244,0.00311697836450312,0.0575724239090576,0.0251191785845251,0.518885221855519
301273.411807,2639866.126422,0.0999449844122501,0.110581331377224,0.000916926462497708,0.116266275444709,0.0430955437373923,0.629194938565927
301773.411807,2639866.126422,0.0615722924683892,0.136338647608576,0.00366501740883269,0.113615539673813,0.0470954737035001,0.637713029136888
302273.411807,2639866.126422,0.0357863828225362,0.0934116351624151,0.0251422279317306,0.0163332721600294,0.0196366305744173,0.809689851348871
302773.411807,2639866.126422,0.0916926462497708,0.0889418668622776,0.222629745094443,0.101412066752246,0.061617458279846,0.433706216761416
303273.411807,2639866.126422,0.0271211288253619,0.190031152647975,0.397837639728789,0.143668682426242,0.0635880520432472,0.177753344328386
303773.411807,2639866.126422,0.0623967700495504,0.0372545421178198,0.102587630757937,0.155808405211966,0.0379886217654616,0.603964030097266
304273.411807,2639866.126422,0.0407115349348982,0.0568494406748579,0.000183385292499542,0.0805061434072987,0.0256739409499358,0.79607555474051
304773.411807,2639866.126422,0.0302363936228697,0.354040681693238,0.112516034451164,0.188931647425325,0.0102620487447315,0.304013194062672
305273.411807,2639866.126422,0,0.00844191594788034,0.34006239677005,0.65149568728207,0,0
305773.411807,2639866.126422,0.144874381074638,0.132770951769668,0.0223730056849441,0.182835136622043,0.0328259673574179,0.484320557491289
306273.411807,2639866.126422,0.490929081913139,0.27469305479201,0,0.00824628916987356,0.0201575957485798,0.205973978376397
306773.411807,2639866.126422,0.738851165351441,0.0449623784180584,0,0.00367039823820885,0.00293631859056708,0.209579739401725
307273.411807,2639866.126422,0.906290115532734,0.000183385292499542,0,0,0,0.0935264991747662
307773.411807,2639866.126422,0.953454278907825,0.0298698918819864,0,0,0,0.0166758292101887
308273.411807,2639866.126422,0.934116351624151,0,0,0,0,0.0658836483758488
308773.411807,2639866.126422,0.928663121217678,0,0,0,0,0.0713368787823217
309273.411807,2639866.126422,0.857064321055525,0.00513102437236577,0,0,0,0.137804654572109
309773.411807,2639866.126422,0.931914112681226,0,0,0,0,0.0680858873187741
310273.411807,2639866.126422,0.892719603887768,0.000183385292499542,0,0.000183385292499542,0.00110031175499725,0.105813313772235
310773.411807,2639866.126422,0.34194612424409,0.00824628916987356,0.180685358255452,0.0437969580355507,0.0183250870441635,0.40700018325087
301273.411807,2639366.126422,0.0476976701522656,0.104934874334984,0.019262520638415,0.0902586681342873,0.0555861309851403,0.682260135754907
301773.411807,2639366.126422,0.0558608058608059,0.08003663003663,0.138827838827839,0.0615384615384615,0.0265567765567766,0.637179487179487
302273.411807,2639366.126422,0.0568807339449541,0.130642201834862,0.0260550458715596,0.0842201834862385,0.0376146788990826,0.664587155963303
302773.411807,2639366.126422,0.0572372041827188,0.243808475509081,0.216107136305265,0.0759493670886076,0.0374243258117777,0.36947349110255
303273.411807,2639366.126422,0.101465201465201,0.147252747252747,0.236446886446886,0.0467032967032967,0.026007326007326,0.442124542124542
303773.411807,2639366.126422,0.0910091743119266,0.0812844036697248,0.00220183486238532,0.0715596330275229,0.0269724770642202,0.72697247706422
304273.411807,2639366.126422,0.00311869381764814,0.104567969179967,0.000366905155017428,0.197211520821868,0.0961291506145661,0.598605760410934
304773.411807,2639366.126422,0.00274725274725275,0.0598901098901099,0.405494505494505,0.442857142857143,0.0467032967032967,0.0423076923076923
305273.411807,2639366.126422,0.0906422018348624,0.0524770642201835,0.160917431192661,0.468440366972477,0.00844036697247706,0.219082568807339
305773.411807,2639366.126422,0.323059988992845,0.210053201247478,0.0106402494955054,0.0702623371858375,0.0431113557145478,0.342872867363786
306273.411807,2639366.126422,0.875824175824176,0.123076923076923,0,0.000732600732600733,0.000366300366300366,0
306773.411807,2639366.126422,0.804403669724771,0.104954128440367,0,0,0,0.0906422018348624
307273.411807,2639366.126422,0.869014859658778,0,0,0,0,0.130985140341222
307773.411807,2639366.126422,0.825274725274725,0.000366300366300366,0,0,0,0.174358974358974
308273.411807,2639366.126422,0.840183486238532,0.00055045871559633,0,0,0,0.159266055045872
308773.411807,2639366.126422,0.878187488534214,0.00165107319757843,0,0.00403595670519171,0.00348559897266557,0.11263988259035
309273.411807,2639366.126422,0.948717948717949,0,0,0,0,0.0512820512820513
309773.411807,2639366.126422,0.97045871559633,0,0,0,0,0.0295412844036697
310273.411807,2639366.126422,0.917996697853605,0,0,0,0,0.0820033021463952
310773.411807,2639366.126422,0.214468864468864,0.00805860805860806,0.441941391941392,0.0456043956043956,0.015018315018315,0.274908424908425
301273.411807,2638866.126422,0.0505494505494506,0.113003663003663,0.000732600732600733,0.0133699633699634,0.00641025641025641,0.815934065934066
301773.411807,2638866.126422,0.0735240190685735,0.0909424275760909,0.111111111111111,0.0361202786945361,0.0216354968830216,0.666666666666667
302273.411807,2638866.126422,0.0558608058608059,0.101648351648352,0.0923076923076923,0.0652014652014652,0.0315018315018315,0.653479853479853
302773.411807,2638866.126422,0.0468864468864469,0.0772893772893773,0.300549450549451,0.121062271062271,0.0600732600732601,0.394139194139194
303273.411807,2638866.126422,0.0852585258525853,0.141364136413641,0.0612394572790612,0.144481114778144,0.0416208287495416,0.526035936927026
303773.411807,2638866.126422,0.0470695970695971,0.287545787545788,0.0399267399267399,0.185164835164835,0.0983516483516483,0.341941391941392
304273.411807,2638866.126422,0.0648351648351648,0.104029304029304,0.423626373626374,0.128937728937729,0.0238095238095238,0.254761904761905
304773.411807,2638866.126422,0,0.162449578291162,0.0262192885955262,0.784561789512285,0.00861752841950862,0.0181518151815182
305273.411807,2638866.126422,0.523992673992674,0.0846153846153846,0.000183150183150183,0.0888278388278388,0.015018315018315,0.287362637362637
305773.411807,2638866.126422,0.724908424908425,0.023992673992674,0.0010989010989011,0.00659340659340659,0.00531135531135531,0.238095238095238
306273.411807,2638866.126422,0.907040704070407,0.081958195819582,0,0,0,0.011001100110011
306773.411807,2638866.126422,0.861721611721612,0.0860805860805861,0,0,0,0.0521978021978022
307273.411807,2638866.126422,0.877289377289377,0.0307692307692308,0,0,0,0.0919413919413919
307773.411807,2638866.126422,0.88980564723139,0.01998533186652,0,0,0,0.0902090209020902
308273.411807,2638866.126422,0.775824175824176,0,0,0.00164835164835165,0,0.222527472527473
308773.411807,2638866.126422,0.961172161172161,0.00201465201465201,0.000732600732600733,0.00347985347985348,0.00238095238095238,0.0302197802197802
309273.411807,2638866.126422,0.951411807847451,0,0,0,0,0.0485881921525486
309773.411807,2638866.126422,0.931501831501832,0,0,0,0,0.0684981684981685
310273.411807,2638866.126422,0.721978021978022,0.00256410256410256,0,0.00879120879120879,0.00622710622710623,0.26043956043956
301273.411807,2638366.126422,0.0253071703649367,0.173115716119567,0.00275077938749312,0.0482303319273794,0.0231065468549422,0.727489455345681
301773.411807,2638366.126422,0.0773318673263698,0.192413413963716,0.00183250870441635,0.0749496060106286,0.03811618105186,0.615356422943009
302273.411807,2638366.126422,0.162965681776473,0.153789686180951,0.0106441548908057,0.0244081482840888,0.012846393833731,0.635345935033951
302773.411807,2638366.126422,0.0856409315972859,0.0827067669172932,0.213460480469466,0.143590684027141,0.0518980377773703,0.422703099211443
303273.411807,2638366.126422,0.0899761773868426,0.0938244456661169,0.00494777350192413,0.0542422576507238,0.0342679127725857,0.722741433021807
303773.411807,2638366.126422,0.031932464672417,0.129198017984951,0.0699210864378785,0.101486511286475,0.0600110111947146,0.607450908423564
304273.411807,2638366.126422,0,0.30001833852925,0.27599486521181,0.398312855309004,0.00201723821749496,0.0236567027324409
304773.411807,2638366.126422,0.0864944108484515,0.319956019791094,0.00934579439252336,0.00971229613340663,0.00146600696353308,0.573025471870991
305273.411807,2638366.126422,0.487612405946045,0.0467975775371628,0,0.0082583960359699,0.00734079647641769,0.449990824004404
305773.411807,2638366.126422,0.852558224830369,0,0,0,0,0.147441775169631
306273.411807,2638366.126422,0.919552867876122,0,0,0,0.000366501740883269,0.0800806303829943
306773.411807,2638366.126422,0.808772251789319,0.051018535511103,0,0.000734079647641769,0.000917599559552211,0.138557533492384
307273.411807,2638366.126422,0.881533101045296,0.0407115349348982,0,0,0,0.0777553640198056
307773.411807,2638366.126422,0.86549386109584,0.0540590067802822,0,0,0,0.0804471321238776
308273.411807,2638366.126422,0.924022756469077,0.0122958340979996,0,0.000183519911910442,0,0.063497889521013
308773.411807,2638366.126422,0.933247753530167,0,0,0,0,0.0667522464698331
309273.411807,2638366.126422,0.946124244090159,0,0,0,0,0.0538757559098406
309773.411807,2638366.126422,0.920352358230868,0,0,0.000734079647641769,0.000183519911910442,0.0787300422095797
310273.411807,2638366.126422,0.33211076471667,0.00861910874747845,0.0258573262424354,0.0280579497524299,0.00935264991747662,0.59600220062351
301273.411807,2637866.126422,0.130434782608696,0.0667767382131719,0.000733810310034856,0.309117593102183,0.105668684645019,0.387268391120895
301773.411807,2637866.126422,0.111721611721612,0.14010989010989,0.000183150183150183,0.0641025641025641,0.0327838827838828,0.651098901098901
302273.411807,2637866.126422,0.0598165137614679,0.0768807339449541,0.198532110091743,0.0726605504587156,0.041651376146789,0.55045871559633
302773.411807,2637866.126422,0.0489818381948266,0.145110988809393,0.297743533296643,0.147312419739497,0.0636580443955238,0.297193175564117
303273.411807,2637866.126422,0.232417582417582,0.0813186813186813,0.000183150183150183,0.0223443223443223,0.0141025641025641,0.6496336996337
303773.411807,2637866.126422,0.0480733944954128,0.0594495412844037,0.502201834862385,0.15045871559633,0.0247706422018349,0.215045871559633
304273.411807,2637866.126422,0.0590717299578059,0.337919647771051,0.0662263804806457,0.09557879288204,0.00091726288754357,0.440286186020914
304773.411807,2637866.126422,0.0587912087912088,0.311355311355311,0,0.0258241758241758,0.0155677655677656,0.588461538461538
305273.411807,2637866.126422,0.418348623853211,0.0207339449541284,0.00018348623853211,0.0190825688073394,0.0174311926605505,0.524220183486239
305773.411807,2637866.126422,0.960190790680609,0.00183452577508714,0,0,0,0.0379746835443038
306273.411807,2637866.126422,0.91978021978022,0.00146520146520147,0,0,0,0.0787545787545788
306773.411807,2637866.126422,0.864403669724771,0,0,0,0,0.135596330275229
307273.411807,2637866.126422,0.872500458631444,0.0689781691432765,0,0,0,0.0585213722252798
307773.411807,2637866.126422,0.898717948717949,0.00659340659340659,0,0,0,0.0946886446886447
308273.411807,2637866.126422,0.976880733944954,0,0,0,0,0.0231192660550459
308773.411807,2637866.126422,0.961108053568153,0,0,0,0,0.0388919464318474
309273.411807,2637866.126422,0.933150183150183,0.00366300366300366,0,0,0,0.0631868131868132
309773.411807,2637866.126422,0.881467889908257,0.00220183486238532,0,0,0,0.116330275229358
310273.411807,2637866.126422,0.154833975417355,0.00697119794533113,0.335351311685929,0.0357732526141992,0.0161438268207668,0.450926435516419
301273.411807,2637366.126422,0.113369963369963,0.235897435897436,0.00146520146520147,0.0267399267399267,0.019047619047619,0.603479853479853
301773.411807,2637366.126422,0.154015401540154,0.150715071507151,0.000733406674000733,0.0694902823615695,0.0348368170150348,0.59020902090209
302273.411807,2637366.126422,0.0842490842490843,0.128754578754579,0.0542124542124542,0.0677655677655678,0.0445054945054945,0.620512820512821
302773.411807,2637366.126422,0.170879120879121,0.149450549450549,0.242673992673993,0.0813186813186813,0.0362637362637363,0.319413919413919
303273.411807,2637366.126422,0.232489915658232,0.0638063806380638,0.17950128346168,0.15951595159516,0.066006600660066,0.298679867986799
303773.411807,2637366.126422,0.00183150183150183,0.0428571428571429,0.615750915750916,0.328571428571429,0.000915750915750916,0.0100732600732601
304273.411807,2637366.126422,0.00402930402930403,0.408241758241758,0,0.0661172161172161,0.0258241758241758,0.495787545787546
304773.411807,2637366.126422,0.111111111111111,0.286762009534287,0,0.0166850018335167,0.01998533186652,0.565456545654565
305273.411807,2637366.126422,0.54047619047619,0.100549450549451,0,0.00586080586080586,0.00805860805860806,0.345054945054945
305773.411807,2637366.126422,0.941758241758242,0.0384615384615385,0,0,0,0.0197802197802198
306273.411807,2637366.126422,0.938943894389439,0.00238357169050238,0,0.000366703337000367,0,0.0583058305830583
306773.411807,2637366.126422,0.943956043956044,0.00549450549450549,0,0,0,0.0505494505494506
307273.411807,2637366.126422,0.902747252747253,0.000183150183150183,0,0.00457875457875458,0.000549450549450549,0.0919413919413919
307773.411807,2637366.126422,0.890905757242391,0.00165016501650165,0,0.00806747341400807,0.00586725339200587,0.0935093509350935
308273.411807,2637366.126422,0.96996336996337,0,0,0,0,0.03003663003663
308773.411807,2637366.126422,0.941391941391941,0.00164835164835165,0,0.000183150183150183,0,0.0567765567765568
309273.411807,2637366.126422,0.948294829482948,0.000733406674000733,0,0.000183351668500183,0,0.0507884121745508
309773.411807,2637366.126422,0.901465201465201,0.0111721611721612,0,0.000915750915750916,0.000915750915750916,0.0855311355311355
301273.411807,2636866.126422,0.0550155877498625,0.200440124701999,0,0.0392444525949019,0.0223730056849441,0.682926829268293
301773.411807,2636866.126422,0.134689389774601,0.222283305845703,0.000183250870441635,0.136705149349459,0.0520432472054242,0.454095656954371
302273.411807,2636866.126422,0.11635162415122,0.237107726188291,0.000917599559552211,0.139291613140026,0.0367039823820885,0.469627454578822
302773.411807,2636866.126422,0.137355584082157,0.138272510544654,0.164863377957088,0.254722171281863,0.0322758114799193,0.272510544654319
303273.411807,2636866.126422,0.0941909474070002,0.210371999266997,0.385926333150082,0.11324903793293,0.00439802089059923,0.191863661352391
303773.411807,2636866.126422,0.0167003119838502,0.00679023674068636,0.221325013763993,0.679574233804368,0.00422095797394017,0.071389245733162
304273.411807,2636866.126422,0.260590500641849,0.10397946084724,0.0022006235099945,0.0366770584999083,0.0324591967724189,0.56409315972859
304773.411807,2636866.126422,0.461975444383361,0.036100421477002,0,0.0089792926516401,0.0047645226314825,0.488180318856515
305273.411807,2636866.126422,0.722884933015232,0.00844191594788034,0,0.00238575885483575,0.0012846393833731,0.265002752798679
305773.411807,2636866.126422,0.922061250687695,0.0106363469649734,0,0,0,0.0673024023473317
306273.411807,2636866.126422,0.974344878138171,0.000366501740883269,0,0,0,0.0252886201209456
306773.411807,2636866.126422,0.997797761057075,0.00183519911910442,0,0,0,0.000367039823820885
307273.411807,2636866.126422,0.958921694480103,0.00476801760498808,0,0.000550155877498625,0,0.0357601320374106
307773.411807,2636866.126422,0.978926149899212,0.00806303829943192,0,0,0,0.0130108118013561
308273.411807,2636866.126422,0.989355845109194,0,0,0,0,0.0106441548908057
308773.411807,2636866.126422,0.913808912525215,0,0,0,0,0.0861910874747845
309273.411807,2636866.126422,0.89573025471871,0,0,0,0,0.10426974528129
309773.411807,2636866.126422,0.522114149385208,0.0148651128647458,0.14920168838319,0.0649660488162966,0.0200036703982382,0.228849330152322
301273.411807,2636366.126422,0.111722619702807,0.0992478444322143,0,0.0278847917813245,0.0135754907356448,0.747569253348009
301773.411807,2636366.126422,0.155494505494505,0.110989010989011,0,0.150732600732601,0.0617216117216117,0.521062271062271
302273.411807,2636366.126422,0.262201834862385,0.0976146788990826,0.0394495412844037,0.036697247706422,0.0214678899082569,0.54256880733945
302773.411807,2636366.126422,0.0755824619335902,0.252614199229499,0.00495321959273528,0.0682443588332416,0.0343056319941295,0.564300128416804
303273.411807,2636366.126422,0,0.205677655677656,0.204761904761905,0.58956043956044,0,0
303773.411807,2636366.126422,0.321834862385321,0.021651376146789,0.0271559633027523,0.561651376146789,0.00275229357798165,0.064954128440367
304273.411807,2636366.126422,0.82590350394423,0,0,0,0,0.17409649605577
304773.411807,2636366.126422,0.78040293040293,0.0172161172161172,0,0,0,0.202380952380952
305273.411807,2636366.126422,0.657798165137615,0.0445871559633028,0.00348623853211009,0.00440366972477064,0.00348623853211009,0.286238532110092
305773.411807,2636366.126422,0.937075765914511,0.00532012474775271,0,0,0,0.0576041093377362
306273.411807,2636366.126422,0.979120879120879,0.0192307692307692,0,0,0,0.00164835164835165
306773.411807,2636366.126422,0.98954128440367,0.0104587155963303,0,0,0,0
307273.411807,2636366.126422,0.919280865896166,0,0,0,0,0.0807191341038342
307773.411807,2636366.126422,0.969413919413919,0.0119047619047619,0,0,0,0.0186813186813187
308273.411807,2636366.126422,0.96605504587156,0.00568807339449541,0,0,0,0.028256880733945
308773.411807,2636366.126422,0.942762795817281,0,0,0,0,0.0572372041827188
309273.411807,2636366.126422,0.736813186813187,0,0,0.00183150183150183,0.000732600732600733,0.260622710622711
309773.411807,2636366.126422,0.108623853211009,0.0100917431192661,0.512844036697248,0.15394495412844,0.0214678899082569,0.19302752293578
301273.411807,2635866.126422,0.043956043956044,0.315750915750916,0,0.0573260073260073,0.0324175824175824,0.550549450549451
301773.411807,2635866.126422,0.0946094609460946,0.312981298129813,0.00055005500550055,0.0137513751375138,0.0196186285295196,0.558489182251559
302273.411807,2635866.126422,0.234249084249084,0.0547619047619048,0.0360805860805861,0.0263736263736264,0.0179487179487179,0.630586080586081
302773.411807,2635866.126422,0.112087912087912,0.406959706959707,0.0128205128205128,0.0734432234432234,0.0564102564102564,0.338278388278388
303273.411807,2635866.126422,0,0.151448478181151,0.0540887422075541,0.702053538687202,0.000366703337000367,0.092042537587092
303773.411807,2635866.126422,0.246336996336996,0.0413919413919414,0.058974358974359,0.484249084249084,0.000366300366300366,0.168681318681319
304273.411807,2635866.126422,0.782051282051282,0.00476190476190476,0,0.00164835164835165,0.000366300366300366,0.211172161172161
304773.411807,2635866.126422,0.851118445177851,0.000733406674000733,0,0,0,0.148148148148148
305273.411807,2635866.126422,0.872710622710623,0.00274725274725275,0,0,0,0.124542124542125
305773.411807,2635866.126422,0.98992673992674,0,0,0,0,0.0100732600732601
306273.411807,2635866.126422,0.985698569856986,0.0143014301430143,0,0,0,0
306773.411807,2635866.126422,0.972527472527473,0.00787545787545788,0,0,0,0.0195970695970696
307273.411807,2635866.126422,0.957692307692308,0,0,0,0,0.0423076923076923
307773.411807,2635866.126422,0.975614228089476,0,0,0,0,0.0243857719105244
308273.411807,2635866.126422,0.965750915750916,0.000183150183150183,0,0,0,0.0340659340659341
308773.411807,2635866.126422,0.939194139194139,0,0,0,0,0.0608058608058608
309273.411807,2635866.126422,0.732673267326733,0.0077007700770077,0,0.0139347268060139,0.0077007700770077,0.237990465713238
301273.411807,2635366.126422,0.11186502842472,0.473500825233816,0.000366770584999083,0.0275077938749312,0.0265908674124335,0.3601687144691
301773.411807,2635366.126422,0.0249221183800623,0.4775517683709,0.000183250870441635,0.0234561114165292,0.0196078431372549,0.454278907824812
302273.411807,2635366.126422,0.202789502661039,0.201504863277666,0,0.0434942191227748,0.0354193429987154,0.516792071939805
302773.411807,2635366.126422,0.0537318907023657,0.567027324408582,0.0192554557124519,0.193654868879516,0.0540986612873648,0.112231799009719
303273.411807,2635366.126422,0.00219901044529962,0.118380062305296,0.0485614806670332,0.808686091258933,0.0042147700201576,0.0179585853032802
303773.411807,2635366.126422,0.21159845843274,0.0434942191227748,0.0781794824738484,0.383373095980914,0.0012846393833731,0.28207010460635
304273.411807,2635366.126422,0.842288648450394,0,0,0.000366770584999083,0.000366770584999083,0.156977810379608
304773.411807,2635366.126422,0.906175554333883,0,0,0,0,0.0938244456661169
305273.411807,2635366.126422,0.715360616626904,0.0337676637915214,0,0,0,0.250871719581575
305773.411807,2635366.126422,0.871080139372822,0.0330093526499175,0,0,0,0.0959105079772602
306273.411807,2635366.126422,0.996701484332051,0.00329851566794942,0,0,0,0
306773.411807,2635366.126422,0.918700679023674,0,0,0,0,0.0812993209763259
307273.411807,2635366.126422,0.950302585732624,0,0,0,0,0.0496974142673758
307773.411807,2635366.126422,0.962067069818582,0,0,0,0,0.0379329301814184
308273.411807,2635366.126422,0.968618095063314,0,0,0,0,0.0313819049366856
308773.411807,2635366.126422,0.96809095910508,0,0,0,0,0.0319090408949202
309273.411807,2635366.126422,0.451530144768188,0.0106285504856148,0.172255818215137,0.0498442367601246,0.0117280557082646,0.304013194062672
301273.411807,2634866.126422,0.0363236103467254,0.33516785910842,0,0.0223812144560631,0.0264171711612548,0.579710144927536
301773.411807,2634866.126422,0.0316849816849817,0.384065934065934,0.00164835164835165,0.063003663003663,0.0531135531135531,0.466483516483516
302273.411807,2634866.126422,0.0732110091743119,0.373577981651376,0.146788990825688,0.303853211009174,0.0313761467889908,0.0711926605504587
302773.411807,2634866.126422,0,0.00898917629792699,0.0849385433865346,0.904788112272977,0.001284168042561,0
303273.411807,2634866.126422,0,0,0.0183150183150183,0.981684981684982,0,0
303773.411807,2634866.126422,0.271559633027523,0.0889908256880734,0,0.307522935779816,0.00752293577981651,0.324403669724771
304273.411807,2634866.126422,0.899651440102733,0,0,0,0,0.100348559897267
304773.411807,2634866.126422,0.827289377289377,0,0,0,0,0.172710622710623
305273.411807,2634866.126422,0.62,0.0132110091743119,0.00201834862385321,0.00422018348623853,0.00165137614678899,0.358899082568807
305773.411807,2634866.126422,0.848101265822785,0.0983305815446707,0,0.00183452577508714,0.000733810310034856,0.0509998165474225
306273.411807,2634866.126422,0.987545787545788,0.000732600732600733,0,0,0,0.0117216117216117
306773.411807,2634866.126422,0.966788990825688,0,0,0,0,0.0332110091743119
307273.411807,2634866.126422,0.961658411300679,0,0,0,0,0.0383415886993212
307773.411807,2634866.126422,0.963919413919414,0,0,0,0,0.0360805860805861
308273.411807,2634866.126422,0.964403669724771,0,0,0,0,0.0355963302752294
308773.411807,2634866.126422,0.965877820583379,0.000366905155017428,0,0,0,0.0337552742616034
301273.411807,2634366.126422,0.0131868131868132,0.155494505494505,0.126190476190476,0.396336996336996,0.0397435897435897,0.269047619047619
301773.411807,2634366.126422,0.0011001100110011,0.0165016501650165,0.221855518885222,0.694352768610194,0.0172350568390172,0.048954895489549
302273.411807,2634366.126422,0,0,0.0402930402930403,0.95970695970696,0,0
302773.411807,2634366.126422,0,0.0443223443223443,0,0.955128205128205,0.000183150183150183,0.000366300366300366
303273.411807,2634366.126422,0,0.424459112577924,0.00678401173450678,0.560506050605061,0.00696736340300697,0.00128346167950128
303773.411807,2634366.126422,0.548717948717949,0.0478021978021978,0.0208791208791209,0.192490842490843,0.0122710622710623,0.177838827838828
304273.411807,2634366.126422,0.895421245421245,0,0,0,0,0.104578754578755
304773.411807,2634366.126422,0.902273560689402,0,0,0,0,0.0977264393105977
305273.411807,2634366.126422,0.744688644688645,0.0152014652014652,0,0.000183150183150183,0,0.23992673992674
305773.411807,2634366.126422,0.939010989010989,0.0173992673992674,0,0,0,0.0435897435897436
306273.411807,2634366.126422,0.925559222588926,0.000733406674000733,0,0,0,0.0737073707370737
306773.411807,2634366.126422,0.942307692307692,0,0,0,0,0.0576923076923077
307273.411807,2634366.126422,0.962454212454212,0.000549450549450549,0,0,0,0.036996336996337
307773.411807,2634366.126422,0.95049504950495,0,0,0,0,0.0495049504950495
308273.411807,2634366.126422,0.971428571428571,0,0,0,0,0.0285714285714286
308773.411807,2634366.126422,0.31043956043956,0.0106227106227106,0.450915750915751,0.0476190476190476,0.0183150183150183,0.162087912087912
301273.411807,2633866.126422,0,0.0366770584999083,0,0.76783421969558,0.148908857509628,0.0465798642948836
301773.411807,2633866.126422,0.00366501740883269,0.127909107568261,0,0.440718343412131,0.395821880153931,0.0318856514568444
302273.411807,2633866.126422,0.0154156726004772,0.607817948247385,0,0.188107909708203,0.129381537896862,0.0592769315470729
302773.411807,2633866.126422,0,0.94406748578764,0,0.0429121584448927,0.00403447643498991,0.00898587933247754
303273.411807,2633866.126422,0,0.438702583837273,0.0148433205057724,0.536375297782664,0.00164925783397471,0.00842954004031519
303773.411807,2633866.126422,0.731877408698844,0.0165167920719398,0.0462470178014315,0.0691870067902367,0,0.136171774637548
304273.411807,2633866.126422,0.838987713185403,0,0,0.000916926462497708,0.000550155877498625,0.159545204474601
304773.411807,2633866.126422,0.64797507788162,0.011544804837823,0,0.000549752611324904,0,0.339930364669232
305273.411807,2633866.126422,0.939988988805285,0,0,0,0,0.0600110111947146
305773.411807,2633866.126422,0.961855859160095,0,0,0,0,0.0381441408399046
306273.411807,2633866.126422,0.936595198827194,0.000549752611324904,0,0,0,0.0628550485614807
306773.411807,2633866.126422,0.89227381170857,0,0,0,0,0.10772618829143
307273.411807,2633866.126422,0.950669356317623,0,0,0,0,0.0493306436823767
307773.411807,2633866.126422,0.946124244090159,0,0,0,0,0.0538757559098406
308273.411807,2633866.126422,0.644888970453294,0.015782712424298,0.00238575885483575,0.0530372545421178,0.0238575885483575,0.260047715177097
301273.411807,2633366.126422,0.00752155567785727,0.0731975784259769,0,0.285452210603559,0.430930104567969,0.202898550724638
301773.411807,2633366.126422,0.0470695970695971,0.0774725274725275,0,0.0221611721611722,0.126007326007326,0.727289377289377
302273.411807,2633366.126422,0.0135779816513761,0.708807339449541,0.00055045871559633,0.0170642201834862,0.00880733944954129,0.251192660550459
302773.411807,2633366.126422,0,0.960557695835626,0,0.0157769216657494,0.00568702990277013,0.017978352595854
303273.411807,2633366.126422,0.0461538461538462,0.151648351648352,0.167582417582418,0.492307692307692,0.000366300366300366,0.141941391941392
303773.411807,2633366.126422,0.840917431192661,0.0201834862385321,0,0.00036697247706422,0,0.138532110091743
304273.411807,2633366.126422,0.897633461750138,0,0,0,0,0.102366538249862
304773.411807,2633366.126422,0.643406593406593,0.00201465201465201,0,0,0,0.354578754578755
305273.411807,2633366.126422,0.886788990825688,0,0,0,0,0.113211009174312
305773.411807,2633366.126422,0.929370757659145,0,0,0,0,0.0706292423408549
306273.411807,2633366.126422,0.810989010989011,0,0,0,0,0.189010989010989
306773.411807,2633366.126422,0.793577981651376,0.00055045871559633,0,0.00018348623853211,0.00146788990825688,0.204220183486239
307273.411807,2633366.126422,0.936158503026968,0,0,0,0.000183452577508714,0.0636580443955238
307773.411807,2633366.126422,0.978937728937729,0,0,0,0,0.0210622710622711
308273.411807,2633366.126422,0.244036697247706,0.024954128440367,0.315779816513761,0.0944954128440367,0.0229357798165138,0.297798165137615
301273.411807,2632866.126422,0.0542124542124542,0.0010989010989011,0,0.0489010989010989,0.0437728937728938,0.852014652014652
301773.411807,2632866.126422,0.228456178951228,0.0022002200220022,0,0.0033003300330033,0.0183351668500183,0.747708104143748
302273.411807,2632866.126422,0.063003663003663,0.757875457875458,0,0.00549450549450549,0.00567765567765568,0.167948717948718
302773.411807,2632866.126422,0,0.627106227106227,0.065018315018315,0.256959706959707,0.00146520146520147,0.0494505494505494
303273.411807,2632866.126422,0.279427942794279,0.137697103043638,0.0126512651265127,0.18023469013568,0.0132013201320132,0.376787678767877
303773.411807,2632866.126422,0.964102564102564,0,0,0,0,0.0358974358974359
304273.411807,2632866.126422,0.955494505494506,0,0,0,0,0.0445054945054945
304773.411807,2632866.126422,0.636413641364136,0.00385038503850385,0,0.0022002200220022,0.00055005500550055,0.356985698569857
305273.411807,2632866.126422,0.550732600732601,0.028021978021978,0,0,0,0.421245421245421
305773.411807,2632866.126422,0.805860805860806,0.0139194139194139,0,0,0,0.18021978021978
306273.411807,2632866.126422,0.748441510817748,0,0,0,0,0.251558489182252
306773.411807,2632866.126422,0.580952380952381,0.043956043956044,0,0.0032967032967033,0.00256410256410256,0.369230769230769
307273.411807,2632866.126422,0.818315018315018,0.0010989010989011,0,0.000915750915750916,0.000549450549450549,0.179120879120879
307773.411807,2632866.126422,0.687385405207187,0.0033003300330033,0,0.0157682434910158,0.0137513751375138,0.27979464613128
308273.411807,2632866.126422,0.132417582417582,0.00494505494505494,0.626923076923077,0.0945054945054945,0.0100732600732601,0.131135531135531
301273.411807,2632366.126422,0.26810929763433,0,0,0.00165046763249587,0.000183385292499542,0.730056849440675
301773.411807,2632366.126422,0.216969030602895,0.236210371999267,0,0.00714678394722375,0.0117280557082646,0.527945757742349
302273.411807,2632366.126422,0.00165167920719398,0.951917783079464,0,0.0205542301339695,0.00403743806202973,0.0218388695173426
302773.411807,2632366.126422,0,0.590684027141023,0.0192554557124519,0.305886667889235,0.00715202640748212,0.0770218228498075
303273.411807,2632366.126422,0.742532527029503,0.00678028220634048,0.0155763239875389,0.0846619021440352,0.00366501740883269,0.146783947223749
303773.411807,2632366.126422,0.979812809689851,0,0,0,0,0.0201871903101487
304273.411807,2632366.126422,0.785072437190537,0.00476801760498808,0,0,0,0.210159545204475
304773.411807,2632366.126422,0.879420927249404,0.000183250870441635,0,0,0,0.120395821880154
305273.411807,2632366.126422,0.753716278216186,0.000550559735731327,0,0.00183519911910442,0.000550559735731327,0.243347403193246
305773.411807,2632366.126422,0.720704199523198,0.00256739409499358,0,0.00128369704749679,0.00165046763249587,0.273794241701815
306273.411807,2632366.126422,0.598863844603262,0.00824628916987356,0,0.0042147700201576,0.00293201392706615,0.385743082279641
306773.411807,2632366.126422,0.456046981097449,0.0280785465222977,0,0.00734079647641769,0.00256927876674619,0.505964397137089
307273.411807,2632366.126422,0.808178984045479,0,0,0,0,0.19182101595452
307773.411807,2632366.126422,0.719626168224299,0.00513102437236577,0,0.0232728605460876,0.017042330951072,0.234927615906176
301273.411807,2631866.126422,0.330214639515685,0,0,0,0,0.669785360484315
301773.411807,2631866.126422,0.665567765567766,0,0,0,0,0.334432234432234
302273.411807,2631866.126422,0.495963302752294,0.316146788990826,0,0.0036697247706422,0.0018348623853211,0.182385321100917
302773.411807,2631866.126422,0.00348559897266557,0.544120344890846,0.16125481563016,0.289304714731242,0.00110071546505228,0.000733810310034856
303273.411807,2631866.126422,0.763186813186813,0.000183150183150183,0,0.00366300366300366,0.00238095238095238,0.230586080586081
303773.411807,2631866.126422,0.970091743119266,0,0,0,0,0.0299082568807339
304273.411807,2631866.126422,0.869932122546322,0.001284168042561,0,0,0,0.128783709411117
304773.411807,2631866.126422,0.816849816849817,0,0,0,0,0.183150183150183
305273.411807,2631866.126422,0.692844036697248,0.00055045871559633,0,0.00110091743119266,0.000917431192660551,0.304587155963303
305773.411807,2631866.126422,0.735094478077417,0,0,0,0,0.264905521922583
306273.411807,2631866.126422,0.701282051282051,0.000183150183150183,0,0,0.000366300366300366,0.298168498168498
306773.411807,2631866.126422,0.618165137614679,0.0161467889908257,0,0.00330275229357798,0.00623853211009174,0.356146788990826
307273.411807,2631866.126422,0.252247294074482,0.0165107319757843,0.001284168042561,0.0489818381948266,0.0229315721885892,0.658044395523757
307773.411807,2631866.126422,0.827472527472527,0.00201465201465201,0,0.0254578754578755,0.00970695970695971,0.135347985347985
301273.411807,2631366.126422,0.338827838827839,0.000183150183150183,0,0.000183150183150183,0,0.660805860805861
301773.411807,2631366.126422,0.425742574257426,0.376604327099377,0,0.0022002200220022,0.00311697836450312,0.192335900256692
302273.411807,2631366.126422,0.136263736263736,0.212271062271062,0.153663003663004,0.266849816849817,0.0043956043956044,0.226556776556777
302773.411807,2631366.126422,0.0956043956043956,0.171611721611722,0.16043956043956,0.397619047619048,0.0468864468864469,0.127838827838828
303273.411807,2631366.126422,0.821782178217822,0.00256692335900257,0,0,0.000183351668500183,0.175467546754675
303773.411807,2631366.126422,0.958608058608059,0,0,0,0,0.0413919413919414
304273.411807,2631366.126422,0.957509157509158,0,0,0,0,0.0424908424908425
304773.411807,2631366.126422,0.946094609460946,0,0,0,0,0.0539053905390539
305273.411807,2631366.126422,0.912820512820513,0,0,0,0,0.0871794871794872
305773.411807,2631366.126422,0.852014652014652,0.00604395604395604,0,0,0,0.141941391941392
306273.411807,2631366.126422,0.726072607260726,0,0,0.000916758342500917,0.000183351668500183,0.272827282728273
306773.411807,2631366.126422,0.732600732600733,0.0102564102564103,0,0.00347985347985348,0.00183150183150183,0.251831501831502
307273.411807,2631366.126422,0.217582417582418,0.0254578754578755,0.0010989010989011,0.167765567765568,0.0551282051282051,0.532967032967033
307773.411807,2631366.126422,0.584158415841584,0.0132013201320132,0,0.00825082508250825,0.00403373670700403,0.39035570223689
301273.411807,2630866.126422,0.28406381808179,0.0452961672473868,0.125435540069686,0.171281863194572,0.000366770584999083,0.373555840821566
301773.411807,2630866.126422,0.0137438152831226,0.146417445482866,0.263881253435954,0.440718343412131,0.00751328568810702,0.127725856697819
302273.411807,2630866.126422,0.00623967700495504,0.57680308313452,0.00844191594788034,0.195815746008442,0.0611121306661773,0.151587447238025
302773.411807,2630866.126422,0.426004034476435,0.266642215294333,0,0.028791490922428,0.0236567027324409,0.254905556574363
303273.411807,2630866.126422,0.900311526479751,0,0,0,0,0.0996884735202492
303773.411807,2630866.126422,0.900899247568361,0,0,0,0,0.0991007524316388
304273.411807,2630866.126422,0.824867045662938,0.00128369704749679,0.000183385292499542,0.0053181734824867,0.00275077938749312,0.165596919127086
304773.411807,2630866.126422,0.786329485065054,0.000366501740883269,0,0.000549752611324904,0,0.212754260582738
305273.411807,2630866.126422,0.885483574967884,0.000183519911910442,0,0.000734079647641769,0,0.113598825472564
305773.411807,2630866.126422,0.814047313405465,0.00550155877498625,0,0.000733541169998166,0,0.179717586649551
306273.411807,2630866.126422,0.777350192413414,0.00513102437236577,0,0.00366501740883269,0.00183250870441635,0.212021257100971
306773.411807,2630866.126422,0.578638282253625,0.0108276748027161,0,0.00165167920719398,0.00146815929528354,0.407414204441182
