"x","y","forest","agri","water","built","other","grass"
300773.411807,2765866.126422,0.0561836245289483,0.0222678999657417,0.0554984583761562,0.822199383350462,0.0328879753340185,0.0109626584446728
301273.411807,2765866.126422,0.0287868403015764,0.00959561343385881,0.124057573680603,0.791295407813571,0.0298149417409184,0.0164496230294722
301773.411807,2765866.126422,0.125042705842159,0.00683293474547318,0.0413392552101127,0.682951827810044,0.0399726682610181,0.103860608131192
302273.411807,2765866.126422,0.0092497430626927,0.0113052415210689,0.00616649537512847,0.937992463172319,0.0232956491949298,0.0119904076738609
302773.411807,2765866.126422,0.120287868403016,0.044893762851268,0.0291295407813571,0.717272104180946,0.0538039753255655,0.0346127484578478
303273.411807,2765866.126422,0.02801503245644,0.0215237444482405,0.00478305432183123,0.898530919029723,0.0327980867782713,0.0143491629654937
303773.411807,2765866.126422,0.137375813634806,0.052415210688592,0.177800616649538,0.0322028091812264,0.0222678999657417,0.577937649880096
304273.411807,2765866.126422,0.143934201507882,0.0411240575736806,0.0750514050719671,0.52021932830706,0.113776559287183,0.105894448252228
304773.411807,2765866.126422,0.0495387769046806,0.0420225486846601,0.0587632388110694,0.732148957977451,0.0799453365220362,0.0375811411001025
305273.411807,2765866.126422,0.0640630352860569,0.0332305584104145,0.0832476875642343,0.707434052757794,0.0767386091127098,0.0352860568687907
305773.411807,2765866.126422,0.112748457847841,0.0366689513365319,0.0661411925976696,0.685058259081563,0.0637422892392049,0.0356408498971899
306273.411807,2765866.126422,0.134608814485822,0.0232319781346088,0.0194738640245986,0.640929279125384,0.0942944994875299,0.0874615647420567
306773.411807,2765866.126422,0.540253511476533,0.0222678999657417,0.039739636861939,0.199040767386091,0.0842754367934224,0.114422747516273
307273.411807,2765866.126422,0.492803289924606,0.0191912268677176,0.0119945167923235,0.151473612063057,0.105551747772447,0.218985606579849
307773.411807,2765866.126422,0.350529552442774,0.0375811411001025,0.0614964127092586,0.259651520327981,0.104885548343013,0.185855825076871
308273.411807,2765866.126422,0.0236382322713258,0.0674888660500171,0.0801644398766701,0.336073997944502,0.108941418293936,0.383693045563549
308773.411807,2765866.126422,0.4592186429061,0.0191912268677176,0.0236463331048663,0.189513365318711,0.0980123372172721,0.210418094585332
309273.411807,2765866.126422,0.630679877007175,0.0167406901264093,0.0167406901264093,0.0785787495729416,0.0737956952511103,0.183464297915955
309773.411807,2765866.126422,0.231243576567318,0.0507022953066119,0.0746831106543337,0.198013018156903,0.113394998287085,0.331963001027749
310273.411807,2765866.126422,0.530157642220699,0.044893762851268,0.0236463331048663,0.0418094585332419,0.0421521590130226,0.317340644276902
310773.411807,2765866.126422,0.854800136658695,0.00307482063546293,0.000683293474547318,0.0317731465664503,0.017082336863683,0.0925862658011616
311273.411807,2765866.126422,0.387118876327509,0.0428228845495033,0.0352860568687907,0.126413155190134,0.0952380952380952,0.313120931825968
311773.411807,2765866.126422,0.250856751199452,0.00959561343385881,0.0167923235092529,0.220699108978753,0.180260452364633,0.321795750514051
312273.411807,2765866.126422,0.411001024940212,0.0478305432183123,0.0228903313973352,0.0724291083020157,0.0819952169456782,0.363853775196447
312773.411807,2765866.126422,0.420006851661528,0.0356286399451867,0.0753682768071257,0.255909558067831,0.0722850291195615,0.140801644398767
300773.411807,2765366.126422,0.0372477064220183,0.0267889908256881,0.0884403669724771,0.811926605504587,0.0269724770642202,0.00862385321100917
301273.411807,2765366.126422,0.0254999082737112,0.0146762062006971,0.0135754907356448,0.888277380297193,0.0381581361218125,0.0198128783709411
301773.411807,2765366.126422,0.0331501831501832,0.0364468864468864,0.0131868131868132,0.868864468864469,0.0393772893772894,0.00897435897435897
302273.411807,2765366.126422,0.0242201834862385,0.0220183486238532,0.0319266055045872,0.864587155963303,0.0427522935779817,0.0144954128440367
302773.411807,2765366.126422,0.0864061640066043,0.0267840763162722,0.0480645753072831,0.716382315171528,0.0640249495505412,0.0583379196477711
303273.411807,2765366.126422,0.0384615384615385,0.030952380952381,0.0203296703296703,0.546886446886447,0.0602564102564103,0.303113553113553
303773.411807,2765366.126422,0.053394495412844,0.0387155963302752,0.140917431192661,0.195412844036697,0.0886238532110092,0.482935779816514
304273.411807,2765366.126422,0.157035406347459,0.104751421757476,0.0664098330581545,0.456796917996698,0.0742982938910292,0.140708126949184
304773.411807,2765366.126422,0.13003663003663,0.0283882783882784,0.065018315018315,0.606043956043956,0.0802197802197802,0.0902930402930403
305273.411807,2765366.126422,0.355045871559633,0.0306422018348624,0.0275229357798165,0.49743119266055,0.0530275229357798,0.0363302752293578
305773.411807,2765366.126422,0.679691799669785,0.0315538433314988,0.0177949000183453,0.0656760227481196,0.0344890845716382,0.170794349660613
306273.411807,2765366.126422,0.435897435897436,0.0258241758241758,0.0393772893772894,0.202564102564103,0.127472527472527,0.168864468864469
306773.411807,2765366.126422,0.398165137614679,0.0647706422018349,0.0601834862385321,0.351743119266055,0.0489908256880734,0.0761467889908257
307273.411807,2765366.126422,0.809209319390937,0.00293524124013942,0,0.00348559897266557,0.0137589433131535,0.170610897083104
307773.411807,2765366.126422,0.117582417582418,0.034981684981685,0.0521978021978022,0.27967032967033,0.1503663003663,0.365201465201465
308273.411807,2765366.126422,0.712844036697248,0.0363302752293578,0.0155963302752294,0.139816513761468,0.0286238532110092,0.0667889908256881
308773.411807,2765366.126422,0.737846266740048,0.00605393505778756,0.0181618051733627,0.066042927903137,0.02568336085122,0.146211704274445
309273.411807,2765366.126422,0.62985347985348,0.00384615384615385,0,0.0761904761904762,0.0822344322344322,0.207875457875458
309773.411807,2765366.126422,0.668807339449541,0.0256880733944954,0.0293577981651376,0.0576146788990826,0.0411009174311927,0.17743119266055
310273.411807,2765366.126422,0.869381764813796,0.002568336085122,0.000183452577508714,0.00238488350761328,0.00165107319757843,0.123830489818382
310773.411807,2765366.126422,0.857692307692308,0.00128205128205128,0,0.000366300366300366,0,0.140659340659341
311273.411807,2765366.126422,0.700366972477064,0.0036697247706422,0,0.00807339449541284,0.0122935779816514,0.275596330275229
311773.411807,2765366.126422,0.551274995413686,0.0113740598055403,0.00550357732526142,0.0651256650155935,0.0766831773986425,0.290038525041277
312273.411807,2765366.126422,0.693406593406593,0.00622710622710623,0,0.00567765567765568,0.00421245421245421,0.29047619047619
312773.411807,2765366.126422,0.931009174311927,0.00256880733944954,0,0,0,0.0664220183486239
300773.411807,2764866.126422,0.0902930402930403,0.028021978021978,0.0443223443223443,0.755860805860806,0.0457875457875458,0.0357142857142857
301273.411807,2764866.126422,0.0324175824175824,0.0141025641025641,0.0256410256410256,0.882783882783883,0.0322344322344322,0.0128205128205128
301773.411807,2764866.126422,0.0214521452145215,0.0232856618995233,0.00751741840850752,0.926659332599927,0.0196186285295196,0.00146681334800147
302273.411807,2764866.126422,0.155860805860806,0.0100732600732601,0.063003663003663,0.644322344322344,0.0646520146520147,0.0620879120879121
302773.411807,2764866.126422,0.0954212454212454,0.0245421245421245,0.0373626373626374,0.764102564102564,0.0263736263736264,0.0521978021978022
303273.411807,2764866.126422,0.0665566556655666,0.0528052805280528,0.162816281628163,0.335166850018335,0.0775577557755776,0.305097176384305
303773.411807,2764866.126422,0.10952380952381,0.101282051282051,0.170879120879121,0.378388278388278,0.0732600732600733,0.166666666666667
304273.411807,2764866.126422,0.149267399267399,0.0382783882783883,0.0974358974358974,0.391941391941392,0.0730769230769231,0.25
304773.411807,2764866.126422,0.277411074440777,0.0368536853685369,0.114044737807114,0.517968463513018,0.0247524752475248,0.028969563623029
305273.411807,2764866.126422,0.566483516483516,0.0274725274725275,0.0384615384615385,0.197252747252747,0.089010989010989,0.0813186813186813
305773.411807,2764866.126422,0.688278388278388,0.0267399267399267,0.0282051282051282,0.103663003663004,0.0661172161172161,0.086996336996337
306273.411807,2764866.126422,0.447744774477448,0.0276861019435277,0.0418041804180418,0.248808214154749,0.0821415474880821,0.151815181518152
306773.411807,2764866.126422,0.297802197802198,0.0311355311355311,0.0467032967032967,0.415018315018315,0.0985347985347985,0.110805860805861
307273.411807,2764866.126422,0.144139194139194,0.0225274725274725,0.0771062271062271,0.526373626373626,0.1,0.12985347985348
307773.411807,2764866.126422,0.0962596259625963,0.0581224789145581,0.0843417675100843,0.352585258525853,0.135130179684635,0.273560689402274
308273.411807,2764866.126422,0.453296703296703,0.0507326007326007,0.0457875457875458,0.210989010989011,0.105677655677656,0.133516483516484
308773.411807,2764866.126422,0.86007326007326,0.00824175824175824,0.00457875457875458,0.0168498168498168,0.0195970695970696,0.0906593406593407
309273.411807,2764866.126422,0.711404473780711,0.015951595159516,0.0194352768610194,0.0597726439310598,0.0386872020535387,0.154748808214155
309773.411807,2764866.126422,0.753113553113553,0.0043956043956044,0.000549450549450549,0.0168498168498168,0.0234432234432234,0.201648351648352
310273.411807,2764866.126422,0.604761904761905,0.0148351648351648,0,0.00769230769230769,0.0122710622710623,0.36043956043956
310773.411807,2764866.126422,0.915474880821415,0.00293362669600293,0.00293362669600293,0.0033003300330033,0.00421708837550422,0.0711404473780711
311273.411807,2764866.126422,0.715934065934066,0.0172161172161172,0.00421245421245421,0.017032967032967,0.0221611721611722,0.223443223443223
311773.411807,2764866.126422,0.921611721611722,0.00787545787545788,0,0,0,0.0705128205128205
312273.411807,2764866.126422,0.799046571323799,0.0121012101210121,0,0.0108177484415108,0.00861752841950862,0.169416941694169
312773.411807,2764866.126422,0.772344322344322,0.00311355311355311,0.000915750915750916,0.00512820512820513,0.0144688644688645,0.204029304029304
300773.411807,2764366.126422,0.58102404110846,0.00880895577170123,0.0205542301339695,0.239126445219306,0.0385391815011929,0.11194714626537
301273.411807,2764366.126422,0.161562442692096,0.0124701998899688,0.0143040528149642,0.706216761415734,0.0718870346598203,0.0335595085274161
301773.411807,2764366.126422,0.102253985706432,0.0141103170240059,0.0252886201209456,0.824262415246472,0.0254718709913872,0.00861279091075683
302273.411807,2764366.126422,0.29858689667829,0.017434391631492,0.0324830244081483,0.52284822903285,0.0590934116351624,0.0695540466140576
302773.411807,2764366.126422,0.214194021639465,0.0498807995598753,0.150192554557125,0.260223730056849,0.0408949202273978,0.284613973959288
303273.411807,2764366.126422,0.00696353307678211,0.0377496793109767,0.171156312992487,0.528862012094557,0.0694520798973795,0.185816382627817
303773.411807,2764366.126422,0.173609836667278,0.0306478252890439,0.0912093962194898,0.49788952101303,0.0833180400073408,0.123325380803817
304273.411807,2764366.126422,0.116449660737209,0.0454795525398863,0.0797726022373006,0.531633962956171,0.103429304969741,0.123234916559692
304773.411807,2764366.126422,0.0494777350192413,0.072200842954004,0.119113065787062,0.610408649441085,0.0553417628733736,0.0934579439252336
305273.411807,2764366.126422,0.253440998348321,0.0664342081115801,0.113415305560653,0.437327950082584,0.0765278032666544,0.0528537346302074
305773.411807,2764366.126422,0.10801393728223,0.04401247019989,0.124518613607189,0.386026040711535,0.0931597285897671,0.244269209609389
306273.411807,2764366.126422,0.247022173355323,0.0364669232178853,0.0256551218618288,0.470771486164559,0.0919919369617006,0.128092358438703
306773.411807,2764366.126422,0.155991925123876,0.0453294182418792,0.0840521196549826,0.509818315287209,0.116718663975041,0.0880895577170123
307273.411807,2764366.126422,0.106730240234733,0.0432789290298918,0.0685860993948285,0.569044562626077,0.105079772602237,0.107280396112232
307773.411807,2764366.126422,0.105735752244823,0.0514934945940993,0.0894264247755177,0.34304562946674,0.146234194612424,0.264064504306395
308273.411807,2764366.126422,0.304643053771334,0.0475316571848046,0.0537713341897596,0.31950816663608,0.134153055606533,0.140392732611488
308773.411807,2764366.126422,0.465248487071337,0.0403447643498991,0.06400146708234,0.151292866312122,0.128553090042179,0.150559325142124
309273.411807,2764366.126422,0.380428807036833,0.0793476269012278,0.0701850833791461,0.138354407183434,0.118380062305296,0.213304013194063
309773.411807,2764366.126422,0.805468893374931,0.0198201504863278,0.000183519911910442,0.00899247568361167,0.0141310332171041,0.151403927326115
310273.411807,2764366.126422,0.860260407115349,0.0161379057399597,0,0.000916926462497708,0.004401247019989,0.118283513662204
310773.411807,2764366.126422,0.725856697819315,0.0089792926516401,0,0.00201575957485798,0.00568077698369067,0.257467472970497
311273.411807,2764366.126422,0.768214351257111,0.00770783630023858,0,0.00201871903101487,0.00238575885483575,0.219673334556799
311773.411807,2764366.126422,0.8798826334128,0.00385109114249037,0,0.00311754997249221,0.00458463231248854,0.108564093159729
312273.411807,2764366.126422,0.717427157778999,0.00238226131574125,0,0.0133773135422393,0.0194245922668133,0.247388675096207
312773.411807,2764366.126422,0.702147182969352,0.00403743806202973,0.000917599559552211,0.0144980730409249,0.0203707102220591,0.258028996146082
300773.411807,2763866.126422,0.22348623853211,0.0181651376146789,0.0102752293577982,0.569724770642202,0.0884403669724771,0.0899082568807339
301273.411807,2763866.126422,0.0654925701706109,0.0132085855806274,0.0475142175747569,0.771051183269125,0.0798018712162906,0.0229315721885892
301773.411807,2763866.126422,0.637545787545788,0.0184981684981685,0.00915750915750916,0.203846153846154,0.0326007326007326,0.0983516483516483
302273.411807,2763866.126422,0.237798165137615,0.04,0.0601834862385321,0.429357798165138,0.0823853211009174,0.150275229357798
302773.411807,2763866.126422,0.08273711245643,0.081452944413869,0.187488534213906,0.238304898183819,0.0900752155567786,0.319941295175197
303273.411807,2763866.126422,0.284249084249084,0.117216117216117,0.00494505494505494,0.176923076923077,0.0525641025641026,0.364102564102564
303773.411807,2763866.126422,0.273211009174312,0.0227522935779817,0.0592660550458716,0.325871559633027,0.0445871559633028,0.274311926605505
304273.411807,2763866.126422,0.0742982938910292,0.0423775454045129,0.0748486516235553,0.776371308016878,0.0260502660062374,0.00605393505778756
304773.411807,2763866.126422,0.0208791208791209,0.00622710622710623,0.0216117216117216,0.92032967032967,0.0274725274725275,0.00347985347985348
305273.411807,2763866.126422,0.0686238532110092,0.0444036697247706,0.0662385321100917,0.615596330275229,0.0977981651376147,0.107339449541284
305773.411807,2763866.126422,0.099431297009723,0.0332049165290772,0.100532012474775,0.532195927352779,0.0708126949183636,0.163823151715282
306273.411807,2763866.126422,0.0847985347985348,0.0241758241758242,0.0313186813186813,0.65970695970696,0.131135531135531,0.0688644688644689
306773.411807,2763866.126422,0.0579816513761468,0.0447706422018349,0.0902752293577982,0.599816513761468,0.116880733944954,0.0902752293577982
307273.411807,2763866.126422,0.0669601907906806,0.0544854155200881,0.089157952669235,0.465786094294625,0.113924050632911,0.20968629609246
307773.411807,2763866.126422,0.388461538461538,0.0789377289377289,0.0454212454212454,0.108424908424908,0.0946886446886447,0.284065934065934
308273.411807,2763866.126422,0.650825688073394,0.0194495412844037,0.00036697247706422,0.0605504587155963,0.0504587155963303,0.218348623853211
308773.411807,2763866.126422,0.672353696569437,0.0146762062006971,0.0100898917629793,0.030820033021464,0.0297193175564117,0.242340854889011
309273.411807,2763866.126422,0.79010989010989,0.015018315018315,0.00787545787545788,0.0294871794871795,0.0223443223443223,0.135164835164835
309773.411807,2763866.126422,0.869908256880734,0.00146788990825688,0,0.0018348623853211,0.00440366972477064,0.122385321100917
310273.411807,2763866.126422,0.883507613281967,0.00972298660796184,0,0.000550357732526142,0.000550357732526142,0.105668684645019
310773.411807,2763866.126422,0.953113553113553,0.00732600732600733,0,0,0,0.0395604395604396
311273.411807,2763866.126422,0.915045871559633,0.00293577981651376,0,0,0.00018348623853211,0.0818348623853211
311773.411807,2763866.126422,0.89157952669235,0.0187121629058888,0,0,0.000366905155017428,0.0893414052467437
312273.411807,2763866.126422,0.865750915750916,0.00293040293040293,0,0.00238095238095238,0.00402930402930403,0.124908424908425
312773.411807,2763866.126422,0.983119266055046,0,0,0,0,0.0168807339449541
300773.411807,2763366.126422,0.535347985347985,0.0212454212454212,0.000915750915750916,0.117216117216117,0.0840659340659341,0.241208791208791
301273.411807,2763366.126422,0.538644688644689,0.0906593406593407,0.0137362637362637,0.158241758241758,0.0357142857142857,0.163003663003663
301773.411807,2763366.126422,0.543087642097543,0.0207187385405207,0.0298863219655299,0.139163916391639,0.0654565456545655,0.201686835350202
302273.411807,2763366.126422,0.052014652014652,0.0258241758241758,0.054029304029304,0.432600732600733,0.108058608058608,0.327472527472527
302773.411807,2763366.126422,0.0351648351648352,0.0456043956043956,0.214652014652015,0.218498168498168,0.0531135531135531,0.432967032967033
303273.411807,2763366.126422,0.24990832416575,0.259442610927759,0.0328199486615328,0.28951228456179,0.0487715438210488,0.11954528786212
303773.411807,2763366.126422,0.145604395604396,0.128937728937729,0.0443223443223443,0.518315018315018,0.0496336996336996,0.113186813186813
304273.411807,2763366.126422,0.111904761904762,0.0315018315018315,0.0382783882783883,0.674358974358974,0.0831501831501831,0.0608058608058608
304773.411807,2763366.126422,0.0511551155115512,0.0465713237990466,0.0630729739640631,0.781811514484782,0.0438210487715438,0.0135680234690136
305273.411807,2763366.126422,0.0608058608058608,0.0657509157509158,0.0941391941391941,0.596520146520147,0.0976190476190476,0.0851648351648352
305773.411807,2763366.126422,0.0694139194139194,0.0166666666666667,0.0545787545787546,0.3503663003663,0.0921245421245421,0.416849816849817
306273.411807,2763366.126422,0.233223322332233,0.0687568756875688,0.181701503483682,0.213054638797213,0.137147048038137,0.166116611661166
306773.411807,2763366.126422,0.492857142857143,0.0558608058608059,0.03003663003663,0.0353479853479853,0.0377289377289377,0.348168498168498
307273.411807,2763366.126422,0.565934065934066,0.0368131868131868,0.00421245421245421,0.028021978021978,0.054029304029304,0.310989010989011
307773.411807,2763366.126422,0.38008800880088,0.0691235790245691,0.00128346167950128,0.0212687935460213,0.0588558855885589,0.469380271360469
308273.411807,2763366.126422,0.907692307692308,0.00421245421245421,0.00201465201465201,0.0106227106227106,0.00787545787545788,0.0675824175824176
308773.411807,2763366.126422,0.563736263736264,0.0142857142857143,0.00567765567765568,0.0404761904761905,0.054029304029304,0.321794871794872
309273.411807,2763366.126422,0.794279427942794,0.00183351668500183,0.00128346167950128,0.0210854418775211,0.0141180784745141,0.167400073340667
309773.411807,2763366.126422,0.922344322344322,0.000732600732600733,0.000732600732600733,0.00183150183150183,0.0032967032967033,0.0710622710622711
310273.411807,2763366.126422,0.955311355311355,0.00567765567765568,0.000183150183150183,0.00128205128205128,0.00293040293040293,0.0346153846153846
310773.411807,2763366.126422,0.978547854785479,0.00421708837550422,0,0,0,0.0172350568390172
311273.411807,2763366.126422,0.926739926739927,0.0236263736263736,0,0.000183150183150183,0.000183150183150183,0.0492673992673993
311773.411807,2763366.126422,0.884798534798535,0.00476190476190476,0,0.00201465201465201,0.000732600732600733,0.107692307692308
312273.411807,2763366.126422,0.923175650898423,0.0484048404840484,0.00275027502750275,0.000733406674000733,0,0.0249358269160249
312773.411807,2763366.126422,0.954578754578755,0.00659340659340659,0,0,0,0.0388278388278388
300773.411807,2762866.126422,0.882547256377317,0.0106441548908057,0,0.00293631859056708,0.00679023674068636,0.097082033400624
301273.411807,2762866.126422,0.818265175132954,0.00201723821749496,0.000183385292499542,0.00311754997249221,0.00421786172748946,0.17219878965707
301773.411807,2762866.126422,0.800623052959502,0.00751328568810702,0.0126443100604728,0.0469122228330585,0.0164925783397471,0.115814550119113
302273.411807,2762866.126422,0.084235639566893,0.0374380620297302,0.028629106258029,0.667461919618279,0.0807487612405946,0.101486511286475
302773.411807,2762866.126422,0.0526315789473684,0.0152209792774619,0.111681643132221,0.405464881716486,0.118100128369705,0.296900788556758
303273.411807,2762866.126422,0.093274693054792,0.0489279824079164,0.241891148982958,0.296866410115448,0.064687557265897,0.254352208172989
303773.411807,2762866.126422,0.0908423563956689,0.0359699027344467,0.0374380620297302,0.741420444118187,0.0616626904019086,0.0326665443200587
304273.411807,2762866.126422,0.0942600403447643,0.037593984962406,0.0491472583898771,0.706583532000734,0.081606455162296,0.030808729139923
304773.411807,2762866.126422,0.0751328568810702,0.0375664284405351,0.0364669232178853,0.75444383360821,0.0584570276708814,0.0379329301814184
305273.411807,2762866.126422,0.133235456046981,0.0396403009726555,0.162965681776473,0.587997797761057,0.0411084602679391,0.0350523031748945
305773.411807,2762866.126422,0.330643682376673,0.122684760682193,0.111681643132221,0.15606088391711,0.0537318907023657,0.225197139189437
306273.411807,2762866.126422,0.696353307678211,0.0216236027121129,0.00238226131574125,0.0130108118013561,0.0139270661535642,0.252702950339014
306773.411807,2762866.126422,0.647641769131951,0.0124793540099101,0.0247751881079097,0.0258763075793724,0.0271609469627455,0.262066434208112
307273.411807,2762866.126422,0.605171465248487,0.00678525582248304,0.000183385292499542,0.004401247019989,0.00953603520997616,0.373922611406565
307773.411807,2762866.126422,0.702583837273227,0.0350009162543522,0.00164925783397471,0.0119113065787062,0.0122778083195895,0.23657687374015
308273.411807,2762866.126422,0.64305377133419,0.0179849513672233,0,0.011194714626537,0.0104606349788952,0.317305927693155
308773.411807,2762866.126422,0.678892352833303,0.00715202640748212,0.000183385292499542,0.00898587933247754,0.00898587933247754,0.295800476801761
309273.411807,2762866.126422,0.771669415429723,0.0225398570643211,0.000549752611324904,0.00824628916987356,0.013560564412681,0.183434121312076
309773.411807,2762866.126422,0.711506698476785,0.0372545421178198,0.00146815929528354,0.0141310332171041,0.0124793540099101,0.223160212883098
310273.411807,2762866.126422,0.677425270493306,0.0143040528149642,0,0.00513478818998716,0.0139372822299652,0.289198606271777
310773.411807,2762866.126422,0.88565145684442,0.00201575957485798,0,0.00201575957485798,0.00348176653839106,0.106835257467473
311273.411807,2762866.126422,0.959442099467792,0,0,0.000550559735731327,0.00165167920719398,0.0383556615892824
311773.411807,2762866.126422,0.973959288465065,0.000183385292499542,0,0,0.000183385292499542,0.0256739409499358
312273.411807,2762866.126422,0.969946857247572,0.0104452996151732,0,0,0,0.0196078431372549
312773.411807,2762866.126422,0.955221141493852,0.0154156726004772,0,0,0,0.0293631859056708
300773.411807,2762366.126422,0.948256880733945,0,0,0,0,0.051743119266055
301273.411807,2762366.126422,0.943129700972299,0.000183452577508714,0,0.00091726288754357,0.00311869381764814,0.0526508897450009
301773.411807,2762366.126422,0.607326007326007,0.0117216117216117,0.00787545787545788,0.1003663003663,0.0600732600732601,0.212637362637363
302273.411807,2762366.126422,0.101651376146789,0.0234862385321101,0.0658715596330275,0.655412844036697,0.0814678899082569,0.0721100917431193
302773.411807,2762366.126422,0.154650522839846,0.0238488350761328,0.0286186020913594,0.125114657860943,0.123830489818382,0.543936892313337
303273.411807,2762366.126422,0.0917582417582418,0.0514652014652015,0.111721611721612,0.228021978021978,0.114835164835165,0.402197802197802
303773.411807,2762366.126422,0.155045871559633,0.095045871559633,0.173394495412844,0.128807339449541,0.0478899082568807,0.399816513761468
304273.411807,2762366.126422,0.135754907356448,0.0623738763529628,0.0387084938543387,0.58484681709778,0.106585947532563,0.0717299578059072
304773.411807,2762366.126422,0.0970695970695971,0.0417582417582418,0.106043956043956,0.636630036630037,0.0749084249084249,0.0435897435897436
305273.411807,2762366.126422,0.463119266055046,0.0702752293577982,0.0365137614678899,0.282201834862385,0.0809174311926606,0.0669724770642202
305773.411807,2762366.126422,0.780223812144561,0.0273344340487984,0.000366905155017428,0.00348559897266557,0.00587048248027885,0.182718767198679
306273.411807,2762366.126422,0.668315018315018,0.00824175824175824,0,0.000183150183150183,0,0.323260073260073
306773.411807,2762366.126422,0.751559633027523,0.00513761467889908,0,0,0,0.243302752293578
307273.411807,2762366.126422,0.503210420106402,0.0122913226930838,0.00165107319757843,0.0225646670335718,0.0254999082737112,0.434782608695652
307773.411807,2762366.126422,0.926373626373626,0.00146520146520147,0,0.00146520146520147,0.00366300366300366,0.067032967032967
308273.411807,2762366.126422,0.717247706422018,0.0154128440366972,0.00018348623853211,0.00403669724770642,0.00623853211009174,0.256880733944954
308773.411807,2762366.126422,0.466336452027151,0.00953953403045313,0,0.0209135938359934,0.0387084938543387,0.464501926252064
309273.411807,2762366.126422,0.527289377289377,0.0379120879120879,0.00256410256410256,0.036996336996337,0.0393772893772894,0.355860805860806
309773.411807,2762366.126422,0.705137614678899,0.0159633027522936,0.00110091743119266,0.00880733944954129,0.0110091743119266,0.257981651376147
310273.411807,2762366.126422,0.682810493487434,0.0130251330031187,0.00293524124013942,0.0157769216657494,0.021830856723537,0.263621353880022
310773.411807,2762366.126422,0.96978021978022,0.00860805860805861,0,0,0,0.0216117216117216
311273.411807,2762366.126422,0.944036697247706,0.00568807339449541,0,0.00128440366972477,0.00348623853211009,0.0455045871559633
311773.411807,2762366.126422,0.993946064942212,0.000183452577508714,0,0,0,0.00587048248027885
312273.411807,2762366.126422,0.996153846153846,0.00164835164835165,0,0,0,0.0021978021978022
312773.411807,2762366.126422,0.963669724770642,0.0299082568807339,0,0,0,0.00642201834862385
300773.411807,2761866.126422,0.943040293040293,0,0,0,0,0.056959706959707
301273.411807,2761866.126422,0.800732600732601,0.00622710622710623,0.00787545787545788,0.0465201465201465,0.0446886446886447,0.093956043956044
301773.411807,2761866.126422,0.116428309497616,0.0408874220755409,0.0777411074440777,0.584158415841584,0.0892922625595893,0.0914924825815915
302273.411807,2761866.126422,0.0783882783882784,0.00824175824175824,0.0445054945054945,0.600915750915751,0.0769230769230769,0.191025641025641
302773.411807,2761866.126422,0.0921245421245421,0.0135531135531136,0.00952380952380952,0.512637362637363,0.107509157509158,0.264652014652015
303273.411807,2761866.126422,0.218555188852219,0.0152181884855152,0.050971763843051,0.321965529886322,0.126329299596626,0.266960029336267
303773.411807,2761866.126422,0.101648351648352,0.0223443223443223,0.119047619047619,0.345238095238095,0.127838827838828,0.283882783882784
304273.411807,2761866.126422,0.139010989010989,0.0683150183150183,0.185164835164835,0.337362637362637,0.0935897435897436,0.176556776556777
304773.411807,2761866.126422,0.37972130546388,0.0282361569490282,0.0265859919325266,0.507884121745508,0.0361202786945361,0.0214521452145215
305273.411807,2761866.126422,0.659340659340659,0.0360805860805861,0.0287545787545788,0.0487179487179487,0.0485347985347985,0.178571428571429
305773.411807,2761866.126422,0.683516483516484,0.0186813186813187,0.0122710622710623,0.00714285714285714,0.0126373626373626,0.265750915750916
306273.411807,2761866.126422,0.331866519985332,0.00293362669600293,0.000366703337000367,0.0425375870920425,0.0223689035570224,0.5999266593326
306773.411807,2761866.126422,0.509340659340659,0.0108058608058608,0,0.00274725274725275,0.00347985347985348,0.473626373626374
307273.411807,2761866.126422,0.832234432234432,0.0153846153846154,0,0.000915750915750916,0.00293040293040293,0.148534798534799
307773.411807,2761866.126422,0.846167950128346,0.00256692335900257,0,0.00183351668500183,0.00458379171250458,0.144847818115145
308273.411807,2761866.126422,0.914285714285714,0,0,0.00183150183150183,0.00274725274725275,0.0811355311355311
308773.411807,2761866.126422,0.772527472527473,0.0124542124542125,0.000183150183150183,0.0043956043956044,0.00366300366300366,0.206776556776557
309273.411807,2761866.126422,0.947561422808948,0.022002200220022,0,0,0.000366703337000367,0.0300696736340301
309773.411807,2761866.126422,0.994322344322344,0.00201465201465201,0,0,0,0.00366300366300366
310273.411807,2761866.126422,0.928937728937729,0.000549450549450549,0,0.0032967032967033,0.00421245421245421,0.063003663003663
310773.411807,2761866.126422,0.988815548221489,0.00201686835350202,0,0,0,0.00916758342500917
311273.411807,2761866.126422,0.902380952380952,0.0261904761904762,0,0.000732600732600733,0.0010989010989011,0.0695970695970696
311773.411807,2761866.126422,0.983516483516483,0,0,0,0.000549450549450549,0.0159340659340659
312273.411807,2761866.126422,0.947194719471947,0.000183351668500183,0,0.000916758342500917,0.00495049504950495,0.0467546754675468
312773.411807,2761866.126422,0.954212454212454,0.00732600732600733,0,0.000366300366300366,0.000732600732600733,0.0373626373626374
300773.411807,2761366.126422,0.579739401725087,0.0266103872270141,0.00238575885483575,0.156726004771518,0.0794641218572215,0.155074325564324
301273.411807,2761366.126422,0.145057766367137,0.0216394645149459,0.0165046763249587,0.546488171648634,0.1201173665872,0.150192554557125
301773.411807,2761366.126422,0.249770936411948,0.0562580172255818,0.0459959684808503,0.444016859080081,0.128092358438703,0.0758658603628367
302273.411807,2761366.126422,0.318774086988438,0.0335841438796109,0.0255092677555515,0.248118920902918,0.119471462653698,0.254542117819783
302773.411807,2761366.126422,0.352466532184119,0.0148542086924629,0.0126535851824684,0.272693929946818,0.112965340179718,0.234366403814414
303273.411807,2761366.126422,0.282939343961884,0.0205240974894631,0.00128275609309144,0.0483782297965915,0.0447132123877588,0.602162360271211
303773.411807,2761366.126422,0.189943108827308,0.0326665443200587,0.0805652413286842,0.437511469994494,0.0974490732244448,0.16186456230501
304273.411807,2761366.126422,0.0990280579497524,0.0416284613973959,0.2400513478819,0.504492939666239,0.0414450761048964,0.0733541169998166
304773.411807,2761366.126422,0.923950888766722,0.015026571376214,0.00751328568810702,0.024555616639179,0.00513102437236577,0.0238226131574125
305273.411807,2761366.126422,0.781978344650395,0.00256927876674619,0.000550559735731327,0.0130299137456414,0.0159662323362085,0.185905670765278
305773.411807,2761366.126422,0.73610856409316,0.0144874381074638,0.0161379057399597,0.0548322024573629,0.0227397762699432,0.155694113332111
306273.411807,2761366.126422,0.761957119296317,0.00659703133589885,0,0.00348176653839106,0.00238226131574125,0.225581821513652
306773.411807,2761366.126422,0.977060011011195,0,0,0,0.000183519911910442,0.0227564690768948
307273.411807,2761366.126422,0.639097744360902,0.0104529616724739,0.000183385292499542,0.0104529616724739,0.0198056115899505,0.3200073354117
307773.411807,2761366.126422,0.899761773868426,0.000549752611324904,0,0.00366501740883269,0.00568077698369067,0.0903426791277259
308273.411807,2761366.126422,0.876307579372362,0.00532207744540283,0.000367039823820885,0.00789135621214902,0.00880895577170123,0.101302991374564
308773.411807,2761366.126422,0.877865395195305,0.035209976159912,0,0.0075187969924812,0.00935264991747662,0.0700531817348249
309273.411807,2761366.126422,0.979292651640095,0,0,0,0,0.0207073483599047
309773.411807,2761366.126422,0.990456964580657,0,0,0,0.000367039823820885,0.00917599559552211
310273.411807,2761366.126422,0.937282229965157,0.000366770584999083,0,0.000183385292499542,0.000550155877498625,0.061617458279846
310773.411807,2761366.126422,0.976360637713029,0,0,0,0,0.0236393622869709
311273.411807,2761366.126422,0.822169205358781,0.00183519911910442,0.00110111947146265,0.0189025509267756,0.0335841438796109,0.122407781244265
311773.411807,2761366.126422,0.838437557307904,0.00366770584999083,0,0.00605171465248487,0.0168714469099578,0.134971575279663
312273.411807,2761366.126422,0.859080080630383,0.0104452996151732,0,0.00146600696353308,0.0053142752428074,0.123694337548103
312773.411807,2761366.126422,0.875940539548541,0.0047715177096715,0,0.00623967700495504,0.017434391631492,0.0956138741053404
300773.411807,2760866.126422,0.345871559633028,0.0337614678899083,0.0036697247706422,0.154862385321101,0.106422018348624,0.355412844036697
301273.411807,2760866.126422,0.360484314804623,0.0227481196110805,0.00220143093010457,0.176297926985874,0.126031920748487,0.312236286919831
301773.411807,2760866.126422,0.336996336996337,0.034981684981685,0.00549450549450549,0.204761904761905,0.204029304029304,0.213736263736264
302273.411807,2760866.126422,0.445321100917431,0.0381651376146789,0.0537614678899083,0.106422018348624,0.10348623853211,0.252844036697248
302773.411807,2760866.126422,0.412951751972115,0.0355898000366905,0.00843881856540084,0.121445606310769,0.0867730691616217,0.334800953953403
303273.411807,2760866.126422,0.565567765567766,0.0175824175824176,0.000366300366300366,0.128937728937729,0.0974358974358974,0.19010989010989
303773.411807,2760866.126422,0.63651376146789,0.0212844036697248,0.00385321100917431,0.0968807339449541,0.0557798165137615,0.185688073394495
304273.411807,2760866.126422,0.115208218675472,0.0315538433314988,0.234635846633645,0.447073931388736,0.103283801137406,0.0682443588332416
304773.411807,2760866.126422,0.571978021978022,0.0252747252747253,0.0346153846153846,0.147435897435897,0.0767399267399267,0.143956043956044
305273.411807,2760866.126422,0.595045871559633,0.0119266055045872,0.00954128440366972,0.161467889908257,0.0539449541284404,0.168073394495413
305773.411807,2760866.126422,0.596771234635847,0.019262520638415,0.0187121629058888,0.124747752705926,0.0702623371858375,0.170243991928087
306273.411807,2760866.126422,0.587728937728938,0.023992673992674,0.0322344322344322,0.188095238095238,0.0899267399267399,0.078021978021978
306773.411807,2760866.126422,0.492293577981651,0.0227522935779817,0.0209174311926606,0.207889908256881,0.10348623853211,0.152660550458716
307273.411807,2760866.126422,0.678040726472207,0.0198128783709411,0.00220143093010457,0.063474591818015,0.0667767382131719,0.16969363419556
307773.411807,2760866.126422,0.965934065934066,0.00879120879120879,0.000183150183150183,0.000183150183150183,0.0021978021978022,0.0227106227106227
308273.411807,2760866.126422,0.990275229357798,0.00238532110091743,0,0,0,0.0073394495412844
308773.411807,2760866.126422,0.946982205099982,0.00165107319757843,0,0,0.000183452577508714,0.0511832691249312
309273.411807,2760866.126422,0.806959706959707,0.0010989010989011,0,0.00879120879120879,0.0172161172161172,0.165934065934066
309773.411807,2760866.126422,0.791926605504587,0.000917431192660551,0,0.0102752293577982,0.0187155963302752,0.178165137614679
310273.411807,2760866.126422,0.918180150431114,0,0,0.000366905155017428,0,0.081452944413869
310773.411807,2760866.126422,0.778937728937729,0.0153846153846154,0,0.0135531135531136,0.0272893772893773,0.164835164835165
311273.411807,2760866.126422,0.944770642201835,0.00458715596330275,0.00018348623853211,0.00036697247706422,0.00165137614678899,0.0484403669724771
311773.411807,2760866.126422,0.987892129884425,0.00201797835259585,0,0,0,0.0100898917629793
312273.411807,2760866.126422,0.983333333333333,0,0,0,0,0.0166666666666667
312773.411807,2760866.126422,0.985688073394495,0,0,0,0,0.0143119266055046
300773.411807,2760366.126422,0.431868131868132,0.0102564102564103,0.0043956043956044,0.184065934065934,0.116483516483516,0.252930402930403
301273.411807,2760366.126422,0.441575091575092,0.0205128205128205,0.0106227106227106,0.143956043956044,0.131318681318681,0.252014652014652
301773.411807,2760366.126422,0.349101576824349,0.0339200586725339,0.0535386872020535,0.194169416941694,0.226439310597726,0.142830949761643
302273.411807,2760366.126422,0.469413919413919,0.0153846153846154,0.0291208791208791,0.126739926739927,0.176007326007326,0.183333333333333
302773.411807,2760366.126422,0.520512820512821,0.0357142857142857,0.00311355311355311,0.0826007326007326,0.0602564102564103,0.297802197802198
303273.411807,2760366.126422,0.702970297029703,0.0132013201320132,0.00201686835350202,0.0878254492115878,0.0837917125045838,0.11019435276861
303773.411807,2760366.126422,0.755860805860806,0.00787545787545788,0.00952380952380952,0.105494505494505,0.026007326007326,0.0952380952380952
304273.411807,2760366.126422,0.503663003663004,0.0131868131868132,0.146336996336996,0.0467032967032967,0.0347985347985348,0.255311355311355
304773.411807,2760366.126422,0.368353502016868,0.0117345067840117,0.203703703703704,0.046021268793546,0.022002200220022,0.348184818481848
305273.411807,2760366.126422,0.468315018315018,0.0368131868131868,0.0582417582417582,0.188827838827839,0.0752747252747253,0.172527472527473
305773.411807,2760366.126422,0.476007326007326,0.0415750915750916,0.0298534798534799,0.161904761904762,0.0851648351648352,0.205494505494505
306273.411807,2760366.126422,0.765859919325266,0.0238357169050238,0.0033003300330033,0.0685735240190686,0.0258525852585259,0.112577924459113
306773.411807,2760366.126422,0.873809523809524,0.00549450549450549,0.000183150183150183,0.00238095238095238,0.00769230769230769,0.11043956043956
307273.411807,2760366.126422,0.698901098901099,0.00934065934065934,0.00128205128205128,0.0228937728937729,0.0335164835164835,0.234065934065934
307773.411807,2760366.126422,0.812797946461313,0.0121012101210121,0,0.0122845617895123,0.0229189585625229,0.13989732306564
308273.411807,2760366.126422,0.677838827838828,0.00860805860805861,0.00622710622710623,0.0232600732600733,0.0474358974358974,0.236630036630037
308773.411807,2760366.126422,0.86007326007326,0.00494505494505494,0,0.00421245421245421,0.0117216117216117,0.119047619047619
309273.411807,2760366.126422,0.832416574990832,0.015951595159516,0,0.00788412174550788,0.0157682434910158,0.127979464613128
309773.411807,2760366.126422,0.898168498168498,0.0245421245421245,0,0.00366300366300366,0.00494505494505494,0.0686813186813187
310273.411807,2760366.126422,0.85989010989011,0.00897435897435897,0.000183150183150183,0.00183150183150183,0.013003663003663,0.116117216117216
310773.411807,2760366.126422,0.875137513751375,0.0104510451045105,0,0,0,0.114411441144114
311273.411807,2760366.126422,0.91043956043956,0.000183150183150183,0,0.00146520146520147,0.00256410256410256,0.0853479853479854
311773.411807,2760366.126422,0.984432234432234,0,0,0,0,0.0155677655677656
312273.411807,2760366.126422,0.996149614961496,0,0,0,0,0.00385038503850385
312773.411807,2760366.126422,0.906593406593407,0.000366300366300366,0,0.000915750915750916,0.0010989010989011,0.091025641025641
300773.411807,2759866.126422,0.389245733162048,0.0541383740135805,0.0110111947146265,0.307579372361901,0.126628739218205,0.111396586529638
301273.411807,2759866.126422,0.874564459930314,0.00146708233999633,0.000366770584999083,0.0104529616724739,0.00916926462497708,0.10397946084724
