"x","y","forest","agri","water","built","other","grass"
185773.411807,2502866.126422,0.0154525386313466,0.0143487858719647,0,0.926048565121413,0.0242825607064018,0.0198675496688742
186273.411807,2502866.126422,0.0934959349593496,0.155409631019387,0,0.382739212007505,0.104440275171982,0.263914946841776
186773.411807,2502866.126422,0.0777185835161391,0.160137887809464,0,0.252898777812598,0.136320902538389,0.37292384832341
187273.411807,2502866.126422,0.0231611893583725,0.0788732394366197,0,0.475430359937402,0.267605633802817,0.154929577464789
187773.411807,2502866.126422,0.0472170106316448,0.208255159474672,0.00469043151969981,0.445278298936836,0.146654158849281,0.147904940587867
188273.411807,2502866.126422,0.0247571294265121,0.537135694139768,0.000626762770291445,0.138827953619555,0.124412409902852,0.174240050141022
188773.411807,2502866.126422,0.031924882629108,0.576525821596244,0,0.0391236306729265,0.103286384976526,0.249139280125196
189273.411807,2502866.126422,0.0206378986866792,0.0891181988742964,0,0.711382113821138,0.122263914946842,0.0565978736710444
189773.411807,2502866.126422,0.0548417424005014,0.592917580695707,0,0.130680037605766,0.065496709495456,0.15606392980257
190273.411807,2502866.126422,0.103912363067293,0.348043818466354,0,0.129890453834116,0.118622848200313,0.299530516431925
190773.411807,2502866.126422,0.100687929956223,0.354596622889306,0.0034396497811132,0.116010006253909,0.145716072545341,0.279549718574109
191273.411807,2502866.126422,0.00376057662174867,0.611093701034159,0,0.0119084926355374,0.0401128172986525,0.333124412409903
191773.411807,2502866.126422,0.0028169014084507,0.675743348982786,0,0.00219092331768388,0.021283255086072,0.297965571205008
192273.411807,2502866.126422,0,0.111632270168856,0.121638524077548,0.466228893058161,0.214509068167605,0.0859912445278299
192773.411807,2502866.126422,0.0194296458790348,0.822626136007521,0,0.0028204324663115,0.00344719523660295,0.15167659041053
193273.411807,2502866.126422,0.0156494522691706,0.629107981220657,0.005320813771518,0.031924882629108,0.0913928012519562,0.22660406885759
193773.411807,2502866.126422,0.0797373358348968,0.344590368980613,0.0250156347717323,0.066916823014384,0.0953721075672295,0.388367729831144
194273.411807,2502866.126422,0.0968348480100282,0.240050141021623,0.0219366969602006,0.0908806016922595,0.150736446255092,0.399561266060796
194773.411807,2502866.126422,0.0269170579029734,0.0967136150234742,0.0807511737089202,0.436306729264476,0.161189358372457,0.1981220657277
195273.411807,2502866.126422,0.0778611632270169,0.187304565353346,0.0125078173858662,0.196060037523452,0.233583489681051,0.292682926829268
195773.411807,2502866.126422,0.102162331557505,0.0698840488874961,0,0.403008461297399,0.199937323722971,0.225007834534629
196273.411807,2502866.126422,0.0679186228482003,0.177777777777778,0,0.343348982785602,0.151173708920188,0.259780907668232
196773.411807,2502866.126422,0.075046904315197,0.185428392745466,0,0.32614133833646,0.198874296435272,0.214509068167605
197273.411807,2502866.126422,0.0648699467251645,0.247571294265121,0.00125352554058289,0.222187402068317,0.12159197743654,0.342525853964275
197773.411807,2502866.126422,0.0394366197183099,0.611267605633803,0,0.017527386541471,0.07981220657277,0.251956181533646
198273.411807,2502866.126422,0.0769230769230769,0.351156973108193,0,0.141025641025641,0.219199499687305,0.211694809255785
185773.411807,2502366.126422,0.13560411311054,0.0353470437017995,0,0.498071979434447,0.0941516709511568,0.236825192802057
186273.411807,2502366.126422,0.218188485515218,0.0533553355335534,0,0.176751008434177,0.0936927026035937,0.458012467913458
186773.411807,2502366.126422,0.00915750915750916,0.172893772893773,0,0.620695970695971,0.0815018315018315,0.115750915750916
187273.411807,2502366.126422,0.0598901098901099,0.153479853479853,0,0.483699633699634,0.194322344322344,0.108608058608059
187773.411807,2502366.126422,0.0507884121745508,0.0991932526585992,0,0.420975430876421,0.116978364503117,0.312064539787312
188273.411807,2502366.126422,0.0205128205128205,0.601098901098901,0,0.107142857142857,0.104029304029304,0.167216117216117
188773.411807,2502366.126422,0.0360805860805861,0.613553113553114,0,0.0351648351648352,0.0868131868131868,0.228388278388278
189273.411807,2502366.126422,0.0781078107810781,0.0775577557755776,0,0.59039237257059,0.144847818115145,0.109094242757609
189773.411807,2502366.126422,0.0600732600732601,0.361904761904762,0,0.24029304029304,0.186080586080586,0.151648351648352
190273.411807,2502366.126422,0.0565934065934066,0.46978021978022,0,0.0710622710622711,0.141575091575092,0.260989010989011
190773.411807,2502366.126422,0.0348368170150348,0.441327466079941,0,0.0760909424275761,0.165016501650165,0.282728272827283
191273.411807,2502366.126422,0.107142857142857,0.217765567765568,0.00842490842490842,0.253296703296703,0.123809523809524,0.28956043956044
191773.411807,2502366.126422,0.00256410256410256,0.664835164835165,0,0.000183150183150183,0.00549450549450549,0.326923076923077
192273.411807,2502366.126422,0,0.191969196919692,0.0364869820315365,0.52016868353502,0.0830583058305831,0.168316831683168
192773.411807,2502366.126422,0.00787545787545788,0.661355311355311,0,0.000183150183150183,0.00586080586080586,0.324725274725275
193273.411807,2502366.126422,0.0111721611721612,0.722527472527473,0,0.000915750915750916,0.021978021978022,0.243406593406593
193773.411807,2502366.126422,0.129079574624129,0.279427942794279,0.0331866519985332,0.0918591859185919,0.157682434910158,0.308764209754309
194273.411807,2502366.126422,0.0846153846153846,0.257142857142857,0.0549450549450549,0.133516483516484,0.145054945054945,0.324725274725275
194773.411807,2502366.126422,0.107509157509158,0.0888278388278388,0.000366300366300366,0.397802197802198,0.17967032967033,0.225824175824176
195273.411807,2502366.126422,0.0821415474880821,0.119361936193619,0.000366703337000367,0.392739273927393,0.193069306930693,0.212321232123212
195773.411807,2502366.126422,0.0626373626373626,0.102930402930403,0.00567765567765568,0.514835164835165,0.177289377289377,0.136630036630037
196273.411807,2502366.126422,0.08003663003663,0.214285714285714,0,0.3503663003663,0.178388278388278,0.176923076923077
196773.411807,2502366.126422,0.050971763843051,0.14044737807114,0.046021268793546,0.379171250458379,0.191785845251192,0.191602493582692
197273.411807,2502366.126422,0.128571428571429,0.290659340659341,0,0.112820512820513,0.106410256410256,0.361538461538462
197773.411807,2502366.126422,0.117948717948718,0.255494505494505,0,0.0531135531135531,0.161172161172161,0.412271062271062
198273.411807,2502366.126422,0.158965896589659,0.163916391639164,0.00238357169050238,0.0625229189585625,0.115144847818115,0.497066373303997
185773.411807,2501866.126422,0.455541237113402,0,0,0.00966494845360825,0.00902061855670103,0.525773195876289
186273.411807,2501866.126422,0.45519516217702,0,0,0.000733003481766538,0.00183250870441635,0.542239325636797
186773.411807,2501866.126422,0.14516425032116,0.0150486327766563,0,0.291062580289961,0.0761607634428336,0.472563773169389
187273.411807,2501866.126422,0.0135705116449661,0.110581331377224,0,0.597285897671007,0.127086007702182,0.151476251604621
187773.411807,2501866.126422,0.0155763239875389,0.110133773135422,0.0175920835623969,0.430822796408283,0.240241891148983,0.185633131757376
188273.411807,2501866.126422,0.0334006239677005,0.444668746559002,0,0.243530923105157,0.118003303358414,0.160396403009727
188773.411807,2501866.126422,0.0377773702549056,0.272693929946818,0,0.352649917476618,0.131120484137172,0.205758298184486
189273.411807,2501866.126422,0.0393989371449514,0.0806303829943192,0,0.646509070918087,0.139087410665201,0.0943741982774418
189773.411807,2501866.126422,0.0548724536612222,0.245182602312351,0.000734079647641769,0.334373279500826,0.19104422829877,0.173793356579189
190273.411807,2501866.126422,0.0764716669723088,0.474234366403814,0,0.11608289015221,0.152759948652118,0.180451127819549
190773.411807,2501866.126422,0.0610225398570643,0.490379329301814,0.00164925783397471,0.0342679127725857,0.0991387209089243,0.313542239325637
191273.411807,2501866.126422,0.0447788585061479,0.475683611671866,0,0.323362084786199,0.100568911726922,0.055606533308864
191773.411807,2501866.126422,0.0799559875298001,0.279479185769301,0,0.0198056115899505,0.081606455162296,0.539152759948652
192273.411807,2501866.126422,0.000916254352208173,0.118013560564413,0.204141469671981,0.660069635330768,0.00384826827927433,0.0130108118013561
192773.411807,2501866.126422,0.0165167920719398,0.643971370893742,0,0.00293631859056708,0.0122958340979996,0.324279684345751
193273.411807,2501866.126422,0.0293416467999266,0.749862461030625,0,0.00330093526499175,0.00935264991747662,0.20814230698698
193773.411807,2501866.126422,0.0870441634597764,0.246105919003115,0.00183250870441635,0.0313358988455195,0.117830309693971,0.515851200293201
194273.411807,2501866.126422,0.0726738851165352,0.302257294916498,0.0163332721600294,0.103321710405579,0.176546155257845,0.328867682143513
194773.411807,2501866.126422,0.0808729139922978,0.289748762149276,0.0207225380524482,0.141940216394645,0.202457362919494,0.264258206491839
195273.411807,2501866.126422,0.034084661902144,0.0921751878321422,0,0.587502290635881,0.154297232911856,0.131940626717977
195773.411807,2501866.126422,0.0600110111947146,0.10772618829143,0,0.548541016700312,0.160763442833547,0.122958340979996
196273.411807,2501866.126422,0.146158078122135,0.292316156244269,0.00256739409499358,0.27214377406932,0.111681643132221,0.175132954337062
196773.411807,2501866.126422,0.119296316657504,0.107751511819681,0,0.325636796774785,0.200842954004032,0.246472420743999
197273.411807,2501866.126422,0.114883464855937,0.334923839236557,0,0.0820334006239677,0.144063130849697,0.324096164433841
197773.411807,2501866.126422,0.0940766550522648,0.321657803044196,0.00183385292499542,0.0469466348798826,0.127269392994682,0.408215661103979
198273.411807,2501866.126422,0.136705149349459,0.232362103719993,0,0.0302363936228697,0.11434854315558,0.486347810152098
185773.411807,2501366.126422,0.569909793814433,0,0,0,0,0.430090206185567
186273.411807,2501366.126422,0.588827838827839,0.000549450549450549,0,0.00769230769230769,0.00842490842490842,0.394505494505494
186773.411807,2501366.126422,0.115412844036697,0.0115596330275229,0,0.107889908256881,0.103119266055046,0.662018348623853
187273.411807,2501366.126422,0.085305448541552,0.0216474041460283,0,0.626674004769767,0.111906072280316,0.154467070262337
187773.411807,2501366.126422,0.0435897435897436,0.219230769230769,0,0.426373626373626,0.166300366300366,0.144505494505494
188273.411807,2501366.126422,0.02,0.304587155963303,0,0.360183486238532,0.172660550458716,0.14256880733945
188773.411807,2501366.126422,0.0390753990093561,0.223445239405614,0.00935608145294441,0.377728857090442,0.184920198128784,0.16547422491286
189273.411807,2501366.126422,0.0728937728937729,0.295054945054945,0,0.296336996336996,0.161538461538462,0.174175824175824
189773.411807,2501366.126422,0.0638532110091743,0.151192660550459,0.00311926605504587,0.435045871559633,0.198899082568807,0.147889908256881
190273.411807,2501366.126422,0.081452944413869,0.411484131352045,0,0.0759493670886076,0.186020913593836,0.245092643551642
190773.411807,2501366.126422,0.0617216117216117,0.373076923076923,0.021978021978022,0.00897435897435897,0.0521978021978022,0.482051282051282
191273.411807,2501366.126422,0.00293577981651376,0.644770642201835,0.130275229357798,0.024954128440367,0.0489908256880734,0.148073394495413
191773.411807,2501366.126422,0.0831040176114474,0.145294441386901,0.00220143093010457,0.315354980737479,0.0286186020913594,0.425426527242708
192273.411807,2501366.126422,0.00512820512820513,0.0772893772893773,0.097985347985348,0.694871794871795,0.013003663003663,0.111721611721612
192773.411807,2501366.126422,0.0322935779816514,0.604220183486239,0,0.00623853211009174,0.0302752293577982,0.32697247706422
193273.411807,2501366.126422,0.0181618051733627,0.771968446156668,0,0.00220143093010457,0.0165107319757843,0.19115758576408
193773.411807,2501366.126422,0.0247252747252747,0.592307692307692,0.000366300366300366,0.00586080586080586,0.0509157509157509,0.325824175824176
194273.411807,2501366.126422,0.0258715596330275,0.357798165137615,0.0647706422018349,0.259816513761468,0.132844036697248,0.158899082568807
194773.411807,2501366.126422,0.0377912309667951,0.30673270959457,0.0522839845899835,0.0695285268758026,0.133370023848835,0.400293524124014
195273.411807,2501366.126422,0.0498168498168498,0.211172161172161,0.00146520146520147,0.35,0.166849816849817,0.220695970695971
195773.411807,2501366.126422,0.0722935779816514,0.288990825688073,0,0.22605504587156,0.18697247706422,0.225688073394495
196273.411807,2501366.126422,0.0719134103834159,0.256099798202165,0,0.160521005320125,0.208402128049899,0.303063658044396
196773.411807,2501366.126422,0.0950549450549451,0.213186813186813,0,0.207692307692308,0.23992673992674,0.244139194139194
197273.411807,2501366.126422,0.0719266055045872,0.0944954128440367,0,0.485688073394495,0.21743119266055,0.13045871559633
197773.411807,2501366.126422,0.127132636213539,0.352595853971748,0.000550357732526142,0.0909924784443221,0.170610897083104,0.258117776554761
198273.411807,2501366.126422,0.146153846153846,0.47032967032967,0,0.0481684981684982,0.11007326007326,0.225274725274725
185773.411807,2500866.126422,0.570051413881748,0.00289203084832905,0,0.0115681233933162,0.012853470437018,0.402634961439589
186273.411807,2500866.126422,0.498716538320499,0.0033003300330033,0,0.0361202786945361,0.0326365969930326,0.429226255958929
186773.411807,2500866.126422,0.355677655677656,0.0228937728937729,0,0.0586080586080586,0.0553113553113553,0.507509157509157
187273.411807,2500866.126422,0.280586080586081,0.0168498168498168,0,0.375824175824176,0.0880952380952381,0.238644688644689
187773.411807,2500866.126422,0.0694902823615695,0.0291529152915292,0,0.701320132013201,0.116795012834617,0.0832416574990832
188273.411807,2500866.126422,0.0366300366300366,0.429304029304029,0,0.178571428571429,0.162454212454212,0.193040293040293
188773.411807,2500866.126422,0.0311355311355311,0.499450549450549,0,0.141758241758242,0.132967032967033,0.194688644688645
189273.411807,2500866.126422,0.03997066373304,0.286395306197286,0,0.376971030436377,0.18995232856619,0.106710671067107
189773.411807,2500866.126422,0.0673992673992674,0.303296703296703,0,0.252930402930403,0.204578754578755,0.171794871794872
190273.411807,2500866.126422,0.0820512820512821,0.208241758241758,0.00567765567765568,0.201465201465201,0.256227106227106,0.246336996336996
190773.411807,2500866.126422,0.116611661166117,0.301613494682802,0.00476714338100477,0.0755408874220755,0.124495782911624,0.376971030436377
191273.411807,2500866.126422,0.107142857142857,0.0573260073260073,0,0.116483516483516,0.0994505494505494,0.61959706959707
191773.411807,2500866.126422,0.148351648351648,0.0587912087912088,0.0463369963369963,0.389010989010989,0.103663003663004,0.253846153846154
192273.411807,2500866.126422,0.0111844517785112,0.0066006600660066,0.0869086908690869,0.718005133846718,0.0286028602860286,0.148698203153649
192773.411807,2500866.126422,0.0258241758241758,0.516666666666667,0,0.00293040293040293,0.00769230769230769,0.446886446886447
193273.411807,2500866.126422,0.00274725274725275,0.844871794871795,0,0,0.000549450549450549,0.151831501831502
193773.411807,2500866.126422,0.0867253392005867,0.608544187752109,0,0.0128346167950128,0.0198019801980198,0.272093876054272
194273.411807,2500866.126422,0.0402930402930403,0.163186813186813,0.0472527472527473,0.379304029304029,0.179304029304029,0.190659340659341
194773.411807,2500866.126422,0.0386446886446886,0.333150183150183,0.0816849816849817,0.218315018315018,0.165750915750916,0.162454212454212
195273.411807,2500866.126422,0.0647231389805647,0.138980564723139,0.00953428676200953,0.441327466079941,0.204437110377704,0.140997433076641
195773.411807,2500866.126422,0.0710622710622711,0.221062271062271,0,0.274725274725275,0.203479853479853,0.22967032967033
196273.411807,2500866.126422,0.0397435897435897,0.272527472527473,0,0.185531135531136,0.184798534798535,0.317399267399267
196773.411807,2500866.126422,0.0755408874220755,0.167766776677668,0,0.106343967730106,0.116061606160616,0.534286762009534
197273.411807,2500866.126422,0.0608058608058608,0.1996336996337,0,0.416849816849817,0.164102564102564,0.158608058608059
197773.411807,2500866.126422,0.106043956043956,0.234249084249084,0,0.071978021978022,0.200549450549451,0.387179487179487
198273.411807,2500866.126422,0.0896589658965897,0.438943894389439,0.00568390172350568,0.0705903923725706,0.0887422075540887,0.306380638063806
185773.411807,2500366.126422,0.418814432989691,0.0106314432989691,0,0.0489690721649485,0.0821520618556701,0.439432989690722
186273.411807,2500366.126422,0.365951988271944,0.000733003481766538,0,0.00329851566794942,0.0130108118013561,0.617005680776984
186773.411807,2500366.126422,0.316571848045513,0.0768948430904753,0,0.0640484492567444,0.0686364470545054,0.473848412552762
187273.411807,2500366.126422,0.341830185219145,0.0163212910324592,0.0130203557674674,0.213460480469466,0.124335228314689,0.291032459196772
187773.411807,2500366.126422,0.156862745098039,0.0505772402418911,0,0.449880886934213,0.13450613890416,0.208172988821697
188273.411807,2500366.126422,0.0748761240594605,0.1493852082951,0,0.448889704532942,0.102954670581758,0.22389429253074
188773.411807,2500366.126422,0.0368604437924078,0.238767650834403,0,0.430955437373923,0.120300751879699,0.173115716119567
189273.411807,2500366.126422,0.0784313725490196,0.157045995968481,0,0.440901594282573,0.188565145684442,0.135055891515485
189773.411807,2500366.126422,0.0300972655533125,0.336391998531841,0,0.248118920902918,0.195999265920352,0.189392549091576
190273.411807,2500366.126422,0.0711534934898221,0.230515312671924,0.00550155877498625,0.372272143774069,0.123601687144691,0.196955804144508
190773.411807,2500366.126422,0.0701850833791461,0.139270661535642,0.00256551218618288,0.329851566794942,0.193696170056808,0.264431006047279
191273.411807,2500366.126422,0.0579922921636998,0.256560836850798,0.0102771150669848,0.120022022389429,0.102771150669848,0.45237658285924
191773.411807,2500366.126422,0.133504492939666,0.0764716669723088,0.00293416467999266,0.313588850174216,0.134971575279663,0.338529249954154
192273.411807,2500366.126422,0.00109950522264981,0.009529045262965,0.17262231995602,0.639362286970863,0.0262048744731537,0.151181968114349
192773.411807,2500366.126422,0.0115617544503579,0.641952651862727,0,0.0148651128647458,0.0592769315470729,0.272343549275096
193273.411807,2500366.126422,0.0223730056849441,0.748211993398129,0,0,0.000916926462497708,0.228498074454429
193773.411807,2500366.126422,0.0377496793109767,0.798607293384644,0,0.00403151914971596,0.0212571009712296,0.138354407183434
194273.411807,2500366.126422,0.0844191594788034,0.227748210680859,0.0370710222059093,0.244448522664709,0.189209029179666,0.217104055790053
194773.411807,2500366.126422,0.0284247203374289,0.129103245919677,0.108380707867229,0.370988446726573,0.202273977626994,0.160828901522098
195273.411807,2500366.126422,0.0604727872457394,0.10317024005864,0.0337181601612608,0.422576507238409,0.17940260216236,0.20065970313359
195773.411807,2500366.126422,0.0974490732244448,0.285556982932648,0.0192695907505964,0.0607450908423564,0.180216553496054,0.3567627087539
196273.411807,2500366.126422,0.195121951219512,0.188336695397029,0.0053181734824867,0.116816431322208,0.196222262974509,0.298184485604255
196773.411807,2500366.126422,0.18270111783031,0.277441817848635,0,0.0221733553234378,0.0985889682975994,0.419094740700018
197273.411807,2500366.126422,0.065149568728207,0.189943108827308,0,0.229032850064232,0.172508717195816,0.343365755184438
197773.411807,2500366.126422,0.0955437373922611,0.289565376856776,0,0.0748211993398129,0.214927562809463,0.325142123601687
198273.411807,2500366.126422,0.0711013377313542,0.365035733919736,0,0.175004581271761,0.203041964449331,0.185816382627817
185773.411807,2499866.126422,0.547680412371134,0.00451030927835052,0,0.0405927835051546,0.0766752577319588,0.330541237113402
186273.411807,2499866.126422,0.324908424908425,0.00732600732600733,0,0.034981684981685,0.0646520146520147,0.568131868131868
186773.411807,2499866.126422,0.33651376146789,0.0172477064220183,0,0.185321100917431,0.126422018348624,0.334495412844037
187273.411807,2499866.126422,0.281966611630893,0.0168776371308017,0,0.180150431113557,0.116308934140525,0.404696385984223
187773.411807,2499866.126422,0.364652014652015,0.0287545787545788,0,0.0692307692307692,0.150915750915751,0.386446886446886
188273.411807,2499866.126422,0.107339449541284,0.0895412844036697,0.00055045871559633,0.462018348623853,0.130825688073395,0.209724770642202
188773.411807,2499866.126422,0.0515501742799486,0.350210970464135,0,0.372592184920198,0.106035589800037,0.119611080535682
189273.411807,2499866.126422,0.060989010989011,0.281135531135531,0,0.263003663003663,0.164102564102564,0.230769230769231
189773.411807,2499866.126422,0.051743119266055,0.43394495412844,0.00055045871559633,0.106422018348624,0.132477064220183,0.274862385321101
190273.411807,2499866.126422,0.064758759860576,0.198128783709411,0,0.317923316822601,0.186020913593836,0.233168226013575
190773.411807,2499866.126422,0.0543956043956044,0.155860805860806,0,0.272710622710623,0.141025641025641,0.376007326007326
191273.411807,2499866.126422,0.10256880733945,0.195963302752294,0.00128440366972477,0.0297247706422018,0.0838532110091743,0.586605504587156
191773.411807,2499866.126422,0.274628508530545,0.170610897083104,0,0.163823151715282,0.0473307649972482,0.343606677673821
192273.411807,2499866.126422,0.00787545787545788,0.0338827838827839,0.0478021978021978,0.767765567765568,0.0377289377289377,0.104945054945055
192773.411807,2499866.126422,0.011743119266055,0.511192660550459,0,0.0541284403669725,0.0622018348623853,0.360733944954128
193273.411807,2499866.126422,0.0161438268207668,0.738213171895065,0,0,0.000366905155017428,0.245276096129151
193773.411807,2499866.126422,0.0120879120879121,0.707692307692308,0.0465201465201465,0.0247252747252747,0.0842490842490843,0.124725274725275
194273.411807,2499866.126422,0.0847706422018349,0.335963302752294,0.111009174311927,0.183119266055046,0.110091743119266,0.175045871559633
194773.411807,2499866.126422,0.0809025866813429,0.0935608145294441,0,0.527976518070079,0.186571271326362,0.110988809392772
195273.411807,2499866.126422,0.0619047619047619,0.254395604395604,0.0148351648351648,0.315384615384615,0.166849816849817,0.186630036630037
195773.411807,2499866.126422,0.0572477064220183,0.260917431192661,0.00275229357798165,0.148073394495413,0.134678899082569,0.396330275229358
196273.411807,2499866.126422,0.0770500825536599,0.351311685929187,0.00403595670519171,0.181984956888644,0.147679324894515,0.237937993028802
196773.411807,2499866.126422,0.348168498168498,0.0804029304029304,0,0.000183150183150183,0.0043956043956044,0.566849816849817
197273.411807,2499866.126422,0.0787155963302752,0.404403669724771,0.00073394495412844,0.118715596330275,0.200183486238532,0.197247706422018
197773.411807,2499866.126422,0.0680609062557329,0.257017061089708,0.00421940928270042,0.243441570354063,0.178132452760961,0.249128600256834
198273.411807,2499866.126422,0.10952380952381,0.429304029304029,0.0144688644688645,0.043040293040293,0.174542124542125,0.229120879120879
185773.411807,2499366.126422,0.162917737789203,0.11086118251928,0,0.129177377892031,0.0996143958868895,0.497429305912596
186273.411807,2499366.126422,0.194352768610194,0.0573890722405574,0,0.106527319398607,0.148331499816648,0.493399339933993
186773.411807,2499366.126422,0.375457875457875,0.0234432234432234,0,0.0756410256410256,0.141575091575092,0.383882783882784
187273.411807,2499366.126422,0.171978021978022,0.0934065934065934,0.00128205128205128,0.182234432234432,0.122893772893773,0.428205128205128
187773.411807,2499366.126422,0.307297396406307,0.0427209387605427,0,0.146681334800147,0.0947928126145948,0.408507517418409
188273.411807,2499366.126422,0.156043956043956,0.0587912087912088,0.000732600732600733,0.521062271062271,0.154395604395604,0.108974358974359
188773.411807,2499366.126422,0.05,0.225824175824176,0,0.476007326007326,0.120879120879121,0.127289377289377
189273.411807,2499366.126422,0.121745507884122,0.157132379904657,0.00055005500550055,0.40979097909791,0.128346167950128,0.182434910157682
189773.411807,2499366.126422,0.0543956043956044,0.175824175824176,0,0.546336996336996,0.115934065934066,0.107509157509158
190273.411807,2499366.126422,0.0769230769230769,0.16025641025641,0,0.388461538461538,0.166483516483516,0.207875457875458
190773.411807,2499366.126422,0.0511551155115512,0.112027869453612,0,0.294279427942794,0.135130179684635,0.407407407407407
191273.411807,2499366.126422,0.0358974358974359,0.228754578754579,0.000366300366300366,0.183516483516484,0.0873626373626374,0.464102564102564
191773.411807,2499366.126422,0.216666666666667,0.221428571428571,0,0.286263736263736,0.0304029304029304,0.245238095238095
192273.411807,2499366.126422,0.0113678034470114,0.0737073707370737,0.074990832416575,0.735973597359736,0.0192519251925193,0.0847084708470847
192773.411807,2499366.126422,0.0474358974358974,0.583333333333333,0.000183150183150183,0.181684981684982,0.054029304029304,0.133333333333333
193273.411807,2499366.126422,0.0862637362637363,0.80970695970696,0,0,0.00586080586080586,0.0981684981684982
193773.411807,2499366.126422,0.0033003300330033,0.623395672900623,0.00311697836450312,0.000916758342500917,0.0188852218555189,0.35038503850385
194273.411807,2499366.126422,0.136813186813187,0.257875457875458,0.0205128205128205,0.107509157509158,0.16043956043956,0.316849816849817
194773.411807,2499366.126422,0.067032967032967,0.18021978021978,0.00201465201465201,0.312820512820513,0.209157509157509,0.228754578754579
195273.411807,2499366.126422,0.055005500550055,0.318115144847818,0.0113678034470114,0.198019801980198,0.173450678401173,0.244041070773744
195773.411807,2499366.126422,0.0626373626373626,0.254029304029304,0.0117216117216117,0.147619047619048,0.208424908424908,0.315567765567766
196273.411807,2499366.126422,0.0642857142857143,0.296703296703297,0.0234432234432234,0.142857142857143,0.147619047619048,0.325091575091575
196773.411807,2499366.126422,0.0869086908690869,0.752108544187752,0,0,0,0.160982764943161
197273.411807,2499366.126422,0.137728937728938,0.193040293040293,0.00659340659340659,0.18003663003663,0.178205128205128,0.304395604395604
197773.411807,2499366.126422,0.0551282051282051,0.18974358974359,0.000549450549450549,0.495787545787546,0.144688644688645,0.114102564102564
198273.411807,2499366.126422,0.0630729739640631,0.412541254125413,0,0.0625229189585625,0.160982764943161,0.300880088008801
185773.411807,2498866.126422,0.0505798969072165,0.0251288659793814,0,0.599871134020619,0.17944587628866,0.144974226804124
186273.411807,2498866.126422,0.175187832142203,0.0434304562946674,0.000366501740883269,0.374381528312259,0.21751878321422,0.189114898295767
186773.411807,2498866.126422,0.0801982015048633,0.0719398054688934,0.000183519911910442,0.500275279867866,0.146081849880712,0.201321343365755
187273.411807,2498866.126422,0.057582981844856,0.0324591967724189,0.000916926462497708,0.427287731523932,0.14414083990464,0.337612323491656
187773.411807,2498866.126422,0.0643210555250137,0.116181051859996,0,0.375847535275793,0.190214403518417,0.253435953820781
188273.411807,2498866.126422,0.0928610754266838,0.218939254909158,0.0012846393833731,0.341347036153423,0.153055606533309,0.192512387594054
188773.411807,2498866.126422,0.081606455162296,0.122501375389694,0,0.43205574912892,0.126902622409683,0.236933797909408
189273.411807,2498866.126422,0.0758658603628367,0.260216236027121,0,0.27579256001466,0.133773135422393,0.254352208172989
189773.411807,2498866.126422,0.097082033400624,0.195999265920352,0,0.32776656267205,0.127362818865847,0.251789319141127
190273.411807,2498866.126422,0.0408949202273978,0.0462130937098845,0.00476801760498808,0.792958004768018,0.0821566110397946,0.0330093526499175
190773.411807,2498866.126422,0.0505772402418911,0.0194245922668133,0.0547920102620487,0.781198460692688,0.0661535642294301,0.0278541323071285
191273.411807,2498866.126422,0.0291796659937603,0.0260598274912828,0.000550559735731327,0.890805652413287,0.0462470178014315,0.00715727656450725
191773.411807,2498866.126422,0.00990280579497524,0.00605171465248487,0.0022006235099945,0.939299468182652,0.0397946084724005,0.00275077938749312
192273.411807,2498866.126422,0.0267546270844787,0.0236393622869709,0.0558915154846986,0.536558548653106,0.0348176653839106,0.322338281106835
192773.411807,2498866.126422,0,0.185171591117636,0.00532207744540283,0.329418241879244,0.204808221692054,0.275279867865663
193273.411807,2498866.126422,0.00550155877498625,0.78012103429305,0,0,0.000733541169998166,0.213643865761966
193773.411807,2498866.126422,0.109217518783214,0.69507055158512,0,0,0.0166758292101887,0.179036100421477
194273.411807,2498866.126422,0.129748577720683,0.288860341347036,0.000183519911910442,0.123508900715728,0.173426316755368,0.284272343549275
194773.411807,2498866.126422,0.0995782138272511,0.218045112781955,0.0192554557124519,0.263524665321841,0.217861727489455,0.181734824867046
195273.411807,2498866.126422,0.0694520798973795,0.212571009712296,0.0159428257284222,0.296683159245006,0.219168041048195,0.186182884368701
195773.411807,2498866.126422,0.0554230133969536,0.380987337126078,0.00403743806202973,0.0585428518994311,0.20352358230868,0.297485777206827
196273.411807,2498866.126422,0.0825233816247937,0.294150009169265,0,0.0100861910874748,0.0610673024023473,0.55217311571612
196773.411807,2498866.126422,0.133040131940627,0.280740333516584,0,0.0252886201209456,0.0617555433388309,0.499175371083013
197273.411807,2498866.126422,0.0554230133969536,0.0943292347219673,0,0.557166452560103,0.181501192879427,0.111580106441549
197773.411807,2498866.126422,0.0632679259123418,0.178250504309554,0,0.508894186686228,0.138089125252155,0.111498257839721
198273.411807,2498866.126422,0.10536925050394,0.262415246472421,0.00201575957485798,0.125710097122961,0.234744365035734,0.269745281290086
185773.411807,2498366.126422,0.225515463917526,0.0873067010309278,0,0.0544458762886598,0.0657216494845361,0.56701030927835
186273.411807,2498366.126422,0.214835164835165,0.0419413919413919,0,0.226373626373626,0.136263736263736,0.380586080586081
186773.411807,2498366.126422,0.264954128440367,0.0653211009174312,0.00036697247706422,0.167155963302752,0.117247706422018,0.384954128440367
187273.411807,2498366.126422,0.203632361034673,0.0333883691065859,0,0.200697119794533,0.143459915611814,0.418822234452394
187773.411807,2498366.126422,0.0793040293040293,0.160805860805861,0,0.193040293040293,0.162271062271062,0.404578754578755
188273.411807,2498366.126422,0.175229357798165,0.151376146788991,0.00201834862385321,0.127706422018349,0.10256880733945,0.441100917431193
188773.411807,2498366.126422,0.0887910475142176,0.0245826453861677,0,0.576958356264906,0.130434782608696,0.179233168226014
189273.411807,2498366.126422,0.0787545787545788,0.195787545787546,0,0.3996336996337,0.141941391941392,0.183882783882784
189773.411807,2498366.126422,0.076697247706422,0.195963302752294,0,0.394862385321101,0.132844036697248,0.199633027522936
190273.411807,2498366.126422,0.158503026967529,0.206384149697303,0.00825536598789213,0.36525408181985,0.0843881856540084,0.177215189873418
190773.411807,2498366.126422,0.0943223443223443,0.142857142857143,0.0225274725274725,0.60970695970696,0.0604395604395604,0.0701465201465201
191273.411807,2498366.126422,0.0278899082568807,0.0227522935779817,0.00275229357798165,0.828440366972477,0.0851376146788991,0.0330275229357798
191773.411807,2498366.126422,0.0236653824986241,0.0152265639332233,0,0.839295542102367,0.0761328196661163,0.0456796917996698
192273.411807,2498366.126422,0.0474358974358974,0.114285714285714,0.00622710622710623,0.477289377289377,0.0695970695970696,0.285164835164835
192773.411807,2498366.126422,0,0.053394495412844,0.0203669724770642,0.569908256880734,0.23394495412844,0.122385321100917
193273.411807,2498366.126422,0.00165107319757843,0.658044395523757,0,0.024399192808659,0.0133920381581361,0.302513300311869
193773.411807,2498366.126422,0,0.932051282051282,0,0.000183150183150183,0.00238095238095238,0.0653846153846154
194273.411807,2498366.126422,0.0943119266055046,0.533761467889908,0.00440366972477064,0.00642201834862385,0.0596330275229358,0.301467889908257
194773.411807,2498366.126422,0.078884608328747,0.292973766281416,0.0443955237571088,0.0794349660612732,0.229132269308384,0.275178866263071
195273.411807,2498366.126422,0.082967032967033,0.413186813186813,0.017032967032967,0.117765567765568,0.157326007326007,0.211721611721612
195773.411807,2498366.126422,0.107339449541284,0.411743119266055,0.018348623853211,0.0236697247706422,0.14954128440367,0.289357798165138
196273.411807,2498366.126422,0.0207301412584847,0.321592368372776,0,0.0117409649605577,0.105668684645019,0.540267840763163
196773.411807,2498366.126422,0.0463369963369963,0.505677655677656,0.00824175824175824,0.00952380952380952,0.0756410256410256,0.354578754578755
197273.411807,2498366.126422,0.0845871559633028,0.0565137614678899,0.00073394495412844,0.545137614678899,0.19394495412844,0.119082568807339
197773.411807,2498366.126422,0.105118326912493,0.261786828104935,0.00110071546505228,0.339937626123647,0.169143276463034,0.122913226930838
198273.411807,2498366.126422,0.122893772893773,0.251648351648352,0.00512820512820513,0.156776556776557,0.186446886446886,0.277106227106227
185773.411807,2497866.126422,0.334190231362468,0.0517352185089974,0,0.051413881748072,0.0546272493573265,0.508033419023136
186273.411807,2497866.126422,0.425375870920425,0.00458379171250458,0,0.00788412174550788,0.0522552255225523,0.50990099009901
186773.411807,2497866.126422,0.328205128205128,0.0472527472527473,0,0.0043956043956044,0.019047619047619,0.601098901098901
187273.411807,2497866.126422,0.203846153846154,0.0675824175824176,0,0.0164835164835165,0.0860805860805861,0.626007326007326
187773.411807,2497866.126422,0.234873487348735,0.0495049504950495,0,0.0667400073340667,0.085991932526586,0.562889622295563
188273.411807,2497866.126422,0.374175824175824,0.0373626373626374,0,0.0104395604395604,0.01996336996337,0.558058608058608
188773.411807,2497866.126422,0.241758241758242,0.0340659340659341,0,0.0913919413919414,0.0805860805860806,0.552197802197802
189273.411807,2497866.126422,0.0447378071140447,0.0540887422075541,0,0.686101943527686,0.137147048038137,0.0779244591125779
189773.411807,2497866.126422,0.0481684981684982,0.175457875457875,0,0.510805860805861,0.114468864468864,0.151098901098901
190273.411807,2497866.126422,0.084981684981685,0.252380952380952,0,0.357875457875458,0.107326007326007,0.197435897435897
190773.411807,2497866.126422,0.0311697836450312,0.0517051705170517,0,0.874220755408874,0.0306197286395306,0.0122845617895123
191273.411807,2497866.126422,0.015018315018315,0.0241758241758242,0.0106227106227106,0.913369963369963,0.0346153846153846,0.0021978021978022
191773.411807,2497866.126422,0.0166666666666667,0.0584249084249084,0.00238095238095238,0.774358974358974,0.0413919413919414,0.106776556776557
192273.411807,2497866.126422,0.0324532453245325,0.270810414374771,0,0.307114044737807,0.0313531353135314,0.358269160249358
192773.411807,2497866.126422,0.00311355311355311,0.144688644688645,0.163369963369963,0.438278388278388,0.195787545787546,0.0547619047619048
193273.411807,2497866.126422,0.0153846153846154,0.41978021978022,0,0.0144688644688645,0.0877289377289377,0.462637362637363
193773.411807,2497866.126422,0.0188852218555189,0.863953061972864,0,0,0.00128346167950128,0.115878254492116
194273.411807,2497866.126422,0.0756410256410256,0.598168498168498,0.0161172161172161,0.00384615384615385,0.0553113553113553,0.250915750915751
194773.411807,2497866.126422,0.0703296703296703,0.586446886446886,0.0344322344322344,0.034981684981685,0.106959706959707,0.166849816849817
195273.411807,2497866.126422,0.102493582691602,0.309314264759809,0.0166850018335167,0.143747708104144,0.202786945361203,0.224972497249725
195773.411807,2497866.126422,0.0249084249084249,0.401465201465201,0.00311355311355311,0.0164835164835165,0.138095238095238,0.415934065934066
196273.411807,2497866.126422,0.0261904761904762,0.518681318681319,0.000732600732600733,0.0106227106227106,0.0880952380952381,0.355677655677656
196773.411807,2497866.126422,0.0913091309130913,0.352218555188852,0.000733406674000733,0.0451045104510451,0.0971763843050972,0.413458012467913
197273.411807,2497866.126422,0.056959706959707,0.0615384615384615,0,0.542857142857143,0.210805860805861,0.127838827838828
197773.411807,2497866.126422,0.101831501831502,0.271428571428571,0.017032967032967,0.0725274725274725,0.168681318681319,0.368498168498169
198273.411807,2497866.126422,0.0335533553355336,0.753392005867253,0.000183351668500183,0.0106343967730106,0.0551888522185552,0.147048038137147
185773.411807,2497366.126422,0.161726804123711,0.014819587628866,0,0.550257731958763,0.134342783505155,0.138853092783505
186273.411807,2497366.126422,0.301997434487814,0.009529045262965,0,0.0113615539673813,0.0172255818215137,0.659886384460326
186773.411807,2497366.126422,0.207010460634979,0.00844191594788034,0,0.0012846393833731,0.00403743806202973,0.779225545971738
187273.411807,2497366.126422,0.125618925362186,0.0861910874747845,0,0.0126535851824684,0.0597836053548505,0.715752796625711
187773.411807,2497366.126422,0.105002748763057,0.0524097489463075,0,0.00164925783397471,0.00366501740883269,0.837273227047828
188273.411807,2497366.126422,0.0959809139291613,0.025325747843641,0,0.0818498807120573,0.0941457148100569,0.702697742705083
188773.411807,2497366.126422,0.26810929763433,0.0143040528149642,0,0.137538969374656,0.06400146708234,0.51604621309371
189273.411807,2497366.126422,0.0329851566794942,0.0483782297965915,0.00219901044529962,0.560197910940077,0.173355323437786,0.182884368700751
189773.411807,2497366.126422,0.0612956505780877,0.230868049183336,0,0.357313268489631,0.15360616626904,0.196916865479905
190273.411807,2497366.126422,0.0573995965523565,0.108930863744728,0,0.571061800843572,0.129836787089675,0.132770951769668
190773.411807,2497366.126422,0.0404984423676012,0.0247388675096207,0.0423309510720176,0.797324537291552,0.0577240241891149,0.0373831775700935
191273.411807,2497366.126422,0.0141310332171041,0.0198201504863278,0.0154156726004772,0.867865663424482,0.0532207744540283,0.0295467058175812
191773.411807,2497366.126422,0.0665688611773336,0.0962772785622593,0,0.687144690995782,0.0166880616174583,0.133321107647167
192273.411807,2497366.126422,0.061205790727506,0.221183800623053,0.0117280557082646,0.234011361553967,0.0579072750595565,0.413963716327653
192773.411807,2497366.126422,0,0.124242980363369,0.329234721967333,0.384107175628556,0.0144980730409249,0.147917048999816
193273.411807,2497366.126422,0.00843572345497891,0.454428754813864,0,0.0066018705299835,0.0436456996148909,0.486887951586283
193773.411807,2497366.126422,0.0293201392706615,0.838922484881803,0,0,0,0.131757375847535
194273.411807,2497366.126422,0.0576252523398789,0.29895393650211,0.00991007524316388,0.167737199486144,0.309231051569095,0.156542484859607
194773.411807,2497366.126422,0.0761048963873097,0.34017971758665,0.0586832935998533,0.104896387309738,0.202457362919494,0.217678342196956
195273.411807,2497366.126422,0.047645226314825,0.517866959868059,0.00366501740883269,0.0773318673263698,0.168224299065421,0.185266630016493
195773.411807,2497366.126422,0.092126995779042,0.390713892457332,0.0267939071389246,0.113782345384474,0.145531290144981,0.231051569095247
196273.411807,2497366.126422,0.0618008435723455,0.442692096093893,0.0236567027324409,0.0342930496974143,0.153676875114616,0.28388043278929
196773.411807,2497366.126422,0.0601062855048561,0.59758108851017,0,0.0454462158695254,0.130108118013561,0.166758292101887
