"x","y","forest","agri","water","built","other","grass"
198773.411807,2516366.126422,0.093603744149766,0.0681970135948295,0.0476933363048808,0.50412302206374,0.133051036327167,0.153331847559617
199273.411807,2516366.126422,0.060906255732893,0.147128967161989,0.100348559897267,0.315721885892497,0.139240506329114,0.236653824986241
199773.411807,2516366.126422,0.109340659340659,0.108058608058608,0.154761904761905,0.270695970695971,0.102564102564103,0.254578754578755
200273.411807,2516366.126422,0.178532110091743,0.0822018348623853,0.0651376146788991,0.162201834862385,0.116330275229358,0.395596330275229
200773.411807,2516366.126422,0.481379563382866,0.0691616217207852,0.0209135938359934,0.0486149330398092,0.0396257567418822,0.340304531278664
201273.411807,2516366.126422,0.281135531135531,0.312637362637363,0.0021978021978022,0.0236263736263736,0.0690476190476191,0.311355311355311
201773.411807,2516366.126422,0.0409174311926606,0.890275229357798,0,0.000917431192660551,0.00513761467889908,0.0627522935779816
202273.411807,2516366.126422,0.390020179783526,0.215189873417722,0,0.00183452577508714,0.0130251330031187,0.379930288020547
202773.411807,2516366.126422,0.217032967032967,0.256410256410256,0.00146520146520147,0.0291208791208791,0.0756410256410256,0.42032967032967
203273.411807,2516366.126422,0.120917431192661,0.0776146788990826,0.00770642201834862,0.338348623853211,0.184587155963303,0.270825688073395
203773.411807,2516366.126422,0.132819666116309,0.143459915611814,0.017978352595854,0.225646670335718,0.140157769216657,0.339937626123647
204273.411807,2516366.126422,0.14981684981685,0.16978021978022,0.00897435897435897,0.131868131868132,0.119413919413919,0.42014652014652
204773.411807,2516366.126422,0.205137614678899,0.219082568807339,0.00146788990825688,0.0574311926605505,0.0831192660550459,0.433761467889908
205273.411807,2516366.126422,0.192992111539167,0.0999816547422491,0.00807191341038342,0.0856723536965694,0.119611080535682,0.493670886075949
205773.411807,2516366.126422,0.448717948717949,0.0771062271062271,0.00714285714285714,0.0230769230769231,0.0272893772893773,0.416666666666667
206273.411807,2516366.126422,0.36697247706422,0.116330275229358,0.00018348623853211,0.0247706422018349,0.044954128440367,0.446788990825688
206773.411807,2516366.126422,0.24674371674922,0.149697303247111,0.0201797835259585,0.115024766097964,0.0658594753256283,0.402494955054119
207273.411807,2516366.126422,0.344139194139194,0.0932234432234432,0.000732600732600733,0.0384615384615385,0.0604395604395604,0.463003663003663
207773.411807,2516366.126422,0.301467889908257,0.100917431192661,0.100183486238532,0.116697247706422,0.0722935779816514,0.308440366972477
208273.411807,2516366.126422,0.314988075582462,0.131168592918731,0,0.0876903320491653,0.0500825536598789,0.416070445789763
208773.411807,2516366.126422,0.491208791208791,0.0241758241758242,0.0263736263736264,0.0445054945054945,0.0250915750915751,0.388644688644689
209273.411807,2516366.126422,0.192660550458716,0.111559633027523,0.1,0.373394495412844,0.0464220183486239,0.175963302752294
209773.411807,2516366.126422,0.0133920381581361,0.2126215373326,0.279031370390754,0.32672904054302,0.0676940011007155,0.100532012474775
210273.411807,2516366.126422,0.23040293040293,0.106227106227106,0,0.0375457875457875,0.0591575091575092,0.566666666666667
210773.411807,2516366.126422,0.297981651376147,0.0860550458715596,0.00018348623853211,0.148440366972477,0.0699082568807339,0.39743119266055
211273.411807,2516366.126422,0.363779838232393,0.0909449595580982,0,0.0140067074373644,0.0167685934109292,0.514499901361215
198773.411807,2515866.126422,0.0985320284697509,0.14635231316726,0.0478202846975089,0.274688612099644,0.12855871886121,0.304048042704626
199273.411807,2515866.126422,0.0549450549450549,0.133150183150183,0.161172161172161,0.292124542124542,0.14047619047619,0.218131868131868
199773.411807,2515866.126422,0.0975430876420975,0.138613861386139,0.0980931426475981,0.195452878621195,0.125045837917125,0.345251191785845
200273.411807,2515866.126422,0.301282051282051,0.154578754578755,0.0032967032967033,0.065018315018315,0.0853479853479854,0.39047619047619
200773.411807,2515866.126422,0.175641025641026,0.180952380952381,0.0468864468864469,0.132600732600733,0.126923076923077,0.336996336996337
201273.411807,2515866.126422,0.297396406307297,0.102860286028603,0.0141180784745141,0.0524385771910524,0.103043637697103,0.43014301430143
201773.411807,2515866.126422,0.243406593406593,0.143772893772894,0.00201465201465201,0.0505494505494506,0.0652014652014652,0.495054945054945
202273.411807,2515866.126422,0.0521978021978022,0.159157509157509,0.0214285714285714,0.148717948717949,0.132783882783883,0.485714285714286
202773.411807,2515866.126422,0.110927759442611,0.204620462046205,0.0418041804180418,0.184451778511184,0.165749908324166,0.292445911257792
203273.411807,2515866.126422,0.158608058608059,0.178754578754579,0.00659340659340659,0.0686813186813187,0.0646520146520147,0.522710622710623
203773.411807,2515866.126422,0.192307692307692,0.114285714285714,0.0166666666666667,0.162637362637363,0.0868131868131868,0.427289377289377
204273.411807,2515866.126422,0.144114411441144,0.096993032636597,0.0339200586725339,0.327099376604327,0.101393472680601,0.296479647964796
204773.411807,2515866.126422,0.0904761904761905,0.0227106227106227,0,0.653113553113553,0.116483516483516,0.117216117216117
205273.411807,2515866.126422,0.176007326007326,0.115750915750916,0.0021978021978022,0.101098901098901,0.0895604395604396,0.515384615384615
205773.411807,2515866.126422,0.231573157315732,0.105977264393106,0,0.0308030803080308,0.0535386872020535,0.578107810781078
206273.411807,2515866.126422,0.386263736263736,0.157142857142857,0.00659340659340659,0.0957875457875458,0.0534798534798535,0.300732600732601
206773.411807,2515866.126422,0.37985347985348,0.0412087912087912,0.000183150183150183,0.0624542124542125,0.0705128205128205,0.445787545787546
207273.411807,2515866.126422,0.272093876054272,0.0814081408140814,0.00458379171250458,0.178767876787679,0.110744407774111,0.352401906857352
207773.411807,2515866.126422,0.305311355311355,0.076007326007326,0.000549450549450549,0.0578754578754579,0.107326007326007,0.452930402930403
208273.411807,2515866.126422,0.38992673992674,0.0518315018315018,0.013003663003663,0.0536630036630037,0.0595238095238095,0.432051282051282
208773.411807,2515866.126422,0.306380638063806,0.0975430876420975,0.000733406674000733,0.0341034103410341,0.0727906123945728,0.488448844884488
209273.411807,2515866.126422,0.366117216117216,0.13956043956044,0.00989010989010989,0.0946886446886447,0.0551282051282051,0.334615384615385
209773.411807,2515866.126422,0.0408424908424908,0.0203296703296703,0.285347985347985,0.591208791208791,0.0344322344322344,0.0278388278388278
210273.411807,2515866.126422,0.16996699669967,0.121928859552622,0.035020168683535,0.275027502750275,0.0575724239090576,0.34048404840484
210773.411807,2515866.126422,0.226007326007326,0.0501831501831502,0.000183150183150183,0.284615384615385,0.116300366300366,0.322710622710623
211273.411807,2515866.126422,0.346138691883373,0.0405831363278172,0,0.00925925925925926,0.0163514578408195,0.587667454688731
198773.411807,2515366.126422,0.0982620320855615,0.182932263814617,0.0601604278074866,0.272727272727273,0.14349376114082,0.242424242424242
199273.411807,2515366.126422,0.0711534934898221,0.155694113332111,0.0579497524298551,0.243535668439391,0.15184302218962,0.3198239501192
199773.411807,2515366.126422,0.140553417628734,0.0941909474070002,0.0181418361737218,0.224115814550119,0.164925783397471,0.358072200842954
200273.411807,2515366.126422,0.18663975041292,0.102037071022206,0.0211047898697009,0.166269040190861,0.122591301156175,0.401358047348137
200773.411807,2515366.126422,0.169814780854575,0.269943150559325,0.00916926462497708,0.302035576746745,0.103796075554741,0.145241151659637
201273.411807,2515366.126422,0.22979659153381,0.182884368700751,0.00403151914971596,0.0507604911123328,0.097306212204508,0.435220817298882
201773.411807,2515366.126422,0.270691870067902,0.0504679757753716,0.00238575885483575,0.150853367590384,0.109010827674803,0.416590200036704
202273.411807,2515366.126422,0.166880616174583,0.207225380524482,0.0121034293049697,0.0880249403997799,0.107463781404731,0.418301852191454
202773.411807,2515366.126422,0.169507055158512,0.272494044346711,0.00329851566794942,0.0765988638446033,0.117647058823529,0.360454462158695
203273.411807,2515366.126422,0.168287759221876,0.31932464672417,0.00385391815011929,0.0357863828225362,0.0814828408882364,0.391264452193063
203773.411807,2515366.126422,0.165780304419586,0.132220795892169,0.0269576379974326,0.224280212726939,0.187052998349532,0.263708050614341
204273.411807,2515366.126422,0.10317024005864,0.0267546270844787,0.000183250870441635,0.542422576507238,0.149715961150815,0.177753344328386
204773.411807,2515366.126422,0.0897412369242063,0.134887135254175,0.00201871903101487,0.429803633694256,0.142962011378235,0.200587263718113
205273.411807,2515366.126422,0.267742527049331,0.107463781404731,0.00623509994498441,0.126535851824684,0.0975609756097561,0.394461764166514
205773.411807,2515366.126422,0.194062671797691,0.0524097489463075,0.00604727872457394,0.0637713029136888,0.0492944841487997,0.634414513468939
206273.411807,2515366.126422,0.299688016149752,0.123325380803817,0.0178014314553129,0.0934116351624151,0.0513855753349238,0.414387961093779
206773.411807,2515366.126422,0.258940033009353,0.136805428204658,0.000550155877498625,0.167614157344581,0.120300751879699,0.315789473684211
207273.411807,2515366.126422,0.0635880520432472,0.068719076415613,0,0.641927799157046,0.139270661535642,0.0864944108484515
207773.411807,2515366.126422,0.192328867682144,0.118737383006056,0,0.24499908240044,0.133786015782712,0.310148651128647
208273.411807,2515366.126422,0.210526315789474,0.200256739409499,0.010819732257473,0.101412066752246,0.0944434256372639,0.382541720154044
208773.411807,2515366.126422,0.370716510903427,0.0850284038849184,0,0.0560747663551402,0.061205790727506,0.426974528129009
209273.411807,2515366.126422,0.390530372545421,0.103138190493669,0.00183519911910442,0.0299137456414021,0.0334006239677005,0.441181868232703
209773.411807,2515366.126422,0.136805428204658,0.119750596002201,0.0300751879699248,0.437740693196406,0.0759215110948102,0.199706583532001
210273.411807,2515366.126422,0.0163093274693055,0.0417811984606927,0.179036100421477,0.628733736485248,0.0927249404434671,0.0414146967198094
210773.411807,2515366.126422,0.191411268122591,0.243347403193246,0,0.0453294182418792,0.0737750045879978,0.446136905854285
211273.411807,2515366.126422,0.15282981660422,0.164267402879117,0,0.0193255768093078,0.029185564977322,0.634391638730034
198773.411807,2514866.126422,0.0610652997548473,0.121907733452195,0.0401158903498997,0.266324938711834,0.143525741029641,0.367060396701582
199273.411807,2514866.126422,0.0812694918363603,0.115208218675472,0.0370574206567602,0.2652724270776,0.132819666116309,0.368372775637498
199773.411807,2514866.126422,0.206043956043956,0.168864468864469,0.0197802197802198,0.199267399267399,0.118681318681319,0.287362637362637
200273.411807,2514866.126422,0.0842201834862385,0.180366972477064,0.0176146788990826,0.477064220183486,0.122935779816514,0.117798165137615
200773.411807,2514866.126422,0.252614199229499,0.12694918363603,0.0108237020730141,0.197578425976885,0.118143459915612,0.29389102916896
201273.411807,2514866.126422,0.221428571428571,0.0901098901098901,0.000183150183150183,0.131135531135531,0.166117216117216,0.391025641025641
201773.411807,2514866.126422,0.201651376146789,0.181834862385321,0.0368807339449541,0.0820183486238532,0.115412844036697,0.382201834862385
202273.411807,2514866.126422,0.191341038341589,0.141441937259218,0.0638414969730325,0.108053568152633,0.0911759310218309,0.404146028251697
202773.411807,2514866.126422,0.279487179487179,0.171245421245421,0.0194139194139194,0.0534798534798535,0.0826007326007326,0.393772893772894
203273.411807,2514866.126422,0.187155963302752,0.144954128440367,0.0601834862385321,0.122018348623853,0.0994495412844037,0.386238532110092
203773.411807,2514866.126422,0.125848468170978,0.0656760227481196,0.00825536598789213,0.112089524857824,0.0996147495872317,0.588515868647954
204273.411807,2514866.126422,0.152014652014652,0.0723443223443224,0.0216117216117216,0.281318681318681,0.158791208791209,0.313919413919414
204773.411807,2514866.126422,0.171192660550459,0.158165137614679,0.00110091743119266,0.149908256880734,0.116697247706422,0.402935779816514
205273.411807,2514866.126422,0.189323059988993,0.14401027334434,0.00183452577508714,0.142359200146762,0.131352045496239,0.391120895248578
205773.411807,2514866.126422,0.21959706959707,0.111721611721612,0.0184981684981685,0.0554945054945055,0.0921245421245421,0.502564102564103
206273.411807,2514866.126422,0.275045871559633,0.12,0.00532110091743119,0.0269724770642202,0.0519266055045872,0.520733944954128
206773.411807,2514866.126422,0.234085488901119,0.0825536598789213,0.00605393505778756,0.0842047330764997,0.139607411484131,0.453494771601541
207273.411807,2514866.126422,0.213003663003663,0.111721611721612,0.00164835164835165,0.165018315018315,0.118315018315018,0.39029304029304
207773.411807,2514866.126422,0.332477064220183,0.11743119266055,0.00110091743119266,0.111743119266055,0.0864220183486239,0.350825688073394
208273.411807,2514866.126422,0.237754540451293,0.099431297009723,0,0.078884608328747,0.076316272243625,0.507613281966612
208773.411807,2514866.126422,0.184798534798535,0.176556776556777,0.0010989010989011,0.0716117216117216,0.0622710622710623,0.503663003663004
209273.411807,2514866.126422,0.305321100917431,0.0759633027522936,0,0.0297247706422018,0.0370642201834862,0.551926605504587
209773.411807,2514866.126422,0.284168042560998,0.199596404329481,0,0.0447624289121262,0.091726288754357,0.379746835443038
210273.411807,2514866.126422,0.00238095238095238,0.0576923076923077,0.0679487179487179,0.581868131868132,0.0399267399267399,0.25018315018315
210773.411807,2514866.126422,0.109908256880734,0.0588990825688073,0.0321100917431193,0.571559633027523,0.0337614678899083,0.193761467889908
211273.411807,2514866.126422,0.14361807062537,0.138488853817321,0,0.0100611560465575,0.00651015979483133,0.70132175971592
198773.411807,2514366.126422,0.0851868327402135,0.0900800711743772,0.00244661921708185,0.15702846975089,0.113434163701068,0.55182384341637
199273.411807,2514366.126422,0.164102564102564,0.0908424908424908,0.0115384615384615,0.0943223443223443,0.067032967032967,0.572161172161172
199773.411807,2514366.126422,0.419141914191419,0.0324532453245325,0.00055005500550055,0.0137513751375138,0.0249358269160249,0.509167583425009
200273.411807,2514366.126422,0.329120879120879,0.0305860805860806,0.00164835164835165,0.0446886446886447,0.082967032967033,0.510989010989011
200773.411807,2514366.126422,0.167032967032967,0.41996336996337,0,0.0721611721611722,0.0593406593406593,0.281501831501832
201273.411807,2514366.126422,0.0825082508250825,0.526585991932527,0.0011001100110011,0.157315731573157,0.112027869453612,0.12046204620462
201773.411807,2514366.126422,0.106043956043956,0.22014652014652,0.0663003663003663,0.332967032967033,0.115201465201465,0.159340659340659
202273.411807,2514366.126422,0.0913919413919414,0.110622710622711,0.0461538461538462,0.242307692307692,0.145970695970696,0.363553113553114
202773.411807,2514366.126422,0.106160616061606,0.129446277961129,0.0363036303630363,0.290795746241291,0.164649798313165,0.272643931059773
203273.411807,2514366.126422,0.203846153846154,0.100915750915751,0.0111721611721612,0.216849816849817,0.154212454212454,0.313003663003663
203773.411807,2514366.126422,0.154945054945055,0.232417582417582,0.00549450549450549,0.0642857142857143,0.147435897435897,0.395421245421245
204273.411807,2514366.126422,0.127429409607627,0.214154748808214,0.0256692335900257,0.0661899523285662,0.105060506050605,0.461496149614961
204773.411807,2514366.126422,0.167032967032967,0.25989010989011,0.0100732600732601,0.101098901098901,0.104212454212454,0.357692307692308
205273.411807,2514366.126422,0.131318681318681,0.19010989010989,0.0245421245421245,0.0518315018315018,0.115384615384615,0.486813186813187
205773.411807,2514366.126422,0.345617895122846,0.0495049504950495,0,0.0304363769710304,0.048038137147048,0.526402640264026
206273.411807,2514366.126422,0.249084249084249,0.132600732600733,0,0.0617216117216117,0.0547619047619048,0.501831501831502
206773.411807,2514366.126422,0.253663003663004,0.104761904761905,0.00769230769230769,0.103663003663004,0.0822344322344322,0.447985347985348
207273.411807,2514366.126422,0.112211221122112,0.169416941694169,0.00128346167950128,0.139163916391639,0.127796112944628,0.45012834616795
207773.411807,2514366.126422,0.117948717948718,0.120512820512821,0,0.0705128205128205,0.082967032967033,0.608058608058608
208273.411807,2514366.126422,0.147069597069597,0.132600732600733,0,0.0424908424908425,0.0435897435897436,0.634249084249084
208773.411807,2514366.126422,0.225889255592226,0.0760909424275761,0,0.026952695269527,0.0458379171250458,0.625229189585625
209273.411807,2514366.126422,0.237362637362637,0.0518315018315018,0,0.0152014652014652,0.0412087912087912,0.654395604395604
209773.411807,2514366.126422,0.377472527472527,0.0503663003663004,0,0.0408424908424908,0.0604395604395604,0.470879120879121
210273.411807,2514366.126422,0.123579024569124,0.147964796479648,0,0.0346534653465347,0.0361202786945361,0.657682434910158
210773.411807,2514366.126422,0.0043956043956044,0.0595238095238095,0.0338827838827839,0.580586080586081,0.0186813186813187,0.302930402930403
211273.411807,2514366.126422,0.0939716312056738,0.261623325453113,0.0200945626477541,0.28230890464933,0.0145784081954295,0.3274231678487
198773.411807,2513866.126422,0.206996434937611,0.0381016042780749,0.0135918003565062,0.250445632798574,0.175133689839572,0.315730837789661
199273.411807,2513866.126422,0.190170548322025,0.0540986612873648,0,0.213460480469466,0.121401063634696,0.420869246286448
199773.411807,2513866.126422,0.320872274143302,0.0137438152831226,0.00146600696353308,0.111416529228514,0.184900128275609,0.367601246105919
200273.411807,2513866.126422,0.372728941090108,0.0135804734813727,0,0.0192695907505964,0.0585428518994311,0.535878142778491
200773.411807,2513866.126422,0.125985695947185,0.707500458463231,0,0.00146708233999633,0.00843572345497891,0.156611039794608
201273.411807,2513866.126422,0.0322521531977277,0.909290819131391,0,0.000183250870441635,0.00458127176104087,0.0536925050393989
201773.411807,2513866.126422,0.146815929528354,0.43971370893742,0.0297302257294917,0.0785465222976693,0.0693705267021472,0.235823086804918
202273.411807,2513866.126422,0.197322574729507,0.109297634329727,0.00458463231248854,0.201173665871997,0.120300751879699,0.367320740876582
202773.411807,2513866.126422,0.185633131757376,0.0364669232178853,0.00751328568810702,0.219901044529962,0.113982041414697,0.436503573391974
203273.411807,2513866.126422,0.188658469443935,0.0666177280234905,0.0442282987704166,0.193062947329785,0.144430170673518,0.363002385758855
203773.411807,2513866.126422,0.148908857509628,0.281129653401797,0.00550155877498625,0.156611039794608,0.107463781404731,0.300385109114249
204273.411807,2513866.126422,0.161993769470405,0.205240974894631,0.0201575957485798,0.143851933296683,0.0930914421843504,0.375664284405351
204773.411807,2513866.126422,0.277115066984768,0.231235089007157,0,0.114332905120206,0.0787300422095797,0.29858689667829
205273.411807,2513866.126422,0.0977443609022556,0.458646616541353,0.00165046763249587,0.117733357784706,0.0982945167797543,0.225930680359435
205773.411807,2513866.126422,0.499541872823896,0.0410481949789262,0,0.0432472054242258,0.061205790727506,0.354956936045446
206273.411807,2513866.126422,0.300972655533125,0.162598641952652,0,0.0102771150669848,0.0126628739218205,0.513488713525417
206773.411807,2513866.126422,0.25582248303686,0.121584448927196,0.0187052998349532,0.0819732257472951,0.0539152759948652,0.46799926645883
207273.411807,2513866.126422,0.308594465823713,0.0828293934396188,0.00879604178119846,0.0623052959501558,0.045629466739967,0.491845336265347
207773.411807,2513866.126422,0.162048082216921,0.13286841622316,0,0.057258212516058,0.0844191594788034,0.563406129565058
208273.411807,2513866.126422,0.271226847606822,0.0735375022923162,0,0.0397946084724005,0.0458463231248854,0.569594718503576
208773.411807,2513866.126422,0.229430089792927,0.108301264431006,0,0.047645226314825,0.0723840938244457,0.542239325636797
209273.411807,2513866.126422,0.244265002752799,0.212883097816113,0.000183519911910442,0.0370710222059093,0.0401908607083869,0.465406496604882
209773.411807,2513866.126422,0.190537318907024,0.109481019622226,0,0.283330276911792,0.13185402530717,0.284797359251788
210273.411807,2513866.126422,0.25893347993403,0.130841121495327,0.000183250870441635,0.344328385559831,0.114531794026022,0.151181968114349
210773.411807,2513866.126422,0.0367039823820885,0.114516425032116,0,0.0249587080198202,0.0447788585061479,0.779042026059828
211273.411807,2513866.126422,0.0049299940840071,0.0867678958785249,0.0280023663971603,0.491816209820548,0.0165647801222639,0.371918753697496
198773.411807,2513366.126422,0.131268107867172,0.156674838422108,0,0.0178292845999554,0.0381100958324047,0.65611767327836
199273.411807,2513366.126422,0.133920381581361,0.117226197028068,0,0.0420106402494955,0.0572372041827188,0.649605576958356
199773.411807,2513366.126422,0.213186813186813,0.118681318681319,0.00183150183150183,0.0351648351648352,0.0793040293040293,0.551831501831502
200273.411807,2513366.126422,0.142018348623853,0.250825688073395,0,0.00385321100917431,0.00678899082568807,0.59651376146789
200773.411807,2513366.126422,0.0344890845716382,0.895248578242524,0,0,0.002568336085122,0.0676940011007155
201273.411807,2513366.126422,0.391025641025641,0.168681318681319,0.000183150183150183,0.0137362637362637,0.0496336996336996,0.376739926739927
201773.411807,2513366.126422,0.0754128440366972,0.490642201834862,0,0.0234862385321101,0.0238532110091743,0.386605504587156
202273.411807,2513366.126422,0.148046230049532,0.388736011740965,0,0.125665015593469,0.0557695835626491,0.281783159053385
202773.411807,2513366.126422,0.0543956043956044,0.467216117216117,0,0.0842490842490843,0.0597069597069597,0.334432234432234
203273.411807,2513366.126422,0.104770642201835,0.30697247706422,0.00568807339449541,0.0388990825688073,0.0434862385321101,0.500183486238532
203773.411807,2513366.126422,0.0931939093744267,0.0524674371674922,0,0.129517519721152,0.135754907356448,0.589066226380481
204273.411807,2513366.126422,0.198901098901099,0.236446886446886,0.0404761904761905,0.0593406593406593,0.116666666666667,0.348168498168498
204773.411807,2513366.126422,0.426422018348624,0.0405504587155963,0.00201834862385321,0.0895412844036697,0.0952293577981651,0.346238532110092
205273.411807,2513366.126422,0.241607044578976,0.14694551458448,0.000733810310034856,0.0190790680609063,0.0236653824986241,0.567969179966978
205773.411807,2513366.126422,0.26043956043956,0.0604395604395604,0.0562271062271062,0.241208791208791,0.119413919413919,0.262271062271062
206273.411807,2513366.126422,0.239266055045872,0.0805504587155963,0.0113761467889908,0.312110091743119,0.199633027522936,0.157064220183486
206773.411807,2513366.126422,0.274445055953036,0.110621904237755,0.0146762062006971,0.258301229132269,0.142542652724271,0.199412951751972
207273.411807,2513366.126422,0.195970695970696,0.0987179487179487,0.00549450549450549,0.184981684981685,0.0917582417582418,0.423076923076923
207773.411807,2513366.126422,0.364770642201835,0.124403669724771,0,0.0385321100917431,0.163119266055046,0.309174311926605
208273.411807,2513366.126422,0.165290772335351,0.310034855989727,0.00972298660796184,0.0317372959090075,0.0216474041460283,0.461566685011924
208773.411807,2513366.126422,0.294505494505495,0.0564102564102564,0,0.0738095238095238,0.0745421245421245,0.500732600732601
209273.411807,2513366.126422,0.327706422018349,0.0976146788990826,0,0.0921100917431193,0.0915596330275229,0.391009174311927
209773.411807,2513366.126422,0.171711612548156,0.12272977435333,0,0.232617868281049,0.10420106402495,0.368739680792515
210273.411807,2513366.126422,0.321978021978022,0.262820512820513,0,0.0161172161172161,0.0353479853479853,0.363736263736264
210773.411807,2513366.126422,0.227522935779817,0.108440366972477,0,0.130275229357798,0.100917431192661,0.432844036697248
211273.411807,2513366.126422,0.221148155454725,0.0686525942000395,0,0.0323535214046163,0.039652791477609,0.63819293746301
198773.411807,2512866.126422,0.0511565836298932,0.78914590747331,0,0.00645017793594306,0.0258007117437722,0.127446619217082
199273.411807,2512866.126422,0.0789377289377289,0.636630036630037,0.000183150183150183,0.0238095238095238,0.0641025641025641,0.196336996336996
199773.411807,2512866.126422,0.145764576457646,0.255592225889256,0.0122845617895123,0.0212687935460213,0.0616061606160616,0.503483681701503
200273.411807,2512866.126422,0.0108058608058608,0.900732600732601,0,0,0.00604395604395604,0.0824175824175824
200773.411807,2512866.126422,0.0747252747252747,0.649084249084249,0,0.0827838827838828,0.134615384615385,0.0587912087912088
201273.411807,2512866.126422,0.127796112944628,0.00311697836450312,0,0.0196186285295196,0.0242024202420242,0.825265859919325
201773.411807,2512866.126422,0.302197802197802,0.0648351648351648,0.000366300366300366,0.278937728937729,0.130586080586081,0.223076923076923
202273.411807,2512866.126422,0.246153846153846,0.01996336996337,0,0.329304029304029,0.163553113553114,0.241025641025641
202773.411807,2512866.126422,0.128346167950128,0.169050238357169,0,0.260542720938761,0.13017968463513,0.311881188118812
203273.411807,2512866.126422,0.0877289377289377,0.153846153846154,0,0.0946886446886447,0.095970695970696,0.567765567765568
203773.411807,2512866.126422,0.202197802197802,0.0419413919413919,0,0.0406593406593407,0.0404761904761905,0.674725274725275
204273.411807,2512866.126422,0.055005500550055,0.318665199853319,0,0.00201686835350202,0.0088008800880088,0.615511551155115
204773.411807,2512866.126422,0.171428571428571,0.643956043956044,0,0.0175824175824176,0.0250915750915751,0.141941391941392
205273.411807,2512866.126422,0.0360805860805861,0.101831501831502,0,0.0179487179487179,0.0316849816849817,0.812454212454212
205773.411807,2512866.126422,0.483131646497983,0.017968463513018,0,0.0434543454345435,0.0484048404840484,0.407040704070407
206273.411807,2512866.126422,0.11978021978022,0.727289377289377,0,0.0591575091575092,0.0173992673992674,0.0763736263736264
206773.411807,2512866.126422,0.335347985347985,0.17014652014652,0,0.078021978021978,0.0644688644688645,0.352014652014652
207273.411807,2512866.126422,0.465896589658966,0.0493215988265493,0,0.0676567656765677,0.0473047304730473,0.36982031536487
207773.411807,2512866.126422,0.455860805860806,0.0247252747252747,0,0.0289377289377289,0.0362637362637363,0.454212454212454
208273.411807,2512866.126422,0.413736263736264,0.0663003663003663,0,0.0652014652014652,0.0538461538461538,0.400915750915751
208773.411807,2512866.126422,0.336633663366337,0.0139347268060139,0,0.0726072607260726,0.0588558855885589,0.517968463513018
209273.411807,2512866.126422,0.343223443223443,0.0232600732600733,0,0.113369963369963,0.0688644688644689,0.451282051282051
209773.411807,2512866.126422,0.296520146520147,0.0705128205128205,0,0.0283882783882784,0.0285714285714286,0.576007326007326
210273.411807,2512866.126422,0.369453612027869,0.145947928126146,0,0.015951595159516,0.0476714338100477,0.420975430876421
210773.411807,2512866.126422,0.285347985347985,0.224542124542125,0,0.0184981684981685,0.0399267399267399,0.431684981684982
211273.411807,2512866.126422,0.273837667454689,0.0470843183609141,0,0.0425531914893617,0.0768321513002364,0.559692671394799
198773.411807,2512366.126422,0.00467914438502674,0.798351158645276,0,0.00579322638146168,0.0476827094474153,0.14349376114082
199273.411807,2512366.126422,0.0221896203924445,0.0847240051347882,0.0465798642948836,0.00183385292499542,0.0106363469649734,0.834036310287915
199773.411807,2512366.126422,0.31170973062122,0.047645226314825,0,0.0597397837639729,0.109217518783214,0.471687740516767
200273.411807,2512366.126422,0.123325380803817,0.44797210497339,0,0.0137639933932832,0.0442282987704166,0.370710222059093
200773.411807,2512366.126422,0.0761048963873097,0.811479919310471,0,0.013203741059967,0.0163212910324592,0.0828901522097928
201273.411807,2512366.126422,0.160711013377314,0.0467289719626168,0.00549752611324904,0.241707898112516,0.18270111783031,0.362653472603995
201773.411807,2512366.126422,0.241879243897963,0.0609286107542668,0.109010827674803,0.066801247935401,0.0702881262616994,0.451091943475867
202273.411807,2512366.126422,0.282780121034293,0.0517146524848707,0.155327342747112,0.094810196222263,0.070419952319824,0.344947735191638
202773.411807,2512366.126422,0.0751328568810702,0.262415246472421,0,0.310610225398571,0.109584020524097,0.242257650723841
203273.411807,2512366.126422,0.16186456230501,0.0458799779776106,0,0.175261515874472,0.0702881262616994,0.546705817581208
203773.411807,2512366.126422,0.361085640931597,0.0194388410049514,0,0.0797726022373006,0.126352466532184,0.413350449293967
204273.411807,2512366.126422,0.12112882536192,0.0106285504856148,0,0.0260216236027121,0.0659703133589885,0.776250687190764
204773.411807,2512366.126422,0.307395852449991,0.0767113231785649,0.00422095797394017,0.0627638098733713,0.0680858873187741,0.480822169205359
205273.411807,2512366.126422,0.316889785439208,0.0506143407298735,0,0.066018705299835,0.0724371905373189,0.494039977993765
205773.411807,2512366.126422,0.522264980758659,0.0443467106468756,0,0.0481949789261499,0.0698185816382628,0.315374748030053
206273.411807,2512366.126422,0.419710038539181,0.113231785648743,0.000183519911910442,0.146265369792623,0.0923105156909525,0.22829877041659
206773.411807,2512366.126422,0.281129653401797,0.0973775903172566,0.00110031175499725,0.200440124701999,0.102879149092243,0.317073170731707
207273.411807,2512366.126422,0.489463074949606,0.0509437419827744,0,0.043613707165109,0.0445299615173172,0.371449514385193
207773.411807,2512366.126422,0.429069554046614,0.0504679757753716,0,0.0183519911910442,0.0220223894292531,0.480088089557717
208273.411807,2512366.126422,0.427104346231432,0.0755547405098111,0,0.0278745644599303,0.0359435173299101,0.433522831468916
208773.411807,2512366.126422,0.345427890782481,0.0839288986622686,0,0.0225398570643211,0.0452629649990837,0.502840388491845
209273.411807,2512366.126422,0.437327950082584,0.0412919801798495,0,0.0521196549825656,0.0548724536612222,0.414387961093779
209773.411807,2512366.126422,0.297267559141757,0.0328259673574179,0,0.0355767467449111,0.0427287731523932,0.591600953603521
210273.411807,2512366.126422,0.432838555983141,0.0164925783397471,0,0.00916254352208173,0.0144768187648891,0.527029503390141
210773.411807,2512366.126422,0.433841071756286,0.0728574050284456,0,0.0574417324279684,0.0607450908423564,0.375114699944944
211273.411807,2512366.126422,0.263064484322619,0.0808519029777164,0,0.0615263261684086,0.081246302504437,0.513310984026819
198773.411807,2511866.126422,0.16380655226209,0.386004011589035,0.00378872297749053,0.0314241141074214,0.0347671049699131,0.380209494094049
199273.411807,2511866.126422,0.136488717666483,0.377545404512933,0.00880572372041827,0.0214639515685195,0.072463768115942,0.383232434415704
199773.411807,2511866.126422,0.314102564102564,0.143589743589744,0,0.0139194139194139,0.0424908424908425,0.485897435897436
200273.411807,2511866.126422,0.330275229357798,0.108990825688073,0,0.0955963302752294,0.108440366972477,0.356697247706422
200773.411807,2511866.126422,0.318473674555127,0.0922766464868831,0,0.164923867180334,0.110988809392772,0.313337002384883
201273.411807,2511866.126422,0.248534798534799,0.141575091575092,0.00714285714285714,0.0538461538461538,0.109340659340659,0.43956043956044
201773.411807,2511866.126422,0.152477064220183,0.290275229357798,0,0.043302752293578,0.0952293577981651,0.418715596330275
202273.411807,2511866.126422,0.203082003302146,0.348192992111539,0.0482480278847918,0.0796184186387819,0.104567969179967,0.216290588882774
202773.411807,2511866.126422,0.181318681318681,0.0386446886446886,0,0.0296703296703297,0.0527472527472527,0.697619047619048
203273.411807,2511866.126422,0.232844036697248,0.181834862385321,0.0036697247706422,0.0605504587155963,0.0827522935779817,0.438348623853211
203773.411807,2511866.126422,0.246560264171712,0.028251696936342,0.00623738763529628,0.192258301229132,0.164923867180334,0.361768482847184
204273.411807,2511866.126422,0.359157509157509,0.0274725274725275,0.0032967032967033,0.136263736263736,0.120879120879121,0.352930402930403
204773.411807,2511866.126422,0.384403669724771,0.0385321100917431,0,0.103853211009174,0.125504587155963,0.347706422018349
205273.411807,2511866.126422,0.476059438635113,0.019262520638415,0.00238488350761328,0.0587048248027885,0.0838378279214823,0.359750504494588
205773.411807,2511866.126422,0.392490842490842,0.0250915750915751,0.0032967032967033,0.0886446886446886,0.0937728937728938,0.396703296703297
206273.411807,2511866.126422,0.174495412844037,0.0590825688073394,0,0.511926605504587,0.120366972477064,0.134128440366972
206773.411807,2511866.126422,0.423041643735094,0.0372408732342689,0,0.132819666116309,0.0476976701522656,0.359200146762062
207273.411807,2511866.126422,0.506410256410256,0.0146520146520147,0,0.076007326007326,0.0336996336996337,0.369230769230769
207773.411807,2511866.126422,0.525321100917431,0.0278899082568807,0,0.0337614678899083,0.0286238532110092,0.384403669724771
208273.411807,2511866.126422,0.433314988075582,0.0133920381581361,0,0.0271509814712897,0.0245826453861677,0.501559346908824
208773.411807,2511866.126422,0.319413919413919,0.0166666666666667,0,0.0404761904761905,0.0271062271062271,0.596336996336996
209273.411807,2511866.126422,0.303302752293578,0.0726605504587156,0,0.0130275229357798,0.0176146788990826,0.593394495412844
209773.411807,2511866.126422,0.359567051917079,0.0286186020913594,0,0.0181618051733627,0.0392588515868648,0.554393689231334
210273.411807,2511866.126422,0.448534798534799,0.0501831501831502,0,0.0272893772893773,0.0368131868131868,0.437179487179487
210773.411807,2511866.126422,0.347706422018349,0.0510091743119266,0.00807339449541284,0.17394495412844,0.0711926605504587,0.348073394495413
211273.411807,2511866.126422,0.447030972578418,0.0142039850069047,0,0.0177549812586309,0.0181495363977116,0.502860524758335
198773.411807,2511366.126422,0.186165480427046,0.123887900355872,0.0048932384341637,0.200622775800712,0.166814946619217,0.317615658362989
199273.411807,2511366.126422,0.153296703296703,0.299267399267399,0,0.142490842490842,0.118315018315018,0.286630036630037
199773.411807,2511366.126422,0.135496883021635,0.182618261826183,0.0011001100110011,0.353868720205354,0.131463146314631,0.195452878621195
200273.411807,2511366.126422,0.27985347985348,0.1,0.00201465201465201,0.138644688644689,0.183699633699634,0.295787545787546
200773.411807,2511366.126422,0.338278388278388,0.117216117216117,0,0.030952380952381,0.0536630036630037,0.45989010989011
201273.411807,2511366.126422,0.452145214521452,0.145214521452145,0,0.033003300330033,0.0575724239090576,0.312064539787312
201773.411807,2511366.126422,0.31996336996337,0.0578754578754579,0.0437728937728938,0.0712454212454212,0.0943223443223443,0.412820512820513
202273.411807,2511366.126422,0.186996336996337,0.224358974358974,0.0635531135531135,0.110805860805861,0.0860805860805861,0.328205128205128
202773.411807,2511366.126422,0.395672900623396,0.0551888522185552,0.000183351668500183,0.0966263292995966,0.0705903923725706,0.381738173817382
203273.411807,2511366.126422,0.258791208791209,0.0628205128205128,0,0.0950549450549451,0.0771062271062271,0.506227106227106
203773.411807,2511366.126422,0.239010989010989,0.0551282051282051,0,0.228205128205128,0.154945054945055,0.322710622710623
204273.411807,2511366.126422,0.287678767876788,0.0432709937660433,0.00311697836450312,0.0753575357535754,0.0834250091675834,0.507150715071507
204773.411807,2511366.126422,0.372710622710623,0.0952380952380952,0.000366300366300366,0.0536630036630037,0.0873626373626374,0.390659340659341
205273.411807,2511366.126422,0.461904761904762,0.00274725274725275,0,0.0375457875457875,0.043956043956044,0.453846153846154
205773.411807,2511366.126422,0.324349101576824,0.0511551155115512,0,0.143014301430143,0.0927759442610928,0.388705537220389
206273.411807,2511366.126422,0.0945054945054945,0.0615384615384615,0.000183150183150183,0.699084249084249,0.0868131868131868,0.0578754578754579
206773.411807,2511366.126422,0.265018315018315,0.045970695970696,0,0.352930402930403,0.0957875457875458,0.24029304029304
207273.411807,2511366.126422,0.46002933626696,0.0251191785845251,0.00421708837550422,0.0392372570590392,0.0467546754675468,0.424642464246425
207773.411807,2511366.126422,0.408608058608059,0.0582417582417582,0.0159340659340659,0.0783882783882784,0.0804029304029304,0.358424908424908
208273.411807,2511366.126422,0.370695970695971,0.0423076923076923,0.00128205128205128,0.0302197802197802,0.0481684981684982,0.507326007326007
208773.411807,2511366.126422,0.337183718371837,0.157865786578658,0,0.0473047304730473,0.0438210487715438,0.413824715804914
209273.411807,2511366.126422,0.259157509157509,0.0943223443223443,0,0.0404761904761905,0.045970695970696,0.56007326007326
209773.411807,2511366.126422,0.293589743589744,0.0423076923076923,0,0.203663003663004,0.135714285714286,0.324725274725275
210273.411807,2511366.126422,0.45031169783645,0.0066006600660066,0,0.0104510451045105,0.0209020902090209,0.511734506784012
210773.411807,2511366.126422,0.436630036630037,0.0472527472527473,0,0.00897435897435897,0.0128205128205128,0.494322344322344
211273.411807,2511366.126422,0.397557131599685,0.0242316784869976,0,0.061859732072498,0.039204097714736,0.477147360126084
198773.411807,2510866.126422,0.146167557932264,0.220811051693405,0.0142602495543672,0.172237076648841,0.160873440285205,0.285650623885918
199273.411807,2510866.126422,0.181184668989547,0.132220795892169,0,0.258206491839354,0.143040528149642,0.285347515129287
199773.411807,2510866.126422,0.136521898479018,0.397471137987905,0,0.126443100604728,0.0842954004031519,0.255268462525197
200273.411807,2510866.126422,0.208845659754083,0.327216002936319,0.00330335841438796,0.0258763075793724,0.0752431638832813,0.359515507432556
200773.411807,2510866.126422,0.359068402714102,0.125435540069686,0,0.0102695763799743,0.0357601320374106,0.469466348798826
201273.411807,2510866.126422,0.376214037016676,0.0709180868609126,0.000183250870441635,0.0232728605460876,0.03811618105186,0.491295583654022
201773.411807,2510866.126422,0.336575518443751,0.0144980730409249,0.00642319691686548,0.138190493668563,0.128280418425399,0.376032299504496
202273.411807,2510866.126422,0.254355400696864,0.134604804694663,0.00110031175499725,0.122501375389694,0.0946268109297634,0.392811296534018
202773.411807,2510866.126422,0.378046545721092,0.043613707165109,0,0.0441634597764339,0.0300531427524281,0.504123144584937
203273.411807,2510866.126422,0.371811341530556,0.0187190310148651,0.0082583960359699,0.0631308496971921,0.0495503762158194,0.488530005505597
203773.411807,2510866.126422,0.289198606271777,0.0293416467999266,0.000733541169998166,0.246836603704383,0.11589950485971,0.317990097194205
204273.411807,2510866.126422,0.310060472787246,0.0254718709913872,0,0.184350375664284,0.118196811434854,0.361920469122228
204773.411807,2510866.126422,0.333272160029363,0.0636814094329235,0.000367039823820885,0.115617544503579,0.12461002018719,0.362451826023124
205273.411807,2510866.126422,0.335595085274161,0.0913258756647717,0.00568494406748579,0.0438290849073904,0.0711534934898221,0.452411516596369
205773.411807,2510866.126422,0.435220817298882,0.00439802089059923,0,0.0317024005864028,0.047645226314825,0.481033534909291
206273.411807,2510866.126422,0.461919618278583,0.108827307762892,0,0.0565241328684162,0.0346852633510736,0.338043677739035
