"x","y","forest","agri","water","built","other","grass"
288273.411807,2627366.126422,0.957782299084435,0.00152594099694812,0,0,0.00101729399796541,0.0396744659206511
288773.411807,2627366.126422,0.967181467181467,0,0,0,0,0.0328185328185328
289273.411807,2627366.126422,0.925771208226221,0.00160668380462725,0,0.00032133676092545,0.00032133676092545,0.0719794344473008
289773.411807,2627366.126422,0.881578947368421,0.000320924261874198,0,0.000320924261874198,0,0.117779204107831
290273.411807,2627366.126422,0.943693693693694,0.0537323037323037,0,0,0,0.00257400257400257
290773.411807,2627366.126422,0.979755784061697,0.019280205655527,0,0,0,0.00096401028277635
291273.411807,2627366.126422,0.975930680359435,0,0,0,0,0.0240693196405648
291773.411807,2627366.126422,0.933397683397683,0.0119047619047619,0,0,0,0.0546975546975547
292273.411807,2627366.126422,0.931876606683805,0.0096401028277635,0,0,0,0.0584832904884319
292773.411807,2627366.126422,0.92201540436457,0,0,0,0,0.07798459563543
293273.411807,2627366.126422,0.712033462033462,0.00160875160875161,0,0,0,0.286357786357786
293773.411807,2627366.126422,0.743573264781491,0,0,0,0,0.256426735218509
294273.411807,2627366.126422,0.435494223363286,0.0250320924261874,0,0.00224646983311938,0.00738125802310655,0.5298459563543
294773.411807,2627366.126422,0.138030888030888,0.0666023166023166,0,0.0141570141570142,0.0109395109395109,0.77027027027027
295273.411807,2627366.126422,0.0867609254498715,0.0588046272493573,0,0.0298843187660668,0.0237789203084833,0.800771208226221
295773.411807,2627366.126422,0.0471758664955071,0.0455712451861361,0.0879332477535302,0.497111681643132,0.0686777920410783,0.253530166880616
296273.411807,2627366.126422,0.105212355212355,0.102316602316602,0.00321750321750322,0.2998712998713,0.0653153153153153,0.424066924066924
296773.411807,2627366.126422,0.102185089974293,0.0337403598971722,0,0.0151028277634961,0.0202442159383033,0.828727506426735
297273.411807,2627366.126422,0.0683568677792041,0.0423620025673941,0.000962772785622593,0.0413992297817715,0.0272785622593068,0.819640564826701
297773.411807,2627366.126422,0.00868725868725869,0.208172458172458,0,0.00579150579150579,0.00933075933075933,0.768018018018018
298273.411807,2627366.126422,0.224935732647815,0.0205655526992288,0,0.0012853470437018,0.0019280205655527,0.751285347043702
298773.411807,2627366.126422,0.49390243902439,0.00609756097560976,0,0,0,0.5
299273.411807,2627366.126422,0.373230373230373,0.158301158301158,0,0.0228442728442728,0.0028957528957529,0.442728442728443
299773.411807,2627366.126422,0,0.0829048843187661,0.544665809768638,0.322300771208226,0.0302056555269923,0.0199228791773779
300273.411807,2627366.126422,0.117458279845956,0.342426187419769,0.0407573812580231,0.128369704749679,0.0215019255455712,0.349486521181001
300773.411807,2627366.126422,0.777348777348777,0.0028957528957529,0,0.000321750321750322,0.000643500643500643,0.218790218790219
288273.411807,2626866.126422,0.802597402597403,0.0378066378066378,0.0392496392496392,0.0531024531024531,0.00981240981240981,0.0574314574314574
288773.411807,2626866.126422,0.835531135531136,0.00567765567765568,0,0.00366300366300366,0.00769230769230769,0.147435897435897
289273.411807,2626866.126422,0.958974358974359,0.000183150183150183,0,0,0,0.0408424908424908
289773.411807,2626866.126422,0.953612027869454,0,0,0,0,0.0463879721305464
290273.411807,2626866.126422,0.979304029304029,0.010989010989011,0,0,0,0.00970695970695971
290773.411807,2626866.126422,0.957692307692308,0.0393772893772894,0,0,0,0.00293040293040293
291273.411807,2626866.126422,0.977264393105977,0.00531719838650532,0,0,0,0.0174184085075174
291773.411807,2626866.126422,0.94047619047619,0.0366300366300366,0,0,0,0.0228937728937729
292273.411807,2626866.126422,0.930586080586081,0.0285714285714286,0,0,0,0.0408424908424908
292773.411807,2626866.126422,0.733039970663733,0.121562156215622,0,0,0,0.145397873120645
293273.411807,2626866.126422,0.683882783882784,0.00787545787545788,0,0,0,0.308241758241758
293773.411807,2626866.126422,0.638278388278388,0.000549450549450549,0,0.000366300366300366,0.000732600732600733,0.36007326007326
294273.411807,2626866.126422,0.387055372203887,0.0077007700770077,0,0.00128346167950128,0.00183351668500183,0.602126879354602
294773.411807,2626866.126422,0.123443223443223,0.135531135531136,0,0.000915750915750916,0.00311355311355311,0.736996336996337
295273.411807,2626866.126422,0.067032967032967,0.0961538461538462,0.0010989010989011,0.0456043956043956,0.0331501831501832,0.756959706959707
295773.411807,2626866.126422,0.148881554822149,0.0579391272460579,0.044004400440044,0.451411807847451,0.134030069673634,0.163733039970664
296273.411807,2626866.126422,0.137545787545788,0.284249084249084,0.00586080586080586,0.128937728937729,0.0683150183150183,0.375091575091575
296773.411807,2626866.126422,0.0895604395604396,0.193956043956044,0.00128205128205128,0.0880952380952381,0.0754578754578755,0.551648351648352
297273.411807,2626866.126422,0.0892922625595893,0.0568390172350568,0.00128346167950128,0.0394206087275394,0.0264026402640264,0.786762009534287
297773.411807,2626866.126422,0.181501831501831,0.126007326007326,0,0.00824175824175824,0.0221611721611722,0.662087912087912
298273.411807,2626866.126422,0.639377289377289,0,0,0,0,0.360622710622711
298773.411807,2626866.126422,0.643564356435644,0.0353868720205354,0,0,0,0.321048771543821
299273.411807,2626866.126422,0.361538461538462,0.0316849816849817,0.405860805860806,0.0847985347985348,0.000366300366300366,0.115750915750916
299773.411807,2626866.126422,0.00402930402930403,0.111721611721612,0.393040293040293,0.458974358974359,0.000183150183150183,0.032051282051282
300273.411807,2626866.126422,0.533370003667033,0.05995599559956,0,0.0146681334800147,0.0284195086175284,0.363586358635864
300773.411807,2626866.126422,0.792673992673993,0.0124542124542125,0,0,0,0.194871794871795
288273.411807,2626366.126422,0.941091539127924,0,0,0,0,0.0589084608720762
288773.411807,2626366.126422,0.785832262800514,0.0387227014131033,0.0282620664342081,0.0611121306661773,0.00623967700495504,0.0798311616810424
289273.411807,2626366.126422,0.927012653585182,0,0,0,0,0.0729873464148175
289773.411807,2626366.126422,0.962800073300348,0,0,0,0,0.0371999266996518
290273.411807,2626366.126422,0.979812809689851,0,0,0,0,0.0201871903101487
290773.411807,2626366.126422,0.900238400880249,0.000366770584999083,0,0,0,0.0993948285347515
291273.411807,2626366.126422,0.979475902510537,0.00219901044529962,0,0,0,0.0183250870441635
291773.411807,2626366.126422,0.935217471095614,0.0209212699577904,0,0,0,0.0438612589465957
292273.411807,2626366.126422,0.876581698147809,0,0,0,0,0.123418301852191
292773.411807,2626366.126422,0.699285321605278,0.0613890415979476,0,0,0,0.239325636796775
293273.411807,2626366.126422,0.775004587997798,0.00275279867865663,0,0,0,0.222242613323546
293773.411807,2626366.126422,0.682743443975793,0.00476801760498808,0,0.000366770584999083,0.00128369704749679,0.310838070786723
294273.411807,2626366.126422,0.437969580355507,0.0584570276708814,0,0.0152098222466557,0.0172255818215137,0.471137987905443
294773.411807,2626366.126422,0.0132134336575518,0.0304643053771334,0,0.00165167920719398,0.00532207744540283,0.949348504312718
295273.411807,2626366.126422,0.109114249037227,0.170915092609573,0.00201723821749496,0.0570328259673574,0.0249403997799376,0.63598019438841
295773.411807,2626366.126422,0.139453912406084,0.116364302730438,0.00366501740883269,0.153197727689207,0.0738501007879787,0.51346893897746
296273.411807,2626366.126422,0.0972655533125344,0.0603780510185355,0.00715727656450725,0.0172508717195816,0.0168838318957607,0.801064415489081
296773.411807,2626366.126422,0.239684577296901,0.0618008435723455,0.00110031175499725,0.0194388410049514,0.0247570144874381,0.653218411883367
297273.411807,2626366.126422,0.48653106102254,0.0192413413963716,0,0.00861279091075683,0.0142935678944475,0.471321238775884
297773.411807,2626366.126422,0.590934116351624,0.000367039823820885,0,0,0,0.408698843824555
298273.411807,2626366.126422,0.515679442508711,0.0205391527599487,0,0.00146708233999633,0.00128369704749679,0.461030625343847
298773.411807,2626366.126422,0.755176837089976,0,0,0.00146600696353308,0.000549752611324904,0.242807403335166
299273.411807,2626366.126422,0.143329051202055,0.0587263718113415,0.312534409983483,0.258212516057992,0.0985501926959075,0.12864745824922
299773.411807,2626366.126422,0.220795892169448,0.0562992847973593,0.332844305886668,0.236567027324409,0.00183385292499542,0.151659636897121
300273.411807,2626366.126422,0.420194245922668,0.0311526479750779,0,0.00109950522264981,0.00201575957485798,0.545537841304746
300773.411807,2626366.126422,0.656817764727473,0.0317489447605065,0,0.000550559735731327,0.00165167920719398,0.309231051569095
288273.411807,2625866.126422,0.815007215007215,0.0193362193362193,0.00288600288600289,0.00952380952380952,0.00981240981240981,0.143434343434343
288773.411807,2625866.126422,0.841834862385321,0.0262385321100917,0.0104587155963303,0.0286238532110092,0.00165137614678899,0.0911926605504587
289273.411807,2625866.126422,0.957805907172996,0,0,0,0,0.0421940928270042
289773.411807,2625866.126422,0.951831501831502,0,0,0,0,0.0481684981684982
290273.411807,2625866.126422,0.970091743119266,0,0,0,0,0.0299082568807339
290773.411807,2625866.126422,0.955237571087874,0,0,0,0,0.0447624289121262
291273.411807,2625866.126422,0.904945054945055,0,0,0,0,0.0950549450549451
291773.411807,2625866.126422,0.954128440366973,0,0,0,0,0.0458715596330275
292273.411807,2625866.126422,0.898000366905155,0.00385250412768299,0,0.0110071546505228,0.00220143093010457,0.0849385433865346
292773.411807,2625866.126422,0.835347985347985,0.000183150183150183,0,0,0,0.164468864468864
293273.411807,2625866.126422,0.736146788990826,0,0,0,0,0.263853211009174
293773.411807,2625866.126422,0.828288387451844,0,0,0,0,0.171711612548156
294273.411807,2625866.126422,0.563186813186813,0.0212454212454212,0.00384615384615385,0.00659340659340659,0.0108058608058608,0.394322344322344
294773.411807,2625866.126422,0.168623853211009,0.0671559633027523,0,0.00660550458715596,0.00825688073394495,0.749357798165138
295273.411807,2625866.126422,0.213905705375161,0.098147128967162,0.000550357732526142,0.146395156851954,0.0607228031553843,0.480278847917813
295773.411807,2625866.126422,0.0619047619047619,0.091025641025641,0,0.0265567765567766,0.0305860805860806,0.78992673992674
296273.411807,2625866.126422,0.303302752293578,0.0255045871559633,0.00201834862385321,0.00330275229357798,0.00385321100917431,0.662018348623853
296773.411807,2625866.126422,0.398642450926436,0.0588882773802972,0,0.0161438268207668,0.0210970464135021,0.505228398458998
297273.411807,2625866.126422,0.582234432234432,0,0,0,0.000366300366300366,0.417399267399267
297773.411807,2625866.126422,0.69651376146789,0.00403669724770642,0,0,0,0.299449541284404
298273.411807,2625866.126422,0.837277563749771,0.000183452577508714,0,0,0,0.162538983672721
298773.411807,2625866.126422,0.752930402930403,0.00164835164835165,0,0.00567765567765568,0.00677655677655678,0.232967032967033
299273.411807,2625866.126422,0.389174311926606,0.0812844036697248,0.0036697247706422,0.176697247706422,0.205321100917431,0.143853211009174
299773.411807,2625866.126422,0.188405797101449,0.0563199412951752,0.168776371308017,0.392588515868648,0.0163272793982755,0.177582095028435
300273.411807,2625866.126422,0.636630036630037,0.00714285714285714,0,0.00256410256410256,0.00183150183150183,0.351831501831502
300773.411807,2625866.126422,0.879266055045872,0.00440366972477064,0,0.00275229357798165,0.00146788990825688,0.112110091743119
288273.411807,2625366.126422,0.983261183261183,0,0,0,0,0.0167388167388167
288773.411807,2625366.126422,0.947435897435897,0,0,0,0,0.0525641025641026
289273.411807,2625366.126422,0.931684981684982,0,0,0,0,0.0683150183150183
289773.411807,2625366.126422,0.924459112577924,0.00348368170150348,0,0,0.000366703337000367,0.0716905023835717
290273.411807,2625366.126422,0.93956043956044,0,0,0,0,0.0604395604395604
290773.411807,2625366.126422,0.752564102564103,0,0,0,0,0.247435897435897
291273.411807,2625366.126422,0.807297396406307,0.00275027502750275,0,0,0,0.18995232856619
291773.411807,2625366.126422,0.884432234432234,0,0,0,0,0.115567765567766
292273.411807,2625366.126422,0.828937728937729,0.00695970695970696,0,0.00989010989010989,0.0021978021978022,0.152014652014652
292773.411807,2625366.126422,0.873120645397873,0,0,0,0,0.126879354602127
293273.411807,2625366.126422,0.741941391941392,0.00879120879120879,0,0,0,0.249267399267399
293773.411807,2625366.126422,0.836446886446886,0,0,0,0,0.163553113553114
294273.411807,2625366.126422,0.727722772277228,0.0033003300330033,0,0,0,0.268976897689769
294773.411807,2625366.126422,0.177106227106227,0.102930402930403,0.000549450549450549,0.0258241758241758,0.0258241758241758,0.667765567765568
295273.411807,2625366.126422,0.179120879120879,0.0565934065934066,0.000549450549450549,0.0992673992673993,0.0771062271062271,0.587362637362637
295773.411807,2625366.126422,0.319398606527319,0.0247524752475248,0,0.000366703337000367,0.00055005500550055,0.654932159882655
296273.411807,2625366.126422,0.268864468864469,0.0108058608058608,0,0,0,0.72032967032967
296773.411807,2625366.126422,0.558974358974359,0.0122710622710623,0,0,0,0.428754578754579
297273.411807,2625366.126422,0.561239457279061,0.0903923725705904,0,0,0,0.348368170150348
297773.411807,2625366.126422,0.378205128205128,0,0,0,0,0.621794871794872
298273.411807,2625366.126422,0.776007326007326,0.0205128205128205,0,0.0010989010989011,0.00146520146520147,0.200915750915751
298773.411807,2625366.126422,0.787312064539787,0.000183351668500183,0,0.000733406674000733,0.0011001100110011,0.210671067106711
299273.411807,2625366.126422,0.315934065934066,0.12014652014652,0,0.103479853479853,0.0862637362637363,0.374175824175824
299773.411807,2625366.126422,0.0152014652014652,0.0379120879120879,0.475091575091575,0.345421245421245,0.0276556776556777,0.0987179487179487
300273.411807,2625366.126422,0.324532453245325,0.0766409974330766,0.00348368170150348,0.0198019801980198,0.00403373670700403,0.571507150715072
300773.411807,2625366.126422,0.862637362637363,0.0184981684981685,0,0.00293040293040293,0.00824175824175824,0.107692307692308
288273.411807,2624866.126422,0.934738665896621,0.000288766965059197,0,0,0.000288766965059197,0.0646838001732602
288773.411807,2624866.126422,0.946779225545972,0.0012846393833731,0,0,0,0.0519361350706552
289273.411807,2624866.126422,0.64808362369338,0.00165046763249587,0,0,0,0.350265908674124
289773.411807,2624866.126422,0.775151181968114,0.000733003481766538,0,0,0,0.224115814550119
290273.411807,2624866.126422,0.904019086070839,0,0,0,0,0.0959809139291613
290773.411807,2624866.126422,0.588666788923528,0,0,0,0,0.411333211076472
291273.411807,2624866.126422,0.739050760491112,0.00678028220634048,0,0.000366501740883269,0.00109950522264981,0.252702950339014
291773.411807,2624866.126422,0.675720315654249,0.00110111947146265,0.000550559735731327,0.00220223894292531,0.00146815929528354,0.318957606900349
292273.411807,2624866.126422,0.821749495690446,0.00935264991747662,0,0.00183385292499542,0.00275077938749312,0.164313222079589
292773.411807,2624866.126422,0.731903976543889,0.0148433205057724,0.0183250870441635,0.0192413413963716,0.00916254352208173,0.206523730987722
293273.411807,2624866.126422,0.778124426500275,0.00385391815011929,0,0.00183519911910442,0.00330335841438796,0.212883097816113
293773.411807,2624866.126422,0.787456445993031,0.000183385292499542,0,0,0.000366770584999083,0.21199339812947
294273.411807,2624866.126422,0.745098039215686,0.01905809052593,0,0.00146600696353308,0.00274876305662452,0.231629100238226
294773.411807,2624866.126422,0.289777940906588,0.0236740686364471,0.000550559735731327,0.12020554230134,0.0765278032666544,0.489264085153239
295273.411807,2624866.126422,0.645883000183385,0.0242068586099395,0.000733541169998166,0.0139372822299652,0.00733541169998166,0.30790390610673
295773.411807,2624866.126422,0.661718893164743,0,0,0,0,0.338281106835257
296273.411807,2624866.126422,0.412369242062764,0.0462470178014315,0,0,0,0.541383740135805
296773.411807,2624866.126422,0.526682560058683,0,0,0,0,0.473317439941317
297273.411807,2624866.126422,0.506138904159795,0.0743998533993036,0,0,0.000183250870441635,0.41927799157046
297773.411807,2624866.126422,0.462653697926225,0.0704716461736098,0,0.0143145531290145,0.0150486327766563,0.437511469994494
298273.411807,2624866.126422,0.464331560608839,0.057216211259857,0,0.114432422519714,0.185035760132037,0.178984045479553
298773.411807,2624866.126422,0.0967564595931831,0.000366501740883269,0.0179585853032802,0.361553967381345,0.281290086127909,0.242074399853399
299273.411807,2624866.126422,0,0.133418975958892,0.122774821068086,0.624885300055056,0.0579922921636998,0.0609286107542668
299773.411807,2624866.126422,0,0.00385109114249037,0.41188336695397,0.584265541903539,0,0
300273.411807,2624866.126422,0.270111783030969,0.109034267912773,0.0042147700201576,0.101887483965549,0.0606560381161811,0.454095656954371
300773.411807,2624866.126422,0.286841622316021,0.24481556248853,0.000734079647641769,0.0822169205358781,0.0618462103138191,0.32354560469811
288273.411807,2624366.126422,0.683982683982684,0.0444444444444444,0.0617604617604618,0.0909090909090909,0.0141414141414141,0.104761904761905
288773.411807,2624366.126422,0.877247706422018,0,0,0,0,0.122752293577982
289273.411807,2624366.126422,0.528893780957622,0.0214639515685195,0.0443955237571088,0.0781507980187122,0.00330214639515685,0.32379379930288
289773.411807,2624366.126422,0.788461538461538,0.0282051282051282,0,0.00238095238095238,0.00146520146520147,0.179487179487179
290273.411807,2624366.126422,0.799816513761468,0.0185321100917431,0,0.00055045871559633,0.00128440366972477,0.179816513761468
290773.411807,2624366.126422,0.871032838011374,0,0,0.000183452577508714,0,0.128783709411117
291273.411807,2624366.126422,0.67014652014652,0.00824175824175824,0.0635531135531135,0.101648351648352,0.023992673992674,0.132417582417582
291773.411807,2624366.126422,0.308440366972477,0.0555963302752294,0.216697247706422,0.110825688073394,0.0211009174311927,0.287339449541284
292273.411807,2624366.126422,0.080168776371308,0.0467804072647221,0.476793248945148,0.123463584663365,0.0344890845716382,0.238304898183819
292773.411807,2624366.126422,0.0135531135531136,0.0342490842490843,0.653479853479853,0.259340659340659,0.00457875457875458,0.0347985347985348
293273.411807,2624366.126422,0.230642201834862,0.078348623853211,0.180733944954128,0.259816513761468,0.0726605504587156,0.177798165137615
293773.411807,2624366.126422,0.251880388919464,0.0669601907906806,0.000366905155017428,0.148963492937076,0.072463768115942,0.45936525408182
294273.411807,2624366.126422,0.277655677655678,0.0413919413919414,0.000183150183150183,0.174175824175824,0.0653846153846154,0.441208791208791
294773.411807,2624366.126422,0.469357798165138,0.0018348623853211,0,0.00917431192660551,0.0110091743119266,0.508623853211009
295273.411807,2624366.126422,0.752339020363236,0,0,0,0,0.247660979636764
295773.411807,2624366.126422,0.707692307692308,0,0,0,0,0.292307692307692
296273.411807,2624366.126422,0.736146788990826,0.0181651376146789,0,0.0165137614678899,0.00715596330275229,0.222018348623853
296773.411807,2624366.126422,0.547422491286003,0.0137589433131535,0,0.0836543753439736,0.0493487433498441,0.305815446707026
297273.411807,2624366.126422,0.351831501831502,0.00402930402930403,0.0617216117216117,0.189010989010989,0.03003663003663,0.363369963369963
297773.411807,2624366.126422,0.15045871559633,0.242018348623853,0.0328440366972477,0.405688073394495,0.0396330275229358,0.129357798165138
298273.411807,2624366.126422,0.0104567969179967,0.0469638598422308,0.360484314804623,0.404696385984223,0.100898917629793,0.0764997248211337
298773.411807,2624366.126422,0,0.00549450549450549,0.391575091575092,0.58992673992674,0.013003663003663,0
299273.411807,2624366.126422,0,0.133211009174312,0.0977981651376147,0.741100917431193,0.0185321100917431,0.00935779816513761
299773.411807,2624366.126422,0,0.111355714547789,0.295909007521556,0.367822417904972,0.0532012474775271,0.171711612548156
300273.411807,2624366.126422,0.252197802197802,0.140659340659341,0.0679487179487179,0.067032967032967,0.0119047619047619,0.46025641025641
300773.411807,2624366.126422,0.318715596330275,0.247889908256881,0.00201834862385321,0.0073394495412844,0.0124770642201835,0.411559633027523
288273.411807,2623866.126422,0.581529581529582,0.051948051948052,0.0525252525252525,0.0372294372294372,0.00404040404040404,0.272727272727273
288773.411807,2623866.126422,0.58974358974359,0.0406593406593407,0.0628205128205128,0.0644688644688645,0.0043956043956044,0.237912087912088
289273.411807,2623866.126422,0.854212454212454,0.0205128205128205,0,0,0,0.125274725274725
289773.411807,2623866.126422,0.524202420242024,0.0458379171250458,0.0825082508250825,0.117711771177118,0.011001100110011,0.218738540520719
290273.411807,2623866.126422,0.383699633699634,0.0338827838827839,0.144505494505494,0.120512820512821,0.0225274725274725,0.294871794871795
290773.411807,2623866.126422,0.369230769230769,0.0613553113553114,0.0708791208791209,0.120512820512821,0.0417582417582418,0.336263736263736
291273.411807,2623866.126422,0.437843784378438,0.144664466446645,0.0033003300330033,0.0275027502750275,0.037953795379538,0.348734873487349
291773.411807,2623866.126422,0.0613553113553114,0.103113553113553,0.0010989010989011,0.103846153846154,0.0364468864468864,0.694139194139194
292273.411807,2623866.126422,0.0492673992673993,0.177655677655678,0,0.026007326007326,0.0205128205128205,0.726556776556777
292773.411807,2623866.126422,0.0733406674000733,0.116978364503117,0.00476714338100477,0.00788412174550788,0.00476714338100477,0.792262559589292
293273.411807,2623866.126422,0.101465201465201,0.0902930402930403,0.136996336996337,0.111538461538462,0.0274725274725275,0.532234432234432
293773.411807,2623866.126422,0.0313186813186813,0.205311355311355,0.382967032967033,0.184249084249084,0.0117216117216117,0.184432234432234
294273.411807,2623866.126422,0.0432709937660433,0.125412541254125,0.150531719838651,0.431243124312431,0.0485881921525486,0.200953428676201
294773.411807,2623866.126422,0.123626373626374,0.0510989010989011,0.197619047619048,0.158058608058608,0.0227106227106227,0.446886446886447
295273.411807,2623866.126422,0.108424908424908,0.113186813186813,0.213186813186813,0.142490842490842,0.0573260073260073,0.365384615384615
295773.411807,2623866.126422,0.0238357169050238,0.0922258892555922,0.184451778511184,0.310597726439311,0.121928859552622,0.266960029336267
296273.411807,2623866.126422,0.0166666666666667,0.120695970695971,0.175091575091575,0.364102564102564,0.276556776556777,0.0468864468864469
296773.411807,2623866.126422,0.00201465201465201,0.0681318681318681,0.345054945054945,0.469047619047619,0.0998168498168498,0.0159340659340659
297273.411807,2623866.126422,0,0.106343967730106,0.240924092409241,0.612761276127613,0.0331866519985332,0.00678401173450678
297773.411807,2623866.126422,0,0.23992673992674,0.0124542124542125,0.627289377289377,0.0701465201465201,0.0501831501831502
298273.411807,2623866.126422,0.00549450549450549,0.0935897435897436,0.00970695970695971,0.724908424908425,0.095970695970696,0.0703296703296703
298773.411807,2623866.126422,0,0.121928859552622,0,0.832783278327833,0.0427209387605427,0.00256692335900257
299273.411807,2623866.126422,0.000549450549450549,0.763369963369963,0,0.235897435897436,0.000183150183150183,0
299773.411807,2623866.126422,0.00567765567765568,0.259157509157509,0.0485347985347985,0.253113553113553,0.236996336996337,0.196520146520147
300273.411807,2623866.126422,0.323065639897323,0.0685735240190686,0.0352035203520352,0.0308030803080308,0.0188852218555189,0.523469013568023
300773.411807,2623866.126422,0.801465201465202,0.00714285714285714,0,0.00293040293040293,0.00860805860805861,0.17985347985348
288273.411807,2623366.126422,0.772162864568293,0,0,0,0,0.227837135431707
288773.411807,2623366.126422,0.768397871169022,0.0187190310148651,0,0,0,0.212883097816113
289273.411807,2623366.126422,0.825783972125436,0.0133871263524665,0,0,0,0.160828901522098
289773.411807,2623366.126422,0.820230896096756,0.0172255818215137,0,0,0,0.16254352208173
290273.411807,2623366.126422,0.864745824922004,0.000734079647641769,0,0,0,0.134520095430354
290773.411807,2623366.126422,0.831652301485421,0,0,0,0.000366770584999083,0.16798092792958
291273.411807,2623366.126422,0.866043613707165,0.00714678394722375,0,0.00201575957485798,0.00311526479750779,0.121678577973245
291773.411807,2623366.126422,0.526151587447238,0.049366856303909,0.00385391815011929,0.138557533492384,0.0534042943659387,0.228665810240411
292273.411807,2623366.126422,0.0926095727122685,0.232532550889419,0,0.0330093526499175,0.0317256556024207,0.610122868145975
292773.411807,2623366.126422,0.160161260765989,0.130841121495327,0.0089792926516401,0.211471504489646,0.0784313725490196,0.410115448048378
293273.411807,2623366.126422,0.18682327032483,0.0447788585061479,0,0.047715177096715,0.0322995044962378,0.688383189576069
293773.411807,2623366.126422,0.509077571978727,0.0126535851824684,0,0.000183385292499542,0.000733541169998166,0.477351916376307
294273.411807,2623366.126422,0.424592266813267,0.00659703133589885,0.0258383727322705,0.0377496793109767,0.0148433205057724,0.490379329301814
294773.411807,2623366.126422,0.324463204257662,0.057258212516058,0.0620297302257295,0.0879060378051019,0.0220223894292531,0.446320425766196
295273.411807,2623366.126422,0.344214194021639,0.0882083256922795,0.0814230698697964,0.101778837337246,0.0328259673574179,0.351549605721621
295773.411807,2623366.126422,0.163826278174821,0.0778816199376947,0.150998717243907,0.0696353307678211,0.049660985889683,0.487997067986073
296273.411807,2623366.126422,0.148284088823637,0.028629106258029,0.000183519911910442,0.0152321526885667,0.019086070838686,0.788585061479171
296773.411807,2623366.126422,0.192921327709518,0.341280029341647,0,0.0097194205024757,0.0066018705299835,0.449477351916376
297273.411807,2623366.126422,0.00751328568810702,0.838739234011362,0.00128275609309144,0.101154480483782,0.0234561114165292,0.0278541323071285
297773.411807,2623366.126422,0,0.872820701046063,0,0.0897412369242063,0.00532207744540283,0.0321159845843274
298273.411807,2623366.126422,0.00128369704749679,0.593068035943517,0,0.122501375389694,0.152209792774619,0.130937098844673
298773.411807,2623366.126422,0,0.185083379146051,0,0.78358072200843,0.0175920835623969,0.0137438152831226
299273.411807,2623366.126422,0.00330335841438796,0.579188841989356,0,0.330152321526886,0.0807487612405946,0.00660671682877592
299773.411807,2623366.126422,0.0487804878048781,0.174766183752063,0.109297634329727,0.4799193104713,0.0328259673574179,0.154410416284614
300273.411807,2623366.126422,0.783030969397105,0.0119113065787062,0,0.000366501740883269,0.000733003481766538,0.203958218801539
300773.411807,2623366.126422,0.859607267388512,0.00201871903101487,0,0.00532207744540283,0.0139475133051936,0.119104422829877
288273.411807,2622866.126422,0.815873015873016,0.0204906204906205,0,0,0,0.163636363636364
288773.411807,2622866.126422,0.865871559633028,0.041651376146789,0,0,0,0.0924770642201835
289273.411807,2622866.126422,0.911208952485782,0.0209135938359934,0,0,0,0.0678774536782242
289773.411807,2622866.126422,0.945054945054945,0.0278388278388278,0,0,0,0.0271062271062271
290273.411807,2622866.126422,0.754862385321101,0.0055045871559633,0,0,0,0.239633027522936
290773.411807,2622866.126422,0.640983305815447,0.0875068794716566,0.00440286186020914,0.00385250412768299,0.00752155567785727,0.255732893047147
291273.411807,2622866.126422,0.715384615384615,0.00750915750915751,0,0.00311355311355311,0.00421245421245421,0.26978021978022
291773.411807,2622866.126422,0.638899082568807,0.0374311926605505,0.00055045871559633,0.00220183486238532,0.00385321100917431,0.317064220183486
292273.411807,2622866.126422,0.149146945514584,0.136488717666483,0.000550357732526142,0.0790680609062557,0.0458631443771785,0.588882773802972
292773.411807,2622866.126422,0.167582417582418,0.109157509157509,0.00567765567765568,0.225641025641026,0.123809523809524,0.368131868131868
293273.411807,2622866.126422,0.0422018348623853,0.0888073394495413,0.00036697247706422,0.0139449541284404,0.0174311926605505,0.837247706422018
293773.411807,2622866.126422,0.0280682443588332,0.096862960924601,0,0.00532012474775271,0.00697119794533113,0.862777472023482
294273.411807,2622866.126422,0.222710622710623,0.0857142857142857,0,0.0238095238095238,0.0177655677655678,0.65
294773.411807,2622866.126422,0.552293577981651,0.0543119266055046,0,0.0161467889908257,0.0172477064220183,0.36
295273.411807,2622866.126422,0.455879655109154,0.0275178866263071,0,0.00183452577508714,0.00385250412768299,0.510915428361769
295773.411807,2622866.126422,0.616117216117216,0.00164835164835165,0,0.000183150183150183,0,0.382051282051282
296273.411807,2622866.126422,0.140733944954128,0.114311926605505,0,0.00568807339449541,0.0104587155963303,0.728807339449541
296773.411807,2622866.126422,0.110438451660246,0.126031920748487,0,0.0533847000550358,0.0471473124197395,0.662997615116492
297273.411807,2622866.126422,0.000183150183150183,0.46007326007326,0.000549450549450549,0.367948717948718,0.0554945054945055,0.115750915750916
297773.411807,2622866.126422,0.0561467889908257,0.527339449541284,0.0108256880733945,0.10605504587156,0.0486238532110092,0.251009174311927
298273.411807,2622866.126422,0.0587048248027885,0.319941295175197,0.0961291506145661,0.30673270959457,0.0469638598422308,0.171528159970648
298773.411807,2622866.126422,0.00274725274725275,0.243772893772894,0.185531135531136,0.365567765567766,0.0296703296703297,0.172710622710623
299273.411807,2622866.126422,0,0.507155963302752,0.00458715596330275,0.26697247706422,0.100917431192661,0.120366972477064
299773.411807,2622866.126422,0.0489818381948266,0.0387084938543387,0.0254999082737112,0.346175013758943,0.0172445422858191,0.523390203632361
300273.411807,2622866.126422,0.737912087912088,0.0247252747252747,0,0.00164835164835165,0.0010989010989011,0.234615384615385
300773.411807,2622866.126422,0.724954128440367,0.0258715596330275,0,0.0132110091743119,0.0185321100917431,0.21743119266055
288273.411807,2622366.126422,0.758152958152958,0.169119769119769,0,0,0,0.0727272727272727
288773.411807,2622366.126422,0.676739926739927,0.171611721611722,0,0,0,0.151648351648352
289273.411807,2622366.126422,0.733882783882784,0.121794871794872,0,0,0,0.144322344322344
289773.411807,2622366.126422,0.831316464979831,0.00531719838650532,0,0,0,0.163366336633663
290273.411807,2622366.126422,0.762637362637363,0.0139194139194139,0,0,0,0.223443223443223
290773.411807,2622366.126422,0.767948717948718,0.00659340659340659,0,0.000366300366300366,0.000732600732600733,0.224358974358974
291273.411807,2622366.126422,0.808580858085809,0.00916758342500917,0,0,0.00128346167950128,0.180968096809681
291773.411807,2622366.126422,0.823992673992674,0.00311355311355311,0,0.00402930402930403,0.00293040293040293,0.165934065934066
292273.411807,2622366.126422,0.38003663003663,0.0278388278388278,0,0.0624542124542125,0.067032967032967,0.462637362637363
292773.411807,2622366.126422,0.367070040337367,0.128896222955629,0,0.00733406674000733,0.0205353868720205,0.476164283094976
293273.411807,2622366.126422,0.432051282051282,0.0717948717948718,0,0.000183150183150183,0.000183150183150183,0.495787545787546
293773.411807,2622366.126422,0.459157509157509,0.0531135531135531,0,0.000183150183150183,0,0.487545787545788
294273.411807,2622366.126422,0.304730473047305,0.0168683535020169,0,0.00055005500550055,0.00055005500550055,0.677301063439677
294773.411807,2622366.126422,0.113919413919414,0.142490842490842,0,0.0164835164835165,0.0106227106227106,0.716483516483516
295273.411807,2622366.126422,0.215567765567766,0.0602564102564103,0.000549450549450549,0.00897435897435897,0.0113553113553114,0.703296703296703
295773.411807,2622366.126422,0.390905757242391,0.121012101210121,0,0,0,0.488082141547488
296273.411807,2622366.126422,0.479120879120879,0,0,0,0,0.520879120879121
296773.411807,2622366.126422,0.340659340659341,0.00659340659340659,0,0,0,0.652747252747253
297273.411807,2622366.126422,0.202053538687202,0.0412541254125413,0,0.00623395672900623,0.0104510451045105,0.74000733406674
297773.411807,2622366.126422,0.0450549450549451,0.234798534798535,0.0318681318681319,0.104578754578755,0.0804029304029304,0.503296703296703
298273.411807,2622366.126422,0.0393772893772894,0.270879120879121,0.00604395604395604,0.0785714285714286,0.0435897435897436,0.561538461538462
298773.411807,2622366.126422,0.0678401173450678,0.328566189952329,0.103410341034103,0.0722405573890722,0.0154015401540154,0.412541254125413
299273.411807,2622366.126422,0.0152014652014652,0.202564102564103,0.179120879120879,0.231318681318681,0.0318681318681319,0.33992673992674
299773.411807,2622366.126422,0.375091575091575,0.104212454212454,0.00457875457875458,0.0796703296703297,0.030952380952381,0.405494505494505
300273.411807,2622366.126422,0.786578657865787,0.0172350568390172,0,0,0,0.196186285295196
300773.411807,2622366.126422,0.876007326007326,0,0,0,0,0.123992673992674
288273.411807,2621866.126422,0.949465781114641,0,0,0,0,0.0505342188853595
288773.411807,2621866.126422,0.972288493301523,0.00807487612405946,0,0,0,0.0196366305744173
289273.411807,2621866.126422,0.839721254355401,0.00366770584999083,0,0.000550155877498625,0.00128369704749679,0.154777186869613
289773.411807,2621866.126422,0.813633864760858,0,0,0,0,0.186366135239142
290273.411807,2621866.126422,0.83391447972105,0,0,0,0,0.16608552027895
290773.411807,2621866.126422,0.69191270860077,0.0214560792224464,0,0.000366770584999083,0.000183385292499542,0.286081056299285
291273.411807,2621866.126422,0.771852666300165,0.000366501740883269,0,0,0.000733003481766538,0.227047828477185
291773.411807,2621866.126422,0.322444485226647,0.044411818682327,0.00403743806202973,0.134336575518444,0.0636814094329235,0.431088273077629
292273.411807,2621866.126422,0.182284980744544,0.0627177700348432,0,0.00165046763249587,0.00641848523748395,0.746928296350633
292773.411807,2621866.126422,0.171339563862928,0.000366501740883269,0,0.000183250870441635,0.00128275609309144,0.826827927432655
293273.411807,2621866.126422,0.107175628555698,0,0,0,0,0.892824371444302
293773.411807,2621866.126422,0.171281863194572,0,0,0,0,0.828718136805428
294273.411807,2621866.126422,0.37218251786696,0.000183250870441635,0,0.000183250870441635,0.000549752611324904,0.626901227780832
294773.411807,2621866.126422,0.305927693154707,0.0926775555147734,0,0.00403743806202973,0.00495503762158194,0.592402275646908
295273.411807,2621866.126422,0.122317990097194,0.0163212910324592,0.000183385292499542,0.00128369704749679,0.00330093526499175,0.856592701265358
295773.411807,2621866.126422,0.300531427524281,0.108667766171889,0,0.000183250870441635,0.00219901044529962,0.588418544988089
296273.411807,2621866.126422,0.172875757019637,0.28225362451826,0,0.0212883097816113,0.0227564690768948,0.500825839603597
296773.411807,2621866.126422,0.154960572162113,0.220245736291949,0,0.0097194205024757,0.011186502842472,0.60388776820099
297273.411807,2621866.126422,0.177570093457944,0.210371999266997,0.040131940626718,0.0366501740883269,0.0256551218618288,0.509620670698186
297773.411807,2621866.126422,0.0489998164800881,0.234538447421545,0.0471646173609837,0.0932281152505047,0.0135804734813727,0.562488530005506
298273.411807,2621866.126422,0.0456629378323858,0.114982578397213,0.148725472217128,0.245186136071887,0.0372272143774069,0.408215661103979
298773.411807,2621866.126422,0.0293201392706615,0.330584570276709,0.0795308777716694,0.115814550119113,0.0219901044529962,0.422759758108851
299273.411807,2621866.126422,0.108827307762892,0.0835015599192512,0.208111580106442,0.46485593686915,0.030280785465223,0.104422829877042
299773.411807,2621866.126422,0.821382725105447,0.000366770584999083,0,0,0,0.178250504309554
300273.411807,2621866.126422,0.877405167674546,0.000183250870441635,0,0,0,0.122411581455012
300773.411807,2621866.126422,0.825105523949349,0.000550559735731327,0,0.000183519911910442,0.000734079647641769,0.173426316755368
288273.411807,2621366.126422,0.956709956709957,0.000288600288600289,0,0,0,0.043001443001443
288773.411807,2621366.126422,0.924403669724771,0.00073394495412844,0,0,0,0.0748623853211009
289273.411807,2621366.126422,0.762795817281233,0.00440286186020914,0,0.000550357732526142,0.00165107319757843,0.230599889928453
289773.411807,2621366.126422,0.834432234432234,0.0152014652014652,0,0,0,0.1503663003663
290273.411807,2621366.126422,0.729724770642202,0.00018348623853211,0,0,0,0.270091743119266
290773.411807,2621366.126422,0.702623371858375,0.0161438268207668,0,0.0157769216657494,0.0174279948633278,0.248027884791781
291273.411807,2621366.126422,0.387545787545788,0.0216117216117216,0.000549450549450549,0.141758241758242,0.0573260073260073,0.391208791208791
291773.411807,2621366.126422,0.111009174311927,0.153761467889908,0.00568807339449541,0.17302752293578,0.0732110091743119,0.483302752293578
292273.411807,2621366.126422,0.201247477527059,0.0183452577508714,0.0264171711612548,0.017978352595854,0.0177949000183453,0.718216840946615
292773.411807,2621366.126422,0.158974358974359,0.0340659340659341,0,0,0,0.806959706959707
293273.411807,2621366.126422,0.15743119266055,0,0,0.013394495412844,0.0293577981651376,0.799816513761468
293773.411807,2621366.126422,0.0508163639699138,0.016694184553293,0,0.0343056319941295,0.0157769216657494,0.882406897816914
294273.411807,2621366.126422,0.138278388278388,0.00201465201465201,0,0.000732600732600733,0.0010989010989011,0.857875457875458
294773.411807,2621366.126422,0.121100917431193,0.021651376146789,0,0.00018348623853211,0.00036697247706422,0.856697247706422
295273.411807,2621366.126422,0.182718767198679,0.0665932856356632,0,0.0299027701339204,0.015410016510732,0.705375160521005
295773.411807,2621366.126422,0.238827838827839,0.0679487179487179,0.00128205128205128,0.145970695970696,0.0172161172161172,0.528754578754579
296273.411807,2621366.126422,0.353394495412844,0.0493577981651376,0,0.00275229357798165,0.00311926605504587,0.591376146788991
296773.411807,2621366.126422,0.154650522839846,0.259035039442304,0.000550357732526142,0.00220143093010457,0.00385250412768299,0.579710144927536
297273.411807,2621366.126422,0.407692307692308,0.05,0,0.000915750915750916,0.00256410256410256,0.538827838827839
297773.411807,2621366.126422,0.533761467889908,0.0137614678899083,0.00036697247706422,0.00330275229357798,0.0073394495412844,0.441467889908257
298273.411807,2621366.126422,0.0796184186387819,0.219592735277931,0.124564300128417,0.123280132085856,0.0111906072280316,0.441753806640983
298773.411807,2621366.126422,0.00476190476190476,0.517216117216117,0.0642857142857143,0.121611721611722,0.0159340659340659,0.276190476190476
299273.411807,2621366.126422,0.334495412844037,0.0286238532110092,0.0291743119266055,0.572660550458716,0.0139449541284404,0.0211009174311927
299773.411807,2621366.126422,0.659695468721336,0.0293524124013942,0,0.0221977618785544,0.0266006237387635,0.262153733259952
300273.411807,2621366.126422,0.347802197802198,0.0835164835164835,0.000549450549450549,0.0214285714285714,0.0186813186813187,0.528021978021978
300773.411807,2621366.126422,0.597981651376147,0.0143119266055046,0,0.00073394495412844,0.00275229357798165,0.384220183486239
288273.411807,2620866.126422,0.673015873015873,0.0349206349206349,0.0401154401154401,0.075036075036075,0.00432900432900433,0.172582972582973
288773.411807,2620866.126422,0.657326007326007,0.00677655677655678,0.00531135531135531,0.0723443223443224,0.00714285714285714,0.251098901098901
289273.411807,2620866.126422,0.634432234432234,0.0122710622710623,0,0.00695970695970696,0.0010989010989011,0.345238095238095
289773.411807,2620866.126422,0.471763843050972,0.063989732306564,0,0.0801246791345801,0.0685735240190686,0.315548221488816
290273.411807,2620866.126422,0.165567765567766,0.0318681318681319,0.141391941391941,0.244505494505494,0.0793040293040293,0.337362637362637
