"x","y","forest","agri","water","built","other","grass"
170773.411807,2637866.126422,0,0,0.949183636030086,0.0508163639699138,0,0
171273.411807,2637866.126422,0,0,0.865750915750916,0.134249084249084,0,0
171773.411807,2637866.126422,0,0,0.478899082568807,0.521100917431193,0,0
173273.411807,2637866.126422,0,0,0.371376146788991,0.628623853211009,0,0
170773.411807,2637366.126422,0,0,0.731868131868132,0.268131868131868,0,0
171273.411807,2637366.126422,0,0,0.512284561789512,0.487715438210488,0,0
171773.411807,2637366.126422,0,0,0.416300366300366,0.583699633699634,0,0
172273.411807,2637366.126422,0,0,0.00641025641025641,0.993589743589744,0,0
172773.411807,2637366.126422,0,0,0.0359369270260359,0.964063072973964,0,0
173273.411807,2637366.126422,0,0.000183150183150183,0.497985347985348,0.501831501831502,0,0
170773.411807,2636866.126422,0,0.0355767467449111,0.494223363286264,0.470199889968825,0,0
171273.411807,2636866.126422,0,0.00238226131574125,0.317390507604911,0.680227231079348,0,0
171773.411807,2636866.126422,0,0.118186823270325,0.133786015782712,0.74674252156359,0,0.0012846393833731
172273.411807,2636866.126422,0,0.324225197139189,0.0825233816247937,0.584448927196039,0.000733541169998166,0.00806895286997983
172773.411807,2636866.126422,0,0.476269012277808,0.0293201392706615,0.487080813633865,0.000366501740883269,0.00696353307678211
173273.411807,2636866.126422,0,0.296751697559185,0.540466140576253,0.125711139658653,0.00201871903101487,0.0350523031748945
170773.411807,2636366.126422,0,0.177765547605944,0.748486516235553,0.0720968629609246,0,0.00165107319757843
171273.411807,2636366.126422,0,0.192673992673993,0.236263736263736,0.569413919413919,0.000366300366300366,0.00128205128205128
171773.411807,2636366.126422,0.00018348623853211,0.135779816513761,0.468440366972477,0.392293577981651,0.00055045871559633,0.00275229357798165
172273.411807,2636366.126422,0,0.123463584663365,0.706292423408549,0.168226013575491,0.000183452577508714,0.00183452577508714
172773.411807,2636366.126422,0,0.213369963369963,0.642490842490843,0.139010989010989,0.000366300366300366,0.00476190476190476
173273.411807,2636366.126422,0,0.173577981651376,0.0609174311926605,0.0462385321100917,0.0344954128440367,0.684770642201835
170273.411807,2635866.126422,0,0,1,0,0,0
170773.411807,2635866.126422,0,0.136996336996337,0.662087912087912,0.2003663003663,0,0.000549450549450549
171273.411807,2635866.126422,0.0297029702970297,0.291529152915292,0.502750275027503,0.13953061972864,0.00055005500550055,0.0359369270260359
171773.411807,2635866.126422,0.0608058608058608,0.217399267399267,0.593406593406593,0.0278388278388278,0.00659340659340659,0.093956043956044
172273.411807,2635866.126422,0,0.266483516483516,0.593589743589744,0.133882783882784,0.0021978021978022,0.00384615384615385
172773.411807,2635866.126422,0,0.308580858085809,0.516868353502017,0.148698203153649,0.00696736340300697,0.0188852218555189
173273.411807,2635866.126422,0,0.142124542124542,0.0124542124542125,0.0166666666666667,0.0271062271062271,0.801648351648352
169273.411807,2635366.126422,0.226480836236934,0.14817531633963,0.0959105079772602,0.296717403264258,0.00348432055749129,0.229231615624427
169773.411807,2635366.126422,0.173905076049111,0.228147333699835,0.358255451713396,0.0954737035000916,0.00311526479750779,0.141103170240059
170273.411807,2635366.126422,0.0690034868783263,0.0532207744540283,0.67627087538998,0.055606533308864,0.00311983850247752,0.142778491466324
170773.411807,2635366.126422,0.00513478818998716,0.124335228314689,0.73610856409316,0.0938932697597653,0.00385109114249037,0.0366770584999083
171273.411807,2635366.126422,0.0108118013560564,0.252153197727689,0.631849001282756,0.0465457210921752,0.00238226131574125,0.0562580172255818
171773.411807,2635366.126422,0.249403560286291,0.106074509084236,0.113782345384474,0.092126995779042,0.0275279867865663,0.411084602679391
172273.411807,2635366.126422,0.820649183935448,0.0586832935998533,0.0588666788923528,0.017604988079956,0.00146708233999633,0.0427287731523932
172773.411807,2635366.126422,0.565695437053326,0.144218435037566,0.133773135422393,0.0841121495327103,0.0104452996151732,0.0617555433388309
173273.411807,2635366.126422,0.351624151220407,0.129932097632593,0.167737199486144,0.0677188474949532,0.019086070838686,0.263901633327216
167773.411807,2634866.126422,0.00293524124013942,0.0812694918363603,0.745367822417905,0.135388002201431,0.00623738763529628,0.0288020546688681
168273.411807,2634866.126422,0.124175824175824,0.273443223443223,0.0840659340659341,0.384065934065934,0.0142857142857143,0.11996336996337
168773.411807,2634866.126422,0.0500917431192661,0.315779816513761,0.0710091743119266,0.50348623853211,0.0122935779816514,0.0473394495412844
169273.411807,2634866.126422,0.00678774536782242,0.024399192808659,0.139974316639149,0.804256099798202,0.0165107319757843,0.00807191341038342
169773.411807,2634866.126422,0.00128205128205128,0.0335164835164835,0.124725274725275,0.83974358974359,0,0.000732600732600733
170273.411807,2634866.126422,0.0732110091743119,0.183853211009174,0.226422018348624,0.390642201834862,0.0225688073394495,0.103302752293578
170773.411807,2634866.126422,0.128967161988626,0.0794349660612732,0.430196294257934,0.106035589800037,0.0113740598055403,0.24399192808659
171273.411807,2634866.126422,0.0434065934065934,0.0963369963369963,0.265750915750916,0.451648351648352,0.0228937728937729,0.11996336996337
171773.411807,2634866.126422,0.346605504587156,0.101651376146789,0.0528440366972477,0.0911926605504587,0.0121100917431193,0.395596330275229
172273.411807,2634866.126422,0.641166758392955,0.110438451660246,0.0671436433681893,0.00165107319757843,0.00807191341038342,0.171528159970648
172773.411807,2634866.126422,0.486996336996337,0.135164835164835,0.177106227106227,0.000732600732600733,0.00476190476190476,0.195238095238095
173273.411807,2634866.126422,0.956330275229358,0,0,0,0.00055045871559633,0.0431192660550459
167273.411807,2634366.126422,0.0551282051282051,0.136630036630037,0.132234432234432,0.577472527472527,0.00146520146520147,0.0970695970695971
167773.411807,2634366.126422,0.102564102564103,0.489194139194139,0.0767399267399267,0.0855311355311355,0.015018315018315,0.230952380952381
168273.411807,2634366.126422,0.00165016501650165,0.696002933626696,0.00366703337000367,0.151815181518152,0.00733406674000733,0.13953061972864
168773.411807,2634366.126422,0.00769230769230769,0.108974358974359,0.120879120879121,0.737545787545788,0.0152014652014652,0.00970695970695971
169273.411807,2634366.126422,0.0032967032967033,0.0353479853479853,0.239194139194139,0.709340659340659,0.010989010989011,0.00183150183150183
169773.411807,2634366.126422,0.0044004400440044,0.0905757242390906,0.202420242024202,0.687202053538687,0.00531719838650532,0.0100843417675101
170273.411807,2634366.126422,0.00805860805860806,0.0899267399267399,0.260989010989011,0.612637362637363,0.00970695970695971,0.0186813186813187
170773.411807,2634366.126422,0.00549450549450549,0.0437728937728938,0.400915750915751,0.522710622710623,0.00824175824175824,0.0188644688644689
171273.411807,2634366.126422,0.125229189585625,0.0579391272460579,0.0592225889255592,0.294096076274294,0.0088008800880088,0.454712137880455
171773.411807,2634366.126422,0.358241758241758,0.0333333333333333,0.00714285714285714,0.00146520146520147,0.000366300366300366,0.599450549450549
172273.411807,2634366.126422,0.0243589743589744,0.405128205128205,0.272527472527473,0.0245421245421245,0.0247252747252747,0.248717948717949
172773.411807,2634366.126422,0.0337367070040337,0.241107444077741,0.306197286395306,0.00531719838650532,0.037953795379538,0.375687568756876
173273.411807,2634366.126422,0.507692307692308,0.0794871794871795,0.131868131868132,0.00274725274725275,0.0186813186813187,0.25952380952381
166773.411807,2633866.126422,0,0.00439802089059923,0.729521715228147,0.266080263881253,0,0
167273.411807,2633866.126422,0,0.0609286107542668,0.674619196182786,0.260414755000918,0.00183519911910442,0.00220223894292531
167773.411807,2633866.126422,0.013203741059967,0.333211076471667,0.116816431322208,0.438474234366404,0.0163212910324592,0.0819732257472951
168273.411807,2633866.126422,0.00751328568810702,0.286604361370716,0.191313908741067,0.421843503756643,0.00842954004031519,0.0842954004031519
168773.411807,2633866.126422,0.00550559735731327,0.378234538447422,0.0506514956872821,0.503945678106074,0.00715727656450725,0.0545054138374014
169273.411807,2633866.126422,0.00110031175499725,0.0662020905923345,0.277278562259307,0.646799926645883,0.00678525582248304,0.00183385292499542
169773.411807,2633866.126422,0.0042147700201576,0.051126992853216,0.225765072384094,0.706798607293385,0.0047645226314825,0.00733003481766538
170273.411807,2633866.126422,0.000917599559552211,0.0179849513672233,0.246467241695724,0.716645256010277,0.0152321526885667,0.00275279867865663
170773.411807,2633866.126422,0.124701998899688,0.0867412433522831,0.17990097194205,0.45993031358885,0.0227397762699432,0.125985695947185
171273.411807,2633866.126422,0.247022173355323,0.000733003481766538,0,0,0,0.75224482316291
171773.411807,2633866.126422,0.279133786015783,0.0974490732244448,0.0851532391264452,0.00532207744540283,0.012846393833731,0.520095430354193
172273.411807,2633866.126422,0.004401247019989,0.254355400696864,0.297267559141757,0.0542820465798643,0.0799559875298001,0.309737759031726
172773.411807,2633866.126422,0.0584570276708814,0.291185633131757,0.206523730987722,0.0364669232178853,0.0716510903426791,0.335715594649075
173273.411807,2633866.126422,0.0776289227381171,0.167003119838502,0.0895577170122958,0.0456964580657001,0.0504679757753716,0.569645806570013
166273.411807,2633366.126422,0.0159603742432581,0.281966611630893,0.143459915611814,0.551458447991194,0.000366905155017428,0.00678774536782242
166773.411807,2633366.126422,0.017032967032967,0.13956043956044,0.34010989010989,0.484432234432234,0.00293040293040293,0.0159340659340659
167273.411807,2633366.126422,0.00990825688073394,0.133761467889908,0.263302752293578,0.573761467889908,0.00678899082568807,0.0124770642201835
167773.411807,2633366.126422,0.0110071546505228,0.201797835259585,0.194826637314254,0.565400843881857,0.00403595670519171,0.0229315721885892
168273.411807,2633366.126422,0.00238095238095238,0.0214285714285714,0.216483516483516,0.758608058608059,0.0010989010989011,0
168773.411807,2633366.126422,0,0.0332110091743119,0.589357798165138,0.361467889908257,0.00752293577981651,0.00844036697247706
169273.411807,2633366.126422,0.00275178866263071,0.0702623371858375,0.279948633278298,0.626674004769767,0.019262520638415,0.00110071546505228
169773.411807,2633366.126422,0.0131868131868132,0.0340659340659341,0.272344322344322,0.668864468864469,0.00879120879120879,0.00274725274725275
170273.411807,2633366.126422,0.0499082568807339,0.102935779816514,0.188256880733945,0.560917431192661,0.0104587155963303,0.0875229357798165
170773.411807,2633366.126422,0.35516419005687,0.115208218675472,0.0254999082737112,0.195743900201798,0.030820033021464,0.277563749770684
171273.411807,2633366.126422,0.241208791208791,0.115201465201465,0.100549450549451,0.000549450549450549,0.00164835164835165,0.540842490842491
171773.411807,2633366.126422,0.00678899082568807,0.337247706422018,0.270091743119266,0.0664220183486239,0.0515596330275229,0.267889908256881
172273.411807,2633366.126422,0.00697119794533113,0.235186204366171,0.140524674371675,0.0506329113924051,0.067327095945698,0.499357915978719
172773.411807,2633366.126422,0.0641025641025641,0.197252747252747,0.11978021978022,0.0551282051282051,0.0919413919413919,0.471794871794872
173273.411807,2633366.126422,0.0677064220183486,0.160917431192661,0.0759633027522936,0.0836697247706422,0.0906422018348624,0.521100917431193
167273.411807,2632866.126422,0.0208791208791209,0.183699633699634,0.0543956043956044,0.482234432234432,0.0307692307692308,0.228021978021978
167773.411807,2632866.126422,0.0967032967032967,0.162820512820513,0.102197802197802,0.537545787545788,0.0102564102564103,0.0904761904761905
168273.411807,2632866.126422,0.028969563623029,0.0821415474880821,0.154382104877154,0.693069306930693,0.0212687935460213,0.0201686835350202
168773.411807,2632866.126422,0,0.0527472527472527,0.196703296703297,0.71996336996337,0.0247252747252747,0.00586080586080586
169273.411807,2632866.126422,0,0,0.664835164835165,0.335164835164835,0,0
169773.411807,2632866.126422,0.0397873120645398,0.0669233590025669,0.208837550421709,0.668500183351668,0.00733406674000733,0.00861752841950862
170273.411807,2632866.126422,0.141208791208791,0.217399267399267,0.0983516483516483,0.338827838827839,0.0496336996336996,0.154578754578755
170773.411807,2632866.126422,0.435897435897436,0.196520146520147,0,0.0943223443223443,0.0307692307692308,0.242490842490842
171273.411807,2632866.126422,0.0355702236890356,0.211954528786212,0.234323432343234,0.299413274660799,0.037037037037037,0.181701503483682
171773.411807,2632866.126422,0.0184981684981685,0.2503663003663,0.1503663003663,0.251098901098901,0.0628205128205128,0.266849816849817
172273.411807,2632866.126422,0.0505494505494506,0.0948717948717949,0.0437728937728938,0.47967032967033,0.108608058608059,0.222527472527473
172773.411807,2632866.126422,0.0671067106710671,0.125779244591126,0.00055005500550055,0.296112944627796,0.0832416574990832,0.427209387605427
173273.411807,2632866.126422,0.0882783882783883,0.224725274725275,0.0210622710622711,0.20989010989011,0.0807692307692308,0.375274725274725
166773.411807,2632366.126422,0.00787978742899029,0.112516034451164,0.0974894630749496,0.760857614073667,0.0142935678944475,0.00696353307678211
167273.411807,2632366.126422,0.0141310332171041,0.178197834465039,0.123325380803817,0.644888970453294,0.0141310332171041,0.025325747843641
167773.411807,2632366.126422,0.00458463231248854,0.392627911241518,0.0460297084173849,0.454978910691363,0.0172382174949569,0.0845406198422887
168273.411807,2632366.126422,0.055158512002932,0.292101887483966,0.0214403518416712,0.329301814183617,0.03811618105186,0.263881253435954
168773.411807,2632366.126422,0.0488162965681776,0.170489998164801,0.0334006239677005,0.430354193429987,0.0629473297852817,0.253991558084052
169273.411807,2632366.126422,0.0284247203374289,0.0315422703099211,0.229231615624427,0.690262240968274,0.00495140289748762,0.015587749862461
169773.411807,2632366.126422,0.294300897929265,0.229430089792927,0.0597397837639729,0.374931280923584,0.00623052959501558,0.0353674179952355
170273.411807,2632366.126422,0.0466140576252523,0.379886217654615,0.287575701963663,0.188107909708203,0.036520462470178,0.0612956505780877
170773.411807,2632366.126422,0.0546488171648634,0.446543187236384,0.275261324041812,0.188520080689529,0.00421786172748946,0.030808729139923
171273.411807,2632366.126422,0.00989554700384827,0.171889316474253,0.395455378413047,0.308227964082829,0.0234561114165292,0.0910756826094924
171773.411807,2632366.126422,0.0321159845843274,0.297852817030648,0.218388695173426,0.212332538080382,0.0594604514589833,0.179849513672233
172273.411807,2632366.126422,0.0671190170548322,0.221162662754447,0.0495140289748762,0.262240968274344,0.075187969924812,0.324775353016688
172773.411807,2632366.126422,0.0549752611324904,0.161993769470405,0.16144401685908,0.204141469671981,0.118563313175738,0.298882169690306
173273.411807,2632366.126422,0.0723068452927143,0.242613323545605,0.015782712424298,0.227014131033217,0.0787300422095797,0.363552945494586
166773.411807,2631866.126422,0.0254578754578755,0.272344322344322,0.0582417582417582,0.598534798534799,0.00897435897435897,0.0364468864468864
167273.411807,2631866.126422,0.0203669724770642,0.266238532110092,0.0645871559633028,0.583302752293578,0.0111926605504587,0.0543119266055046
167773.411807,2631866.126422,0.000183452577508714,0.3052650889745,0.0458631443771785,0.488717666483214,0.0313703907539901,0.128600256833609
168273.411807,2631866.126422,0.0021978021978022,0.34981684981685,0.013003663003663,0.472161172161172,0.0181318681318681,0.144688644688645
168773.411807,2631866.126422,0.0332110091743119,0.209724770642202,0.157247706422018,0.501284403669725,0.0148623853211009,0.0836697247706422
169273.411807,2631866.126422,0.160704457897633,0.0999816547422491,0.172445422858191,0.515501742799486,0.00697119794533113,0.0443955237571088
169773.411807,2631866.126422,0.0608058608058608,0.144871794871795,0.366300366300366,0.208424908424908,0.021978021978022,0.197619047619048
170273.411807,2631866.126422,0.0187155963302752,0.335045871559633,0.424770642201835,0.0924770642201835,0.00201834862385321,0.12697247706422
170773.411807,2631866.126422,0.0176114474408365,0.180884241423592,0.746835443037975,0.0462300495321959,0.00403595670519171,0.00440286186020914
171273.411807,2631866.126422,0.00128205128205128,0.35970695970696,0.470512820512821,0.100732600732601,0.00695970695970696,0.0608058608058608
171773.411807,2631866.126422,0.0587155963302752,0.385688073394495,0.237247706422018,0.0708256880733945,0.0544954128440367,0.19302752293578
172273.411807,2631866.126422,0.0719134103834159,0.110805356815263,0.0245826453861677,0.571271326362135,0.0996147495872317,0.121812511465786
172773.411807,2631866.126422,0.060989010989011,0.214102564102564,0.114285714285714,0.207326007326007,0.0641025641025641,0.339194139194139
173273.411807,2631866.126422,0.0710091743119266,0.209908256880734,0.0871559633027523,0.287155963302752,0.075045871559633,0.269724770642202
166273.411807,2631366.126422,0.00366300366300366,0.0379120879120879,0,0.957692307692308,0,0.000732600732600733
166773.411807,2631366.126422,0.0262192885955262,0.1004767143381,0.0559222588925559,0.792812614594793,0.00238357169050238,0.0221855518885222
167273.411807,2631366.126422,0.00494505494505494,0.243589743589744,0.0135531135531136,0.607875457875458,0.0206959706959707,0.109340659340659
167773.411807,2631366.126422,0.00531135531135531,0.247802197802198,0.0335164835164835,0.478754578754579,0.0573260073260073,0.177289377289377
168273.411807,2631366.126422,0.0115511551155116,0.298129812981298,0.0667400073340667,0.493582691602494,0.0225522552255226,0.107444077741107
168773.411807,2631366.126422,0.0342490842490843,0.0915750915750916,0.091025641025641,0.725824175824176,0.00879120879120879,0.0485347985347985
169273.411807,2631366.126422,0.0472527472527473,0.158424908424908,0.324175824175824,0.324175824175824,0.00860805860805861,0.137362637362637
169773.411807,2631366.126422,0.0221855518885222,0.377521085441878,0.268976897689769,0.0254858819215255,0.118445177851118,0.187385405207187
170273.411807,2631366.126422,0.00677655677655678,0.121611721611722,0.752197802197802,0.115018315018315,0.000549450549450549,0.00384615384615385
170773.411807,2631366.126422,0.00549450549450549,0.227472527472527,0.686080586080586,0.0738095238095238,0.00293040293040293,0.00421245421245421
171273.411807,2631366.126422,0.0320865419875321,0.306013934726806,0.294096076274294,0.275577557755776,0.0331866519985332,0.059039237257059
171773.411807,2631366.126422,0.00970695970695971,0.23003663003663,0.43956043956044,0.145054945054945,0.0293040293040293,0.146336996336996
172273.411807,2631366.126422,0.0212454212454212,0.304945054945055,0.202747252747253,0.16996336996337,0.0673992673992674,0.233699633699634
172773.411807,2631366.126422,0.0146681334800147,0.195452878621195,0.114044737807114,0.25009167583425,0.0988265493215988,0.326916024935827
173273.411807,2631366.126422,0.052014652014652,0.270695970695971,0.0824175824175824,0.179120879120879,0.086996336996337,0.328754578754579
166273.411807,2630866.126422,0.0100861910874748,0.06400146708234,0.053181734824867,0.863011186502842,0.00366770584999083,0.00605171465248487
166773.411807,2630866.126422,0.0811801356056441,0.185816382627817,0.163459776433938,0.530328019058091,0.00164925783397471,0.0375664284405351
167273.411807,2630866.126422,0.107359148467609,0.335657918884199,0.0862543585979079,0.354560469810974,0.0172508717195816,0.0989172325197284
167773.411807,2630866.126422,0.0117366587199707,0.28791490922428,0.0374105996699065,0.36805428204658,0.0476801760498808,0.247203374289382
168273.411807,2630866.126422,0.0119113065787062,0.313358988455195,0.0403151914971596,0.310060472787246,0.0419644493311343,0.282389591350559
169273.411807,2630866.126422,0.0022006235099945,0.323491655969191,0.37190537318907,0.130753713552173,0.0192554557124519,0.152393178067119
169773.411807,2630866.126422,0.00128275609309144,0.142202675462708,0.756642844053509,0.0835623969213854,0.000366501740883269,0.0159428257284222
170273.411807,2630866.126422,0.00679023674068636,0.293631859056708,0.632226096531474,0.0451458983299688,0.00513855753349238,0.0170673518076711
170773.411807,2630866.126422,0,0.0990280579497524,0.822849807445443,0.0691362552723272,0.00385109114249037,0.00513478818998716
171273.411807,2630866.126422,0.0205240974894631,0.217702034084662,0.547370350009163,0.105919003115265,0.0130108118013561,0.0954737035000916
171773.411807,2630866.126422,0.0280785465222977,0.350890071572766,0.279500825839604,0.166819599926592,0.0376215819416407,0.1370893741971
172273.411807,2630866.126422,0.017604988079956,0.26792591234183,0.263708050614341,0.171465248487071,0.0586832935998533,0.220612506876948
172773.411807,2630866.126422,0.0773318673263698,0.178669598680594,0.139453912406084,0.0930914421843504,0.127359354956936,0.384093824445666
173273.411807,2630866.126422,0.080932281152505,0.22829877041659,0.121490181684713,0.168838318957607,0.0770783630023858,0.323362084786199
165773.411807,2630366.126422,0.00697247706422018,0.136330275229358,0.0108256880733945,0.82605504587156,0.0139449541284404,0.00587155963302752
166273.411807,2630366.126422,0.0100898917629793,0.1284168042561,0.125848468170978,0.687213355347643,0.0293524124013942,0.0190790680609063
166773.411807,2630366.126422,0.00238095238095238,0.145054945054945,0.0785714285714286,0.762087912087912,0.00586080586080586,0.00604395604395604
167273.411807,2630366.126422,0.0218348623853211,0.306788990825688,0.148807339449541,0.490825688073394,0.00330275229357798,0.0284403669724771
167773.411807,2630366.126422,0.0482480278847918,0.0798018712162906,0.226930838378279,0.599523023298477,0.00972298660796184,0.0357732526141992
168273.411807,2630366.126422,0.0478021978021978,0.338278388278388,0.206776556776557,0.26996336996337,0.00879120879120879,0.128388278388278
168773.411807,2630366.126422,0,0.326788990825688,0.269724770642202,0.132844036697248,0.00256880733944954,0.268073394495413
169273.411807,2630366.126422,0,0.229499174463401,0.706292423408549,0.020546688680976,0.00110071546505228,0.0425609979820216
169773.411807,2630366.126422,0.0128205128205128,0.238827838827839,0.67985347985348,0.0285714285714286,0.0102564102564103,0.0296703296703297
170273.411807,2630366.126422,0.00477064220183486,0.182201834862385,0.753761467889908,0.04,0.00458715596330275,0.0146788990825688
170773.411807,2630366.126422,0.00990643918547056,0.386351128233352,0.412401394239589,0.0489818381948266,0.0328380113740598,0.109521188772702
171273.411807,2630366.126422,0.0117216117216117,0.408424908424908,0.230769230769231,0.14010989010989,0.0624542124542125,0.146520146520147
171773.411807,2630366.126422,0.0177981651376147,0.265504587155963,0.214311926605505,0.206605504587156,0.0603669724770642,0.235412844036697
172273.411807,2630366.126422,0.078884608328747,0.26252063841497,0.0664098330581545,0.113006787745368,0.0909924784443221,0.388185654008439
172773.411807,2630366.126422,0.0827838827838828,0.262637362637363,0.0657509157509158,0.0963369963369963,0.112820512820513,0.37967032967033
173273.411807,2630366.126422,0.105137614678899,0.191192660550459,0,0.244770642201835,0.148990825688073,0.309908256880734
164773.411807,2629866.126422,0,0.00567765567765568,0.946703296703297,0.0476190476190476,0,0
165273.411807,2629866.126422,0.00935093509350935,0.196919691969197,0,0.776861019435277,0.00495049504950495,0.0119178584525119
165773.411807,2629866.126422,0.0247252747252747,0.12032967032967,0.126739926739927,0.600732600732601,0.00824175824175824,0.119230769230769
166273.411807,2629866.126422,0.00531135531135531,0.0510989010989011,0.193040293040293,0.74981684981685,0.000549450549450549,0.000183150183150183
166773.411807,2629866.126422,0.00843417675100843,0.059039237257059,0.246607994132747,0.678767876787679,0.00238357169050238,0.00476714338100477
167273.411807,2629866.126422,0.00622710622710623,0.0468864468864469,0.298717948717949,0.645238095238095,0.00183150183150183,0.0010989010989011
167773.411807,2629866.126422,0.0271062271062271,0.204578754578755,0.170879120879121,0.589010989010989,0.00714285714285714,0.00128205128205128
168773.411807,2629866.126422,0,0.198901098901099,0.706410256410256,0.0611721611721612,0.00293040293040293,0.0305860805860806
169273.411807,2629866.126422,0.00476190476190476,0.20952380952381,0.684249084249084,0.0822344322344322,0.00457875457875458,0.0146520146520147
169773.411807,2629866.126422,0.00183351668500183,0.196552988632197,0.758159149248258,0.0355702236890356,0,0.00788412174550788
170273.411807,2629866.126422,0.0274725274725275,0.292124542124542,0.516483516483517,0.0913919413919414,0.0289377289377289,0.0435897435897436
170773.411807,2629866.126422,0.00641025641025641,0.358791208791209,0.344505494505495,0.026007326007326,0.0269230769230769,0.237362637362637
171273.411807,2629866.126422,0.0524385771910524,0.286028602860286,0.149431609827649,0.135680234690136,0.109277594426109,0.267143381004767
171773.411807,2629866.126422,0.043040293040293,0.184615384615385,0.0527472527472527,0.142857142857143,0.0562271062271062,0.520512820512821
172273.411807,2629866.126422,0.0498168498168498,0.172527472527473,0.00769230769230769,0.0725274725274725,0.0761904761904762,0.621245421245421
172773.411807,2629866.126422,0.17986798679868,0.372020535386872,0.000183351668500183,0.0478547854785479,0.0491382471580491,0.350935093509351
173273.411807,2629866.126422,0.187545787545788,0.162271062271062,0.0163003663003663,0.136630036630037,0.125091575091575,0.372161172161172
165273.411807,2629366.126422,0.00366501740883269,0.58402052409749,0.00109950522264981,0.0284038849184534,0.00586402785413231,0.376947040498442
165773.411807,2629366.126422,0.000183519911910442,0.222242613323546,0.152321526885667,0.585795558818132,0.00275279867865663,0.0367039823820885
166273.411807,2629366.126422,0.00165046763249587,0.0779387493123052,0.12396845772969,0.789840454795525,0.00605171465248487,0.000550155877498625
166773.411807,2629366.126422,0.0208905992303463,0.134322888033718,0.0619387942092725,0.656771119662818,0.0128275609309144,0.11324903793293
167273.411807,2629366.126422,0,0.100201871903101,0.151036887502294,0.682694072306845,0.00605615709304459,0.0600110111947146
167773.411807,2629366.126422,0.0265908674124335,0.25582248303686,0.389877131854025,0.287548138639281,0.00678525582248304,0.0333761232349166
168273.411807,2629366.126422,0,0.688656771119663,0.0540590067802822,0.129741616272677,0.00787978742899029,0.119662818398387
168773.411807,2629366.126422,0.000917599559552211,0.0757937236190127,0.692237107726188,0.230868049183336,0.000183519911910442,0
169273.411807,2629366.126422,0.00330093526499175,0.164496607372089,0.642215294333394,0.145974692829635,0.0113698881349716,0.0326425820649184
169773.411807,2629366.126422,0.0120945574491479,0.187099138720909,0.604361370716511,0.140553417628734,0.0197910940076965,0.036100421477002
170273.411807,2629366.126422,0.0122958340979996,0.150853367590384,0.579922921636998,0.171407597724353,0.019086070838686,0.0664342081115801
170773.411807,2629366.126422,0.00935264991747662,0.327342747111682,0.308637447276728,0.0913258756647717,0.0429121584448927,0.220429121584449
171273.411807,2629366.126422,0.0128275609309144,0.214953271028037,0.275242807403335,0.291735385743082,0.0648708081363387,0.140370166758292
171773.411807,2629366.126422,0.0244081482840888,0.262616993943843,0.210497338961277,0.17416039640301,0.0697375665259681,0.258579555881813
172273.411807,2629366.126422,0.105446543187236,0.218045112781955,0.106913625527233,0.0918760315422703,0.0537318907023657,0.42398679625894
172773.411807,2629366.126422,0.11214953271028,0.482682792743266,0.0274876305662452,0.0377496793109767,0.0780648708081363,0.261865493861096
173273.411807,2629366.126422,0.172875757019637,0.292897779409066,0,0.117085703798862,0.079647641769132,0.337493118003303
165273.411807,2628866.126422,0.0316849816849817,0.28003663003663,0.344139194139194,0.273260073260073,0.00146520146520147,0.0694139194139194
165773.411807,2628866.126422,0.00220183486238532,0.0675229357798165,0.259449541284404,0.666605504587156,0.0036697247706422,0.00055045871559633
166273.411807,2628866.126422,0.0100898917629793,0.132819666116309,0.137039075399009,0.652907723353513,0.00421940928270042,0.0629242340854889
166773.411807,2628866.126422,0.0388278388278388,0.30018315018315,0.0102564102564103,0.295238095238095,0.0296703296703297,0.325824175824176
167273.411807,2628866.126422,0.0377981651376147,0.279633027522936,0.304403669724771,0.0671559633027523,0.00110091743119266,0.309908256880734
168773.411807,2628866.126422,0.00018348623853211,0.0908256880733945,0.316146788990826,0.581100917431193,0.00128440366972477,0.0104587155963303
169273.411807,2628866.126422,0.001284168042561,0.0753990093560815,0.738396624472574,0.180150431113557,0.00165107319757843,0.00311869381764814
169773.411807,2628866.126422,0.0032967032967033,0.129120879120879,0.725457875457875,0.119413919413919,0.00146520146520147,0.0212454212454212
170273.411807,2628866.126422,0,0.16,0.681467889908257,0.133761467889908,0.00403669724770642,0.0207339449541284
170773.411807,2628866.126422,0.0126582278481013,0.201614382682077,0.578976334617501,0.116492386718033,0.0221977618785544,0.0680609062557329
171273.411807,2628866.126422,0.0441391941391941,0.177289377289377,0.215567765567766,0.257326007326007,0.0732600732600733,0.232417582417582
171773.411807,2628866.126422,0.0706422018348624,0.206788990825688,0.0877064220183486,0.237247706422018,0.127339449541284,0.270275229357798
172273.411807,2628866.126422,0.0311869381764814,0.436066776738213,0.0377912309667951,0.123096679508347,0.0377912309667951,0.334067143643368
172773.411807,2628866.126422,0.0633699633699634,0.343589743589744,0,0.0492673992673993,0.0591575091575092,0.484615384615385
173273.411807,2628866.126422,0.166238532110092,0.195779816513761,0.00018348623853211,0.189174311926605,0.14,0.308623853211009
168273.411807,2628366.126422,0,0.153098643197653,0.520902090209021,0.211221122112211,0.000366703337000367,0.114411441144114
168773.411807,2628366.126422,0,0.126190476190476,0.425274725274725,0.428754578754579,0.00567765567765568,0.0141025641025641
169273.411807,2628366.126422,0.00164835164835165,0.207509157509158,0.727655677655678,0.047985347985348,0.00512820512820513,0.0100732600732601
169773.411807,2628366.126422,0.00531719838650532,0.267693436010268,0.617528419508617,0.0777411074440777,0.00476714338100477,0.026952695269527
170273.411807,2628366.126422,0.0304029304029304,0.24029304029304,0.358974358974359,0.108424908424908,0.0573260073260073,0.204578754578755
170773.411807,2628366.126422,0.163919413919414,0.0923076923076923,0.0395604395604396,0.198351648351648,0.0793040293040293,0.426556776556777
171273.411807,2628366.126422,0.18976897689769,0.194536120278695,0.243674367436744,0.0429042904290429,0.0377704437110378,0.291345801246791
171773.411807,2628366.126422,0.192490842490843,0.119230769230769,0.191941391941392,0.0906593406593407,0.103479853479853,0.302197802197802
172273.411807,2628366.126422,0.112820512820513,0.322710622710623,0.00952380952380952,0.164468864468864,0.0688644688644689,0.321611721611722
172773.411807,2628366.126422,0.12009534286762,0.418408507517418,0,0.0462046204620462,0.063989732306564,0.351301796846351
173273.411807,2628366.126422,0.212637362637363,0.27014652014652,0.00293040293040293,0.0767399267399267,0.10970695970696,0.327838827838828
166773.411807,2627866.126422,0,0.0694520798973795,0.781198460692688,0.148066703316841,0.000549752611324904,0.000733003481766538
167273.411807,2627866.126422,0,0.0471646173609837,0.875206459900899,0.0776289227381171,0,0
167773.411807,2627866.126422,0,0.06400146708234,0.902989180267743,0.0330093526499175,0,0
168273.411807,2627866.126422,0.000183250870441635,0.127725856697819,0.820230896096756,0.051676745464541,0.000183250870441635,0
168773.411807,2627866.126422,0.000550559735731327,0.108827307762892,0.745824922004037,0.139842172875757,0.00293631859056708,0.00201871903101487
169273.411807,2627866.126422,0,0.210342930496974,0.720887584815698,0.0289748762149276,0.00403447643498991,0.0357601320374106
169773.411807,2627866.126422,0.00458127176104087,0.405900678028221,0.453179402602162,0.0529595015576324,0.0172255818215137,0.0661535642294301
170273.411807,2627866.126422,0.0411084602679391,0.234905487245366,0.191227748210681,0.162965681776473,0.0702881262616994,0.299504496237842
170773.411807,2627866.126422,0.121767834219696,0.122134604804695,0.0597836053548505,0.174216027874564,0.139189437007152,0.382908490739043
171273.411807,2627866.126422,0.330401319406267,0.156496243357156,0,0.0868609125893348,0.0690855781564962,0.357155946490746
171773.411807,2627866.126422,0.1493852082951,0.316388328133603,0.00403743806202973,0.108827307762892,0.0961644338410718,0.325197283905304
172273.411807,2627866.126422,0.243352283146892,0.26407482119934,0.131487254722171,0.0557491289198606,0.0418118466898955,0.263524665321841
172773.411807,2627866.126422,0.177386842587502,0.360271211288254,0,0.117463807953088,0.0784313725490196,0.266446765622137
173273.411807,2627866.126422,0.307579372361901,0.149018168471279,0,0.160029363185906,0.105156909524683,0.27821618645623
