"x","y","forest","agri","water","built","other","grass"
186273.411807,2557866.126422,0.283645031169784,0.183535020168684,0.0537220388705537,0.0786578657865787,0.0713237990465713,0.329116244957829
186773.411807,2557866.126422,0.166666666666667,0.06996336996337,0.026007326007326,0.00879120879120879,0.0221611721611722,0.706410256410256
187273.411807,2557866.126422,0.263003663003663,0.152197802197802,0,0.128571428571429,0.0866300366300366,0.36959706959707
187773.411807,2557866.126422,0.185185185185185,0.143381004767143,0,0.162632929959663,0.142280894756142,0.366519985331867
188273.411807,2557866.126422,0.381135531135531,0.102014652014652,0,0.0148351648351648,0.0498168498168498,0.452197802197802
188773.411807,2557866.126422,0.422893772893773,0.154029304029304,0,0.01996336996337,0.0386446886446886,0.364468864468864
189273.411807,2557866.126422,0.607444077741107,0.0742574257425743,0,0.00366703337000367,0.0185185185185185,0.296112944627796
189773.411807,2557866.126422,0.594505494505495,0.054029304029304,0.00714285714285714,0.000915750915750916,0.0168498168498168,0.326556776556777
190273.411807,2557866.126422,0.676373626373626,0.0377289377289377,0,0.0133699633699634,0.0217948717948718,0.250732600732601
190773.411807,2557866.126422,0.554455445544555,0.106710671067107,0,0.0357535753575358,0.0707737440410708,0.232306563989732
191273.411807,2557866.126422,0.702380952380952,0.168864468864469,0,0.00146520146520147,0.00402930402930403,0.123260073260073
191773.411807,2557866.126422,0.562637362637363,0.135531135531136,0,0.22032967032967,0.0456043956043956,0.0358974358974359
192273.411807,2557866.126422,0.155482214888155,0.297213054638797,0.0786578657865787,0.102126879354602,0.0988265493215988,0.267693436010268
192773.411807,2557866.126422,0.169413919413919,0.382967032967033,0,0.00805860805860806,0.0265567765567766,0.413003663003663
193273.411807,2557866.126422,0.184798534798535,0.28003663003663,0,0.0820512820512821,0.100915750915751,0.352197802197802
193773.411807,2557866.126422,0.176017601760176,0.37037037037037,0.0401540154015402,0.0711404473780711,0.0588558855885589,0.283461679501283
194273.411807,2557866.126422,0.229120879120879,0.291758241758242,0.000549450549450549,0.10989010989011,0.122527472527473,0.246153846153846
194773.411807,2557866.126422,0.150549450549451,0.0877289377289377,0.000183150183150183,0.488827838827839,0.171611721611722,0.101098901098901
195273.411807,2557866.126422,0.131463146314631,0.134396773010634,0,0.556655665566557,0.101393472680601,0.0760909424275761
195773.411807,2557866.126422,0.444139194139194,0.183333333333333,0,0.107875457875458,0.0941391941391941,0.170512820512821
196273.411807,2557866.126422,0.650915750915751,0.27051282051282,0,0.00128205128205128,0.00238095238095238,0.0749084249084249
196773.411807,2557866.126422,0.648148148148148,0.308947561422809,0.00146681334800147,0.00055005500550055,0.0044004400440044,0.0364869820315365
197273.411807,2557866.126422,0.659340659340659,0.33003663003663,0,0.00128205128205128,0.0010989010989011,0.00824175824175824
197773.411807,2557866.126422,0.656776556776557,0.330586080586081,0.000366300366300366,0.0021978021978022,0.00494505494505494,0.00512820512820513
198273.411807,2557866.126422,0.817198386505317,0.11019435276861,0.00055005500550055,0.00256692335900257,0.00641730839750642,0.0630729739640631
186273.411807,2557366.126422,0.231445849367785,0.105185999633498,0.0201575957485798,0.119846069268829,0.0905259299981675,0.432838555983141
186773.411807,2557366.126422,0.0587263718113415,0.109744907322444,0.115250504679758,0.0578087722517893,0.0767113231785649,0.581758120756102
187273.411807,2557366.126422,0.290665688611773,0.0935264991747662,0,0.0845406198422887,0.0933431138822666,0.437924078488905
187773.411807,2557366.126422,0.642111050027488,0.0852116547553601,0.000366501740883269,0.0177753344328386,0.021073850100788,0.233461608942642
188273.411807,2557366.126422,0.524132868416223,0.0596439713708937,0,0.00330335841438796,0.0189025509267756,0.39401725087172
188773.411807,2557366.126422,0.391527599486521,0.122134604804695,0.00128369704749679,0.122684760682193,0.0511644966073721,0.311204841371722
189273.411807,2557366.126422,0.615906175554334,0.13230712845886,0.0106285504856148,0.0252886201209456,0.0183250870441635,0.197544438336082
189773.411807,2557366.126422,0.682694072306845,0.0594604514589833,0,0.00623967700495504,0.0135804734813727,0.238025325747844
190273.411807,2557366.126422,0.471300201723822,0.119017054832202,0,0.0137538969374656,0.0271410232899321,0.368787823216578
190773.411807,2557366.126422,0.527212754260583,0.218251786695987,0,0.00219901044529962,0.00586402785413231,0.246472420743999
191273.411807,2557366.126422,0.644705450541384,0.18241879243898,0,0.0950633143696091,0.0247751881079097,0.0530372545421178
191773.411807,2557366.126422,0.108564093159729,0.38785989363653,0.0995782138272511,0.253438474234366,0.0482303319273794,0.102328993214744
192273.411807,2557366.126422,0.141652922851384,0.405534176287337,0.00659703133589885,0.0346344145134689,0.0507604911123328,0.360820963899579
192773.411807,2557366.126422,0.101302991374564,0.441548908056524,0.103138190493669,0.0372545421178198,0.0567076527803267,0.260047715177097
193273.411807,2557366.126422,0.186686227764533,0.295800476801761,0.053181734824867,0.0849073904272877,0.132404181184669,0.247019988996882
193773.411807,2557366.126422,0.290086127909108,0.242624152464724,0.0207073483599047,0.0128275609309144,0.0344511636430273,0.399303646692322
194273.411807,2557366.126422,0.356579188841989,0.215268856670949,0.0288126261699394,0.0515690952468343,0.0357863828225362,0.311983850247752
194773.411807,2557366.126422,0.350265908674124,0.231248853841922,0.044379240784889,0.0214560792224464,0.0236567027324409,0.328993214744178
195273.411807,2557366.126422,0.352757925600147,0.239325636796775,0.0117280557082646,0.0771486164559282,0.0483782297965915,0.270661535642294
195773.411807,2557366.126422,0.330519361350707,0.391815011928794,0,0.0447788585061479,0.0350523031748945,0.197834465039457
196273.411807,2557366.126422,0.541536768751146,0.345497891069136,0,0.00990280579497524,0.0110031175499725,0.0920594168347699
196773.411807,2557366.126422,0.421293751145318,0.455378413047462,0.000183250870441635,0.00238226131574125,0.00879604178119846,0.111966281839839
197273.411807,2557366.126422,0.621765461552579,0.325013763993393,0.000183519911910442,0,0.00110111947146265,0.0519361350706552
197773.411807,2557366.126422,0.629194938565927,0.343664038144141,0.00348432055749129,0,0.000550155877498625,0.0231065468549422
198273.411807,2557366.126422,0.766904892798241,0.202675462708448,0,0,0,0.0304196444933113
186273.411807,2556866.126422,0.404578754578755,0.102197802197802,0.0624542124542125,0.0547619047619048,0.0307692307692308,0.345238095238095
186773.411807,2556866.126422,0.252660550458716,0.126788990825688,0,0.0636697247706422,0.0251376146788991,0.531743119266055
187273.411807,2556866.126422,0.232801320858558,0.100532012474775,0.100715465052284,0.0447624289121262,0.0201797835259585,0.501008989176298
187773.411807,2556866.126422,0.347069597069597,0.26007326007326,0,0.00879120879120879,0.0327838827838828,0.351282051282051
188273.411807,2556866.126422,0.511376146788991,0.0906422018348624,0.00311926605504587,0.0128440366972477,0.0344954128440367,0.347522935779817
188773.411807,2556866.126422,0.47936158503027,0.178132452760961,0.000366905155017428,0.0333883691065859,0.0236653824986241,0.285085305448542
189273.411807,2556866.126422,0.491758241758242,0.204578754578755,0.000183150183150183,0.100549450549451,0.0291208791208791,0.173809523809524
189773.411807,2556866.126422,0.651559633027523,0.152110091743119,0,0.0491743119266055,0.0108256880733945,0.136330275229358
190273.411807,2556866.126422,0.61346541918914,0.133920381581361,0,0.0708126949183636,0.0201797835259585,0.161621720785177
190773.411807,2556866.126422,0.561721611721612,0.128754578754579,0,0.125641025641026,0.0153846153846154,0.168498168498169
191273.411807,2556866.126422,0.371559633027523,0.194311926605505,0,0.285137614678899,0.0642201834862385,0.0847706422018349
191773.411807,2556866.126422,0.468354430379747,0.180333883691066,0.0253164556962025,0.171711612548156,0.0792515134837644,0.075032104201064
192273.411807,2556866.126422,0.233699633699634,0.354578754578755,0.0282051282051282,0.0860805860805861,0.0738095238095238,0.223626373626374
192773.411807,2556866.126422,0.236697247706422,0.317798165137615,0.00256880733944954,0.0521100917431193,0.0414678899082569,0.349357798165138
193273.411807,2556866.126422,0.251330031186938,0.21830856723537,0.0465969546872134,0.0210970464135021,0.02568336085122,0.436984039625757
193773.411807,2556866.126422,0.277289377289377,0.133516483516484,0.0216117216117216,0.0307692307692308,0.0206959706959707,0.516117216117216
194273.411807,2556866.126422,0.261834862385321,0.307155963302752,0,0.0741284403669725,0.046605504587156,0.310275229357798
194773.411807,2556866.126422,0.238121445606311,0.196477710511833,0,0.0517336268574573,0.0643918547055586,0.449275362318841
195273.411807,2556866.126422,0.267765567765568,0.185347985347985,0.0152014652014652,0.0278388278388278,0.0793040293040293,0.424542124542125
195773.411807,2556866.126422,0.247339449541284,0.188256880733945,0,0.031743119266055,0.0480733944954128,0.484587155963303
196273.411807,2556866.126422,0.266006237387635,0.260686112639883,0.00366905155017428,0.0372408732342689,0.0583379196477711,0.374059805540268
196773.411807,2556866.126422,0.488278388278388,0.153479853479853,0.00164835164835165,0.023992673992674,0.0538461538461538,0.278754578754579
197273.411807,2556866.126422,0.551192660550459,0.234678899082569,0.00220183486238532,0.0295412844036697,0.0211009174311927,0.161284403669725
197773.411807,2556866.126422,0.606494221243808,0.210236653824986,0.000733810310034856,0.00146762062006971,0.0133920381581361,0.167675655842965
198273.411807,2556866.126422,0.732417582417582,0.255677655677656,0.000732600732600733,0,0.00164835164835165,0.00952380952380952
186273.411807,2556366.126422,0.58965896589659,0.0357535753575358,0,0.00458379171250458,0.00586725339200587,0.364136413641364
186773.411807,2556366.126422,0.320512820512821,0.104029304029304,0,0.0155677655677656,0.0227106227106227,0.537179487179487
187273.411807,2556366.126422,0.163553113553114,0.0661172161172161,0.211355311355311,0.00787545787545788,0.0216117216117216,0.529487179487179
187773.411807,2556366.126422,0.581041437477081,0.0781078107810781,0,0.00385038503850385,0.0077007700770077,0.329299596626329
188273.411807,2556366.126422,0.426556776556777,0.186446886446886,0.000549450549450549,0.0580586080586081,0.043040293040293,0.285347985347985
188773.411807,2556366.126422,0.431868131868132,0.191575091575092,0,0.0205128205128205,0.0413919413919414,0.314652014652015
189273.411807,2556366.126422,0.579391272460579,0.131096442977631,0.000733406674000733,0.00421708837550422,0.0209020902090209,0.263659699303264
189773.411807,2556366.126422,0.515567765567766,0.173443223443223,0,0.0137362637362637,0.0221611721611722,0.275091575091575
190273.411807,2556366.126422,0.623260073260073,0.261172161172161,0.00293040293040293,0.0558608058608059,0.0175824175824176,0.0391941391941392
190773.411807,2556366.126422,0.332416574990832,0.172350568390172,0,0.294646131279795,0.0876420975430876,0.112944627796113
191273.411807,2556366.126422,0.759157509157509,0.114285714285714,0,0.045970695970696,0.0139194139194139,0.0666666666666667
191773.411807,2556366.126422,0.412271062271062,0.300549450549451,0,0.017032967032967,0.0141025641025641,0.256043956043956
192273.411807,2556366.126422,0.618995232856619,0.189402273560689,0.000733406674000733,0.00201686835350202,0.00733406674000733,0.181518151815182
192773.411807,2556366.126422,0.208241758241758,0.207875457875458,0,0.0192307692307692,0.0454212454212454,0.519230769230769
193273.411807,2556366.126422,0.282417582417582,0.145421245421245,0,0.0210622710622711,0.0351648351648352,0.515934065934066
193773.411807,2556366.126422,0.249358269160249,0.222955628896223,0.000183351668500183,0.0757242390905757,0.0738907224055739,0.377887788778878
194273.411807,2556366.126422,0.177838827838828,0.149267399267399,0.0228937728937729,0.0631868131868132,0.084981684981685,0.501831501831502
194773.411807,2556366.126422,0.205860805860806,0.119047619047619,0,0.0141025641025641,0.0175824175824176,0.643406593406593
195273.411807,2556366.126422,0.377337733773377,0.127062706270627,0.0106343967730106,0.015034836817015,0.0313531353135314,0.438577191052439
195773.411807,2556366.126422,0.266849816849817,0.171428571428571,0.000183150183150183,0.0179487179487179,0.0223443223443223,0.521245421245421
196273.411807,2556366.126422,0.295970695970696,0.185347985347985,0.00402930402930403,0.0113553113553114,0.0318681318681319,0.471428571428571
196773.411807,2556366.126422,0.506417308397506,0.136230289695636,0.00183351668500183,0.0183351668500183,0.0364869820315365,0.300696736340301
197273.411807,2556366.126422,0.493406593406593,0.153846153846154,0.000366300366300366,0.00293040293040293,0.00989010989010989,0.33956043956044
197773.411807,2556366.126422,0.418864468864469,0.27051282051282,0.000366300366300366,0.00457875457875458,0.0201465201465201,0.285531135531136
198273.411807,2556366.126422,0.547671433810048,0.291529152915292,0,0.00971763843050972,0.0154015401540154,0.135680234690136
186273.411807,2555866.126422,0.21751878321422,0.239508887667216,0.120395821880154,0.0144768187648891,0.0315191497159611,0.376580538757559
186773.411807,2555866.126422,0.114516425032116,0.280418425399156,0.234905487245366,0.009543035419343,0.0209212699577904,0.339695356946229
187273.411807,2555866.126422,0.410049514028975,0.0524481936548689,0.139739592884651,0.0810562992847974,0.0577663671373556,0.258940033009353
187773.411807,2555866.126422,0.619021440351842,0.0685358255451713,0.00568077698369067,0.00348176653839106,0.00824628916987356,0.295033901411032
188273.411807,2555866.126422,0.615709304459534,0.113415305560653,0,0.00183519911910442,0.0154156726004772,0.253624518260231
188773.411807,2555866.126422,0.546304786356134,0.122501375389694,0.000550155877498625,0.0304419585549239,0.041995231982395,0.258206491839354
189273.411807,2555866.126422,0.641561297416163,0.112332783580722,0,0.0251053692505039,0.0267546270844787,0.194245922668133
189773.411807,2555866.126422,0.77170122958341,0.115801064415489,0,0.00844191594788034,0.00789135621214902,0.0961644338410718
190273.411807,2555866.126422,0.789106913625527,0.126169081239685,0.000366770584999083,0.0249403997799376,0.00990280579497524,0.0495140289748762
190773.411807,2555866.126422,0.775334432838556,0.123694337548103,0,0.0168590800806304,0.0227231079347627,0.0613890415979476
191273.411807,2555866.126422,0.532391264452193,0.224628372178381,0,0.065149568728207,0.0273444668746559,0.150486327766563
191773.411807,2555866.126422,0.300201723821749,0.222079589216945,0.00146708233999633,0.0148542086924629,0.0216394645149459,0.439757931413901
192273.411807,2555866.126422,0.366868242624152,0.171339563862928,0.000733003481766538,0.0126443100604728,0.0183250870441635,0.430089792926516
192773.411807,2555866.126422,0.234721967333456,0.325013763993393,0,0.00807487612405946,0.0141310332171041,0.418058359331988
193273.411807,2555866.126422,0.238584265541904,0.119017054832202,0,0.0863744727672841,0.0559325142123602,0.50009169264625
193773.411807,2555866.126422,0.305479201026205,0.218801539307312,0,0.0108118013560564,0.0152098222466557,0.449697636063771
194273.411807,2555866.126422,0.229216369976142,0.126445219306295,0,0.0835015599192512,0.0835015599192512,0.47733529087906
194773.411807,2555866.126422,0.289198606271777,0.153126719237117,0,0.0256739409499358,0.0467632495873831,0.485237483953787
195273.411807,2555866.126422,0.214586769287154,0.183067619571193,0.00678028220634048,0.0196078431372549,0.0509437419827744,0.525013743815283
195773.411807,2555866.126422,0.34850431271793,0.209579739401725,0.0100935951550743,0.00972655533125344,0.0291796659937603,0.392916131400257
196273.411807,2555866.126422,0.251054465431872,0.284613973959288,0.0267742527049331,0.0113698881349716,0.0319090408949202,0.394278378874014
196773.411807,2555866.126422,0.379146050943742,0.250503939893715,0.00513102437236577,0.0318856514568444,0.0500274876305662,0.283305845702767
197273.411807,2555866.126422,0.739034685263351,0.154890805652413,0,0.000550559735731327,0.00458799779776106,0.100935951550743
197773.411807,2555866.126422,0.78782321657803,0.203374289381992,0,0,0.000183385292499542,0.00861910874747845
198273.411807,2555866.126422,0.740516767454645,0.224848818031886,0,0.000183250870441635,0.000366501740883269,0.034084661902144
186273.411807,2555366.126422,0.331684981684982,0.0549450549450549,0.000183150183150183,0.0144688644688645,0.0223443223443223,0.576373626373626
186773.411807,2555366.126422,0.347522935779817,0.181284403669725,0,0.0174311926605505,0.0381651376146789,0.415596330275229
187273.411807,2555366.126422,0.229499174463401,0.176114474408365,0,0.0311869381764814,0.0352228948816731,0.527976518070079
187773.411807,2555366.126422,0.475457875457875,0.101465201465201,0,0.0179487179487179,0.0210622710622711,0.384065934065934
188273.411807,2555366.126422,0.563669724770642,0.244403669724771,0,0.0405504587155963,0.021651376146789,0.129724770642202
188773.411807,2555366.126422,0.658594753256283,0.0288020546688681,0,0.0975967712346359,0.080168776371308,0.134837644468905
189273.411807,2555366.126422,0.62032967032967,0.103113553113553,0.000915750915750916,0.0183150183150183,0.0335164835164835,0.223809523809524
189773.411807,2555366.126422,0.844770642201835,0.112660550458716,0,0,0.00220183486238532,0.0403669724770642
190273.411807,2555366.126422,0.863694734911026,0.106035589800037,0,0,0,0.0302696752889378
190773.411807,2555366.126422,0.712271062271062,0.159157509157509,0.000549450549450549,0.0010989010989011,0.00274725274725275,0.124175824175824
191273.411807,2555366.126422,0.544036697247706,0.20697247706422,0.00018348623853211,0.00036697247706422,0.00678899082568807,0.241651376146789
191773.411807,2555366.126422,0.451293340671436,0.121078701155751,0.000733810310034856,0.0143093010456797,0.0229315721885892,0.389653274628509
192273.411807,2555366.126422,0.403846153846154,0.18021978021978,0.000732600732600733,0.00274725274725275,0.00897435897435897,0.403479853479853
192773.411807,2555366.126422,0.132293577981651,0.217981651376147,0,0.051743119266055,0.0256880733944954,0.572293577981651
193273.411807,2555366.126422,0.193909374426711,0.265639332232618,0.00146762062006971,0.0354063474591818,0.0377912309667951,0.465786094294625
193773.411807,2555366.126422,0.118864468864469,0.15018315018315,0,0.00659340659340659,0.0157509157509158,0.708608058608059
194273.411807,2555366.126422,0.202935779816514,0.143669724770642,0,0.00844036697247706,0.0277064220183486,0.617247706422018
194773.411807,2555366.126422,0.0770500825536599,0.11263988259035,0.0078884608328747,0.064758759860576,0.0691616217207852,0.668501192441754
195273.411807,2555366.126422,0.178388278388278,0.135531135531136,0,0.0133699633699634,0.0399267399267399,0.632783882783883
195773.411807,2555366.126422,0.226422018348624,0.155779816513761,0.0100917431192661,0.00899082568807339,0.0557798165137615,0.542935779816514
196273.411807,2555366.126422,0.173913043478261,0.227848101265823,0,0.00807191341038342,0.0198128783709411,0.570354063474592
196773.411807,2555366.126422,0.357326007326007,0.255677655677656,0,0.0142857142857143,0.0327838827838828,0.33992673992674
197273.411807,2555366.126422,0.476330275229358,0.207522935779817,0,0.0269724770642202,0.0260550458715596,0.263119266055046
197773.411807,2555366.126422,0.792698587415153,0.110071546505228,0,0,0,0.0972298660796184
198273.411807,2555366.126422,0.872344322344322,0.0815018315018315,0,0.000366300366300366,0.0010989010989011,0.0446886446886447
186273.411807,2554866.126422,0.384488448844884,0.147598093142648,0,0.0111844517785112,0.0216354968830216,0.435093509350935
186773.411807,2554866.126422,0.276007326007326,0.131501831501832,0.000549450549450549,0.0256410256410256,0.0278388278388278,0.538461538461538
187273.411807,2554866.126422,0.396886446886447,0.0906593406593407,0,0.0426739926739927,0.0476190476190476,0.422161172161172
187773.411807,2554866.126422,0.297213054638797,0.101393472680601,0,0.0397873120645398,0.07004033736707,0.491565823248992
188273.411807,2554866.126422,0.540842490842491,0.157326007326007,0.000366300366300366,0.00384615384615385,0.00347985347985348,0.294139194139194
188773.411807,2554866.126422,0.644688644688645,0.176739926739927,0.00512820512820513,0.019047619047619,0.0184981684981685,0.135897435897436
189273.411807,2554866.126422,0.688485515218188,0.157499083241658,0,0.017968463513018,0.0141180784745141,0.121928859552622
189773.411807,2554866.126422,0.868498168498169,0.0857142857142857,0,0,0,0.0457875457875458
190273.411807,2554866.126422,0.772710622710623,0.141758241758242,0,0.00164835164835165,0.0043956043956044,0.0794871794871795
190773.411807,2554866.126422,0.853868720205354,0.0518885221855519,0,0.0113678034470114,0.0152181884855152,0.0676567656765677
191273.411807,2554866.126422,0.601465201465201,0.0864468864468864,0.00549450549450549,0.00641025641025641,0.0135531135531136,0.286630036630037
191773.411807,2554866.126422,0.361721611721612,0.0562271062271062,0.00457875457875458,0.00274725274725275,0.0113553113553114,0.563369963369963
192273.411807,2554866.126422,0.346901356802347,0.0808580858085809,0.00806747341400807,0.0311697836450312,0.0614228089475614,0.471580491382472
192773.411807,2554866.126422,0.394505494505494,0.114468864468864,0.00622710622710623,0.0225274725274725,0.0223443223443223,0.43992673992674
193273.411807,2554866.126422,0.259340659340659,0.164835164835165,0,0,0.0021978021978022,0.573626373626374
193773.411807,2554866.126422,0.304363769710304,0.236890355702237,0,0.00293362669600293,0.00751741840850752,0.448294829482948
194273.411807,2554866.126422,0.326923076923077,0.147802197802198,0,0.000366300366300366,0.00824175824175824,0.516666666666667
194773.411807,2554866.126422,0.341208791208791,0.119230769230769,0,0.00402930402930403,0.0234432234432234,0.512087912087912
195273.411807,2554866.126422,0.171983865053172,0.137697103043638,0.0209020902090209,0.0163182984965163,0.0245691235790246,0.628529519618629
195773.411807,2554866.126422,0.213186813186813,0.10970695970696,0,0.0144688644688645,0.0184981684981685,0.644139194139194
196273.411807,2554866.126422,0.181868131868132,0.232234432234432,0.0126373626373626,0.0120879120879121,0.0366300366300366,0.524542124542125
196773.411807,2554866.126422,0.359369270260359,0.224605793912725,0.00806747341400807,0.0168683535020169,0.0245691235790246,0.366519985331867
197273.411807,2554866.126422,0.496336996336996,0.150732600732601,0,0.0305860805860806,0.0496336996336996,0.272710622710623
197773.411807,2554866.126422,0.578205128205128,0.175641025641026,0,0.00915750915750916,0.0208791208791209,0.216117216117216
198273.411807,2554866.126422,0.734323432343234,0.11001100110011,0.000733406674000733,0.0066006600660066,0.0166850018335167,0.131646497983132
186273.411807,2554366.126422,0.166025288620121,0.209272494044347,0.0089792926516401,0.0218068535825545,0.042147700201576,0.551768370899762
186773.411807,2554366.126422,0.374747660121123,0.0785465222976693,0.0258763075793724,0.0163332721600294,0.0368875022939989,0.467608735547807
187273.411807,2554366.126422,0.307537135521731,0.131120484137172,0,0.000733541169998166,0.0022006235099945,0.558408215661104
187773.411807,2554366.126422,0.431555799890049,0.182517866959868,0,0.00348176653839106,0.00806303829943192,0.374381528312259
188273.411807,2554366.126422,0.374747660121123,0.115617544503579,0,0.0012846393833731,0.0121123141860892,0.496237841805836
188773.411807,2554366.126422,0.637080506143407,0.136622042912158,0,0.000183385292499542,0.0022006235099945,0.22391344214194
189273.411807,2554366.126422,0.806487080813634,0.122778083195895,0,0.00128275609309144,0.00256551218618288,0.0668865677111966
189773.411807,2554366.126422,0.538997981280969,0.160579922921637,0.00311983850247752,0.0161497522481189,0.0172508717195816,0.263901633327216
190273.411807,2554366.126422,0.670089858793325,0.140656519347148,0,0.00385109114249037,0.0100861910874748,0.175316339629562
190773.411807,2554366.126422,0.450247388675096,0.19956019791094,0.00164925783397471,0.0119113065787062,0.0177753344328386,0.318856514568444
191273.411807,2554366.126422,0.38575885483575,0.0741420444118187,0.0100935951550743,0.0117452743622683,0.0205542301339695,0.497706001101119
191773.411807,2554366.126422,0.2800293416468,0.15587749862461,0.0168714469099578,0.0405281496423987,0.0423620025673941,0.464331560608839
192273.411807,2554366.126422,0.378596298332417,0.0678028220634048,0.00219901044529962,0.00458127176104087,0.0163093274693055,0.530511269928532
192773.411807,2554366.126422,0.345935033951184,0.0530372545421178,0.00403743806202973,0.009543035419343,0.0282620664342081,0.559185171591118
193273.411807,2554366.126422,0.490372272143774,0.0777553640198056,0.00201723821749496,0.00128369704749679,0.00825233816247937,0.420319090408949
193773.411807,2554366.126422,0.341029869891882,0.098772219168041,0.00494777350192413,0.0218068535825545,0.0414146967198094,0.492028587135789
194273.411807,2554366.126422,0.452743622683061,0.160763442833547,0.0034868783262984,0.00513855753349238,0.0130299137456414,0.364837584877959
194773.411807,2554366.126422,0.363286264441592,0.177700348432056,0,0.00165046763249587,0.00605171465248487,0.451311204841372
195273.411807,2554366.126422,0.369433754810335,0.217702034084662,0.194795675279458,0.00164925783397471,0.0130108118013561,0.203408466190214
195773.411807,2554366.126422,0.346302073775005,0.156175445035786,0.00183519911910442,0.00367039823820885,0.0201871903101487,0.471829693521747
196273.411807,2554366.126422,0.389877131854025,0.157711351549606,0.0190720704199523,0.0106363469649734,0.0317256556024207,0.390977443609023
196773.411807,2554366.126422,0.316840754993586,0.240791643760308,0.0236393622869709,0.0370166758292102,0.0513102437236577,0.330401319406267
197273.411807,2554366.126422,0.440080748761241,0.204074142044412,0.0104606349788952,0.0133969535694623,0.0374380620297302,0.29454945861626
197773.411807,2554366.126422,0.552906656886118,0.104896387309738,0.000366770584999083,0.010819732257473,0.0163212910324592,0.314689161929213
198273.411807,2554366.126422,0.619021440351842,0.147883452446399,0,0.00164925783397471,0.00696353307678211,0.224482316291002
186273.411807,2553866.126422,0.382967032967033,0.195970695970696,0,0.023992673992674,0.041025641025641,0.356043956043956
186773.411807,2553866.126422,0.427339449541284,0.0787155963302752,0.0135779816513761,0.0667889908256881,0.0686238532110092,0.344954128440367
187273.411807,2553866.126422,0.190240322876536,0.101632727939828,0.0207301412584847,0.0229315721885892,0.0431113557145478,0.621353880022014
187773.411807,2553866.126422,0.448901098901099,0.273076923076923,0.000366300366300366,0.0752747252747253,0.0423076923076923,0.16007326007326
188273.411807,2553866.126422,0.581651376146789,0.130091743119266,0.00018348623853211,0.00605504587155963,0.00954128440366972,0.272477064220183
188773.411807,2553866.126422,0.736745551274995,0.208402128049899,0,0.00238488350761328,0.00311869381764814,0.0493487433498441
189273.411807,2553866.126422,0.5003663003663,0.164102564102564,0,0.00934065934065934,0.0195970695970696,0.306593406593407
189773.411807,2553866.126422,0.608073394495413,0.108256880733945,0,0.00440366972477064,0.0115596330275229,0.267706422018349
190273.411807,2553866.126422,0.516602458264539,0.126582278481013,0,0.023115024766098,0.0247660979636764,0.308934140524674
190773.411807,2553866.126422,0.621611721611722,0.0838827838827839,0.00274725274725275,0.00164835164835165,0.00402930402930403,0.286080586080586
191273.411807,2553866.126422,0.418899082568807,0.148440366972477,0.00899082568807339,0.0332110091743119,0.0425688073394495,0.347889908256881
191773.411807,2553866.126422,0.4778939644102,0.147495872317006,0.00293524124013942,0.00330214639515685,0.00495321959273528,0.363419556044762
192273.411807,2553866.126422,0.360989010989011,0.126007326007326,0.0749084249084249,0.00970695970695971,0.0276556776556777,0.400732600732601
192773.411807,2553866.126422,0.417798165137615,0.110825688073394,0.00788990825688073,0.00623853211009174,0.0055045871559633,0.451743119266055
193273.411807,2553866.126422,0.446156668501192,0.244358833241607,0.0210970464135021,0.00513667217024399,0.0119244175380664,0.271326362135388
193773.411807,2553866.126422,0.325091575091575,0.0776556776556777,0.00641025641025641,0.00659340659340659,0.0164835164835165,0.567765567765568
194273.411807,2553866.126422,0.559266055045872,0.0344954128440367,0.0018348623853211,0.00440366972477064,0.00825688073394495,0.391743119266055
194773.411807,2553866.126422,0.475509080902587,0.162172078517703,0.014125848468171,0.00146762062006971,0.00458631443771785,0.342139057053752
195273.411807,2553866.126422,0.741758241758242,0.0655677655677656,0.00128205128205128,0.00128205128205128,0.00201465201465201,0.188095238095238
195773.411807,2553866.126422,0.910275229357798,0.0207339449541284,0,0,0,0.0689908256880734
196273.411807,2553866.126422,0.507062924234085,0.134837644468905,0.0214639515685195,0.00220143093010457,0.0251330031186938,0.309301045679692
196773.411807,2553866.126422,0.3503663003663,0.212271062271062,0.0227106227106227,0.00970695970695971,0.0423076923076923,0.362637362637363
197273.411807,2553866.126422,0.329908256880734,0.268807339449541,0.0214678899082569,0.0170642201834862,0.0414678899082569,0.321284403669725
197773.411807,2553866.126422,0.689414786277747,0.179049715648505,0,0.00421940928270042,0.00605393505778756,0.12126215373326
198273.411807,2553866.126422,0.532967032967033,0.232600732600733,0,0.00659340659340659,0.0117216117216117,0.216117216117216
186273.411807,2553366.126422,0.479281261459479,0.118628529519619,0,0.00531719838650532,0.0152181884855152,0.381554822148882
186773.411807,2553366.126422,0.550549450549451,0.0978021978021978,0.0166666666666667,0.00952380952380952,0.0243589743589744,0.301098901098901
187273.411807,2553366.126422,0.312087912087912,0.0745421245421245,0.00879120879120879,0.0249084249084249,0.0708791208791209,0.508791208791209
187773.411807,2553366.126422,0.719288595526219,0.105977264393106,0,0.00183351668500183,0.00495049504950495,0.167950128346168
188273.411807,2553366.126422,0.811172161172161,0.123992673992674,0,0.00531135531135531,0.00512820512820513,0.0543956043956044
188773.411807,2553366.126422,0.871794871794872,0.0664835164835165,0,0.000183150183150183,0.00146520146520147,0.0600732600732601
189273.411807,2553366.126422,0.792629262926293,0.0722405573890722,0.000916758342500917,0.00256692335900257,0.00311697836450312,0.128529519618629
189773.411807,2553366.126422,0.736813186813187,0.0437728937728938,0.000915750915750916,0.00366300366300366,0.00750915750915751,0.207326007326007
190273.411807,2553366.126422,0.467948717948718,0.0946886446886447,0.000549450549450549,0.0423076923076923,0.0358974358974359,0.358608058608059
190773.411807,2553366.126422,0.596259625962596,0.0931426475980931,0.00165016501650165,0.00898423175650898,0.0106343967730106,0.289328932893289
191273.411807,2553366.126422,0.44029304029304,0.119413919413919,0.0043956043956044,0.0346153846153846,0.0265567765567766,0.374725274725275
191773.411807,2553366.126422,0.481684981684982,0.221245421245421,0.0166666666666667,0.00769230769230769,0.0236263736263736,0.249084249084249
192273.411807,2553366.126422,0.521452145214521,0.121012101210121,0.162449578291162,0.00201686835350202,0.0141180784745141,0.178951228456179
192773.411807,2553366.126422,0.664102564102564,0.236813186813187,0,0.000366300366300366,0.000915750915750916,0.0978021978021978
193273.411807,2553366.126422,0.555128205128205,0.153296703296703,0.00183150183150183,0.000915750915750916,0.00238095238095238,0.286446886446886
193773.411807,2553366.126422,0.309130913091309,0.201686835350202,0.0143014301430143,0.0077007700770077,0.0264026402640264,0.440777411074441
194273.411807,2553366.126422,0.711172161172161,0.106410256410256,0,0.000183150183150183,0.00183150183150183,0.18040293040293
194773.411807,2553366.126422,0.754029304029304,0.102930402930403,0,0,0.000549450549450549,0.142490842490842
195273.411807,2553366.126422,0.404840484048405,0.21983865053172,0.0022002200220022,0.000366703337000367,0.00495049504950495,0.367803447011368
195773.411807,2553366.126422,0.922527472527473,0.0452380952380952,0,0,0,0.0322344322344322
196273.411807,2553366.126422,0.967216117216117,0.0241758241758242,0,0,0,0.00860805860805861
196773.411807,2553366.126422,0.720755408874221,0.161899523285662,0,0.000366703337000367,0.00165016501650165,0.115328199486615
197273.411807,2553366.126422,0.236080586080586,0.143406593406593,0.0163003663003663,0.00934065934065934,0.0386446886446886,0.556227106227106
197773.411807,2553366.126422,0.454029304029304,0.149267399267399,0,0.124542124542125,0.0604395604395604,0.211721611721612
198273.411807,2553366.126422,0.564906490649065,0.152548588192153,0.0143014301430143,0.0258525852585259,0.0346534653465347,0.207737440410708
186273.411807,2552866.126422,0.382811068352575,0.138537658053876,0,0.0322521531977277,0.0395821880153931,0.406816932380429
186773.411807,2552866.126422,0.528170306478253,0.0622132501376399,0.0119287942741787,0.00899247568361167,0.030280785465223,0.358414387961094
187273.411807,2552866.126422,0.377590317256556,0.225197139189437,0.033192737942417,0.0271410232899321,0.0529983495323675,0.28388043278929
187773.411807,2552866.126422,0.887117463807953,0.0507604911123328,0,0,0.000549752611324904,0.0615722924683892
188273.411807,2552866.126422,0.75500091759956,0.0798311616810424,0,0,0.000550559735731327,0.164617360983667
188773.411807,2552866.126422,0.899138089125252,0.0133871263524665,0,0,0,0.0874747845222813
189273.411807,2552866.126422,0.706615356422943,0.0414146967198094,0,0.000549752611324904,0.00238226131574125,0.249037932930181
189773.411807,2552866.126422,0.508717195815746,0.0688199669664159,0.000550559735731327,0.00844191594788034,0.0124793540099101,0.400991007524316
190273.411807,2552866.126422,0.521914542453695,0.0187052998349532,0,0.0284247203374289,0.0311754997249221,0.399779937649001
190773.411807,2552866.126422,0.420927249404435,0.0307861462341946,0.0100787978742899,0.0183250870441635,0.0223566061938794,0.497526113249038
191273.411807,2552866.126422,0.611488346485594,0.0317489447605065,0.0363369425582676,0.011194714626537,0.0192695907505964,0.289961460818499
191773.411807,2552866.126422,0.437373922611407,0.0783055198973042,0.0451127819548872,0.0300751879699248,0.0502475701448744,0.358885017421603
192273.411807,2552866.126422,0.426241524647242,0.204691222283306,0.081729888216969,0.000549752611324904,0.0117280557082646,0.275059556532894
192773.411807,2552866.126422,0.575334923839237,0.220590934116352,0,0.00238575885483575,0.00422095797394017,0.197467425215636
193273.411807,2552866.126422,0.796809095910508,0.0265908674124335,0.000183385292499542,0.000366770584999083,0.00146708233999633,0.174582798459564
193773.411807,2552866.126422,0.574124977093641,0.00787978742899029,0.009529045262965,0.00146600696353308,0.00861279091075683,0.398387392340114
194273.411807,2552866.126422,0.795558818131767,0.0451458983299688,0.000734079647641769,0.0012846393833731,0.00110111947146265,0.156175445035786
194773.411807,2552866.126422,0.79185769301302,0.0260407115349349,0.00165046763249587,0.000183385292499542,0.00183385292499542,0.178433889602054
195273.411807,2552866.126422,0.368517500458127,0.0674363203225215,0.00201575957485798,0,0.00494777350192413,0.557082646142569
195773.411807,2552866.126422,0.812626169939438,0.134887135254175,0,0,0.000183519911910442,0.052303174894476
196273.411807,2552866.126422,0.927012653585182,0.0291582615074271,0,0,0,0.0438290849073904
196773.411807,2552866.126422,0.558915154846986,0.0553417628733736,0,0.000183250870441635,0.00128275609309144,0.384277075316108
197273.411807,2552866.126422,0.331436960910259,0.0550559735731327,0.0176179115434025,0.0425766195632226,0.0655166085520279,0.487795925857956
197773.411807,2552866.126422,0.226114065651935,0.141940216394645,0.0130203557674674,0.154777186869613,0.0995782138272511,0.364569961489089
198273.411807,2552866.126422,0.368517500458127,0.0995052226498076,0.00348176653839106,0.105002748763057,0.120762323621037,0.30273043796958
186273.411807,2552366.126422,0.275091575091575,0.0681318681318681,0.00293040293040293,0.0532967032967033,0.0745421245421245,0.526007326007326
186773.411807,2552366.126422,0.640366972477064,0.0361467889908257,0.0106422018348624,0.00697247706422018,0.0264220183486239,0.279449541284404
187273.411807,2552366.126422,0.896532746285085,0.0135754907356448,0.000366905155017428,0.00165107319757843,0.00825536598789213,0.0796184186387819
187773.411807,2552366.126422,0.808974358974359,0.00347985347985348,0,0.000183150183150183,0.00604395604395604,0.181318681318681
188273.411807,2552366.126422,0.731009174311927,0.0236697247706422,0.0207339449541284,0.0179816513761468,0.0297247706422018,0.176880733944954
188773.411807,2552366.126422,0.727756374977068,0.00403595670519171,0,0.00807191341038342,0.0155934690882407,0.244542285819116
189273.411807,2552366.126422,0.56996336996337,0.0126373626373626,0,0.0164835164835165,0.023992673992674,0.376923076923077
189773.411807,2552366.126422,0.791192660550459,0.00440366972477064,0.00036697247706422,0.00587155963302752,0.00605504587155963,0.192110091743119
190273.411807,2552366.126422,0.523023298477344,0.0146762062006971,0,0.0159603742432581,0.019262520638415,0.427077600440286
190773.411807,2552366.126422,0.626739926739927,0.0230769230769231,0,0.0197802197802198,0.0386446886446886,0.291758241758242
191273.411807,2552366.126422,0.64954128440367,0.0036697247706422,0,0.00293577981651376,0.00770642201834862,0.336146788990826
191773.411807,2552366.126422,0.439919280865896,0.0091726288754357,0.00550357732526142,0.00293524124013942,0.00935608145294441,0.533113190240323
192273.411807,2552366.126422,0.63992673992674,0.0417582417582418,0.034981684981685,0.000366300366300366,0.00604395604395604,0.276923076923077
192773.411807,2552366.126422,0.357247706422018,0.379082568807339,0.0546788990825688,0.00440366972477064,0.102935779816514,0.101651376146789
193273.411807,2552366.126422,0.93432397725188,0.0198128783709411,0,0,0,0.0458631443771785
193773.411807,2552366.126422,0.92967032967033,0.0155677655677656,0,0,0,0.0547619047619048
194273.411807,2552366.126422,0.743119266055046,0.0473394495412844,0.0445871559633028,0.00256880733944954,0.0115596330275229,0.150825688073394
194773.411807,2552366.126422,0.913777288570904,0.0482480278847918,0,0,0,0.0379746835443038
195273.411807,2552366.126422,0.772527472527473,0.154578754578755,0.00311355311355311,0,0.0010989010989011,0.0686813186813187
195773.411807,2552366.126422,0.600366972477064,0.344587155963303,0.00422018348623853,0.000917431192660551,0.0055045871559633,0.0444036697247706
196273.411807,2552366.126422,0.535498073747936,0.12272977435333,0.00623738763529628,0.00403595670519171,0.00807191341038342,0.323426894147863
196773.411807,2552366.126422,0.393406593406593,0.134615384615385,0.00164835164835165,0.0124542124542125,0.0305860805860806,0.427289377289377
197273.411807,2552366.126422,0.294862385321101,0.0768807339449541,0.0018348623853211,0.00660550458715596,0.0275229357798165,0.592293577981651
197773.411807,2552366.126422,0.377178499357916,0.0390753990093561,0.000733810310034856,0.0289855072463768,0.0431113557145478,0.510915428361769
198273.411807,2552366.126422,0.408608058608059,0.0807692307692308,0.00879120879120879,0.0043956043956044,0.019047619047619,0.478388278388278
186273.411807,2551866.126422,0.418775210854419,0.0386872020535387,0.000733406674000733,0.0524385771910524,0.0568390172350568,0.432526585991932
186773.411807,2551866.126422,0.231135531135531,0.107692307692308,0.00146520146520147,0.0690476190476191,0.103479853479853,0.487179487179487
187273.411807,2551866.126422,0.546886446886447,0.0717948717948718,0.00695970695970696,0.00402930402930403,0.0111721611721612,0.359157509157509
