"x","y","forest","agri","water","built","other","grass"
313273.411807,2737866.126422,0.94975556762629,0.00353068984247691,0,0,0,0.046713742531233
313773.411807,2737866.126422,0.714704803813715,0.0317198386505317,0.000733406674000733,0.000733406674000733,0.00238357169050238,0.24972497249725
314273.411807,2737866.126422,0.906776556776557,0.00989010989010989,0,0,0,0.0833333333333333
314773.411807,2737866.126422,0.581501831501832,0.0668498168498168,0.119413919413919,0.00567765567765568,0.00402930402930403,0.222527472527473
315273.411807,2737866.126422,0.918408507517418,0.0022002200220022,0,0,0,0.0793912724605794
315773.411807,2737866.126422,0.672710622710623,0.0521978021978022,0,0.00256410256410256,0.00421245421245421,0.268315018315018
316273.411807,2737866.126422,0.740659340659341,0.0238095238095238,0,0,0.0010989010989011,0.234432234432234
316773.411807,2737866.126422,0.926842684268427,0.0176017601760176,0,0,0,0.0555555555555556
317273.411807,2737866.126422,0.952930402930403,0.00201465201465201,0,0,0,0.0450549450549451
317773.411807,2737866.126422,0.764468864468864,0.0183150183150183,0.000183150183150183,0.0137362637362637,0.0135531135531136,0.18974358974359
318273.411807,2737866.126422,0.531353135313531,0.0870920425375871,0.00348368170150348,0.0836083608360836,0.0286028602860286,0.265859919325266
318773.411807,2737866.126422,0.114285714285714,0.182234432234432,0.00934065934065934,0.0611721611721612,0.0468864468864469,0.586080586080586
319273.411807,2737866.126422,0.155311355311355,0.0672161172161172,0.0201465201465201,0.226190476190476,0.084981684981685,0.446153846153846
319773.411807,2737866.126422,0.0793912724605794,0.15016501650165,0.0128346167950128,0.256325632563256,0.111111111111111,0.39017235056839
320273.411807,2737866.126422,0.032967032967033,0.154761904761905,0.0600732600732601,0.369230769230769,0.14981684981685,0.233150183150183
320773.411807,2737866.126422,0.0672161172161172,0.078021978021978,0.225824175824176,0.287362637362637,0.133150183150183,0.208424908424908
321273.411807,2737866.126422,0.0674734140080675,0.072973964063073,0.155298863219655,0.256508984231756,0.130913091309131,0.316831683168317
321773.411807,2737866.126422,0.0813186813186813,0.318131868131868,0.034981684981685,0.265567765567766,0.111721611721612,0.188278388278388
322273.411807,2737866.126422,0.201465201465201,0.193956043956044,0.013003663003663,0.0419413919413919,0.041025641025641,0.508608058608059
322773.411807,2737866.126422,0.2999633296663,0.0192519251925193,0.00238357169050238,0.156582324899157,0.0957095709570957,0.426109277594426
323273.411807,2737866.126422,0.179120879120879,0.0807692307692308,0.0120879120879121,0.395787545787546,0.103663003663004,0.228571428571429
323773.411807,2737866.126422,0.0802197802197802,0.141208791208791,0.0512820512820513,0.53956043956044,0.107509157509158,0.0802197802197802
324273.411807,2737866.126422,0.0254858819215255,0.0781078107810781,0.19013568023469,0.572607260726073,0.0726072607260726,0.0610561056105611
324773.411807,2737866.126422,0.021978021978022,0.0443223443223443,0.205677655677656,0.63974358974359,0.0391941391941392,0.0490842490842491
325273.411807,2737866.126422,0.127289377289377,0.0452380952380952,0.109340659340659,0.565567765567766,0.080952380952381,0.0716117216117216
325773.411807,2737866.126422,0.101681016810168,0.04920049200492,0.0651906519065191,0.615211152111521,0.0928659286592866,0.0758507585075851
313273.411807,2737366.126422,0.936887921653972,0.0193144722524483,0,0,0,0.04379760609358
313773.411807,2737366.126422,0.913872090892432,0.0260216236027121,0.000549752611324904,0.00293201392706615,0.00366501740883269,0.0529595015576324
314273.411807,2737366.126422,0.983666727839971,0.00440447788585061,0,0,0,0.0119287942741787
314773.411807,2737366.126422,0.979644232532551,0.00366770584999083,0,0,0,0.0166880616174583
315273.411807,2737366.126422,0.967014843320506,0.0111783030969397,0,0,0,0.0218068535825545
315773.411807,2737366.126422,0.854101670031198,0.0178014314553129,0,0.00293631859056708,0.00367039823820885,0.121490181684713
316273.411807,2737366.126422,0.657619658903356,0.0759215110948102,0,0,0.000366770584999083,0.266092059416835
316773.411807,2737366.126422,0.8587135788895,0.0216236027121129,0,0,0,0.119662818398387
317273.411807,2737366.126422,0.967333455679941,0.00752431638832813,0,0,0,0.0251422279317306
317773.411807,2737366.126422,0.814414083990464,0.0706033376123235,0,0.000916926462497708,0,0.114065651934715
318273.411807,2737366.126422,0.83965548836357,0.00842954004031519,0,0.000733003481766538,0.00128275609309144,0.149899212021257
318773.411807,2737366.126422,0.500825839603597,0.124977060011011,0,0.0256927876674619,0.0240411084602679,0.324463204257662
319273.411807,2737366.126422,0.652668256005868,0.00550155877498625,0,0.00201723821749496,0.000366770584999083,0.339446176416651
319773.411807,2737366.126422,0.274509803921569,0.163459776433938,0.0412314458493678,0.0711013377313542,0.0535092541689573,0.396188381894814
320273.411807,2737366.126422,0.0449623784180584,0.153239126445219,0.216186456230501,0.261882914296201,0.125711139658653,0.198017984951367
320773.411807,2737366.126422,0.0333761232349166,0.14010636346965,0.274894553456813,0.227214377406932,0.110581331377224,0.213827251054465
321273.411807,2737366.126422,0.051126992853216,0.131757375847535,0.296683159245006,0.144768187648891,0.109584020524097,0.266080263881253
321773.411807,2737366.126422,0.0322995044962378,0.350523031748945,0.122958340979996,0.167186639750413,0.0812993209763259,0.245733162048082
322273.411807,2737366.126422,0.107463781404731,0.35209976159912,0.132220795892169,0.0601503759398496,0.0687694846873281,0.279295800476802
322773.411807,2737366.126422,0.155946490745831,0.211288253619205,0.0218068535825545,0.0533260032985157,0.0350009162543522,0.522631482499542
323273.411807,2737366.126422,0.0495503762158194,0.183519911910442,0.113965865296385,0.442466507616076,0.0820334006239677,0.12846393833731
323773.411807,2737366.126422,0.0207225380524482,0.123418301852191,0.519530533651201,0.213643865761966,0.0518980377773703,0.070786722904823
324273.411807,2737366.126422,0.013560564412681,0.277625068719076,0.36888400219901,0.199926699651823,0.0617555433388309,0.078248121678578
324773.411807,2737366.126422,0.0176179115434025,0.186272710589099,0.360249587080198,0.249954120022022,0.0827674802716095,0.103138190493669
325273.411807,2737366.126422,0.037593984962406,0.0533651201173666,0.596919127086008,0.192554557124519,0.0665688611773336,0.0529983495323675
325773.411807,2737366.126422,0.0407954079540795,0.0910209102091021,0.155186551865519,0.555145551455515,0.0828208282082821,0.0750307503075031
313273.411807,2736866.126422,0.984226271416916,0.00027196083763938,0,0,0,0.0155017677454447
313773.411807,2736866.126422,0.867582417582418,0.0818681318681319,0.000732600732600733,0.0010989010989011,0.00293040293040293,0.0457875457875458
314273.411807,2736866.126422,0.968623853211009,0.0236697247706422,0,0,0,0.00770642201834862
314773.411807,2736866.126422,0.989910108237021,0.00201797835259585,0,0,0,0.00807191341038342
315273.411807,2736866.126422,0.945787545787546,0.0032967032967033,0,0,0,0.0509157509157509
315773.411807,2736866.126422,0.917431192660551,0.00201834862385321,0,0,0,0.0805504587155963
316273.411807,2736866.126422,0.893964410199963,0.0143093010456797,0,0,0,0.091726288754357
316773.411807,2736866.126422,0.688827838827839,0.0454212454212454,0,0,0.000183150183150183,0.265567765567766
317273.411807,2736866.126422,0.699266055045872,0.0234862385321101,0,0,0,0.277247706422018
317773.411807,2736866.126422,0.766831773986425,0.010273344340488,0,0,0,0.222894881673088
318273.411807,2736866.126422,0.856959706959707,0.0146520146520147,0,0,0,0.128388278388278
318773.411807,2736866.126422,0.726238532110092,0.00330275229357798,0,0.00036697247706422,0.00311926605504587,0.26697247706422
319273.411807,2736866.126422,0.594386351128233,0.001284168042561,0,0,0,0.404329480829206
319773.411807,2736866.126422,0.639377289377289,0.0208791208791209,0.208424908424908,0.00128205128205128,0.00604395604395604,0.123992673992674
320273.411807,2736866.126422,0.041651376146789,0.179633027522936,0.201834862385321,0.176697247706422,0.150275229357798,0.249908256880734
320773.411807,2736866.126422,0.0392588515868648,0.180884241423592,0.470005503577325,0.128600256833609,0.0748486516235553,0.106402494955054
321273.411807,2736866.126422,0.0271062271062271,0.182234432234432,0.23040293040293,0.187728937728938,0.133150183150183,0.239377289377289
321773.411807,2736866.126422,0.0190825688073394,0.352844036697248,0.221100917431193,0.145504587155963,0.0961467889908257,0.165321100917431
322273.411807,2736866.126422,0.0311869381764814,0.52779306549257,0.0427444505595304,0.0783342505962209,0.080168776371308,0.239772518803889
322773.411807,2736866.126422,0.0868131868131868,0.109157509157509,0.0697802197802198,0.403479853479853,0.150915750915751,0.17985347985348
323273.411807,2736866.126422,0.0398165137614679,0.252477064220184,0.217064220183486,0.34,0.0860550458715596,0.0645871559633028
323773.411807,2736866.126422,0.0111906072280316,0.290405430196294,0.311135571454779,0.274811961108054,0.0642084021280499,0.0482480278847918
324273.411807,2736866.126422,0.0490842490842491,0.165384615384615,0.248901098901099,0.268315018315018,0.0912087912087912,0.177106227106227
324773.411807,2736866.126422,0.0240366972477064,0.186605504587156,0.335963302752294,0.309908256880734,0.0877064220183486,0.0557798165137615
325273.411807,2736866.126422,0.0458631443771785,0.183085672353697,0.348376444689048,0.240506329113924,0.0867730691616217,0.0953953403045313
325773.411807,2736866.126422,0.0262295081967213,0.201844262295082,0.436270491803279,0.20655737704918,0.0637295081967213,0.0653688524590164
313273.411807,2736366.126422,0.881042911461162,0.0714285714285714,0.00380228136882129,0.000543183052688756,0.00135795763172189,0.0418250950570342
313773.411807,2736366.126422,0.96974697469747,0.00605060506050605,0,0,0,0.0242024202420242
314273.411807,2736366.126422,0.966849816849817,0.00183150183150183,0,0,0,0.0313186813186813
314773.411807,2736366.126422,0.974175824175824,0.00347985347985348,0,0,0,0.0223443223443223
315273.411807,2736366.126422,0.983314998166483,0.0011001100110011,0,0,0,0.0155848918225156
315773.411807,2736366.126422,0.822161172161172,0.0106227106227106,0,0.00567765567765568,0.0124542124542125,0.149084249084249
316273.411807,2736366.126422,0.965750915750916,0,0,0,0,0.0342490842490843
316773.411807,2736366.126422,0.92977631096443,0,0,0,0,0.0702236890355702
317273.411807,2736366.126422,0.916849816849817,0.000183150183150183,0,0.000549450549450549,0.00164835164835165,0.0807692307692308
317773.411807,2736366.126422,0.577106227106227,0.00256410256410256,0,0,0,0.42032967032967
318273.411807,2736366.126422,0.352218555188852,0.0451045104510451,0,0.000733406674000733,0.000366703337000367,0.601576824349102
318773.411807,2736366.126422,0.424725274725275,0.0236263736263736,0,0.0010989010989011,0.00128205128205128,0.549267399267399
319273.411807,2736366.126422,0.476739926739927,0.0351648351648352,0,0.000549450549450549,0.000732600732600733,0.486813186813187
319773.411807,2736366.126422,0.675467546754675,0.0181518151815182,0,0.00513384671800513,0.00128346167950128,0.2999633296663
320273.411807,2736366.126422,0.702380952380952,0.0021978021978022,0,0.00604395604395604,0.00989010989010989,0.279487179487179
320773.411807,2736366.126422,0.0683150183150183,0.144688644688645,0.222710622710623,0.24029304029304,0.133516483516484,0.19047619047619
321273.411807,2736366.126422,0.0418041804180418,0.142097543087642,0.331683168316832,0.147781444811148,0.135680234690136,0.200953428676201
321773.411807,2736366.126422,0.0891941391941392,0.161904761904762,0.170879120879121,0.127472527472527,0.103663003663004,0.346886446886447
322273.411807,2736366.126422,0.149267399267399,0.113186813186813,0.0923076923076923,0.084981684981685,0.0608058608058608,0.499450549450549
322773.411807,2736366.126422,0.0320865419875321,0.199303263659699,0.292445911257792,0.318848551521819,0.0922258892555922,0.0650898423175651
323273.411807,2736366.126422,0.0241758241758242,0.252747252747253,0.251282051282051,0.302197802197802,0.0824175824175824,0.0871794871794872
323773.411807,2736366.126422,0.0368131868131868,0.174175824175824,0.247435897435897,0.351465201465201,0.104578754578755,0.0855311355311355
324273.411807,2736366.126422,0.0174184085075174,0.112027869453612,0.364319765309864,0.310597726439311,0.101760176017602,0.0938760542720939
324773.411807,2736366.126422,0.0435897435897436,0.111721611721612,0.346153846153846,0.312454212454212,0.120512820512821,0.0655677655677656
325273.411807,2736366.126422,0.0423076923076923,0.252014652014652,0.360622710622711,0.142857142857143,0.0545787545787546,0.147619047619048
325773.411807,2736366.126422,0.019270192701927,0.0697006970069701,0.20069700697007,0.225707257072571,0.136941369413694,0.347683476834768
313273.411807,2735866.126422,0.936343852013058,0.00244831338411317,0,0.000816104461371056,0.00408052230685528,0.0563112078346028
313773.411807,2735866.126422,0.984973428623786,0.000183250870441635,0,0,0,0.0148433205057724
314273.411807,2735866.126422,0.978528170306478,0.0034868783262984,0,0,0,0.0179849513672233
314773.411807,2735866.126422,0.990463964790024,0,0,0,0,0.00953603520997616
315273.411807,2735866.126422,0.969397104636247,0,0,0,0,0.030602895363753
315773.411807,2735866.126422,0.965498256560837,0,0,0,0,0.0345017434391632
316273.411807,2735866.126422,0.953236750412617,0,0,0,0,0.0467632495873831
316773.411807,2735866.126422,0.905076049111233,0.0148433205057724,0,0,0,0.0800806303829943
317273.411807,2735866.126422,0.932097632593136,0.00458799779776106,0,0,0,0.0633143696091026
317773.411807,2735866.126422,0.919677241885201,0.00348432055749129,0,0,0,0.0768384375573079
318273.411807,2735866.126422,0.709547370350009,0,0,0,0,0.290452629649991
318773.411807,2735866.126422,0.854468709855019,0,0,0,0,0.145531290144981
319273.411807,2735866.126422,0.801577113515496,0,0,0.000366770584999083,0.000550155877498625,0.197505960022006
319773.411807,2735866.126422,0.268645776067436,0.197727689206524,0.0408649441084845,0.0690855781564962,0.0725673446948873,0.351108667766172
320273.411807,2735866.126422,0.180583593319875,0.184437511469994,0.0574417324279684,0.14516425032116,0.0640484492567444,0.368324463204258
320773.411807,2735866.126422,0.0425453878598936,0.304236200256739,0.0949935815147625,0.109114249037227,0.114432422519714,0.334678158811663
321273.411807,2735866.126422,0.0998717243906908,0.207989737951255,0.144218435037566,0.0863111599780099,0.0958402052409749,0.365768737401503
321773.411807,2735866.126422,0.0664342081115801,0.179665993760323,0.147550009175996,0.127729858689668,0.132134336575518,0.346485593686915
322273.411807,2735866.126422,0.0548322024573629,0.121951219512195,0.289198606271777,0.219695580414451,0.0997615991197506,0.214560792224464
322773.411807,2735866.126422,0.0113615539673813,0.221550302363936,0.485065054059007,0.138720908924317,0.0654205607476635,0.0778816199376947
323273.411807,2735866.126422,0.0198201504863278,0.138924573316205,0.427784914663241,0.266837951917783,0.0820334006239677,0.0645990089924757
323773.411807,2735866.126422,0.0441958554923895,0.193471483587016,0.195672107097011,0.322391344214194,0.146158078122135,0.0981111314872547
324273.411807,2735866.126422,0.0229063588052043,0.119846069268829,0.338464357705699,0.304562946673997,0.135055891515485,0.0791643760307861
324773.411807,2735866.126422,0.0214718296935217,0.146448889704533,0.46889337493118,0.270691870067902,0.0609286107542668,0.0315654248485961
325273.411807,2735866.126422,0.0146708233999633,0.0493306436823767,0.225930680359435,0.112231799009719,0.103429304969741,0.494406748578764
325773.411807,2735866.126422,0.021320213202132,0.0725707257072571,0.160516605166052,0.423944239442394,0.165026650266503,0.156621566215662
313273.411807,2735366.126422,0.971716072885504,0.00788686429154202,0.00054392167527876,0.00380745172695132,0.00435137340223008,0.0116943160184933
313773.411807,2735366.126422,0.846336996336996,0.0188644688644689,0.00476190476190476,0.00402930402930403,0.0100732600732601,0.115934065934066
314273.411807,2735366.126422,0.92348623853211,0.00862385321100917,0.00073394495412844,0.00055045871559633,0.00220183486238532,0.0644036697247706
314773.411807,2735366.126422,0.911759310218309,0.00220143093010457,0,0.00330214639515685,0.0091726288754357,0.0735644835809943
315273.411807,2735366.126422,0.973626373626374,0.000183150183150183,0,0,0,0.0261904761904762
315773.411807,2735366.126422,0.955412844036697,0.00110091743119266,0,0,0,0.0434862385321101
316273.411807,2735366.126422,0.975050449458815,0,0,0,0,0.0249495505411851
316773.411807,2735366.126422,0.887728937728938,0.026007326007326,0,0,0,0.0862637362637363
317273.411807,2735366.126422,0.828807339449541,0.00036697247706422,0,0,0,0.170825688073394
317773.411807,2735366.126422,0.953953403045313,0,0,0,0,0.0460465969546872
318273.411807,2735366.126422,0.718498168498168,0.0111721611721612,0.000549450549450549,0.00897435897435897,0.00311355311355311,0.257692307692308
318773.411807,2735366.126422,0.262752293577982,0.177247706422018,0.0467889908256881,0.0702752293577982,0.0656880733944954,0.377247706422018
319273.411807,2735366.126422,0.351862043661713,0.149513850669602,0.00201797835259585,0.0807191341038342,0.078884608328747,0.337002384883508
319773.411807,2735366.126422,0.115934065934066,0.13003663003663,0.0164835164835165,0.16043956043956,0.073992673992674,0.503113553113553
320273.411807,2735366.126422,0.0192660550458716,0.401284403669725,0.0746788990825688,0.233211009174312,0.101100917431193,0.17045871559633
320773.411807,2735366.126422,0.0157769216657494,0.156485048614933,0.512566501559347,0.0730141258484682,0.0570537516052101,0.185103650706292
321273.411807,2735366.126422,0.133150183150183,0.201282051282051,0.173992673992674,0.148717948717949,0.112820512820513,0.23003663003663
321773.411807,2735366.126422,0.06,0.164220183486239,0.215045871559633,0.222752293577982,0.114128440366972,0.223853211009174
322273.411807,2735366.126422,0.0324711062190424,0.401027334434049,0.172812328013209,0.185103650706292,0.107686662997615,0.100898917629793
322773.411807,2735366.126422,0.0613553113553114,0.314468864468864,0.214652014652015,0.195054945054945,0.115384615384615,0.0990842490842491
323273.411807,2735366.126422,0.0721100917431193,0.165321100917431,0.14348623853211,0.330642201834862,0.12954128440367,0.158899082568807
323773.411807,2735366.126422,0.0209135938359934,0.140341221794166,0.337736195193542,0.27536231884058,0.117409649605577,0.108237020730141
324273.411807,2735366.126422,0.0302197802197802,0.144871794871795,0.317582417582418,0.255311355311355,0.104029304029304,0.147985347985348
324773.411807,2735366.126422,0.0385321100917431,0.361284403669725,0.132293577981651,0.153761467889908,0.0926605504587156,0.221467889908257
325273.411807,2735366.126422,0.0366905155017428,0.225830122913227,0.150431113557145,0.210603558980004,0.129884424876169,0.246560264171712
325773.411807,2735366.126422,0.0745901639344262,0.285245901639344,0.0327868852459016,0.10594262295082,0.129508196721311,0.371926229508197
313273.411807,2734866.126422,0.963606735469853,0.0116784356328083,0,0,0.000271591526344378,0.024443237370994
313773.411807,2734866.126422,0.963329666299963,0.00568390172350568,0,0,0,0.030986431976531
314273.411807,2734866.126422,0.857509157509157,0.0652014652014652,0.00164835164835165,0.00183150183150183,0.00347985347985348,0.0703296703296703
314773.411807,2734866.126422,0.716300366300366,0.0131868131868132,0.00128205128205128,0.00402930402930403,0.0144688644688645,0.250732600732601
315273.411807,2734866.126422,0.952511917858452,0.00366703337000367,0,0,0,0.0438210487715438
315773.411807,2734866.126422,0.937728937728938,0,0,0,0,0.0622710622710623
316273.411807,2734866.126422,0.92032967032967,0.0117216117216117,0,0,0,0.0679487179487179
316773.411807,2734866.126422,0.856618995232857,0.0258525852585259,0,0,0,0.117528419508618
317273.411807,2734866.126422,0.966483516483516,0,0,0,0,0.0335164835164835
317773.411807,2734866.126422,0.926373626373626,0.00714285714285714,0,0,0,0.0664835164835165
318273.411807,2734866.126422,0.864503116978364,0.0187018701870187,0.00165016501650165,0.000733406674000733,0.00256692335900257,0.111844517785112
318773.411807,2734866.126422,0.332967032967033,0.175274725274725,0.192124542124542,0.054029304029304,0.0483516483516484,0.197252747252747
319273.411807,2734866.126422,0.0738095238095238,0.241391941391941,0.0675824175824176,0.121978021978022,0.0824175824175824,0.412820512820513
319773.411807,2734866.126422,0.0944261092775944,0.181884855152182,0.0102676934360103,0.320682068206821,0.105060506050605,0.287678767876788
320273.411807,2734866.126422,0.0945054945054945,0.198717948717949,0.030952380952381,0.125641025641026,0.073992673992674,0.476190476190476
320773.411807,2734866.126422,0.0893772893772894,0.304578754578755,0.0793040293040293,0.0836996336996337,0.0683150183150183,0.374725274725275
321273.411807,2734866.126422,0.176567656765677,0.121562156215622,0.0344701136780345,0.132746607994133,0.0957095709570957,0.438943894389439
321773.411807,2734866.126422,0.0421245421245421,0.618315018315018,0.0758241758241758,0.0895604395604396,0.0602564102564103,0.113919413919414
322273.411807,2734866.126422,0.0234432234432234,0.23040293040293,0.409157509157509,0.183516483516484,0.0899267399267399,0.0635531135531135
322773.411807,2734866.126422,0.0122845617895123,0.237623762376238,0.361019435276861,0.202603593692703,0.108177484415108,0.0782911624495783
323273.411807,2734866.126422,0.0375457875457875,0.201098901098901,0.306410256410256,0.228205128205128,0.0923076923076923,0.134432234432234
323773.411807,2734866.126422,0.05,0.296886446886447,0.180952380952381,0.161538461538462,0.0915750915750916,0.219047619047619
324273.411807,2734866.126422,0.0187018701870187,0.260909424275761,0.074990832416575,0.293362669600293,0.152548588192153,0.199486615328199
324773.411807,2734866.126422,0.0470695970695971,0.374542124542125,0.028021978021978,0.17032967032967,0.115567765567766,0.264468864468864
325273.411807,2734866.126422,0.0565934065934066,0.208608058608059,0.0153846153846154,0.334615384615385,0.135531135531136,0.249267399267399
325773.411807,2734866.126422,0.0362853628536285,0.221812218122181,0.041410414104141,0.310578105781058,0.117876178761788,0.272037720377204
313273.411807,2734366.126422,0.9069640914037,0.00326441784548422,0,0,0,0.0897714907508161
313773.411807,2734366.126422,0.935129191863661,0.0188748396554884,0,0,0,0.0459959684808503
314273.411807,2734366.126422,0.980363369425583,0.00293631859056708,0,0,0,0.0167003119838502
314773.411807,2734366.126422,0.4801026957638,0.0397946084724005,0.000366770584999083,0.0432789290298918,0.0753713552173116,0.361085640931597
315273.411807,2734366.126422,0.721458676928715,0.130841121495327,0.000916254352208173,0.0403151914971596,0.0137438152831226,0.0927249404434671
315773.411807,2734366.126422,0.844742154523766,0.0165167920719398,0,0.00201871903101487,0.00367039823820885,0.133051936135071
316273.411807,2734366.126422,0.918393544837704,0.000550155877498625,0,0,0,0.0810562992847974
316773.411807,2734366.126422,0.929448414879971,0,0,0,0,0.0705515851200293
317273.411807,2734366.126422,0.658652963846577,0.0315654248485961,0.000367039823820885,0.00587263718113415,0.0119287942741787,0.291613140025693
317773.411807,2734366.126422,0.80396112231799,0.0159545204474601,0,0.00293416467999266,0.00348432055749129,0.173665871997066
318273.411807,2734366.126422,0.67821147150449,0.0126443100604728,0,0.0053142752428074,0.0122778083195895,0.291552134872641
318773.411807,2734366.126422,0.4481556248853,0.0343182235272527,0.111580106441549,0.0108276748027161,0.0121123141860892,0.383006056157093
319273.411807,2734366.126422,0.0779387493123052,0.216394645149459,0.0232899321474418,0.107280396112232,0.0696864111498258,0.505409866128737
319773.411807,2734366.126422,0.126443100604728,0.0903426791277259,0.0650540590067803,0.288436870075133,0.0524097489463075,0.377313542239326
320273.411807,2734366.126422,0.118003303358414,0.240961644338411,0.0326665443200587,0.255826757203157,0.111213066617728,0.241328684162232
320773.411807,2734366.126422,0.024390243902439,0.191087474784522,0.323124885384192,0.29598386209426,0.088391710984779,0.0770218228498075
321273.411807,2734366.126422,0.0703683342495877,0.343778632948507,0.0980392156862745,0.225032068902327,0.102437236576874,0.16034451163643
321773.411807,2734366.126422,0.0304643053771334,0.296935217471096,0.346302073775005,0.136355294549459,0.076344283354744,0.113598825472564
322273.411807,2734366.126422,0.0278745644599303,0.158811663304603,0.42802127269393,0.16798092792958,0.0869246286447827,0.130386942967174
322773.411807,2734366.126422,0.0434304562946674,0.34304562946674,0.158512002932014,0.229613340663368,0.108484515301448,0.116914055341763
323273.411807,2734366.126422,0.0434942191227748,0.315103688750229,0.295650578087722,0.194347586713158,0.0644154890805652,0.0869884382455496
323773.411807,2734366.126422,0.0157711351549606,0.234549789106914,0.380707867229048,0.218778653951953,0.0632679259123418,0.0869246286447827
324273.411807,2734366.126422,0.0384826827927433,0.298149166208539,0.125893347993403,0.211105002748763,0.091258933479934,0.235110866776617
324773.411807,2734366.126422,0.0359699027344467,0.129014498073041,0.0247751881079097,0.255092677555515,0.112497706001101,0.442650027527987
325273.411807,2734366.126422,0.00733541169998166,0.00568494406748579,0.279479185769301,0.122684760682193,0.0247570144874381,0.5600586832936
325773.411807,2734366.126422,0.002460024600246,0.158671586715867,0.469659696596966,0.213817138171382,0.034030340303403,0.121361213612136
313273.411807,2733866.126422,0.975251563774816,0.00734294261626326,0,0,0,0.0174054936089203
313773.411807,2733866.126422,0.97032967032967,0.0135531135531136,0,0,0,0.0161172161172161
314273.411807,2733866.126422,0.960550458715596,0.0172477064220183,0,0,0,0.0222018348623853
314773.411807,2733866.126422,0.795450376077784,0.0654925701706109,0,0.00458631443771785,0.0194459732159237,0.115024766097964
315273.411807,2733866.126422,0.36007326007326,0.0450549450549451,0,0.0347985347985348,0.0692307692307692,0.490842490842491
315773.411807,2733866.126422,0.246422018348624,0.0401834862385321,0,0.0444036697247706,0.0689908256880734,0.6
316273.411807,2733866.126422,0.308934140524674,0.0203632361034673,0,0.0590717299578059,0.0779673454412034,0.533663547972849
316773.411807,2733866.126422,0.807142857142857,0.0377289377289377,0,0.00421245421245421,0.00494505494505494,0.145970695970696
317273.411807,2733866.126422,0.150275229357798,0.108623853211009,0.044954128440367,0.349174311926606,0.117247706422018,0.229724770642202
317773.411807,2733866.126422,0.155017427994863,0.0258668134287287,0.0091726288754357,0.107136305265089,0.0443955237571088,0.658411300678775
318273.411807,2733866.126422,0.232051282051282,0.0578754578754579,0.00366300366300366,0.12967032967033,0.0723443223443224,0.504395604395604
318773.411807,2733866.126422,0.421100917431193,0.10605504587156,0.021651376146789,0.0862385321100917,0.024954128440367,0.34
319273.411807,2733866.126422,0.0708126949183636,0.283250779673454,0.0684278114107503,0.282883874518437,0.062190423775454,0.232434415703541
319773.411807,2733866.126422,0.0573260073260073,0.246153846153846,0.216483516483516,0.291941391941392,0.093040293040293,0.0950549450549451
320273.411807,2733866.126422,0.0207339449541284,0.172477064220183,0.326238532110092,0.225321100917431,0.0779816513761468,0.177247706422018
320773.411807,2733866.126422,0.0236653824986241,0.230966795083471,0.353696569436801,0.209135938359934,0.104751421757476,0.0777838928636947
321273.411807,2733866.126422,0.0331501831501832,0.358974358974359,0.15952380952381,0.158608058608059,0.0886446886446886,0.201098901098901
321773.411807,2733866.126422,0.0300917431192661,0.40256880733945,0.0737614678899083,0.154495412844037,0.117247706422018,0.221834862385321
322273.411807,2733866.126422,0.0348559897266557,0.37369290038525,0.105852137222528,0.206384149697303,0.104751421757476,0.174463401210787
322773.411807,2733866.126422,0.0353479853479853,0.3003663003663,0.135714285714286,0.278205128205128,0.10989010989011,0.14047619047619
323273.411807,2733866.126422,0.0255045871559633,0.239082568807339,0.203669724770642,0.199082568807339,0.0976146788990826,0.235045871559633
323773.411807,2733866.126422,0.0258668134287287,0.113190240322877,0.225830122913227,0.356998715831957,0.132452760961291,0.145661346541919
324273.411807,2733866.126422,0.0163003663003663,0.0965201465201465,0.382051282051282,0.253113553113553,0.0923076923076923,0.15970695970696
324773.411807,2733866.126422,0,0.00477064220183486,0.651376146788991,0.239816513761468,0.0444036697247706,0.0596330275229358
325273.411807,2733866.126422,0.0152265639332233,0.221794166208035,0.186571271326362,0.212254632177582,0.0728306732709595,0.291322693083838
325773.411807,2733866.126422,0.0467213114754098,0.139549180327869,0.0948770491803279,0.380532786885246,0.105122950819672,0.233196721311475
313273.411807,2733366.126422,0.971754481260185,0.00325909831613254,0,0,0,0.0249864204236828
313773.411807,2733366.126422,0.967546754675468,0.00513384671800513,0,0,0,0.0273193986065273
314273.411807,2733366.126422,0.543040293040293,0.0635531135531135,0,0.0521978021978022,0.0531135531135531,0.288095238095238
314773.411807,2733366.126422,0.807692307692308,0.015018315018315,0,0.00128205128205128,0.00146520146520147,0.174542124542125
315273.411807,2733366.126422,0.44994499449945,0.0403373670700403,0,0.0207187385405207,0.015034836817015,0.473964063072974
315773.411807,2733366.126422,0.721978021978022,0.0366300366300366,0.00128205128205128,0.0194139194139194,0.0232600732600733,0.197435897435897
316273.411807,2733366.126422,0.68003663003663,0.00604395604395604,0,0.00567765567765568,0.00347985347985348,0.304761904761905
316773.411807,2733366.126422,0.293179317931793,0.0108177484415108,0.0357535753575358,0.29024569123579,0.0517051705170517,0.318298496516318
317273.411807,2733366.126422,0,0.00769230769230769,0.216849816849817,0.553479853479854,0.192307692307692,0.0296703296703297
317773.411807,2733366.126422,0,0.00824175824175824,0.0657509157509158,0.602747252747253,0.1496336996337,0.173626373626374
318273.411807,2733366.126422,0,0.00476714338100477,0.16006600660066,0.525669233590026,0.106710671067107,0.202786945361203
318773.411807,2733366.126422,0.00366300366300366,0.0032967032967033,0.0805860805860806,0.718681318681319,0.0879120879120879,0.105860805860806
319273.411807,2733366.126422,0.0122710622710623,0.0445054945054945,0.125274725274725,0.584249084249084,0.0732600732600733,0.16043956043956
319773.411807,2733366.126422,0.0135680234690136,0.0687568756875688,0.110744407774111,0.334250091675834,0.162632929959663,0.31004767143381
320273.411807,2733366.126422,0.0311355311355311,0.0626373626373626,0.154212454212454,0.266300366300366,0.114102564102564,0.371611721611722
320773.411807,2733366.126422,0.0487179487179487,0.0173992673992674,0.11996336996337,0.263003663003663,0.0677655677655678,0.483150183150183
321273.411807,2733366.126422,0,0.0245691235790246,0.365603226989366,0.338833883388339,0.0792079207920792,0.191785845251192
321773.411807,2733366.126422,0,0.026007326007326,0.328937728937729,0.388827838827839,0.0923076923076923,0.163919413919414
322273.411807,2733366.126422,0.0186813186813187,0.0582417582417582,0.297985347985348,0.477472527472527,0.0908424908424908,0.0567765567765568
322773.411807,2733366.126422,0.00256692335900257,0.0766409974330766,0.195819581958196,0.473964063072974,0.134396773010634,0.116611661166117
323273.411807,2733366.126422,0.00641025641025641,0.134981684981685,0.312637362637363,0.388278388278388,0.0820512820512821,0.0756410256410256
323773.411807,2733366.126422,0,0.0208791208791209,0.57051282051282,0.352564102564103,0.0423076923076923,0.0137362637362637
324273.411807,2733366.126422,0,0.0300696736340301,0.206453978731206,0.462962962962963,0.2004033736707,0.1001100110011
324773.411807,2733366.126422,0.015018315018315,0.237545787545788,0.27014652014652,0.1503663003663,0.0827838827838828,0.244139194139194
325273.411807,2733366.126422,0.0168498168498168,0.151648351648352,0.371611721611722,0.281135531135531,0.0974358974358974,0.0813186813186813
325773.411807,2733366.126422,0.0625256252562526,0.222017220172202,0.168921689216892,0.348708487084871,0.104551045510455,0.0932759327593276
313273.411807,2732866.126422,0.931175190424374,0,0,0,0,0.0688248095756257
313773.411807,2732866.126422,0.849001282756093,0.0328019058090526,0,0,0,0.118196811434854
314273.411807,2732866.126422,0.748027160946963,0.0012846393833731,0,0.000550559735731327,0.00238575885483575,0.247751881079097
314773.411807,2732866.126422,0.625710618008436,0.00696864111498258,0.00385109114249037,0.0555657436273611,0.0265908674124335,0.281313038694297
315273.411807,2732866.126422,0.557449147883452,0.0185083379146051,0.00678028220634048,0.0954737035000916,0.0234561114165292,0.298332417078981
315773.411807,2732866.126422,0.173793356579189,0.0603780510185355,0.109194347586713,0.404110846026794,0.0403743806202973,0.212149018168471
316273.411807,2732866.126422,0.00770218228498074,0.0177883733724555,0.106913625527233,0.539702915826151,0.0583165230148542,0.269576379974326
316773.411807,2732866.126422,0,0.000733003481766538,0.228330584570277,0.730071467839472,0.0392156862745098,0.00164925783397471
317273.411807,2732866.126422,0,0.00367039823820885,0.292897779409066,0.46907689484309,0.193797026977427,0.0405579005322077
317773.411807,2732866.126422,0,0.00641848523748395,0.0618008435723455,0.785072437190537,0.105263157894737,0.0414450761048964
318273.411807,2732866.126422,0,0.271028037383178,0.061205790727506,0.391790361004215,0.15246472420744,0.123511086677662
318773.411807,2732866.126422,0.00550559735731327,0.215085336759038,0.230868049183336,0.30280785465223,0.0888236373646541,0.156909524683428
319273.411807,2732866.126422,0.0607005318173482,0.200623509994498,0.0493306436823767,0.427471116816431,0.0913258756647717,0.170548322024574
319773.411807,2732866.126422,0.0375664284405351,0.226314824995419,0.179219351291919,0.314641744548287,0.0645043063954554,0.177753344328386
320273.411807,2732866.126422,0.125344099834832,0.127362818865847,0.247935400991008,0.21985685446871,0.0489998164800881,0.230501009359516
320773.411807,2732866.126422,0.0416284613973959,0.0861910874747845,0.272510544654319,0.374656152576563,0.12818631945718,0.0968274344397579
321273.411807,2732866.126422,0.0304196444933113,0.026571376214037,0.190214403518417,0.314275242807403,0.125160344511636,0.313358988455195
321773.411807,2732866.126422,0.0187190310148651,0.108093228115251,0.0627638098733713,0.407781244265003,0.204991741603964,0.197650945127546
322273.411807,2732866.126422,0.0181551439574546,0.0286081056299285,0.164863377957088,0.427104346231432,0.119567210709701,0.241701815514396
322773.411807,2732866.126422,0.0141103170240059,0.140736668499175,0.509254168957303,0.172805570826461,0.0371999266996518,0.125893347993403
323273.411807,2732866.126422,0.0291796659937603,0.147182969352175,0.495136722334373,0.166636080014682,0.049366856303909,0.112497706001101
323773.411807,2732866.126422,0.0581331377223547,0.168897854392078,0.163029525032092,0.26389143590684,0.0968274344397579,0.249220612506877
324273.411807,2732866.126422,0.0447132123877588,0.294667399670148,0.134689389774601,0.106102253985706,0.0690855781564962,0.350742166025289
324773.411807,2732866.126422,0.0508350155991925,0.192145347770233,0.22004037438062,0.291613140025693,0.114516425032116,0.130849697192145
325273.411807,2732866.126422,0.0594168347698515,0.167247386759582,0.199523198239501,0.322941500091693,0.12781954887218,0.123051531267192
325773.411807,2732866.126422,0.052480524805248,0.166461664616646,0.15969659696597,0.305453054530545,0.121566215662157,0.194341943419434
313273.411807,2732366.126422,0.899374490073429,0,0,0,0,0.100625509926571
313773.411807,2732366.126422,0.736446886446886,0.0113553113553114,0,0.017032967032967,0.0146520146520147,0.220512820512821
314273.411807,2732366.126422,0.30954128440367,0.0504587155963303,0,0.0475229357798165,0.0478899082568807,0.544587155963303
314773.411807,2732366.126422,0.271509814712897,0.0713630526508897,0.00183452577508714,0.123463584663365,0.0735644835809943,0.458264538616768
315273.411807,2732366.126422,0.00366300366300366,0.0318681318681319,0.0791208791208791,0.716849816849817,0.0637362637362637,0.104761904761905
315773.411807,2732366.126422,0,0.115229357798165,0.135229357798165,0.506238532110092,0.0869724770642202,0.156330275229358
316273.411807,2732366.126422,0,0.00421940928270042,0.00550357732526142,0.572188589249679,0.153916712529811,0.264171711612548
316773.411807,2732366.126422,0.00970695970695971,0.0490842490842491,0.000549450549450549,0.378937728937729,0.16007326007326,0.401648351648352
317273.411807,2732366.126422,0.108073394495413,0.0240366972477064,0.0258715596330275,0.155229357798165,0.0587155963302752,0.628073394495413
317773.411807,2732366.126422,0.232250963126032,0.143826820766832,0.0731975784259769,0.214089157952669,0.0508163639699138,0.285819115758576
318273.411807,2732366.126422,0.279304029304029,0.0677655677655678,0.00274725274725275,0.141758241758242,0.0752747252747253,0.433150183150183
318773.411807,2732366.126422,0.12256880733945,0.182018348623853,0.00275229357798165,0.0407339449541284,0.0521100917431193,0.599816513761468
319273.411807,2732366.126422,0.127316088791048,0.154283617684828,0.00752155567785727,0.0834709227664649,0.0759493670886076,0.551458447991194
319773.411807,2732366.126422,0.0424908424908425,0.40970695970696,0.0419413919413919,0.186630036630037,0.0684981684981685,0.250732600732601
320273.411807,2732366.126422,0.0528440366972477,0.338165137614679,0.038348623853211,0.192110091743119,0.0695412844036697,0.308990825688073
320773.411807,2732366.126422,0.0482480278847918,0.221060355898,0.230966795083471,0.219409282700422,0.067327095945698,0.212988442487617
321273.411807,2732366.126422,0.0507326007326007,0.122710622710623,0.301282051282051,0.242307692307692,0.103296703296703,0.17967032967033
321773.411807,2732366.126422,0.0596330275229358,0.0840366972477064,0.344954128440367,0.200366972477064,0.068256880733945,0.242752293577982
322273.411807,2732366.126422,0.0201797835259585,0.187855439368923,0.385066960190791,0.254999082737112,0.0871399743166392,0.064758759860576
322773.411807,2732366.126422,0.047985347985348,0.117216117216117,0.446336996336996,0.192857142857143,0.10018315018315,0.0954212454212454
323273.411807,2732366.126422,0.0297247706422018,0.222935779816514,0.436697247706422,0.138715596330275,0.0719266055045872,0.1
323773.411807,2732366.126422,0.0117409649605577,0.168226013575491,0.547605943863511,0.133553476426344,0.0796184186387819,0.0592551825353146
324273.411807,2732366.126422,0.0641025641025641,0.117216117216117,0.155860805860806,0.291025641025641,0.173076923076923,0.198717948717949
324773.411807,2732366.126422,0.028256880733945,0.205321100917431,0.304403669724771,0.283119266055046,0.119816513761468,0.0590825688073394
325273.411807,2732366.126422,0.0346725371491469,0.138139790864062,0.257934323977252,0.160337552742616,0.0882406897816914,0.320675105485232
325773.411807,2732366.126422,0.0721311475409836,0.235860655737705,0.118647540983607,0.145901639344262,0.092827868852459,0.334631147540984
313273.411807,2731866.126422,0.874253123302553,0.00162954915806627,0.000543183052688756,0.00325909831613254,0.00896252036936448,0.111352525801195
313773.411807,2731866.126422,0.665749908324166,0.0115511551155116,0,0.0121012101210121,0.0139347268060139,0.296662999633297
314273.411807,2731866.126422,0.12014652014652,0.0765567765567766,0,0.11043956043956,0.0556776556776557,0.637179487179487
314773.411807,2731866.126422,0.00164835164835165,0.00256410256410256,0.0304029304029304,0.673260073260073,0.03003663003663,0.262087912087912
315273.411807,2731866.126422,0,0.00403373670700403,0.0313531353135314,0.644664466446645,0.121928859552622,0.198019801980198
