"x","y","forest","agri","water","built","other","grass"
183773.411807,2654866.126422,0,0.0453294182418792,0.825289043861259,0.118920902917967,0.000917599559552211,0.009543035419343
184273.411807,2654866.126422,0.00128369704749679,0.1201173665872,0.700898587933248,0.130570328259674,0.0141206675224647,0.0330093526499175
184773.411807,2654866.126422,0.0126443100604728,0.171706065603812,0.57284222100055,0.106102253985706,0.0172255818215137,0.119479567527946
185273.411807,2654866.126422,0.031932464672417,0.207010460634979,0.0787300422095797,0.146265369792623,0.121857221508534,0.414204441181868
185773.411807,2654866.126422,0.10801393728223,0.262057582981845,0,0.112598569594719,0.0949935815147625,0.422336328626444
186273.411807,2654866.126422,0.0615979381443299,0.330927835051546,0,0.0896907216494845,0.108505154639175,0.409278350515464
183773.411807,2654366.126422,0.00146788990825688,0.0744954128440367,0.727706422018349,0.16256880733945,0.0190825688073394,0.0146788990825688
184273.411807,2654366.126422,0.00146762062006971,0.142909557879288,0.652724270776004,0.0810860392588516,0.0207301412584847,0.101082370207301
184773.411807,2654366.126422,0.00805860805860806,0.17032967032967,0.327472527472527,0.254395604395604,0.0653846153846154,0.174358974358974
185273.411807,2654366.126422,0.000917431192660551,0.0904587155963303,0.265137614678899,0.0913761467889908,0.0572477064220183,0.494862385321101
185773.411807,2654366.126422,0.0645753072830673,0.257017061089708,0.0484314804623005,0.0642084021280499,0.101082370207301,0.464685378829573
186273.411807,2654366.126422,0.0188047398248326,0.439979392065945,0.0265327150953117,0.0852653271509531,0.071870170015456,0.357547655847501
182273.411807,2653866.126422,0.0032967032967033,0.222161172161172,0.480586080586081,0.141758241758242,0.00970695970695971,0.142490842490842
182773.411807,2653866.126422,0,0.226007326007326,0.531135531135531,0.174542124542125,0.00183150183150183,0.0664835164835165
183273.411807,2653866.126422,0.00458379171250458,0.201320132013201,0.43014301430143,0.247708104143748,0.0102676934360103,0.105977264393106
183773.411807,2653866.126422,0.0010989010989011,0.125824175824176,0.674358974358974,0.155677655677656,0.0271062271062271,0.0159340659340659
184273.411807,2653866.126422,0.00531135531135531,0.133516483516484,0.627106227106227,0.0840659340659341,0.0287545787545788,0.121245421245421
184773.411807,2653866.126422,0.0212687935460213,0.195086175284195,0.0507884121745508,0.197469746974697,0.0894756142280895,0.445911257792446
185273.411807,2653866.126422,0.013003663003663,0.228754578754579,0.280952380952381,0.11978021978022,0.0399267399267399,0.317582417582418
185773.411807,2653866.126422,0.0413919413919414,0.276190476190476,0.14047619047619,0.120695970695971,0.0714285714285714,0.34981684981685
186273.411807,2653866.126422,0.0180412371134021,0.367525773195876,0.0997422680412371,0.0798969072164948,0.0847938144329897,0.35
181773.411807,2653366.126422,0.0131940626717977,0.113798790544255,0.573758475352758,0.156312992486714,0.0053142752428074,0.137621403701668
182273.411807,2653366.126422,0.00256927876674619,0.224811892090292,0.627821618645623,0.111029546705818,0.00458799779776106,0.0291796659937603
182773.411807,2653366.126422,0.00165046763249587,0.176783421969558,0.742160278745645,0.0674857876398313,0.00128369704749679,0.0106363469649734
183273.411807,2653366.126422,0,0.249587685541506,0.612790910756826,0.0853949056258017,0.0133773135422393,0.0388491845336265
183773.411807,2653366.126422,0.00935951550743256,0.120572582125161,0.687832629840338,0.108827307762892,0.0163332721600294,0.0570746926041475
184273.411807,2653366.126422,0.0137538969374656,0.293233082706767,0.185769301302036,0.120300751879699,0.072803961122318,0.314139006051715
184773.411807,2653366.126422,0.0234561114165292,0.217335532343779,0.338097855964816,0.0989554700384827,0.0348176653839106,0.287337364852483
185273.411807,2653366.126422,0.026977427050835,0.347219673334557,0.0682694072306845,0.194531106625069,0.11616810423931,0.246834281519545
185773.411807,2653366.126422,0.0249403997799376,0.313772235466716,0.0324591967724189,0.194938565927013,0.0887584815697781,0.345131120484137
186273.411807,2653366.126422,0.0564432989690722,0.196907216494845,0.0077319587628866,0.077319587628866,0.106958762886598,0.554639175257732
181773.411807,2652866.126422,0.00604395604395604,0.191391941391941,0.655677655677656,0.036996336996337,0.00128205128205128,0.108608058608059
182273.411807,2652866.126422,0.00348623853211009,0.207522935779817,0.708807339449541,0.0211009174311927,0.00458715596330275,0.0544954128440367
182773.411807,2652866.126422,0.0150431113557145,0.21115391671253,0.499357915978719,0.179966978536048,0.0247660979636764,0.0697119794533113
183273.411807,2652866.126422,0.010989010989011,0.182967032967033,0.21959706959707,0.295421245421245,0.108974358974359,0.182051282051282
183773.411807,2652866.126422,0.0141284403669725,0.23394495412844,0.0996330275229358,0.317614678899083,0.106788990825688,0.227889908256881
184273.411807,2652866.126422,0.0335718216840947,0.248945147679325,0.00330214639515685,0.0607228031553843,0.0511832691249312,0.602274811961108
184773.411807,2652866.126422,0.043040293040293,0.196336996336996,0.125457875457875,0.0543956043956044,0.0489010989010989,0.531868131868132
185273.411807,2652866.126422,0.0398165137614679,0.381284403669725,0,0.0895412844036697,0.108807339449541,0.380550458715596
185773.411807,2652866.126422,0.0350394423041644,0.228765364153366,0,0.109704641350211,0.087873784626674,0.538616767565584
186273.411807,2652866.126422,0.0190623390005152,0.28129829984544,0.0283359093250902,0.1112828438949,0.123132405976301,0.436888201957754
181773.411807,2652366.126422,0.00128346167950128,0.174184085075174,0.691052438577191,0.0951595159515952,0.00715071507150715,0.0311697836450312
182273.411807,2652366.126422,0.00128205128205128,0.176190476190476,0.681868131868132,0.0965201465201465,0.0120879120879121,0.032051282051282
182773.411807,2652366.126422,0.0124542124542125,0.173992673992674,0.377106227106227,0.227655677655678,0.0432234432234432,0.165567765567766
183273.411807,2652366.126422,0.0278694536120279,0.26017601760176,0.0374037403740374,0.156215621562156,0.0579391272460579,0.46039603960396
183773.411807,2652366.126422,0.0510989010989011,0.328754578754579,0,0.118864468864469,0.0945054945054945,0.406776556776557
184273.411807,2652366.126422,0.0529304029304029,0.228388278388278,0,0.0743589743589744,0.0774725274725275,0.566849816849817
184773.411807,2652366.126422,0.0506050605060506,0.261642830949762,0.000366703337000367,0.0817748441510818,0.0676567656765677,0.537953795379538
185273.411807,2652366.126422,0.0263736263736264,0.43974358974359,0,0.0554945054945055,0.0985347985347985,0.37985347985348
185773.411807,2652366.126422,0.0210622710622711,0.367216117216117,0,0.0172161172161172,0.0970695970695971,0.497435897435897
186273.411807,2652366.126422,0.0719072164948454,0.275515463917526,0,0.022680412371134,0.0579896907216495,0.571907216494845
181273.411807,2651866.126422,0.0196222262974509,0.19585549238951,0.460663854758848,0.232349165596919,0.0209059233449477,0.0706033376123235
181773.411807,2651866.126422,0.0670698185816383,0.211288253619205,0.3340663368151,0.119113065787062,0.0470954737035001,0.221367051493495
182273.411807,2651866.126422,0.00605615709304459,0.176546155257845,0.492567443567627,0.138924573316205,0.0334006239677005,0.152505046797578
182773.411807,2651866.126422,0.0748211993398129,0.192554557124519,0.238034109664405,0.114982578397213,0.0511644966073721,0.328443058866679
183273.411807,2651866.126422,0.0938244456661169,0.187832142202675,0,0.175371083012644,0.10756826094924,0.435404068169324
183773.411807,2651866.126422,0.0585428518994311,0.189209029179666,0,0.164250321159846,0.10772618829143,0.480271609469627
184273.411807,2651866.126422,0.04401247019989,0.301485420869246,0,0.0929763432972676,0.0715202640748212,0.490005501558775
184773.411807,2651866.126422,0.0566245189664651,0.282389591350559,0,0.0425142019424592,0.0540590067802822,0.564412680960235
185273.411807,2651866.126422,0.187557349972472,0.118370343182235,0,0.180767113231786,0.162965681776473,0.350339511837034
185773.411807,2651866.126422,0.00861910874747845,0.353016688061617,0.000733541169998166,0.0126535851824684,0.0913258756647717,0.533651201173666
186273.411807,2651866.126422,0.0376288659793814,0.339175257731959,0.00077319587628866,0.134536082474227,0.106958762886598,0.380927835051546
181273.411807,2651366.126422,0.0302696752889378,0.099431297009723,0.640249495505412,0.0704457897633462,0.00348559897266557,0.156118143459916
181773.411807,2651366.126422,0.0481684981684982,0.0937728937728938,0.421062271062271,0.176556776556777,0.0133699633699634,0.247069597069597
182273.411807,2651366.126422,0.0673394495412844,0.0288073394495413,0.0108256880733945,0.1,0.0201834862385321,0.772844036697248
182773.411807,2651366.126422,0.0996147495872317,0.087873784626674,0.019262520638415,0.497339937626124,0.107686662997615,0.188222344523941
183273.411807,2651366.126422,0.0772893772893773,0.120879120879121,0.00769230769230769,0.358974358974359,0.185714285714286,0.249450549450549
183773.411807,2651366.126422,0.0625688073394495,0.334678899082569,0,0.0537614678899083,0.0719266055045872,0.477064220183486
184273.411807,2651366.126422,0.0429279031370391,0.390387084938543,0,0.0777838928636947,0.0680609062557329,0.42084021280499
184773.411807,2651366.126422,0.0393772893772894,0.315018315018315,0,0.0230769230769231,0.0613553113553114,0.561172161172161
185273.411807,2651366.126422,0.0792660550458716,0.219449541284404,0,0.0418348623853211,0.068256880733945,0.591192660550459
185773.411807,2651366.126422,0.0427444505595304,0.303614015776922,0,0.08273711245643,0.130801687763713,0.440102733443405
186273.411807,2651366.126422,0.0690365790829469,0.180319422977846,0,0.210200927357032,0.155074703760948,0.385368366821226
180773.411807,2650866.126422,0.000732600732600733,0.151282051282051,0.71978021978022,0.105311355311355,0.00421245421245421,0.0186813186813187
181273.411807,2650866.126422,0.000183150183150183,0.0734432234432234,0.81959706959707,0.0994505494505494,0.00311355311355311,0.00421245421245421
181773.411807,2650866.126422,0,0.112577924459113,0.812981298129813,0.0621562156215622,0.0088008800880088,0.00348368170150348
182273.411807,2650866.126422,0.00805860805860806,0.128754578754579,0.531318681318681,0.155860805860806,0.056043956043956,0.11996336996337
182773.411807,2650866.126422,0.0483516483516484,0.0666666666666667,0.000549450549450549,0.6503663003663,0.143772893772894,0.0902930402930403
183273.411807,2650866.126422,0.0564723138980565,0.166116611661166,0,0.308030803080308,0.176200953428676,0.293179317931793
183773.411807,2650866.126422,0.0963369963369963,0.256227106227106,0,0.134249084249084,0.0934065934065934,0.41978021978022
184273.411807,2650866.126422,0.0637362637362637,0.285897435897436,0,0.10952380952381,0.0924908424908425,0.448351648351648
184773.411807,2650866.126422,0.096993032636597,0.167583425009168,0,0.083975064173084,0.102493582691602,0.548954895489549
185273.411807,2650866.126422,0.0661172161172161,0.241025641025641,0,0.0554945054945055,0.0934065934065934,0.543956043956044
185773.411807,2650866.126422,0.0426739926739927,0.266483516483516,0,0.120879120879121,0.073992673992674,0.495970695970696
186273.411807,2650866.126422,0.0847938144329897,0.152061855670103,0,0.297938144329897,0.157474226804124,0.307731958762887
180773.411807,2650366.126422,0,0.0994677922554597,0.80069737566526,0.0923105156909525,0.00183519911910442,0.00568911726922371
181273.411807,2650366.126422,0.000733541169998166,0.0709701081973226,0.876398312855309,0.0462130937098845,0.00146708233999633,0.00421786172748946
181773.411807,2650366.126422,0,0.0403151914971596,0.888216969030603,0.0663368150998717,0.00458127176104087,0.000549752611324904
182273.411807,2650366.126422,0.077995962561938,0.231051569095247,0.102771150669848,0.0710222059093412,0.077995962561938,0.439163149201688
182773.411807,2650366.126422,0.0951769668072621,0.208875848156978,0,0.0599669906473501,0.0871080139372822,0.548872180451128
183273.411807,2650366.126422,0.0756826094923951,0.281106835257467,0,0.0668865677111966,0.0599230346344145,0.516400952904526
183773.411807,2650366.126422,0.0693705267021472,0.242796843457515,0,0.117452743622683,0.0877225178931914,0.482657368324463
184273.411807,2650366.126422,0.0880249403997799,0.389877131854025,0,0.00770218228498074,0.0187052998349532,0.495690445626261
184773.411807,2650366.126422,0.109767271394539,0.318490012827561,0,0.00824628916987356,0.0205240974894631,0.542972329118563
185273.411807,2650366.126422,0.0409249403560286,0.433290512020554,0,0.0458799779776106,0.0849697192145348,0.394934850431272
185773.411807,2650366.126422,0.0330093526499175,0.297450944434256,0,0.139372822299652,0.163029525032092,0.367137355584082
186273.411807,2650366.126422,0.0394329896907216,0.483505154639175,0,0.111082474226804,0.0682989690721649,0.297680412371134
180273.411807,2649866.126422,0.00274725274725275,0.0875457875457875,0.760622710622711,0.147619047619048,0.000915750915750916,0.000549450549450549
180773.411807,2649866.126422,0.0192660550458716,0.117247706422018,0.728623853211009,0.0844036697247706,0.00477064220183486,0.0456880733944954
181273.411807,2649866.126422,0.011557512383049,0.101999633094845,0.756374977068428,0.0645753072830673,0.00953953403045313,0.0559530361401578
181773.411807,2649866.126422,0.0326007326007326,0.279120879120879,0.342124542124542,0.0377289377289377,0.0291208791208791,0.279304029304029
182273.411807,2649866.126422,0.0735779816513761,0.255963302752294,0,0.156880733944954,0.154678899082569,0.358899082568807
182773.411807,2649866.126422,0.0396257567418822,0.281416253898367,0.000183452577508714,0.0851219959640433,0.0895248578242524,0.504127682993946
183273.411807,2649866.126422,0.0445054945054945,0.309157509157509,0,0.0873626373626374,0.0644688644688645,0.494505494505495
183773.411807,2649866.126422,0.0420183486238532,0.35394495412844,0.000917431192660551,0.0752293577981651,0.0765137614678899,0.451376146788991
184273.411807,2649866.126422,0.0315538433314988,0.479728490185287,0,0.0227481196110805,0.00862227114290956,0.457347275729224
184773.411807,2649866.126422,0.0782051282051282,0.211538461538462,0,0.0690476190476191,0.104212454212454,0.536996336996337
185273.411807,2649866.126422,0.0418348623853211,0.354495412844037,0,0.0442201834862385,0.0675229357798165,0.491926605504587
185773.411807,2649866.126422,0.0355898000366905,0.32232617868281,0,0.137589433131535,0.148596587782058,0.355898000366905
186273.411807,2649866.126422,0.00437918598660484,0.580886141164348,0,0.0208655332302937,0.0502318392581144,0.343637300360639
179773.411807,2649366.126422,0.000366300366300366,0.0485347985347985,0.521978021978022,0.422710622710623,0.000366300366300366,0.00604395604395604
180273.411807,2649366.126422,0.00055005500550055,0.0718738540520719,0.806380638063806,0.108544187752109,0.0055005500550055,0.00715071507150715
180773.411807,2649366.126422,0.00256410256410256,0.109157509157509,0.791391941391941,0.063003663003663,0.00293040293040293,0.030952380952381
181273.411807,2649366.126422,0.0375457875457875,0.193223443223443,0.637179487179487,0.0382783882783883,0.0141025641025641,0.0796703296703297
181773.411807,2649366.126422,0.0392372570590392,0.325082508250825,0,0.124495782911624,0.0946094609460946,0.416574990832417
182273.411807,2649366.126422,0.013003663003663,0.296153846153846,0.00787545787545788,0.0388278388278388,0.0481684981684982,0.595970695970696
182773.411807,2649366.126422,0.00164835164835165,0.522527472527473,0.0113553113553114,0.00695970695970696,0.00347985347985348,0.454029304029304
183273.411807,2649366.126422,0.0174184085075174,0.438577191052439,0.00128346167950128,0.0348368170150348,0.0482214888155482,0.45966263292996
183773.411807,2649366.126422,0.0371794871794872,0.315384615384615,0.0010989010989011,0.0534798534798535,0.0380952380952381,0.554761904761905
184273.411807,2649366.126422,0.0509157509157509,0.24981684981685,0,0.045970695970696,0.0401098901098901,0.613186813186813
184773.411807,2649366.126422,0.0385038503850385,0.277044371103777,0,0.0799413274660799,0.0845251191785845,0.51998533186652
185273.411807,2649366.126422,0.0503663003663004,0.241391941391941,0,0.195421245421245,0.136080586080586,0.376739926739927
185773.411807,2649366.126422,0.0183150183150183,0.547252747252747,0,0.0501831501831502,0.0657509157509158,0.318498168498168
186273.411807,2649366.126422,0.025,0.486855670103093,0.00927835051546392,0.0319587628865979,0.0685567010309278,0.378350515463918
179773.411807,2648866.126422,0.000183385292499542,0.0693196405648267,0.790757381258023,0.134421419402164,0.00165046763249587,0.00366770584999083
180273.411807,2648866.126422,0.000549752611324904,0.120212571009712,0.826644676562214,0.0472787245739417,0.00146600696353308,0.00384826827927433
180773.411807,2648866.126422,0.00201871903101487,0.111029546705818,0.738300605615709,0.0895577170122958,0.0102771150669848,0.0488162965681776
181273.411807,2648866.126422,0.0113698881349716,0.226664221529433,0.162662754447093,0.061617458279846,0.0586832935998533,0.479002384008803
181773.411807,2648866.126422,0.0373831775700935,0.135972145867693,0,0.331684075499359,0.172072567344695,0.32288803371816
182273.411807,2648866.126422,0.0211047898697009,0.413103321710406,0,0.0119287942741787,0.0200036703982382,0.533859423747477
182773.411807,2648866.126422,0.00953603520997616,0.529616724738676,0.0198056115899505,0.00623509994498441,0.0097194205024757,0.425087108013937
183273.411807,2648866.126422,0.0258383727322705,0.328019058090526,0.024555616639179,0.154480483782298,0.0676195711929632,0.399486897562763
183773.411807,2648866.126422,0.012846393833731,0.374013580473481,0.0425766195632226,0.138557533492384,0.0682694072306845,0.363736465406497
184273.411807,2648866.126422,0.0104529616724739,0.396295617091509,0,0.0515312671923712,0.079589216944801,0.462130937098845
184773.411807,2648866.126422,0.0765988638446033,0.393256367967748,0,0.0919919369617006,0.0872274143302181,0.35092541689573
185273.411807,2648866.126422,0.030280785465223,0.352358230868049,0,0.101302991374564,0.155257845476234,0.36080014681593
185773.411807,2648866.126422,0.0295250320924262,0.328259673574179,0,0.0794058316523015,0.12396845772969,0.438841004951403
186273.411807,2648866.126422,0.0157216494845361,0.495618556701031,0,0.0283505154639175,0.0484536082474227,0.411855670103093
179273.411807,2648366.126422,0.00752293577981651,0.0930275229357798,0.595963302752294,0.251559633027523,0.00311926605504587,0.0488073394495413
179773.411807,2648366.126422,0,0.209135938359934,0.654008438818565,0.0623738763529628,0.00366905155017428,0.0708126949183636
180273.411807,2648366.126422,0.00989010989010989,0.144139194139194,0.591208791208791,0.0778388278388278,0.00238095238095238,0.174542124542125
180773.411807,2648366.126422,0.00220183486238532,0.176880733944954,0.504770642201835,0.104587155963303,0.018348623853211,0.193211009174312
181273.411807,2648366.126422,0.0385250412768299,0.245826453861677,0,0.115391671252981,0.101999633094845,0.498257200513667
181773.411807,2648366.126422,0.0382783882783883,0.270879120879121,0,0.217216117216117,0.126556776556777,0.347069597069597
182273.411807,2648366.126422,0.0102752293577982,0.632477064220183,0,0.00513761467889908,0.0223853211009174,0.329724770642202
182773.411807,2648366.126422,0.00770500825536599,0.461933590166942,0,0.00825536598789213,0.014125848468171,0.507980187121629
183273.411807,2648366.126422,0.00695970695970696,0.375274725274725,0.00970695970695971,0.0353479853479853,0.0302197802197802,0.542490842490842
183773.411807,2648366.126422,0.0130275229357798,0.384403669724771,0.0194495412844037,0.0269724770642202,0.0111926605504587,0.544954128440367
184273.411807,2648366.126422,0.0249495505411851,0.485965877820583,0,0.00201797835259585,0.0289855072463768,0.458081086039259
184773.411807,2648366.126422,0.0637362637362637,0.338644688644689,0,0.00879120879120879,0.0695970695970696,0.519230769230769
185273.411807,2648366.126422,0.0177981651376147,0.462752293577982,0.00018348623853211,0.088256880733945,0.0695412844036697,0.361467889908257
185773.411807,2648366.126422,0.0755824619335902,0.306549257017061,0,0.201614382682077,0.135021097046413,0.281232801320859
186273.411807,2648366.126422,0.0450798557444616,0.371200412158681,0,0.0144255538382277,0.0703245749613601,0.498969603297269
180773.411807,2647866.126422,0.00274725274725275,0.111538461538462,0.0712454212454212,0.0965201465201465,0.0816849816849817,0.636263736263736
181273.411807,2647866.126422,0.0763736263736264,0.244139194139194,0.0364468864468864,0.144871794871795,0.0749084249084249,0.423260073260073
181773.411807,2647866.126422,0.0115511551155116,0.52970297029703,0,0.0359369270260359,0.0458379171250458,0.376971030436377
182273.411807,2647866.126422,0.0307692307692308,0.489010989010989,0,0.0194139194139194,0.0274725274725275,0.433333333333333
182773.411807,2647866.126422,0.00567765567765568,0.432783882783883,0,0.00384615384615385,0.00366300366300366,0.554029304029304
183273.411807,2647866.126422,0.0210854418775211,0.491199119911991,0,0.0251191785845251,0.0636230289695636,0.398973230656399
183773.411807,2647866.126422,0.0404761904761905,0.402564102564103,0,0.159157509157509,0.0683150183150183,0.329487179487179
184273.411807,2647866.126422,0.0347985347985348,0.406410256410256,0,0.0659340659340659,0.0871794871794872,0.405677655677656
184773.411807,2647866.126422,0.0207187385405207,0.585441877521085,0,0.0295196186285295,0.0621562156215622,0.302163549688302
185273.411807,2647866.126422,0.0210622710622711,0.462454212454212,0,0.00311355311355311,0.0397435897435897,0.473626373626374
185773.411807,2647866.126422,0.0159340659340659,0.304395604395604,0,0.0494505494505494,0.121428571428571,0.508791208791209
186273.411807,2647866.126422,0.0345360824742268,0.417783505154639,0,0.0219072164948454,0.0961340206185567,0.429639175257732
180273.411807,2647366.126422,0.161993769470405,0.0575407733186733,0.061205790727506,0.231445849367785,0.091258933479934,0.396554883635697
180773.411807,2647366.126422,0.0240411084602679,0.213066617728023,0,0.169572398605249,0.128096898513489,0.465222976692971
181273.411807,2647366.126422,0.0775719787273061,0.176233266092059,0.0324591967724189,0.0319090408949202,0.0258573262424354,0.65596919127086
181773.411807,2647366.126422,0.00714678394722375,0.530328019058091,0.000183250870441635,0.0252886201209456,0.0183250870441635,0.418728238959135
182273.411807,2647366.126422,0.0222059093411635,0.492567443567627,0,0.0271609469627455,0.0732244448522665,0.384841255276197
182773.411807,2647366.126422,0.0210893086374473,0.600220062350999,0,0.00201723821749496,0.0386942967174033,0.337979094076655
183273.411807,2647366.126422,0.0392156862745098,0.403518416712479,0,0.00311526479750779,0.0500274876305662,0.504123144584937
183773.411807,2647366.126422,0.0141310332171041,0.486327766562672,0.00110111947146265,0.0425766195632226,0.0387227014131033,0.417140759772435
184273.411807,2647366.126422,0.0462130937098845,0.63194571795342,0,0.00421786172748946,0.0353933614524115,0.282229965156794
184773.411807,2647366.126422,0.0267546270844787,0.460326186549386,0,0.100421477002016,0.0958402052409749,0.316657504123145
185273.411807,2647366.126422,0.0552394934850431,0.491466324096164,0,0.00275279867865663,0.0267939071389246,0.423747476601211
185773.411807,2647366.126422,0.0342930496974143,0.423069869796442,0,0.0203557674674491,0.0394278378874014,0.482853475151293
186273.411807,2647366.126422,0.0306701030927835,0.421907216494845,0,0.0342783505154639,0.0943298969072165,0.418814432989691
180273.411807,2646866.126422,0.0529304029304029,0.054029304029304,0.043956043956044,0.496703296703297,0.168681318681319,0.183699633699634
180773.411807,2646866.126422,0.0671559633027523,0.120917431192661,0,0.308807339449541,0.163119266055046,0.34
181273.411807,2646866.126422,0.002568336085122,0.587415153182902,0.0104567969179967,0.0143093010456797,0.0232984773436067,0.361951935424693
181773.411807,2646866.126422,0.0351648351648352,0.354761904761905,0.00714285714285714,0.118864468864469,0.0617216117216117,0.422344322344322
182273.411807,2646866.126422,0.051743119266055,0.246238532110092,0.00623853211009174,0.0605504587155963,0.0737614678899083,0.561467889908257
182773.411807,2646866.126422,0.0706292423408549,0.348376444689048,0.00532012474775271,0.14547789396441,0.072463768115942,0.357732526141992
183273.411807,2646866.126422,0.0648351648351648,0.310622710622711,0,0.134798534798535,0.093956043956044,0.395787545787546
183773.411807,2646866.126422,0.113394495412844,0.179082568807339,0.00018348623853211,0.301467889908257,0.0911926605504587,0.314678899082569
184273.411807,2646866.126422,0.113924050632911,0.0332049165290772,0.00146762062006971,0.637864611997799,0.0719134103834159,0.141625389836727
184773.411807,2646866.126422,0.0494505494505494,0.569047619047619,0.0137362637362637,0.0454212454212454,0.0457875457875458,0.276556776556777
185273.411807,2646866.126422,0.028256880733945,0.539266055045872,0,0.00165137614678899,0.0339449541284404,0.396880733944954
185773.411807,2646866.126422,0.0396257567418822,0.492570170610897,0,0.000550357732526142,0.0288020546688681,0.438451660245826
186273.411807,2646866.126422,0.0193199381761978,0.836682122617208,0,0,0.000515198351365276,0.143482740855229
180273.411807,2646366.126422,0.0267693436010268,0.21965529886322,0,0.103410341034103,0.0924092409240924,0.557755775577558
180773.411807,2646366.126422,0.0223443223443223,0.301465201465201,0,0.0956043956043956,0.0992673992673993,0.481318681318681
181273.411807,2646366.126422,0.00659340659340659,0.293772893772894,0,0.269230769230769,0.0545787545787546,0.375824175824176
181773.411807,2646366.126422,0.0229189585625229,0.328749541620829,0,0.0748074807480748,0.0781078107810781,0.495416208287495
182273.411807,2646366.126422,0.13992673992674,0.278205128205128,0,0.113736263736264,0.0712454212454212,0.396886446886447
182773.411807,2646366.126422,0.0115384615384615,0.40018315018315,0,0.0443223443223443,0.0663003663003663,0.477655677655678
183273.411807,2646366.126422,0.0608727539420609,0.227172717271727,0,0.265493215988265,0.208837550421709,0.237623762376238
183773.411807,2646366.126422,0.032051282051282,0.0811355311355311,0,0.72032967032967,0.08003663003663,0.0864468864468864
184273.411807,2646366.126422,0.0247252747252747,0.172527472527473,0.00256410256410256,0.624175824175824,0.0639194139194139,0.112087912087912
184773.411807,2646366.126422,0.0397873120645398,0.521818848551522,0,0.0638063806380638,0.083975064173084,0.290612394572791
185273.411807,2646366.126422,0.0778388278388278,0.542124542124542,0,0.00732600732600733,0.0208791208791209,0.351831501831502
185773.411807,2646366.126422,0.0490842490842491,0.409340659340659,0,0.00714285714285714,0.0578754578754579,0.476556776556777
186273.411807,2646366.126422,0.0337628865979381,0.707474226804124,0,0.00438144329896907,0.00515463917525773,0.249226804123711
179773.411807,2645866.126422,0.0066018705299835,0.175499724922061,0.148358701632129,0.0951769668072621,0.0605171465248487,0.513845589583715
180273.411807,2645866.126422,0.0196078431372549,0.394539124060839,0.000733003481766538,0.0142935678944475,0.0373831775700935,0.533443283855598
180773.411807,2645866.126422,0.0198201504863278,0.648559368691503,0.00275279867865663,0.0471646173609837,0.0545054138374014,0.227197650945128
181273.411807,2645866.126422,0.00366770584999083,0.664955070603338,0.0185219145424537,0.013203741059967,0.013203741059967,0.286447826884284
181773.411807,2645866.126422,0.0181418361737218,0.548103353490929,0,0.0690855781564962,0.0753161077515118,0.289353124427341
182273.411807,2645866.126422,0.0122958340979996,0.394751330519361,0,0.0776289227381171,0.0401908607083869,0.475133051936135
182773.411807,2645866.126422,0.00311754997249221,0.606455162295984,0,0.0075187969924812,0.0218228498074454,0.361085640931597
183273.411807,2645866.126422,0.0300531427524281,0.353857430822796,0,0.306578706248855,0.16144401685908,0.148066703316841
183773.411807,2645866.126422,0.022389429253074,0.0255092677555515,0,0.828775922187557,0.111029546705818,0.0122958340979996
184273.411807,2645866.126422,0.0366770584999083,0.287731523931781,0.00458463231248854,0.298918026774253,0.0698697964423253,0.302218962039244
184773.411807,2645866.126422,0.0375664284405351,0.35990470954737,0,0.0765988638446033,0.119113065787062,0.406816932380429
185273.411807,2645866.126422,0.0508350155991925,0.555331253440998,0,0.0515690952468343,0.0495503762158194,0.292714259497155
185773.411807,2645866.126422,0.0320924261874198,0.526865945351183,0,0.0926095727122685,0.081606455162296,0.266825600586833
186273.411807,2645866.126422,0.0755154639175258,0.412628865979381,0,0.0293814432989691,0.0935567010309278,0.388917525773196
179773.411807,2645366.126422,0.0524674371674922,0.202164740414603,0.0146762062006971,0.062190423775454,0.0427444505595304,0.625756741882223
180273.411807,2645366.126422,0.00934065934065934,0.393406593406593,0.0232600732600733,0.0371794871794872,0.0344322344322344,0.502380952380952
180773.411807,2645366.126422,0.127706422018349,0.361467889908257,0,0.0102752293577982,0.0708256880733945,0.429724770642202
181273.411807,2645366.126422,0.00862227114290956,0.528343423225096,0,0.00843881856540084,0.0359567051917079,0.418638781874885
181773.411807,2645366.126422,0.0441391941391941,0.280586080586081,0,0.144139194139194,0.173809523809524,0.357326007326007
182273.411807,2645366.126422,0.00954128440366972,0.541834862385321,0,0.00220183486238532,0.0194495412844037,0.42697247706422
182773.411807,2645366.126422,0.0293524124013942,0.641717116125482,0,0.0122913226930838,0.0421940928270042,0.274445055953036
183273.411807,2645366.126422,0.0448717948717949,0.395238095238095,0.0351648351648352,0.282417582417582,0.124542124542125,0.117765567765568
183773.411807,2645366.126422,0.0897247706422018,0.0528440366972477,0,0.690275229357798,0.083302752293578,0.0838532110091743
184273.411807,2645366.126422,0.0493487433498441,0.449091909741332,0.00366905155017428,0.072463768115942,0.0548523206751055,0.370574206567602
184773.411807,2645366.126422,0.0468864468864469,0.396336996336996,0.0197802197802198,0.136996336996337,0.118681318681319,0.281318681318681
185273.411807,2645366.126422,0.00073394495412844,0.662018348623853,0.0111926605504587,0.0223853211009174,0.0845871559633028,0.219082568807339
185773.411807,2645366.126422,0.020546688680976,0.628141625389837,0,0.00935608145294441,0.0319207484865162,0.310034855989727
186273.411807,2645366.126422,0.00618238021638331,0.532972694487378,0,0.00231839258114374,0.0401854714064915,0.418341061308604
179273.411807,2644866.126422,0.00384615384615385,0.0976190476190476,0.362454212454212,0.130952380952381,0.0470695970695971,0.358058608058608
179773.411807,2644866.126422,0.0510989010989011,0.324908424908425,0.0210622710622711,0.145787545787546,0.093040293040293,0.364102564102564
180273.411807,2644866.126422,0.00495049504950495,0.637513751375138,0.00165016501650165,0.0388705537220389,0.0372203887055372,0.27979464613128
180773.411807,2644866.126422,0.0234432234432234,0.565384615384615,0.0692307692307692,0.0791208791208791,0.0377289377289377,0.225091575091575
181273.411807,2644866.126422,0.0445054945054945,0.444322344322344,0.0181318681318681,0.167948717948718,0.113003663003663,0.212087912087912
181773.411807,2644866.126422,0.0275027502750275,0.494316098276494,0.00293362669600293,0.133663366336634,0.0909424275760909,0.250641730839751
182273.411807,2644866.126422,0.00824175824175824,0.554761904761905,0,0.0241758241758242,0.0287545787545788,0.384065934065934
182773.411807,2644866.126422,0.0269230769230769,0.656410256410256,0,0.0767399267399267,0.0701465201465201,0.16978021978022
183273.411807,2644866.126422,0.0341034103410341,0.415108177484415,0,0.301796846351302,0.0449211587825449,0.204070407040704
183773.411807,2644866.126422,0.0835164835164835,0.296153846153846,0,0.193589743589744,0.124725274725275,0.302014652014652
184273.411807,2644866.126422,0.0591575091575092,0.334065934065934,0.0346153846153846,0.0373626373626374,0.0536630036630037,0.481135531135531
184773.411807,2644866.126422,0.033003300330033,0.571690502383572,0.0135680234690136,0.0355702236890356,0.0236523652365237,0.322515584891823
185273.411807,2644866.126422,0.0326007326007326,0.497069597069597,0,0.0741758241758242,0.16007326007326,0.236080586080586
185773.411807,2644866.126422,0.0192307692307692,0.389194139194139,0,0.16959706959707,0.105494505494505,0.316483516483516
186273.411807,2644866.126422,0.0162371134020619,0.327577319587629,0,0.0314432989690722,0.0670103092783505,0.557731958762887
179273.411807,2644366.126422,0.031932464672417,0.1370893741971,0.0462470178014315,0.237841805835933,0.161130482657368,0.38575885483575
179773.411807,2644366.126422,0.0427287731523932,0.36401980561159,0.0128369704749679,0.0529983495323675,0.0810562992847974,0.446359801943884
180273.411807,2644366.126422,0.00934579439252336,0.535642294300898,0.0379329301814184,0.068719076415613,0.0828293934396188,0.265530511269929
180773.411807,2644366.126422,0.0106441548908057,0.611304826573683,0.0119287942741787,0.101119471462654,0.0789135621214902,0.186089190677188
181273.411807,2644366.126422,0.0337428938199156,0.57986429488355,0.00990280579497524,0.0416284613973959,0.0506143407298735,0.284247203374289
181773.411807,2644366.126422,0.011544804837823,0.577606743632032,0,0.0789811251603445,0.0439802089059923,0.287887117463808
182273.411807,2644366.126422,0.0236740686364471,0.511653514406313,0,0.106625068819967,0.0649660488162966,0.293081299320976
182773.411807,2644366.126422,0.0280579497524299,0.523381624793692,0,0.0612506876948469,0.0880249403997799,0.299284797359252
183273.411807,2644366.126422,0.0100787978742899,0.539673813450614,0.00109950522264981,0.106102253985706,0.0637713029136888,0.279274326553051
183773.411807,2644366.126422,0.0502844558634612,0.51440631308497,0,0.115066984767847,0.0866213984217288,0.233620847861993
184273.411807,2644366.126422,0.0324591967724189,0.434256372638914,0.000366770584999083,0.124701998899688,0.099211443242252,0.309004217861727
184773.411807,2644366.126422,0.0267546270844787,0.503756642844054,0,0.235294117647059,0.0588235294117647,0.175371083012644
185273.411807,2644366.126422,0.0857037988621766,0.149752248118921,0,0.376582859240228,0.14534777023307,0.242613323545605
185773.411807,2644366.126422,0.0537318907023657,0.0379607555474051,0,0.689712085090776,0.136988813497158,0.081606455162296
186273.411807,2644366.126422,0.127577319587629,0.127319587628866,0,0.362371134020619,0.103350515463918,0.279381443298969
178773.411807,2643866.126422,0.0021978021978022,0.147069597069597,0.106227106227106,0.0954212454212454,0.0293040293040293,0.61978021978022
179273.411807,2643866.126422,0.0128440366972477,0.356146788990826,0.00422018348623853,0.0728440366972477,0.0917431192660551,0.462201834862385
179773.411807,2643866.126422,0.00825536598789213,0.408181984956889,0.085305448541552,0.178682810493487,0.0588882773802972,0.260686112639883
180273.411807,2643866.126422,0.0010989010989011,0.633516483516483,0.0311355311355311,0.0664835164835165,0.0503663003663004,0.217399267399267
180773.411807,2643866.126422,0.0247706422018349,0.501834862385321,0,0.134128440366972,0.103302752293578,0.235963302752294
181273.411807,2643866.126422,0.016694184553293,0.539717483030637,0,0.0440286186020914,0.0730141258484682,0.326545587965511
181773.411807,2643866.126422,0.023992673992674,0.608424908424908,0.00567765567765568,0.0827838827838828,0.0666666666666667,0.212454212454212
182273.411807,2643866.126422,0.0427522935779817,0.454311926605505,0,0.152110091743119,0.147155963302752,0.203669724770642
182773.411807,2643866.126422,0.00623738763529628,0.577141808842414,0.0161438268207668,0.0825536598789213,0.0592551825353146,0.258668134287287
183273.411807,2643866.126422,0.0115384615384615,0.63003663003663,0.00915750915750916,0.091025641025641,0.0413919413919414,0.216849816849817
183773.411807,2643866.126422,0.0157798165137615,0.518532110091743,0.0227522935779817,0.08,0.0779816513761468,0.284954128440367
184273.411807,2643866.126422,0.0110071546505228,0.68336085121996,0.0091726288754357,0.0409099247844432,0.0555861309851403,0.199963309484498
184773.411807,2643866.126422,0.0355311355311355,0.471794871794872,0,0.052014652014652,0.0567765567765568,0.383882783882784
185273.411807,2643866.126422,0.086605504587156,0.135045871559633,0,0.31743119266055,0.185321100917431,0.275596330275229
185773.411807,2643866.126422,0.0838378279214823,0.0649422124380847,0,0.648504861493304,0.12126215373326,0.081452944413869
186273.411807,2643866.126422,0.107676455435343,0.134981968057702,0,0.341061308603812,0.118753219989696,0.297527047913447
178773.411807,2643366.126422,0.0553722038870554,0.138613861386139,0.0196186285295196,0.233223322332233,0.206637330399707,0.346534653465347
179273.411807,2643366.126422,0.0137362637362637,0.461721611721612,0.0754578754578755,0.129487179487179,0.0871794871794872,0.232417582417582
179773.411807,2643366.126422,0.0450549450549451,0.251465201465201,0.0730769230769231,0.137545787545788,0.0692307692307692,0.423626373626374
180273.411807,2643366.126422,0.0264026402640264,0.44957829116245,0.0124679134580125,0.160616061606161,0.0588558855885589,0.292079207920792
180773.411807,2643366.126422,0.0141025641025641,0.587179487179487,0,0.0765567765567766,0.0835164835164835,0.238644688644689
181273.411807,2643366.126422,0.015018315018315,0.644322344322344,0,0.0173992673992674,0.0347985347985348,0.288461538461538
181773.411807,2643366.126422,0.0438210487715438,0.447378071140447,0,0.18995232856619,0.106710671067107,0.212137880454712
182273.411807,2643366.126422,0.0443223443223443,0.150732600732601,0,0.4503663003663,0.217399267399267,0.137179487179487
182773.411807,2643366.126422,0.0366300366300366,0.474358974358974,0,0.179304029304029,0.125824175824176,0.183882783882784
183273.411807,2643366.126422,0.0148514851485149,0.537403740374037,0,0.103043637697103,0.12027869453612,0.224422442244224
183773.411807,2643366.126422,0.0291208791208791,0.593956043956044,0,0.0490842490842491,0.106593406593407,0.221245421245421
184273.411807,2643366.126422,0.0360805860805861,0.431501831501832,0.0324175824175824,0.169047619047619,0.131684981684982,0.199267399267399
184773.411807,2643366.126422,0.037953795379538,0.584891822515585,0,0.0418041804180418,0.0522552255225523,0.283094976164283
185273.411807,2643366.126422,0.135347985347985,0.149267399267399,0,0.356959706959707,0.117948717948718,0.24047619047619
185773.411807,2643366.126422,0.0838827838827839,0.284615384615385,0,0.27051282051282,0.118681318681319,0.242307692307692
186273.411807,2643366.126422,0.105412371134021,0.545103092783505,0,0.070360824742268,0.0332474226804124,0.245876288659794
178273.411807,2642866.126422,0,0.205574912891986,0.373739226114066,0.221529433339446,0.066018705299835,0.133137722354667
178773.411807,2642866.126422,0.0225398570643211,0.355323437786329,0.000366501740883269,0.051126992853216,0.0848451530144768,0.485798057540773
179273.411807,2642866.126422,0.011194714626537,0.511469994494403,0.0640484492567444,0.0715727656450725,0.0565241328684162,0.285189943108827
179773.411807,2642866.126422,0.00825233816247937,0.438107463781405,0.0946268109297634,0.0999449844122501,0.048413717219879,0.310654685494223
180273.411807,2642866.126422,0.00806303829943192,0.641744548286604,0.00641378046545721,0.0500274876305662,0.0302363936228697,0.263514751695071
180773.411807,2642866.126422,0,0.646540649660488,0.000734079647641769,0.0315654248485961,0.0273444668746559,0.293815378968618
181273.411807,2642866.126422,0.0388776820099028,0.551256189253622,0,0.0673024023473317,0.0794058316523015,0.263157894736842
181773.411807,2642866.126422,0.0492944841487997,0.458127176104086,0.00494777350192413,0.0566245189664651,0.0690855781564962,0.361920469122228
182273.411807,2642866.126422,0.0526702147182969,0.275646907689484,0,0.306111213066618,0.200770783630024,0.164800880895577
182773.411807,2642866.126422,0.0128369704749679,0.669172932330827,0,0.066018705299835,0.048413717219879,0.203557674674491
