"x","y","forest","agri","water","built","other","grass"
186773.411807,2627366.126422,0.0516759776536313,0.351024208566108,0,0.184823091247672,0.141527001862197,0.270949720670391
187273.411807,2627366.126422,0.0104651162790698,0.474418604651163,0,0.0586046511627907,0.0920930232558139,0.364418604651163
187773.411807,2627366.126422,0.020910780669145,0.31110594795539,0,0.116635687732342,0.149163568773234,0.402184014869888
188273.411807,2627366.126422,0.0730912476722533,0.250232774674115,0,0.309590316573557,0.173417132216015,0.19366852886406
188773.411807,2627366.126422,0.0197674418604651,0.242325581395349,0,0.0965116279069767,0.15906976744186,0.482325581395349
189273.411807,2627366.126422,0.0427509293680297,0.363847583643123,0.00278810408921933,0.0806226765799257,0.119423791821561,0.390566914498141
189773.411807,2627366.126422,0.0293296089385475,0.382914338919925,0,0.17364990689013,0.107309124767225,0.306797020484171
190273.411807,2627366.126422,0.0448837209302326,0.371162790697674,0.000465116279069767,0.297906976744186,0.128139534883721,0.157441860465116
190773.411807,2627366.126422,0.0938661710037175,0.639172862453532,0,0.199581784386617,0.0490241635687732,0.0183550185873606
191273.411807,2627366.126422,0.0253724394785847,0.378026070763501,0.00116387337057728,0.207867783985102,0.145018621973929,0.242551210428305
191773.411807,2627366.126422,0.04,0.243255813953488,0,0.0876744186046512,0.108837209302326,0.520232558139535
192273.411807,2627366.126422,0.0297397769516729,0.351765799256506,0.000929368029739777,0.128949814126394,0.113382899628253,0.375232342007435
192773.411807,2627366.126422,0.0628491620111732,0.316340782122905,0,0.179469273743017,0.131517690875233,0.309823091247672
193273.411807,2627366.126422,0.0246511627906977,0.585116279069767,0,0.13046511627907,0.0853488372093023,0.174418604651163
193773.411807,2627366.126422,0.0099907063197026,0.495120817843866,0.000232342007434944,0.124302973977695,0.107109665427509,0.263243494423792
194273.411807,2627366.126422,0.0563314711359404,0.465782122905028,0.000931098696461825,0.303538175046555,0.117551210428305,0.0558659217877095
194773.411807,2627366.126422,0.0341860465116279,0.490232558139535,0.0013953488372093,0.167674418604651,0.123953488372093,0.182558139534884
195273.411807,2627366.126422,0.0406598513011152,0.516263940520446,0,0.095957249070632,0.132899628252788,0.214219330855019
195773.411807,2627366.126422,0.0421322160148976,0.564013035381751,0,0.104981378026071,0.098463687150838,0.190409683426443
196273.411807,2627366.126422,0.0534883720930233,0.228837209302326,0,0.280232558139535,0.145116279069767,0.292325581395349
196773.411807,2627366.126422,0.0362453531598513,0.230483271375465,0.000232342007434944,0.452369888475836,0.100836431226766,0.179832713754647
197273.411807,2627366.126422,0.0854283054003724,0.240689013035382,0,0.253957169459963,0.133612662942272,0.286312849162011
197773.411807,2627366.126422,0.0486046511627907,0.346279069767442,0,0.136976744186047,0.087906976744186,0.380232558139535
198273.411807,2627366.126422,0.25139405204461,0.0766728624535316,0,0.311338289962825,0.0889869888475836,0.27160780669145
198773.411807,2627366.126422,0.0628900624099856,0.0175228036485838,0,0.804128660585694,0.07129140662506,0.0441670667306769
186773.411807,2626866.126422,0.0415750915750916,0.554945054945055,0,0.0774725274725275,0.0983516483516483,0.227655677655678
187273.411807,2626866.126422,0.0985347985347985,0.454029304029304,0,0.0904761904761905,0.0904761904761905,0.266483516483516
187773.411807,2626866.126422,0.125229189585625,0.288412174550788,0,0.0955262192885955,0.102126879354602,0.388705537220389
188273.411807,2626866.126422,0.0386446886446886,0.562637362637363,0,0.0474358974358974,0.0619047619047619,0.289377289377289
188773.411807,2626866.126422,0.0741758241758242,0.367948717948718,0,0.0470695970695971,0.091025641025641,0.41978021978022
189273.411807,2626866.126422,0.0645397873120645,0.421892189218922,0,0.0539053905390539,0.072973964063073,0.386688668866887
189773.411807,2626866.126422,0.141941391941392,0.281318681318681,0,0.0785714285714286,0.139010989010989,0.359157509157509
190273.411807,2626866.126422,0.0815018315018315,0.301282051282051,0.0111721611721612,0.0904761904761905,0.166483516483516,0.349084249084249
190773.411807,2626866.126422,0.111294462779611,0.38045471213788,0,0.131096442977631,0.107444077741107,0.26971030436377
191273.411807,2626866.126422,0.0771062271062271,0.11996336996337,0.00402930402930403,0.430952380952381,0.166483516483516,0.201465201465201
191773.411807,2626866.126422,0.0388278388278388,0.393772893772894,0,0.0756410256410256,0.0941391941391941,0.397619047619048
192273.411807,2626866.126422,0.0748074807480748,0.292995966263293,0,0.104877154382105,0.108177484415108,0.419141914191419
192773.411807,2626866.126422,0.0404761904761905,0.392857142857143,0,0.0417582417582418,0.0767399267399267,0.448168498168498
193273.411807,2626866.126422,0.0152014652014652,0.44981684981685,0,0.0450549450549451,0.0972527472527473,0.392673992673993
193773.411807,2626866.126422,0.033003300330033,0.488082141547488,0,0.0627062706270627,0.0621562156215622,0.354052071873854
194273.411807,2626866.126422,0.0347985347985348,0.741758241758242,0,0.145787545787546,0.0556776556776557,0.021978021978022
194773.411807,2626866.126422,0.0164835164835165,0.51978021978022,0,0.10970695970696,0.111355311355311,0.242673992673993
195273.411807,2626866.126422,0.00146681334800147,0.424642464246425,0,0.0557389072240557,0.0914924825815915,0.426659332599927
195773.411807,2626866.126422,0.0249084249084249,0.296703296703297,0,0.142857142857143,0.117765567765568,0.417765567765568
196273.411807,2626866.126422,0.00787545787545788,0.435531135531136,0,0.0448717948717949,0.0789377289377289,0.432783882783883
196773.411807,2626866.126422,0.0322698936560323,0.38998899889989,0,0.186468646864686,0.129079574624129,0.262192885955262
197273.411807,2626866.126422,0.034981684981685,0.487912087912088,0,0.146886446886447,0.116300366300366,0.213919413919414
197773.411807,2626866.126422,0.0296703296703297,0.563553113553114,0,0.102747252747253,0.0968864468864469,0.207142857142857
198273.411807,2626866.126422,0.0898423175650898,0.334983498349835,0,0.112394572790612,0.0861752841950862,0.376604327099377
198773.411807,2626866.126422,0.0810963018584569,0.238783555472123,0,0.179087666604092,0.0780927351229585,0.422939740942369
186773.411807,2626366.126422,0.015782712424298,0.67223343732795,0,0.0673518076711323,0.0735914846760874,0.171040557900532
187273.411807,2626366.126422,0.0209059233449477,0.529800110031176,0,0.0452961672473868,0.070786722904823,0.333211076471667
187773.411807,2626366.126422,0.0122778083195895,0.638812534359538,0,0.0943741982774418,0.0648708081363387,0.189664650907092
188273.411807,2626366.126422,0.0864378785098183,0.432556432372912,0.00146815929528354,0.0447788585061479,0.060561570930446,0.374197100385392
188773.411807,2626366.126422,0.192737942417018,0.23601687144691,0.0022006235099945,0.181551439574546,0.101962222629745,0.285530900421786
189273.411807,2626366.126422,0.151181968114349,0.209272494044347,0.000733003481766538,0.185633131757376,0.0934579439252336,0.359721458676929
189773.411807,2626366.126422,0.12846393833731,0.398788768581391,0,0.0299137456414021,0.0884565975408332,0.354376949899064
190273.411807,2626366.126422,0.132220795892169,0.498074454428755,0,0.0539152759948652,0.0566660553823583,0.259123418301852
190773.411807,2626366.126422,0.130841121495327,0.56496243357156,0,0.11214953271028,0.0575407733186733,0.13450613890416
191273.411807,2626366.126422,0.0508350155991925,0.330335841438796,0,0.180216553496054,0.117452743622683,0.321159845843274
191773.411807,2626366.126422,0.039611223179901,0.39611223179901,0,0.068402714102329,0.0905923344947735,0.405281496423987
192273.411807,2626366.126422,0.0104452996151732,0.501924134139637,0,0.0260216236027121,0.0452629649990837,0.416345977643394
192773.411807,2626366.126422,0.00220223894292531,0.520462470178014,0,0.00660671682877592,0.0179849513672233,0.452743622683061
193273.411807,2626366.126422,0.0335595085274161,0.544837704016138,0,0.0187052998349532,0.0757381258023107,0.327159361819182
193773.411807,2626366.126422,0.0238226131574125,0.949056258017226,0,0.00219901044529962,0.009529045262965,0.0153930731170973
194273.411807,2626366.126422,0.025325747843641,0.741236924206276,0,0.0491833363919985,0.0548724536612222,0.129381537896862
194773.411807,2626366.126422,0.0326425820649184,0.375389693746562,0,0.141206675224647,0.115716119567211,0.335044929396662
195273.411807,2626366.126422,0.0117280557082646,0.517683708997618,0,0.215136521898479,0.131024372365769,0.12442734102987
195773.411807,2626366.126422,0.0339511837034318,0.492934483391448,0.000183519911910442,0.190126628739218,0.0976325931363553,0.185171591117636
196273.411807,2626366.126422,0.041995231982395,0.424353566843939,0,0.114432422519714,0.0742710434623143,0.344947735191638
196773.411807,2626366.126422,0.0318856514568444,0.478284771852666,0,0.0916254352208173,0.0859446582371266,0.312259483232545
197273.411807,2626366.126422,0.00734079647641769,0.512571113965865,0,0.0512020554230134,0.0712057258212516,0.357680308313452
197773.411807,2626366.126422,0.0405281496423987,0.427287731523932,0,0.0962772785622593,0.118650284247203,0.317256556024207
198273.411807,2626366.126422,0.176287337364852,0.215869525380246,0.00219901044529962,0.113065787062489,0.109034267912773,0.383544071834341
198773.411807,2626366.126422,0.0686219214137996,0.33070125963527,0,0.0392931002068058,0.0573416055649558,0.504042113179169
186773.411807,2625866.126422,0.0187155963302752,0.528990825688073,0,0.104770642201835,0.0998165137614679,0.247706422018349
187273.411807,2625866.126422,0.0317372959090075,0.443221427261053,0.000550357732526142,0.0530177949000183,0.0959456980370574,0.375527426160338
187773.411807,2625866.126422,0.0163003663003663,0.503846153846154,0,0.0417582417582418,0.0879120879120879,0.35018315018315
188273.411807,2625866.126422,0.121100917431193,0.28,0,0.178165137614679,0.109908256880734,0.310825688073395
188773.411807,2625866.126422,0.258117776554761,0.230416437350945,0.000183452577508714,0.207851770317373,0.0719134103834159,0.231517152815997
189273.411807,2625866.126422,0.111538461538462,0.141025641025641,0.000366300366300366,0.219230769230769,0.104029304029304,0.423809523809524
189773.411807,2625866.126422,0.0581651376146789,0.45651376146789,0,0.0322935779816514,0.0528440366972477,0.400183486238532
190273.411807,2625866.126422,0.145844799119428,0.400476976701523,0.00953953403045313,0.189323059988993,0.0625573289304715,0.192258301229132
190773.411807,2625866.126422,0.181684981684982,0.42985347985348,0.000183150183150183,0.108241758241758,0.0434065934065934,0.236630036630037
191273.411807,2625866.126422,0.286422018348624,0.443853211009174,0,0.0130275229357798,0.0352293577981651,0.221467889908257
191773.411807,2625866.126422,0.075032104201064,0.338286552926069,0,0.166758392955421,0.103283801137406,0.31663914878004
192273.411807,2625866.126422,0.135531135531136,0.322893772893773,0,0.0421245421245421,0.0864468864468864,0.413003663003663
192773.411807,2625866.126422,0.0739449541284404,0.491743119266055,0,0.0521100917431193,0.0823853211009174,0.299816513761468
193273.411807,2625866.126422,0.0719134103834159,0.516785910842047,0,0.0680609062557329,0.0799853237937993,0.263254448725005
193773.411807,2625866.126422,0.0336996336996337,0.401282051282051,0,0.0379120879120879,0.106959706959707,0.42014652014652
194273.411807,2625866.126422,0.0407339449541284,0.468623853211009,0,0.117614678899083,0.0917431192660551,0.281284403669725
194773.411807,2625866.126422,0.00476976701522656,0.628325077967345,0,0.0941111722619703,0.06989543203082,0.202898550724638
195273.411807,2625866.126422,0.00659340659340659,0.62014652014652,0,0.093956043956044,0.0641025641025641,0.215201465201465
195773.411807,2625866.126422,0.00275229357798165,0.459449541284404,0,0.197064220183486,0.116146788990826,0.224587155963303
196273.411807,2625866.126422,0.002568336085122,0.457530728306733,0,0.161071363052651,0.0920931939093744,0.28673637864612
196773.411807,2625866.126422,0.00750915750915751,0.461538461538462,0,0.0921245421245421,0.0701465201465201,0.368681318681319
197273.411807,2625866.126422,0.0467889908256881,0.469174311926606,0,0.0442201834862385,0.073394495412844,0.366422018348624
197773.411807,2625866.126422,0.019262520638415,0.418088424142359,0.000366905155017428,0.0777838928636947,0.102549990827371,0.381948266373143
198273.411807,2625866.126422,0.138278388278388,0.16007326007326,0,0.175091575091575,0.102380952380952,0.424175824175824
198773.411807,2625866.126422,0.0402255639097744,0.23890977443609,0,0.136842105263158,0.105075187969925,0.478947368421053
186773.411807,2625366.126422,0.0335164835164835,0.492673992673993,0.0021978021978022,0.0747252747252747,0.102380952380952,0.294505494505495
187273.411807,2625366.126422,0.047985347985348,0.24029304029304,0.000183150183150183,0.228937728937729,0.112637362637363,0.36996336996337
187773.411807,2625366.126422,0.022002200220022,0.37990465713238,0.00055005500550055,0.0363036303630363,0.0518885221855519,0.509350935093509
188273.411807,2625366.126422,0.0587912087912088,0.341575091575092,0,0.218131868131868,0.0794871794871795,0.302014652014652
188773.411807,2625366.126422,0.173809523809524,0.118315018315018,0,0.232600732600733,0.171062271062271,0.304212454212454
189273.411807,2625366.126422,0.0166850018335167,0.531169783645031,0.000366703337000367,0.0562889622295563,0.0672900623395673,0.328199486615328
189773.411807,2625366.126422,0.143223443223443,0.229120879120879,0.101465201465201,0.0783882783882784,0.0694139194139194,0.378388278388278
190273.411807,2625366.126422,0.135531135531136,0.404212454212454,0,0.0553113553113553,0.0575091575091575,0.347435897435897
190773.411807,2625366.126422,0.22002200220022,0.341034103410341,0,0.0286028602860286,0.0346534653465347,0.375687568756876
191273.411807,2625366.126422,0.487912087912088,0.0404761904761905,0,0.00384615384615385,0.0115384615384615,0.456227106227106
191773.411807,2625366.126422,0.25952380952381,0.156410256410256,0,0.15,0.0891941391941392,0.344871794871795
192273.411807,2625366.126422,0.0454712137880455,0.431243124312431,0,0.0865419875320865,0.0870920425375871,0.34965163182985
192773.411807,2625366.126422,0.0864468864468864,0.519047619047619,0,0.0326007326007326,0.0532967032967033,0.308608058608059
193273.411807,2625366.126422,0.0340659340659341,0.575824175824176,0,0.0772893772893773,0.0734432234432234,0.239377289377289
193773.411807,2625366.126422,0.0275027502750275,0.570957095709571,0,0.0649064906490649,0.044004400440044,0.292629262926293
194273.411807,2625366.126422,0.0225274725274725,0.565384615384615,0,0.030952380952381,0.0547619047619048,0.326373626373626
194773.411807,2625366.126422,0.0765567765567766,0.308241758241758,0,0.182967032967033,0.108058608058608,0.324175824175824
195273.411807,2625366.126422,0.0478547854785479,0.474880821415475,0,0.204070407040704,0.102676934360103,0.170517051705171
195773.411807,2625366.126422,0.032967032967033,0.439377289377289,0,0.217399267399267,0.120695970695971,0.18956043956044
196273.411807,2625366.126422,0.00787545787545788,0.47948717948718,0,0.228754578754579,0.113736263736264,0.17014652014652
196773.411807,2625366.126422,0.0331866519985332,0.521452145214521,0,0.0535386872020535,0.0676567656765677,0.324165749908324
197273.411807,2625366.126422,0.084981684981685,0.295421245421245,0,0.017032967032967,0.0468864468864469,0.555677655677656
197773.411807,2625366.126422,0.0738095238095238,0.218315018315018,0.000915750915750916,0.300549450549451,0.103846153846154,0.302564102564103
198273.411807,2625366.126422,0.0187018701870187,0.268610194352769,0,0.257425742574257,0.1004767143381,0.354785478547855
198773.411807,2625366.126422,0.0936737375633565,0.265064764407734,0,0.147550215881359,0.101933546085977,0.391777736061573
186773.411807,2624866.126422,0.181317672967517,0.0691870067902367,0,0.04147550009176,0.0521196549825656,0.655900165167921
187273.411807,2624866.126422,0.0579497524298551,0.448743810746378,0,0.0522648083623693,0.0979277461947552,0.343113882266642
187773.411807,2624866.126422,0.0406816932380429,0.42037749679311,0,0.0635880520432472,0.0654205607476635,0.409932197177937
188273.411807,2624866.126422,0.0745090842356396,0.350890071572766,0,0.0249587080198202,0.030280785465223,0.519361350706552
188773.411807,2624866.126422,0.109481019622226,0.0416284613973959,0,0.00330093526499175,0.00788556757748029,0.837704016137906
189273.411807,2624866.126422,0.0619387942092725,0.432838555983141,0,0.0480117280557083,0.0617555433388309,0.395455378413047
189773.411807,2624866.126422,0.107359148467609,0.374380620297302,0,0.169205358781428,0.0693705267021472,0.279684345751514
190273.411807,2624866.126422,0.086007702182285,0.420502475701449,0,0.154227030992114,0.0984779020722538,0.240784889051898
190773.411807,2624866.126422,0.0148433205057724,0.414146967198094,0,0.101337731354224,0.118196811434854,0.351475169507055
191273.411807,2624866.126422,0.45623050100936,0.148100568911727,0,0.0787300422095797,0.0945127546338778,0.222426133235456
191773.411807,2624866.126422,0.647350082523382,0.0429121584448927,0,0.004401247019989,0.0022006235099945,0.303135888501742
192273.411807,2624866.126422,0.402602162360271,0.136521898479018,0,0.137438152831226,0.0760491112332784,0.247388675096207
192773.411807,2624866.126422,0.0660671682877592,0.304459533859424,0,0.21141493852083,0.106074509084236,0.311983850247752
193273.411807,2624866.126422,0.0711534934898221,0.502659086741243,0,0.12800293416468,0.0808729139922978,0.217311571611957
193773.411807,2624866.126422,0.0260216236027121,0.408282939343962,0,0.204874473153747,0.132673630199743,0.228147333699835
194273.411807,2624866.126422,0.0704716461736098,0.423747476601211,0,0.167737199486144,0.0912093962194898,0.246834281519545
194773.411807,2624866.126422,0.0474967907573813,0.276728406381808,0.000366770584999083,0.331010452961672,0.106363469649734,0.238034109664405
195273.411807,2624866.126422,0.0870441634597764,0.248671431189298,0,0.358072200842954,0.126443100604728,0.179769103903244
195773.411807,2624866.126422,0.0603780510185355,0.191594788034502,0.000367039823820885,0.409432923472197,0.12864745824922,0.209579739401725
196273.411807,2624866.126422,0.0337428938199156,0.285530900421786,0.00201723821749496,0.311754997249221,0.0981111314872547,0.268842838804328
196773.411807,2624866.126422,0.0364669232178853,0.305479201026205,0,0.348176653839106,0.116914055341763,0.192963166575041
197273.411807,2624866.126422,0.102587630757937,0.230501009359516,0,0.258763075793724,0.0688199669664159,0.339328317122408
197773.411807,2624866.126422,0.107097010819732,0.10416284613974,0,0.483403631028791,0.0733541169998166,0.23198239501192
198273.411807,2624866.126422,0.0694520798973795,0.171339563862928,0,0.207256734469489,0.109034267912773,0.442917353857431
198773.411807,2624866.126422,0.0541455160744501,0.170144764053393,0.009964278999812,0.127655574356082,0.0689979319420944,0.569091934574168
186773.411807,2624366.126422,0.0788990825688073,0.18256880733945,0,0.00935779816513761,0.0073394495412844,0.721834862385321
187273.411807,2624366.126422,0.0078884608328747,0.618602091359384,0,0.0372408732342689,0.0537516052100532,0.28251696936342
187773.411807,2624366.126422,0.00164835164835165,0.690842490842491,0,0.010989010989011,0.034981684981685,0.261538461538462
188273.411807,2624366.126422,0.0291743119266055,0.340917431192661,0.00128440366972477,0.0638532110091743,0.0579816513761468,0.506788990825688
188773.411807,2624366.126422,0.0649422124380847,0.499908273711246,0,0.0284351495138507,0.0434782608695652,0.363236103467254
189273.411807,2624366.126422,0.0358974358974359,0.33040293040293,0,0.0153846153846154,0.0399267399267399,0.578388278388278
189773.411807,2624366.126422,0.0429357798165138,0.346238532110092,0.00055045871559633,0.0379816513761468,0.0480733944954128,0.524220183486239
190273.411807,2624366.126422,0.0317372959090075,0.416253898367272,0,0.0897083104017612,0.0816363969913777,0.380664098330582
190773.411807,2624366.126422,0.0778388278388278,0.0761904761904762,0.000183150183150183,0.538461538461538,0.15970695970696,0.147619047619048
191273.411807,2624366.126422,0.128623853211009,0.298715596330275,0,0.198348623853211,0.0631192660550459,0.311192660550459
191773.411807,2624366.126422,0.526141992294992,0.192808658961658,0,0.00678774536782242,0.00752155567785727,0.26674004769767
192273.411807,2624366.126422,0.294688644688645,0.10989010989011,0,0.264468864468864,0.0985347985347985,0.232417582417582
192773.411807,2624366.126422,0.0568807339449541,0.15302752293578,0,0.524587155963303,0.136880733944954,0.128623853211009
193273.411807,2624366.126422,0.0708126949183636,0.155384333149881,0.000733810310034856,0.501008989176298,0.10695285268758,0.165107319757843
193773.411807,2624366.126422,0.0641025641025641,0.208424908424908,0.00769230769230769,0.478754578754579,0.114102564102564,0.126923076923077
194273.411807,2624366.126422,0.0321100917431193,0.328073394495413,0,0.193577981651376,0.0840366972477064,0.362201834862385
194773.411807,2624366.126422,0.0383415886993212,0.375527426160338,0,0.185654008438819,0.09557879288204,0.304898183819483
195273.411807,2624366.126422,0.0327838827838828,0.354029304029304,0,0.198717948717949,0.0919413919413919,0.322527472527473
195773.411807,2624366.126422,0.0322935779816514,0.520183486238532,0,0.0423853211009174,0.0787155963302752,0.326422018348624
196273.411807,2624366.126422,0.0579710144927536,0.412768299394607,0,0.0812694918363603,0.0816363969913777,0.366354797284902
196773.411807,2624366.126422,0.0637362637362637,0.336446886446886,0,0.107875457875458,0.100915750915751,0.391025641025641
197273.411807,2624366.126422,0.142018348623853,0.225321100917431,0.00110091743119266,0.176880733944954,0.0785321100917431,0.376146788990826
197773.411807,2624366.126422,0.0803522289488167,0.0924600990643919,0,0.4336818932306,0.118326912493121,0.275178866263071
198273.411807,2624366.126422,0.0113553113553114,0.183699633699634,0,0.0826007326007326,0.0498168498168498,0.672527472527473
198773.411807,2624366.126422,0.0981203007518797,0.16203007518797,0.00488721804511278,0.118609022556391,0.128383458646617,0.48796992481203
186773.411807,2623866.126422,0.0474358974358974,0.593956043956044,0,0.0197802197802198,0.0236263736263736,0.315201465201465
187273.411807,2623866.126422,0.0333333333333333,0.527106227106227,0,0.0901098901098901,0.0888278388278388,0.260622710622711
187773.411807,2623866.126422,0.0126512651265127,0.475430876420975,0,0.0236523652365237,0.0463879721305464,0.441877521085442
188273.411807,2623866.126422,0.0826007326007326,0.41978021978022,0,0.0380952380952381,0.0274725274725275,0.432051282051282
188773.411807,2623866.126422,0.0701465201465201,0.501831501831502,0,0.0119047619047619,0.0476190476190476,0.368498168498169
189273.411807,2623866.126422,0.017968463513018,0.503483681701503,0,0.00806747341400807,0.026952695269527,0.443527686101944
189773.411807,2623866.126422,0.0924908424908425,0.304212454212454,0,0.0512820512820513,0.0549450549450549,0.497069597069597
190273.411807,2623866.126422,0.124358974358974,0.294139194139194,0,0.121611721611722,0.078021978021978,0.381868131868132
190773.411807,2623866.126422,0.0957095709570957,0.139163916391639,0,0.33956729006234,0.141180784745141,0.284378437843784
191273.411807,2623866.126422,0.0822344322344322,0.182234432234432,0,0.400549450549451,0.100915750915751,0.234065934065934
191773.411807,2623866.126422,0.0879120879120879,0.393223443223443,0,0.165201465201465,0.063003663003663,0.290659340659341
192273.411807,2623866.126422,0.0942427576090942,0.245324532453245,0,0.285845251191786,0.111844517785112,0.262742940960763
192773.411807,2623866.126422,0.0608058608058608,0.147619047619048,0.000732600732600733,0.467032967032967,0.0807692307692308,0.243040293040293
193273.411807,2623866.126422,0.0675824175824176,0.304945054945055,0,0.364652014652015,0.082967032967033,0.17985347985348
193773.411807,2623866.126422,0.0687568756875688,0.34983498349835,0.000183351668500183,0.334066740007334,0.0892922625595893,0.157865786578658
194273.411807,2623866.126422,0.0380952380952381,0.364285714285714,0,0.128754578754579,0.0769230769230769,0.391941391941392
194773.411807,2623866.126422,0.0311355311355311,0.577838827838828,0,0.0593406593406593,0.0496336996336996,0.282051282051282
195273.411807,2623866.126422,0.0614228089475614,0.197836450311698,0,0.422808947561423,0.144114411441144,0.173817381738174
195773.411807,2623866.126422,0.058974358974359,0.34981684981685,0,0.0683150183150183,0.0926739926739927,0.43021978021978
196273.411807,2623866.126422,0.0771062271062271,0.164835164835165,0.000183150183150183,0.316666666666667,0.120512820512821,0.320695970695971
196773.411807,2623866.126422,0.0511551155115512,0.284378437843784,0,0.0711404473780711,0.0927759442610928,0.500550055005501
197273.411807,2623866.126422,0.0516483516483516,0.146886446886447,0.03003663003663,0.282600732600733,0.128754578754579,0.36007326007326
197773.411807,2623866.126422,0.0408424908424908,0.0765567765567766,0.0100732600732601,0.202930402930403,0.114652014652015,0.554945054945055
198273.411807,2623866.126422,0.0678401173450678,0.253758709204254,0,0.121378804547121,0.0608727539420609,0.496149614961496
198773.411807,2623866.126422,0.0508729115825042,0.201051248357424,0.0628871785244978,0.243664351417308,0.174019147737939,0.267505162380327
186773.411807,2623366.126422,0.00587263718113415,0.761057074692604,0,0.0146815929528354,0.0335841438796109,0.184804551293815
187273.411807,2623366.126422,0.00788556757748029,0.609389326975976,0,0.0251237850724372,0.0658353200073354,0.291766000366771
187773.411807,2623366.126422,0.0219901044529962,0.626534726039949,0,0.0366501740883269,0.066703316840755,0.248121678577973
188273.411807,2623366.126422,0.0247751881079097,0.668746559001652,0,0.0144980730409249,0.0453294182418792,0.246650761607634
188773.411807,2623366.126422,0.0700531817348249,0.492756280946268,0,0.0434623143223913,0.0935264991747662,0.300201723821749
189273.411807,2623366.126422,0.0657870624885468,0.217885284955104,0,0.283855598314092,0.200109950522265,0.232362103719993
189773.411807,2623366.126422,0.0827674802716095,0.331620480822169,0,0.124059460451459,0.0734079647641769,0.388144613690585
190273.411807,2623366.126422,0.101045296167247,0.310654685494223,0,0.0746378140473134,0.0689528699798276,0.444709334311388
190773.411807,2623366.126422,0.114898295766905,0.289353124427341,0,0.102620487447315,0.0725673446948873,0.420560747663551
191273.411807,2623366.126422,0.314186089190677,0.238575885483575,0,0.0258763075793724,0.0236740686364471,0.397687649109928
191773.411807,2623366.126422,0.0726205758298184,0.258940033009353,0.00128369704749679,0.401980561158995,0.055198973042362,0.209976159911975
192273.411807,2623366.126422,0.106652006597031,0.0238226131574125,0.000549752611324904,0.648524830492945,0.147516950705516,0.0729338464357706
192773.411807,2623366.126422,0.0768948430904753,0.019086070838686,0.00330335841438796,0.744540282620664,0.105890989172325,0.0502844558634612
193273.411807,2623366.126422,0.0841738492572896,0.12415184302219,0.000183385292499542,0.373005684944067,0.114432422519714,0.30405281496424
193773.411807,2623366.126422,0.0393989371449514,0.321238775884185,0,0.254718709913872,0.10426974528129,0.280373831775701
194273.411807,2623366.126422,0.060561570930446,0.320425766195632,0.000734079647641769,0.127179298953937,0.0923105156909525,0.398788768581391
194773.411807,2623366.126422,0.0817898404547955,0.215110948101962,0.000916926462497708,0.285347515129287,0.094810196222263,0.322024573629195
195273.411807,2623366.126422,0.040131940626718,0.34414513468939,0.00146600696353308,0.169690306028954,0.0883269195528679,0.356239692138538
195773.411807,2623366.126422,0.00623967700495504,0.422829877041659,0.000183519911910442,0.017434391631492,0.0407414204441182,0.512571113965865
196273.411807,2623366.126422,0.026407482119934,0.290665688611773,0.00165046763249587,0.0685860993948285,0.0390610673024023,0.573629194938566
196773.411807,2623366.126422,0.0142935678944475,0.214586769287154,0.00201575957485798,0.0287703866593366,0.0498442367601246,0.690489279824079
197273.411807,2623366.126422,0.122040741420444,0.0464305377133419,0.0225729491649844,0.245549642136172,0.124059460451459,0.439346669113599
197773.411807,2623366.126422,0.0529983495323675,0.286997982761783,0.00641848523748395,0.0929763432972676,0.0876581698147808,0.472950669356318
198273.411807,2623366.126422,0.0403151914971596,0.138537658053876,0.0155763239875389,0.0901594282572842,0.0839288986622686,0.631482499541873
198773.411807,2623366.126422,0.0846023688663283,0.133671742808799,0.0144764053393495,0.0838503478097387,0.123895469073134,0.559503666102651
186773.411807,2622866.126422,0.0198165137614679,0.536880733944954,0,0.0924770642201835,0.0822018348623853,0.268623853211009
187273.411807,2622866.126422,0.0524674371674922,0.39515685195377,0,0.245643001284168,0.0992478444322143,0.207484865162356
187773.411807,2622866.126422,0.0406593406593407,0.485531135531136,0,0.117948717948718,0.103296703296703,0.252564102564103
188273.411807,2622866.126422,0.00715596330275229,0.616330275229358,0.00055045871559633,0.0535779816513761,0.0510091743119266,0.271376146788991
188773.411807,2622866.126422,0.0401761144744084,0.228948816730875,0,0.377912309667951,0.181801504311136,0.17116125481563
189273.411807,2622866.126422,0.0913919413919414,0.39981684981685,0,0.184981684981685,0.137179487179487,0.186630036630037
189773.411807,2622866.126422,0.141284403669725,0.310642201834862,0,0.0359633027522936,0.0647706422018349,0.447339449541284
190273.411807,2622866.126422,0.0190790680609063,0.35241240139424,0,0.00972298660796184,0.0188956154833975,0.599889928453495
190773.411807,2622866.126422,0.0304029304029304,0.326007326007326,0.015018315018315,0.202564102564103,0.0855311355311355,0.34047619047619
191273.411807,2622866.126422,0.073394495412844,0.218899082568807,0.00128440366972477,0.347522935779817,0.0990825688073395,0.259816513761468
191773.411807,2622866.126422,0.0482480278847918,0.0198128783709411,0.00385250412768299,0.836360300862227,0.0636580443955238,0.0280682443588332
192273.411807,2622866.126422,0.0551282051282051,0.0133699633699634,0.00457875457875458,0.844688644688645,0.0655677655677656,0.0166666666666667
192773.411807,2622866.126422,0.194128440366972,0.0229357798165138,0.00403669724770642,0.674862385321101,0.0478899082568807,0.0561467889908257
193273.411807,2622866.126422,0.151348376444689,0.075032104201064,0.000183452577508714,0.425609979820216,0.0922766464868831,0.255549440469639
193773.411807,2622866.126422,0.0868131868131868,0.0342490842490843,0.000183150183150183,0.594505494505495,0.103663003663004,0.180586080586081
194273.411807,2622866.126422,0.0513761467889908,0.425504587155963,0.00018348623853211,0.236880733944954,0.0763302752293578,0.209724770642202
194773.411807,2622866.126422,0.0462300495321959,0.384883507613282,0,0.203815813612181,0.081452944413869,0.283617684828472
195273.411807,2622866.126422,0.0402930402930403,0.484249084249084,0,0.058974358974359,0.0728937728937729,0.343589743589744
195773.411807,2622866.126422,0.00678899082568807,0.38605504587156,0,0.0132110091743119,0.0313761467889908,0.56256880733945
196273.411807,2622866.126422,0.0121078701155751,0.164556962025316,0.000733810310034856,0.0066042927903137,0.0130251330031187,0.802971931755641
196773.411807,2622866.126422,0.0184981684981685,0.0673992673992674,0.110989010989011,0.430586080586081,0.13992673992674,0.232600732600733
197273.411807,2622866.126422,0.0888073394495413,0.128623853211009,0.0154128440366972,0.236880733944954,0.128623853211009,0.401651376146789
197773.411807,2622866.126422,0.0722803155384333,0.159236837277564,0.00110071546505228,0.188589249678958,0.14401027334434,0.434782608695652
198273.411807,2622866.126422,0.0360805860805861,0.0543956043956044,0.00293040293040293,0.118864468864469,0.117032967032967,0.670695970695971
198773.411807,2622866.126422,0.0118421052631579,0.0479323308270677,0.0206766917293233,0.0364661654135338,0.0407894736842105,0.842293233082707
186773.411807,2622366.126422,0.032051282051282,0.432234432234432,0,0.189010989010989,0.107509157509158,0.239194139194139
187273.411807,2622366.126422,0.0558608058608059,0.146886446886447,0,0.498351648351648,0.132417582417582,0.166483516483516
187773.411807,2622366.126422,0.0808580858085809,0.0960762742940961,0,0.501833516685002,0.179134580124679,0.142097543087642
188273.411807,2622366.126422,0.030952380952381,0.375641025641026,0,0.330952380952381,0.127838827838828,0.134615384615385
188773.411807,2622366.126422,0.0379120879120879,0.431501831501832,0,0.162637362637363,0.0844322344322344,0.283516483516484
189273.411807,2622366.126422,0.0487715438210488,0.302346901356802,0,0.0872753942060873,0.0597726439310598,0.501833516685002
189773.411807,2622366.126422,0.0765567765567766,0.39047619047619,0,0.0754578754578755,0.0771062271062271,0.38040293040293
190273.411807,2622366.126422,0.080952380952381,0.255860805860806,0,0.089010989010989,0.0717948717948718,0.502380952380952
190773.411807,2622366.126422,0.0507884121745508,0.0583058305830583,0.00641730839750642,0.579207920792079,0.123212321232123,0.182068206820682
191273.411807,2622366.126422,0.101648351648352,0.0483516483516484,0.00293040293040293,0.647252747252747,0.1003663003663,0.0994505494505494
191773.411807,2622366.126422,0.111538461538462,0.0159340659340659,0.00201465201465201,0.721978021978022,0.0886446886446886,0.0598901098901099
192273.411807,2622366.126422,0.148881554822149,0.0181518151815182,0,0.655482214888156,0.0797579757975798,0.0977264393105977
192773.411807,2622366.126422,0.222893772893773,0.166849816849817,0,0.293956043956044,0.111904761904762,0.204395604395604
193273.411807,2622366.126422,0.168864468864469,0.143956043956044,0,0.354212454212454,0.117399267399267,0.215567765567766
193773.411807,2622366.126422,0.0852585258525853,0.0348368170150348,0,0.412907957462413,0.085991932526586,0.381004767143381
194273.411807,2622366.126422,0.142490842490842,0.248534798534799,0,0.313369963369963,0.0923076923076923,0.203296703296703
194773.411807,2622366.126422,0.0793040293040293,0.153113553113553,0.000183150183150183,0.356959706959707,0.108424908424908,0.302014652014652
195273.411807,2622366.126422,0.0625229189585625,0.33993399339934,0,0.0711404473780711,0.0647231389805647,0.461679501283462
195773.411807,2622366.126422,0.05,0.324358974358974,0,0.0254578754578755,0.0212454212454212,0.578937728937729
196273.411807,2622366.126422,0.116483516483516,0.187545787545788,0.000366300366300366,0.0972527472527473,0.0373626373626374,0.560989010989011
196773.411807,2622366.126422,0.117161716171617,0.112944627796113,0.00238357169050238,0.0588558855885589,0.0511551155115512,0.657499083241658
197273.411807,2622366.126422,0.0489010989010989,0.0496336996336996,0.00732600732600733,0.15952380952381,0.0767399267399267,0.657875457875458
197773.411807,2622366.126422,0.0492673992673993,0.0254578754578755,0.00512820512820513,0.144688644688645,0.0884615384615385,0.686996336996337
198273.411807,2622366.126422,0.0306197286395306,0.0634396773010634,0,0.0623395672900623,0.0451045104510451,0.798496516318299
198773.411807,2622366.126422,0.00807208560165196,0.135348226018397,0,0.00750891683874601,0.00600713347099681,0.843063638070208
186773.411807,2621866.126422,0.0289961460818499,0.494953202422463,0,0.0989172325197284,0.080932281152505,0.296201137823454
187273.411807,2621866.126422,0.0447460113698881,0.480836236933798,0,0.0970108197322575,0.0838070786722905,0.293599853291766
187773.411807,2621866.126422,0.0377496793109767,0.498625618471688,0,0.123877588418545,0.0771486164559282,0.262598497342862
188273.411807,2621866.126422,0.0649660488162966,0.436226830611121,0,0.183519911910442,0.0893741971003854,0.225913011561754
188773.411807,2621866.126422,0.026407482119934,0.536218595268659,0,0.0573995965523565,0.0794058316523015,0.300568494406749
189273.411807,2621866.126422,0.0787978742899029,0.367234744365036,0,0.24097489463075,0.102253985706432,0.21073850100788
189773.411807,2621866.126422,0.0400073407964764,0.359882547256377,0,0.214901816847128,0.0939621948981464,0.291246100201872
190273.411807,2621866.126422,0.0957271226847607,0.177700348432056,0,0.0537318907023657,0.053181734824867,0.619658903355951
190773.411807,2621866.126422,0.0205240974894631,0.23089609675646,0,0.0811801356056441,0.0720175920835624,0.595382078064871
191273.411807,2621866.126422,0.0761607634428336,0.0594604514589833,0.0012846393833731,0.625802899614608,0.0801982015048633,0.157093044595339
191773.411807,2621866.126422,0.061984228864845,0.0289748762149276,0.00311754997249221,0.641848523748395,0.149275628094627,0.114799193104713
192273.411807,2621866.126422,0.129191863661352,0.2376763789628,0.0208905992303463,0.236760124610592,0.124793842770753,0.250687190764156
192773.411807,2621866.126422,0.063497889521013,0.399339328317122,0.0117452743622683,0.195632226096531,0.0642319691686548,0.26555331253441
193273.411807,2621866.126422,0.075187969924812,0.361452411516596,0.0214560792224464,0.0757381258023107,0.0427287731523932,0.423436640381441
193773.411807,2621866.126422,0.108118013560564,0.388125343595382,0,0.114715044896463,0.12442734102987,0.26461425691772
194273.411807,2621866.126422,0.110111947146265,0.342815195448706,0.0110111947146265,0.181501192879427,0.111396586529638,0.243163883281336
194773.411807,2621866.126422,0.12396845772969,0.14414083990464,0.00293416467999266,0.26004034476435,0.0858243168897854,0.383091876031542
195273.411807,2621866.126422,0.167674546454096,0.0681693238042881,0.00824628916987356,0.157778999450247,0.0723840938244457,0.52574674729705
195773.411807,2621866.126422,0.119104422829877,0.306478252890439,0,0.093778674986236,0.046063497889521,0.434575151403927
196273.411807,2621866.126422,0.153310104529617,0.231432239134421,0.0022006235099945,0.107280396112232,0.0612506876948469,0.444525949018889
196773.411807,2621866.126422,0.125710097122961,0.168774051676745,0,0.0553417628733736,0.0355506688656771,0.614623419461242
197273.411807,2621866.126422,0.0379886217654616,0.156726004771518,0,0.177280234905487,0.0877225178931914,0.540282620664342
197773.411807,2621866.126422,0.0168714469099578,0.27214377406932,0,0.0717036493673207,0.061617458279846,0.577663671373556
198273.411807,2621866.126422,0.0553417628733736,0.17042330951072,0,0.427890782481217,0.139453912406084,0.206890232728605
198773.411807,2621866.126422,0.0135363790186125,0.442940402331265,0,0.0105282947922542,0.0344049633389735,0.498589960518895
186773.411807,2621366.126422,0.0387155963302752,0.571559633027523,0,0.0445871559633028,0.0781651376146789,0.26697247706422
187273.411807,2621366.126422,0.0333883691065859,0.545587965510915,0,0.102916895982389,0.0697119794533113,0.248394789946799
187773.411807,2621366.126422,0.0463369963369963,0.511538461538461,0,0.113003663003663,0.0906593406593407,0.238461538461538
188273.411807,2621366.126422,0.0223853211009174,0.740917431192661,0,0.0322935779816514,0.0480733944954128,0.156330275229358
188773.411807,2621366.126422,0.0603558980003669,0.765547605943864,0,0.0722803155384333,0.067327095945698,0.0344890845716382
189273.411807,2621366.126422,0.0368131868131868,0.806959706959707,0,0.0637362637362637,0.0327838827838828,0.0597069597069597
189773.411807,2621366.126422,0.0374311926605505,0.19394495412844,0,0.234678899082569,0.12348623853211,0.41045871559633
190273.411807,2621366.126422,0.0886075949367089,0.229866079618419,0,0.0680609062557329,0.0719134103834159,0.541552008805724
190773.411807,2621366.126422,0.0481684981684982,0.334249084249084,0.0010989010989011,0.251648351648352,0.0620879120879121,0.302747252747253
191273.411807,2621366.126422,0.0467889908256881,0.199266055045872,0.0036697247706422,0.338348623853211,0.115045871559633,0.296880733944954
191773.411807,2621366.126422,0.0423775454045129,0.351862043661713,0.001284168042561,0.143826820766832,0.060906255732893,0.399743166391488
192273.411807,2621366.126422,0.0758241758241758,0.216666666666667,0.000183150183150183,0.331684981684982,0.101831501831502,0.273809523809524
