"x","y","forest","agri","water","built","other","grass"
160273.411807,2583366.126422,0.00308761096101891,0.106715553840216,0.792551138556542,0.083751447317638,0.00192975685063682,0.0119644924739483
160273.411807,2582866.126422,0.000386473429951691,0.273429951690821,0.653719806763285,0.0614492753623188,0.00193236714975845,0.00908212560386473
160273.411807,2582366.126422,0.0119853083317224,0.0622462787550744,0.839358206069979,0.0487144790257104,0.0011598685482312,0.0365358592692828
159773.411807,2581866.126422,0,0.220879120879121,0.382234432234432,0.150915750915751,0.0210622710622711,0.224908424908425
160273.411807,2581866.126422,0,0.0179467387109224,0.831146275569278,0.102856040138942,0,0.0480509455808568
159773.411807,2581366.126422,0,0.31969168654799,0.183886951734263,0.335841438796109,0.0179849513672233,0.142594971554414
160273.411807,2581366.126422,0,0.0380676328502415,0.81816425120773,0.0914009661835749,0,0.0523671497584541
159773.411807,2580866.126422,0,0.0394495412844037,0.257064220183486,0.647889908256881,0.0236697247706422,0.0319266055045872
160273.411807,2580866.126422,0,0.0916296153102648,0.716025517108061,0.163541465300599,0.0007732456988208,0.028030156582254
159773.411807,2580366.126422,0.0743589743589744,0.475457875457875,0.241575091575092,0.164102564102564,0.0010989010989011,0.0434065934065934
160273.411807,2580366.126422,0.000578927055191046,0.0619451949054419,0.544384407564647,0.391354689309147,0.000192975685063682,0.00154380548050946
159773.411807,2579866.126422,0.00917599559552211,0.41493852082951,0.396770049550376,0.0770783630023858,0.00183519911910442,0.100201871903101
160273.411807,2579866.126422,0.0152657004830918,0.204444444444444,0.64,0.138743961352657,0.000772946859903382,0.000772946859903382
159273.411807,2579366.126422,0.0340659340659341,0.058974358974359,0.811904761904762,0.0496336996336996,0,0.0454212454212454
159773.411807,2579366.126422,0.0513761467889908,0.198165137614679,0.531743119266055,0.141651376146789,0.00018348623853211,0.0768807339449541
160273.411807,2579366.126422,0.0189445196211096,0.200463947419292,0.69070172047168,0.0881500096655712,0,0.0017398028223468
159273.411807,2578866.126422,0.0104510451045105,0.206087275394206,0.341217455078841,0.0562889622295563,0.000183351668500183,0.385771910524386
159773.411807,2578866.126422,0.0208791208791209,0.123992673992674,0.621794871794872,0.202380952380952,0.00164835164835165,0.0293040293040293
160273.411807,2578866.126422,0.00366653801620996,0.159976842917792,0.801620995754535,0.0304901582400618,0.000385951370127364,0.00385951370127364
158773.411807,2578366.126422,0.0066018705299835,0.0794058316523015,0.644782688428388,0.119567210709701,0.000733541169998166,0.148908857509628
159273.411807,2578366.126422,0.0148433205057724,0.20065970313359,0.455011911306579,0.0927249404434671,0.0108118013560564,0.225948323254535
159773.411807,2578366.126422,0,0.133602495870802,0.611304826573683,0.241879243897963,0.000550559735731327,0.0126628739218205
160273.411807,2578366.126422,0.037487922705314,0.255265700483092,0.658550724637681,0.0444444444444444,0.00115942028985507,0.00309178743961353
158773.411807,2577866.126422,0.00311869381764814,0.443037974683544,0.162538983672721,0.320491652907723,0.000366905155017428,0.0704457897633462
159273.411807,2577866.126422,0.00164835164835165,0.0866300366300366,0.744322344322344,0.148901098901099,0.0010989010989011,0.0173992673992674
159773.411807,2577866.126422,0.00256880733944954,0.140183486238532,0.794311926605505,0.0629357798165138,0,0
160273.411807,2577866.126422,0.0110187512081964,0.209936207229847,0.685289000579934,0.0790643727044268,0.0056060313164508,0.0090856369611444
158773.411807,2577366.126422,0.00750915750915751,0.0684981684981685,0.42032967032967,0.471978021978022,0.00402930402930403,0.0276556776556777
159273.411807,2577366.126422,0,0.0484048404840484,0.753392005867253,0.123395672900623,0,0.0748074807480748
159773.411807,2577366.126422,0.00714285714285714,0.113736263736264,0.672710622710623,0.0816849816849817,0.0021978021978022,0.122527472527473
160273.411807,2577366.126422,0.00308761096101891,0.245851022771131,0.637977614820533,0.100540331918178,0.000771902740254728,0.0117715167888846
157773.411807,2576866.126422,0.00146600696353308,0.19956019791094,0.431739050760491,0.307311709730621,0.0102620487447315,0.049660985889683
158273.411807,2576866.126422,0.00110111947146265,0.223527252706919,0.384107175628556,0.356579188841989,0.00403743806202973,0.0306478252890439
158773.411807,2576866.126422,0.00146708233999633,0.192737942417018,0.574912891986063,0.226114065651935,0.00110031175499725,0.00366770584999083
159273.411807,2576866.126422,0,0.0602895363752978,0.717427157778999,0.219351291918637,0.00183250870441635,0.00109950522264981
159773.411807,2576866.126422,0.00403743806202973,0.137456414020921,0.669297118737383,0.168471279133786,0.00201871903101487,0.0187190310148651
160273.411807,2576866.126422,0.00599033816425121,0.196328502415459,0.638647342995169,0.149565217391304,0.000193236714975845,0.00927536231884058
157773.411807,2576366.126422,0.00952380952380952,0.150549450549451,0.642857142857143,0.188095238095238,0.00183150183150183,0.00714285714285714
158273.411807,2576366.126422,0.00055045871559633,0.129174311926606,0.525688073394495,0.342935779816514,0,0.00165137614678899
158773.411807,2576366.126422,0.000550357732526142,0.129334067143643,0.747202348192992,0.0966795083470923,0.00275178866263071,0.0234819299211154
159273.411807,2576366.126422,0.000915750915750916,0.269047619047619,0.57948717948718,0.0935897435897436,0.00677655677655678,0.0501831501831502
159773.411807,2576366.126422,0.00330275229357798,0.175779816513761,0.691009174311927,0.0801834862385321,0.00110091743119266,0.0486238532110092
160273.411807,2576366.126422,0.0011598685482312,0.201430504542818,0.661511695341195,0.128358786004253,0,0.0075391455635028
157773.411807,2575866.126422,0.00256692335900257,0.175467546754675,0.67968463513018,0.13017968463513,0.00385038503850385,0.00825082508250825
158273.411807,2575866.126422,0.00366300366300366,0.221428571428571,0.0532967032967033,0.702014652014652,0.000366300366300366,0.0192307692307692
158773.411807,2575866.126422,0.00238095238095238,0.271794871794872,0.144139194139194,0.543406593406593,0.00641025641025641,0.0318681318681319
159273.411807,2575866.126422,0.00183351668500183,0.149248258159149,0.762376237623762,0.0759075907590759,0.00256692335900257,0.00806747341400807
159773.411807,2575866.126422,0.0043956043956044,0.327106227106227,0.501831501831502,0.118681318681319,0.00567765567765568,0.0423076923076923
160273.411807,2575866.126422,0.00115785411038209,0.195870320339637,0.653608645310691,0.141065225781552,0.00289463527595523,0.0054033191817831
157773.411807,2575366.126422,0.000549752611324904,0.0776983690672531,0.750412314458494,0.161260765988638,0.00329851566794942,0.00678028220634048
158273.411807,2575366.126422,0,0.285189943108827,0.0913929161314003,0.617360983666728,0.00110111947146265,0.00495503762158194
158773.411807,2575366.126422,0.000916926462497708,0.236383642031909,0.387493123051531,0.358518246836604,0.000366770584999083,0.0163212910324592
159273.411807,2575366.126422,0.00146600696353308,0.200476452263148,0.65585486531061,0.0958402052409749,0.00604727872457394,0.0403151914971596
159773.411807,2575366.126422,0.00201871903101487,0.1370893741971,0.696274545788218,0.12883097816113,0.00458799779776106,0.0311983850247752
160273.411807,2575366.126422,0.00309178743961353,0.0794202898550725,0.776038647342995,0.134492753623188,0.00270531400966184,0.0042512077294686
157773.411807,2574866.126422,0.0021978021978022,0.189194139194139,0.528205128205128,0.268498168498168,0.00201465201465201,0.00989010989010989
158273.411807,2574866.126422,0,0.23394495412844,0.0422018348623853,0.704587155963303,0.00055045871559633,0.0187155963302752
158773.411807,2574866.126422,0.0078884608328747,0.141808842414236,0.168592918730508,0.670886075949367,0.00862227114290956,0.00220143093010457
159273.411807,2574866.126422,0.00970695970695971,0.151098901098901,0.716117216117216,0.0913919413919414,0.0111721611721612,0.0205128205128205
159773.411807,2574866.126422,0.00146788990825688,0.0801834862385321,0.775045871559633,0.135045871559633,0.00110091743119266,0.00715596330275229
160273.411807,2574866.126422,0,0.107287840711386,0.759713899091436,0.126232360332496,0.001933114247052,0.00483278561763
157773.411807,2574366.126422,0.00605060506050605,0.0348368170150348,0.494866153281995,0.453061972863953,0.000366703337000367,0.0108177484415108
158273.411807,2574366.126422,0.00293040293040293,0.115201465201465,0.312271062271062,0.565384615384615,0.000549450549450549,0.00366300366300366
158773.411807,2574366.126422,0,0.0952380952380952,0.727655677655678,0.156776556776557,0.00293040293040293,0.0173992673992674
159273.411807,2574366.126422,0.000916758342500917,0.0458379171250458,0.916941694169417,0.0355702236890356,0,0.000733406674000733
159773.411807,2574366.126422,0.0371794871794872,0.211355311355311,0.46978021978022,0.227472527472527,0.00952380952380952,0.0446886446886447
160273.411807,2574366.126422,0.0565418757236588,0.0872250096487843,0.0685063681976071,0.718062524121961,0.0459282130451563,0.0237360092628329
157273.411807,2573866.126422,0,0,1,0,0,0
157773.411807,2573866.126422,0.00256551218618288,0.0194245922668133,0.458127176104086,0.519699468572476,0.000183250870441635,0
158273.411807,2573866.126422,0,0,0.85079831161681,0.14920168838319,0,0
158773.411807,2573866.126422,0.00201723821749496,0.132220795892169,0.77608655785806,0.0885750962772786,0,0.00110031175499725
159273.411807,2573866.126422,0.00769653655854865,0.181051859996335,0.496976360637713,0.300531427524281,0.00128275609309144,0.0124610591900312
159773.411807,2573866.126422,0.000917599559552211,0.0607450908423564,0.606533308864012,0.326481923288677,0.00311983850247752,0.00220223894292531
160273.411807,2573866.126422,0.0380676328502415,0.153816425120773,0.308792270531401,0.396714975845411,0.0403864734299517,0.0622222222222222
157273.411807,2573366.126422,0,0,0.992478444322143,0.00752155567785727,0,0
157773.411807,2573366.126422,0,0,0.582600732600733,0.417399267399267,0,0
158273.411807,2573366.126422,0.00110091743119266,0.00605504587155963,0.841284403669725,0.151376146788991,0.00018348623853211,0
158773.411807,2573366.126422,0.0124747752705926,0.240322876536415,0.485965877820583,0.186754723903871,0.0113740598055403,0.0631076866629976
159273.411807,2573366.126422,0.00512820512820513,0.178388278388278,0.381318681318681,0.417216117216117,0.00183150183150183,0.0161172161172161
159773.411807,2573366.126422,0,0.104770642201835,0.528256880733945,0.357247706422018,0.00348623853211009,0.00623853211009174
160273.411807,2573366.126422,0.01449835685289,0.110574134931374,0.574134931374444,0.253624589213223,0.016431471099942,0.0307365165281268
157273.411807,2572866.126422,0,0,0.756227106227106,0.243772893772894,0,0
157773.411807,2572866.126422,0,0,0.562706270627063,0.437293729372937,0,0
158273.411807,2572866.126422,0,0,0.912454212454212,0.0875457875457875,0,0
158773.411807,2572866.126422,0.000732600732600733,0.0152014652014652,0.924358974358974,0.0597069597069597,0,0
159273.411807,2572866.126422,0.0055005500550055,0.161349468280161,0.572057205720572,0.251008434176751,0.00146681334800147,0.00861752841950862
159773.411807,2572866.126422,0.0344322344322344,0.185164835164835,0.398534798534799,0.287912087912088,0.0324175824175824,0.0615384615384615
160273.411807,2572866.126422,0.050366653801621,0.426283288305673,0.122153608645311,0.113469702817445,0.0306831339251254,0.257043612504824
157273.411807,2572366.126422,0.00752378844877185,0.0168178800619606,0.514051781367559,0.461163974330604,0.000442575791104227,0
157773.411807,2572366.126422,0,0,0.47875166002656,0.52124833997344,0,0
158273.411807,2572366.126422,0,0.0152823920265781,0.974307862679956,0.00996677740863787,0,0.00044296788482835
158773.411807,2572366.126422,0,0.256030095153795,0.538614737773844,0.141181677362248,0.00243416685107325,0.0617393228590396
159273.411807,2572366.126422,0.00664010624169987,0.31584772023019,0.551571491810536,0.101372288623285,0.00597609561752988,0.0185922974767596
159773.411807,2572366.126422,0.00332225913621262,0.33156146179402,0.493466223698782,0.154817275747508,0.00553709856035437,0.0112956810631229
160273.411807,2572366.126422,0.00495049504950495,0.236209335219236,0.219471947194719,0.376001885902876,0.0363036303630363,0.127062706270627
