"x","y","forest","agri","water","built","other","grass"
275773.411807,2668866.126422,0.945894334818587,0.0451941438574157,0,0,0,0.00891152132399745
276273.411807,2668866.126422,0.9484404837683,0.0302355187778485,0,0,0,0.0213239974538511
276773.411807,2668866.126422,0.889560789306174,0.0977084659452578,0.00222788033099936,0,0,0.0105028644175684
277273.411807,2668866.126422,0.481540420114577,0.00572883513685551,0,0.000954805856142584,0.00222788033099936,0.509548058561426
277773.411807,2668866.126422,0.696371737746658,0.0152768936982813,0,0.0280076384468491,0.0206874602164227,0.239656269891789
278273.411807,2668866.126422,0.90897517504774,0.00986632718014004,0,0.00732017823042648,0.00700190961171229,0.0668364099299809
278773.411807,2668866.126422,0.85359643539147,0.0105028644175684,0,0.0133672819859962,0.00827498408656906,0.114258434118396
279273.411807,2668866.126422,0.838956078930617,0,0,0.000318268618714195,0.000318268618714195,0.160407383831954
279773.411807,2668866.126422,0.833227243793762,0.0175047740292807,0.000318268618714195,0.00668364099299809,0.00827498408656906,0.133991088478676
280273.411807,2668866.126422,0.958943348185869,0.000318268618714195,0,0,0,0.0407383831954169
280773.411807,2668866.126422,0.508593252705283,0,0,0.000954805856142584,0.00318268618714195,0.487269255251432
281273.411807,2668866.126422,0.508911521323997,0.000318268618714195,0,0,0,0.490770210057288
281773.411807,2668866.126422,0.813176320814768,0.000318268618714195,0,0.00190961171228517,0.00381922342457034,0.180776575429663
282273.411807,2668866.126422,0.681731381285805,0.0872056015276894,0.0668364099299809,0.0776575429662635,0.0334182049649904,0.0531508593252705
282773.411807,2668866.126422,0.769891788669637,0.0840229153405474,0.0805219605346913,0.000318268618714195,0,0.0652450668364099
283273.411807,2668866.126422,0.86346276257161,0.0655633354551241,0.00254614894971356,0.00222788033099936,0.00445576066199873,0.0617441120305538
283773.411807,2668866.126422,0.594207511139402,0.306810948440484,0.00159134309357097,0.083386378103119,0.00986632718014004,0.00413749204328453
284273.411807,2668866.126422,0.287078294080204,0.200509229789943,0.13049013367282,0.273392743475493,0.0429662635264163,0.0655633354551241
284773.411807,2668866.126422,0.509548058561426,0.340229153405474,0.0063653723742839,0.105346912794398,0.0117759388924252,0.0267345639719924
285273.411807,2668866.126422,0.687141947803947,0.170910248249523,0.071928707829408,0.00922978994271165,0.00954805856142584,0.0512412476129854
285773.411807,2668866.126422,0.641629535327817,0.143857415658816,0.12667091024825,0.0464672183322724,0.00986632718014004,0.0315085932527053
286273.411807,2668866.126422,0.473901973265436,0.362189688096754,0.161998726925525,0.00127307447485678,0,0.00063653723742839
286773.411807,2668866.126422,0.899427116486314,0.0900700190961171,0.00159134309357097,0,0.00063653723742839,0.00827498408656906
287273.411807,2668866.126422,0.954805856142584,0.0162316995544239,0,0,0,0.0289624443029917
287773.411807,2668866.126422,0.973583704646722,0.0120942075111394,0,0,0,0.0143220878421388
275773.411807,2668366.126422,0.887401430405282,0.0638180817898405,0,0,0,0.0487804878048781
276273.411807,2668366.126422,0.919736118746564,0.0109950522264981,0,0.00238226131574125,0.00238226131574125,0.0645043063954554
276773.411807,2668366.126422,0.698109744907322,0.00899247568361167,0,0.00917599559552211,0.00844191594788034,0.275279867865663
277273.411807,2668366.126422,0.557674674491106,0.00256739409499358,0,0.0126535851824684,0.0196222262974509,0.407482119933981
277773.411807,2668366.126422,0.760491112332784,0.00513102437236577,0,0.0126443100604728,0.00879604178119846,0.212937511453179
278273.411807,2668366.126422,0.623784180583593,0.0724903652046247,0.0222059093411635,0.118737383006056,0.0445953385942375,0.118186823270325
278773.411807,2668366.126422,0.869062901155327,0.0075187969924812,0,0,0,0.123418301852191
279273.411807,2668366.126422,0.851383544071834,0.00842954004031519,0.000549752611324904,0.00751328568810702,0.0205240974894631,0.111599780098955
279773.411807,2668366.126422,0.877592218755735,0.009543035419343,0,0.022389429253074,0.0234905487245366,0.0669847678473114
280273.411807,2668366.126422,0.916376306620209,0.00256739409499358,0,0.0075187969924812,0.00495140289748762,0.0685860993948285
280773.411807,2668366.126422,0.652739600513102,0,0,0,0,0.347260399486898
281273.411807,2668366.126422,0.664525601027712,0,0,0,0,0.335474398972288
281773.411807,2668366.126422,0.884467265725289,0.00843572345497891,0,0,0,0.107097010819732
282273.411807,2668366.126422,0.743632032252153,0.119113065787062,0.0597397837639729,0.0089792926516401,0.0109950522264981,0.0575407733186733
282773.411807,2668366.126422,0.804000734079648,0.147366489264085,0.0356028629106258,0,0.000183519911910442,0.012846393833731
283273.411807,2668366.126422,0.72803961122318,0.210342930496974,0.0271410232899321,0.0150375939849624,0.00348432055749129,0.0159545204474601
283773.411807,2668366.126422,0.185266630016493,0.541139820414147,0.231079347626901,0.0249221183800623,0.0131940626717977,0.00439802089059923
284273.411807,2668366.126422,0.0220223894292531,0.559919251238759,0.00899247568361167,0.239493485043127,0.0192695907505964,0.150302807854652
284773.411807,2668366.126422,0.175316339629562,0.438841004951403,0.00385109114249037,0.165963689712085,0.0315422703099211,0.184485604254539
285273.411807,2668366.126422,0.549935862195345,0.109217518783214,0.0956569543705333,0.102620487447315,0.0384826827927433,0.104086494410848
285773.411807,2668366.126422,0.422829877041659,0.349421912277482,0.186272710589099,0.0240411084602679,0.00770783630023858,0.00972655533125344
286273.411807,2668366.126422,0.637447276728406,0.249770768384376,0.0779387493123052,0.00110031175499725,0.00128369704749679,0.0324591967724189
286773.411807,2668366.126422,0.95968480850284,0.0263881253435954,0,0,0,0.0139270661535642
287273.411807,2668366.126422,0.944209946779226,0.0233070288126262,0,0,0,0.0324830244081483
287773.411807,2668366.126422,0.925545571245186,0.0117366587199707,0.0170548322024574,0.0128369704749679,0.00880249403997799,0.0240234733174399
275773.411807,2667866.126422,0.854338653458081,0.00238488350761328,0,0.00385250412768299,0.00495321959273528,0.134470739313887
276273.411807,2667866.126422,0.946703296703297,0.000549450549450549,0,0.000549450549450549,0.000549450549450549,0.0516483516483516
276773.411807,2667866.126422,0.969724770642202,0,0,0.00073394495412844,0.00036697247706422,0.0291743119266055
277273.411807,2667866.126422,0.959823885525592,0,0,0,0,0.0401761144744084
277773.411807,2667866.126422,0.91025641025641,0.00549450549450549,0,0.00714285714285714,0.010989010989011,0.0661172161172161
278273.411807,2667866.126422,0.859449541284404,0,0,0,0,0.140550458715596
278773.411807,2667866.126422,0.888827738029719,0.00275178866263071,0,0,0,0.10842047330765
279273.411807,2667866.126422,0.92967032967033,0.000183150183150183,0,0.000183150183150183,0.000549450549450549,0.0694139194139194
279773.411807,2667866.126422,0.967889908256881,0.00513761467889908,0,0.00238532110091743,0.00477064220183486,0.0198165137614679
280273.411807,2667866.126422,0.91010823702073,0.0188956154833975,0.000733810310034856,0.00678774536782242,0.010273344340488,0.0532012474775271
280773.411807,2667866.126422,0.932234432234432,0.00366300366300366,0,0.00128205128205128,0.00256410256410256,0.0602564102564103
281273.411807,2667866.126422,0.920183486238532,0.00275229357798165,0,0,0,0.0770642201834862
281773.411807,2667866.126422,0.933406714364337,0.0155934690882407,0,0,0,0.0509998165474225
282273.411807,2667866.126422,0.944322344322344,0.0148351648351648,0,0,0,0.0408424908424908
282773.411807,2667866.126422,0.589908256880734,0.211926605504587,0.0552293577981651,0.0348623853211009,0.0330275229357798,0.075045871559633
283273.411807,2667866.126422,0.127316088791048,0.602641717116125,0.0253164556962025,0.0405430196294258,0.0238488350761328,0.180333883691066
283773.411807,2667866.126422,0.241575091575092,0.190659340659341,0.0236263736263736,0.0135531135531136,0.0296703296703297,0.500915750915751
284273.411807,2667866.126422,0.421284403669725,0.00990825688073394,0,0.0018348623853211,0.00403669724770642,0.562935779816514
284773.411807,2667866.126422,0.388552559163456,0.0599889928453495,0,0.00807191341038342,0.0091726288754357,0.534213905705375
285273.411807,2667866.126422,0.730586080586081,0.00567765567765568,0,0.000549450549450549,0.000183150183150183,0.263003663003663
285773.411807,2667866.126422,0.624220183486239,0.300366972477064,0.0299082568807339,0.00018348623853211,0.00146788990825688,0.0438532110091743
286273.411807,2667866.126422,0.82590350394423,0.171895065125665,0,0,0,0.00220143093010457
286773.411807,2667866.126422,0.926373626373626,0.0684981684981685,0,0,0,0.00512820512820513
287273.411807,2667866.126422,0.915412844036697,0.0768807339449541,0,0,0,0.00770642201834862
287773.411807,2667866.126422,0.95010089891763,0.0429279031370391,0,0,0,0.00697119794533113
275773.411807,2667366.126422,0.918864468864469,0,0,0,0,0.0811355311355311
276273.411807,2667366.126422,0.96993032636597,0,0,0,0,0.0300696736340301
276773.411807,2667366.126422,0.861355311355311,0.00787545787545788,0.000183150183150183,0.0032967032967033,0.00586080586080586,0.121428571428571
277273.411807,2667366.126422,0.988278388278388,0,0,0,0,0.0117216117216117
277773.411807,2667366.126422,0.913274660799413,0.00715071507150715,0,0.000733406674000733,0.00256692335900257,0.0762742940960763
278273.411807,2667366.126422,0.925091575091575,0.00750915750915751,0,0,0,0.0673992673992674
278773.411807,2667366.126422,0.806593406593407,0.000915750915750916,0,0,0,0.192490842490843
279273.411807,2667366.126422,0.83021635496883,0.0088008800880088,0,0,0,0.160982764943161
279773.411807,2667366.126422,0.970512820512821,0.000732600732600733,0,0,0,0.0287545787545788
280273.411807,2667366.126422,0.847252747252747,0.0157509157509158,0.00274725274725275,0.0384615384615385,0.0245421245421245,0.0712454212454212
280773.411807,2667366.126422,0.904657132379905,0.0436376971030436,0,0.0066006600660066,0.0055005500550055,0.0396039603960396
281273.411807,2667366.126422,0.897802197802198,0.00274725274725275,0,0,0,0.0994505494505494
281773.411807,2667366.126422,0.882783882783883,0.0445054945054945,0,0,0.0010989010989011,0.0716117216117216
282273.411807,2667366.126422,0.922442244224422,0.035020168683535,0,0,0,0.0425375870920425
282773.411807,2667366.126422,0.905494505494505,0.036996336996337,0,0.000183150183150183,0.000732600732600733,0.0565934065934066
283273.411807,2667366.126422,0.171062271062271,0.156959706959707,0,0.0791208791208791,0.0756410256410256,0.517216117216117
283773.411807,2667366.126422,0.558672533920059,0.00055005500550055,0,0.000916758342500917,0.00165016501650165,0.438210487715438
284273.411807,2667366.126422,0.93040293040293,0,0,0,0,0.0695970695970696
284773.411807,2667366.126422,0.972710622710623,0,0,0,0,0.0272893772893773
285273.411807,2667366.126422,0.968646864686469,0.00165016501650165,0,0,0,0.0297029702970297
285773.411807,2667366.126422,0.966300366300366,0.017032967032967,0,0,0,0.0166666666666667
286273.411807,2667366.126422,0.434798534798535,0.436813186813187,0,0.0247252747252747,0.0210622710622711,0.0826007326007326
286773.411807,2667366.126422,0.701503483681701,0.0588558855885589,0,0,0,0.23964063072974
287273.411807,2667366.126422,0.931868131868132,0.0661172161172161,0,0.000183150183150183,0,0.00183150183150183
287773.411807,2667366.126422,0.907509157509158,0.0924908424908425,0,0,0,0
275773.411807,2666866.126422,0.972675591417568,0.00110031175499725,0,0.000916926462497708,0.00165046763249587,0.0236567027324409
276273.411807,2666866.126422,0.985339930364669,0.00146600696353308,0,0,0,0.0131940626717977
276773.411807,2666866.126422,0.965865296384658,0.000367039823820885,0,0.00440447788585061,0.00495503762158194,0.0244081482840888
277273.411807,2666866.126422,0.967724188520081,0,0,0.000366770584999083,0.000183385292499542,0.0317256556024207
277773.411807,2666866.126422,0.96408282939344,0,0,0,0.000183250870441635,0.0357339197361187
278273.411807,2666866.126422,0.959809139291613,0.00642319691686548,0.000550559735731327,0.00201871903101487,0.00275279867865663,0.0284455863461186
278773.411807,2666866.126422,0.977076838437557,0,0,0,0,0.0229231615624427
279273.411807,2666866.126422,0.923034634414513,0,0,0,0,0.0769653655854865
279773.411807,2666866.126422,0.957606900348688,0.000550559735731327,0,0,0,0.0418425399155808
280273.411807,2666866.126422,0.929396662387676,0.0203557674674491,0.0022006235099945,0.00770218228498074,0.00623509994498441,0.0341096644049147
280773.411807,2666866.126422,0.900861279091076,0.0219901044529962,0,0,0.000366501740883269,0.0767821147150449
281273.411807,2666866.126422,0.878693338227198,0.0282620664342081,0.00697375665259681,0.00972655533125344,0.0146815929528354,0.0616626904019086
281773.411807,2666866.126422,0.927562809462681,0.0416284613973959,0,0,0.000550155877498625,0.0302585732624244
282273.411807,2666866.126422,0.898479017775334,0.066703316840755,0,0,0.000183250870441635,0.0346344145134689
282773.411807,2666866.126422,0.870618462103138,0.110662506881997,0,0,0,0.0187190310148651
283273.411807,2666866.126422,0.366037043829085,0.320924261874198,0,0.00605171465248487,0.00861910874747845,0.298367870896754
283773.411807,2666866.126422,0.916987355689939,0.00238226131574125,0,0,0,0.0806303829943192
284273.411807,2666866.126422,0.949532024224628,0,0,0.000917599559552211,0.000550559735731327,0.0489998164800881
284773.411807,2666866.126422,0.915092609572712,0.00275077938749312,0,0.00128369704749679,0.000550155877498625,0.0803227581147992
285273.411807,2666866.126422,0.920285871357889,0.00384826827927433,0,0,0,0.0758658603628367
285773.411807,2666866.126422,0.963846577353643,0.00293631859056708,0,0,0,0.0332171040557901
286273.411807,2666866.126422,0.203741059966991,0.0269576379974326,0,0,0.000183385292499542,0.769117916743077
286773.411807,2666866.126422,0.580172255818215,0.172439069085578,0,0,0,0.247388675096207
287273.411807,2666866.126422,0.682694072306845,0.296384657735364,0,0,0,0.0209212699577904
287773.411807,2666866.126422,0.548505409866129,0.44782688428388,0,0,0,0.00366770584999083
275773.411807,2666366.126422,0.977068427811411,0,0,0,0,0.0229315721885892
276273.411807,2666366.126422,0.931868131868132,0.000366300366300366,0,0,0.000549450549450549,0.0672161172161172
276773.411807,2666366.126422,0.948440366972477,0,0,0.00036697247706422,0.00018348623853211,0.0510091743119266
277273.411807,2666366.126422,0.962575674188222,0,0,0,0,0.0374243258117777
277773.411807,2666366.126422,0.970879120879121,0.000183150183150183,0,0,0,0.0289377289377289
278273.411807,2666366.126422,0.965871559633028,0,0,0.00752293577981651,0.00532110091743119,0.0212844036697248
278773.411807,2666366.126422,0.980187121629059,0,0,0,0,0.0198128783709411
279273.411807,2666366.126422,0.98956043956044,0,0,0.000183150183150183,0.000549450549450549,0.00970695970695971
279773.411807,2666366.126422,0.985137614678899,0,0,0,0,0.0148623853211009
280273.411807,2666366.126422,0.928086589616584,0.0332049165290772,0.000183452577508714,0.001284168042561,0.00311869381764814,0.0341221794166208
280773.411807,2666366.126422,0.95989010989011,0.0331501831501832,0.000366300366300366,0,0,0.00659340659340659
281273.411807,2666366.126422,0.943853211009174,0.0146788990825688,0.00348623853211009,0.00385321100917431,0.00330275229357798,0.0308256880733945
281773.411807,2666366.126422,0.819666116308934,0.152449091909741,0.0111906072280316,0.00458631443771785,0.000550357732526142,0.011557512383049
282273.411807,2666366.126422,0.875457875457875,0.0847985347985348,0.0032967032967033,0.000183150183150183,0.000366300366300366,0.0358974358974359
282773.411807,2666366.126422,0.461284403669725,0.484220183486239,0.00036697247706422,0.00036697247706422,0.00073394495412844,0.0530275229357798
283273.411807,2666366.126422,0.496055769583563,0.0616400660429279,0.000183452577508714,0.0066042927903137,0.015410016510732,0.420106402494955
283773.411807,2666366.126422,0.928571428571429,0.00402930402930403,0,0.00311355311355311,0.00293040293040293,0.0613553113553114
284273.411807,2666366.126422,0.94348623853211,0.00201834862385321,0,0,0,0.0544954128440367
284773.411807,2666366.126422,0.950467804072647,0.00348559897266557,0,0.000550357732526142,0.000183452577508714,0.0453127866446524
285273.411807,2666366.126422,0.922344322344322,0.00714285714285714,0,0,0,0.0705128205128205
285773.411807,2666366.126422,0.947706422018349,0,0,0,0,0.0522935779816514
286273.411807,2666366.126422,0.876719867914144,0,0,0,0,0.123280132085856
286773.411807,2666366.126422,0.766300366300366,0.103663003663004,0,0,0,0.13003663003663
287273.411807,2666366.126422,0.424220183486239,0.269724770642202,0,0.00018348623853211,0,0.305871559633028
287773.411807,2666366.126422,0.13557145477894,0.108787378462667,0,0.000733810310034856,0.000183452577508714,0.754723903870849
275773.411807,2665866.126422,0.985164835164835,0,0,0,0,0.0148351648351648
276273.411807,2665866.126422,0.774477447744774,0.00366703337000367,0,0.00605060506050605,0.0287862119545288,0.187018701870187
276773.411807,2665866.126422,0.904578754578755,0,0,0.00128205128205128,0.000183150183150183,0.093956043956044
277273.411807,2665866.126422,0.939377289377289,0.00146520146520147,0,0.00256410256410256,0.00476190476190476,0.0518315018315018
277773.411807,2665866.126422,0.880821415474881,0.0122845617895123,0.00806747341400807,0.0133846718005134,0.0212687935460213,0.0641730839750642
278273.411807,2665866.126422,0.886446886446886,0.00494505494505494,0,0.0122710622710623,0.013003663003663,0.0833333333333333
278773.411807,2665866.126422,0.82051282051282,0.0388278388278388,0.00421245421245421,0.00402930402930403,0.00860805860805861,0.123809523809524
279273.411807,2665866.126422,0.909240924092409,0.0137513751375138,0.00586725339200587,0.00238357169050238,0.00348368170150348,0.0652731939860653
279773.411807,2665866.126422,0.958791208791209,0.00695970695970696,0.00293040293040293,0.00146520146520147,0.00293040293040293,0.0269230769230769
280273.411807,2665866.126422,0.816300366300366,0.0525641025641026,0.0216117216117216,0.00879120879120879,0.0304029304029304,0.0703296703296703
280773.411807,2665866.126422,0.953061972863953,0.0148514851485149,0,0,0,0.0320865419875321
281273.411807,2665866.126422,0.846886446886447,0.0294871794871795,0.00366300366300366,0.00366300366300366,0.0032967032967033,0.113003663003663
281773.411807,2665866.126422,0.870879120879121,0.067032967032967,0,0,0.000549450549450549,0.0615384615384615
282273.411807,2665866.126422,0.550605060506051,0.403740374037404,0.0295196186285295,0.00458379171250458,0.00055005500550055,0.011001100110011
282773.411807,2665866.126422,0.533150183150183,0.0716117216117216,0,0.0021978021978022,0.00293040293040293,0.39010989010989
283273.411807,2665866.126422,0.895604395604396,0.000915750915750916,0,0.00293040293040293,0.00512820512820513,0.0954212454212454
283773.411807,2665866.126422,0.86028602860286,0.00256692335900257,0,0.0166850018335167,0.0128346167950128,0.107627429409608
284273.411807,2665866.126422,0.954761904761905,0.00714285714285714,0,0,0,0.0380952380952381
284773.411807,2665866.126422,0.96007326007326,0.00476190476190476,0,0,0,0.0351648351648352
285273.411807,2665866.126422,0.920608727539421,0.00146681334800147,0,0,0.000733406674000733,0.0771910524385772
285773.411807,2665866.126422,0.932417582417582,0.00164835164835165,0,0.000366300366300366,0.000915750915750916,0.0646520146520147
286273.411807,2665866.126422,0.967032967032967,0,0,0,0,0.032967032967033
286773.411807,2665866.126422,0.918225155848918,0.00256692335900257,0,0,0.000366703337000367,0.0788412174550788
287273.411807,2665866.126422,0.823992673992674,0,0,0,0,0.176007326007326
287773.411807,2665866.126422,0.75,0.00311355311355311,0,0.00238095238095238,0,0.244505494505494
275773.411807,2665366.126422,0.957454612140106,0.00550155877498625,0,0.000733541169998166,0.00366770584999083,0.0326425820649184
276273.411807,2665366.126422,0.893897746014294,0.000366501740883269,0,0.00311526479750779,0.0131940626717977,0.0894264247755177
276773.411807,2665366.126422,0.760506514956873,0.0636814094329235,0.0328500642319692,0.0295467058175812,0.0227564690768948,0.0906588364837585
277273.411807,2665366.126422,0.873647533467816,0.0416284613973959,0.00458463231248854,0.0097194205024757,0.0210893086374473,0.0493306436823767
277773.411807,2665366.126422,0.808869342129375,0.11434854315558,0.0205240974894631,0.0042147700201576,0.00806303829943192,0.0439802089059923
278273.411807,2665366.126422,0.654615525784548,0.193429987153606,0.071389245733162,0.0442282987704166,0.00935951550743256,0.026977427050835
278773.411807,2665366.126422,0.897120850907757,0.0995782138272511,0.00256739409499358,0,0,0.000733541169998166
279273.411807,2665366.126422,0.601612607659886,0.146600696353308,0.206340480117281,0.0355506688656771,0.00238226131574125,0.00751328568810702
279773.411807,2665366.126422,0.827858322628005,0.128280418425399,0.00660671682877592,0.000917599559552211,0.00220223894292531,0.0341347036153423
280273.411807,2665366.126422,0.880616174582799,0.0942600403447643,0.00696864111498258,0.00146708233999633,0.00146708233999633,0.0152209792774619
280773.411807,2665366.126422,0.755726589701301,0.0604727872457394,0.0216236027121129,0.00641378046545721,0.0152098222466557,0.140553417628734
281273.411807,2665366.126422,0.787483942007708,0.1036887502294,0.00513855753349238,0.00311983850247752,0.00238575885483575,0.0981831528720866
281773.411807,2665366.126422,0.821932880982945,0.0322758114799193,0.000366770584999083,0.00806895286997983,0.00935264991747662,0.12800293416468
282273.411807,2665366.126422,0.4775517683709,0.110683525746747,0.00604727872457394,0.0804471321238776,0.0943741982774418,0.23089609675646
282773.411807,2665366.126422,0.539732060928611,0.026977427050835,0.00623967700495504,0.0295467058175812,0.0155991925123876,0.38190493668563
283273.411807,2665366.126422,0.927562809462681,0.0309921144324225,0.000366770584999083,0.000916926462497708,0.00183385292499542,0.0383275261324042
283773.411807,2665366.126422,0.928715411398204,0.0194245922668133,0,0.000916254352208173,0.00164925783397471,0.0492944841487997
284273.411807,2665366.126422,0.939438429069554,0.0280785465222977,0,0.000367039823820885,0.000734079647641769,0.0313819049366856
284773.411807,2665366.126422,0.936732074087658,0.0174216027874564,0,0.00128369704749679,0.00128369704749679,0.0432789290298918
285273.411807,2665366.126422,0.921935129191864,0.000183250870441635,0,0,0,0.0778816199376947
285773.411807,2665366.126422,0.952651862727106,0.00110111947146265,0,0.00146815929528354,0.00220223894292531,0.0425766195632226
286273.411807,2665366.126422,0.954703832752613,0.000366770584999083,0,0.000183385292499542,0.00128369704749679,0.0434623143223913
286773.411807,2665366.126422,0.795125526846252,0.00109950522264981,0,0,0,0.203774967931098
287273.411807,2665366.126422,0.472563773169389,0,0,0,0,0.527436226830611
287773.411807,2665366.126422,0.899321474417752,0.00110031175499725,0,0,0,0.0995782138272511
275773.411807,2664866.126422,0.905155017427995,0.0390753990093561,0.0104567969179967,0.00293524124013942,0.00678774536782242,0.0355898000366905
276273.411807,2664866.126422,0.893406593406593,0.0408424908424908,0.00604395604395604,0.0102564102564103,0.00897435897435897,0.0404761904761905
276773.411807,2664866.126422,0.732293577981651,0.0921100917431193,0.0677064220183486,0.0418348623853211,0.0174311926605505,0.0486238532110092
277273.411807,2664866.126422,0.795266923500275,0.0522839845899835,0.00421940928270042,0.0232984773436067,0.0284351495138507,0.0964960557695836
277773.411807,2664866.126422,0.98974358974359,0.00622710622710623,0,0,0,0.00402930402930403
278273.411807,2664866.126422,0.991192660550459,0.00018348623853211,0,0,0.00018348623853211,0.00844036697247706
278773.411807,2664866.126422,0.989543203082003,0.0091726288754357,0,0,0,0.001284168042561
279273.411807,2664866.126422,0.823076923076923,0.115018315018315,0.060989010989011,0,0.000915750915750916,0
279773.411807,2664866.126422,0.864036697247706,0.106605504587156,0.018348623853211,0,0,0.0110091743119266
280273.411807,2664866.126422,0.915611814345992,0.0144927536231884,0,0.00183452577508714,0.00220143093010457,0.0658594753256283
280773.411807,2664866.126422,0.525824175824176,0.1503663003663,0.215934065934066,0.0371794871794872,0.0241758241758242,0.0465201465201465
281273.411807,2664866.126422,0.82605504587156,0.111743119266055,0.00036697247706422,0.00073394495412844,0.0036697247706422,0.0574311926605505
281773.411807,2664866.126422,0.845349477160154,0.0739313887360117,0.000183452577508714,0.00110071546505228,0.00348559897266557,0.0759493670886076
282273.411807,2664866.126422,0.874175824175824,0.0642857142857143,0,0.00164835164835165,0.000366300366300366,0.0595238095238095
282773.411807,2664866.126422,0.186605504587156,0.392110091743119,0,0.00899082568807339,0.0214678899082569,0.390825688073395
283273.411807,2664866.126422,0.540818198495689,0.434415703540635,0,0,0.001284168042561,0.0234819299211154
283773.411807,2664866.126422,0.732967032967033,0.251648351648352,0,0,0.000549450549450549,0.0148351648351648
284273.411807,2664866.126422,0.914495412844037,0.0165137614678899,0,0,0,0.0689908256880734
284773.411807,2664866.126422,0.917446340121079,0.00825536598789213,0,0,0,0.0742982938910292
285273.411807,2664866.126422,0.948534798534798,0.00952380952380952,0,0.000366300366300366,0.000732600732600733,0.0408424908424908
285773.411807,2664866.126422,0.957798165137615,0.00201834862385321,0,0,0,0.0401834862385321
286273.411807,2664866.126422,0.972115208218675,0.00403595670519171,0,0,0,0.0238488350761328
286773.411807,2664866.126422,0.82051282051282,0.00146520146520147,0,0,0,0.178021978021978
287273.411807,2664866.126422,0.68697247706422,0,0,0,0,0.31302752293578
287773.411807,2664866.126422,0.895432030820033,0.00238488350761328,0,0,0,0.102183085672354
275773.411807,2664366.126422,0.952930402930403,0.0232600732600733,0.000183150183150183,0.00164835164835165,0.000915750915750916,0.0210622710622711
276273.411807,2664366.126422,0.970847084708471,0.0212687935460213,0,0.00146681334800147,0.00128346167950128,0.00513384671800513
276773.411807,2664366.126422,0.742857142857143,0.0992673992673993,0.0641025641025641,0.0166666666666667,0.00457875457875458,0.0725274725274725
277273.411807,2664366.126422,0.78956043956044,0.161904761904762,0.0272893772893773,0.000183150183150183,0.000915750915750916,0.0201465201465201
277773.411807,2664366.126422,0.810781078107811,0.0537220388705537,0.00055005500550055,0.0271360469380271,0.0249358269160249,0.0828749541620829
278273.411807,2664366.126422,0.984249084249084,0.00769230769230769,0,0,0,0.00805860805860806
278773.411807,2664366.126422,0.978937728937729,0.00897435897435897,0,0,0,0.0120879120879121
279273.411807,2664366.126422,0.898973230656399,0.00916758342500917,0,0,0,0.0918591859185919
279773.411807,2664366.126422,0.921794871794872,0.00164835164835165,0,0,0,0.0765567765567766
280273.411807,2664366.126422,0.815018315018315,0.0783882783882784,0.0186813186813187,0.0137362637362637,0.00695970695970696,0.0672161172161172
280773.411807,2664366.126422,0.777044371103777,0.162816281628163,0.0132013201320132,0.00788412174550788,0.00421708837550422,0.0348368170150348
281273.411807,2664366.126422,0.894505494505495,0.0857142857142857,0,0,0,0.0197802197802198
281773.411807,2664366.126422,0.892857142857143,0.0923076923076923,0,0,0,0.0148351648351648
282273.411807,2664366.126422,0.698753208654199,0.198019801980198,0,0.00055005500550055,0.0022002200220022,0.1004767143381
282773.411807,2664366.126422,0.0157509157509158,0.548168498168498,0.000549450549450549,0.363186813186813,0.0261904761904762,0.0461538461538462
283273.411807,2664366.126422,0.0512820512820513,0.178388278388278,0.0144688644688645,0.481684981684982,0.0324175824175824,0.241758241758242
283773.411807,2664366.126422,0.27961129446278,0.202053538687202,0.00751741840850752,0.25980931426476,0.0887422075540887,0.162266226622662
284273.411807,2664366.126422,0.602564102564103,0.0250915750915751,0,0.00183150183150183,0.00201465201465201,0.368498168498169
284773.411807,2664366.126422,0.930769230769231,0.00714285714285714,0,0,0,0.0620879120879121
285273.411807,2664366.126422,0.935643564356436,0.00605060506050605,0,0,0,0.0583058305830583
285773.411807,2664366.126422,0.976007326007326,0.00641025641025641,0,0,0,0.0175824175824176
286273.411807,2664366.126422,0.941391941391941,0.00824175824175824,0.000366300366300366,0.00311355311355311,0.0108058608058608,0.0360805860805861
286773.411807,2664366.126422,0.962412907957462,0.000916758342500917,0,0.000183351668500183,0.00165016501650165,0.0348368170150348
287273.411807,2664366.126422,0.97014652014652,0.0108058608058608,0,0,0,0.019047619047619
287773.411807,2664366.126422,0.826923076923077,0.00238095238095238,0,0,0,0.170695970695971
275773.411807,2663866.126422,0.9602053915276,0.0267742527049331,0,0,0,0.0130203557674674
276273.411807,2663866.126422,0.903793293018142,0.0938244456661169,0.00164925783397471,0,0,0.000733003481766538
276773.411807,2663866.126422,0.988988805285373,0.00715727656450725,0,0,0,0.00385391815011929
277273.411807,2663866.126422,0.973959288465065,0.0214560792224464,0,0,0,0.00458463231248854
277773.411807,2663866.126422,0.817665383910574,0.127542605827378,0.0144768187648891,0.00879604178119846,0.00164925783397471,0.0298698918819864
278273.411807,2663866.126422,0.959809139291613,0.0350523031748945,0,0.000183519911910442,0,0.00495503762158194
278773.411807,2663866.126422,0.959471850357601,0.0364936732074088,0,0,0,0.00403447643498991
279273.411807,2663866.126422,0.896463258200476,0.0388491845336265,0,0,0,0.064687557265897
279773.411807,2663866.126422,0.637364654064966,0.0034868783262984,0,0,0.000734079647641769,0.358414387961094
280273.411807,2663866.126422,0.73189070236567,0.0584999083073537,0.00788556757748029,0.0137538969374656,0.0159545204474601,0.17201540436457
280773.411807,2663866.126422,0.888766721641928,0.0844786512735936,0.00458127176104087,0.000183250870441635,0.000366501740883269,0.0216236027121129
281273.411807,2663866.126422,0.801247935400991,0.175445035786383,0.00440447788585061,0.000367039823820885,0.000734079647641769,0.0178014314553129
281773.411807,2663866.126422,0.691362552723272,0.306986979644233,0.000183385292499542,0.00128369704749679,0,0.000183385292499542
282273.411807,2663866.126422,0.0483782297965915,0.467106468755727,0.000916254352208173,0.423492761590618,0.032618654938611,0.0274876305662452
282773.411807,2663866.126422,0.227931730592769,0.0488162965681776,0.0012846393833731,0.34024591668196,0.135070655166086,0.246650761607634
283273.411807,2663866.126422,0.0540986612873648,0.0337428938199156,0.0130203557674674,0.743260590500642,0.0986612873647534,0.057216211259857
283773.411807,2663866.126422,0.0879604178119846,0.0263881253435954,0.093274693054792,0.572109217518783,0.130841121495327,0.0894264247755177
284273.411807,2663866.126422,0.632960176179115,0.0198201504863278,0.0110111947146265,0.146081849880712,0.0879060378051019,0.102220590934116
284773.411807,2663866.126422,0.882266642215294,0.00605171465248487,0,0.013203741059967,0.00898587933247754,0.0894920227397763
285273.411807,2663866.126422,0.936045446215869,0.00494777350192413,0,0.00861279091075683,0.00733003481766538,0.0430639545537841
285773.411807,2663866.126422,0.981648008808956,0.0034868783262984,0,0,0,0.0148651128647458
286273.411807,2663866.126422,0.965523565010086,0.00916926462497708,0,0,0,0.0253071703649367
286773.411807,2663866.126422,0.934396188381895,0.0174088326919553,0,0.00256551218618288,0.00513102437236577,0.0404984423676012
287273.411807,2663866.126422,0.980363369425583,0.000367039823820885,0,0.000183519911910442,0.00275279867865663,0.0163332721600294
287773.411807,2663866.126422,0.970841738492573,0,0,0,0,0.0291582615074271
275773.411807,2663366.126422,0.881306182351862,0.0330214639515685,0.000366905155017428,0.0299027701339204,0.014125848468171,0.0412768299394606
276273.411807,2663366.126422,0.965567765567766,0.0106227106227106,0.00384615384615385,0.00347985347985348,0.00622710622710623,0.0102564102564103
276773.411807,2663366.126422,0.990642201834862,0.00256880733944954,0,0,0,0.00678899082568807
277273.411807,2663366.126422,0.953219592735278,0.0216474041460283,0.001284168042561,0.001284168042561,0.002568336085122,0.0199963309484498
277773.411807,2663366.126422,0.964835164835165,0.00989010989010989,0,0.000549450549450549,0.000366300366300366,0.0243589743589744
278273.411807,2663366.126422,0.981284403669725,0.00844036697247706,0,0,0,0.0102752293577982
278773.411807,2663366.126422,0.957072096862961,0.032104201064025,0,0,0,0.0108237020730141
279273.411807,2663366.126422,0.873443223443223,0.091025641025641,0,0,0,0.0355311355311355
279773.411807,2663366.126422,0.655412844036697,0.00128440366972477,0,0,0.00036697247706422,0.342935779816514
280273.411807,2663366.126422,0.795817281232801,0.122913226930838,0,0.00458631443771785,0.00421940928270042,0.072463768115942
280773.411807,2663366.126422,0.822161172161172,0.126739926739927,0.00915750915750916,0.000915750915750916,0.0021978021978022,0.0388278388278388
281273.411807,2663366.126422,0.681284403669725,0.184036697247706,0,0.0554128440366972,0.0267889908256881,0.0524770642201835
281773.411807,2663366.126422,0.232434415703541,0.3494771601541,0.00421940928270042,0.209869748669969,0.0919097413318657,0.112089524857824
282273.411807,2663366.126422,0.388095238095238,0.021978021978022,0.00604395604395604,0.369413919413919,0.0924908424908425,0.121978021978022
282773.411807,2663366.126422,0.332660550458716,0.0614678899082569,0.0144954128440367,0.411192660550459,0.093394495412844,0.0867889908256881
283273.411807,2663366.126422,0.302513300311869,0.0310034855989727,0.0310034855989727,0.5221060355898,0.0557695835626491,0.0576041093377362
283773.411807,2663366.126422,0.458058608058608,0.0379120879120879,0.00347985347985348,0.335531135531136,0.0419413919413919,0.123076923076923
284273.411807,2663366.126422,0.241651376146789,0.00587155963302752,0.036697247706422,0.468623853211009,0.119266055045872,0.127889908256881
284773.411807,2663366.126422,0.83305815446707,0.00110071546505228,0,0.00568702990277013,0.00697119794533113,0.153182902219776
285273.411807,2663366.126422,0.827838827838828,0.00769230769230769,0,0.0201465201465201,0.0238095238095238,0.120512820512821
285773.411807,2663366.126422,0.957614678899083,0.00128440366972477,0,0.00036697247706422,0.000917431192660551,0.0398165137614679
286273.411807,2663366.126422,0.993395707209686,0,0,0,0,0.0066042927903137
286773.411807,2663366.126422,0.990476190476191,0.00274725274725275,0,0,0,0.00677655677655678
287273.411807,2663366.126422,0.871743119266055,0.0148623853211009,0.00238532110091743,0.0355963302752294,0.0238532110091743,0.0515596330275229
287773.411807,2663366.126422,0.936341955604476,0.001284168042561,0.00146762062006971,0.00972298660796184,0.0185287103283801,0.0326545587965511
275773.411807,2662866.126422,0.979487179487179,0.0152014652014652,0,0,0,0.00531135531135531
276273.411807,2662866.126422,0.996699669966997,0.0033003300330033,0,0,0,0
276773.411807,2662866.126422,0.973626373626374,0.0245421245421245,0,0,0,0.00183150183150183
277273.411807,2662866.126422,0.987179487179487,0.010989010989011,0,0,0,0.00183150183150183
277773.411807,2662866.126422,0.981298129812981,0.0183351668500183,0,0,0,0.000366703337000367
278273.411807,2662866.126422,0.768498168498169,0.212087912087912,0.00714285714285714,0.000366300366300366,0,0.0119047619047619
278773.411807,2662866.126422,0.85,0.097985347985348,0.0021978021978022,0,0,0.0498168498168498
279273.411807,2662866.126422,0.907224055738907,0.0348368170150348,0,0,0,0.0579391272460579
279773.411807,2662866.126422,0.822893772893773,0.043956043956044,0,0.00201465201465201,0.00256410256410256,0.128571428571429
280273.411807,2662866.126422,0.932417582417582,0.0503663003663004,0,0,0,0.0172161172161172
280773.411807,2662866.126422,0.79042904290429,0.155665566556656,0.00055005500550055,0.00311697836450312,0.0102676934360103,0.03997066373304
281273.411807,2662866.126422,0.494322344322344,0.244688644688645,0,0.118498168498168,0.0573260073260073,0.0851648351648352
281773.411807,2662866.126422,0.847802197802198,0.0663003663003663,0,0.0100732600732601,0.0131868131868132,0.0626373626373626
282273.411807,2662866.126422,0.95049504950495,0.00183351668500183,0,0.00128346167950128,0.00146681334800147,0.0449211587825449
282773.411807,2662866.126422,0.631868131868132,0.0228937728937729,0.0010989010989011,0.128754578754579,0.0481684981684982,0.167216117216117
283273.411807,2662866.126422,0.92985347985348,0.00238095238095238,0,0.00146520146520147,0.00183150183150183,0.0644688644688645
283773.411807,2662866.126422,0.711771177117712,0.0346534653465347,0.000916758342500917,0.0627062706270627,0.0234690135680235,0.166483314998166
284273.411807,2662866.126422,0.696336996336996,0.00879120879120879,0.0032967032967033,0.0734432234432234,0.0276556776556777,0.19047619047619
284773.411807,2662866.126422,0.659340659340659,0.00567765567765568,0,0.127106227106227,0.0467032967032967,0.161172161172161
285273.411807,2662866.126422,0.727356068940227,0.0113678034470114,0.00715071507150715,0.0869086908690869,0.0605060506050605,0.106710671067107
285773.411807,2662866.126422,0.919413919413919,0.00787545787545788,0,0.0102564102564103,0.00695970695970696,0.0554945054945055
286273.411807,2662866.126422,0.983699633699634,0.00128205128205128,0,0,0,0.015018315018315
286773.411807,2662866.126422,0.964063072973964,0.00806747341400807,0,0,0,0.0278694536120279
287273.411807,2662866.126422,0.914468864468864,0.0164835164835165,0.000915750915750916,0.00183150183150183,0.00915750915750916,0.0571428571428571
287773.411807,2662866.126422,0.996886446886447,0,0,0,0,0.00311355311355311
275773.411807,2662366.126422,0.940399779937649,0.0207225380524482,0.000183385292499542,0.000366770584999083,0.00146708233999633,0.0368604437924078
276273.411807,2662366.126422,0.986622686457761,0,0,0,0,0.0133773135422393
276773.411807,2662366.126422,0.918517159111764,0.011194714626537,0,0,0,0.0702881262616994
277273.411807,2662366.126422,0.966990647350083,0.0179717586649551,0,0,0,0.0150375939849624
277773.411807,2662366.126422,0.892065237309877,0.081729888216969,0,0,0,0.0262048744731537
278273.411807,2662366.126422,0.857037988621766,0.137456414020921,0.00110111947146265,0,0,0.00440447788585061
278773.411807,2662366.126422,0.565560242068586,0.350265908674124,0.0618008435723455,0,0.000733541169998166,0.0216394645149459
279273.411807,2662366.126422,0.742899028770387,0.175920835623969,0,0.000183250870441635,0.00238226131574125,0.0786146234194612
279773.411807,2662366.126422,0.789869700862544,0.151403927326115,0.0082583960359699,0.0113782345384474,0.0047715177096715,0.0343182235272527
280273.411807,2662366.126422,0.730973775903173,0.135338345864662,0.0053181734824867,0.00605171465248487,0.0221896203924445,0.10012836970475
280773.411807,2662366.126422,0.56166391790361,0.4260582737768,0,0.00109950522264981,0.00439802089059923,0.00678028220634048
281273.411807,2662366.126422,0.536795742338044,0.065149568728207,0,0.196182785832263,0.104055790053221,0.0978161130482657
281773.411807,2662366.126422,0.688611773335778,0.0212726939299468,0.00293416467999266,0.1600953603521,0.0577663671373556,0.0693196405648267
282273.411807,2662366.126422,0.931280923584387,0.00183250870441635,0,0.00568077698369067,0.00494777350192413,0.0562580172255818
282773.411807,2662366.126422,0.952835382639016,0.00183519911910442,0,0.00110111947146265,0.00220223894292531,0.0420260598274913
283273.411807,2662366.126422,0.901888868512745,0.0104529616724739,0.00110031175499725,0.0342930496974143,0.0115532734274711,0.0407115349348982
283773.411807,2662366.126422,0.969213853765805,0.00219901044529962,0,0.000183250870441635,0.000549752611324904,0.0278541323071285
284273.411807,2662366.126422,0.952101302991375,0.019086070838686,0,0.00146815929528354,0.00330335841438796,0.0240411084602679
284773.411807,2662366.126422,0.920777553640198,0.0205391527599487,0,0.000733541169998166,0.000183385292499542,0.0577663671373556
