"x","y","forest","agri","water","built","other","grass"
301273.411807,2654866.126422,0.933247753530167,0.0667522464698331,0,0,0,0
301773.411807,2654866.126422,0.967747846802272,0.0322521531977277,0,0,0,0
302273.411807,2654866.126422,0.957423380436777,0.0422095797394017,0,0,0,0.000367039823820885
302773.411807,2654866.126422,0.97194205024757,0.0260407115349349,0,0,0,0.00201723821749496
303273.411807,2654866.126422,0.944474986256185,0.0113615539673813,0,0,0,0.0441634597764339
303773.411807,2654866.126422,0.967333455679941,0.00734079647641769,0,0,0,0.025325747843641
304273.411807,2654866.126422,0.996332294150009,0,0,0,0,0.00366770584999083
304773.411807,2654866.126422,0.815649624335716,0.0322521531977277,0,0,0,0.152098222466557
305273.411807,2654866.126422,0.952284822903285,0,0,0,0,0.047715177096715
305773.411807,2654866.126422,0.851274527782872,0.000916926462497708,0,0.000366770584999083,0.00183385292499542,0.145607922244636
306273.411807,2654866.126422,0.658970130108118,0.00238226131574125,0,0.0122778083195895,0.0351841671247938,0.291185633131757
306773.411807,2654866.126422,0.227381170857038,0.0293631859056708,0.0034868783262984,0.218755734997247,0.133051936135071,0.387961093778675
307273.411807,2654866.126422,0.279662571061801,0.0786722904823033,0,0.142490372272144,0.116816431322208,0.382358334861544
307773.411807,2654866.126422,0.536192046912223,0.00458127176104087,0.00201575957485798,0.127542605827378,0.0339014110317024,0.295766904892798
308273.411807,2654866.126422,0.214167737199486,0.0231235089007157,0.00275279867865663,0.352174710956139,0.143145531290145,0.264635712974858
308773.411807,2654866.126422,0.274344397579314,0.0693196405648267,0,0.100311754997249,0.0828901522097928,0.473134054648817
309273.411807,2654866.126422,0.273227047828477,0.0419644493311343,0,0.0320689023272861,0.0426974528129009,0.610042147700202
309773.411807,2654866.126422,0.35272527069187,0.0471646173609837,0.000367039823820885,0.11213066617728,0.0756102037071022,0.412002202238943
310273.411807,2654866.126422,0.195672107097011,0.0647350082523382,0.00788556757748029,0.301852191454245,0.115532734274711,0.314322391344214
310773.411807,2654866.126422,0.05717427157779,0.0218068535825545,0.091258933479934,0.651640095290453,0.0652373098772219,0.112882536192047
311273.411807,2654866.126422,0.0559735731326849,0.0583593319875206,0.0236740686364471,0.650761607634428,0.0745090842356396,0.136722334373279
311773.411807,2654866.126422,0.10819732257473,0.0913258756647717,0.0022006235099945,0.236750412616908,0.0878415551072804,0.473684210526316
312273.411807,2654866.126422,0.404434671064688,0.0668865677111966,0.0153930731170973,0.0883269195528679,0.083745647791827,0.341213120762324
312773.411807,2654866.126422,0.427784914663241,0.0295467058175812,0.0229399889888053,0.195265186272711,0.106992108643788,0.217471095613874
313273.411807,2654866.126422,0.147075004584632,0.0328259673574179,0.0695030258573262,0.467265725288832,0.125802310654686,0.157527966257106
301273.411807,2654366.126422,0.444138690148597,0.539534030453128,0.000733810310034856,0.0152265639332233,0.000366905155017428,0
301773.411807,2654366.126422,0.965934065934066,0.0340659340659341,0,0,0,0
302273.411807,2654366.126422,0.948440366972477,0.0515596330275229,0,0,0,0
302773.411807,2654366.126422,0.947349110254999,0.0495321959273528,0,0,0,0.00311869381764814
303273.411807,2654366.126422,0.984432234432234,0.0135531135531136,0,0,0,0.00201465201465201
303773.411807,2654366.126422,0.976330275229358,0.0198165137614679,0,0,0,0.00385321100917431
304273.411807,2654366.126422,0.941662080352229,0.00421940928270042,0,0,0.000183452577508714,0.0539350577875619
304773.411807,2654366.126422,0.8,0.00879120879120879,0,0.000366300366300366,0.000366300366300366,0.19047619047619
305273.411807,2654366.126422,0.911376146788991,0.00055045871559633,0,0.00018348623853211,0.00018348623853211,0.0877064220183486
305773.411807,2654366.126422,0.843881856540084,0.001284168042561,0,0.00165107319757843,0.00458631443771785,0.148596587782058
306273.411807,2654366.126422,0.8,0.000915750915750916,0,0.0021978021978022,0.00659340659340659,0.19029304029304
306773.411807,2654366.126422,0.223669724770642,0.0968807339449541,0.00752293577981651,0.152110091743119,0.131009174311927,0.388807339449541
307273.411807,2654366.126422,0.15263254448725,0.14841313520455,0.00385250412768299,0.184369840396258,0.0922766464868831,0.418455329297377
307773.411807,2654366.126422,0.132234432234432,0.137179487179487,0.00256410256410256,0.258974358974359,0.139010989010989,0.33003663003663
308273.411807,2654366.126422,0.073394495412844,0.056697247706422,0.0401834862385321,0.526422018348624,0.0855045871559633,0.217798165137615
308773.411807,2654366.126422,0.0911759310218309,0.0667767382131719,0.032104201064025,0.565584296459365,0.0680609062557329,0.176297926985874
309273.411807,2654366.126422,0.411721611721612,0.0703296703296703,0.00274725274725275,0.0148351648351648,0.0115384615384615,0.488827838827839
309773.411807,2654366.126422,0.374311926605505,0.0506422018348624,0.00330275229357798,0.12348623853211,0.0794495412844037,0.368807339449541
310273.411807,2654366.126422,0.104751421757476,0.0174279948633278,0.0559530361401578,0.622454595487067,0.089157952669235,0.110254999082737
310773.411807,2654366.126422,0.0289377289377289,0.0267399267399267,0.175274725274725,0.719047619047619,0.0355311355311355,0.0144688644688645
311273.411807,2654366.126422,0.0511926605504587,0.055045871559633,0.0862385321100917,0.651192660550459,0.0689908256880734,0.0873394495412844
311773.411807,2654366.126422,0.0614566134654192,0.0909924784443221,0.0563199412951752,0.551458447991194,0.0922766464868831,0.147495872317006
312273.411807,2654366.126422,0.631318681318681,0.0254578754578755,0.00274725274725275,0.0736263736263736,0.0435897435897436,0.223260073260073
312773.411807,2654366.126422,0.379266055045872,0.0273394495412844,0.00770642201834862,0.277247706422018,0.155412844036697,0.15302752293578
313273.411807,2654366.126422,0.182168409466153,0.0447624289121262,0.014125848468171,0.369106585947533,0.16969363419556,0.220143093010457
301273.411807,2653866.126422,0.821428571428571,0.0816849816849817,0,0.00183150183150183,0.00402930402930403,0.091025641025641
301773.411807,2653866.126422,0.932709937660433,0.0661899523285662,0,0,0,0.0011001100110011
302273.411807,2653866.126422,0.992124542124542,0.00787545787545788,0,0,0,0
302773.411807,2653866.126422,0.987362637362637,0.0126373626373626,0,0,0,0
303273.411807,2653866.126422,0.979464613127979,0.0205353868720205,0,0,0,0
303773.411807,2653866.126422,0.93992673992674,0.05,0,0,0,0.0100732600732601
304273.411807,2653866.126422,0.913003663003663,0.010989010989011,0,0,0,0.076007326007326
304773.411807,2653866.126422,0.911257792445911,0,0,0,0,0.0887422075540887
305273.411807,2653866.126422,0.883150183150183,0.00970695970695971,0,0,0,0.107142857142857
305773.411807,2653866.126422,0.846703296703297,0.00146520146520147,0,0.00256410256410256,0.00366300366300366,0.145604395604396
306273.411807,2653866.126422,0.347084708470847,0.024019068573524,0.00238357169050238,0.138980564723139,0.0958929226255959,0.391639163916392
306773.411807,2653866.126422,0.114285714285714,0.15970695970696,0.0032967032967033,0.228571428571429,0.0990842490842491,0.395054945054945
307273.411807,2653866.126422,0.0906593406593407,0.191391941391941,0,0.0395604395604396,0.0635531135531135,0.614835164835165
307773.411807,2653866.126422,0.133296662999633,0.199119911991199,0.00513384671800513,0.114411441144114,0.0924092409240924,0.455628896222956
308273.411807,2653866.126422,0.111538461538462,0.105128205128205,0.0122710622710623,0.328205128205128,0.0961538461538462,0.346703296703297
308773.411807,2653866.126422,0.0972527472527473,0.164652014652015,0.00183150183150183,0.22014652014652,0.139377289377289,0.376739926739927
309273.411807,2653866.126422,0.0665566556655666,0.191969196919692,0.0232856618995233,0.313164649798313,0.107994132746608,0.297029702970297
309773.411807,2653866.126422,0.218498168498168,0.0791208791208791,0.0366300366300366,0.317216117216117,0.0732600732600733,0.275274725274725
310273.411807,2653866.126422,0.026007326007326,0.015018315018315,0.0873626373626374,0.822710622710623,0.0351648351648352,0.0137362637362637
310773.411807,2653866.126422,0.0381371470480381,0.0190685735240191,0.0792079207920792,0.802896956362303,0.0416208287495416,0.0190685735240191
311273.411807,2653866.126422,0.0532967032967033,0.0276556776556777,0.1003663003663,0.643589743589744,0.0811355311355311,0.093956043956044
311773.411807,2653866.126422,0.0595238095238095,0.0503663003663004,0.0564102564102564,0.438644688644689,0.0734432234432234,0.321611721611722
312273.411807,2653866.126422,0.700586725339201,0.00953428676200953,0.00421708837550422,0.0843417675100843,0.0394206087275394,0.161899523285662
312773.411807,2653866.126422,0.281684981684982,0.0692307692307692,0.00512820512820513,0.244139194139194,0.147252747252747,0.252564102564103
313273.411807,2653866.126422,0.192307692307692,0.0360805860805861,0.0664835164835165,0.425824175824176,0.135714285714286,0.143589743589744
301273.411807,2653366.126422,0.854025307170365,0.0502475701448744,0,0.00165046763249587,0.00953603520997616,0.0845406198422887
301773.411807,2653366.126422,0.964815832875206,0.0351841671247938,0,0,0,0
302273.411807,2653366.126422,0.985501926959075,0.0144980730409249,0,0,0,0
302773.411807,2653366.126422,0.993764900055016,0.00623509994498441,0,0,0,0
303273.411807,2653366.126422,0.971412864211105,0.028587135788895,0,0,0,0
303773.411807,2653366.126422,0.967516975591852,0.0324830244081483,0,0,0,0
304273.411807,2653366.126422,0.931047130020172,0.0179717586649551,0,0.000183385292499542,0,0.050797726022373
304773.411807,2653366.126422,0.969397104636247,0,0,0,0,0.030602895363753
305273.411807,2653366.126422,0.827491282804184,0,0,0,0.000183519911910442,0.172325197283905
305773.411807,2653366.126422,0.573812580231066,0.0174216027874564,0,0.0209059233449477,0.0403447643498991,0.347515129286631
306273.411807,2653366.126422,0.253619204691222,0.0751328568810702,0.000366501740883269,0.0595565328935312,0.0536925050393989,0.557632398753894
306773.411807,2653366.126422,0.122591301156175,0.211047898697009,0.000917599559552211,0.0956138741053404,0.0693705267021472,0.500458799779776
307273.411807,2653366.126422,0.0905923344947735,0.114432422519714,0.0115532734274711,0.254722171281863,0.104346231432239,0.424353566843939
307773.411807,2653366.126422,0.146050943741983,0.130108118013561,0.00604727872457394,0.299431922301631,0.107018508337915,0.311343228880337
308273.411807,2653366.126422,0.0768948430904753,0.244265002752799,0.0222059093411635,0.0456964580657001,0.0857037988621766,0.525233987887686
308773.411807,2653366.126422,0.094810196222263,0.158628278012103,0.000183385292499542,0.0797726022373006,0.0916926462497708,0.574912891986063
309273.411807,2653366.126422,0.0868609125893348,0.192596664834158,0.00458127176104087,0.183434121312076,0.146234194612424,0.386292834890966
309773.411807,2653366.126422,0.0901082767480272,0.057258212516058,0.105156909524683,0.495136722334373,0.0636814094329235,0.188658469443935
310273.411807,2653366.126422,0.0695030258573262,0.0671190170548322,0.0962772785622593,0.517146524848707,0.0779387493123052,0.17201540436457
310773.411807,2653366.126422,0.155579989004948,0.0333516584203775,0.053142752428074,0.39343961883819,0.110500274876306,0.253985706432106
311273.411807,2653366.126422,0.0390897412369242,0.0150486327766563,0.174527436226831,0.666544320058726,0.0653330886401175,0.0394567810607451
311773.411807,2653366.126422,0.0966440491472584,0.0366770584999083,0.0590500641848524,0.599853291766,0.130570328259674,0.077205208142307
312273.411807,2653366.126422,0.313725490196078,0.07623236210372,0.00439802089059923,0.170056807769837,0.0985889682975994,0.336998350742166
312773.411807,2653366.126422,0.246650761607634,0.0752431638832813,0.0119287942741787,0.211965498256561,0.121123141860892,0.333088640117453
313273.411807,2653366.126422,0.17201540436457,0.0573995965523565,0.050797726022373,0.417201540436457,0.145241151659637,0.157344580964607
301273.411807,2652866.126422,0.844799119427628,0.0401761144744084,0,0.001284168042561,0.00440286186020914,0.109337736195194
301773.411807,2652866.126422,0.981135531135531,0.0175824175824176,0,0,0,0.00128205128205128
302273.411807,2652866.126422,0.984220183486239,0.0157798165137615,0,0,0,0
302773.411807,2652866.126422,0.986974866996881,0.0130251330031187,0,0,0,0
303273.411807,2652866.126422,0.956959706959707,0.043040293040293,0,0,0,0
303773.411807,2652866.126422,0.969357798165138,0.0278899082568807,0,0,0,0.00275229357798165
304273.411807,2652866.126422,0.96716198862594,0.0273344340487984,0,0,0,0.00550357732526142
304773.411807,2652866.126422,0.955311355311355,0.00347985347985348,0,0,0,0.0412087912087912
305273.411807,2652866.126422,0.899266055045872,0.00055045871559633,0,0,0,0.100183486238532
305773.411807,2652866.126422,0.819115758576408,0.00385250412768299,0,0.00476976701522656,0.00880572372041827,0.163456246560264
306273.411807,2652866.126422,0.270879120879121,0.156776556776557,0,0.010989010989011,0.0287545787545788,0.532600732600733
306773.411807,2652866.126422,0.0943119266055046,0.212660550458716,0.00110091743119266,0.026605504587156,0.0328440366972477,0.632477064220183
307273.411807,2652866.126422,0.0836543753439736,0.203265455879655,0.00623738763529628,0.183819482663731,0.0803522289488167,0.442671069528527
307773.411807,2652866.126422,0.0393772893772894,0.0316849816849817,0.0545787545787546,0.749267399267399,0.0664835164835165,0.0586080586080586
308273.411807,2652866.126422,0.075045871559633,0.180550458715596,0.0115596330275229,0.265137614678899,0.0671559633027523,0.400550458715596
308773.411807,2652866.126422,0.101816180517336,0.144927536231884,0.01284168042561,0.17831590533847,0.141625389836727,0.420473307649972
309273.411807,2652866.126422,0.100732600732601,0.0941391941391941,0.0613553113553114,0.293406593406593,0.0666666666666667,0.383699633699634
309773.411807,2652866.126422,0.0544954128440367,0.0398165137614679,0.0669724770642202,0.735596330275229,0.0612844036697248,0.0418348623853211
310273.411807,2652866.126422,0.122179416620804,0.113557145477894,0.00935608145294441,0.271509814712897,0.110438451660246,0.372959090075216
310773.411807,2652866.126422,0.103663003663004,0.0521978021978022,0.113186813186813,0.476923076923077,0.091025641025641,0.163003663003663
311273.411807,2652866.126422,0.0897247706422018,0.0203669724770642,0.128807339449541,0.644036697247706,0.0796330275229358,0.0374311926605505
311773.411807,2652866.126422,0.063474591818015,0.0273344340487984,0.180333883691066,0.656026417171161,0.0489818381948266,0.0238488350761328
312273.411807,2652866.126422,0.181501831501831,0.0789377289377289,0.0380952380952381,0.379304029304029,0.121245421245421,0.200915750915751
312773.411807,2652866.126422,0.206422018348624,0.103119266055046,0.0721100917431193,0.224587155963303,0.134495412844037,0.259266055045872
313273.411807,2652866.126422,0.0898917629792699,0.0374243258117777,0.335534764263438,0.188956154833975,0.0421940928270042,0.305998899284535
301273.411807,2652366.126422,0.892857142857143,0.0293040293040293,0,0,0,0.0778388278388278
301773.411807,2652366.126422,0.95966263292996,0.0342867620095343,0,0,0,0.00605060506050605
302273.411807,2652366.126422,0.931135531135531,0.0683150183150183,0,0,0,0.000549450549450549
302773.411807,2652366.126422,0.98956043956044,0.0104395604395604,0,0,0,0
303273.411807,2652366.126422,0.987715438210488,0.0077007700770077,0,0,0,0.00458379171250458
303773.411807,2652366.126422,0.895970695970696,0.0913919413919414,0,0,0,0.0126373626373626
304273.411807,2652366.126422,0.901465201465201,0.0586080586080586,0,0,0,0.0399267399267399
304773.411807,2652366.126422,0.931976530986432,0.00165016501650165,0,0.00055005500550055,0.000366703337000367,0.0654565456545655
305273.411807,2652366.126422,0.886630036630037,0.000366300366300366,0,0,0.000915750915750916,0.112087912087912
305773.411807,2652366.126422,0.86007326007326,0,0,0.00128205128205128,0.00347985347985348,0.135164835164835
306273.411807,2652366.126422,0.284195086175284,0.0786578657865787,0.00733406674000733,0.0172350568390172,0.0429042904290429,0.56967363403007
306773.411807,2652366.126422,0.0840659340659341,0.25,0.000183150183150183,0.00824175824175824,0.0355311355311355,0.621978021978022
307273.411807,2652366.126422,0.132051282051282,0.152014652014652,0.00256410256410256,0.153113553113553,0.126373626373626,0.433882783882784
307773.411807,2652366.126422,0.09002566923359,0.324165749908324,0.00055005500550055,0.041987532086542,0.074990832416575,0.468280161349468
308273.411807,2652366.126422,0.102564102564103,0.0642857142857143,0.0133699633699634,0.384798534798535,0.106227106227106,0.328754578754579
308773.411807,2652366.126422,0.0675824175824176,0.0943223443223443,0.0358974358974359,0.630952380952381,0.0752747252747253,0.095970695970696
309273.411807,2652366.126422,0.0441877521085442,0.0377704437110378,0.0205353868720205,0.72002200220022,0.0727906123945728,0.104693802713605
309773.411807,2652366.126422,0.0230769230769231,0.0692307692307692,0.0413919413919414,0.720512820512821,0.0690476190476191,0.0767399267399267
310273.411807,2652366.126422,0.0628205128205128,0.0501831501831502,0.084981684981685,0.632967032967033,0.0728937728937729,0.0961538461538462
310773.411807,2652366.126422,0.037037037037037,0.0297029702970297,0.0806747341400807,0.763476347634763,0.0364869820315365,0.0526219288595526
311273.411807,2652366.126422,0.00695970695970696,0.00659340659340659,0.110989010989011,0.847252747252747,0.0254578754578755,0.00274725274725275
311773.411807,2652366.126422,0.0371794871794872,0.0435897435897436,0.0882783882783883,0.766666666666667,0.0489010989010989,0.0153846153846154
312273.411807,2652366.126422,0.103960396039604,0.0689402273560689,0.0566556655665567,0.568390172350568,0.099009900990099,0.103043637697103
312773.411807,2652366.126422,0.0119047619047619,0.0254578754578755,0.426007326007326,0.436446886446886,0.0538461538461538,0.0463369963369963
301273.411807,2651866.126422,0.981294700165047,0.00348432055749129,0,0,0,0.0152209792774619
301773.411807,2651866.126422,0.663917903610042,0.0514934945940993,0,0,0,0.284588601795859
302273.411807,2651866.126422,0.953569462286658,0.0464305377133419,0,0,0,0
302773.411807,2651866.126422,0.948652118100128,0.0326425820649184,0,0,0,0.0187052998349532
303273.411807,2651866.126422,0.961517317207257,0.0119113065787062,0,0,0,0.026571376214037
303773.411807,2651866.126422,0.815929528353826,0.12883097816113,0,0,0,0.0552394934850431
304273.411807,2651866.126422,0.902255639097744,0.0559325142123602,0,0,0,0.0418118466898955
304773.411807,2651866.126422,0.912222833058457,0,0,0,0,0.087777166941543
305273.411807,2651866.126422,0.861442466507616,0,0,0,0,0.138557533492384
305773.411807,2651866.126422,0.834036310287915,0.00733541169998166,0,0.00165046763249587,0.00953603520997616,0.147441775169631
306273.411807,2651866.126422,0.289719626168224,0.147516950705516,0,0.0302363936228697,0.0670698185816383,0.465457210921752
306773.411807,2651866.126422,0.092126995779042,0.260598274912828,0.00220223894292531,0.201137823453845,0.0798311616810424,0.364103505230317
307273.411807,2651866.126422,0.11186502842472,0.0777553640198056,0.0066018705299835,0.512378507243719,0.12415184302219,0.167247386759582
307773.411807,2651866.126422,0.102620487447315,0.322704782847719,0,0.0309693971046362,0.0601062855048561,0.483599047095474
308273.411807,2651866.126422,0.122591301156175,0.147733529087906,0.00146815929528354,0.0992842723435493,0.115250504679758,0.513672233437328
308773.411807,2651866.126422,0.0834403080872914,0.0632679259123418,0.0311754997249221,0.486887951586283,0.127086007702182,0.20814230698698
309273.411807,2651866.126422,0.0731170973062122,0.0513102437236577,0.0181418361737218,0.590984057174272,0.10756826094924,0.158878504672897
309773.411807,2651866.126422,0.082583960359699,0.0451458983299688,0.0939621948981464,0.567627087538998,0.0978161130482657,0.112864745824922
310273.411807,2651866.126422,0.0968274344397579,0.0564826700898588,0.0315422703099211,0.587383091876032,0.0702365670273244,0.157527966257106
310773.411807,2651866.126422,0.0558915154846986,0.0419644493311343,0.102437236576874,0.621403701667583,0.0820963899578523,0.0962067069818582
311273.411807,2651866.126422,0.0143145531290145,0.0161497522481189,0.117085703798862,0.799596256193797,0.039823820884566,0.0130299137456414
311773.411807,2651866.126422,0.102879149092243,0.0452961672473868,0.028791490922428,0.418301852191454,0.0918760315422703,0.312855309004218
312273.411807,2651866.126422,0.0333516584203775,0.0806303829943192,0.188748396554884,0.355873190397654,0.118929814916621,0.222466556716144
301273.411807,2651366.126422,0.953953403045313,0,0,0,0,0.0460465969546872
301773.411807,2651366.126422,0.878937728937729,0.0344322344322344,0,0,0,0.0866300366300366
302273.411807,2651366.126422,0.874128440366972,0.0422018348623853,0,0,0,0.0836697247706422
302773.411807,2651366.126422,0.883507613281967,0.019262520638415,0,0.000550357732526142,0.000733810310034856,0.0959456980370574
303273.411807,2651366.126422,0.764652014652015,0.0252747252747253,0,0,0,0.21007326007326
303773.411807,2651366.126422,0.883119266055046,0.0392660550458716,0,0,0,0.0776146788990826
304273.411807,2651366.126422,0.927169326729041,0.00275178866263071,0,0,0,0.0700788846083287
304773.411807,2651366.126422,0.902197802197802,0,0,0,0,0.0978021978021978
305273.411807,2651366.126422,0.858165137614679,0.00018348623853211,0,0,0.00055045871559633,0.141100917431193
305773.411807,2651366.126422,0.759860576041093,0.06989543203082,0,0,0.000366905155017428,0.169877086773069
306273.411807,2651366.126422,0.103479853479853,0.156593406593407,0,0.0186813186813187,0.0304029304029304,0.690842490842491
306773.411807,2651366.126422,0.121651376146789,0.211376146788991,0.00440366972477064,0.15743119266055,0.0884403669724771,0.416697247706422
307273.411807,2651366.126422,0.0535681526325445,0.201247477527059,0.0066042927903137,0.278481012658228,0.0880572372041827,0.372041827187672
307773.411807,2651366.126422,0.0518315018315018,0.295970695970696,0.000183150183150183,0.1,0.0857142857142857,0.466300366300366
308273.411807,2651366.126422,0.103119266055046,0.148990825688073,0.00348623853211009,0.204220183486239,0.10697247706422,0.433211009174312
308773.411807,2651366.126422,0.143826820766832,0.172812328013209,0.00293524124013942,0.102916895982389,0.103834158869932,0.4736745551275
309273.411807,2651366.126422,0.0994505494505494,0.139010989010989,0.00586080586080586,0.193589743589744,0.0935897435897436,0.468498168498168
309773.411807,2651366.126422,0.0930275229357798,0.105871559633028,0.0576146788990826,0.340917431192661,0.088256880733945,0.314311926605505
310273.411807,2651366.126422,0.0616400660429279,0.0489818381948266,0.109704641350211,0.629242340854889,0.0803522289488167,0.0700788846083287
310773.411807,2651366.126422,0.0318681318681319,0.0358974358974359,0.0380952380952381,0.724725274725275,0.0804029304029304,0.089010989010989
311273.411807,2651366.126422,0.101834862385321,0.187889908256881,0.00697247706422018,0.151743119266055,0.0774311926605505,0.474128440366972
311773.411807,2651366.126422,0.0895248578242524,0.196477710511833,0.0078884608328747,0.178132452760961,0.10695285268758,0.421023665382499
301273.411807,2650866.126422,0.50018315018315,0.0593406593406593,0.000366300366300366,0.112087912087912,0.118498168498168,0.20952380952381
301773.411807,2650866.126422,0.838100476714338,0.0636230289695636,0,0.00055005500550055,0.00275027502750275,0.094976164283095
302273.411807,2650866.126422,0.878205128205128,0.0783882783882784,0,0,0.00146520146520147,0.0419413919413919
302773.411807,2650866.126422,0.70018315018315,0.0593406593406593,0,0.000183150183150183,0.00347985347985348,0.236813186813187
303273.411807,2650866.126422,0.864869820315365,0.0386872020535387,0,0,0.000183351668500183,0.0962596259625963
303773.411807,2650866.126422,0.914652014652015,0.0141025641025641,0,0,0,0.0712454212454212
304273.411807,2650866.126422,0.926373626373626,0,0,0,0,0.0736263736263736
304773.411807,2650866.126422,0.845251191785845,0,0,0,0,0.154748808214155
305273.411807,2650866.126422,0.761172161172161,0.000183150183150183,0,0,0.000366300366300366,0.238278388278388
305773.411807,2650866.126422,0.294505494505495,0.143223443223443,0,0.00750915750915751,0.034981684981685,0.51978021978022
306273.411807,2650866.126422,0.0561056105610561,0.335166850018335,0,0.0317198386505317,0.0324532453245325,0.544554455445545
306773.411807,2650866.126422,0.043040293040293,0.315384615384615,0,0.0241758241758242,0.0194139194139194,0.597985347985348
307273.411807,2650866.126422,0.0683150183150183,0.18956043956044,0.000366300366300366,0.021978021978022,0.0534798534798535,0.666300366300366
307773.411807,2650866.126422,0.0854418775210854,0.15969930326366,0.000916758342500917,0.0341034103410341,0.0724239090575724,0.647414741474147
308273.411807,2650866.126422,0.127655677655678,0.13974358974359,0.00347985347985348,0.284065934065934,0.116483516483516,0.328571428571429
308773.411807,2650866.126422,0.0945054945054945,0.25989010989011,0.00201465201465201,0.0708791208791209,0.0644688644688645,0.508241758241758
309273.411807,2650866.126422,0.0808580858085809,0.369086908690869,0.00183351668500183,0.0581224789145581,0.046021268793546,0.444077741107444
309773.411807,2650866.126422,0.0957875457875458,0.275641025641026,0.0106227106227106,0.173809523809524,0.0902930402930403,0.353846153846154
310273.411807,2650866.126422,0.0716117216117216,0.116300366300366,0.0487179487179487,0.381868131868132,0.0827838827838828,0.298717948717949
310773.411807,2650866.126422,0.0663733039970664,0.116244957829116,0.026035936927026,0.28969563623029,0.0999266593325999,0.401723505683902
311273.411807,2650866.126422,0.05,0.181684981684982,0.00897435897435897,0.101098901098901,0.0736263736263736,0.584615384615385
311773.411807,2650866.126422,0.0730769230769231,0.0536630036630037,0.359157509157509,0.245054945054945,0.1003663003663,0.168681318681319
301273.411807,2650366.126422,0.180634513112048,0.274344397579314,0.030808729139923,0.303135888501742,0.0524481936548689,0.158628278012103
301773.411807,2650366.126422,0.683342495876855,0.0450797141286421,0,0.021073850100788,0.0414146967198094,0.209089243173905
302273.411807,2650366.126422,0.926592035235823,0.00440447788585061,0,0,0.00220223894292531,0.066801247935401
302773.411807,2650366.126422,0.841371721987897,0.0317256556024207,0,0,0,0.126902622409683
303273.411807,2650366.126422,0.957852299798424,0,0,0,0,0.042147700201576
303773.411807,2650366.126422,0.846210313819049,0,0,0,0,0.153789686180951
304273.411807,2650366.126422,0.907207041995232,0,0,0,0,0.092792958004768
304773.411807,2650366.126422,0.613340663368151,0.00769653655854865,0,0.00568077698369067,0.00861279091075683,0.364669232178853
305273.411807,2650366.126422,0.274178748394201,0.0934116351624151,0.0300972655533125,0.0394567810607451,0.0434942191227748,0.519361350706552
305773.411807,2650366.126422,0.141940216394645,0.249770768384376,0,0.0493306436823767,0.0739042728773152,0.485054098661287
306273.411807,2650366.126422,0.0487447315374748,0.312076232362104,0,0.0478284771852666,0.0373831775700935,0.553967381345061
306773.411807,2650366.126422,0.0512020554230134,0.26977427050835,0,0.0220223894292531,0.0568911726922371,0.600110111947146
307273.411807,2650366.126422,0.130386942967174,0.218045112781955,0.00366770584999083,0.0649183935448377,0.115349348982212,0.467632495873831
307773.411807,2650366.126422,0.0756826094923951,0.128275609309144,0.000549752611324904,0.142752428074033,0.164376030786146,0.488363569726956
308273.411807,2650366.126422,0.077995962561938,0.33602495870802,0,0.0242246283721784,0.0534042943659387,0.508350155991925
308773.411807,2650366.126422,0.0658353200073354,0.339446176416651,0.00165046763249587,0.0695030258573262,0.0673024023473317,0.456262607738859
309273.411807,2650366.126422,0.0925416895730255,0.209089243173905,0.00403151914971596,0.1456844420011,0.0868609125893348,0.461792193512919
309773.411807,2650366.126422,0.0957973940172509,0.26133235456047,0.0132134336575518,0.116718663975041,0.0691870067902367,0.443751146999449
310273.411807,2650366.126422,0.0573995965523565,0.145057766367137,0.122134604804695,0.483403631028791,0.0625343847423437,0.129470016504676
310773.411807,2650366.126422,0.0573575224482316,0.164925783397471,0.00714678394722375,0.199376947040498,0.0923584387025838,0.478834524463991
311273.411807,2650366.126422,0.0732244448522665,0.218205175261516,0.00532207744540283,0.210130299137456,0.0776289227381171,0.415489080565241
301273.411807,2649866.126422,0.735277930654926,0.00201797835259585,0,0.001284168042561,0.00220143093010457,0.259218492019813
301773.411807,2649866.126422,0.0529304029304029,0.245054945054945,0.0122710622710623,0.162820512820513,0.113919413919414,0.413003663003663
302273.411807,2649866.126422,0.600366972477064,0.288807339449541,0.00036697247706422,0.036697247706422,0.0236697247706422,0.0500917431192661
302773.411807,2649866.126422,0.968446156668501,0,0,0,0,0.0315538433314988
303273.411807,2649866.126422,0.826190476190476,0.0100732600732601,0,0,0.00238095238095238,0.161355311355311
303773.411807,2649866.126422,0.419449541284404,0.0611009174311927,0,0.00899082568807339,0.0187155963302752,0.491743119266055
304273.411807,2649866.126422,0.274445055953036,0.152449091909741,0,0.0194459732159237,0.0394423041643735,0.514217574756925
304773.411807,2649866.126422,0.14029304029304,0.0818681318681319,0,0.0184981684981685,0.0336996336996337,0.725641025641026
305273.411807,2649866.126422,0.0653211009174312,0.0924770642201835,0,0.00642201834862385,0.00587155963302752,0.829908256880734
305773.411807,2649866.126422,0.170427444505595,0.0787011557512383,0.00715465052283985,0.282883874518437,0.179049715648505,0.281783159053385
306273.411807,2649866.126422,0.0424908424908425,0.239194139194139,0.000183150183150183,0.0454212454212454,0.0324175824175824,0.64029304029304
306773.411807,2649866.126422,0.102385321100917,0.349908256880734,0.00018348623853211,0.0286238532110092,0.0576146788990826,0.461284403669725
307273.411807,2649866.126422,0.0757659145110989,0.172445422858191,0,0.0366905155017428,0.0867730691616217,0.628325077967345
307773.411807,2649866.126422,0.0485347985347985,0.241208791208791,0.00366300366300366,0.155494505494505,0.0972527472527473,0.453846153846154
308273.411807,2649866.126422,0.0710091743119266,0.451009174311927,0,0.0548623853211009,0.0590825688073394,0.364036697247706
308773.411807,2649866.126422,0.113190240322877,0.136855622821501,0.00550357732526142,0.215556778572739,0.117960007338103,0.410933773619519
309273.411807,2649866.126422,0.206410256410256,0.036996336996337,0,0.0774725274725275,0.0655677655677656,0.613553113553114
309773.411807,2649866.126422,0.133211009174312,0.191926605504587,0.0177981651376147,0.248073394495413,0.0884403669724771,0.320550458715596
310273.411807,2649866.126422,0.120161438268208,0.111172261970281,0.0491652907723353,0.369656943680059,0.0979636763896533,0.251880388919464
310773.411807,2649866.126422,0.0582417582417582,0.174175824175824,0.0214285714285714,0.286446886446886,0.104761904761905,0.354945054945055
311273.411807,2649866.126422,0.0634862385321101,0.0812844036697248,0.00844036697247706,0.188440366972477,0.0757798165137615,0.582568807339449
301273.411807,2649366.126422,0.630952380952381,0.0738095238095238,0,0.00476190476190476,0.00659340659340659,0.283882783882784
301773.411807,2649366.126422,0.301430143014301,0.0474880821415475,0,0.0641730839750642,0.0641730839750642,0.522735606894023
302273.411807,2649366.126422,0.181318681318681,0.277289377289377,0.00476190476190476,0.127472527472527,0.108791208791209,0.3003663003663
302773.411807,2649366.126422,0.0820512820512821,0.285347985347985,0.156776556776557,0.311904761904762,0.102747252747253,0.0611721611721612
303273.411807,2649366.126422,0.200770077007701,0.0898423175650898,0,0.0724239090575724,0.0964429776310964,0.540520718738541
303773.411807,2649366.126422,0.157875457875458,0.173076923076923,0.00714285714285714,0.170512820512821,0.1003663003663,0.391025641025641
304273.411807,2649366.126422,0.107692307692308,0.243956043956044,0,0.0467032967032967,0.0595238095238095,0.542124542124542
304773.411807,2649366.126422,0.125595892922626,0.3001466813348,0.0011001100110011,0.0264026402640264,0.0368536853685369,0.50990099009901
305273.411807,2649366.126422,0.0807692307692308,0.345421245421245,0.000549450549450549,0.0287545787545788,0.0318681318681319,0.512637362637363
305773.411807,2649366.126422,0.236630036630037,0.160989010989011,0.000183150183150183,0.0813186813186813,0.0772893772893773,0.443589743589744
306273.411807,2649366.126422,0.292812614594793,0.151448478181151,0,0.0341034103410341,0.0605060506050605,0.461129446277961
306773.411807,2649366.126422,0.148534798534799,0.210989010989011,0,0.0274725274725275,0.0404761904761905,0.572527472527472
307273.411807,2649366.126422,0.0923076923076923,0.30970695970696,0,0.0336996336996337,0.0684981684981685,0.495787545787546
307773.411807,2649366.126422,0.0372203887055372,0.495049504950495,0.000183351668500183,0.0507884121745508,0.0485881921525486,0.368170150348368
308273.411807,2649366.126422,0.039010989010989,0.580952380952381,0.000366300366300366,0.00750915750915751,0.0201465201465201,0.352014652014652
308773.411807,2649366.126422,0.172344322344322,0.103846153846154,0.0133699633699634,0.238278388278388,0.161721611721612,0.31043956043956
309273.411807,2649366.126422,0.125779244591126,0.315914924825816,0.0033003300330033,0.0916758342500917,0.0625229189585625,0.400806747341401
309773.411807,2649366.126422,0.142307692307692,0.151098901098901,0.00934065934065934,0.272527472527473,0.0794871794871795,0.345238095238095
310273.411807,2649366.126422,0.0836996336996337,0.410805860805861,0.00860805860805861,0.138827838827839,0.107509157509158,0.250549450549451
310773.411807,2649366.126422,0.0733406674000733,0.180968096809681,0.0163182984965163,0.256142280894756,0.107994132746608,0.365236523652365
311273.411807,2649366.126422,0.0661172161172161,0.249450549450549,0.00952380952380952,0.0912087912087912,0.0580586080586081,0.525641025641026
311773.411807,2649366.126422,0.0694139194139194,0.0597069597069597,0.384981684981685,0.210989010989011,0.0710622710622711,0.203846153846154
301273.411807,2648866.126422,0.58389877131854,0.0357601320374106,0,0.0122868145974693,0.0135705116449661,0.354483770401614
301773.411807,2648866.126422,0.701484332050577,0.0181418361737218,0,0,0,0.280373831775701
302273.411807,2648866.126422,0.478986970086254,0.0543218939254909,0.00844191594788034,0.0106441548908057,0.0256927876674619,0.421912277482107
302773.411807,2648866.126422,0.322207958921694,0.0962772785622593,0.0493306436823767,0.0629011553273428,0.035209976159912,0.434072987346415
303273.411807,2648866.126422,0.101337731354224,0.0483782297965915,0.404801172805571,0.25783397471138,0.0544255085211655,0.133223382811068
303773.411807,2648866.126422,0.106074509084236,0.279867865663424,0,0.0932281152505047,0.0846026793907139,0.436226830611121
304273.411807,2648866.126422,0.184852374839538,0.106730240234733,0.000366770584999083,0.0174216027874564,0.0201723821749496,0.670456629378324
304773.411807,2648866.126422,0.135422393256368,0.171889316474253,0.00329851566794942,0.045629466739967,0.0260216236027121,0.61773868425875
305273.411807,2648866.126422,0.194531106625069,0.208662139842173,0.000734079647641769,0.0596439713708937,0.0341347036153423,0.50229399889888
305773.411807,2648866.126422,0.137355584082157,0.213827251054465,0.00696864111498258,0.158444892719604,0.100861910874748,0.382541720154044
306273.411807,2648866.126422,0.126443100604728,0.0645043063954554,0,0.00256551218618288,0.0113615539673813,0.795125526846252
306773.411807,2648866.126422,0.115250504679758,0.303908974123692,0,0.0102771150669848,0.0236740686364471,0.546889337493118
307273.411807,2648866.126422,0.145791307537136,0.269209609389327,0.000183385292499542,0.0188886851274528,0.0498807995598753,0.51604621309371
307773.411807,2648866.126422,0.123694337548103,0.34524463991204,0,0.0148433205057724,0.0269378779549203,0.489279824079164
308273.411807,2648866.126422,0.0172508717195816,0.449807304092494,0,0.0150486327766563,0.0363369425582676,0.481556248853001
308773.411807,2648866.126422,0.0300751879699248,0.45589583715386,0,0.0452961672473868,0.048413717219879,0.420319090408949
309273.411807,2648866.126422,0.120395821880154,0.237126626351475,0.00329851566794942,0.101887483965549,0.0861279091075683,0.451163643027304
309773.411807,2648866.126422,0.0939621948981464,0.206459900899248,0.0568911726922371,0.281519544870618,0.0812993209763259,0.279867865663424
310273.411807,2648866.126422,0.0689528699798276,0.293049697414267,0.00898587933247754,0.233632862644416,0.101778837337246,0.293599853291766
310773.411807,2648866.126422,0.0712845886017959,0.171339563862928,0.00549752611324904,0.199376947040498,0.106835257467473,0.445666116914055
311273.411807,2648866.126422,0.117452743622683,0.132501376399339,0,0.0772618829142962,0.0431271792989539,0.629656817764727
311773.411807,2648866.126422,0.0363102879149092,0.0357601320374106,0.564276545021089,0.15184302218962,0.0608839171098478,0.150926095727123
301273.411807,2648366.126422,0.618785543936892,0.0183452577508714,0,0.00623738763529628,0.0188956154833975,0.337736195193542
301773.411807,2648366.126422,0.582967032967033,0.000183150183150183,0,0,0,0.416849816849817
302273.411807,2648366.126422,0.858165137614679,0.00036697247706422,0,0.00055045871559633,0.00238532110091743,0.138532110091743
302773.411807,2648366.126422,0.786644652357366,0.00568702990277013,0,0.00201797835259585,0.00715465052283985,0.198495688864429
303273.411807,2648366.126422,0.0357142857142857,0.0712454212454212,0.286813186813187,0.026007326007326,0.0146520146520147,0.565567765567766
303773.411807,2648366.126422,0,0.104036697247706,0.219082568807339,0.148807339449541,0.438165137614679,0.0899082568807339
304273.411807,2648366.126422,0.136121812511466,0.096862960924601,0.0253164556962025,0.187305081636397,0.0820033021463952,0.472390387084939
304773.411807,2648366.126422,0.151831501831502,0.227472527472527,0,0.000366300366300366,0.00183150183150183,0.618498168498169
305273.411807,2648366.126422,0.120550458715596,0.212844036697248,0.00293577981651376,0.0715596330275229,0.0555963302752294,0.53651376146789
305773.411807,2648366.126422,0.0522839845899835,0.389102916895982,0.000550357732526142,0.0238488350761328,0.0148596587782058,0.519354246927169
306273.411807,2648366.126422,0.0355311355311355,0.495054945054945,0,0.00146520146520147,0.0032967032967033,0.464652014652015
306773.411807,2648366.126422,0.043302752293578,0.317798165137615,0.00055045871559633,0.00348623853211009,0.0121100917431193,0.622752293577982
307273.411807,2648366.126422,0.0341221794166208,0.359567051917079,0,0.001284168042561,0.00862227114290956,0.596404329480829
307773.411807,2648366.126422,0.0423076923076923,0.384249084249084,0,0.00989010989010989,0.0241758241758242,0.539377289377289
308273.411807,2648366.126422,0.128807339449541,0.299449541284404,0.000917431192660551,0.0548623853211009,0.0860550458715596,0.429908256880734
308773.411807,2648366.126422,0.0482480278847918,0.486883140708127,0,0.0207301412584847,0.0500825536598789,0.394056136488718
309273.411807,2648366.126422,0.130952380952381,0.105311355311355,0.00531135531135531,0.157875457875458,0.15,0.450549450549451
309773.411807,2648366.126422,0.108990825688073,0.0976146788990826,0.0143119266055046,0.255045871559633,0.112293577981651,0.411743119266055
310273.411807,2648366.126422,0.0654925701706109,0.0753990093560815,0.026967528893781,0.394606494221244,0.115942028985507,0.321592368372776
310773.411807,2648366.126422,0.0443223443223443,0.0324175824175824,0.0443223443223443,0.49047619047619,0.0815018315018315,0.306959706959707
311273.411807,2648366.126422,0.0528440366972477,0.195229357798165,0.171743119266055,0.0546788990825688,0.0809174311926606,0.444587155963303
311773.411807,2648366.126422,0,0,0.405246743716749,0.594753256283251,0,0
