"x","y","forest","agri","water","built","other","grass"
313773.411807,2682366.126422,0.436927026035937,0.0603226989365603,0.00256692335900257,0.0286028602860286,0.0231023102310231,0.448478181151448
314273.411807,2682366.126422,0.633150183150183,0.0712454212454212,0.00714285714285714,0.00293040293040293,0.00531135531135531,0.28021978021978
314773.411807,2682366.126422,0.851831501831502,0.00421245421245421,0,0,0,0.143956043956044
315273.411807,2682366.126422,0.836633663366337,0.0132013201320132,0,0,0,0.15016501650165
315773.411807,2682366.126422,0.773076923076923,0.0340659340659341,0,0,0,0.192857142857143
316273.411807,2682366.126422,0.440842490842491,0.0884615384615385,0.0184981684981685,0.0397435897435897,0.0510989010989011,0.361355311355311
316773.411807,2682366.126422,0.403923725705904,0.214888155482215,0.00293362669600293,0.00256692335900257,0.00403373670700403,0.371653832049872
317273.411807,2682366.126422,0.631684981684982,0.152014652014652,0,0,0.000366300366300366,0.215934065934066
317773.411807,2682366.126422,0.785714285714286,0.137545787545788,0,0,0.000366300366300366,0.0763736263736264
318273.411807,2682366.126422,0.74954162082875,0.174734140080675,0.000183351668500183,0,0.000366703337000367,0.0751741840850752
318773.411807,2682366.126422,0.765018315018315,0.157142857142857,0,0,0,0.0778388278388278
319273.411807,2682366.126422,0.668864468864469,0.0380952380952381,0,0,0,0.293040293040293
319773.411807,2682366.126422,0.526952695269527,0.00715071507150715,0,0.0205353868720205,0.0192519251925193,0.426109277594426
320273.411807,2682366.126422,0.623443223443223,0.00787545787545788,0,0.026007326007326,0.0247252747252747,0.317948717948718
320773.411807,2682366.126422,0.543956043956044,0.0216117216117216,0.000183150183150183,0.0353479853479853,0.0115384615384615,0.387362637362637
321273.411807,2682366.126422,0.404107077374404,0.0777411074440777,0,0.0738907224055739,0.0331866519985332,0.411074440777411
321773.411807,2682366.126422,0.447985347985348,0.176923076923077,0.0133699633699634,0.0811355311355311,0.0184981684981685,0.262087912087912
322273.411807,2682366.126422,0.204578754578755,0.0304029304029304,0.0750915750915751,0.483333333333333,0.0415750915750916,0.165018315018315
322773.411807,2682366.126422,0.103410341034103,0.0044004400440044,0.226622662266227,0.371837183718372,0.0368536853685369,0.256875687568757
323273.411807,2682366.126422,0.452014652014652,0.0108058608058608,0.220512820512821,0.145054945054945,0.0122710622710623,0.159340659340659
313773.411807,2681866.126422,0.877405167674546,0.0579072750595565,0.000366501740883269,0,0.00164925783397471,0.062671797691039
314273.411807,2681866.126422,0.873004220957974,0.0220223894292531,0,0,0,0.104973389612773
314773.411807,2681866.126422,0.85989363653035,0.00861910874747845,0,0,0,0.131487254722171
315273.411807,2681866.126422,0.793842770753161,0.120762323621037,0,0,0,0.0853949056258017
315773.411807,2681866.126422,0.800513855753349,0.113231785648743,0,0,0,0.0862543585979079
316273.411807,2681866.126422,0.648450394278379,0.108747478452228,0.0166880616174583,0.0201723821749496,0.0429121584448927,0.163029525032092
316773.411807,2681866.126422,0.231445849367785,0.387758841854499,0.0538757559098406,0.106835257467473,0.103536741799524,0.11654755360088
317273.411807,2681866.126422,0.673701596623234,0.304276013947513,0.0122958340979996,0.000734079647641769,0.000367039823820885,0.00862543585979079
317773.411807,2681866.126422,0.57986429488355,0.137722354667156,0.00128369704749679,0.0520814230698698,0.0152209792774619,0.213827251054465
318273.411807,2681866.126422,0.711196628183984,0.00879604178119846,0,0,0,0.280007330034818
318773.411807,2681866.126422,0.598458432739952,0.132134336575518,0,0,0.000183519911910442,0.269223710772619
319273.411807,2681866.126422,0.245002750779387,0.0209059233449477,0,0.0304419585549239,0.0487804878048781,0.654868879515863
319773.411807,2681866.126422,0.251420194245923,0.126443100604728,0,0.0940076965365585,0.0549752611324904,0.473153747480301
320273.411807,2681866.126422,0.113048265736832,0.299504496237842,0.264085153239126,0.147550009175996,0.0501009359515507,0.125711139658653
320773.411807,2681866.126422,0.326609205941683,0.365120117366587,0.0214560792224464,0.0137538969374656,0.0480469466348799,0.225013753896937
321273.411807,2681866.126422,0.563496426608026,0.213120762323621,0,0,0,0.223382811068353
321773.411807,2681866.126422,0.769315470728574,0.0183519911910442,0,0,0,0.212332538080382
322273.411807,2681866.126422,0.225563909774436,0.0319090408949202,0.269392994681827,0.346598202824134,0.0319090408949202,0.0946268109297634
313773.411807,2681366.126422,0.988461538461539,0,0,0,0,0.0115384615384615
314273.411807,2681366.126422,0.920917431192661,0.00642201834862385,0,0,0,0.0726605504587156
314773.411807,2681366.126422,0.929737662814163,0.00348559897266557,0,0,0,0.0667767382131719
315273.411807,2681366.126422,0.515201465201465,0.0498168498168498,0.0527472527472527,0.0717948717948718,0.0752747252747253,0.235164835164835
315773.411807,2681366.126422,0.367339449541284,0.114495412844037,0.0629357798165138,0.0935779816513762,0.104587155963303,0.257064220183486
316273.411807,2681366.126422,0.577325261419923,0.269124931205283,0.00110071546505228,0.00110071546505228,0.0194459732159237,0.131902403228765
316773.411807,2681366.126422,0.486080586080586,0.0360805860805861,0.0133699633699634,0.0532967032967033,0.0576923076923077,0.353479853479854
317273.411807,2681366.126422,0.0394495412844037,0.381284403669725,0.0122935779816514,0.269357798165138,0.129174311926606,0.168440366972477
317773.411807,2681366.126422,0.0785177031737296,0.0425609979820216,0.00220143093010457,0.188222344523941,0.137589433131535,0.550908090258668
318273.411807,2681366.126422,0.513736263736264,0.0481684981684982,0,0.015018315018315,0.0214285714285714,0.401648351648352
318773.411807,2681366.126422,0.623302752293578,0.0313761467889908,0,0,0.000917431192660551,0.344403669724771
319273.411807,2681366.126422,0.36378646119978,0.0570537516052101,0,0.00935608145294441,0.0245826453861677,0.545221060355898
319773.411807,2681366.126422,0.341941391941392,0.364285714285714,0,0,0,0.293772893772894
320273.411807,2681366.126422,0.388440366972477,0.379449541284404,0,0.00036697247706422,0.00275229357798165,0.228990825688073
320773.411807,2681366.126422,0.586864795450376,0.106402494955054,0,0,0,0.30673270959457
321273.411807,2681366.126422,0.752014652014652,0.0032967032967033,0,0,0.000183150183150183,0.244505494505494
321773.411807,2681366.126422,0.779816513761468,0.0144954128440367,0,0.0343119266055046,0.0308256880733945,0.140550458715596
313773.411807,2680866.126422,0.928859552621929,0.00403373670700403,0,0.00366703337000367,0.00183351668500183,0.0616061606160616
314273.411807,2680866.126422,0.93021978021978,0.0227106227106227,0,0,0.000183150183150183,0.0468864468864469
314773.411807,2680866.126422,0.889377289377289,0.0153846153846154,0.000366300366300366,0.000915750915750916,0.000915750915750916,0.093040293040293
315273.411807,2680866.126422,0.806013934726806,0.0198019801980198,0,0.000733406674000733,0.0044004400440044,0.169050238357169
315773.411807,2680866.126422,0.735714285714286,0.0252747252747253,0.015018315018315,0.0445054945054945,0.0228937728937729,0.156593406593407
316273.411807,2680866.126422,0.47014652014652,0.135164835164835,0.0010989010989011,0.0485347985347985,0.0950549450549451,0.25
316773.411807,2680866.126422,0.701136780344701,0.00586725339200587,0,0.0267693436010268,0.0262192885955262,0.24000733406674
317273.411807,2680866.126422,0.484798534798535,0.128021978021978,0.00421245421245421,0.137179487179487,0.05,0.195787545787546
317773.411807,2680866.126422,0.36959706959707,0.0710622710622711,0.00146520146520147,0.0254578754578755,0.0368131868131868,0.495604395604396
318273.411807,2680866.126422,0.192702603593693,0.16024935826916,0.00311697836450312,0.11001100110011,0.0740740740740741,0.45984598459846
318773.411807,2680866.126422,0.507875457875458,0.00860805860805861,0,0.00164835164835165,0.00238095238095238,0.47948717948718
319273.411807,2680866.126422,0.752564102564103,0.000183150183150183,0,0,0,0.247252747252747
319773.411807,2680866.126422,0.846718005133847,0.00183351668500183,0,0,0,0.151448478181151
320273.411807,2680866.126422,0.755494505494505,0,0,0,0.000366300366300366,0.244139194139194
320773.411807,2680866.126422,0.462454212454212,0.00256410256410256,0,0.00604395604395604,0.00970695970695971,0.519230769230769
321273.411807,2680866.126422,0.727356068940227,0.000183351668500183,0,0,0,0.272460579391272
321773.411807,2680866.126422,0.48956043956044,0.0225274725274725,0.148534798534799,0.0987179487179487,0.019047619047619,0.221611721611722
313773.411807,2680366.126422,0.678028220634048,0.0280373831775701,0.0274876305662452,0.120395821880154,0.0144768187648891,0.131574124977094
314273.411807,2680366.126422,0.716094696274546,0.121673701596623,0.0225729491649844,0.0341347036153423,0.00532207744540283,0.100201871903101
314773.411807,2680366.126422,0.747661837520631,0.166697230882083,0.00311754997249221,0.000916926462497708,0.00128369704749679,0.0803227581147992
315273.411807,2680366.126422,0.615906175554334,0.298332417078981,0,0,0.000733003481766538,0.0850284038849184
315773.411807,2680366.126422,0.495687282070105,0.34868783262984,0.0100935951550743,0.000550559735731327,0.00605615709304459,0.138924573316205
316273.411807,2680366.126422,0.483220245736292,0.258940033009353,0,0.0143040528149642,0.0280579497524299,0.215477718686961
316773.411807,2680366.126422,0.796225032068902,0.028587135788895,0,0,0,0.175187832142203
317273.411807,2680366.126422,0.778491466324096,0.09543035419343,0,0,0,0.126078179482474
317773.411807,2680366.126422,0.602604071153493,0.0740876581698148,0,0.00605171465248487,0.0238400880249404,0.293416467999266
318273.411807,2680366.126422,0.24665567161444,0.047645226314825,0,0.0428807036833425,0.0296866410115448,0.633131757375847
318773.411807,2680366.126422,0.341897595889154,0.0445953385942375,0.00734079647641769,0.118003303358414,0.0886401174527436,0.399522848229033
319273.411807,2680366.126422,0.676324958738309,0.022006235099945,0,0.00403447643498991,0.00916926462497708,0.288465065101779
319773.411807,2680366.126422,0.665017408832692,0.0124610591900312,0,0.00366501740883269,0.00824628916987356,0.310610225398571
320273.411807,2680366.126422,0.69297118737383,0.00275279867865663,0,0.00330335841438796,0.00568911726922371,0.295283538263902
320773.411807,2680366.126422,0.609022556390977,0.00385109114249037,0,0.0282413350449294,0.0430955437373923,0.315789473684211
321273.411807,2680366.126422,0.797691039032435,0,0,0,0,0.202308960967565
321773.411807,2680366.126422,0.0989172325197284,0.0306478252890439,0.31528720866214,0.326481923288677,0.0229399889888053,0.205725821251606
313773.411807,2679866.126422,0.700732600732601,0.036996336996337,0.0161172161172161,0.0858974358974359,0.017032967032967,0.143223443223443
314273.411807,2679866.126422,0.961284403669725,0.0163302752293578,0,0,0,0.0223853211009174
314773.411807,2679866.126422,0.90295358649789,0.078884608328747,0,0,0,0.0181618051733627
315273.411807,2679866.126422,0.938461538461538,0.0276556776556777,0,0,0,0.0338827838827839
315773.411807,2679866.126422,0.460917431192661,0.00146788990825688,0,0.00146788990825688,0.0018348623853211,0.534311926605505
316273.411807,2679866.126422,0.359750504494588,0.019262520638415,0,0.00220143093010457,0.00366905155017428,0.615116492386718
316773.411807,2679866.126422,0.782234432234432,0.00970695970695971,0,0.00238095238095238,0.00476190476190476,0.200915750915751
317273.411807,2679866.126422,0.760366972477064,0.00752293577981651,0,0.00036697247706422,0.0036697247706422,0.228073394495413
317773.411807,2679866.126422,0.668134287286736,0.00275178866263071,0,0.00110071546505228,0.00220143093010457,0.325811777655476
318273.411807,2679866.126422,0.383699633699634,0.315934065934066,0.000732600732600733,0.0135531135531136,0.0335164835164835,0.252564102564103
318773.411807,2679866.126422,0.444770642201835,0.253394495412844,0,0,0.00146788990825688,0.300366972477064
319273.411807,2679866.126422,0.682076683177399,0.0300862227114291,0,0.0181618051733627,0.00862227114290956,0.2610530177949
319773.411807,2679866.126422,0.614285714285714,0.01996336996337,0.000915750915750916,0.0289377289377289,0.0344322344322344,0.301465201465201
320273.411807,2679866.126422,0.725321100917431,0.00605504587155963,0,0.00605504587155963,0.0154128440366972,0.247155963302752
320773.411807,2679866.126422,0.545771418088424,0.0610897083104018,0.0880572372041827,0.075032104201064,0.0126582278481013,0.217391304347826
313773.411807,2679366.126422,0.724422442244224,0.0683901723505684,0.0273193986065273,0.0764576457645765,0.011001100110011,0.0924092409240924
314273.411807,2679366.126422,0.937179487179487,0.0217948717948718,0,0,0,0.041025641025641
314773.411807,2679366.126422,0.904212454212454,0.0230769230769231,0,0,0,0.0727106227106227
315273.411807,2679366.126422,0.932343234323432,0.0077007700770077,0,0,0,0.05995599559956
315773.411807,2679366.126422,0.48021978021978,0.0362637362637363,0.00146520146520147,0.00586080586080586,0.00787545787545788,0.468315018315018
316273.411807,2679366.126422,0.425274725274725,0.125091575091575,0.000183150183150183,0.0142857142857143,0.0216117216117216,0.413553113553114
316773.411807,2679366.126422,0.645031169783645,0.024019068573524,0,0.00623395672900623,0.00311697836450312,0.321598826549322
317273.411807,2679366.126422,0.829120879120879,0.0587912087912088,0,0,0,0.112087912087912
317773.411807,2679366.126422,0.435347985347985,0.0336996336996337,0,0.0173992673992674,0.0249084249084249,0.488644688644689
318273.411807,2679366.126422,0.779427942794279,0.0055005500550055,0,0,0,0.215071507150715
318773.411807,2679366.126422,0.568498168498168,0.0664835164835165,0,0.0238095238095238,0.032967032967033,0.308241758241758
319273.411807,2679366.126422,0.590659340659341,0.00531135531135531,0,0.0708791208791209,0.0542124542124542,0.278937728937729
319773.411807,2679366.126422,0.756325632563256,0.00238357169050238,0,0.00678401173450678,0.00476714338100477,0.22973964063073
320273.411807,2679366.126422,0.287728937728938,0.0532967032967033,0.256043956043956,0.186630036630037,0.0311355311355311,0.185164835164835
313773.411807,2678866.126422,0.776433938061206,0.103353490929082,0.0124610591900312,0.0102620487447315,0.00293201392706615,0.0945574491478835
314273.411807,2678866.126422,0.946779225545972,0.012846393833731,0,0,0,0.0403743806202973
314773.411807,2678866.126422,0.902072253805245,0.057216211259857,0,0,0,0.0407115349348982
315273.411807,2678866.126422,0.764156129741616,0.055158512002932,0,0,0,0.180685358255452
315773.411807,2678866.126422,0.617360983666728,0.0855202789502661,0,0,0,0.297118737383006
316273.411807,2678866.126422,0.729139922978177,0.114432422519714,0,0.000550155877498625,0,0.15587749862461
316773.411807,2678866.126422,0.651090342679128,0.00311526479750779,0,0.0225398570643211,0.0155763239875389,0.307678211471504
317273.411807,2678866.126422,0.813910809322812,0.0422095797394017,0,0,0.000183519911910442,0.143696091025876
317773.411807,2678866.126422,0.727122684760682,0.00311754997249221,0,0,0,0.269759765266826
318273.411807,2678866.126422,0.801722558182151,0.00256551218618288,0,0.000549752611324904,0.000549752611324904,0.194612424409016
318773.411807,2678866.126422,0.674435676270875,0.00220223894292531,0,0.00660671682877592,0.00605615709304459,0.310699210864379
319273.411807,2678866.126422,0.393544837704016,0.0693196405648267,0.000366770584999083,0.120300751879699,0.0740876581698148,0.342380341096644
319773.411807,2678866.126422,0.237309877221917,0.0756826094923951,0.468755726589701,0.104086494410848,0.0047645226314825,0.109400769653656
313773.411807,2678366.126422,0.626556776556777,0.0600732600732601,0.0450549450549451,0.0532967032967033,0.0206959706959707,0.194322344322344
314273.411807,2678366.126422,0.913211009174312,0.00660550458715596,0,0,0,0.0801834862385321
314773.411807,2678366.126422,0.874334984406531,0.0223812144560631,0,0,0,0.103283801137406
315273.411807,2678366.126422,0.801282051282051,0.103113553113553,0,0,0,0.0956043956043956
315773.411807,2678366.126422,0.568256880733945,0.108073394495413,0,0.00605504587155963,0.00623853211009174,0.311376146788991
316273.411807,2678366.126422,0.560814529444139,0.019262520638415,0,0.00348559897266557,0.00458631443771785,0.411851036507063
316773.411807,2678366.126422,0.712637362637363,0.0172161172161172,0,0.0021978021978022,0.00476190476190476,0.263186813186813
317273.411807,2678366.126422,0.548073394495413,0.0401834862385321,0,0.0368807339449541,0.0368807339449541,0.337981651376147
317773.411807,2678366.126422,0.805173362685746,0.0111906072280316,0,0.00275178866263071,0.00403595670519171,0.1768482847184
318273.411807,2678366.126422,0.828937728937729,0.0183150183150183,0,0.00512820512820513,0.0021978021978022,0.145421245421245
318773.411807,2678366.126422,0.388073394495413,0.145137614678899,0.284587155963303,0.113761467889908,0,0.0684403669724771
313773.411807,2677866.126422,0.867803447011368,0.0304363769710304,0.0221855518885222,0.000183351668500183,0.00366703337000367,0.0757242390905757
314273.411807,2677866.126422,0.739377289377289,0.0122710622710623,0,0,0,0.248351648351648
314773.411807,2677866.126422,0.914102564102564,0.00641025641025641,0,0,0,0.0794871794871795
315273.411807,2677866.126422,0.890905757242391,0.0137513751375138,0,0,0,0.0953428676200953
315773.411807,2677866.126422,0.628754578754579,0.0305860805860806,0,0.0155677655677656,0.0152014652014652,0.30989010989011
316273.411807,2677866.126422,0.562820512820513,0.0487179487179487,0,0.000732600732600733,0.00311355311355311,0.384615384615385
316773.411807,2677866.126422,0.595342867620095,0.0132013201320132,0,0.0163182984965163,0.022002200220022,0.353135313531353
317273.411807,2677866.126422,0.714285714285714,0.0106227106227106,0,0.03003663003663,0.0274725274725275,0.217582417582418
317773.411807,2677866.126422,0.767765567765568,0.0289377289377289,0,0.0203296703296703,0.0254578754578755,0.157509157509158
313773.411807,2677366.126422,0.674179952354774,0.0965732087227414,0.013560564412681,0.0855781564962434,0.013560564412681,0.11654755360088
314273.411807,2677366.126422,0.748027160946963,0.0047715177096715,0,0,0,0.247201321343366
314773.411807,2677366.126422,0.545571245186136,0.0141206675224647,0,0,0,0.440308087291399
315273.411807,2677366.126422,0.773135422393256,0.0580905259299982,0,0,0.00329851566794942,0.165475536008796
315773.411807,2677366.126422,0.760506514956873,0.0660671682877592,0,0,0.000367039823820885,0.173059276931547
316273.411807,2677366.126422,0.717770034843206,0.0962772785622593,0,0.000183385292499542,0.00256739409499358,0.183201907207042
316773.411807,2677366.126422,0.413047461975444,0.267546270844786,0.000183250870441635,0.0197910940076965,0.0555250137438153,0.243906908557816
317273.411807,2677366.126422,0.799779776105707,0.0152321526885667,0.000183519911910442,0.00330335841438796,0.0108276748027161,0.170673518076711
317773.411807,2677366.126422,0.546121401063635,0.0887584815697781,0.138639281129653,0.0187052998349532,0.00293416467999266,0.204841371721988
313773.411807,2676866.126422,0.645421245421245,0.0591575091575092,0.00860805860805861,0.0893772893772894,0.0128205128205128,0.184615384615385
314273.411807,2676866.126422,0.500550458715596,0.00403669724770642,0,0,0,0.495412844036697
314773.411807,2676866.126422,0.534030453127866,0.0388919464318474,0,0.00201797835259585,0.00513667217024399,0.419922949917446
315273.411807,2676866.126422,0.489377289377289,0.0373626373626374,0,0,0,0.473260073260073
315773.411807,2676866.126422,0.832110091743119,0.021651376146789,0,0,0,0.146238532110092
316273.411807,2676866.126422,0.902403228765364,0.0091726288754357,0,0,0,0.0884241423592002
316773.411807,2676866.126422,0.658424908424908,0.00659340659340659,0,0.0188644688644689,0.0181318681318681,0.297985347985348
317273.411807,2676866.126422,0.538532110091743,0.0922935779816514,0.0385321100917431,0.0779816513761468,0.0176146788990826,0.235045871559633
313773.411807,2676366.126422,0.753758709204254,0.0346534653465347,0.0137513751375138,0.0845251191785845,0.0218188485515218,0.0914924825815915
314273.411807,2676366.126422,0.869047619047619,0.030952380952381,0,0,0.00146520146520147,0.0985347985347985
314773.411807,2676366.126422,0.704761904761905,0.0010989010989011,0,0.00164835164835165,0.00293040293040293,0.28956043956044
315273.411807,2676366.126422,0.781628162816282,0.0137513751375138,0,0,0,0.204620462046205
315773.411807,2676366.126422,0.905311355311355,0.00750915750915751,0,0,0,0.0871794871794872
316273.411807,2676366.126422,0.920695970695971,0.0327838827838828,0,0,0,0.0465201465201465
316773.411807,2676366.126422,0.512284561789512,0.0141180784745141,0,0.092959295929593,0.0511551155115512,0.329482948294829
317273.411807,2676366.126422,0.174358974358974,0.0230769230769231,0.40970695970696,0.177106227106227,0.0364468864468864,0.179304029304029
313773.411807,2675866.126422,0.811434854315558,0.00989554700384827,0.0089792926516401,0.0934579439252336,0.015026571376214,0.061205790727506
314273.411807,2675866.126422,0.924022756469077,0.0266103872270141,0,0,0.000183519911910442,0.0491833363919985
314773.411807,2675866.126422,0.786356134238034,0.013203741059967,0,0.00128369704749679,0.00146708233999633,0.197689345314506
315273.411807,2675866.126422,0.785596481583288,0.062671797691039,0,0,0.000183250870441635,0.151548469855232
315773.411807,2675866.126422,0.843090475316572,0.0262433474031932,0,0,0.000367039823820885,0.130299137456414
316273.411807,2675866.126422,0.819732257472951,0.00788556757748029,0,0,0.000366770584999083,0.17201540436457
316773.411807,2675866.126422,0.643210555250137,0.00787978742899029,0,0.00439802089059923,0.00678028220634048,0.337731354223933
313773.411807,2675366.126422,0.828937728937729,0.0168498168498168,0.00531135531135531,0.0628205128205128,0.0139194139194139,0.0721611721611722
314273.411807,2675366.126422,0.93651376146789,0.0154128440366972,0,0,0,0.0480733944954128
314773.411807,2675366.126422,0.895432030820033,0.02568336085122,0,0,0,0.078884608328747
315273.411807,2675366.126422,0.578937728937729,0.0331501831501832,0,0.00238095238095238,0.00238095238095238,0.383150183150183
315773.411807,2675366.126422,0.755963302752294,0.0223853211009174,0,0,0,0.221651376146789
316273.411807,2675366.126422,0.712346358466336,0.00201797835259585,0,0.000366905155017428,0.000366905155017428,0.284901852871033
316773.411807,2675366.126422,0.512820512820513,0.00989010989010989,0.0789377289377289,0.0924908424908425,0.0342490842490843,0.271611721611722
313773.411807,2674866.126422,0.718188485515218,0.105427209387605,0.00916758342500917,0.0727906123945728,0.00806747341400807,0.0863586358635864
314273.411807,2674866.126422,0.956776556776557,0.00531135531135531,0,0,0,0.0379120879120879
314773.411807,2674866.126422,0.937362637362637,0.0137362637362637,0,0,0.000183150183150183,0.0487179487179487
315273.411807,2674866.126422,0.921342134213421,0.00385038503850385,0,0,0,0.0748074807480748
315773.411807,2674866.126422,0.926556776556777,0,0,0,0,0.0734432234432234
316273.411807,2674866.126422,0.784065934065934,0.000915750915750916,0,0,0,0.215018315018315
316773.411807,2674866.126422,0.326549321598827,0.0148514851485149,0.273560689402274,0.145031169783645,0.0436376971030436,0.196369636963696
313773.411807,2674366.126422,0.78028220634048,0.0183250870441635,0,0,0,0.201392706615356
314273.411807,2674366.126422,0.846026793907139,0.0256927876674619,0,0.000367039823820885,0.000734079647641769,0.127179298953937
314773.411807,2674366.126422,0.930130203557675,0.0172382174949569,0,0,0,0.0526315789473684
315273.411807,2674366.126422,0.937877954920286,0.00366501740883269,0,0,0,0.0584570276708814
315773.411807,2674366.126422,0.901082767480272,0.000183519911910442,0,0,0,0.098733712607818
316273.411807,2674366.126422,0.620575829818449,0.0726205758298184,0,0.0232899321474418,0.0322758114799193,0.251237850724372
316773.411807,2674366.126422,0.198827194429174,0.0247388675096207,0.371632765255635,0.199926699651823,0.0382994319223016,0.166575041231446
313773.411807,2673866.126422,0.682417582417582,0.00366300366300366,0,0.0010989010989011,0.0010989010989011,0.311721611721612
314273.411807,2673866.126422,0.803853211009174,0.0154128440366972,0,0,0,0.180733944954128
314773.411807,2673866.126422,0.814712896716199,0.0254999082737112,0,0,0,0.15978719501009
315273.411807,2673866.126422,0.816666666666667,0,0,0,0,0.183333333333333
315773.411807,2673866.126422,0.861284403669725,0,0,0,0,0.138715596330275
316273.411807,2673866.126422,0.567051917079435,0.0313703907539901,0.00238488350761328,0.0964960557695836,0.0264171711612548,0.276279581728123
316773.411807,2673866.126422,0.144505494505494,0.0163003663003663,0.351465201465201,0.191208791208791,0.0521978021978022,0.244322344322344
313773.411807,2673366.126422,0.890539053905391,0.000366703337000367,0,0,0,0.109094242757609
314273.411807,2673366.126422,0.765018315018315,0.0115384615384615,0,0,0,0.223443223443223
314773.411807,2673366.126422,0.821245421245421,0.0021978021978022,0,0,0.000183150183150183,0.176373626373626
315273.411807,2673366.126422,0.775760909424276,0,0,0,0,0.224239090575724
315773.411807,2673366.126422,0.771611721611722,0.00750915750915751,0,0,0,0.220879120879121
316273.411807,2673366.126422,0.525641025641026,0.0168498168498168,0,0.0554945054945055,0.0637362637362637,0.338278388278388
316773.411807,2673366.126422,0.252291895856252,0.0597726439310598,0.149431609827649,0.139163916391639,0.0678401173450678,0.331499816648332
313773.411807,2672866.126422,0.94172622319956,0,0,0,0,0.0582737768004398
314273.411807,2672866.126422,0.866948063864929,0.00146815929528354,0,0,0,0.131583776839787
314773.411807,2672866.126422,0.867412433522831,0,0,0,0,0.132587566477169
315273.411807,2672866.126422,0.813084112149533,0,0,0,0,0.186915887850467
315773.411807,2672866.126422,0.832629840337677,0,0,0,0,0.167370159662323
316273.411807,2672866.126422,0.352283146891619,0.0317256556024207,0,0.0498807995598753,0.0696864111498258,0.496423986796259
316773.411807,2672866.126422,0.308044713212388,0.112332783580722,0,0.000916254352208173,0.00623052959501558,0.572475719259666
313773.411807,2672366.126422,0.405128205128205,0.0115384615384615,0.165750915750916,0.163186813186813,0.0441391941391941,0.21025641025641
314273.411807,2672366.126422,0.828623853211009,0.00055045871559633,0,0.00422018348623853,0.00403669724770642,0.16256880733945
314773.411807,2672366.126422,0.895248578242524,0,0,0,0,0.104751421757476
315273.411807,2672366.126422,0.884249084249084,0,0,0,0,0.115750915750916
315773.411807,2672366.126422,0.647522935779817,0.00293577981651376,0,0.0568807339449541,0.0192660550458716,0.273394495412844
316273.411807,2672366.126422,0.198679141441937,0.0577875619152449,0,0.0950284351495139,0.0590717299578059,0.589433131535498
316773.411807,2672366.126422,0.457509157509157,0.0598901098901099,0,0.00677655677655678,0.00897435897435897,0.466849816849817
317273.411807,2672366.126422,0.128990825688073,0.0561467889908257,0.292110091743119,0.0557798165137615,0.0253211009174312,0.441651376146789
313773.411807,2671866.126422,0.176751008434177,0.0300696736340301,0.221305463879721,0.312797946461313,0.061972863953062,0.197103043637697
314273.411807,2671866.126422,0.116483516483516,0.0021978021978022,0.436263736263736,0.302197802197802,0.0135531135531136,0.129304029304029
314773.411807,2671866.126422,0.628937728937729,0.00732600732600733,0.0172161172161172,0.189377289377289,0.00970695970695971,0.147435897435897
315273.411807,2671866.126422,0.685185185185185,0.00275027502750275,0.00366703337000367,0.0735240190685735,0.0300696736340301,0.204803813714705
315773.411807,2671866.126422,0.464285714285714,0.0272893772893773,0.000366300366300366,0.125641025641026,0.0421245421245421,0.34029304029304
316273.411807,2671866.126422,0.280952380952381,0.0238095238095238,0,0.023992673992674,0.0194139194139194,0.651831501831502
316773.411807,2671866.126422,0.303997066373304,0.0661899523285662,0,0.0022002200220022,0.00605060506050605,0.621562156215622
317273.411807,2671866.126422,0.117216117216117,0.0772893772893773,0.116300366300366,0.0584249084249084,0.0399267399267399,0.590842490842491
313773.411807,2671366.126422,0.461608942642478,0.0269378779549203,0,0.139270661535642,0.0736668499175371,0.298515667949423
314273.411807,2671366.126422,0.24463204257662,0.0548724536612222,0.127179298953937,0.164250321159846,0.0851532391264452,0.323912644521931
314773.411807,2671366.126422,0.0124701998899688,0.0251237850724372,0.678525582248304,0.222813130386943,0.0135705116449661,0.0474967907573813
315273.411807,2671366.126422,0,0,0.253435953820781,0.746564046179219,0,0
315773.411807,2671366.126422,0.0034868783262984,0.0357863828225362,0.30721233253808,0.570012846393834,0.0489998164800881,0.0345017434391632
316273.411807,2671366.126422,0.231615624426921,0.0273244085824317,0.122317990097194,0.354483770401614,0.041995231982395,0.222262974509444
316773.411807,2671366.126422,0.388125343595382,0.0399486897562763,0.0370166758292102,0.126992853216053,0.0201575957485798,0.387758841854499
317273.411807,2671366.126422,0.130482657368324,0.185355111029547,0.0915764360433107,0.285006423196917,0.0541383740135805,0.253440998348321
313773.411807,2670866.126422,0.630769230769231,0.0507326007326007,0.000183150183150183,0.0838827838827839,0.036996336996337,0.197435897435897
314273.411807,2670866.126422,0.498532110091743,0.0401834862385321,0.00055045871559633,0.149724770642202,0.0506422018348624,0.260366972477064
314773.411807,2670866.126422,0.279031370390754,0.108237020730141,0,0.0132085855806274,0.020546688680976,0.578976334617501
315273.411807,2670866.126422,0.244871794871795,0.0895604395604396,0.160622710622711,0.158058608058608,0.0327838827838828,0.314102564102564
315773.411807,2670866.126422,0.076697247706422,0.083302752293578,0.318899082568807,0.324954128440367,0.0291743119266055,0.16697247706422
316273.411807,2670866.126422,0.0418271876719868,0.0889745000917263,0.325444872500459,0.343973582828839,0.0300862227114291,0.16969363419556
316773.411807,2670866.126422,0,0.00586080586080586,0.236630036630037,0.694871794871795,0.0124542124542125,0.0501831501831502
317273.411807,2670866.126422,0,0.00220183486238532,0.0888073394495413,0.885504587155963,0.015045871559633,0.00844036697247706
313773.411807,2670366.126422,0.920975430876421,0.026952695269527,0,0.000183351668500183,0.000733406674000733,0.0511551155115512
314273.411807,2670366.126422,0.720512820512821,0.00787545787545788,0.00164835164835165,0.10018315018315,0.0131868131868132,0.156593406593407
314773.411807,2670366.126422,0.299084249084249,0.0472527472527473,0.0227106227106227,0.126373626373626,0.0474358974358974,0.457142857142857
315273.411807,2670366.126422,0.117161716171617,0.168500183351668,0,0.0452878621195453,0.0304363769710304,0.638613861386139
315773.411807,2670366.126422,0.453846153846154,0.0549450549450549,0.000183150183150183,0.0227106227106227,0.0333333333333333,0.434981684981685
316273.411807,2670366.126422,0.461904761904762,0.0142857142857143,0,0.0313186813186813,0.0115384615384615,0.480952380952381
316773.411807,2670366.126422,0.235423542354235,0.0088008800880088,0.284378437843784,0.131646497983132,0.0331866519985332,0.306563989732307
313773.411807,2669866.126422,0.795492028587136,0.00128275609309144,0,0,0,0.203225215319773
314273.411807,2669866.126422,0.528720866213984,0.039823820884566,0.0429436593870435,0.0187190310148651,0.0104606349788952,0.359331987520646
314773.411807,2669866.126422,0.178984045479553,0.0467632495873831,0.0869246286447827,0.467632495873831,0.0850907757197873,0.134604804694663
315273.411807,2669866.126422,0.187282389591351,0.093274693054792,0.00146600696353308,0.183067619571193,0.0690855781564962,0.465823712662635
315773.411807,2669866.126422,0.371077261882914,0.0222059093411635,0,0.039823820884566,0.0273444668746559,0.5395485410167
316273.411807,2669866.126422,0.264991747661838,0.0823399963322941,0,0.0278745644599303,0.0275077938749312,0.597285897671007
316773.411807,2669866.126422,0.372549019607843,0.0835623969213854,0,0.0681693238042881,0.0582737768004398,0.417445482866044
313773.411807,2669366.126422,0.761172161172161,0.00860805860805861,0,0,0,0.23021978021978
314273.411807,2669366.126422,0.131376146788991,0.0425688073394495,0,0.10605504587156,0.0322935779816514,0.687706422018349
314773.411807,2669366.126422,0.277930654925702,0.0361401577692167,0.000550357732526142,0.183269124931205,0.0691616217207852,0.432948082920565
315273.411807,2669366.126422,0.207875457875458,0.0776556776556777,0.00952380952380952,0.298168498168498,0.0818681318681319,0.324908424908425
315773.411807,2669366.126422,0.215963302752294,0.0860550458715596,0,0.121651376146789,0.0590825688073394,0.517247706422018
316273.411807,2669366.126422,0.167859108420473,0.0390753990093561,0.0161438268207668,0.390570537516052,0.131168592918731,0.255182535314621
316773.411807,2669366.126422,0.0571428571428571,0.0862637362637363,0.2996336996337,0.0978021978021978,0.0476190476190476,0.411538461538462
