"x","y","forest","agri","water","built","other","grass"
262273.411807,2773866.126422,0.000549450549450549,0.0124542124542125,0.581501831501832,0.356593406593407,0.0263736263736264,0.0225274725274725
260773.411807,2773366.126422,0,0.00476801760498808,0.793324775353017,0.168347698514579,0.0137538969374656,0.0198056115899505
261273.411807,2773366.126422,0.114715044896463,0.036100421477002,0.474803005314275,0.129008612790911,0.0186915887850467,0.226681326736302
261773.411807,2773366.126422,0.0701046063497889,0.0310148651128647,0.0359699027344467,0.171407597724353,0.0655166085520279,0.625986419526519
262273.411807,2773366.126422,0.115716119567211,0.010819732257473,0.00403447643498991,0.33999633229415,0.0546488171648634,0.474784522281313
259773.411807,2772866.126422,0,0.0021978021978022,0.880952380952381,0.111355311355311,0.00512820512820513,0.000366300366300366
260273.411807,2772866.126422,0.26697247706422,0.00715596330275229,0.165321100917431,0.129724770642202,0.0554128440366972,0.375412844036697
260773.411807,2772866.126422,0.403412217941662,0.0113740598055403,0.000183452577508714,0.0583379196477711,0.0247660979636764,0.501926252063841
261273.411807,2772866.126422,0.208058608058608,0.0318681318681319,0.0304029304029304,0.417582417582418,0.114102564102564,0.197985347985348
261773.411807,2772866.126422,0.0355963302752294,0.0222018348623853,0.0921100917431193,0.634128440366972,0.0891743119266055,0.126788990825688
262273.411807,2772866.126422,0.0187121629058888,0.0108237020730141,0.0598055402678408,0.782975600807191,0.0565033938726839,0.071179600073381
259273.411807,2772366.126422,0.0516483516483516,0.00805860805860806,0.618498168498169,0.208608058608059,0.0267399267399267,0.0864468864468864
259773.411807,2772366.126422,0.221672167216722,0.022002200220022,0.104877154382105,0.282178217821782,0.0927759442610928,0.276494316098277
260273.411807,2772366.126422,0.374175824175824,0.0379120879120879,0.0179487179487179,0.204395604395604,0.0622710622710623,0.303296703296703
260773.411807,2772366.126422,0.0164835164835165,0.0152014652014652,0.0210622710622711,0.80952380952381,0.0945054945054945,0.0432234432234432
261273.411807,2772366.126422,0.0720572057205721,0.0467546754675468,0.013017968463513,0.642464246424643,0.156032269893656,0.0696736340300697
261773.411807,2772366.126422,0.00732600732600733,0.00586080586080586,0.00787545787545788,0.945054945054945,0.0201465201465201,0.0137362637362637
262273.411807,2772366.126422,0.0265567765567766,0.00677655677655678,0.034981684981685,0.891758241758242,0.0278388278388278,0.0120879120879121
258773.411807,2771866.126422,0.197467425215636,0.0277115066984768,0.555698293264819,0.063497889521013,0.00935951550743256,0.146265369792623
259273.411807,2771866.126422,0.0700531817348249,0.0179717586649551,0.00293416467999266,0.310287914909224,0.184668989547038,0.414083990463965
259773.411807,2771866.126422,0.0203408466190214,0.0320689023272861,0.0452629649990837,0.624152464724207,0.159428257284222,0.118746564046179
260273.411807,2771866.126422,0.149935768030831,0.0429436593870435,0.0304643053771334,0.381170857037989,0.149752248118921,0.245733162048082
260773.411807,2771866.126422,0.0291582615074271,0.0267742527049331,0.0148542086924629,0.341646799926646,0.325325508894187,0.262240968274344
261273.411807,2771866.126422,0.0582737768004398,0.0243723657687374,0.00219901044529962,0.610225398570643,0.0848451530144768,0.220084295400403
261773.411807,2771866.126422,0.0801982015048633,0.0275279867865663,0.04147550009176,0.63919985318407,0.124242980363369,0.0873554780693705
262273.411807,2771866.126422,0.0163212910324592,0.0282413350449294,0.0225563909774436,0.784522281313039,0.121217678342197,0.0271410232899321
257773.411807,2771366.126422,0,0.00330214639515685,0.617501375894331,0.357549073564484,0.0210970464135021,0.000550357732526142
258273.411807,2771366.126422,0.0404761904761905,0.0221611721611722,0.217399267399267,0.288278388278388,0.123443223443223,0.308241758241758
258773.411807,2771366.126422,0.0877064220183486,0.0154128440366972,0.00293577981651376,0.361834862385321,0.124770642201835,0.407339449541284
259273.411807,2771366.126422,0.0275178866263071,0.015410016510732,0.0177949000183453,0.383599339570721,0.126582278481013,0.429095578792882
259773.411807,2771366.126422,0.228388278388278,0.0205128205128205,0,0.134615384615385,0.0833333333333333,0.533150183150183
260273.411807,2771366.126422,0.105321100917431,0.0288073394495413,0.0513761467889908,0.230642201834862,0.0900917431192661,0.493761467889908
260773.411807,2771366.126422,0.216474041460283,0.00972298660796184,0.0177949000183453,0.649238671803339,0.0820033021463952,0.0247660979636764
261273.411807,2771366.126422,0.189010989010989,0.00476190476190476,0.0228937728937729,0.757692307692308,0.0161172161172161,0.00952380952380952
261773.411807,2771366.126422,0.183853211009174,0.0300917431192661,0.0192660550458716,0.534128440366972,0.127706422018349,0.104954128440367
262273.411807,2771366.126422,0.0654925701706109,0.0438451660245826,0.00275178866263071,0.387818748853421,0.191707943496606,0.308383782792148
257273.411807,2770866.126422,0.00695970695970696,0.0120879120879121,0.48956043956044,0.392490842490842,0.0338827838827839,0.065018315018315
257773.411807,2770866.126422,0.0846153846153846,0.021978021978022,0.00274725274725275,0.26043956043956,0.104212454212454,0.526007326007326
258273.411807,2770866.126422,0.0099009900990099,0.0139347268060139,0.000183351668500183,0.299413274660799,0.11001100110011,0.566556655665567
258773.411807,2770866.126422,0.0954212454212454,0.0340659340659341,0,0.169413919413919,0.111355311355311,0.58974358974359
259273.411807,2770866.126422,0.172161172161172,0.0501831501831502,0,0.0785714285714286,0.0736263736263736,0.625457875457875
259773.411807,2770866.126422,0.0870920425375871,0.178767876787679,0,0.0995599559955996,0.0757242390905757,0.558855885588559
260273.411807,2770866.126422,0.236446886446886,0.056043956043956,0.00347985347985348,0.0924908424908425,0.080952380952381,0.530586080586081
260773.411807,2770866.126422,0.268498168498168,0.028021978021978,0.0131868131868132,0.432783882783883,0.153113553113553,0.104395604395604
261273.411807,2770866.126422,0.162816281628163,0.0595892922625596,0.0251191785845251,0.474514118078474,0.12962962962963,0.148331499816648
261773.411807,2770866.126422,0.133333333333333,0.146703296703297,0.00146520146520147,0.297252747252747,0.0879120879120879,0.333333333333333
262273.411807,2770866.126422,0.0901098901098901,0.188461538461538,0.00549450549450549,0.140842490842491,0.086996336996337,0.488095238095238
255273.411807,2770366.126422,0,0.0142935678944475,0.284405350925417,0.69507055158512,0.00623052959501558,0
255773.411807,2770366.126422,0.00697375665259681,0.00256927876674619,0.177647274729308,0.486694806386493,0.0798311616810424,0.246283721783814
256273.411807,2770366.126422,0.00770218228498074,0.0236567027324409,0,0.235466715569411,0.0951769668072621,0.637997432605905
256773.411807,2770366.126422,0.0621220450797141,0.0128275609309144,0,0.213853765805388,0.102253985706432,0.608942642477552
257273.411807,2770366.126422,0.0607450908423564,0.0201871903101487,0.00238575885483575,0.354376949899064,0.126078179482474,0.436226830611121
257773.411807,2770366.126422,0.253071703649367,0.0746378140473134,0.000733541169998166,0.10801393728223,0.070786722904823,0.492756280946268
258273.411807,2770366.126422,0.108118013560564,0.0130108118013561,0.000366501740883269,0.320872274143302,0.0751328568810702,0.482499541872824
258773.411807,2770366.126422,0.122591301156175,0.0658836483758488,0,0.0811158010644155,0.0603780510185355,0.670031198385025
259273.411807,2770366.126422,0.107280396112232,0.0432789290298918,0,0.0300751879699248,0.0372272143774069,0.782138272510545
259773.411807,2770366.126422,0.0919919369617006,0.125160344511636,0.414513468938977,0.0161260765988638,0.0371999266996518,0.31500824628917
260273.411807,2770366.126422,0.184253991558084,0.0405579005322077,0.00110111947146265,0.055606533308864,0.047715177096715,0.670765278032667
260773.411807,2770366.126422,0.147625160462131,0.0496974142673758,0.0170548322024574,0.272327159361819,0.118283513662204,0.395011920044012
261273.411807,2770366.126422,0.0806303829943192,0.0661535642294301,0,0.199010445299615,0.0995052226498076,0.554700384826828
261773.411807,2770366.126422,0.104606349788952,0.278766746191962,0,0.00550559735731327,0.0212883097816113,0.589832996880161
262273.411807,2770366.126422,0.0750045846323125,0.269576379974326,0,0.0502475701448744,0.0385109114249037,0.566660553823583
254773.411807,2769866.126422,0,0,0.489084571638231,0.510915428361769,0,0
255273.411807,2769866.126422,0.286080586080586,0.0168498168498168,0.278571428571429,0.13040293040293,0.010989010989011,0.277106227106227
255773.411807,2769866.126422,0.380366972477064,0.0508256880733945,0.02,0.197981651376147,0.0772477064220184,0.273577981651376
256273.411807,2769866.126422,0.0121078701155751,0.118693817648138,0.00440286186020914,0.526875802605027,0.114841313520455,0.223078334250596
256773.411807,2769866.126422,0.00201465201465201,0.0690476190476191,0.0021978021978022,0.403846153846154,0.111721611721612,0.411172161172161
257273.411807,2769866.126422,0.0987155963302752,0.011743119266055,0.00036697247706422,0.261284403669725,0.105321100917431,0.52256880733945
257773.411807,2769866.126422,0.225279765180701,0.0332049165290772,0.000733810310034856,0.247294074481746,0.0805356815263254,0.412951751972115
258273.411807,2769866.126422,0.1003663003663,0.0379120879120879,0.065018315018315,0.46025641025641,0.118131868131868,0.218315018315018
258773.411807,2769866.126422,0.0730275229357798,0.066605504587156,0.0036697247706422,0.11302752293578,0.088256880733945,0.655412844036697
259273.411807,2769866.126422,0.0922766464868831,0.224179049715649,0,0.0260502660062374,0.0187121629058888,0.638781874885342
259773.411807,2769866.126422,0.0494505494505494,0.0406593406593407,0.0448717948717949,0.0586080586080586,0.0360805860805861,0.77032967032967
260273.411807,2769866.126422,0.0948623853211009,0.0280733944954128,0.00018348623853211,0.206422018348624,0.0845871559633028,0.585871559633028
260773.411807,2769866.126422,0.191524490919097,0.0267840763162722,0.000183452577508714,0.106585947532563,0.066042927903137,0.608879104751422
261273.411807,2769866.126422,0.142307692307692,0.316849816849817,0.0122710622710623,0.0956043956043956,0.0657509157509158,0.367216117216117
261773.411807,2769866.126422,0.127706422018349,0.278348623853211,0.00972477064220183,0.0700917431192661,0.0530275229357798,0.461100917431193
262273.411807,2769866.126422,0.0843881856540084,0.121812511465786,0.00311869381764814,0.0867730691616217,0.101632727939828,0.602274811961108
253273.411807,2769366.126422,0,0,0.950549450549451,0.0494505494505494,0,0
254773.411807,2769366.126422,0.464285714285714,0.0714285714285714,0.000366300366300366,0.285531135531136,0.0553113553113553,0.123076923076923
255273.411807,2769366.126422,0.357352401906857,0.115511551155116,0.0146681334800147,0.224605793912725,0.0984598459845985,0.189402273560689
255773.411807,2769366.126422,0.00989010989010989,0.0816849816849817,0.0177655677655678,0.394688644688645,0.114285714285714,0.381684981684982
256273.411807,2769366.126422,0.0032967032967033,0.034981684981685,0.00164835164835165,0.479120879120879,0.0778388278388278,0.403113553113553
256773.411807,2769366.126422,0.0727906123945728,0.0520718738540521,0.104693802713605,0.366519985331867,0.102676934360103,0.301246791345801
257273.411807,2769366.126422,0.08003663003663,0.0463369963369963,0,0.323626373626374,0.144322344322344,0.405677655677656
257773.411807,2769366.126422,0.0529304029304029,0.187179487179487,0,0.0673992673992674,0.0686813186813187,0.623809523809524
258273.411807,2769366.126422,0.0993766043270994,0.106160616061606,0.000366703337000367,0.223322332233223,0.072973964063073,0.497799779977998
258773.411807,2769366.126422,0.0567765567765568,0.0184981684981685,0.00128205128205128,0.688644688644689,0.101648351648352,0.133150183150183
259273.411807,2769366.126422,0.0564102564102564,0.080952380952381,0.000915750915750916,0.1503663003663,0.0842490842490843,0.627106227106227
259773.411807,2769366.126422,0.0760909424275761,0.0586725339200587,0.000183351668500183,0.189035570223689,0.0797579757975798,0.596259625962596
260273.411807,2769366.126422,0.0712454212454212,0.0877289377289377,0.156593406593407,0.213919413919414,0.0752747252747253,0.395238095238095
260773.411807,2769366.126422,0.238644688644689,0.0401098901098901,0,0.104029304029304,0.127289377289377,0.48992673992674
261273.411807,2769366.126422,0.201686835350202,0.25045837917125,0,0.133296662999633,0.074990832416575,0.33956729006234
261773.411807,2769366.126422,0.108241758241758,0.274175824175824,0.00128205128205128,0.0142857142857143,0.0184981684981685,0.583516483516484
262273.411807,2769366.126422,0.156593406593407,0.196703296703297,0,0.0347985347985348,0.067032967032967,0.544871794871795
253773.411807,2768866.126422,0,0.00513102437236577,0.383177570093458,0.535642294300898,0.00916254352208173,0.0668865677111966
254273.411807,2768866.126422,0.209946779225546,0.0545054138374014,0.102037071022206,0.266470912093962,0.0781794824738484,0.288860341347036
254773.411807,2768866.126422,0.185219145424537,0.0418118466898955,0.0970108197322575,0.486337795708784,0.102695763799743,0.0869246286447827
255273.411807,2768866.126422,0.0700018325087044,0.0426974528129009,0.00806303829943192,0.468389224848818,0.206706981858164,0.204141469671981
255773.411807,2768866.126422,0.0879060378051019,0.025325747843641,0.00458799779776106,0.52284822903285,0.154523765828592,0.204808221692054
256273.411807,2768866.126422,0.0570328259673574,0.0496974142673758,0.000183385292499542,0.27214377406932,0.128369704749679,0.492572895653769
256773.411807,2768866.126422,0.0487447315374748,0.0745831042697453,0.0430639545537841,0.249221183800623,0.0749496060106286,0.509437419827744
257273.411807,2768866.126422,0.138374013580473,0.0119287942741787,0.00458799779776106,0.152321526885667,0.121306661772802,0.571481005689117
257773.411807,2768866.126422,0.0469466348798826,0.251788006601871,0,0.11589950485971,0.0542820465798643,0.531083807078672
258273.411807,2768866.126422,0.0786146234194612,0.245739417262232,0.000733003481766538,0.109400769653656,0.0445299615173172,0.520982224665567
258773.411807,2768866.126422,0.0631308496971921,0.0735914846760874,0,0.451275463387778,0.0917599559552211,0.320242246283722
259273.411807,2768866.126422,0.061617458279846,0.0911424903722722,0,0.134054648817165,0.0764716669723088,0.636713735558408
259773.411807,2768866.126422,0.0670698185816383,0.066703316840755,0.111966281839839,0.158145501191131,0.0694520798973795,0.526663001649258
260273.411807,2768866.126422,0.0757937236190127,0.158928243714443,0.282620664342081,0.108643787850982,0.0445953385942375,0.329418241879244
260773.411807,2768866.126422,0.0737208875848157,0.141023289932147,0,0.172748945534568,0.0874747845222813,0.525032092426187
261273.411807,2768866.126422,0.0784313725490196,0.135422393256368,0.00293201392706615,0.449697636063771,0.083745647791827,0.249770936411948
261773.411807,2768866.126422,0.16590200036704,0.122591301156175,0.0258763075793724,0.0293631859056708,0.0519361350706552,0.604331069921086
262273.411807,2768866.126422,0.182835136622043,0.23216578030442,0.00311754997249221,0.0777553640198056,0.0471300201723822,0.456996148908858
253773.411807,2768366.126422,0.170879120879121,0.00860805860805861,0.331501831501831,0.354578754578755,0.0263736263736264,0.108058608058608
254273.411807,2768366.126422,0.274311926605505,0.0176146788990826,0.0258715596330275,0.281651376146789,0.18,0.220550458715596
254773.411807,2768366.126422,0.0702623371858375,0.0183452577508714,0,0.518070078884608,0.259952302329848,0.133370023848835
255273.411807,2768366.126422,0.251282051282051,0.0412087912087912,0.000732600732600733,0.120879120879121,0.134615384615385,0.451282051282051
255773.411807,2768366.126422,0.0321100917431193,0.0510091743119266,0.00788990825688073,0.308990825688073,0.261651376146789,0.338348623853211
256273.411807,2768366.126422,0.0796184186387819,0.131902403228765,0,0.257934323977252,0.124013942395891,0.40653091175931
256773.411807,2768366.126422,0.0195970695970696,0.313003663003663,0,0.0976190476190476,0.0347985347985348,0.534981684981685
257273.411807,2768366.126422,0.0260550458715596,0.138899082568807,0.00018348623853211,0.0910091743119266,0.0664220183486239,0.67743119266055
257773.411807,2768366.126422,0.0322876536415337,0.122546321775821,0.355714547789396,0.0665932856356632,0.0275178866263071,0.395340304531279
258273.411807,2768366.126422,0.0501831501831502,0.12014652014652,0,0.0798534798534798,0.0501831501831502,0.6996336996337
258773.411807,2768366.126422,0.0792660550458716,0.136880733944954,0,0.154862385321101,0.0926605504587156,0.536330275229358
259273.411807,2768366.126422,0.144193725921849,0.16400660429279,0,0.0302696752889378,0.0546688680975968,0.606861126398826
259773.411807,2768366.126422,0.0521978021978022,0.178937728937729,0.000915750915750916,0.0355311355311355,0.0421245421245421,0.69029304029304
260273.411807,2768366.126422,0.0539449541284404,0.228256880733945,0.00165137614678899,0.0922935779816514,0.101100917431193,0.522752293577982
260773.411807,2768366.126422,0.0653091175931022,0.245092643551642,0,0.0091726288754357,0.0341221794166208,0.646303430563199
261273.411807,2768366.126422,0.112820512820513,0.127655677655678,0.000183150183150183,0.222161172161172,0.0637362637362637,0.473443223443223
261773.411807,2768366.126422,0.127889908256881,0.0678899082568807,0.00036697247706422,0.165321100917431,0.0700917431192661,0.568440366972477
262273.411807,2768366.126422,0.118877270225647,0.298477343606678,0.00421940928270042,0.105301779490002,0.0409099247844432,0.43221427261053
253273.411807,2767866.126422,0.0587912087912088,0.00586080586080586,0.146886446886447,0.650915750915751,0.0375457875457875,0.1
253773.411807,2767866.126422,0.0643564356435644,0.121928859552622,0.164283094976164,0.180601393472681,0.146131279794646,0.322698936560323
254273.411807,2767866.126422,0.123809523809524,0.0536630036630037,0.0021978021978022,0.147802197802198,0.192857142857143,0.47967032967033
254773.411807,2767866.126422,0.223992673992674,0.0472527472527473,0.00549450549450549,0.104395604395604,0.125274725274725,0.493589743589744
255273.411807,2767866.126422,0.0876420975430876,0.100843417675101,0.00293362669600293,0.0777411074440777,0.0484048404840484,0.682434910157682
255773.411807,2767866.126422,0.0446886446886447,0.114468864468864,0,0.0749084249084249,0.058974358974359,0.706959706959707
256273.411807,2767866.126422,0.0690476190476191,0.111538461538462,0,0.0289377289377289,0.0289377289377289,0.761538461538461
256773.411807,2767866.126422,0.0300696736340301,0.135496883021635,0.000183351668500183,0.0249358269160249,0.0621562156215622,0.747158049138247
257273.411807,2767866.126422,0.0675824175824176,0.155677655677656,0.00183150183150183,0.191575091575092,0.0945054945054945,0.488827838827839
257773.411807,2767866.126422,0.0749084249084249,0.222893772893773,0,0.0703296703296703,0.0481684981684982,0.583699633699634
258273.411807,2767866.126422,0.0447378071140447,0.224789145581225,0.0628896222955629,0.0328199486615328,0.0297029702970297,0.605060506050605
258773.411807,2767866.126422,0.0619047619047619,0.151465201465201,0.266849816849817,0.0338827838827839,0.0554945054945055,0.43040293040293
259273.411807,2767866.126422,0.0252747252747253,0.132051282051282,0.347252747252747,0.172344322344322,0.118315018315018,0.204761904761905
259773.411807,2767866.126422,0.0539053905390539,0.363219655298863,0.000733406674000733,0.0357535753575358,0.0520718738540521,0.494316098276494
260273.411807,2767866.126422,0.0384615384615385,0.210805860805861,0.00915750915750916,0.220879120879121,0.0908424908424908,0.42985347985348
260773.411807,2767866.126422,0.0434065934065934,0.133699633699634,0,0.0527472527472527,0.0728937728937729,0.697252747252747
261273.411807,2767866.126422,0.101760176017602,0.208470847084708,0,0.0374037403740374,0.0561056105610561,0.596259625962596
261773.411807,2767866.126422,0.105128205128205,0.233333333333333,0.00952380952380952,0.255311355311355,0.120512820512821,0.276190476190476
262273.411807,2767866.126422,0.221428571428571,0.137362637362637,0.00860805860805861,0.200732600732601,0.104029304029304,0.327838827838828
253273.411807,2767366.126422,0.181734824867046,0.0341096644049147,0.189620392444526,0.154777186869613,0.0652851641298368,0.374472767284064
253773.411807,2767366.126422,0.0934579439252336,0.0480117280557083,0,0.127176104086494,0.0679860729338464,0.663368150998717
254273.411807,2767366.126422,0.118370343182235,0.0790970820334006,0.000734079647641769,0.139108093228115,0.0554230133969536,0.607267388511654
254773.411807,2767366.126422,0.0630845406198423,0.216944801026958,0.0100861910874748,0.137538969374656,0.0583165230148542,0.514028974876215
255273.411807,2767366.126422,0.0989554700384827,0.142752428074033,0.000733003481766538,0.0815466373465274,0.0566245189664651,0.619387942092725
255773.411807,2767366.126422,0.102220590934116,0.12883097816113,0.000183519911910442,0.0983666727839971,0.0697375665259681,0.600660671682878
256273.411807,2767366.126422,0.0326425820649184,0.14799193104713,0,0.0284247203374289,0.0421786172748946,0.748762149275628
256773.411807,2767366.126422,0.0295033901411032,0.0676195711929632,0.414696719809419,0.0318856514568444,0.0298698918819864,0.426424775517684
257273.411807,2767366.126422,0.0756102037071022,0.204991741603964,0.0183519911910442,0.0882730776289227,0.0704716461736098,0.542301339695357
257773.411807,2767366.126422,0.0849073904272877,0.178800660187053,0,0.0240234733174399,0.0309921144324225,0.681276361635797
258273.411807,2767366.126422,0.0419644493311343,0.12662635147517,0.0780648708081363,0.158512002932014,0.0901594282572842,0.504672897196262
258773.411807,2767366.126422,0.0712057258212516,0.0866213984217288,0.210497338961277,0.0245916681959993,0.0337676637915214,0.573316204808222
259273.411807,2767366.126422,0.0810562992847974,0.278195488721804,0.00183385292499542,0.0913258756647717,0.0898587933247754,0.457729690078856
259773.411807,2767366.126422,0.0337181601612608,0.23089609675646,0.00128275609309144,0.0784313725490196,0.0852116547553601,0.570459959684808
260273.411807,2767366.126422,0.0906588364837585,0.172692237107726,0.00385391815011929,0.167003119838502,0.0985501926959075,0.467241695723986
260773.411807,2767366.126422,0.0605171465248487,0.198422886484504,0,0.104529616724739,0.0808729139922978,0.555657436273611
261273.411807,2767366.126422,0.0533260032985157,0.135239142385926,0.0808136338647609,0.0745831042697453,0.0954737035000916,0.56056441268096
261773.411807,2767366.126422,0.0835015599192512,0.142227931730593,0.00770783630023858,0.248302440814828,0.0985501926959075,0.419710038539181
262273.411807,2767366.126422,0.0540986612873648,0.237850724371905,0.00458463231248854,0.156244269209609,0.0988446726572529,0.448377040161379
252773.411807,2766866.126422,0.107706422018349,0,0.431926605504587,0.376330275229358,0.0284403669724771,0.0555963302752294
253273.411807,2766866.126422,0.139240506329114,0.102366538249862,0,0.150798018712163,0.0498991010823702,0.55769583562649
253773.411807,2766866.126422,0.0831501831501831,0.0886446886446886,0.00384615384615385,0.114102564102564,0.0840659340659341,0.626190476190476
254273.411807,2766866.126422,0.0388990825688073,0.211743119266055,0,0.0728440366972477,0.0398165137614679,0.636697247706422
254773.411807,2766866.126422,0.0842047330764997,0.417904971564851,0.00403595670519171,0.0792515134837644,0.0473307649972482,0.367272060172445
255273.411807,2766866.126422,0.05,0.256959706959707,0.00421245421245421,0.0228937728937729,0.0336996336996337,0.632234432234432
255773.411807,2766866.126422,0.0811009174311927,0.298348623853211,0.00036697247706422,0.0605504587155963,0.0638532110091743,0.495779816513761
256273.411807,2766866.126422,0.156485048614933,0.118143459915612,0.00715465052283985,0.0379746835443038,0.0464135021097046,0.633828655292607
256773.411807,2766866.126422,0.0382783882783883,0.101282051282051,0.256593406593407,0.0532967032967033,0.0633699633699634,0.487179487179487
257273.411807,2766866.126422,0.0568807339449541,0.211743119266055,0,0.0269724770642202,0.0376146788990826,0.666788990825688
257773.411807,2766866.126422,0.0245826453861677,0.230416437350945,0.24105668684645,0.0254999082737112,0.0478811227297744,0.430563199412952
258273.411807,2766866.126422,0.0915750915750916,0.417582417582418,0.00146520146520147,0.0335164835164835,0.0644688644688645,0.391391941391941
258773.411807,2766866.126422,0.13651376146789,0.177247706422018,0.00018348623853211,0.150642201834862,0.0858715596330275,0.44954128440367
259273.411807,2766866.126422,0.0487983856173179,0.397908640616401,0,0.0348559897266557,0.0742982938910292,0.444138690148597
259773.411807,2766866.126422,0.093040293040293,0.18974358974359,0,0.0895604395604396,0.103846153846154,0.523809523809524
260273.411807,2766866.126422,0.0618348623853211,0.164587155963303,0,0.0506422018348624,0.0713761467889908,0.651559633027523
260773.411807,2766866.126422,0.0306365804439552,0.186204366171345,0.0691616217207852,0.0735644835809943,0.0799853237937993,0.560447624289121
261273.411807,2766866.126422,0.060989010989011,0.178571428571429,0.000915750915750916,0.0608058608058608,0.0981684981684982,0.600549450549451
261773.411807,2766866.126422,0.0611009174311927,0.100917431192661,0.217064220183486,0.0708256880733945,0.0631192660550459,0.48697247706422
262273.411807,2766866.126422,0.076316272243625,0.151348376444689,0.00953953403045313,0.0432948082920565,0.0568702990277013,0.662630709961475
252273.411807,2766366.126422,0.0674734140080675,0.00055005500550055,0.177117711771177,0.741107444077741,0.00458379171250458,0.00916758342500917
252773.411807,2766366.126422,0.250732600732601,0.15,0.00531135531135531,0.106410256410256,0.0534798534798535,0.434065934065934
253273.411807,2766366.126422,0.113003663003663,0.0778388278388278,0.00879120879120879,0.0847985347985348,0.0838827838827839,0.631684981684982
253773.411807,2766366.126422,0.0245691235790246,0.0771910524385772,0.0361202786945361,0.106343967730106,0.0801246791345801,0.675650898423176
254273.411807,2766366.126422,0.0344322344322344,0.158608058608059,0.298717948717949,0.121794871794872,0.0512820512820513,0.335164835164835
254773.411807,2766366.126422,0.0373626373626374,0.247619047619048,0,0.0917582417582418,0.0873626373626374,0.535897435897436
255273.411807,2766366.126422,0.0520718738540521,0.252841950861753,0.158049138247158,0.0601393472680601,0.0858085808580858,0.391089108910891
255773.411807,2766366.126422,0.0564102564102564,0.413736263736264,0.0155677655677656,0.0858974358974359,0.0216117216117216,0.406776556776557
256273.411807,2766366.126422,0.047985347985348,0.535897435897436,0,0.0254578754578755,0.0617216117216117,0.328937728937729
256773.411807,2766366.126422,0.115878254492116,0.0671067106710671,0.00751741840850752,0.0502383571690502,0.0434543454345435,0.715804913824716
257273.411807,2766366.126422,0.12032967032967,0.0941391941391941,0,0.0827838827838828,0.073992673992674,0.628754578754579
257773.411807,2766366.126422,0.0507326007326007,0.114285714285714,0.000549450549450549,0.0813186813186813,0.0853479853479854,0.667765567765568
258273.411807,2766366.126422,0.0616061606160616,0.157682434910158,0,0.0878254492115878,0.125779244591126,0.567106710671067
258773.411807,2766366.126422,0.0457875457875458,0.242124542124542,0,0.0443223443223443,0.0710622710622711,0.596703296703297
259273.411807,2766366.126422,0.0461538461538462,0.293040293040293,0.000183150183150183,0.11996336996337,0.0981684981684982,0.442490842490842
259773.411807,2766366.126422,0.0517051705170517,0.347451411807847,0,0.12046204620462,0.1002933626696,0.38008800880088
260273.411807,2766366.126422,0.0529304029304029,0.304029304029304,0,0.0195970695970696,0.0761904761904762,0.547252747252747
260773.411807,2766366.126422,0.063003663003663,0.368131868131868,0.0214285714285714,0.0877289377289377,0.0316849816849817,0.428021978021978
261273.411807,2766366.126422,0.0392372570590392,0.323065639897323,0.135680234690136,0.0573890722405574,0.0627062706270627,0.381921525485882
261773.411807,2766366.126422,0.0813186813186813,0.0659340659340659,0,0.104395604395604,0.0756410256410256,0.672710622710623
262273.411807,2766366.126422,0.103479853479853,0.166483516483516,0.00128205128205128,0.0756410256410256,0.114102564102564,0.539010989010989
252273.411807,2765866.126422,0.39480259870065,0.00624687656171914,0.153423288355822,0.287106446776612,0.0194902548725637,0.138930534732634
252773.411807,2765866.126422,0.0823117338003503,0.134100575431574,0,0.129597197898424,0.0908181135851889,0.563172379284463
253273.411807,2765866.126422,0.0702148925537231,0.132683658170915,0.000499750124937531,0.11744127936032,0.052223888055972,0.626936531734133
253773.411807,2765866.126422,0.0434782608695652,0.0787106446776612,0.211644177911044,0.206146926536732,0.100949525237381,0.359070464767616
254273.411807,2765866.126422,0.0250187640730548,0.185889417062797,0.438078558919189,0.0330247685764323,0.0445334000500375,0.273455091318489
254773.411807,2765866.126422,0.0654672663668166,0.295352323838081,0.012743628185907,0.0374812593703148,0.0489755122438781,0.539980009995003
255273.411807,2765866.126422,0.115942028985507,0.414542728635682,0.000999500249875062,0.0579710144927536,0.0572213893053473,0.353323338330835
255773.411807,2765866.126422,0.154615961971479,0.252689517137853,0.00125093820365274,0.0557918438829122,0.0517888416312234,0.48386289717288
256273.411807,2765866.126422,0.0664667666166917,0.397801099450275,0.00149925037481259,0.0279860069965017,0.052223888055972,0.454022988505747
256773.411807,2765866.126422,0.0982008995502249,0.215892053973014,0,0.0787106446776612,0.088455772113943,0.518740629685157
257273.411807,2765866.126422,0.0460345258944208,0.418814110582937,0,0.0577933450087566,0.0888166124593445,0.388541406054541
257773.411807,2765866.126422,0.0382308845577211,0.187906046976512,0.0947026486756622,0.138180909545227,0.0407296351824088,0.500249875062469
258273.411807,2765866.126422,0.0324837581209395,0.210394802598701,0.00174912543728136,0.0254872563718141,0.075712143928036,0.654172913543228
258773.411807,2765866.126422,0.0590442832124093,0.4520890668001,0.0160120090067551,0.0733049787340505,0.0928196147110333,0.306730047535652
259273.411807,2765866.126422,0.0599700149925037,0.55672163918041,0,0.0222388805597201,0.0299850074962519,0.331084457771114
259773.411807,2765866.126422,0.0364817591204398,0.199900049975012,0.253873063468266,0.208895552223888,0.104197901049475,0.196651674162919
260273.411807,2765866.126422,0.0780585439079309,0.211658744058044,0,0.107580685514136,0.0605454090567926,0.542156617463097
260773.411807,2765866.126422,0.100699650174913,0.159420289855072,0.000499750124937531,0.0752123938030985,0.0679660169915042,0.596201899050475
261273.411807,2765866.126422,0.0497251374312844,0.254622688655672,0.0802098950524738,0.0849575212393803,0.0812093953023488,0.449275362318841
261773.411807,2765866.126422,0.0435326494871153,0.209156867650738,0.312734550913185,0.0773079809857393,0.015511633725294,0.341756317237928
262273.411807,2765866.126422,0.0909545227386307,0.0432283858070965,0.207146426786607,0.0844577711144428,0.0699650174912544,0.504247876061969
