"x","y","forest","agri","water","built","other","grass"
189273.411807,2668866.126422,0,0.326491340602951,0.325208466966004,0.327132777421424,0.00919392773145179,0.0119734872781698
189773.411807,2668866.126422,0,0.297499465697799,0.203248557384056,0.497969651634965,0.00128232528318017,0
190273.411807,2668866.126422,0.00128259940145361,0.727875160324925,0.0245831551945276,0.189183411714408,0.0384779820436084,0.0185976913210774
190773.411807,2668866.126422,0.109685695958948,0.482146675219158,0.237117810562326,0.102202266410092,0.0113320504596964,0.0575155013897798
191273.411807,2668866.126422,0.00363325496901047,0.0354776661679846,0.758067963240009,0.201325069459286,0.00106860440265014,0.000427441761060056
191773.411807,2668866.126422,0,0.0158187259512612,0.485036340316374,0.496579734929457,0.00192389910218042,0.000641299700726806
192273.411807,2668866.126422,0.00149668590977122,0.0260850972845841,0.625828522557195,0.344879196065854,0.00128287363694676,0.00042762454564892
192773.411807,2668866.126422,0.00170976704424022,0.0816413763624706,0.61252404359906,0.273349006197906,0.00790767257961103,0.022868134216713
193273.411807,2668866.126422,0.0117571611799914,0.448054724241129,0.0863616930312099,0.0508764429243266,0.0639162035057717,0.339033775117572
193773.411807,2668866.126422,0.00513149454778704,0.709215308958734,0.00470387000213812,0.0393414581997007,0.0237331622835151,0.217874706008125
194273.411807,2668866.126422,0.00683906817696089,0.645650780081214,0.00918999786279119,0.030989527676854,0.0279974353494336,0.279333190852746
194773.411807,2668866.126422,0.033133817870885,0.565412569474134,0.0423257802479692,0.251389482684908,0.036554082941428,0.0711842667806755
195273.411807,2668866.126422,0.0440453282018388,0.560829591618559,0.00085524909129784,0.195852041907205,0.0540945050245884,0.144323284156511
195773.411807,2668866.126422,0.0380423167343449,0.681983329771319,0,0.115409275486215,0.0363325496901047,0.128232528318017
196273.411807,2668866.126422,0.0521590423257802,0.578452330055579,0,0.195382642154767,0.0604959384352287,0.113510047028645
196773.411807,2668866.126422,0.0703442377592474,0.398973701090443,0.00171049818259568,0.302330553773787,0.072482360487492,0.154158648706436
197273.411807,2668866.126422,0.100021372088053,0.241504594998931,0,0.344304338533875,0.0955332335969224,0.218636460782218
197773.411807,2668866.126422,0.0673364685763147,0.451474989311672,0,0.150277896536982,0.0572894399315947,0.273621205643437
198273.411807,2668866.126422,0.0573016891169553,0.211246525550567,0,0.40987812700449,0.0814624759461193,0.240111182381869
198773.411807,2668866.126422,0.0547125454156871,0.193417396879675,0.00213720880530028,0.507373370378286,0.0839923060483009,0.158367172472751
189273.411807,2668366.126422,0,0.861279091075683,0,0.0694520798973795,0.0225398570643211,0.0467289719626168
189773.411807,2668366.126422,0,0.317672967516976,0.000917599559552211,0.638649293448339,0.0275279867865663,0.0152321526885667
190273.411807,2668366.126422,0,0.763799743260591,0,0.0434623143223913,0.00201723821749496,0.190720704199523
192773.411807,2668366.126422,0.00752431638832813,0.222426133235456,0.278766746191962,0.424848596072674,0.012846393833731,0.0535878142778491
193273.411807,2668366.126422,0.0121034293049697,0.366403814414084,0.106913625527233,0.214927562809463,0.0792224463598019,0.220429121584449
193773.411807,2668366.126422,0.0251053692505039,0.656221367051493,0.0260216236027121,0.116914055341763,0.0408649441084845,0.134872640645043
194273.411807,2668366.126422,0.0258763075793724,0.603413470361534,0,0.102771150669848,0.0488162965681776,0.219122774821068
194773.411807,2668366.126422,0.0344764349899138,0.390060517146525,0.0187052998349532,0.309737759031726,0.0905923344947735,0.156427654502109
195273.411807,2668366.126422,0.0227231079347627,0.662451896646509,0.00348176653839106,0.0355506688656771,0.0392156862745098,0.23657687374015
195773.411807,2668366.126422,0.0574417324279684,0.686731510368875,0,0.106808588731877,0.026977427050835,0.122040741420444
196273.411807,2668366.126422,0.0566660553823583,0.584448927196039,0,0.0882083256922795,0.0315422703099211,0.239134421419402
196773.411807,2668366.126422,0.0635880520432472,0.575957485798058,0,0.140003665017409,0.0527762506871908,0.167674546454096
197273.411807,2668366.126422,0.0704716461736098,0.452009543035419,0,0.134887135254175,0.0622132501376399,0.280418425399156
197773.411807,2668366.126422,0.0783055198973042,0.401247019988997,0,0.228681459746928,0.0368604437924078,0.254905556574363
198273.411807,2668366.126422,0.0773318673263698,0.415246472420744,0,0.284222100054975,0.0318856514568444,0.191313908741067
198773.411807,2668366.126422,0.0322995044962378,0.155808405211966,0,0.654064966048816,0.0473481372728941,0.110478986970086
188773.411807,2667866.126422,0.023115024766098,0.843698403962576,0.078884608328747,0.0438451660245826,0.00293524124013942,0.00752155567785727
189273.411807,2667866.126422,0,0.582234432234432,0,0.274908424908425,0.108058608058608,0.0347985347985348
189773.411807,2667866.126422,0,0.512660550458716,0,0.219816513761468,0.044954128440367,0.22256880733945
190273.411807,2667866.126422,0,0.719501008989176,0,0,0.000183452577508714,0.280315538433315
192773.411807,2667866.126422,0.00128440366972477,0.376697247706422,0.202385321100917,0.36697247706422,0.0110091743119266,0.041651376146789
193273.411807,2667866.126422,0.0377912309667951,0.436800587048248,0.0253164556962025,0.205833791964777,0.0607228031553843,0.233535131168593
193773.411807,2667866.126422,0.0364468864468864,0.316300366300366,0.0197802197802198,0.402197802197802,0.0644688644688645,0.160805860805861
194273.411807,2667866.126422,0.0280733944954128,0.574862385321101,0.00513761467889908,0.171559633027523,0.0539449541284404,0.166422018348624
194773.411807,2667866.126422,0.0280682443588332,0.457163823151715,0.000733810310034856,0.238671803338837,0.0722803155384333,0.203082003302146
195273.411807,2667866.126422,0.0137362637362637,0.694688644688645,0.00457875457875458,0.0344322344322344,0.0375457875457875,0.215018315018315
195773.411807,2667866.126422,0.0209174311926606,0.718165137614679,0,0.0658715596330275,0.0335779816513761,0.161467889908257
196273.411807,2667866.126422,0.0543019629425793,0.515134837644469,0,0.217207851770317,0.0535681526325445,0.15978719501009
196773.411807,2667866.126422,0.0580586080586081,0.49029304029304,0,0.201098901098901,0.0655677655677656,0.184981684981685
197273.411807,2667866.126422,0.0258715596330275,0.65045871559633,0,0.0667889908256881,0.0365137614678899,0.220366972477064
197773.411807,2667866.126422,0.0664098330581545,0.343973582828839,0,0.202164740414603,0.0667767382131719,0.320675105485232
198273.411807,2667866.126422,0.0684981684981685,0.132600732600733,0,0.57051282051282,0.0697802197802198,0.158608058608059
198773.411807,2667866.126422,0.0726605504587156,0.0840366972477064,0,0.67302752293578,0.0877064220183486,0.0825688073394495
188273.411807,2667366.126422,0.0426739926739927,0.542307692307692,0.315934065934066,0.0728937728937729,0.000183150183150183,0.026007326007326
188773.411807,2667366.126422,0.0124542124542125,0.935714285714286,0,0.000183150183150183,0.00274725274725275,0.0489010989010989
189273.411807,2667366.126422,0,0.598093142647598,0,0.0683901723505684,0.081041437477081,0.252475247524752
189773.411807,2667366.126422,0.0021978021978022,0.957326007326007,0,0,0,0.0404761904761905
190273.411807,2667366.126422,0.0256410256410256,0.927655677655678,0,0.0375457875457875,0.00293040293040293,0.00622710622710623
192773.411807,2667366.126422,0.00476190476190476,0.287728937728938,0.428205128205128,0.24010989010989,0.00567765567765568,0.0335164835164835
193273.411807,2667366.126422,0.00366300366300366,0.582600732600733,0.0673992673992674,0.179120879120879,0.0448717948717949,0.122344322344322
193773.411807,2667366.126422,0.0339200586725339,0.337183718371837,0,0.416941694169417,0.0872753942060873,0.124679134580125
194273.411807,2667366.126422,0.01996336996337,0.635897435897436,0,0.0527472527472527,0.041025641025641,0.2503663003663
194773.411807,2667366.126422,0.0386446886446886,0.459340659340659,0.000183150183150183,0.320512820512821,0.0532967032967033,0.128021978021978
195273.411807,2667366.126422,0.0256692335900257,0.714521452145215,0,0.0687568756875688,0.0291529152915292,0.161899523285662
195773.411807,2667366.126422,0.0415750915750916,0.495604395604396,0.00256410256410256,0.191025641025641,0.0727106227106227,0.196520146520147
196273.411807,2667366.126422,0.0677655677655678,0.251282051282051,0,0.252747252747253,0.0932234432234432,0.334981684981685
196773.411807,2667366.126422,0.0236523652365237,0.596809680968097,0,0.0913091309130913,0.0467546754675468,0.241474147414741
197273.411807,2667366.126422,0.0507326007326007,0.342673992673993,0,0.130769230769231,0.0796703296703297,0.396153846153846
197773.411807,2667366.126422,0.0503663003663004,0.330952380952381,0.000732600732600733,0.15952380952381,0.0901098901098901,0.368315018315018
198273.411807,2667366.126422,0.0621562156215622,0.131829849651632,0,0.591125779244591,0.0561056105610561,0.158782544921159
198773.411807,2667366.126422,0.0476190476190476,0.0358974358974359,0,0.847069597069597,0.0521978021978022,0.0172161172161172
188273.411807,2666866.126422,0.00385391815011929,0.989722884933015,0,0.000183519911910442,0.000183519911910442,0.00605615709304459
188773.411807,2666866.126422,0.00330093526499175,0.934714835870163,0,0.011186502842472,0.00183385292499542,0.0489638730973776
189273.411807,2666866.126422,0.00146600696353308,0.781931464174455,0,0.000366501740883269,0.000733003481766538,0.215503023639362
189773.411807,2666866.126422,0.00220223894292531,0.949164984400807,0,0,0.00238575885483575,0.0462470178014315
190273.411807,2666866.126422,0.0408949202273978,0.620759215110948,0,0.317073170731707,0.00385109114249037,0.0174216027874564
192773.411807,2666866.126422,0.00495503762158194,0.307946412185722,0.256744356762709,0.226463571297486,0.0304643053771334,0.173426316755368
193273.411807,2666866.126422,0.00495140289748762,0.394461764166514,0.172932330827068,0.21199339812947,0.0588666788923528,0.156794425087108
193773.411807,2666866.126422,0.024555616639179,0.761773868425875,0.00164925783397471,0.0738501007879787,0.0267546270844787,0.111416529228514
194273.411807,2666866.126422,0.00568911726922371,0.770967149935768,0,0.0132134336575518,0.00917599559552211,0.200954303541934
194773.411807,2666866.126422,0.0368604437924078,0.445809646066385,0.0115532734274711,0.285897671006785,0.0737208875848157,0.146158078122135
195273.411807,2666866.126422,0.0590067802822063,0.208172988821697,0,0.460692688290269,0.121678577973245,0.150448964632582
195773.411807,2666866.126422,0.0622132501376399,0.426500275279868,0,0.19911910442283,0.0805652413286842,0.231602128830978
196273.411807,2666866.126422,0.0366770584999083,0.542820465798643,0.000550155877498625,0.057216211259857,0.0669356317623327,0.295800476801761
196773.411807,2666866.126422,0.0317024005864028,0.400036650174088,0,0.0875939160711013,0.0672530694520799,0.413413963716328
197273.411807,2666866.126422,0.0322995044962378,0.441181868232703,0.0124793540099101,0.129932097632593,0.0614791704899982,0.322628005138558
197773.411807,2666866.126422,0.0388776820099028,0.357234549789107,0.000183385292499542,0.309554373739226,0.0603337612323492,0.233816247936915
198273.411807,2666866.126422,0.0562580172255818,0.152098222466557,0,0.442917353857431,0.101887483965549,0.246838922484882
198773.411807,2666866.126422,0.0902917966599376,0.10387227014131,0,0.645256010277115,0.0645990089924757,0.0959809139291613
187773.411807,2666366.126422,0.0534798534798535,0.906959706959707,0,0.0214285714285714,0.000549450549450549,0.0175824175824176
192773.411807,2666366.126422,0.0110091743119266,0.735779816513761,0.0203669724770642,0.100550458715596,0.0379816513761468,0.0943119266055046
193273.411807,2666366.126422,0.00678774536782242,0.522289488167309,0.0319207484865162,0.0462300495321959,0.0187121629058888,0.374059805540268
193773.411807,2666366.126422,0.0120879120879121,0.702014652014652,0,0.0826007326007326,0.0269230769230769,0.176373626373626
194273.411807,2666366.126422,0.0302752293577982,0.557614678899083,0.0124770642201835,0.195229357798165,0.0697247706422018,0.134678899082569
194773.411807,2666366.126422,0.0416437350944781,0.543386534580811,0.000366905155017428,0.2652724270776,0.06989543203082,0.0794349660612732
195273.411807,2666366.126422,0.0340659340659341,0.488827838827839,0.000366300366300366,0.123992673992674,0.0793040293040293,0.273443223443223
195773.411807,2666366.126422,0.0478899082568807,0.485321100917431,0,0.170275229357798,0.0906422018348624,0.205871559633028
196273.411807,2666366.126422,0.0232984773436067,0.684461566685012,0,0.075032104201064,0.0498991010823702,0.167308750687947
196773.411807,2666366.126422,0.0481684981684982,0.38956043956044,0.0164835164835165,0.190842490842491,0.0633699633699634,0.291575091575092
197273.411807,2666366.126422,0.0651376146788991,0.343302752293578,0,0.174128440366972,0.058348623853211,0.359082568807339
197773.411807,2666366.126422,0.0313703907539901,0.268024215740231,0.000550357732526142,0.312786644652357,0.0851219959640433,0.302146395156852
198273.411807,2666366.126422,0.0675824175824176,0.196336996336996,0,0.423076923076923,0.0772893772893773,0.235714285714286
198773.411807,2666366.126422,0.0370642201834862,0.280733944954128,0.00036697247706422,0.238899082568807,0.106422018348624,0.33651376146789
192273.411807,2665866.126422,0.00403373670700403,0.255042170883755,0.515034836817015,0.133296662999633,0.0155848918225156,0.077007700770077
192773.411807,2665866.126422,0.01996336996337,0.385714285714286,0.0767399267399267,0.138644688644689,0.0446886446886447,0.334249084249084
193273.411807,2665866.126422,0.0333333333333333,0.496520146520147,0.0445054945054945,0.113003663003663,0.0377289377289377,0.274908424908425
193773.411807,2665866.126422,0.0265859919325266,0.385588558855886,0.00146681334800147,0.200953428676201,0.0575724239090576,0.327832783278328
194273.411807,2665866.126422,0.043040293040293,0.442857142857143,0.000915750915750916,0.262820512820513,0.0690476190476191,0.181318681318681
194773.411807,2665866.126422,0.0177655677655678,0.641208791208791,0,0.034981684981685,0.0173992673992674,0.288644688644689
195273.411807,2665866.126422,0.0234690135680235,0.645031169783645,0.00055005500550055,0.0731573157315732,0.0333700036670334,0.224422442244224
195773.411807,2665866.126422,0.0327838827838828,0.65018315018315,0,0.0937728937728938,0.0620879120879121,0.161172161172161
196273.411807,2665866.126422,0.0483516483516484,0.518315018315018,0,0.195421245421245,0.0659340659340659,0.171978021978022
196773.411807,2665866.126422,0.0456545654565457,0.346718005133847,0,0.26989365603227,0.0707737440410708,0.266960029336267
197273.411807,2665866.126422,0.0587912087912088,0.338461538461538,0,0.201282051282051,0.105128205128205,0.296336996336996
197773.411807,2665866.126422,0.0509157509157509,0.351648351648352,0,0.113736263736264,0.0655677655677656,0.418131868131868
198273.411807,2665866.126422,0.0495049504950495,0.403923725705904,0,0.270810414374771,0.0592225889255592,0.216538320498717
198773.411807,2665866.126422,0.0353479853479853,0.468315018315018,0,0.084981684981685,0.0401098901098901,0.371245421245421
192773.411807,2665366.126422,0.00623967700495504,0.463571297485777,0.209029179665994,0.118553863094146,0.0244081482840888,0.178197834465039
193273.411807,2665366.126422,0.0341096644049147,0.351366220429122,0.0330093526499175,0.129286631212177,0.0614340729873464,0.390794058316523
193773.411807,2665366.126422,0.0443467106468756,0.241524647242074,0.11654755360088,0.429540040315191,0.0685358255451713,0.0995052226498076
194273.411807,2665366.126422,0.0198201504863278,0.422279317305928,0.146081849880712,0.157276564507249,0.0434942191227748,0.211047898697009
194773.411807,2665366.126422,0.0130203557674674,0.592701265358518,0.1201173665872,0.111498257839721,0.0216394645149459,0.141023289932147
195273.411807,2665366.126422,0.0307861462341946,0.602345611141653,0.0868609125893348,0.0274876305662452,0.0256551218618288,0.226864577606744
195773.411807,2665366.126422,0.0501009359515507,0.480638649293448,0,0.25729491649844,0.0535878142778491,0.158377683978712
196273.411807,2665366.126422,0.0603337612323492,0.518796992481203,0,0.194388410049514,0.0753713552173116,0.151109481019622
196773.411807,2665366.126422,0.0546087593916071,0.353674179952355,0,0.404984423676012,0.0705515851200293,0.116181051859996
197273.411807,2665366.126422,0.0499174160396403,0.53532758304276,0,0.0924940356028629,0.044411818682327,0.27784914663241
197773.411807,2665366.126422,0.0478635613423803,0.207408765816981,0,0.460847240051348,0.101228681459747,0.182651751329543
198273.411807,2665366.126422,0.0313358988455195,0.577606743632032,0,0.0808136338647609,0.0375664284405351,0.272677295217152
198773.411807,2665366.126422,0.052303174894476,0.358597907873004,0,0.22829877041659,0.0693705267021472,0.291429620113782
192273.411807,2664866.126422,0.021978021978022,0.226373626373626,0.293406593406593,0.0902930402930403,0.0316849816849817,0.336263736263736
192773.411807,2664866.126422,0.0165137614678899,0.225871559633028,0.191192660550459,0.384220183486239,0.0809174311926606,0.101284403669725
193273.411807,2664866.126422,0.00623738763529628,0.431113557145478,0.0271509814712897,0.139607411484131,0.0559530361401578,0.339937626123647
193773.411807,2664866.126422,0.0360805860805861,0.403113553113553,0.00512820512820513,0.135714285714286,0.076007326007326,0.343956043956044
194273.411807,2664866.126422,0.0244036697247706,0.652844036697248,0,0.106605504587156,0.0414678899082569,0.174678899082569
194773.411807,2664866.126422,0.0343056319941295,0.366538249862411,0.0405430196294258,0.239955971381398,0.0992478444322143,0.219409282700422
195273.411807,2664866.126422,0.0342490842490843,0.412820512820513,0.000366300366300366,0.362087912087912,0.0655677655677656,0.124908424908425
195773.411807,2664866.126422,0.044954128440367,0.402201834862385,0.0732110091743119,0.218348623853211,0.0555963302752294,0.205688073394495
196273.411807,2664866.126422,0.0695285268758026,0.210053201247478,0.0133920381581361,0.426343790130251,0.0552192258301229,0.22546321775821
196773.411807,2664866.126422,0.0523809523809524,0.366849816849817,0.036996336996337,0.243040293040293,0.0587912087912088,0.241941391941392
197273.411807,2664866.126422,0.0588990825688073,0.116880733944954,0,0.624954128440367,0.076697247706422,0.12256880733945
197773.411807,2664866.126422,0.0922766464868831,0.354980737479362,0,0.331131902403229,0.0691616217207852,0.152449091909741
198273.411807,2664866.126422,0.039010989010989,0.494505494505495,0,0.103479853479853,0.0377289377289377,0.325274725274725
198773.411807,2664866.126422,0.031743119266055,0.360550458715596,0,0.0844036697247706,0.0755963302752294,0.447706422018349
188773.411807,2664366.126422,0.0380952380952381,0.86996336996337,0.00256410256410256,0.0836996336996337,0.00164835164835165,0.00402930402930403
189273.411807,2664366.126422,0.0337367070040337,0.557205720572057,0.0161349468280161,0.376054272093876,0.0117345067840117,0.00513384671800513
189773.411807,2664366.126422,0.0311355311355311,0.223992673992674,0.151282051282051,0.539377289377289,0.0437728937728938,0.0104395604395604
190273.411807,2664366.126422,0.0807692307692308,0.239010989010989,0.0776556776556777,0.584432234432234,0.0141025641025641,0.00402930402930403
190773.411807,2664366.126422,0.0478547854785479,0.157315731573157,0.128162816281628,0.64026402640264,0.00788412174550788,0.0185185185185185
191273.411807,2664366.126422,0.00879120879120879,0.128571428571429,0.569047619047619,0.246520146520147,0.00421245421245421,0.0428571428571429
191773.411807,2664366.126422,0.00311355311355311,0.242857142857143,0.146886446886447,0.117216117216117,0.0397435897435897,0.45018315018315
192273.411807,2664366.126422,0.0183351668500183,0.419325265859919,0.0273193986065273,0.138247158049138,0.0808580858085809,0.315914924825816
192773.411807,2664366.126422,0.00732600732600733,0.488095238095238,0.036996336996337,0.123260073260073,0.0532967032967033,0.291025641025641
193273.411807,2664366.126422,0.0575091575091575,0.244505494505494,0.00457875457875458,0.357875457875458,0.0882783882783883,0.247252747252747
193773.411807,2664366.126422,0.048954895489549,0.312614594792813,0.0148514851485149,0.277227722772277,0.0889255592225889,0.257425742574257
194273.411807,2664366.126422,0.023992673992674,0.629304029304029,0,0.0518315018315018,0.0395604395604396,0.255311355311355
194773.411807,2664366.126422,0.021978021978022,0.706593406593407,0,0.0575091575091575,0.0194139194139194,0.194505494505495
195273.411807,2664366.126422,0.0366703337000367,0.497983131646498,0.00916758342500917,0.182068206820682,0.0544554455445545,0.21965529886322
195773.411807,2664366.126422,0.0452380952380952,0.550732600732601,0.000183150183150183,0.124358974358974,0.0278388278388278,0.251648351648352
196273.411807,2664366.126422,0.0582417582417582,0.478205128205128,0,0.177472527472527,0.0661172161172161,0.21996336996337
196773.411807,2664366.126422,0.0608727539420609,0.240740740740741,0.00165016501650165,0.363403006967363,0.0885588558855886,0.244774477447745
197273.411807,2664366.126422,0.0509157509157509,0.196886446886447,0.015018315018315,0.524175824175824,0.0666666666666667,0.146336996336996
197773.411807,2664366.126422,0.0586080586080586,0.235897435897436,0.0347985347985348,0.37985347985348,0.0615384615384615,0.229304029304029
198273.411807,2664366.126422,0.041987532086542,0.445544554455446,0,0.268060139347268,0.0432709937660433,0.201136780344701
198773.411807,2664366.126422,0.0452380952380952,0.303663003663004,0,0.275641025641026,0.0807692307692308,0.294688644688645
187273.411807,2663866.126422,0.00696864111498258,0.521731157161196,0.00770218228498074,0.450944434256373,0.00238400880249404,0.0102695763799743
187773.411807,2663866.126422,0.0947407000183251,0.290635880520432,0.0042147700201576,0.576690489279824,0.0153930731170973,0.0183250870441635
188273.411807,2663866.126422,0.16993943842907,0.398788768581391,0.0401908607083869,0.351257111396587,0.0154156726004772,0.0244081482840888
188773.411807,2663866.126422,0.228681459746928,0.269576379974326,0.0348432055749129,0.431322207958922,0.0097194205024757,0.0258573262424354
189273.411807,2663866.126422,0.197727689206524,0.345427890782481,0.061205790727506,0.354956936045446,0.0126443100604728,0.0280373831775701
189773.411807,2663866.126422,0.15360616626904,0.363919985318407,0.0478986970086254,0.388878693338227,0.0135804734813727,0.0321159845843274
190273.411807,2663866.126422,0.146708233999633,0.36787089675408,0.0273244085824317,0.394828534751513,0.0205391527599487,0.0427287731523932
190773.411807,2663866.126422,0.0329851566794942,0.192596664834158,0.342312625984973,0.389408099688474,0.00586402785413231,0.0368334249587686
191273.411807,2663866.126422,0.0212883097816113,0.152872086621398,0.262433474031932,0.518076711323179,0.0185355111029547,0.0267939071389246
191773.411807,2663866.126422,0.00788556757748029,0.224646983311938,0.278562259306804,0.302769117916743,0.0535485054098661,0.132587566477169
192273.411807,2663866.126422,0.0254718709913872,0.427524280740333,0.0522264980758659,0.137438152831226,0.0659703133589885,0.291368884002199
192773.411807,2663866.126422,0.0256927876674619,0.520829510001835,0.0401908607083869,0.190310148651129,0.0422095797394017,0.180767113231786
193273.411807,2663866.126422,0.0533651201173666,0.447093343113882,0.0130203557674674,0.245002750779387,0.0636346964973409,0.177883733724555
193773.411807,2663866.126422,0.0278541323071285,0.42715777899945,0.0324354040681693,0.254718709913872,0.0665200659703134,0.191313908741067
194273.411807,2663866.126422,0.0374380620297302,0.540466140576253,0.00275279867865663,0.0820334006239677,0.036520462470178,0.300789135621215
194773.411807,2663866.126422,0.059600220062351,0.402714102328993,0,0.192921327709518,0.0757381258023107,0.269026224096827
195273.411807,2663866.126422,0.0320689023272861,0.584936778449698,0.000366501740883269,0.0776983690672531,0.0375664284405351,0.267363019974345
195773.411807,2663866.126422,0.0400073407964764,0.61827858322628,0.0082583960359699,0.118553863094146,0.0359699027344467,0.178931914112681
196273.411807,2663866.126422,0.0680359435173299,0.359251788006602,0,0.348248670456629,0.103796075554741,0.120667522464698
196773.411807,2663866.126422,0.0463624702217336,0.331317573758475,0,0.313175737584754,0.0811801356056441,0.227964082829393
197273.411807,2663866.126422,0.0636814094329235,0.208111580106442,0,0.429987153606166,0.104973389612773,0.193246467241696
197773.411807,2663866.126422,0.0427287731523932,0.285897671006785,0.000733541169998166,0.290115532734275,0.114799193104713,0.265725288831836
198273.411807,2663866.126422,0.0535092541689573,0.259299981674913,0.140553417628734,0.264247755176837,0.0802638812534359,0.202125710097123
198773.411807,2663866.126422,0.0629473297852817,0.282620664342081,0.0548724536612222,0.238208845659754,0.0728574050284456,0.288493301523215
186773.411807,2663366.126422,0.0212844036697248,0.935045871559633,0.00055045871559633,0.0396330275229358,0.00018348623853211,0.00330275229357798
187273.411807,2663366.126422,0.00880572372041827,0.725004586314438,0.02568336085122,0.223812144560631,0.00201797835259585,0.0146762062006971
187773.411807,2663366.126422,0.0252747252747253,0.366300366300366,0.026007326007326,0.537545787545788,0.0406593406593407,0.00421245421245421
188273.411807,2663366.126422,0.0157798165137615,0.131559633027523,0.0135779816513761,0.823853211009174,0.0121100917431193,0.00311926605504587
188773.411807,2663366.126422,0.0392588515868648,0.190790680609063,0.0944780774169877,0.652173913043478,0.0152265639332233,0.00807191341038342
189273.411807,2663366.126422,0.0377289377289377,0.173443223443223,0.12967032967033,0.645787545787546,0.00293040293040293,0.0104395604395604
189773.411807,2663366.126422,0.0829357798165138,0.276697247706422,0.0299082568807339,0.56348623853211,0.0313761467889908,0.0155963302752294
190273.411807,2663366.126422,0.087873784626674,0.257383966244726,0.111355714547789,0.49073564483581,0.0236653824986241,0.0289855072463768
190773.411807,2663366.126422,0.0382783882783883,0.324358974358974,0.0364468864468864,0.448534798534799,0.0289377289377289,0.123443223443223
191273.411807,2663366.126422,0.04,0.248256880733945,0.0814678899082569,0.281651376146789,0.0653211009174312,0.283302752293578
191773.411807,2663366.126422,0.0174279948633278,0.331865712713264,0.176114474408365,0.117226197028068,0.0875068794716566,0.269858741515318
192273.411807,2663366.126422,0.0415750915750916,0.563003663003663,0.00695970695970696,0.0836996336996337,0.0249084249084249,0.27985347985348
192773.411807,2663366.126422,0.0390825688073395,0.652477064220183,0,0.131559633027523,0.013394495412844,0.16348623853211
193273.411807,2663366.126422,0.0640249495505412,0.355714547789396,0.032104201064025,0.290221977618786,0.0680609062557329,0.189873417721519
193773.411807,2663366.126422,0.0351648351648352,0.568131868131868,0.0141025641025641,0.178571428571429,0.0371794871794872,0.166849816849817
194273.411807,2663366.126422,0.0354128440366972,0.384954128440367,0.0304587155963303,0.0928440366972477,0.0644036697247706,0.391926605504587
194773.411807,2663366.126422,0.0572372041827188,0.329847734360668,0.0104567969179967,0.366721702439919,0.0731975784259769,0.162538983672721
195273.411807,2663366.126422,0.06996336996337,0.491575091575092,0.00201465201465201,0.280952380952381,0.0586080586080586,0.0968864468864469
195773.411807,2663366.126422,0.0458715596330275,0.626788990825688,0.00018348623853211,0.0895412844036697,0.043302752293578,0.194311926605505
196273.411807,2663366.126422,0.0343056319941295,0.594936708860759,0,0.121445606310769,0.0451293340671436,0.204182718767199
196773.411807,2663366.126422,0.013003663003663,0.503296703296703,0,0.019047619047619,0.0283882783882784,0.436263736263736
197273.411807,2663366.126422,0.0376146788990826,0.462018348623853,0.0256880733944954,0.0996330275229358,0.023302752293578,0.351743119266055
197773.411807,2663366.126422,0.021830856723537,0.309667950834709,0.021830856723537,0.0722803155384333,0.0306365804439552,0.543753439735828
198273.411807,2663366.126422,0.0443223443223443,0.160622710622711,0.102197802197802,0.0642857142857143,0.0666666666666667,0.561904761904762
198773.411807,2663366.126422,0.0638532110091743,0.19651376146789,0,0.225871559633028,0.0922935779816514,0.421467889908257
186773.411807,2662866.126422,0.0368131868131868,0.894505494505495,0,0.0565934065934066,0.000915750915750916,0.0111721611721612
187273.411807,2662866.126422,0,0.668681318681319,0.0435897435897436,0.231684981684982,0.00567765567765568,0.0503663003663004
187773.411807,2662866.126422,0.0555555555555556,0.826549321598827,0.0117345067840117,0.0975430876420975,0.00165016501650165,0.00696736340300697
188273.411807,2662866.126422,0.0401098901098901,0.317582417582418,0.00402930402930403,0.598717948717949,0.0263736263736264,0.0131868131868132
188773.411807,2662866.126422,0.0527472527472527,0.241208791208791,0.0450549450549451,0.59010989010989,0.0437728937728938,0.0271062271062271
189273.411807,2662866.126422,0.0781078107810781,0.347634763476348,0.0286028602860286,0.526952695269527,0.0121012101210121,0.0066006600660066
189773.411807,2662866.126422,0.0860805860805861,0.163186813186813,0.0996336996336996,0.612820512820513,0.0164835164835165,0.0217948717948718
190273.411807,2662866.126422,0.00787545787545788,0.522527472527473,0.132051282051282,0.178937728937729,0.032051282051282,0.126556776556777
190773.411807,2662866.126422,0.00715071507150715,0.240740740740741,0.0652731939860653,0.164649798313165,0.0902090209020902,0.431976530986432
191273.411807,2662866.126422,0.0481684981684982,0.103296703296703,0.0380952380952381,0.0886446886446886,0.086996336996337,0.634798534798535
191773.411807,2662866.126422,0.0472527472527473,0.192307692307692,0.0194139194139194,0.226739926739927,0.0840659340659341,0.43021978021978
192273.411807,2662866.126422,0.0654565456545655,0.347451411807847,0.00165016501650165,0.166666666666667,0.0484048404840484,0.37037037037037
192773.411807,2662866.126422,0.0578754578754579,0.357509157509158,0,0.233516483516484,0.071978021978022,0.279120879120879
193273.411807,2662866.126422,0.0796703296703297,0.358608058608059,0.000183150183150183,0.241575091575092,0.101465201465201,0.218498168498168
193773.411807,2662866.126422,0.0438210487715438,0.477264393105977,0.00146681334800147,0.133846718005134,0.0777411074440777,0.265859919325266
194273.411807,2662866.126422,0.0406593406593407,0.488095238095238,0.00128205128205128,0.171428571428571,0.0853479853479854,0.213186813186813
194773.411807,2662866.126422,0.0608058608058608,0.318864468864469,0.00421245421245421,0.336263736263736,0.0617216117216117,0.218131868131868
195273.411807,2662866.126422,0.0595892922625596,0.566189952328566,0,0.177851118445178,0.0610561056105611,0.135313531353135
195773.411807,2662866.126422,0.0652014652014652,0.524542124542125,0.00787545787545788,0.156227106227106,0.0818681318681319,0.164285714285714
196273.411807,2662866.126422,0.0358974358974359,0.57051282051282,0,0.0465201465201465,0.0346153846153846,0.312454212454212
196773.411807,2662866.126422,0.0733406674000733,0.452511917858453,0,0.108910891089109,0.055005500550055,0.31023102310231
197273.411807,2662866.126422,0.0578754578754579,0.166483516483516,0.0153846153846154,0.112820512820513,0.104945054945055,0.542490842490842
197773.411807,2662866.126422,0.036996336996337,0.282234432234432,0,0.144688644688645,0.0919413919413919,0.444139194139194
198273.411807,2662866.126422,0.05995599559956,0.135130179684635,0.0636230289695636,0.24019068573524,0.13953061972864,0.361569490282362
198773.411807,2662866.126422,0.0197802197802198,0.138095238095238,0.00201465201465201,0.161538461538462,0.0708791208791209,0.607692307692308
186773.411807,2662366.126422,0.00734079647641769,0.905487245366122,0,0.0735914846760874,0.000550559735731327,0.0130299137456414
187273.411807,2662366.126422,0.010819732257473,0.846689895470383,0.00880249403997799,0.104896387309738,0.0053181734824867,0.0234733174399413
187773.411807,2662366.126422,0.0384826827927433,0.830492944841488,0.00989554700384827,0.0998717243906908,0.00549752611324904,0.0157595748579806
188273.411807,2662366.126422,0.0559735731326849,0.516057992292164,0.00917599559552211,0.376582859240228,0.0144980730409249,0.0277115066984768
188773.411807,2662366.126422,0.0977443609022556,0.374656152576563,0.0465798642948836,0.445626260773886,0.0190720704199523,0.0163212910324592
189273.411807,2662366.126422,0.222649807586586,0.424775517683709,0.000183250870441635,0.283855598314092,0.0117280557082646,0.0568077698369067
189773.411807,2662366.126422,0.0264268673151037,0.205175261515874,0.205725821251606,0.398054688933749,0.0154156726004772,0.14920168838319
190273.411807,2662366.126422,0.0372272143774069,0.228681459746928,0.0441958554923895,0.262057582981845,0.0937098844672657,0.334128002934165
190773.411807,2662366.126422,0.0443467106468756,0.246289169873557,0.0108118013560564,0.163826278174821,0.0927249404434671,0.442001099505223
191273.411807,2662366.126422,0.0132134336575518,0.102954670581758,0,0.0924940356028629,0.065149568728207,0.72618829142962
191773.411807,2662366.126422,0.0643682376673391,0.1199339812947,0.00238400880249404,0.37997432605905,0.0962772785622593,0.337062167614157
192273.411807,2662366.126422,0.0432472054242258,0.126259849734286,0.000916254352208173,0.636430273043797,0.05717427157779,0.135972145867693
192773.411807,2662366.126422,0.0952468342815195,0.212332538080382,0,0.348320792806019,0.0880895577170123,0.256010277115067
193273.411807,2662366.126422,0.0364936732074088,0.262607738859343,0,0.37593984962406,0.0665688611773336,0.258389877131854
193773.411807,2662366.126422,0.0434304562946674,0.351658420377497,0.0174088326919553,0.360820963899579,0.0985889682975994,0.128092358438703
194273.411807,2662366.126422,0.0339511837034318,0.42723435492751,0,0.11194714626537,0.0528537346302074,0.374013580473481
194773.411807,2662366.126422,0.0271410232899321,0.646616541353383,0.00183385292499542,0.0188886851274528,0.0198056115899505,0.285714285714286
195273.411807,2662366.126422,0.0309693971046362,0.649257833974711,0.000916254352208173,0.0956569543705333,0.0568077698369067,0.166391790361004
195773.411807,2662366.126422,0.0291796659937603,0.543035419342999,0,0.0383556615892824,0.0423930996513122,0.347036153422646
196273.411807,2662366.126422,0.0432789290298918,0.494039977993765,0.0053181734824867,0.114249037227214,0.0429121584448927,0.300201723821749
196773.411807,2662366.126422,0.0450797141286421,0.42037749679311,0.0113615539673813,0.179219351291919,0.0645043063954554,0.279457577423493
197273.411807,2662366.126422,0.0262433474031932,0.344833914479721,0,0.0409249403560286,0.0576252523398789,0.530372545421178
197773.411807,2662366.126422,0.0141206675224647,0.117916743077205,0,0.0687694846873281,0.0590500641848524,0.74014304052815
198273.411807,2662366.126422,0.0723840938244457,0.170606560381162,0.0441634597764339,0.140370166758292,0.115997800989555,0.456477918270112
198773.411807,2662366.126422,0.0910258763075794,0.12846393833731,0,0.12020554230134,0.112864745824922,0.547439897228849
186773.411807,2661866.126422,0.0146788990825688,0.78605504587156,0,0.186788990825688,0.00477064220183486,0.00770642201834862
187273.411807,2661866.126422,0.077600440286186,0.474591818015043,0.0319207484865162,0.359016694184553,0.0223812144560631,0.0344890845716382
187773.411807,2661866.126422,0.0529304029304029,0.459340659340659,0.0408424908424908,0.424175824175824,0.00989010989010989,0.0128205128205128
188273.411807,2661866.126422,0.1,0.317064220183486,0.0396330275229358,0.519266055045872,0.0144954128440367,0.00954128440366972
188773.411807,2661866.126422,0.135938359933957,0.353146211704274,0.0414602825169694,0.435699871583196,0.0183452577508714,0.015410016510732
189273.411807,2661866.126422,0.000732600732600733,0.438644688644689,0.145970695970696,0.397435897435897,0.00238095238095238,0.0148351648351648
189773.411807,2661866.126422,0.0122935779816514,0.272110091743119,0.101100917431193,0.422752293577982,0.0324770642201835,0.159266055045872
190273.411807,2661866.126422,0.0533847000550358,0.302880205466887,0.0106402494955054,0.172445422858191,0.0722803155384333,0.388369106585948
190773.411807,2661866.126422,0.0487179487179487,0.263369963369963,0,0.176923076923077,0.0470695970695971,0.463919413919414
191273.411807,2661866.126422,0.0689908256880734,0.178715596330275,0.00018348623853211,0.224587155963303,0.108440366972477,0.419082568807339
191773.411807,2661866.126422,0.116308934140525,0.0697119794533113,0.000183452577508714,0.474775270592552,0.104934874334984,0.234085488901119
192273.411807,2661866.126422,0.0642857142857143,0.0575091575091575,0.000183150183150183,0.746336996336996,0.0666666666666667,0.065018315018315
192773.411807,2661866.126422,0.0526605504587156,0.115229357798165,0,0.639633027522936,0.0689908256880734,0.12348623853211
193273.411807,2661866.126422,0.0498991010823702,0.084021280498991,0.000550357732526142,0.711245643001284,0.0695285268758026,0.0847550908090259
193773.411807,2661866.126422,0.0434065934065934,0.362637362637363,0.000732600732600733,0.377106227106227,0.0386446886446886,0.177472527472527
194273.411807,2661866.126422,0.0543119266055046,0.455963302752294,0.00330275229357798,0.127155963302752,0.066605504587156,0.292660550458716
194773.411807,2661866.126422,0.0385250412768299,0.492753623188406,0.00311869381764814,0.110621904237755,0.0735644835809943,0.281416253898367
195273.411807,2661866.126422,0.0331501831501832,0.69981684981685,0,0.0483516483516484,0.0461538461538462,0.172527472527473
195773.411807,2661866.126422,0.0667889908256881,0.432660550458716,0.0141284403669725,0.168073394495413,0.0807339449541284,0.237614678899083
196273.411807,2661866.126422,0.0409099247844432,0.407448174646854,0.00183452577508714,0.0941111722619703,0.0746651990460466,0.381031003485599
196773.411807,2661866.126422,0.0567765567765568,0.438827838827839,0.00146520146520147,0.103296703296703,0.097985347985348,0.301648351648352
197273.411807,2661866.126422,0.0308256880733945,0.404220183486239,0.0036697247706422,0.0535779816513761,0.0541284403669725,0.453577981651376
197773.411807,2661866.126422,0.0572372041827188,0.228581911575858,0.00532012474775271,0.177215189873418,0.0931939093744267,0.438451660245826
198273.411807,2661866.126422,0.043040293040293,0.216117216117216,0.0538461538461538,0.150549450549451,0.120879120879121,0.415567765567766
198773.411807,2661866.126422,0.0926605504587156,0.139816513761468,0.053394495412844,0.263119266055046,0.120550458715596,0.33045871559633
189773.411807,2661366.126422,0.0360805860805861,0.176923076923077,0.284249084249084,0.331868131868132,0.028021978021978,0.142857142857143
190273.411807,2661366.126422,0.0139194139194139,0.303113553113553,0.122710622710623,0.114652014652015,0.0234432234432234,0.422161172161172
190773.411807,2661366.126422,0.0247524752475248,0.42959295929593,0.00605060506050605,0.123945727906124,0.0500550055005501,0.365603226989366
191273.411807,2661366.126422,0.0721611721611722,0.312637362637363,0.00549450549450549,0.115934065934066,0.065018315018315,0.428754578754579
191773.411807,2661366.126422,0.0924908424908425,0.211355311355311,0.000183150183150183,0.407326007326007,0.125457875457875,0.163186813186813
192273.411807,2661366.126422,0.0671067106710671,0.0473047304730473,0,0.788962229556289,0.0617895122845618,0.0348368170150348
192773.411807,2661366.126422,0.043956043956044,0.0714285714285714,0,0.81043956043956,0.0454212454212454,0.0287545787545788
193273.411807,2661366.126422,0.0866300366300366,0.0928571428571429,0,0.656227106227106,0.0717948717948718,0.0924908424908425
193773.411807,2661366.126422,0.0498716538320499,0.304913824715805,0.0253025302530253,0.414558122478915,0.0595892922625596,0.145764576457646
194273.411807,2661366.126422,0.0415750915750916,0.388095238095238,0,0.232783882783883,0.0771062271062271,0.26043956043956
194773.411807,2661366.126422,0.0395604395604396,0.29981684981685,0,0.143589743589744,0.0847985347985348,0.432234432234432
