"x","y","forest","agri","water","built","other","grass"
198773.411807,2488866.126422,0.00415845918144014,0.880499015101773,0,0,0.00415845918144014,0.111184066535347
199273.411807,2488866.126422,0.0213766566908935,0.851859769132108,0.00406156477126977,0.00641299700726806,0.0123984608807183,0.103890551517743
199773.411807,2488866.126422,0.0970707718623049,0.521915757964507,0,0.00705580500320718,0.0461834509300834,0.327774214239897
200273.411807,2488866.126422,0.0250053430220133,0.555888010258602,0,0.00299209232742039,0.0438127805086557,0.372301773883308
200773.411807,2488866.126422,0.0748182984181274,0.250748182984181,0,0.00342026507054297,0.0256519880290723,0.645361265498076
201273.411807,2488866.126422,0.133418858242463,0.251443232841565,0,0.0339961513790892,0.0215950395552705,0.559546717981612
201773.411807,2488866.126422,0.00106860440265014,0.516563368241077,0,0.000213720880530028,0.00555674289378072,0.476597563581962
202273.411807,2488866.126422,0.296494228302693,0.229371526293288,0,0.0245831551945276,0.0320649850363403,0.417486105173151
202773.411807,2488866.126422,0.321359846055164,0.0489630104768014,0.0412657686551208,0.00449005772931366,0.040410519563823,0.543510797519778
203273.411807,2488866.126422,0.238085060910451,0.00748023081855097,0,0.0196623210087626,0.0312032485573841,0.703569138704851
203773.411807,2488866.126422,0.231081658828559,0.0677640017101325,0,0.0109020949123557,0.0181701581872595,0.672082086361693
204273.411807,2488866.126422,0.209536027367971,0.0203121659183237,0,0.146889031430404,0.220654265554843,0.402608509728458
204773.411807,2488866.126422,0.239794827954691,0.110493695234024,0,0.0326992947210943,0.0647574268005984,0.552254755289592
205273.411807,2488866.126422,0.0951261222744763,0.104745617785378,0.000855066267635742,0.0196665241556221,0.0613510047028645,0.718255664814023
205773.411807,2488866.126422,0.170408381441095,0.125293991875134,0,0.134060295060937,0.0974983964079538,0.472738935214881
206273.411807,2488866.126422,0.0782218422739902,0.514639880316307,0.0106860440265014,0.0211583671724728,0.0312032485573841,0.344090617653345
206773.411807,2488866.126422,0.0863616930312099,0.0946985891406584,0,0.00555793073963232,0.00598546387345019,0.807396323215049
207273.411807,2488866.126422,0.0868077827667308,0.275390207397905,0.00406243318366474,0.0295060936497755,0.09108402822322,0.513149454778704
207773.411807,2488866.126422,0.279119469972216,0.0587732421457576,0,0.038469758495405,0.0476597563581962,0.575977773028425
208273.411807,2488866.126422,0.183839247541684,0.278965369816161,0,0.000427533133817871,0.00128259940145361,0.535485250106883
208773.411807,2488866.126422,0.0237331622835151,0.139619414154372,0.00021381227282446,0.473380372033355,0.0729099850331409,0.290143254222792
209273.411807,2488866.126422,0.0639025432784783,0.15110066253473,0,0.363752938662107,0.0878392818978414,0.333404573626843
209773.411807,2488866.126422,0.127191107310817,0.401026079521163,0,0.260795211628901,0.0440359127832407,0.166951688755879
210273.411807,2488866.126422,0.176608937353004,0.259781911481719,0,0.0705580500320718,0.0384862091084028,0.454564892024802
210773.411807,2488866.126422,0.357127591365676,0.0468048728360761,0,0.000213720880530028,0.0192348792477025,0.576618935670015
211273.411807,2488866.126422,0.487513873473918,0,0,0,0,0.512486126526082
198773.411807,2488366.126422,0.114023591087811,0.171129002059539,0,0.00636584909193035,0.0473694064781876,0.661112151282531
199273.411807,2488366.126422,0.132587566477169,0.0737208875848157,0.000183385292499542,0.172748945534568,0.156427654502109,0.464331560608839
199773.411807,2488366.126422,0.174271577789994,0.0289536375297783,0.00274876305662452,0.247938427707532,0.140736668499175,0.405350925416896
200273.411807,2488366.126422,0.191961827858323,0.0433106992108644,0,0.0633143696091026,0.171224077812443,0.530189025509268
200773.411807,2488366.126422,0.103062534384742,0.20392444525949,0,0.0300751879699248,0.0539152759948652,0.609022556390977
201273.411807,2488366.126422,0.0362836723474437,0.428990287703867,0,0.0357339197361187,0.0164925783397471,0.482499541872824
201773.411807,2488366.126422,0.00311983850247752,0.693338227197651,0,0.000917599559552211,0.0192695907505964,0.283354743989723
202273.411807,2488366.126422,0.0540986612873648,0.521914542453695,0,0.0201723821749496,0.0256739409499358,0.378140473134055
202773.411807,2488366.126422,0.263331500824629,0.0207073483599047,0,0.0188748396554884,0.0452629649990837,0.651823346160894
203273.411807,2488366.126422,0.139108093228115,0.0141310332171041,0,0.309781611304827,0.158561203890622,0.378418058359332
203773.411807,2488366.126422,0.294700165046763,0.0106363469649734,0,0.0449293966623877,0.0629011553273428,0.586832935998533
204273.411807,2488366.126422,0.351841671247938,0.00549752611324904,0.000916254352208173,0.0130108118013561,0.0320689023272861,0.596664834157962
204773.411807,2488366.126422,0.320609286107543,0.0181684712791338,0,0.00403743806202973,0.00807487612405946,0.649109928427234
205273.411807,2488366.126422,0.256739409499358,0.0053181734824867,0.00953603520997616,0.00733541169998166,0.0676691729323308,0.653401797175867
205773.411807,2488366.126422,0.17940260216236,0.441451346893898,0,0,0.000549752611324904,0.378596298332417
206273.411807,2488366.126422,0.132501376399339,0.05395485410167,0,0.00110111947146265,0.0236740686364471,0.788768581391081
206773.411807,2488366.126422,0.130020172382175,0.0618008435723455,0.00990280579497524,0.0498807995598753,0.164496607372089,0.58389877131854
207273.411807,2488366.126422,0.187648891332234,0.0767821147150449,0.0315191497159611,0.0333516584203775,0.0923584387025838,0.578339747113799
207773.411807,2488366.126422,0.138006973756653,0.0895577170122958,0,0.0475316571848046,0.167186639750413,0.557717012295834
208273.411807,2488366.126422,0.0882083256922795,0.374472767284064,0,0.189253621859527,0.077205208142307,0.270860077021823
208773.411807,2488366.126422,0.136705149349459,0.481583287520616,0,0.0174088326919553,0.00769653655854865,0.356606193879421
209273.411807,2488366.126422,0.0209212699577904,0.594237474766012,0,0,0,0.384841255276197
209773.411807,2488366.126422,0.161012286814597,0.81203007518797,0,0,0,0.0269576379974326
210273.411807,2488366.126422,0.138354407183434,0.219351291918637,0,0,0,0.642294300897929
210773.411807,2488366.126422,0.232886768214351,0.0897412369242063,0,0.00734079647641769,0.0214718296935217,0.648559368691503
211273.411807,2488366.126422,0.501282948448799,0.00723116398413809,0,0.0515512013062748,0.086074177746676,0.353860508514112
198773.411807,2487866.126422,0.114751029576937,0.323287158367653,0,0.11774616248596,0.0866716585548484,0.357543991014601
199273.411807,2487866.126422,0.0742982938910292,0.0240322876536415,0.000366905155017428,0.605760410933774,0.194092827004219,0.101449275362319
199773.411807,2487866.126422,0.0941391941391941,0.0272893772893773,0,0.511721611721612,0.136630036630037,0.23021978021978
200273.411807,2487866.126422,0.043302752293578,0.402935779816514,0.015045871559633,0.0381651376146789,0.114495412844037,0.38605504587156
200773.411807,2487866.126422,0.10273344340488,0.225830122913227,0,0.019262520638415,0.091726288754357,0.560447624289121
201273.411807,2487866.126422,0.182234432234432,0.208241758241758,0,0.0210622710622711,0.0763736263736264,0.512087912087912
201773.411807,2487866.126422,0.144587155963303,0.0913761467889908,0,0.106422018348624,0.150275229357798,0.507339449541284
202273.411807,2487866.126422,0.0821867547239039,0.0594386351128233,0.0653091175931022,0.153366354797285,0.100165107319758,0.539534030453128
202773.411807,2487866.126422,0.1503663003663,0.122710622710623,0,0.128571428571429,0.0813186813186813,0.517032967032967
203273.411807,2487866.126422,0.258715596330275,0.0192660550458716,0,0.058348623853211,0.0904587155963303,0.573211009174312
203773.411807,2487866.126422,0.265822784810127,0.0720968629609246,0,0.00697119794533113,0.0299027701339204,0.625206384149697
204273.411807,2487866.126422,0.381135531135531,0.0111721611721612,0,0.000915750915750916,0.000732600732600733,0.606043956043956
204773.411807,2487866.126422,0.283119266055046,0.0128440366972477,0.0018348623853211,0.0170642201834862,0.0577981651376147,0.627339449541284
205273.411807,2487866.126422,0.446340121078701,0.001284168042561,0,0.00293524124013942,0.019262520638415,0.530177949000183
205773.411807,2487866.126422,0.148534798534799,0.125824175824176,0,0,0.00531135531135531,0.72032967032967
206273.411807,2487866.126422,0.180183486238532,0.131559633027523,0,0,0.00972477064220183,0.678532110091743
206773.411807,2487866.126422,0.129150614566135,0.134837644468905,0.0680609062557329,0.233168226013575,0.170977802238121,0.263804806457531
207273.411807,2487866.126422,0.164285714285714,0.0558608058608059,0.00952380952380952,0.0950549450549451,0.169413919413919,0.505860805860806
207773.411807,2487866.126422,0.0177981651376147,0.111743119266055,0.00018348623853211,0.517981651376147,0.0493577981651376,0.302935779816514
208273.411807,2487866.126422,0.197394973399376,0.523206751054852,0,0.107870115575124,0.0511832691249312,0.120344890845716
208773.411807,2487866.126422,0.0813186813186813,0.592124542124542,0,0,0.0010989010989011,0.325457875457875
209273.411807,2487866.126422,0.0194495412844037,0.970091743119266,0,0,0,0.0104587155963303
209773.411807,2487866.126422,0.123830489818382,0.797101449275362,0,0,0,0.0790680609062557
210273.411807,2487866.126422,0.0989010989010989,0.314835164835165,0,0,0,0.586263736263736
210773.411807,2487866.126422,0.452477064220183,0.0677064220183486,0,0.00110091743119266,0.0170642201834862,0.461651376146789
211273.411807,2487866.126422,0.515052508751459,0.00256709451575263,0,0.0161026837806301,0.0415402567094516,0.424737456242707
198773.411807,2487366.126422,0.0899065420560748,0.143551401869159,0,0.165233644859813,0.145046728971963,0.456261682242991
199273.411807,2487366.126422,0.0853479853479854,0.0622710622710623,0,0.00714285714285714,0.0587912087912088,0.786446886446886
199773.411807,2487366.126422,0.121928859552622,0.133113311331133,0,0.0121012101210121,0.0386872020535387,0.694169416941694
200273.411807,2487366.126422,0.171062271062271,0.0302197802197802,0,0.148901098901099,0.133699633699634,0.516117216117216
200773.411807,2487366.126422,0.179120879120879,0.15970695970696,0,0.00659340659340659,0.0424908424908425,0.612087912087912
201273.411807,2487366.126422,0.246241290795746,0.142830949761643,0,0.00696736340300697,0.0297029702970297,0.574257425742574
201773.411807,2487366.126422,0.23040293040293,0.122161172161172,0.00549450549450549,0.0767399267399267,0.071978021978022,0.493223443223443
202273.411807,2487366.126422,0.149084249084249,0.0619047619047619,0.0608058608058608,0.171611721611722,0.152930402930403,0.403663003663004
202773.411807,2487366.126422,0.134763476347635,0.0986431976530986,0,0.0902090209020902,0.0779244591125779,0.598459845984598
203273.411807,2487366.126422,0.347619047619048,0.0104395604395604,0,0.00274725274725275,0.00714285714285714,0.632051282051282
203773.411807,2487366.126422,0.347802197802198,0.00384615384615385,0.010989010989011,0.0272893772893773,0.0710622710622711,0.539010989010989
204273.411807,2487366.126422,0.207554088742208,0.0363036303630363,0.0317198386505317,0.030986431976531,0.0562889622295563,0.637147048038137
204773.411807,2487366.126422,0.333699633699634,0.00769230769230769,0,0.0164835164835165,0.0357142857142857,0.606410256410256
205273.411807,2487366.126422,0.333150183150183,0.00494505494505494,0,0.00989010989010989,0.0679487179487179,0.584065934065934
205773.411807,2487366.126422,0.43986065273194,0.000366703337000367,0,0.00311697836450312,0.0522552255225523,0.504400440044004
206273.411807,2487366.126422,0.238278388278388,0.0179487179487179,0,0.00604395604395604,0.019047619047619,0.718681318681319
206773.411807,2487366.126422,0.260622710622711,0.082967032967033,0.00695970695970696,0.0166666666666667,0.0450549450549451,0.587728937728938
207273.411807,2487366.126422,0.124129079574624,0.0988265493215988,0,0.43050971763843,0.0665566556655666,0.27997799779978
207773.411807,2487366.126422,0.0769230769230769,0.521245421245421,0,0.287728937728938,0.0452380952380952,0.0688644688644689
208273.411807,2487366.126422,0.282234432234432,0.602014652014652,0,0,0,0.115750915750916
208773.411807,2487366.126422,0.248808214154749,0.638797213054639,0,0,0,0.112394572790612
209273.411807,2487366.126422,0.073992673992674,0.887728937728938,0,0,0,0.0382783882783883
209773.411807,2487366.126422,0.246703296703297,0.586080586080586,0,0,0,0.167216117216117
210273.411807,2487366.126422,0.152365236523652,0.126696002933627,0,0.00495049504950495,0.0722405573890722,0.643747708104144
210773.411807,2487366.126422,0.32985347985348,0.0148351648351648,0,0.0135531135531136,0.0331501831501832,0.608608058608059
211273.411807,2487366.126422,0.662004662004662,0,0,0,0.00256410256410256,0.335431235431235
198773.411807,2486866.126422,0.0337015540161019,0.126568058416027,0.00168507770080509,0.160644074143419,0.142669912001498,0.534731323722149
199273.411807,2486866.126422,0.0298918026774253,0.275261324041812,0,0,0.00421786172748946,0.690629011553273
199773.411807,2486866.126422,0.0864944108484515,0.114165292285138,0,0.00824628916987356,0.0221733553234378,0.768920652373099
200273.411807,2486866.126422,0.127179298953937,0.117085703798862,0.00917599559552211,0.0341347036153423,0.107359148467609,0.605065149568728
200773.411807,2486866.126422,0.165413533834586,0.306253438474234,0,0.00990280579497524,0.061617458279846,0.456812763616358
201273.411807,2486866.126422,0.281656587868792,0.0408649441084845,0,0.0113615539673813,0.0346344145134689,0.631482499541873
201773.411807,2486866.126422,0.274362268306111,0.119287942741787,0,0.0603780510185355,0.0587263718113415,0.487245366122224
202273.411807,2486866.126422,0.277828718136805,0.0830735375022923,0.00183385292499542,0.0311754997249221,0.0665688611773336,0.539519530533651
202773.411807,2486866.126422,0.25893347993403,0.0665200659703134,0,0.0142935678944475,0.0408649441084845,0.619387942092725
203273.411807,2486866.126422,0.179849513672233,0.0400073407964764,0.00165167920719398,0.0271609469627455,0.100385391815012,0.650945127546339
203773.411807,2486866.126422,0.169631395562076,0.0495140289748762,0.00293416467999266,0.0190720704199523,0.055198973042362,0.703649367320741
204273.411807,2486866.126422,0.321971779365952,0.0109950522264981,0,0.00659703133589885,0.0163093274693055,0.644126809602346
204773.411807,2486866.126422,0.226280051385575,0.05395485410167,0.0047715177096715,0.0480822169205359,0.105340429436594,0.561570930445953
205273.411807,2486866.126422,0.263341280029342,0.010819732257473,0,0.0313588850174216,0.0566660553823583,0.637814047313406
205773.411807,2486866.126422,0.226681326736302,0.0276708814366868,0,0.00824628916987356,0.0254718709913872,0.71192963166575
206273.411807,2486866.126422,0.191411268122591,0.0255092677555515,0.015782712424298,0.0238575885483575,0.0313819049366856,0.712057258212516
206773.411807,2486866.126422,0.111314872547222,0.0740876581698148,0.0113698881349716,0.330093526499175,0.0979277461947552,0.375206308454062
207273.411807,2486866.126422,0.0630382994319223,0.35202492211838,0,0.474619754443834,0.0234561114165292,0.0868609125893348
207773.411807,2486866.126422,0.134703615342265,0.71774637548174,0,0,0,0.147550009175996
208273.411807,2486866.126422,0.132220795892169,0.613790573995965,0,0,0,0.253988630111865
208773.411807,2486866.126422,0.286237859629833,0.545537841304746,0,0,0,0.168224299065421
209273.411807,2486866.126422,0.313268489631125,0.282437144430171,0,0,0.000367039823820885,0.403927326114883
209773.411807,2486866.126422,0.189620392444526,0.0982945167797543,0.000733541169998166,0.0379607555474051,0.0489638730973776,0.624426920960939
210273.411807,2486866.126422,0.18050210738501,0.0419644493311343,0.00274876305662452,0.0610225398570643,0.0544255085211655,0.659336631849001
210773.411807,2486866.126422,0.144063130849697,0.0818498807120573,0,0.000550559735731327,0.0146815929528354,0.758854835749679
211273.411807,2486866.126422,0.41544203405645,0.013062747842314,0,0.000933053417308141,0.0177280149288547,0.552834149755074
198773.411807,2486366.126422,0.0292025458629727,0.275365031823287,0.00149756645451142,0.160239610632722,0.0645825533508049,0.469112691875702
199273.411807,2486366.126422,0.0227481196110805,0.454228581911576,0,0.00201797835259585,0.0249495505411851,0.496055769583563
199773.411807,2486366.126422,0.0476190476190476,0.124725274725275,0,0.00970695970695971,0.071978021978022,0.745970695970696
200273.411807,2486366.126422,0.199449541284404,0.086605504587156,0.00073394495412844,0.0377981651376147,0.0930275229357798,0.582385321100917
200773.411807,2486366.126422,0.141075032104201,0.139240506329114,0.0144927536231884,0.0519170794349661,0.0541185103650706,0.59915611814346
201273.411807,2486366.126422,0.178205128205128,0.273260073260073,0.00549450549450549,0.0836996336996337,0.0659340659340659,0.393406593406593
201773.411807,2486366.126422,0.189357798165138,0.0992660550458716,0.0018348623853211,0.053394495412844,0.0877064220183486,0.568440366972477
202273.411807,2486366.126422,0.089157952669235,0.253531462117043,0.000183452577508714,0.0561364887176665,0.113373692900385,0.487616951018162
202773.411807,2486366.126422,0.108058608058608,0.291025641025641,0.00586080586080586,0.0241758241758242,0.052014652014652,0.518864468864469
203273.411807,2486366.126422,0.127889908256881,0.0302752293577982,0.0155963302752294,0.197981651376147,0.116330275229358,0.511926605504587
203773.411807,2486366.126422,0.206200697119795,0.0361401577692167,0,0.066042927903137,0.100532012474775,0.591084204733077
204273.411807,2486366.126422,0.230586080586081,0.0771062271062271,0,0.0133699633699634,0.0285714285714286,0.6503663003663
204773.411807,2486366.126422,0.281651376146789,0.00220183486238532,0,0.083302752293578,0.110275229357798,0.52256880733945
205273.411807,2486366.126422,0.266373142542653,0.00880572372041827,0,0.0124747752705926,0.0357732526141992,0.676573105852137
205773.411807,2486366.126422,0.175091575091575,0.0313186813186813,0.0032967032967033,0.0131868131868132,0.0377289377289377,0.739377289377289
206273.411807,2486366.126422,0.117981651376147,0.0444036697247706,0.0697247706422018,0.129174311926606,0.0568807339449541,0.581834862385321
206773.411807,2486366.126422,0.0860392588515869,0.0871399743166392,0.00238488350761328,0.578792882039993,0.0253164556962025,0.220326545587966
207273.411807,2486366.126422,0.27051282051282,0.637728937728938,0,0,0,0.0917582417582418
207773.411807,2486366.126422,0.181834862385321,0.621467889908257,0,0,0,0.196697247706422
208273.411807,2486366.126422,0.186387818748853,0.340487983856173,0,0.0100898917629793,0.0247660979636764,0.438268207668318
208773.411807,2486366.126422,0.371062271062271,0.326556776556777,0,0,0,0.302380952380952
209273.411807,2486366.126422,0.223853211009174,0.255045871559633,0,0.000917431192660551,0.0429357798165138,0.477247706422018
209773.411807,2486366.126422,0.122913226930838,0.0484314804623005,0,0.236653824986241,0.239222161071363,0.352779306549257
210273.411807,2486366.126422,0.176556776556777,0.0510989010989011,0.052014652014652,0.110989010989011,0.153479853479853,0.455860805860806
210773.411807,2486366.126422,0.536330275229358,0.202385321100917,0,0.00036697247706422,0.00623853211009174,0.254678899082569
211273.411807,2486366.126422,0.463477246207701,0.0177362893815636,0,0,0.0147024504084014,0.504084014002334
198773.411807,2485866.126422,0.0403738317757009,0.228411214953271,0,0.00205607476635514,0.0291588785046729,0.7
199273.411807,2485866.126422,0.0397435897435897,0.256043956043956,0,0.00201465201465201,0.0342490842490843,0.667948717948718
199773.411807,2485866.126422,0.046021268793546,0.304547121378805,0.00055005500550055,0.00751741840850752,0.0491382471580491,0.592225889255592
200273.411807,2485866.126422,0.162087912087912,0.223443223443223,0.00567765567765568,0.0120879120879121,0.0412087912087912,0.555494505494506
200773.411807,2485866.126422,0.0657509157509158,0.0578754578754579,0.00402930402930403,0.176923076923077,0.205311355311355,0.49010989010989
201273.411807,2485866.126422,0.0469380271360469,0.24037403740374,0,0.0313531353135314,0.0528052805280528,0.628529519618629
201773.411807,2485866.126422,0.0626373626373626,0.211172161172161,0,0.0241758241758242,0.0935897435897436,0.608424908424908
202273.411807,2485866.126422,0.189010989010989,0.142673992673993,0,0.00238095238095238,0.0115384615384615,0.654395604395604
202773.411807,2485866.126422,0.11037770443711,0.12981298129813,0,0.000916758342500917,0.0137513751375138,0.745141180784745
203273.411807,2485866.126422,0.0454212454212454,0.0527472527472527,0.00183150183150183,0.305494505494506,0.0893772893772894,0.505128205128205
203773.411807,2485866.126422,0.17985347985348,0.00714285714285714,0,0.279120879120879,0.10970695970696,0.424175824175824
204273.411807,2485866.126422,0.211771177117712,0.0445544554455446,0,0.0319031903190319,0.048038137147048,0.663733039970664
204773.411807,2485866.126422,0.235714285714286,0.0756410256410256,0,0.00695970695970696,0.00970695970695971,0.671978021978022
205273.411807,2485866.126422,0.261904761904762,0.00989010989010989,0,0.00586080586080586,0.0184981684981685,0.703846153846154
205773.411807,2485866.126422,0.209204253758709,0.00678401173450678,0,0.0198019801980198,0.0405207187385405,0.723689035570224
206273.411807,2485866.126422,0.0384615384615385,0.102380952380952,0.0010989010989011,0.487912087912088,0.0961538461538462,0.273992673992674
206773.411807,2485866.126422,0.359157509157509,0.102380952380952,0.000732600732600733,0.0032967032967033,0.00238095238095238,0.532051282051282
207273.411807,2485866.126422,0.0689402273560689,0.636046938027136,0,0.000366703337000367,0.0223689035570224,0.272277227722772
207773.411807,2485866.126422,0.122161172161172,0.252014652014652,0,0.0421245421245421,0.0976190476190476,0.486080586080586
208273.411807,2485866.126422,0.214102564102564,0.118315018315018,0.00805860805860806,0.00421245421245421,0.0351648351648352,0.62014652014652
208773.411807,2485866.126422,0.11001100110011,0.507150715071507,0,0.00843417675100843,0.01998533186652,0.354418775210854
209273.411807,2485866.126422,0.125457875457875,0.160805860805861,0.0139194139194139,0.0106227106227106,0.021978021978022,0.667216117216117
209773.411807,2485866.126422,0.0842490842490843,0.0624542124542125,0.0172161172161172,0.0465201465201465,0.0842490842490843,0.705311355311355
210273.411807,2485866.126422,0.283094976164283,0.0795746241290796,0.017968463513018,0.00751741840850752,0.0777411074440777,0.534103410341034
210773.411807,2485866.126422,0.740842490842491,0,0,0,0,0.259157509157509
211273.411807,2485866.126422,0.74009324009324,0,0,0,0,0.25990675990676
198773.411807,2485366.126422,0.0391312488298072,0.117393746489421,0.00112338513387006,0.100168507770081,0.106908818573301,0.63527429320352
199273.411807,2485366.126422,0.0762882816798093,0.140473134054649,0,0.0348432055749129,0.0506143407298735,0.697781037960756
199773.411807,2485366.126422,0.125893347993403,0.148616455928166,0,0.00146600696353308,0.0322521531977277,0.691772035917171
200273.411807,2485366.126422,0.0326665443200587,0.449807304092494,0,0.0012846393833731,0.00917599559552211,0.507065516608552
200773.411807,2485366.126422,0.0931597285897671,0.142490372272144,0,0.0372272143774069,0.0696864111498258,0.657436273610856
201273.411807,2485366.126422,0.0919919369617006,0.190947407000183,0.000916254352208173,0.0377496793109767,0.0439802089059923,0.634414513468939
201773.411807,2485366.126422,0.0387227014131033,0.201321343365755,0.0100935951550743,0.00715727656450725,0.0423930996513122,0.700311983850248
202273.411807,2485366.126422,0.0924261874197689,0.195488721804511,0,0.00916926462497708,0.0363102879149092,0.666605538235833
202773.411807,2485366.126422,0.147883452446399,0.109584020524097,0.000549752611324904,0.0263881253435954,0.0811801356056441,0.634414513468939
203273.411807,2485366.126422,0.202055423013397,0.0242246283721784,0.0524866948063865,0.030280785465223,0.0824004404477886,0.608552027895027
203773.411807,2485366.126422,0.119017054832202,0.0212726939299468,0,0.370438290849074,0.13992297817715,0.349348982211627
204273.411807,2485366.126422,0.301997434487814,0.0179585853032802,0,0.00403151914971596,0.0205240974894631,0.655488363569727
204773.411807,2485366.126422,0.369609102587631,0.0124793540099101,0.0251422279317306,0.00991007524316388,0.0354193429987154,0.547439897228849
205273.411807,2485366.126422,0.296534017971759,0.0115532734274711,0,0.0449293966623877,0.066385475884834,0.580597836053549
205773.411807,2485366.126422,0.0480117280557083,0.0474619754443834,0.00604727872457394,0.486897562763423,0.131024372365769,0.280557082646143
206273.411807,2485366.126422,0.0161497522481189,0.105340429436594,0.00899247568361167,0.306478252890439,0.0416590200036704,0.521380069737567
206773.411807,2485366.126422,0.171648633779571,0.0929763432972676,0.00641848523748395,0.0322758114799193,0.13185402530717,0.564826700898588
207273.411807,2485366.126422,0.085761407366685,0.136338647608576,0,0.021073850100788,0.089792926516401,0.66703316840755
207773.411807,2485366.126422,0.122591301156175,0.121673701596623,0.00752431638832813,0.129014498073041,0.127546338777757,0.491649844008075
208273.411807,2485366.126422,0.213643865761966,0.163763066202091,0,0.0152209792774619,0.0388776820099028,0.568494406748579
208773.411807,2485366.126422,0.0976727139453912,0.253069452079897,0.0260216236027121,0.0168590800806304,0.030602895363753,0.575774234927616
209273.411807,2485366.126422,0.0739585244999082,0.156358964947697,0.0829510001835199,0.0478986970086254,0.0587263718113415,0.580106441548908
209773.411807,2485366.126422,0.0717036493673207,0.0680359435173299,0.12781954887218,0.0119200440124702,0.0649183935448377,0.655602420685861
210273.411807,2485366.126422,0.149349459409932,0.0672530694520799,0.000916254352208173,0.00183250870441635,0.0679860729338464,0.712662635147517
210773.411807,2485366.126422,0.387410534042944,0.009543035419343,0,0.00440447788585061,0.0579922921636998,0.540649660488163
211273.411807,2485366.126422,0.624912526242127,0.0170282248658736,0,0,0.00186610683461628,0.356193142057383
198773.411807,2484866.126422,0.0278921752152752,0.468738300262074,0,0.0376263571695994,0.0570947210782478,0.408648446274803
199273.411807,2484866.126422,0.135021097046413,0.284351495138507,0,0.00293524124013942,0.0177949000183453,0.559897266556595
199773.411807,2484866.126422,0.073992673992674,0.16978021978022,0,0.0510989010989011,0.104029304029304,0.601098901098901
200273.411807,2484866.126422,0.0368807339449541,0.118348623853211,0,0.00311926605504587,0.0271559633027523,0.814495412844037
200773.411807,2484866.126422,0.0948449825720051,0.291139240506329,0,0.000366905155017428,0.0106402494955054,0.603008622271143
201273.411807,2484866.126422,0.0879120879120879,0.0915750915750916,0,0.0507326007326007,0.0597069597069597,0.71007326007326
201773.411807,2484866.126422,0.0642201834862385,0.0559633027522936,0,0.351192660550459,0.192660550458716,0.335963302752294
202273.411807,2484866.126422,0.147495872317006,0.0977802238121446,0,0.030820033021464,0.0649422124380847,0.658961658411301
202773.411807,2484866.126422,0.143040293040293,0.100915750915751,0,0.00695970695970696,0.0532967032967033,0.695787545787546
203273.411807,2484866.126422,0.160183486238532,0.0324770642201835,0.0144954128440367,0.12697247706422,0.0897247706422018,0.576146788990826
203773.411807,2484866.126422,0.0768666299761512,0.152449091909741,0.00953953403045313,0.325444872500459,0.0983305815446707,0.337369290038525
204273.411807,2484866.126422,0.0761904761904762,0.287179487179487,0.00659340659340659,0.277838827838828,0.0805860805860806,0.271611721611722
204773.411807,2484866.126422,0.0295412844036697,0.118348623853211,0.0111926605504587,0.57045871559633,0.114862385321101,0.155596330275229
205273.411807,2484866.126422,0.0163272793982755,0.183269124931205,0.0133920381581361,0.513850669601908,0.105485232067511,0.167675655842965
205773.411807,2484866.126422,0.0186813186813187,0.143772893772894,0.0274725274725275,0.275457875457875,0.0954212454212454,0.439194139194139
206273.411807,2484866.126422,0.00165137614678899,0.224220183486239,0,0.248623853211009,0.10605504587156,0.419449541284404
206773.411807,2484866.126422,0.0210970464135021,0.0752155567785727,0,0.255732893047147,0.0625573289304715,0.585397174830306
207273.411807,2484866.126422,0.14047619047619,0.379487179487179,0,0.000915750915750916,0.0184981684981685,0.460622710622711
207773.411807,2484866.126422,0.220366972477064,0.599633027522936,0,0,0,0.18
208273.411807,2484866.126422,0.226563933223262,0.650339387268391,0,0,0,0.123096679508347
208773.411807,2484866.126422,0.167765567765568,0.582051282051282,0,0.0159340659340659,0.0166666666666667,0.217582417582418
209273.411807,2484866.126422,0.138715596330275,0.0673394495412844,0.000917431192660551,0.145321100917431,0.157064220183486,0.490642201834862
209773.411807,2484866.126422,0.11263988259035,0.237204182718767,0,0.0357732526141992,0.0521005320124748,0.562282150064208
210273.411807,2484866.126422,0.0653846153846154,0.0316849816849817,0,0.0102564102564103,0.0461538461538462,0.846520146520147
210773.411807,2484866.126422,0.357064220183486,0.0121100917431193,0,0.125688073394495,0.112844036697248,0.392293577981651
211273.411807,2484866.126422,0.683547257876313,0.00560093348891482,0,0.035705950991832,0.0728121353558926,0.202333722287048
198773.411807,2484366.126422,0.0990654205607477,0.142056074766355,0,0.273084112149533,0.157757009345794,0.32803738317757
199273.411807,2484366.126422,0.0668498168498168,0.147985347985348,0.000183150183150183,0.0745421245421245,0.0633699633699634,0.647069597069597
199773.411807,2484366.126422,0.0782911624495783,0.103593692702604,0,0.0174184085075174,0.0698569856985699,0.730839750641731
200273.411807,2484366.126422,0.0399267399267399,0.173626373626374,0,0.00146520146520147,0.0166666666666667,0.768315018315018
200773.411807,2484366.126422,0.0822344322344322,0.142857142857143,0,0.0404761904761905,0.0551282051282051,0.679304029304029
201273.411807,2484366.126422,0.169050238357169,0.109460946094609,0.0022002200220022,0.0249358269160249,0.0476714338100477,0.646681334800147
201773.411807,2484366.126422,0.202930402930403,0.0296703296703297,0.00970695970695971,0.106593406593407,0.115018315018315,0.536080586080586
202273.411807,2484366.126422,0.0952380952380952,0.155860805860806,0.0217948717948718,0.147435897435897,0.112087912087912,0.467582417582418
202773.411807,2484366.126422,0.026952695269527,0.151448478181151,0.057022368903557,0.156582324899157,0.050971763843051,0.557022368903557
203273.411807,2484366.126422,0.130586080586081,0.137179487179487,0.0137362637362637,0.128571428571429,0.115750915750916,0.474175824175824
203773.411807,2484366.126422,0.152014652014652,0.0426739926739927,0.0267399267399267,0.187728937728938,0.142307692307692,0.448534798534799
204273.411807,2484366.126422,0.116061606160616,0.136413641364136,0.00916758342500917,0.0973597359735974,0.0993766043270994,0.541620828749542
204773.411807,2484366.126422,0.117032967032967,0.104578754578755,0.00274725274725275,0.0706959706959707,0.032967032967033,0.671978021978022
205273.411807,2484366.126422,0.161904761904762,0.00915750915750916,0,0.0120879120879121,0.0142857142857143,0.802564102564103
205773.411807,2484366.126422,0.216721672167217,0.0135680234690136,0,0.0128346167950128,0.0243857719105244,0.732489915658233
206273.411807,2484366.126422,0.13956043956044,0.0538461538461538,0,0.0692307692307692,0.111904761904762,0.625457875457875
206773.411807,2484366.126422,0.0483516483516484,0.15952380952381,0.00146520146520147,0.116300366300366,0.105494505494505,0.568864468864469
207273.411807,2484366.126422,0.00843417675100843,0.155298863219655,0.000183351668500183,0.220572057205721,0.0652731939860653,0.55023835716905
207773.411807,2484366.126422,0.0584249084249084,0.100915750915751,0.000366300366300366,0.158058608058608,0.0514652014652015,0.630769230769231
208273.411807,2484366.126422,0.0919413919413919,0.507326007326007,0,0.123626373626374,0.0617216117216117,0.215384615384615
208773.411807,2484366.126422,0.142830949761643,0.24972497249725,0,0.000733406674000733,0.0122845617895123,0.594426109277594
209273.411807,2484366.126422,0.196520146520147,0.300549450549451,0,0,0,0.502930402930403
209773.411807,2484366.126422,0.056043956043956,0.0816849816849817,0,0.00476190476190476,0.080952380952381,0.776556776556777
210273.411807,2484366.126422,0.13953061972864,0.037953795379538,0,0.0293362669600293,0.0665566556655666,0.726622662266227
210773.411807,2484366.126422,0.612820512820513,0.0289377289377289,0,0.000366300366300366,0.0032967032967033,0.354578754578755
211273.411807,2484366.126422,0.631002331002331,0.000699300699300699,0,0,0.000233100233100233,0.368065268065268
198773.411807,2483866.126422,0.0501778693128628,0.0511140235910878,0.0101104662048306,0.053735255570118,0.0602883355176933,0.774574049803408
199273.411807,2483866.126422,0.0254905556574363,0.0390610673024023,0.0128369704749679,0.0183385292499542,0.0520814230698698,0.85219145424537
199773.411807,2483866.126422,0.0350009162543522,0.0505772402418911,0.000549752611324904,0.0106285504856148,0.0639545537841305,0.839288986622686
200273.411807,2483866.126422,0.0480822169205359,0.213617177463755,0,0.0405579005322077,0.0332171040557901,0.664525601027712
200773.411807,2483866.126422,0.156427654502109,0.0491472583898771,0,0.0651017788373372,0.233999633229415,0.495323675041262
201273.411807,2483866.126422,0.328568810701851,0.0643210555250137,0.0260216236027121,0.0128275609309144,0.0408649441084845,0.527396005131024
201773.411807,2483866.126422,0.178014314553129,0.12038906221325,0.0781794824738484,0.142227931730593,0.109010827674803,0.372178381354377
202273.411807,2483866.126422,0.0863744727672841,0.325325508894187,0.0379607555474051,0.121401063634696,0.0612506876948469,0.367687511461581
202773.411807,2483866.126422,0.221550302363936,0.0175920835623969,0.00568077698369067,0.114898295766905,0.143118929814917,0.497159611508155
203273.411807,2483866.126422,0.30280785465223,0.00165167920719398,0.000183519911910442,0.00752431638832813,0.0167003119838502,0.671132317856487
203773.411807,2483866.126422,0.229231615624427,0.0209059233449477,0.000366770584999083,0.152209792774619,0.0975609756097561,0.499724922061251
204273.411807,2483866.126422,0.254352208172989,0.00403151914971596,0,0.0711013377313542,0.0830126443100605,0.587502290635881
204773.411807,2483866.126422,0.305744173242797,0.00183519911910442,0,0.0445953385942375,0.0897412369242063,0.558084052119655
205273.411807,2483866.126422,0.310287914909224,0.00678525582248304,0,0.00825233816247937,0.0282413350449294,0.646433156060884
205773.411807,2483866.126422,0.280557082646143,0.0284038849184534,0,0.0366501740883269,0.07623236210372,0.578156496243357
206273.411807,2483866.126422,0.24463204257662,0.00311983850247752,0,0.0124793540099101,0.0170673518076711,0.722701413103322
206773.411807,2483866.126422,0.0599669906473501,0.147441775169631,0.00110031175499725,0.162662754447093,0.094810196222263,0.534017971758665
207273.411807,2483866.126422,0.017042330951072,0.0428807036833425,0.00146600696353308,0.00586402785413231,0.0754993586219534,0.857247571925967
207773.411807,2483866.126422,0.012846393833731,0.0770783630023858,0,0.00256927876674619,0.0146815929528354,0.892824371444302
208273.411807,2483866.126422,0.0819732257472951,0.103062534384742,0,0.0298918026774253,0.0425453878598936,0.742527049330644
208773.411807,2483866.126422,0.110317024005864,0.196628183983874,0,0.196261682242991,0.147333699835074,0.349459409932197
209273.411807,2483866.126422,0.215452376582859,0.140025692787667,0,0.080932281152505,0.0278950266103872,0.535694622866581
209773.411807,2483866.126422,0.483587016321291,0.0298918026774253,0,0.000183385292499542,0.004401247019989,0.481936548688795
210273.411807,2483866.126422,0.100604727872457,0.10207073483599,0.0196078431372549,0.0219901044529962,0.05717427157779,0.698552318123511
210773.411807,2483866.126422,0.37346302073775,0.00991007524316388,0,0.0012846393833731,0.0179849513672233,0.59735731326849
211273.411807,2483866.126422,0.514345696291113,0.00746442733846513,0,0.000933053417308141,0.0163284348028925,0.460928388150222
198773.411807,2483366.126422,0.0292025458629727,0.0782478472482216,0.336578060651441,0.151067016098839,0.0857356795207787,0.319168850617746
199273.411807,2483366.126422,0.0277013392038158,0.201614382682077,0.238671803338837,0.127682993946065,0.0339387268391121,0.370390753990094
199773.411807,2483366.126422,0.0368131868131868,0.0613553113553114,0.086996336996337,0.122161172161172,0.0690476190476191,0.623626373626374
200273.411807,2483366.126422,0.0603669724770642,0.117064220183486,0,0.0119266055045872,0.0605504587155963,0.750091743119266
200773.411807,2483366.126422,0.153916712529811,0.0502660062373876,0,0.0689781691432765,0.143826820766832,0.583012291322693
201273.411807,2483366.126422,0.202747252747253,0.0639194139194139,0,0.0144688644688645,0.0498168498168498,0.669047619047619
201773.411807,2483366.126422,0.0741284403669725,0.248807339449541,0.068256880733945,0.199816513761468,0.130825688073395,0.278165137614679
202273.411807,2483366.126422,0.101999633094845,0.0236653824986241,0.020546688680976,0.304164373509448,0.175931021830857,0.37369290038525
202773.411807,2483366.126422,0.194505494505495,0.0492673992673993,0,0.0274725274725275,0.0551282051282051,0.673626373626374
203273.411807,2483366.126422,0.232660550458716,0.011743119266055,0,0.00605504587155963,0.0297247706422018,0.719816513761468
203773.411807,2483366.126422,0.28673637864612,0.001284168042561,0,0.010273344340488,0.0111906072280316,0.6905155017428
204273.411807,2483366.126422,0.266300366300366,0.00256410256410256,0,0.0525641025641026,0.0833333333333333,0.595238095238095
204773.411807,2483366.126422,0.181651376146789,0.00422018348623853,0,0.339082568807339,0.192660550458716,0.282385321100917
205273.411807,2483366.126422,0.296275912676573,0.00183452577508714,0,0.0532012474775271,0.0596220876903321,0.589066226380481
205773.411807,2483366.126422,0.195421245421245,0.0445054945054945,0,0.0769230769230769,0.0866300366300366,0.596520146520147
206273.411807,2483366.126422,0.0847706422018349,0.0675229357798165,0.0381651376146789,0.0809174311926606,0.113394495412844,0.615229357798165
206773.411807,2483366.126422,0.084021280498991,0.0992478444322143,0,0.0168776371308017,0.110621904237755,0.689231333700238
207273.411807,2483366.126422,0.0203296703296703,0.0426739926739927,0,0.0152014652014652,0.0743589743589744,0.847435897435897
207773.411807,2483366.126422,0.0124770642201835,0.0201834862385321,0,0.00605504587155963,0.0739449541284404,0.887339449541284
208273.411807,2483366.126422,0.0165107319757843,0.11263988259035,0,0.00770500825536599,0.0137589433131535,0.849385433865346
208773.411807,2483366.126422,0.137179487179487,0.512271062271062,0,0.08003663003663,0.0518315018315018,0.218681318681319
209273.411807,2483366.126422,0.0913761467889908,0.327889908256881,0,0.181284403669725,0.0255045871559633,0.37394495412844
209773.411807,2483366.126422,0.175747569253348,0.10126582278481,0.000550357732526142,0.091726288754357,0.0753990093560815,0.555310952118877
210273.411807,2483366.126422,0.164468864468864,0.0333333333333333,0,0.0804029304029304,0.113369963369963,0.608424908424908
210773.411807,2483366.126422,0.234311926605505,0.112293577981651,0,0.00036697247706422,0.0036697247706422,0.649357798165138
211273.411807,2483366.126422,0.387397899649942,0.0203033838973162,0,0.00326721120186698,0.0394399066511085,0.549591598599767
198773.411807,2482866.126422,0.0237383177570093,0.151401869158879,0.552336448598131,0.0867289719626168,0.0570093457943925,0.128785046728972
199273.411807,2482866.126422,0.0188644688644689,0.0994505494505494,0.218498168498168,0.250732600732601,0.113003663003663,0.299450549450549
199773.411807,2482866.126422,0.0212687935460213,0.0951595159515952,0.0792079207920792,0.175100843417675,0.156032269893656,0.473230656398973
200273.411807,2482866.126422,0.043040293040293,0.0879120879120879,0,0.0283882783882784,0.0408424908424908,0.79981684981685
