"x","y","forest","agri","water","built","other","grass"
326273.411807,2751866.126422,0.987339449541284,0,0,0,0,0.0126605504587156
326773.411807,2751866.126422,0.923500275178866,0.0212804989910108,0.00165107319757843,0,0.000733810310034856,0.0528343423225096
327273.411807,2751866.126422,0.915750915750916,0.0032967032967033,0,0.00256410256410256,0.00366300366300366,0.0747252747252747
327773.411807,2751866.126422,0.875596330275229,0.00899082568807339,0,0.00073394495412844,0,0.114678899082569
328273.411807,2751866.126422,0.840579710144927,0.00898917629792699,0,0.00495321959273528,0.00807191341038342,0.137405980554027
328773.411807,2751866.126422,0.856959706959707,0.0166666666666667,0,0,0,0.126373626373626
329273.411807,2751866.126422,0.89394495412844,0,0,0,0,0.10605504587156
329773.411807,2751866.126422,0.914511098880939,0.00605393505778756,0,0,0,0.0794349660612732
330273.411807,2751866.126422,0.921611721611722,0.00256410256410256,0,0.000183150183150183,0,0.0756410256410256
330773.411807,2751866.126422,0.857064220183486,0.00055045871559633,0,0.00036697247706422,0.0018348623853211,0.140183486238532
331273.411807,2751866.126422,0.913777288570904,0,0,0,0.000183452577508714,0.0860392588515869
331773.411807,2751866.126422,0.771245421245421,0.0188644688644689,0,0.00421245421245421,0.00769230769230769,0.197985347985348
332273.411807,2751866.126422,0.908990825688073,0.00256880733944954,0,0,0,0.0884403669724771
332773.411807,2751866.126422,0.842414235920015,0.000366905155017428,0,0.00678774536782242,0.00201797835259585,0.14841313520455
333273.411807,2751866.126422,0.93974358974359,0.00750915750915751,0,0.000183150183150183,0.000183150183150183,0.0523809523809524
333773.411807,2751866.126422,0.846605504587156,0.00018348623853211,0,0.000917431192660551,0.00036697247706422,0.151926605504587
334273.411807,2751866.126422,0.485598972665566,0.0755824619335902,0.014125848468171,0.139607411484131,0.0310034855989727,0.254081819849569
334773.411807,2751866.126422,0.101098901098901,0.147435897435897,0.0553113553113553,0.213003663003663,0.101465201465201,0.381684981684982
326273.411807,2751366.126422,0.994139194139194,0.00146520146520147,0,0,0,0.0043956043956044
326773.411807,2751366.126422,0.964468864468864,0.000915750915750916,0,0,0,0.0346153846153846
327273.411807,2751366.126422,0.940960762742941,0.0133846718005134,0,0.000183351668500183,0.00055005500550055,0.0449211587825449
327773.411807,2751366.126422,0.89010989010989,0.0214285714285714,0,0,0,0.0884615384615385
328273.411807,2751366.126422,0.811721611721612,0.00311355311355311,0,0.0208791208791209,0.00934065934065934,0.154945054945055
328773.411807,2751366.126422,0.76017601760176,0,0,0,0.00128346167950128,0.238540520718739
329273.411807,2751366.126422,0.644505494505495,0,0,0.00347985347985348,0.00567765567765568,0.346336996336996
329773.411807,2751366.126422,0.875457875457875,0,0,0,0,0.124542124542125
330273.411807,2751366.126422,0.926842684268427,0,0,0,0,0.0731573157315732
330773.411807,2751366.126422,0.926007326007326,0.000183150183150183,0,0.00128205128205128,0.0010989010989011,0.0714285714285714
331273.411807,2751366.126422,0.916849816849817,0.000183150183150183,0,0.000183150183150183,0.000366300366300366,0.0824175824175824
331773.411807,2751366.126422,0.778511184451778,0.0401540154015402,0,0.00403373670700403,0.00385038503850385,0.173450678401173
332273.411807,2751366.126422,0.783150183150183,0.0104395604395604,0.000366300366300366,0.0261904761904762,0.0137362637362637,0.166117216117216
332773.411807,2751366.126422,0.615201465201465,0.0673992673992674,0.00384615384615385,0.0576923076923077,0.0357142857142857,0.22014652014652
333273.411807,2751366.126422,0.480748074807481,0.0768243491015768,0.000366703337000367,0.0366703337000367,0.022002200220022,0.383388338833883
333773.411807,2751366.126422,0.280769230769231,0.115384615384615,0.0142857142857143,0.152747252747253,0.0644688644688645,0.372344322344322
334273.411807,2751366.126422,0.0448717948717949,0.0974358974358974,0.23974358974359,0.441758241758242,0.0342490842490843,0.141941391941392
326273.411807,2750866.126422,0.970636814094329,0.00513855753349238,0,0,0,0.0242246283721784
326773.411807,2750866.126422,0.976343297267559,0.00128369704749679,0,0,0,0.0223730056849441
327273.411807,2750866.126422,0.96976360637713,0.00238226131574125,0,0,0,0.0278541323071285
327773.411807,2750866.126422,0.956872820701046,0,0,0,0,0.0431271792989539
328273.411807,2750866.126422,0.867045662937832,0.00146708233999633,0,0.00641848523748395,0.00476801760498808,0.120300751879699
328773.411807,2750866.126422,0.787428990287704,0.00329851566794942,0,0.00439802089059923,0.0047645226314825,0.200109950522265
329273.411807,2750866.126422,0.849513672233437,0.00330335841438796,0,0.0102771150669848,0.0176179115434025,0.119287942741787
329773.411807,2750866.126422,0.871263524665322,0.00183385292499542,0,0.00678525582248304,0.0126535851824684,0.107463781404731
330273.411807,2750866.126422,0.941359721458677,0,0,0,0,0.0586402785413231
330773.411807,2750866.126422,0.807304092494036,0.0645990089924757,0.00201871903101487,0.00899247568361167,0.00917599559552211,0.10790970820334
331273.411807,2750866.126422,0.780487804878049,0.0238400880249404,0.00605171465248487,0.0761048963873097,0.0260407115349349,0.0874747845222813
331773.411807,2750866.126422,0.220267546270845,0.040131940626718,0.0229063588052043,0.1434854315558,0.0760491112332784,0.497159611508155
332273.411807,2750866.126422,0.353092310515691,0.0578087722517893,0.0326665443200587,0.229950449623784,0.0467975775371628,0.279684345751514
332773.411807,2750866.126422,0.172565560242069,0.139556207592151,0.0423620025673941,0.308454061984229,0.0568494406748579,0.280212726939299
333273.411807,2750866.126422,0.1434854315558,0.1456844420011,0.0122778083195895,0.205973978376397,0.0822796408282939,0.41029869891882
333773.411807,2750866.126422,0.0585428518994311,0.14516425032116,0.0526702147182969,0.371077261882914,0.121306661772802,0.251238759405395
326273.411807,2750366.126422,0.993211009174312,0,0,0,0,0.00678899082568807
326773.411807,2750366.126422,0.968262704090992,0.00110071546505228,0,0,0,0.0306365804439552
327273.411807,2750366.126422,0.9503663003663,0.000732600732600733,0,0.000183150183150183,0,0.0487179487179487
327773.411807,2750366.126422,0.874495412844037,0.00110091743119266,0,0.00018348623853211,0,0.124220183486239
328273.411807,2750366.126422,0.677306916162172,0.0165107319757843,0,0.0196294257934324,0.0155934690882407,0.270959456980371
328773.411807,2750366.126422,0.846336996336996,0.000549450549450549,0,0.0010989010989011,0.00402930402930403,0.147985347985348
329273.411807,2750366.126422,0.839266055045872,0.00018348623853211,0,0,0,0.160550458715596
329773.411807,2750366.126422,0.877637130801688,0.00110071546505228,0,0.00091726288754357,0.001284168042561,0.119060722803155
330273.411807,2750366.126422,0.851465201465201,0.00695970695970696,0,0.00824175824175824,0.0133699633699634,0.11996336996337
330773.411807,2750366.126422,0.728256880733945,0.0409174311926606,0.0223853211009174,0.0614678899082569,0.0308256880733945,0.116146788990826
331273.411807,2750366.126422,0.105301779490002,0.282700421940928,0.0759493670886076,0.181618051733627,0.0742982938910292,0.280132085855806
331773.411807,2750366.126422,0.0565934065934066,0.177106227106227,0.212637362637363,0.141575091575092,0.0402930402930403,0.371794871794872
332273.411807,2750366.126422,0.228623853211009,0.0537614678899083,0.0822018348623853,0.280183486238532,0.0579816513761468,0.297247706422018
332773.411807,2750366.126422,0.144560631076867,0.113924050632911,0.124931205283434,0.332232617868281,0.068611263988259,0.215740231150248
333273.411807,2750366.126422,0.0424908424908425,0.0743589743589744,0.0968864468864469,0.678021978021978,0.0404761904761905,0.0677655677655678
333773.411807,2750366.126422,0.0110091743119266,0.199816513761468,0.0486238532110092,0.275045871559633,0.11045871559633,0.355045871559633
334273.411807,2750366.126422,0.010273344340488,0.161805173362686,0.292973766281416,0.362502293157219,0.0682443588332416,0.10420106402495
326273.411807,2749866.126422,0.991758241758242,0,0,0,0,0.00824175824175824
326773.411807,2749866.126422,0.987179487179487,0,0,0,0,0.0128205128205128
327273.411807,2749866.126422,0.914008067473414,0.0100843417675101,0,0.000183351668500183,0.000366703337000367,0.0753575357535754
327773.411807,2749866.126422,0.698901098901099,0.0043956043956044,0.00146520146520147,0.000366300366300366,0.0010989010989011,0.293772893772894
328273.411807,2749866.126422,0.770512820512821,0.00274725274725275,0,0.00146520146520147,0.00238095238095238,0.222893772893773
328773.411807,2749866.126422,0.680968096809681,0.00165016501650165,0,0.00971763843050972,0.00733406674000733,0.3003300330033
329273.411807,2749866.126422,0.928754578754579,0.00293040293040293,0,0.00311355311355311,0.00201465201465201,0.0631868131868132
329773.411807,2749866.126422,0.953479853479854,0.000183150183150183,0,0.00421245421245421,0.00256410256410256,0.0395604395604396
330273.411807,2749866.126422,0.896773010634397,0.00201686835350202,0,0.00916758342500917,0.00641730839750642,0.0856252291895856
330773.411807,2749866.126422,0.401282051282051,0.095970695970696,0.0230769230769231,0.151831501831502,0.056043956043956,0.271794871794872
331273.411807,2749866.126422,0.136263736263736,0.106776556776557,0.0206959706959707,0.125457875457875,0.0853479853479854,0.525457875457875
331773.411807,2749866.126422,0.103960396039604,0.368353502016868,0.0407040704070407,0.109277594426109,0.0471213788045471,0.330583058305831
332273.411807,2749866.126422,0.132783882783883,0.134981684981685,0.0527472527472527,0.253113553113553,0.0866300366300366,0.33974358974359
332773.411807,2749866.126422,0.119230769230769,0.140659340659341,0.0862637362637363,0.315750915750916,0.0943223443223443,0.243772893772894
333273.411807,2749866.126422,0.0804913824715805,0.0935093509350935,0.103960396039604,0.461862852951962,0.0546387972130546,0.205537220388706
333773.411807,2749866.126422,0.235347985347985,0.138644688644689,0.115567765567766,0.271978021978022,0.0492673992673993,0.189194139194139
326273.411807,2749366.126422,0.998348320792806,0,0,0,0,0.00165167920719398
326773.411807,2749366.126422,0.974692829635063,0.000366770584999083,0,0,0,0.0249403997799376
327273.411807,2749366.126422,0.854132307128459,0.00623052959501558,0,0.000916254352208173,0.00201575957485798,0.136705149349459
327773.411807,2749366.126422,0.890622132501376,0,0,0,0,0.109377867498624
328273.411807,2749366.126422,0.915275994865212,0,0,0,0,0.0847240051347882
328773.411807,2749366.126422,0.798424042514202,0.000733003481766538,0,0.00989554700384827,0.00787978742899029,0.183067619571193
329273.411807,2749366.126422,0.973573132684896,0,0,0,0.000367039823820885,0.0260598274912828
329773.411807,2749366.126422,0.778837337245553,0.00605171465248487,0.000366770584999083,0.0313588850174216,0.0207225380524482,0.162662754447093
330273.411807,2749366.126422,0.603078614623419,0.0126443100604728,0.00366501740883269,0.153380978559648,0.0525929998167491,0.174638079530878
330773.411807,2749366.126422,0.0690034868783263,0.178014314553129,0.127362818865847,0.21985685446871,0.0695540466140576,0.33620847861993
331273.411807,2749366.126422,0.0894920227397763,0.142123601687145,0.277278562259307,0.23198239501192,0.0682193288098294,0.190904089492023
331773.411807,2749366.126422,0.0602895363752978,0.287154113982041,0.197177936595199,0.126809602345611,0.0650540590067803,0.263514751695071
332273.411807,2749366.126422,0.138190493668563,0.216369976142411,0.0600110111947146,0.209763259313636,0.0486327766562672,0.327032483024408
332773.411807,2749366.126422,0.0423620025673941,0.479552539886301,0.0188886851274528,0.150375939849624,0.0577663671373556,0.251054465431872
333273.411807,2749366.126422,0.0207073483599047,0.17152281473337,0.127909107568261,0.303463441451347,0.0991387209089243,0.277258566978193
333773.411807,2749366.126422,0.253440998348321,0.0200036703982382,0.323912644521931,0.208662139842173,0.0471646173609837,0.146815929528354
326273.411807,2748866.126422,0.994495412844037,0,0,0,0,0.0055045871559633
326773.411807,2748866.126422,0.961108053568153,0.000550357732526142,0,0,0,0.0383415886993212
327273.411807,2748866.126422,0.975457875457875,0,0,0,0,0.0245421245421245
327773.411807,2748866.126422,0.909174311926605,0,0,0,0,0.0908256880733945
328273.411807,2748866.126422,0.778022381214456,0.00550357732526142,0,0,0.000183452577508714,0.216290588882774
328773.411807,2748866.126422,0.958058608058608,0,0,0,0,0.0419413919413919
329273.411807,2748866.126422,0.971559633027523,0,0,0,0,0.0284403669724771
329773.411807,2748866.126422,0.462850853054485,0.0214639515685195,0.00165107319757843,0.109154283617685,0.0796184186387819,0.32526141992295
330273.411807,2748866.126422,0.0941391941391941,0.110622710622711,0.0796703296703297,0.272527472527473,0.131868131868132,0.311172161172161
330773.411807,2748866.126422,0.0372477064220183,0.134495412844037,0.0851376146788991,0.167339449541284,0.0480733944954128,0.527706422018349
331273.411807,2748866.126422,0.030820033021464,0.0871399743166392,0.436250229315722,0.297193175564117,0.0535681526325445,0.0950284351495139
331773.411807,2748866.126422,0.0789377289377289,0.193956043956044,0.108058608058608,0.328021978021978,0.106043956043956,0.184981684981685
332273.411807,2748866.126422,0.114311926605505,0.276880733944954,0.0739449541284404,0.24605504587156,0.0711926605504587,0.217614678899083
332773.411807,2748866.126422,0.0434782608695652,0.141441937259218,0.277563749770684,0.236286919831224,0.0671436433681893,0.234085488901119
333273.411807,2748866.126422,0.14029304029304,0.165750915750916,0.241575091575092,0.210805860805861,0.0600732600732601,0.181501831501831
326273.411807,2748366.126422,0.97032967032967,0,0,0,0,0.0296703296703297
326773.411807,2748366.126422,0.750732600732601,0,0,0,0,0.249267399267399
327273.411807,2748366.126422,0.92995966263293,0,0,0,0,0.07004033736707
327773.411807,2748366.126422,0.910805860805861,0.000183150183150183,0,0.00238095238095238,0.00256410256410256,0.0840659340659341
328273.411807,2748366.126422,0.908608058608059,0,0,0.000732600732600733,0.000915750915750916,0.0897435897435897
328773.411807,2748366.126422,0.824899156582325,0.000733406674000733,0,0.00201686835350202,0.00366703337000367,0.168683535020169
329273.411807,2748366.126422,0.408424908424908,0.0197802197802198,0.00201465201465201,0.158058608058608,0.0668498168498168,0.344871794871795
329773.411807,2748366.126422,0.211172161172161,0.0745421245421245,0.0441391941391941,0.200549450549451,0.0880952380952381,0.381501831501831
330273.411807,2748366.126422,0.0760909424275761,0.0874587458745875,0.141730839750642,0.287495416208288,0.0751741840850752,0.332049871653832
330773.411807,2748366.126422,0.0203296703296703,0.0692307692307692,0.208424908424908,0.326556776556777,0.0943223443223443,0.281135531135531
331273.411807,2748366.126422,0.0238095238095238,0.102197802197802,0.46007326007326,0.296153846153846,0.0663003663003663,0.0514652014652015
331773.411807,2748366.126422,0.20993766043271,0.150531719838651,0.0491382471580491,0.0881921525485882,0.0698569856985699,0.432343234323432
332273.411807,2748366.126422,0.0335164835164835,0.13974358974359,0.41025641025641,0.233516483516484,0.0421245421245421,0.140842490842491
332773.411807,2748366.126422,0.0120879120879121,0.0456043956043956,0.497252747252747,0.378571428571429,0.0487179487179487,0.0177655677655678
333273.411807,2748366.126422,0.0546387972130546,0.140630729739641,0.263476347634763,0.357352401906857,0.0315364869820315,0.152365236523652
326273.411807,2747866.126422,0.811525050467976,0.000183519911910442,0,0.00110111947146265,0.00385391815011929,0.183336391998532
326773.411807,2747866.126422,0.901705483220246,0.000183385292499542,0,0,0,0.0981111314872547
327273.411807,2747866.126422,0.880703683342496,0,0,0,0,0.119296316657504
327773.411807,2747866.126422,0.892640851532391,0,0,0,0,0.107359148467609
328273.411807,2747866.126422,0.861910874747845,0.00403447643498991,0.0143040528149642,0.00825233816247937,0.0170548322024574,0.0944434256372639
328773.411807,2747866.126422,0.501740883269196,0.0102620487447315,0.00586402785413231,0.1412864211105,0.0502107385010079,0.290635880520432
329273.411807,2747866.126422,0.106808588731877,0.0576252523398789,0.0627638098733713,0.452927142594972,0.110295467058176,0.209579739401725
329773.411807,2747866.126422,0.100678525582248,0.132220795892169,0.102512378507244,0.346414817531634,0.0863744727672841,0.23179900971942
330273.411807,2747866.126422,0.0357339197361187,0.230712845886018,0.146417445482866,0.416162726772952,0.0927249404434671,0.078248121678578
330773.411807,2747866.126422,0.0132134336575518,0.107175628555698,0.480088089557717,0.257845476234171,0.0829510001835199,0.0587263718113415
331273.411807,2747866.126422,0.055198973042362,0.0803227581147992,0.401063634696497,0.250504309554374,0.0764716669723088,0.136438657619659
331773.411807,2747866.126422,0.0729338464357706,0.117830309693971,0.101154480483782,0.238042880703683,0.070734835990471,0.399303646692322
332273.411807,2747866.126422,0.00275279867865663,0.0379886217654616,0.380620297302257,0.54340245916682,0.0297302257294917,0.00550559735731327
332773.411807,2747866.126422,0.0128369704749679,0.0412616908123968,0.481936548688795,0.41995231982395,0.0253071703649367,0.0187052998349532
333273.411807,2747866.126422,0.126259849734286,0.102253985706432,0.232728605460876,0.314458493677845,0.0685358255451713,0.155763239875389
326273.411807,2747366.126422,0.911926605504587,0,0,0.00018348623853211,0.00055045871559633,0.0873394495412844
326773.411807,2747366.126422,0.946798752522473,0.000183452577508714,0,0,0,0.0530177949000183
327273.411807,2747366.126422,0.924175824175824,0,0,0,0,0.0758241758241758
327773.411807,2747366.126422,0.526605504587156,0.0231192660550459,0.013394495412844,0.123853211009174,0.0565137614678899,0.25651376146789
328273.411807,2747366.126422,0.2168409466153,0.109154283617685,0.0810860392588516,0.266373142542653,0.110988809392772,0.215556778572739
328773.411807,2747366.126422,0.0873626373626374,0.235164835164835,0.0593406593406593,0.302930402930403,0.1,0.215201465201465
329273.411807,2747366.126422,0.0622018348623853,0.173577981651376,0.0970642201834862,0.369724770642202,0.10348623853211,0.19394495412844
329773.411807,2747366.126422,0.0442120711796001,0.210603558980004,0.16694184553293,0.339020363236103,0.0845716382315172,0.154650522839846
330273.411807,2747366.126422,0.0153846153846154,0.162637362637363,0.287728937728938,0.430586080586081,0.063003663003663,0.0406593406593407
330773.411807,2747366.126422,0.0256880733944954,0.0889908256880734,0.434311926605505,0.339266055045872,0.068256880733945,0.0434862385321101
331273.411807,2747366.126422,0.0557695835626491,0.211704274445056,0.325995230232985,0.176664832140892,0.0691616217207852,0.160704457897633
331773.411807,2747366.126422,0.0335164835164835,0.0891941391941392,0.564285714285714,0.18992673992674,0.056959706959707,0.0661172161172161
332273.411807,2747366.126422,0.00293577981651376,0.021651376146789,0.519266055045872,0.431376146788991,0.0209174311926606,0.00385321100917431
332773.411807,2747366.126422,0.00568702990277013,0.0460465969546872,0.478627774720235,0.383966244725738,0.0277013392038158,0.0579710144927536
333273.411807,2747366.126422,0.160989010989011,0.0604395604395604,0.372161172161172,0.207326007326007,0.0413919413919414,0.157692307692308
326273.411807,2746866.126422,0.508424908424908,0.0032967032967033,0.0100732600732601,0.0373626373626374,0.0258241758241758,0.415018315018315
326773.411807,2746866.126422,0.584798534798535,0.010989010989011,0.00183150183150183,0.0467032967032967,0.021978021978022,0.333699633699634
327273.411807,2746866.126422,0.466079941327466,0.0276861019435277,0.037037037037037,0.241840850751742,0.0727906123945728,0.154565456545655
327773.411807,2746866.126422,0.14981684981685,0.0507326007326007,0.0684981684981685,0.527472527472527,0.106776556776557,0.0967032967032967
328273.411807,2746866.126422,0.0556776556776557,0.0970695970695971,0.0567765567765568,0.628205128205128,0.0789377289377289,0.0833333333333333
328773.411807,2746866.126422,0.0234690135680235,0.263292995966263,0.184268426842684,0.198753208654199,0.0742574257425743,0.255958929226256
329273.411807,2746866.126422,0.0267399267399267,0.224908424908425,0.282600732600733,0.290659340659341,0.0487179487179487,0.126373626373626
329773.411807,2746866.126422,0.0496336996336996,0.0917582417582418,0.0538461538461538,0.0648351648351648,0.0626373626373626,0.677289377289377
330273.411807,2746866.126422,0.0368536853685369,0.112577924459113,0.336266960029336,0.0551888522185552,0.0397873120645398,0.419325265859919
330773.411807,2746866.126422,0.0424908424908425,0.0913919413919414,0.417948717948718,0.0891941391941392,0.0503663003663004,0.308608058608059
331273.411807,2746866.126422,0.00732600732600733,0.0690476190476191,0.665567765567766,0.162637362637363,0.0584249084249084,0.036996336996337
331773.411807,2746866.126422,0.00275027502750275,0.0973597359735974,0.684451778511184,0.130546387972131,0.0328199486615328,0.0520718738540521
332273.411807,2746866.126422,0.0010989010989011,0.032051282051282,0.628388278388278,0.312454212454212,0.021978021978022,0.00402930402930403
332773.411807,2746866.126422,0.0291208791208791,0.137545787545788,0.365750915750916,0.302564102564103,0.0496336996336996,0.115384615384615
326273.411807,2746366.126422,0.395852449990824,0.051018535511103,0.0288126261699394,0.113231785648743,0.0607450908423564,0.350339511837034
326773.411807,2746366.126422,0.281129653401797,0.0506143407298735,0,0.0524481936548689,0.04401247019989,0.571795342013571
327273.411807,2746366.126422,0.352208172988822,0.0573575224482316,0.0575407733186733,0.188565145684442,0.0758658603628367,0.268462525196995
327773.411807,2746366.126422,0.131950816663608,0.0354193429987154,0.0743255643237291,0.513121673701597,0.126995779042026,0.118186823270325
328273.411807,2746366.126422,0.0632679259123418,0.348798826334128,0.0561158995048597,0.180451127819549,0.0770218228498075,0.274344397579314
328773.411807,2746366.126422,0.07623236210372,0.171706065603812,0.301630932746931,0.297965915338098,0.0448964632582005,0.10756826094924
329273.411807,2746366.126422,0.0295467058175812,0.177280234905487,0.352358230868049,0.214901816847128,0.052303174894476,0.173609836667278
329773.411807,2746366.126422,0.0194388410049514,0.061984228864845,0.404547955253989,0.191637630662021,0.0388776820099028,0.283513662204291
330273.411807,2746366.126422,0.00623052959501558,0.0386659336631849,0.757559098405717,0.0978559648158329,0.0342679127725857,0.0654205607476635
330773.411807,2746366.126422,0.0115617544503579,0.120572582125161,0.476417691319508,0.176179115434025,0.0686364470545054,0.146632409616443
331273.411807,2746366.126422,0.00861910874747845,0.0733541169998166,0.511644966073721,0.191454245369521,0.0324591967724189,0.182468366037044
331773.411807,2746366.126422,0.015026571376214,0.155579989004948,0.51236943375481,0.107018508337915,0.0606560381161811,0.149349459409932
332273.411807,2746366.126422,0.0148651128647458,0.101853551110295,0.590383556615893,0.19489814644889,0.0300972655533125,0.0679023674068636
332773.411807,2746366.126422,0.0618008435723455,0.222629745094443,0.300935264991748,0.198606271777003,0.0462130937098845,0.169814780854575
326273.411807,2745866.126422,0.0543119266055046,0.227889908256881,0.0919266055045872,0.278715596330275,0.0998165137614679,0.247339449541284
326773.411807,2745866.126422,0.0456796917996698,0.237387635296276,0.000733810310034856,0.101449275362319,0.071179600073381,0.54356998715832
327273.411807,2745866.126422,0.119413919413919,0.0498168498168498,0,0.073992673992674,0.0542124542124542,0.702564102564103
327773.411807,2745866.126422,0.0469724770642202,0.0379816513761468,0.0915596330275229,0.534678899082569,0.105504587155963,0.183302752293578
328273.411807,2745866.126422,0.0236653824986241,0.180884241423592,0.350577875619152,0.294991744634012,0.0680609062557329,0.0818198495688864
328773.411807,2745866.126422,0.0326007326007326,0.176190476190476,0.341208791208791,0.294322344322344,0.0562271062271062,0.0994505494505494
329273.411807,2745866.126422,0.0174311926605505,0.12,0.765321100917431,0.0489908256880734,0.0211009174311927,0.0271559633027523
329773.411807,2745866.126422,0.0104567969179967,0.124013942395891,0.481012658227848,0.0554026784076316,0.0530177949000183,0.276096129150615
330273.411807,2745866.126422,0.0276556776556777,0.0822344322344322,0.448901098901099,0.1996336996337,0.0871794871794872,0.154395604395604
330773.411807,2745866.126422,0.0190825688073394,0.0915596330275229,0.440917431192661,0.121100917431193,0.0818348623853211,0.245504587155963
331273.411807,2745866.126422,0.0445789763346175,0.107870115575124,0.412768299394607,0.245092643551642,0.0632911392405063,0.126398825903504
331773.411807,2745866.126422,0.0258241758241758,0.152930402930403,0.327655677655678,0.221245421245421,0.0924908424908425,0.17985347985348
332273.411807,2745866.126422,0.0761467889908257,0.0981651376146789,0.357614678899083,0.229357798165138,0.0686238532110092,0.170091743119266
332773.411807,2745866.126422,0.125848468170978,0.150064208402128,0.230966795083471,0.252614199229499,0.0632911392405063,0.177215189873418
326273.411807,2745366.126422,0.0648351648351648,0.132967032967033,0.0111721611721612,0.259340659340659,0.130952380952381,0.400732600732601
326773.411807,2745366.126422,0.0556776556776557,0.295421245421245,0.01996336996337,0.220512820512821,0.11978021978022,0.288644688644689
327273.411807,2745366.126422,0.0388705537220389,0.331133113311331,0.00678401173450678,0.108177484415108,0.0705903923725706,0.444444444444444
327773.411807,2745366.126422,0.185347985347985,0.0681318681318681,0.063003663003663,0.205677655677656,0.119413919413919,0.358424908424908
328273.411807,2745366.126422,0.041025641025641,0.128571428571429,0.297069597069597,0.317765567765568,0.112271062271062,0.103296703296703
328773.411807,2745366.126422,0.0119178584525119,0.122845617895123,0.636046938027136,0.176751008434177,0.0388705537220389,0.0135680234690136
329273.411807,2745366.126422,0.0010989010989011,0.0745421245421245,0.797802197802198,0.0842490842490843,0.0238095238095238,0.0184981684981685
329773.411807,2745366.126422,0.00641025641025641,0.0582417582417582,0.738461538461539,0.136813186813187,0.0404761904761905,0.0195970695970696
330273.411807,2745366.126422,0.00623395672900623,0.0282361569490282,0.811514484781812,0.0955262192885955,0.030986431976531,0.0275027502750275
330773.411807,2745366.126422,0.0485347985347985,0.125457875457875,0.515567765567766,0.136813186813187,0.0489010989010989,0.124725274725275
331273.411807,2745366.126422,0.0137362637362637,0.29029304029304,0.511721611721612,0.0893772893772894,0.0168498168498168,0.078021978021978
331773.411807,2745366.126422,0.0287862119545288,0.198203153648698,0.522002200220022,0.128162816281628,0.0163182984965163,0.106527319398607
332273.411807,2745366.126422,0.0267399267399267,0.272710622710623,0.393772893772894,0.156776556776557,0.032967032967033,0.117032967032967
332773.411807,2745366.126422,0.218315018315018,0.082967032967033,0.215201465201465,0.204945054945055,0.0472527472527473,0.231318681318681
326273.411807,2744866.126422,0.659020003670398,0.034868783262984,0.00201871903101487,0.0311983850247752,0.0266103872270141,0.246283721783814
326773.411807,2744866.126422,0.0267742527049331,0.0786722904823033,0.153860260407115,0.374656152576563,0.100311754997249,0.265725288831836
327273.411807,2744866.126422,0.0439802089059923,0.167308044713212,0.308594465823713,0.231812351108668,0.0661535642294301,0.182151365218985
327773.411807,2744866.126422,0.0633143696091026,0.202422462837218,0.295650578087722,0.212332538080382,0.0890071572765645,0.137272894109011
328273.411807,2744866.126422,0.0185219145424537,0.293233082706767,0.233816247936915,0.337612323491656,0.0423620025673941,0.0744544287548139
328773.411807,2744866.126422,0.0414146967198094,0.182517866959868,0.257100971229613,0.325453545904343,0.0789811251603445,0.114531794026022
329273.411807,2744866.126422,0.00880895577170123,0.131033217104056,0.540833180400073,0.248302440814828,0.0385391815011929,0.0324830244081483
329773.411807,2744866.126422,0.0319090408949202,0.134421419402164,0.4399413167064,0.25197139189437,0.0731707317073171,0.0685860993948285
330273.411807,2744866.126422,0.049660985889683,0.17830309693971,0.410481949789262,0.215503023639362,0.0679860729338464,0.0780648708081363
330773.411807,2744866.126422,0.0389062213250138,0.127546338777757,0.69297118737383,0.0723068452927143,0.0247751881079097,0.0434942191227748
331273.411807,2744866.126422,0.017604988079956,0.245186136071887,0.610122868145975,0.0511644966073721,0.0209059233449477,0.0550155877498625
331773.411807,2744866.126422,0.00861279091075683,0.301264431006047,0.475902510536925,0.158328752061572,0.0256551218618288,0.0302363936228697
332273.411807,2744866.126422,0.009543035419343,0.326298403376766,0.220407414204441,0.255459717379336,0.0807487612405946,0.107542668379519
332773.411807,2744866.126422,0.233266092059417,0.057216211259857,0.23198239501192,0.193471483587016,0.0355767467449111,0.248487071336879
326273.411807,2744366.126422,0.693761467889908,0.041651376146789,0.0328440366972477,0.114128440366972,0.0280733944954128,0.0895412844036697
326773.411807,2744366.126422,0.0172445422858191,0.109154283617685,0.410383415886993,0.314621170427445,0.0526508897450009,0.0959456980370574
327273.411807,2744366.126422,0.0221611721611722,0.0926739926739927,0.421245421245421,0.220512820512821,0.0807692307692308,0.162637362637363
327773.411807,2744366.126422,0.0218348623853211,0.201834862385321,0.367522935779817,0.170091743119266,0.0678899082568807,0.170825688073394
328273.411807,2744366.126422,0.017978352595854,0.173913043478261,0.297743533296643,0.371858374610163,0.0880572372041827,0.0504494588148963
328773.411807,2744366.126422,0.0135531135531136,0.187912087912088,0.467582417582418,0.220512820512821,0.0435897435897436,0.0668498168498168
329273.411807,2744366.126422,0.00201834862385321,0.0247706422018349,0.824587155963303,0.106422018348624,0.0163302752293578,0.0258715596330275
329773.411807,2744366.126422,0.00220143093010457,0.109704641350211,0.667950834709228,0.170427444505595,0.028251696936342,0.0214639515685195
330273.411807,2744366.126422,0,0.0807692307692308,0.834981684981685,0.058974358974359,0.0139194139194139,0.0113553113553114
330773.411807,2744366.126422,0.00293577981651376,0.0497247706422018,0.716146788990826,0.118715596330275,0.0310091743119266,0.0814678899082569
331273.411807,2744366.126422,0.00807191341038342,0.208402128049899,0.584479911942763,0.125114657860943,0.0348559897266557,0.0390753990093561
331773.411807,2744366.126422,0.0338827838827839,0.367399267399267,0.172161172161172,0.189377289377289,0.0902930402930403,0.146886446886447
332273.411807,2744366.126422,0.0148623853211009,0.0987155963302752,0.417247706422018,0.278165137614679,0.0814678899082569,0.10954128440367
332773.411807,2744366.126422,0.0726472206934507,0.0511832691249312,0.241973949733994,0.353329664281783,0.0541185103650706,0.226747385800771
326273.411807,2743866.126422,0.0648351648351648,0.18021978021978,0.0734432234432234,0.475091575091575,0.1003663003663,0.106043956043956
326773.411807,2743866.126422,0.0353479853479853,0.165750915750916,0.210805860805861,0.448717948717949,0.0750915750915751,0.0642857142857143
327273.411807,2743866.126422,0.0185185185185185,0.132746607994133,0.22992299229923,0.432159882654932,0.101576824349102,0.0850751741840851
327773.411807,2743866.126422,0.0194139194139194,0.0364468864468864,0.556593406593407,0.321062271062271,0.0456043956043956,0.0208791208791209
328273.411807,2743866.126422,0.000549450549450549,0.0934065934065934,0.772161172161172,0.117399267399267,0.00897435897435897,0.00750915750915751
328773.411807,2743866.126422,0.00641730839750642,0.0581224789145581,0.714338100476714,0.180601393472681,0.0267693436010268,0.0137513751375138
329273.411807,2743866.126422,0.0168498168498168,0.0787545787545788,0.642490842490843,0.21025641025641,0.0331501831501832,0.0184981684981685
329773.411807,2743866.126422,0.0269230769230769,0.108791208791209,0.61996336996337,0.176007326007326,0.026007326007326,0.0423076923076923
330273.411807,2743866.126422,0.0168683535020169,0.15016501650165,0.532636596993033,0.211954528786212,0.0487715438210488,0.0396039603960396
330773.411807,2743866.126422,0.0043956043956044,0.0864468864468864,0.735714285714286,0.14010989010989,0.0161172161172161,0.0172161172161172
331273.411807,2743866.126422,0.00824175824175824,0.0706959706959707,0.76978021978022,0.0897435897435897,0.0194139194139194,0.0421245421245421
331773.411807,2743866.126422,0.022002200220022,0.226439310597726,0.349468280161349,0.144664466446645,0.0793912724605794,0.178034470113678
332273.411807,2743866.126422,0.0172161172161172,0.1,0.333333333333333,0.256593406593407,0.0873626373626374,0.205494505494505
332773.411807,2743866.126422,0.0313186813186813,0.0750915750915751,0.243406593406593,0.407875457875458,0.091025641025641,0.151282051282051
326273.411807,2743366.126422,0.254909157643604,0.205358781427785,0.057258212516058,0.377133418975959,0.0273444668746559,0.077995962561938
326773.411807,2743366.126422,0.0121034293049697,0.102328993214744,0.305519897304236,0.492206125068769,0.053181734824867,0.0346598202824134
327273.411807,2743366.126422,0.0355506688656771,0.102803738317757,0.271577789994502,0.372732270478285,0.0883269195528679,0.129008612790911
327773.411807,2743366.126422,0,0.0585428518994311,0.710956138741053,0.191227748210681,0.0211047898697009,0.0181684712791338
328273.411807,2743366.126422,0.00165046763249587,0.0302585732624244,0.822666422152943,0.141206675224647,0.00311754997249221,0.00110031175499725
328773.411807,2743366.126422,0.0144768187648891,0.168224299065421,0.526296499908375,0.234744365035734,0.0357339197361187,0.0205240974894631
329273.411807,2743366.126422,0.00880895577170123,0.0594604514589833,0.688383189576069,0.181501192879427,0.0403743806202973,0.0214718296935217
329773.411807,2743366.126422,0.0493306436823767,0.120667522464698,0.481019622226297,0.214377406931964,0.0678525582248304,0.0667522464698331
330273.411807,2743366.126422,0.0335349092908191,0.107934762690123,0.506138904159795,0.220084295400403,0.0584570276708814,0.0738501007879787
330773.411807,2743366.126422,0.00550559735731327,0.0691870067902367,0.786015782712424,0.106441548908057,0.0117452743622683,0.0211047898697009
331273.411807,2743366.126422,0.0210893086374473,0.057582981844856,0.792591234183018,0.079589216944801,0.0328259673574179,0.0163212910324592
331773.411807,2743366.126422,0.0392156862745098,0.263698002565512,0.233461608942642,0.198827194429174,0.0668865677111966,0.197910940076965
332273.411807,2743366.126422,0.0583593319875206,0.117636263534593,0.333822719765095,0.248485960726739,0.0590934116351624,0.18260231235089
332773.411807,2743366.126422,0.0183385292499542,0.0311754997249221,0.370621676141573,0.393178067119017,0.0799559875298001,0.106730240234733
326273.411807,2742866.126422,0.00954128440366972,0.126238532110092,0.225688073394495,0.575412844036697,0.0388990825688073,0.0242201834862385
326773.411807,2742866.126422,0.00476976701522656,0.204366171344707,0.405980554026784,0.343056319941295,0.0273344340487984,0.0144927536231884
327273.411807,2742866.126422,0.0142857142857143,0.148351648351648,0.319230769230769,0.416300366300366,0.0600732600732601,0.0417582417582418
327773.411807,2742866.126422,0.023302752293578,0.194311926605505,0.36,0.328990825688073,0.0462385321100917,0.0471559633027523
328273.411807,2742866.126422,0.00733810310034856,0.094294624839479,0.46927169326729,0.344890845716382,0.0407264722069345,0.0434782608695652
328773.411807,2742866.126422,0.0102564102564103,0.110622710622711,0.676739926739927,0.14029304029304,0.0195970695970696,0.0424908424908425
329273.411807,2742866.126422,0.0141284403669725,0.0425688073394495,0.602201834862385,0.276697247706422,0.0478899082568807,0.0165137614678899
329773.411807,2742866.126422,0.0091726288754357,0.0882406897816914,0.717666483214089,0.135388002201431,0.0254999082737112,0.0240322876536415
330273.411807,2742866.126422,0.0238095238095238,0.045970695970696,0.769047619047619,0.124358974358974,0.0192307692307692,0.0175824175824176
330773.411807,2742866.126422,0.00422018348623853,0.0871559633027523,0.741100917431193,0.100917431192661,0.0322935779816514,0.0343119266055046
331273.411807,2742866.126422,0.0221977618785544,0.0421940928270042,0.727389469822051,0.140891579526692,0.0467804072647221,0.020546688680976
331773.411807,2742866.126422,0.0434065934065934,0.128021978021978,0.487545787545788,0.215567765567766,0.0591575091575092,0.0663003663003663
332273.411807,2742866.126422,0.013394495412844,0.150825688073394,0.334311926605505,0.301284403669725,0.0805504587155963,0.119633027522936
326273.411807,2742366.126422,0.00860805860805861,0.248717948717949,0.353113553113553,0.309157509157509,0.0351648351648352,0.0452380952380952
326773.411807,2742366.126422,0.0706959706959707,0.0963369963369963,0.0842490842490843,0.464835164835165,0.116300366300366,0.167582417582418
327273.411807,2742366.126422,0.0339200586725339,0.0843417675100843,0.308397506417308,0.437843784378438,0.0748074807480748,0.0606894022735607
327773.411807,2742366.126422,0.026007326007326,0.18003663003663,0.302380952380952,0.388278388278388,0.0602564102564103,0.043040293040293
328273.411807,2742366.126422,0.0139194139194139,0.0641025641025641,0.538095238095238,0.336080586080586,0.0340659340659341,0.0137362637362637
328773.411807,2742366.126422,0.00348368170150348,0.0757242390905757,0.676384305097176,0.19013568023469,0.0306197286395306,0.0236523652365237
329273.411807,2742366.126422,0.0161172161172161,0.123076923076923,0.563919413919414,0.21007326007326,0.0591575091575092,0.0276556776556777
329773.411807,2742366.126422,0.00641025641025641,0.045970695970696,0.832234432234432,0.0758241758241758,0.0210622710622711,0.0184981684981685
330273.411807,2742366.126422,0.0218188485515218,0.0806747341400807,0.672167216721672,0.147048038137147,0.0403373670700403,0.037953795379538
330773.411807,2742366.126422,0.0148351648351648,0.133150183150183,0.636080586080586,0.146336996336996,0.0446886446886447,0.0249084249084249
331273.411807,2742366.126422,0.00274725274725275,0.0228937728937729,0.842124542124542,0.065018315018315,0.0210622710622711,0.0461538461538462
331773.411807,2742366.126422,0.0102676934360103,0.222772277227723,0.598276494316098,0.125045837917125,0.0232856618995233,0.0203520352035204
332273.411807,2742366.126422,0.0335164835164835,0.157326007326007,0.44010989010989,0.152930402930403,0.0340659340659341,0.182051282051282
326273.411807,2741866.126422,0.0130299137456414,0.13690585428519,0.32372912461002,0.405395485410167,0.0750596439713709,0.0458799779776106
326773.411807,2741866.126422,0.0254905556574363,0.0656519347148359,0.299284797359252,0.463231248853842,0.0830735375022923,0.0632679259123418
327273.411807,2741866.126422,0.0218068535825545,0.185816382627817,0.297965915338098,0.375481033534909,0.0549752611324904,0.0639545537841305
327773.411807,2741866.126422,0.0144980730409249,0.0502844558634612,0.460084419159479,0.396586529638466,0.0423930996513122,0.0361534226463571
328273.411807,2741866.126422,0.0124701998899688,0.0513478818998716,0.67595818815331,0.197872730607005,0.0397946084724005,0.0225563909774436
328773.411807,2741866.126422,0.00568077698369067,0.101520982224666,0.553417628733736,0.272860546087594,0.0465457210921752,0.0199743448781382
329273.411807,2741866.126422,0.00403743806202973,0.134887135254175,0.566893007891356,0.237107726188291,0.0368875022939989,0.0201871903101487
329773.411807,2741866.126422,0.00128369704749679,0.114615807812213,0.649550706033376,0.184485604254539,0.0335595085274161,0.0165046763249587
330273.411807,2741866.126422,0.0163093274693055,0.140736668499175,0.650723840938244,0.152831225948323,0.0280373831775701,0.0113615539673813
330773.411807,2741866.126422,0.000367039823820885,0.134153055606533,0.827858322628005,0.0334006239677005,0.00275279867865663,0.00146815929528354
