"x","y","forest","agri","water","built","other","grass"
288273.411807,2765366.126422,0.860622710622711,0.000183150183150183,0,0.000366300366300366,0.00164835164835165,0.137179487179487
288773.411807,2765366.126422,0.881467889908257,0.00110091743119266,0,0.00293577981651376,0.00587155963302752,0.108623853211009
289273.411807,2765366.126422,0.838561731792332,0.00146762062006971,0,0.00220143093010457,0.00183452577508714,0.155934690882407
289773.411807,2765366.126422,0.877838827838828,0.00128205128205128,0,0.00238095238095238,0.00164835164835165,0.116849816849817
290273.411807,2765366.126422,0.896880733944954,0,0,0.0018348623853211,0.00697247706422018,0.0943119266055046
290773.411807,2765366.126422,0.819849568886443,0,0,0.00752155567785727,0.0170610897083104,0.155567785727389
291273.411807,2765366.126422,0.734249084249084,0.00256410256410256,0,0.0126373626373626,0.0434065934065934,0.207142857142857
291773.411807,2765366.126422,0.639633027522936,0.0036697247706422,0.00073394495412844,0.0348623853211009,0.0361467889908257,0.284954128440367
292273.411807,2765366.126422,0.138506696019079,0.0146762062006971,0.00862227114290956,0.508163639699138,0.129150614566135,0.200880572372042
292773.411807,2765366.126422,0.0122710622710623,0.00732600732600733,0.0173992673992674,0.914102564102564,0.0437728937728938,0.00512820512820513
293273.411807,2765366.126422,0.0840366972477064,0.0238532110091743,0.0141284403669725,0.634678899082569,0.102201834862385,0.141100917431193
293773.411807,2765366.126422,0.121629058888277,0.0165107319757843,0.0240322876536415,0.53494771601541,0.134654191891396,0.168226013575491
294273.411807,2765366.126422,0.065018315018315,0.0338827838827839,0.147435897435897,0.123992673992674,0.0335164835164835,0.596153846153846
294773.411807,2765366.126422,0.0319266055045872,0.0247706422018349,0.108256880733945,0.625137614678899,0.110825688073394,0.0990825688073395
295273.411807,2765366.126422,0.0948449825720051,0.0548523206751055,0.0521005320124748,0.558980003669052,0.111722619702807,0.127499541368556
295773.411807,2765366.126422,0.0465201465201465,0.0205128205128205,0.0672161172161172,0.762820512820513,0.0683150183150183,0.0346153846153846
296273.411807,2765366.126422,0.0365137614678899,0.0170642201834862,0.0436697247706422,0.84,0.0440366972477064,0.0187155963302752
296773.411807,2765366.126422,0.0761328196661163,0.0486149330398092,0.0709961474958723,0.716198862594019,0.0563199412951752,0.0317372959090075
297273.411807,2765366.126422,0.121611721611722,0.0324175824175824,0.0111721611721612,0.652747252747253,0.0769230769230769,0.105128205128205
297773.411807,2765366.126422,0.352844036697248,0.00807339449541284,0.00165137614678899,0.238532110091743,0.0627522935779816,0.336146788990826
298273.411807,2765366.126422,0.344523940561365,0.0177949000183453,0.0152265639332233,0.438268207668318,0.0719134103834159,0.112272977435333
298773.411807,2765366.126422,0.0135531135531136,0.0148351648351648,0.00897435897435897,0.897252747252747,0.0534798534798535,0.0119047619047619
299273.411807,2765366.126422,0.0196330275229358,0.015045871559633,0.0374311926605505,0.875963302752294,0.0387155963302752,0.0132110091743119
299773.411807,2765366.126422,0.0449458814896349,0.0291689598238855,0.0355898000366905,0.794349660612732,0.0770500825536599,0.0188956154833975
300273.411807,2765366.126422,0.0761904761904762,0.0252747252747253,0.0434065934065934,0.724358974358974,0.0732600732600733,0.0575091575091575
288273.411807,2764866.126422,0.762559589292263,0.00201686835350202,0,0.022002200220022,0.0335533553355336,0.17986798679868
288773.411807,2764866.126422,0.694871794871795,0.00457875457875458,0,0.0104395604395604,0.0139194139194139,0.276190476190476
289273.411807,2764866.126422,0.770879120879121,0,0,0.0043956043956044,0.00512820512820513,0.21959706959707
289773.411807,2764866.126422,0.889255592225889,0.000366703337000367,0,0.0033003300330033,0.00641730839750642,0.100660066006601
290273.411807,2764866.126422,0.870695970695971,0,0,0.000183150183150183,0.000549450549450549,0.128571428571429
290773.411807,2764866.126422,0.783516483516484,0.000549450549450549,0,0.00824175824175824,0.023992673992674,0.183699633699634
291273.411807,2764866.126422,0.583425009167583,0.00623395672900623,0.000183351668500183,0.146864686468647,0.10982764943161,0.153465346534653
291773.411807,2764866.126422,0.751282051282051,0.00622710622710623,0.00146520146520147,0.0250915750915751,0.0434065934065934,0.172527472527473
292273.411807,2764866.126422,0.093040293040293,0.0128205128205128,0.0157509157509158,0.743772893772894,0.0978021978021978,0.0368131868131868
292773.411807,2764866.126422,0.0451045104510451,0.0174184085075174,0.0339200586725339,0.83975064173084,0.0458379171250458,0.017968463513018
293273.411807,2764866.126422,0.0454212454212454,0.0155677655677656,0.0206959706959707,0.828021978021978,0.0661172161172161,0.0241758241758242
293773.411807,2764866.126422,0.028021978021978,0.0192307692307692,0.0119047619047619,0.735347985347985,0.0879120879120879,0.117582417582418
294273.411807,2764866.126422,0.00403373670700403,0.0152181884855152,0.136413641364136,0.0533553355335534,0.0676567656765677,0.723322332233223
294773.411807,2764866.126422,0.128754578754579,0.0336996336996337,0.0267399267399267,0.346336996336996,0.217399267399267,0.247069597069597
295273.411807,2764866.126422,0.148717948717949,0.0452380952380952,0.0152014652014652,0.461904761904762,0.0978021978021978,0.231135531135531
295773.411807,2764866.126422,0.147231389805647,0.0720572057205721,0.0308030803080308,0.47011367803447,0.0991932526585992,0.180601393472681
296273.411807,2764866.126422,0.0474358974358974,0.0249084249084249,0.0148351648351648,0.753846153846154,0.0816849816849817,0.0772893772893773
296773.411807,2764866.126422,0.143956043956044,0.0626373626373626,0.0131868131868132,0.47948717948718,0.122161172161172,0.178571428571429
297273.411807,2764866.126422,0.028969563623029,0.00678401173450678,0.0212687935460213,0.896773010634397,0.0231023102310231,0.0231023102310231
297773.411807,2764866.126422,0.13992673992674,0.0179487179487179,0.00604395604395604,0.553296703296703,0.130769230769231,0.152014652014652
298273.411807,2764866.126422,0.354761904761905,0.0124542124542125,0.00769230769230769,0.232051282051282,0.122710622710623,0.27032967032967
298773.411807,2764866.126422,0.131463146314631,0.03997066373304,0.0401540154015402,0.354235423542354,0.111111111111111,0.323065639897323
299273.411807,2764866.126422,0.356776556776557,0.0245421245421245,0.01996336996337,0.308241758241758,0.104945054945055,0.185531135531136
299773.411807,2764866.126422,0.0921245421245421,0.0357142857142857,0.0384615384615385,0.688278388278388,0.0976190476190476,0.0478021978021978
300273.411807,2764866.126422,0.456362302896956,0.026952695269527,0.0412541254125413,0.357352401906857,0.055005500550055,0.0630729739640631
288273.411807,2764366.126422,0.873740150265714,0.00128275609309144,0,0.00128275609309144,0.00403151914971596,0.119662818398387
288773.411807,2764366.126422,0.924022756469077,0,0,0.000550559735731327,0.000367039823820885,0.0750596439713709
289273.411807,2764366.126422,0.864478268842839,0.000733541169998166,0,0.00403447643498991,0.00275077938749312,0.12800293416468
289773.411807,2764366.126422,0.787428990287704,0.000549752611324904,0,0.00256551218618288,0.00751328568810702,0.201942459226681
290273.411807,2764366.126422,0.828225362451826,0.00110111947146265,0,0.00183519911910442,0.00458799779776106,0.164250321159846
290773.411807,2764366.126422,0.913075371355217,0,0,0.00165046763249587,0.00330093526499175,0.0819732257472951
291273.411807,2764366.126422,0.833424958768554,0.00164925783397471,0.000183250870441635,0.00549752611324904,0.00659703133589885,0.152647975077882
291773.411807,2764366.126422,0.2864745824922,0.0249587080198202,0.0273444668746559,0.515507432556432,0.0939621948981464,0.0517526151587447
292273.411807,2764366.126422,0.0179717586649551,0.00550155877498625,0.0251237850724372,0.89620392444526,0.0518980377773703,0.00330093526499175
292773.411807,2764366.126422,0.0492944841487997,0.0263881253435954,0.0320689023272861,0.717610408649441,0.125893347993403,0.0487447315374748
293273.411807,2764366.126422,0.0622132501376399,0.0146815929528354,0.0178014314553129,0.850981831528721,0.0335841438796109,0.02073775004588
293773.411807,2764366.126422,0.0889418668622776,0.0166880616174583,0.119383825417202,0.346414817531634,0.156611039794608,0.27196038877682
294273.411807,2764366.126422,0.0166758292101887,0.0419644493311343,0.112699285321605,0.100421477002016,0.0914421843503757,0.63679677478468
294773.411807,2764366.126422,0.0324830244081483,0.017434391631492,0.0104606349788952,0.812075610203707,0.0721233253808038,0.0554230133969536
295273.411807,2764366.126422,0.0423620025673941,0.0137538969374656,0.0282413350449294,0.795158628278012,0.0770218228498075,0.0434623143223913
295773.411807,2764366.126422,0.07623236210372,0.0366501740883269,0.0280373831775701,0.764889133223383,0.0733003481766538,0.0208905992303463
296273.411807,2764366.126422,0.108276748027161,0.0429436593870435,0.0394567810607451,0.642870251422279,0.103321710405579,0.0631308496971921
296773.411807,2764366.126422,0.0700531817348249,0.0245736291949386,0.0915092609572712,0.666238767650834,0.109664404914726,0.0379607555474051
297273.411807,2764366.126422,0.00934579439252336,0.00714678394722375,0.0181418361737218,0.925600146600696,0.0333516584203775,0.00641378046545721
297773.411807,2764366.126422,0.167370159662323,0.036520462470178,0.0526702147182969,0.550009175995596,0.0983666727839971,0.0950633143696091
298273.411807,2764366.126422,0.651567944250871,0.0124701998899688,0.0524481936548689,0.0293416467999266,0.050797726022373,0.203374289381992
298773.411807,2764366.126422,0.328568810701851,0.0307861462341946,0.00751328568810702,0.255451713395639,0.108118013560564,0.269562030419644
299273.411807,2764366.126422,0.391447972104973,0.0137639933932832,0.0231235089007157,0.230133969535695,0.118553863094146,0.222976692971187
299773.411807,2764366.126422,0.556757748028608,0.0163212910324592,0.00861910874747845,0.17201540436457,0.100861910874748,0.145424536952136
300273.411807,2764366.126422,0.774601429356789,0.011544804837823,0.00769653655854865,0.0657870624885468,0.0392156862745098,0.101154480483782
288273.411807,2763866.126422,0.897985347985348,0.00146520146520147,0,0.00311355311355311,0.00384615384615385,0.0935897435897436
288773.411807,2763866.126422,0.941284403669725,0,0,0,0.00110091743119266,0.0576146788990826
289273.411807,2763866.126422,0.828471840029352,0.00091726288754357,0,0.016694184553293,0.0216474041460283,0.132269308383783
289773.411807,2763866.126422,0.978021978021978,0,0,0,0,0.021978021978022
290273.411807,2763866.126422,0.834311926605505,0.00073394495412844,0,0.00917431192660551,0.0179816513761468,0.137798165137615
290773.411807,2763866.126422,0.769400110071547,0.00403595670519171,0.000733810310034856,0.0821867547239039,0.0475142175747569,0.0961291506145661
291273.411807,2763866.126422,0.479120879120879,0.00769230769230769,0.0128205128205128,0.33021978021978,0.0457875457875458,0.124358974358974
291773.411807,2763866.126422,0.023302752293578,0.00844036697247706,0.0255045871559633,0.873211009174312,0.0645871559633028,0.00495412844036697
292273.411807,2763866.126422,0.0676940011007155,0.0117409649605577,0.014125848468171,0.775270592551825,0.0957622454595487,0.0354063474591818
292773.411807,2763866.126422,0.0794871794871795,0.0289377289377289,0.0188644688644689,0.723076923076923,0.0957875457875458,0.0538461538461538
293273.411807,2763866.126422,0.164036697247706,0.0146788990825688,0.0198165137614679,0.456330275229358,0.143853211009174,0.201284403669725
293773.411807,2763866.126422,0.0607228031553843,0.13979086406164,0.295909007521556,0.0423775454045129,0.0726472206934507,0.388552559163456
294273.411807,2763866.126422,0.0496336996336996,0.0399267399267399,0.0584249084249084,0.27051282051282,0.116483516483516,0.465018315018315
294773.411807,2763866.126422,0.0855045871559633,0.103669724770642,0.0122935779816514,0.611743119266055,0.10256880733945,0.0842201834862385
295273.411807,2763866.126422,0.0812694918363603,0.156118143459916,0.0651256650155935,0.43936892313337,0.10273344340488,0.155384333149881
295773.411807,2763866.126422,0.114835164835165,0.110989010989011,0.0311355311355311,0.574358974358974,0.112271062271062,0.0564102564102564
296273.411807,2763866.126422,0.095045871559633,0.0539449541284404,0.0737614678899083,0.631376146788991,0.0897247706422018,0.0561467889908257
296773.411807,2763866.126422,0.182902219776188,0.0469638598422308,0.0522839845899835,0.443771784993579,0.100348559897267,0.173729590900752
297273.411807,2763866.126422,0.195787545787546,0.0225274725274725,0.0736263736263736,0.444139194139194,0.086996336996337,0.176923076923077
297773.411807,2763866.126422,0.561284403669725,0.0172477064220183,0.0577981651376147,0.093394495412844,0.0344954128440367,0.235779816513761
298273.411807,2763866.126422,0.738580077050083,0.00275178866263071,0,0.0126582278481013,0.0161438268207668,0.229866079618419
298773.411807,2763866.126422,0.650915750915751,0.00604395604395604,0.0131868131868132,0.058974358974359,0.0576923076923077,0.213186813186813
299273.411807,2763866.126422,0.642752293577982,0.011743119266055,0.018348623853211,0.112293577981651,0.0594495412844037,0.155412844036697
299773.411807,2763866.126422,0.628141625389837,0.0108237020730141,0.00770500825536599,0.0766831773986425,0.107686662997615,0.168959823885526
300273.411807,2763866.126422,0.803663003663004,0.0010989010989011,0,0.0307692307692308,0.0311355311355311,0.133333333333333
288273.411807,2763366.126422,0.903557022368904,0.000183351668500183,0,0.000366703337000367,0.00201686835350202,0.0938760542720939
288773.411807,2763366.126422,0.946336996336996,0,0,0,0.000366300366300366,0.0532967032967033
289273.411807,2763366.126422,0.857692307692308,0.000183150183150183,0,0.00476190476190476,0.00824175824175824,0.129120879120879
289773.411807,2763366.126422,0.904840484048405,0.00238357169050238,0,0.000916758342500917,0.00256692335900257,0.0892922625595893
290273.411807,2763366.126422,0.366117216117216,0.0388278388278388,0,0.0278388278388278,0.0681318681318681,0.499084249084249
290773.411807,2763366.126422,0.162454212454212,0.0360805860805861,0.0173992673992674,0.576373626373626,0.0858974358974359,0.121794871794872
291273.411807,2763366.126422,0.0355702236890356,0.00953428676200953,0.00898423175650898,0.832966629996333,0.0760909424275761,0.0368536853685369
291773.411807,2763366.126422,0.0333333333333333,0.0228937728937729,0.00769230769230769,0.743223443223443,0.0928571428571429,0.1
292273.411807,2763366.126422,0.0223443223443223,0.0362637362637363,0.00238095238095238,0.806593406593407,0.0483516483516484,0.0840659340659341
292773.411807,2763366.126422,0.0947928126145948,0.0594059405940594,0.000183351668500183,0.411807847451412,0.13036303630363,0.303447011367803
293273.411807,2763366.126422,0.0886446886446886,0.0117216117216117,0.288278388278388,0.0642857142857143,0.0683150183150183,0.478754578754579
293773.411807,2763366.126422,0.0628205128205128,0.0373626373626374,0.0771062271062271,0.0902930402930403,0.0426739926739927,0.68974358974359
294273.411807,2763366.126422,0.108177484415108,0.0715071507150715,0.0854418775210854,0.485148514851485,0.113311331133113,0.136413641364136
294773.411807,2763366.126422,0.052014652014652,0.060989010989011,0.00842490842490842,0.754945054945055,0.101831501831502,0.0217948717948718
295273.411807,2763366.126422,0.184065934065934,0.245238095238095,0.00531135531135531,0.362820512820513,0.16043956043956,0.0421245421245421
295773.411807,2763366.126422,0.280711404473781,0.0434543454345435,0.0333700036670334,0.4002566923359,0.107077374404107,0.135130179684635
296273.411807,2763366.126422,0.126923076923077,0.206227106227106,0.0177655677655678,0.442307692307692,0.0932234432234432,0.113553113553114
296773.411807,2763366.126422,0.26978021978022,0.0173992673992674,0.0602564102564103,0.398351648351648,0.0836996336996337,0.170512820512821
297273.411807,2763366.126422,0.344151081774844,0.0188852218555189,0.0531719838650532,0.336266960029336,0.113311331133113,0.134213421342134
297773.411807,2763366.126422,0.431135531135531,0.0141025641025641,0.00311355311355311,0.29981684981685,0.0917582417582418,0.16007326007326
298273.411807,2763366.126422,0.882783882783883,0.00256410256410256,0,0.0021978021978022,0.0043956043956044,0.108058608058608
298773.411807,2763366.126422,0.711404473780711,0.00421708837550422,0,0.037953795379538,0.0621562156215622,0.184268426842684
299273.411807,2763366.126422,0.801098901098901,0.00256410256410256,0,0.0214285714285714,0.0212454212454212,0.153663003663004
299773.411807,2763366.126422,0.455128205128205,0.00952380952380952,0.0010989010989011,0.167582417582418,0.214835164835165,0.151831501831502
300273.411807,2763366.126422,0.571140447378071,0.00971763843050972,0.00055005500550055,0.115694902823616,0.0916758342500917,0.211221122112211
288273.411807,2762866.126422,0.825178669598681,0.00146600696353308,0.000366501740883269,0.0119113065787062,0.01905809052593,0.142019424592267
288773.411807,2762866.126422,0.90053220774454,0,0,0.000367039823820885,0,0.0991007524316388
289273.411807,2762866.126422,0.653218411883367,0.0104529616724739,0.00256739409499358,0.0630845406198423,0.101778837337246,0.168897854392078
289773.411807,2762866.126422,0.367967747846802,0.0104452996151732,0.0142935678944475,0.346893897746014,0.118929814916621,0.141469671980942
290273.411807,2762866.126422,0.129198017984951,0.0334006239677005,0.00495503762158194,0.610203707102221,0.122040741420444,0.100201871903101
290773.411807,2762866.126422,0.0405281496423987,0.0075187969924812,0.0203557674674491,0.808545754630479,0.0843572345497891,0.0386942967174033
291273.411807,2762866.126422,0.0566245189664651,0.0234561114165292,0.0302363936228697,0.665017408832692,0.0896096756459593,0.135055891515485
291773.411807,2762866.126422,0.126445219306295,0.0249587080198202,0.017434391631492,0.39842172875757,0.106992108643788,0.325747843641035
292273.411807,2762866.126422,0.122134604804695,0.0368604437924078,0.00788556757748029,0.420869246286448,0.116999816614707,0.295250320924262
292773.411807,2762866.126422,0.120579072750596,0.222100054975261,0.0610225398570643,0.0309693971046362,0.0384826827927433,0.5268462525197
293273.411807,2762866.126422,0.0890071572765645,0.134703615342265,0.145531290144981,0.0291796659937603,0.0165167920719398,0.58506147917049
293773.411807,2762866.126422,0.0353933614524115,0.0520814230698698,0.0753713552173116,0.623509994498441,0.0651017788373372,0.148542086924629
294273.411807,2762866.126422,0.0328019058090526,0.0232728605460876,0.00696353307678211,0.89463074949606,0.032618654938611,0.00971229613340663
294773.411807,2762866.126422,0.168287759221876,0.0205542301339695,0.0300972655533125,0.569095246834281,0.112681225913012,0.0992842723435493
295273.411807,2762866.126422,0.484320557491289,0.0253071703649367,0.0203557674674491,0.15606088391711,0.0641848523748395,0.249770768384376
295773.411807,2762866.126422,0.49441084845153,0.009529045262965,0.00568077698369067,0.115631299248671,0.0951072017592084,0.279640828293934
296273.411807,2762866.126422,0.2864745824922,0.0697375665259681,0.0315654248485961,0.387961093778675,0.0818498807120573,0.142411451642503
296773.411807,2762866.126422,0.780304419585549,0.00898587933247754,0,0.0399779937649001,0.0227397762699432,0.14799193104713
297273.411807,2762866.126422,0.879604178119846,0.0102620487447315,0,0.0053142752428074,0.00183250870441635,0.102986989188199
297773.411807,2762866.126422,0.814461369058543,0.00238575885483575,0,0.0258763075793724,0.0141310332171041,0.143145531290145
298273.411807,2762866.126422,0.774986246103063,0.00513478818998716,0.00366770584999083,0.0482303319273794,0.0168714469099578,0.151109481019622
298773.411807,2762866.126422,0.75224482316291,0.00311526479750779,0,0.0273043796958036,0.0278541323071285,0.18948140003665
299273.411807,2762866.126422,0.73848412552762,0.00495503762158194,0.00275279867865663,0.0256927876674619,0.0390897412369242,0.189025509267756
299773.411807,2762866.126422,0.712451861360719,0.013203741059967,0.00128369704749679,0.0179717586649551,0.0293416467999266,0.225747295066936
300273.411807,2762866.126422,0.654572109217519,0.0298698918819864,0.017042330951072,0.0778816199376947,0.049660985889683,0.170973062122045
288273.411807,2762366.126422,0.650732600732601,0.0360805860805861,0.00256410256410256,0.0597069597069597,0.0615384615384615,0.189377289377289
288773.411807,2762366.126422,0.561100917431193,0.0146788990825688,0.00018348623853211,0.107155963302752,0.0862385321100917,0.230642201834862
289273.411807,2762366.126422,0.197761878554394,0.0183452577508714,0.0100898917629793,0.178499357915979,0.166024582645386,0.429279031370391
289773.411807,2762366.126422,0.0686813186813187,0.0642857142857143,0.0206959706959707,0.455677655677656,0.0826007326007326,0.308058608058608
290273.411807,2762366.126422,0.0488073394495413,0.137247706422018,0.00605504587155963,0.595412844036697,0.104770642201835,0.107706422018349
290773.411807,2762366.126422,0.0348559897266557,0.0590717299578059,0.0862227114290956,0.458998348926802,0.133186571271326,0.227664648688314
291273.411807,2762366.126422,0.0474358974358974,0.0664835164835165,0.0684981684981685,0.313736263736264,0.203846153846154,0.3
291773.411807,2762366.126422,0.00422018348623853,0.186422018348624,0.078348623853211,0.216880733944954,0.0858715596330275,0.428256880733945
292273.411807,2762366.126422,0.0199963309484498,0.186754723903871,0.229866079618419,0.0291689598238855,0.016694184553293,0.517519721152082
292773.411807,2762366.126422,0.119413919413919,0.17032967032967,0.137912087912088,0.320695970695971,0.10989010989011,0.141758241758242
293273.411807,2762366.126422,0.0655045871559633,0.0225688073394495,0.0304587155963303,0.67651376146789,0.129724770642202,0.0752293577981651
293773.411807,2762366.126422,0.218492019812878,0.0236653824986241,0.0188956154833975,0.480278847917813,0.112089524857824,0.146578609429462
294273.411807,2762366.126422,0.0663003663003663,0.00989010989010989,0.0415750915750916,0.752930402930403,0.0965201465201465,0.0327838827838828
294773.411807,2762366.126422,0.159633027522936,0.0280733944954128,0.0179816513761468,0.404036697247706,0.0928440366972477,0.29743119266055
295273.411807,2762366.126422,0.293340671436434,0.0209135938359934,0.00348559897266557,0.17409649605577,0.130618235186204,0.377545404512933
295773.411807,2762366.126422,0.7003663003663,0.00567765567765568,0.00347985347985348,0.023992673992674,0.0456043956043956,0.220879120879121
296273.411807,2762366.126422,0.492110091743119,0.0203669724770642,0.00513761467889908,0.181284403669725,0.115412844036697,0.185688073394495
296773.411807,2762366.126422,0.768299394606494,0.00366905155017428,0,0.00495321959273528,0.00843881856540084,0.214639515685195
297273.411807,2762366.126422,0.932783882783883,0.0010989010989011,0,0,0.000366300366300366,0.0657509157509158
297773.411807,2762366.126422,0.851743119266055,0.00055045871559633,0,0.00128440366972477,0.0055045871559633,0.140917431192661
298273.411807,2762366.126422,0.825353146211704,0.00091726288754357,0,0.00495321959273528,0.00843881856540084,0.160337552742616
298773.411807,2762366.126422,0.853113553113553,0.0043956043956044,0,0.00183150183150183,0.0043956043956044,0.136263736263736
299273.411807,2762366.126422,0.744587155963303,0.00623853211009174,0,0.00917431192660551,0.0128440366972477,0.227155963302752
299773.411807,2762366.126422,0.921665749403779,0.0209135938359934,0.00421940928270042,0.00605393505778756,0.0150431113557145,0.032104201064025
300273.411807,2762366.126422,0.930769230769231,0.000366300366300366,0,0,0,0.0688644688644689
288273.411807,2761866.126422,0.404473780711404,0.0315364869820315,0.00733406674000733,0.041987532086542,0.0727906123945728,0.441877521085442
288773.411807,2761866.126422,0.0677655677655678,0.0705128205128205,0.0010989010989011,0.0360805860805861,0.0318681318681319,0.792673992673993
289273.411807,2761866.126422,0.0565934065934066,0.194322344322344,0.113736263736264,0.123076923076923,0.0206959706959707,0.491575091575092
289773.411807,2761866.126422,0.0300696736340301,0.152915291529153,0.133296662999633,0.512284561789512,0.099009900990099,0.0724239090575724
290273.411807,2761866.126422,0.0749084249084249,0.2003663003663,0.00769230769230769,0.357142857142857,0.164835164835165,0.195054945054945
290773.411807,2761866.126422,0.0965201465201465,0.0380952380952381,0.0184981684981685,0.26007326007326,0.101465201465201,0.485347985347985
291273.411807,2761866.126422,0.154932159882655,0.0401540154015402,0.055005500550055,0.104693802713605,0.13036303630363,0.514851485148515
291773.411807,2761866.126422,0.0126373626373626,0.0230769230769231,0.00824175824175824,0.318864468864469,0.0712454212454212,0.565934065934066
292273.411807,2761866.126422,0.0126373626373626,0.039010989010989,0.0225274725274725,0.756776556776557,0.112087912087912,0.056959706959707
292773.411807,2761866.126422,0.035020168683535,0.0166850018335167,0.0275027502750275,0.82031536486982,0.085991932526586,0.0144847818115145
293273.411807,2761866.126422,0.0663003663003663,0.0412087912087912,0.0243589743589744,0.665201465201465,0.117399267399267,0.0855311355311355
293773.411807,2761866.126422,0.111172161172161,0.0424908424908425,0.0470695970695971,0.644139194139194,0.078021978021978,0.0771062271062271
294273.411807,2761866.126422,0.0874587458745875,0.0106343967730106,0.0544554455445545,0.679317931793179,0.0806747341400807,0.0874587458745875
294773.411807,2761866.126422,0.234615384615385,0.0443223443223443,0.00659340659340659,0.158974358974359,0.108974358974359,0.446520146520147
295273.411807,2761866.126422,0.607875457875458,0.0184981684981685,0.00512820512820513,0.067032967032967,0.0457875457875458,0.255677655677656
295773.411807,2761866.126422,0.947011367803447,0.00128346167950128,0.000183351668500183,0.000733406674000733,0.000366703337000367,0.0504217088375504
296273.411807,2761866.126422,0.623076923076923,0.00750915750915751,0.00421245421245421,0.113186813186813,0.0879120879120879,0.164102564102564
296773.411807,2761866.126422,0.884798534798535,0.00238095238095238,0,0.00512820512820513,0.0119047619047619,0.0957875457875458
297273.411807,2761866.126422,0.736156949028236,0.00385038503850385,0.000366703337000367,0.0320865419875321,0.0335533553355336,0.193986065273194
297773.411807,2761866.126422,0.844322344322344,0.00146520146520147,0,0.0146520146520147,0.00952380952380952,0.13003663003663
298273.411807,2761866.126422,0.772527472527473,0.00476190476190476,0.00659340659340659,0.0683150183150183,0.063003663003663,0.0847985347985348
298773.411807,2761866.126422,0.536853685368537,0.0157682434910158,0.00201686835350202,0.145764576457646,0.152365236523652,0.147231389805647
299273.411807,2761866.126422,0.707875457875458,0.0021978021978022,0,0.0785714285714286,0.101098901098901,0.11025641025641
299773.411807,2761866.126422,0.867216117216117,0.00256410256410256,0,0.00604395604395604,0.0243589743589744,0.0998168498168498
300273.411807,2761866.126422,0.933993399339934,0.000183351668500183,0,0.000366703337000367,0.00055005500550055,0.0649064906490649
288273.411807,2761366.126422,0.0639545537841305,0.0373831775700935,0.0544255085211655,0.120395821880154,0.0370166758292102,0.686824262415247
288773.411807,2761366.126422,0.109194347586713,0.0407414204441182,0.108827307762892,0.275096347953753,0.148284088823637,0.317856487428886
289273.411807,2761366.126422,0.0539152759948652,0.0388776820099028,0.00128369704749679,0.502842472033743,0.114982578397213,0.28809829451678
289773.411807,2761366.126422,0.062671797691039,0.0335349092908191,0,0.572475719259666,0.153930731170973,0.177386842587502
290273.411807,2761366.126422,0.09543035419343,0.146265369792623,0.000734079647641769,0.304643053771334,0.142778491466324,0.310148651128647
290773.411807,2761366.126422,0.183018521914542,0.0476801760498808,0.0124701998899688,0.300201723821749,0.130937098844673,0.325692279479186
291273.411807,2761366.126422,0.141103170240059,0.13230712845886,0.0399486897562763,0.306761957119296,0.098772219168041,0.281106835257467
291773.411807,2761366.126422,0.0873554780693705,0.0266103872270141,0.0576252523398789,0.658469443934667,0.121123141860892,0.0488162965681776
292273.411807,2761366.126422,0.0634513112048414,0.026407482119934,0.0350265908674124,0.682743443975793,0.110031175499725,0.0823399963322941
292773.411807,2761366.126422,0.358072200842954,0.0181418361737218,0.0943741982774418,0.303280190580905,0.07623236210372,0.149899212021257
293273.411807,2761366.126422,0.253991558084052,0.0200036703982382,0.0812993209763259,0.290144980730409,0.0893741971003854,0.265186272710589
293773.411807,2761366.126422,0.293233082706767,0.0170548322024574,0.0750045846323125,0.218411883366954,0.121767834219696,0.274527782871814
294273.411807,2761366.126422,0.590984057174272,0.00568077698369067,0.00274876305662452,0.0951072017592084,0.0634048011728056,0.242074399853399
294773.411807,2761366.126422,0.60598274912828,0.00513855753349238,0.00146815929528354,0.113415305560653,0.0862543585979079,0.187740869884382
295273.411807,2761366.126422,0.513295433706217,0.00366770584999083,0,0.0159545204474601,0.0414450761048964,0.425637263891436
295773.411807,2761366.126422,0.809968847352025,0.00274876305662452,0,0.00549752611324904,0.00989554700384827,0.171889316474253
296273.411807,2761366.126422,0.691135988254726,0.00385391815011929,0.000734079647641769,0.0521196549825656,0.052303174894476,0.199853184070472
296773.411807,2761366.126422,0.630662020905923,0.00953603520997616,0.00330093526499175,0.028791490922428,0.0757381258023107,0.25197139189437
297273.411807,2761366.126422,0.781931464174455,0.0175920835623969,0.0159428257284222,0.0263881253435954,0.0155763239875389,0.142569177203592
297773.411807,2761366.126422,0.666544320058726,0.0216553496054322,0.000367039823820885,0.0416590200036704,0.125711139658653,0.144063130849697
298273.411807,2761366.126422,0.412983678708968,0.0350265908674124,0,0.122868145974693,0.271777003484321,0.157344580964607
298773.411807,2761366.126422,0.502840388491845,0.0196078431372549,0.000549752611324904,0.207806487080814,0.152831225948323,0.116364302730438
299273.411807,2761366.126422,0.699027344466875,0.0179849513672233,0.000734079647641769,0.0293631859056708,0.0563406129565058,0.196549825656084
299773.411807,2761366.126422,0.924812030075188,0,0,0.000550155877498625,0.000916926462497708,0.0737208875848157
300273.411807,2761366.126422,0.687740516767455,0.0238226131574125,0.0186915887850467,0.0765988638446033,0.0540590067802822,0.139087410665201
288273.411807,2760866.126422,0.147252747252747,0.067032967032967,0,0.11043956043956,0.0738095238095238,0.601465201465201
288773.411807,2760866.126422,0.0900917431192661,0.0743119266055046,0.0144954128440367,0.315045871559633,0.160733944954128,0.345321100917431
289273.411807,2760866.126422,0.0829205650339387,0.0766831773986425,0.00568702990277013,0.379563382865529,0.132085855806274,0.323059988992845
289773.411807,2760866.126422,0.0668498168498168,0.19010989010989,0,0.253663003663004,0.0677655677655678,0.421611721611722
290273.411807,2760866.126422,0.118715596330275,0.139816513761468,0.00256880733944954,0.304954128440367,0.0987155963302752,0.335229357798165
290773.411807,2760866.126422,0.0774169877086773,0.117960007338103,0.00330214639515685,0.272610530177949,0.135388002201431,0.393322326178683
291273.411807,2760866.126422,0.116666666666667,0.218864468864469,0.0576923076923077,0.302197802197802,0.0818681318681319,0.222710622710623
291773.411807,2760866.126422,0.14,0.0339449541284404,0.0488073394495413,0.484770642201835,0.0899082568807339,0.20256880733945
292273.411807,2760866.126422,0.345624656026417,0.00898917629792699,0.060906255732893,0.157218858924968,0.0946615299944964,0.332599523023298
292773.411807,2760866.126422,0.6496336996337,0.00695970695970696,0.00238095238095238,0.140842490842491,0.0223443223443223,0.177838827838828
293273.411807,2760866.126422,0.681467889908257,0.00018348623853211,0,0.013394495412844,0.0176146788990826,0.287339449541284
293773.411807,2760866.126422,0.773619519354247,0.00880572372041827,0,0.00697119794533113,0.0183452577508714,0.192258301229132
294273.411807,2760866.126422,0.815201465201465,0.00293040293040293,0,0.000366300366300366,0.00366300366300366,0.177838827838828
294773.411807,2760866.126422,0.872660550458716,0.00036697247706422,0,0.00752293577981651,0.00990825688073394,0.10954128440367
295273.411807,2760866.126422,0.523206751054852,0.0212804989910108,0.026967528893781,0.119977985690699,0.126215373325995,0.182351862043662
295773.411807,2760866.126422,0.908058608058608,0.00183150183150183,0,0.00457875457875458,0.00604395604395604,0.0794871794871795
296273.411807,2760866.126422,0.856330275229358,0.00422018348623853,0.00018348623853211,0.00678899082568807,0.00899082568807339,0.12348623853211
296773.411807,2760866.126422,0.984039625756742,0.00220143093010457,0,0,0,0.0137589433131535
297273.411807,2760866.126422,0.918131868131868,0.00347985347985348,0.00567765567765568,0.000915750915750916,0.00659340659340659,0.0652014652014652
297773.411807,2760866.126422,0.635229357798165,0.0878899082568807,0.00036697247706422,0.0636697247706422,0.0622018348623853,0.150642201834862
298273.411807,2760866.126422,0.667400476976702,0.0645753072830673,0,0.0519170794349661,0.081452944413869,0.134654191891396
298773.411807,2760866.126422,0.932417582417582,0.00128205128205128,0,0.00238095238095238,0.00952380952380952,0.0543956043956044
299273.411807,2760866.126422,0.919816513761468,0.00055045871559633,0,0.00055045871559633,0.0036697247706422,0.0754128440366972
299773.411807,2760866.126422,0.643001284168043,0.0300862227114291,0.000366905155017428,0.0715465052283985,0.0988809392771968,0.156118143459916
300273.411807,2760866.126422,0.258058608058608,0.0164835164835165,0.0122710622710623,0.430586080586081,0.182417582417582,0.10018315018315
288273.411807,2760366.126422,0.14961496149615,0.0718738540520719,0.142097543087642,0.317198386505317,0.107994132746608,0.211221122112211
288773.411807,2760366.126422,0.162637362637363,0.0871794871794872,0.0364468864468864,0.276556776556777,0.136813186813187,0.3003663003663
289273.411807,2760366.126422,0.10952380952381,0.0448717948717949,0.00366300366300366,0.400732600732601,0.179487179487179,0.261721611721612
289773.411807,2760366.126422,0.0986431976530986,0.0896589658965897,0.00201686835350202,0.480564723138981,0.134213421342134,0.194902823615695
290273.411807,2760366.126422,0.119230769230769,0.0948717948717949,0.000549450549450549,0.368131868131868,0.084981684981685,0.332234432234432
290773.411807,2760366.126422,0.136996336996337,0.0736263736263736,0.137728937728938,0.331318681318681,0.122710622710623,0.197619047619048
291273.411807,2760366.126422,0.1996699669967,0.0311697836450312,0.152181884855152,0.246607994132747,0.122845617895123,0.247524752475248
291773.411807,2760366.126422,0.449267399267399,0.0217948717948718,0.0679487179487179,0.0602564102564103,0.0401098901098901,0.360622710622711
292273.411807,2760366.126422,0.82032967032967,0.00677655677655678,0.00146520146520147,0.0100732600732601,0.00421245421245421,0.157142857142857
292773.411807,2760366.126422,0.891455812247891,0.0102676934360103,0,0,0,0.0982764943160983
293273.411807,2760366.126422,0.83003663003663,0,0,0.000183150183150183,0,0.16978021978022
293773.411807,2760366.126422,0.838827838827839,0.000732600732600733,0,0.000732600732600733,0.000549450549450549,0.159157509157509
294273.411807,2760366.126422,0.817565089842318,0.00861752841950862,0.0033003300330033,0.0100843417675101,0.0133846718005134,0.147048038137147
294773.411807,2760366.126422,0.858424908424908,0.000732600732600733,0,0,0.00201465201465201,0.138827838827839
295273.411807,2760366.126422,0.702014652014652,0.00970695970695971,0.000915750915750916,0.0234432234432234,0.0360805860805861,0.227838827838828
295773.411807,2760366.126422,0.946828016134947,0.00165016501650165,0,0.000733406674000733,0.00146681334800147,0.0493215988265493
296273.411807,2760366.126422,0.904395604395604,0.000915750915750916,0,0.00347985347985348,0.00622710622710623,0.084981684981685
296773.411807,2760366.126422,0.977289377289377,0.00128205128205128,0,0,0,0.0214285714285714
297273.411807,2760366.126422,0.961862852951962,0.000916758342500917,0,0.000733406674000733,0.0022002200220022,0.0342867620095343
297773.411807,2760366.126422,0.891391941391941,0.000183150183150183,0,0.00347985347985348,0.0106227106227106,0.0943223443223443
298273.411807,2760366.126422,0.955677655677656,0,0,0.000732600732600733,0.000549450549450549,0.043040293040293
298773.411807,2760366.126422,0.536486982031536,0.0234690135680235,0.0011001100110011,0.141730839750642,0.136963696369637,0.16024935826916
299273.411807,2760366.126422,0.202747252747253,0.0230769230769231,0.00659340659340659,0.376556776556777,0.226190476190476,0.164835164835165
299773.411807,2760366.126422,0.311172161172161,0.0267399267399267,0.00384615384615385,0.294871794871795,0.163919413919414,0.199450549450549
300273.411807,2760366.126422,0.411441144114411,0.0115511551155116,0.00751741840850752,0.250641730839751,0.101576824349102,0.217271727172717
288273.411807,2759866.126422,0.0580905259299982,0.101704233095107,0.185266630016493,0.51676745464541,0.0901594282572842,0.0480117280557083
288773.411807,2759866.126422,0.12038906221325,0.0967149935768031,0.0820334006239677,0.454211781978345,0.122407781244265,0.124242980363369
289273.411807,2759866.126422,0.0970108197322575,0.143774069319641,0.00696864111498258,0.151659636897121,0.101595452044746,0.498991380891253
289773.411807,2759866.126422,0.083745647791827,0.0403151914971596,0.00549752611324904,0.498442367601246,0.0991387209089243,0.272860546087594
290273.411807,2759866.126422,0.0855202789502661,0.0370710222059093,0.0721233253808038,0.277665626720499,0.135621214901817,0.391998531840705
290773.411807,2759866.126422,0.240601503759398,0.068402714102329,0.101045296167247,0.184668989547038,0.104346231432239,0.300935264991748
291273.411807,2759866.126422,0.905625801722558,0.00513102437236577,0.00238226131574125,0.00403151914971596,0.000916254352208173,0.0819131390874107
291773.411807,2759866.126422,0.671866397504129,0.00275279867865663,0.000183519911910442,0.0502844558634612,0.063497889521013,0.21141493852083
292273.411807,2759866.126422,0.903722721437741,0.000550155877498625,0,0.000183385292499542,0.00165046763249587,0.0938932697597653
292773.411807,2759866.126422,0.93494594099322,0.000549752611324904,0,0.000549752611324904,0.00164925783397471,0.0623052959501558
293273.411807,2759866.126422,0.98329968801615,0.000917599559552211,0,0,0.000917599559552211,0.0148651128647458
293773.411807,2759866.126422,0.940766550522648,0,0,0.000366770584999083,0.000733541169998166,0.0581331377223547
294273.411807,2759866.126422,0.926333150082463,0.00329851566794942,0,0.000366501740883269,0.00164925783397471,0.0683525746747297
294773.411807,2759866.126422,0.930996513121674,0,0,0.000367039823820885,0.000367039823820885,0.0682694072306845
295273.411807,2759866.126422,0.850174216027875,0.00275077938749312,0,0.000916926462497708,0.00275077938749312,0.143407298734641
295773.411807,2759866.126422,0.935312442734103,0.00274876305662452,0,0.000916254352208173,0.00201575957485798,0.0590067802822063
296273.411807,2759866.126422,0.957790420260598,0.00146815929528354,0,0,0.000183519911910442,0.0405579005322077
296773.411807,2759866.126422,0.613057032825967,0.00146708233999633,0,0.00605171465248487,0.0227397762699432,0.356684393911608
297273.411807,2759866.126422,0.887300714678395,0.000916254352208173,0,0,0.00146600696353308,0.110317024005864
297773.411807,2759866.126422,0.920902917966599,0.000367039823820885,0,0,0,0.0787300422095797
298273.411807,2759866.126422,0.468916192921328,0.0280579497524299,0.00550155877498625,0.136988813497158,0.111314872547222,0.249220612506877
298773.411807,2759866.126422,0.384277075316108,0.0130108118013561,0.00238226131574125,0.285138354407183,0.126992853216053,0.188198643943559
299273.411807,2759866.126422,0.532941824187924,0.00293631859056708,0.000550559735731327,0.158744723802533,0.0442282987704166,0.260598274912828
