"x","y","forest","agri","water","built","other","grass"
262773.411807,2613366.126422,0.915112295393986,0.0167491435097069,0,0.00114198705748002,0.00342596117244005,0.0635706128663875
263273.411807,2613366.126422,0.547918473547268,0.0303555941023417,0.0275368603642671,0.0448829141370338,0.0177797051170859,0.331526452732003
263773.411807,2613366.126422,0.177184992409456,0.0106267620906528,0.000650618087182824,0.0216872695727608,0.011060507482108,0.77878985035784
264273.411807,2613366.126422,0.234324148405294,0.000433933608157952,0,0.00607507051421133,0.00303753525710566,0.756129312215231
264773.411807,2613366.126422,0.72918473547268,0.0398959236773634,0.0381613183000867,0.0403295750216826,0.0112749349522984,0.141153512575889
265273.411807,2613366.126422,0.869008891780525,0.011060507482108,0.000867490782910432,0.00433745391455216,0.00433745391455216,0.110388202125352
265773.411807,2613366.126422,0.974831850726839,0.00238663484486874,0,0.000650900412236928,0.000433933608157952,0.0216966804078976
266273.411807,2613366.126422,0.887684301821336,0.021899392888118,0.000433651344319167,0.0101908065915004,0.00368603642671292,0.0761058109280139
266773.411807,2613366.126422,0.986770765560616,0,0,0,0,0.0132292344393841
267273.411807,2613366.126422,0.991972228249078,0.000433933608157952,0,0,0,0.00759383814276416
267773.411807,2613366.126422,0.983087597571553,0.00108412836079792,0,0,0,0.0158282740676496
268273.411807,2613366.126422,0.909780958577315,0.022121014964216,0.00780741704619388,0.0151810887009326,0.000650618087182824,0.0444589026241596
268773.411807,2613366.126422,0.875461054458668,0.03601648947711,0.0132349750488175,0.0143198090692124,0.00846170535908006,0.0525059665871122
269273.411807,2613366.126422,0.975065047701648,0.000216825672159584,0,0,0.000216825672159584,0.024501300954033
269773.411807,2613366.126422,0.920841466059423,0.0175666883539362,0.00346996313164173,0.0054218173931902,0.00325309043591412,0.0494469746258946
270273.411807,2613366.126422,0.679323063571274,0.0798437839010631,0.0173573443263181,0.0893903232805381,0.0275547841180299,0.106530700802777
270773.411807,2613366.126422,0.15091066782307,0.0596270598438855,0.527103209019948,0.160234171725932,0.0420641803989592,0.0600607111882047
271273.411807,2613366.126422,0.856647148124051,0.00889178052483192,0.0169160702667534,0.0199522880069399,0.0114942528735632,0.0860984602038603
271773.411807,2613366.126422,0.931655456715123,0.00325450206118464,0,0.000216966804078976,0,0.0648730744196138
272273.411807,2613366.126422,0.832393755420642,0.0080225498699046,0,0.000867302688638335,0.000216825672159584,0.158499566348656
272773.411807,2613366.126422,0.728258512253307,0.00412058121882455,0,0.000433745391455216,0.000216872695727608,0.266970288440685
273273.411807,2613366.126422,0.968105879800391,0,0,0,0,0.0318941201996095
273773.411807,2613366.126422,0.899392888117953,0.00542064180398959,0,0.00108412836079792,0.00108412836079792,0.0930182133564614
274273.411807,2613366.126422,0.948818043808284,0.000867490782910432,0,0,0,0.050314465408805
274773.411807,2613366.126422,0.878281622911695,0.0130180082447386,0,0.00173573443263181,0.00130180082447386,0.105662833586461
275273.411807,2613366.126422,0.773417172593235,0.0643972246313964,0,0.0253686036426713,0.0281873373807459,0.108629661751951
262773.411807,2612866.126422,0.54896331738437,0.0271132376395534,0,0.096969696969697,0.0551834130781499,0.27177033492823
263273.411807,2612866.126422,0.543953018902551,0.00183519911910442,0,0.0251422279317306,0.015782712424298,0.413286841622316
263773.411807,2612866.126422,0.243535668439391,0.00770218228498074,0.000183385292499542,0.011186502842472,0.00733541169998166,0.730056849440675
264273.411807,2612866.126422,0.157412497709364,0.00696353307678211,0.000366501740883269,0.0139270661535642,0.0089792926516401,0.812351108667766
264773.411807,2612866.126422,0.577353642870251,0.0695540466140576,0,0.00422095797394017,0.00495503762158194,0.343916314920169
265273.411807,2612866.126422,0.690445626260774,0.0687694846873281,0.0498807995598753,0.0951769668072621,0.0161379057399597,0.079589216944801
265773.411807,2612866.126422,0.925233644859813,0.00934579439252336,0.00128275609309144,0.00164925783397471,0.00293201392706615,0.0595565328935312
266273.411807,2612866.126422,0.783079464121857,0.0534042943659387,0.0359699027344467,0.0321159845843274,0.012846393833731,0.082583960359699
266773.411807,2612866.126422,0.860260407115349,0.0350265908674124,0.0143040528149642,0.0106363469649734,0.011186502842472,0.0685860993948285
267273.411807,2612866.126422,0.910023822613157,0.0139270661535642,0,0.000549752611324904,0.00146600696353308,0.0740333516584204
267773.411807,2612866.126422,0.77592218755735,0.0420260598274913,0.0851532391264452,0.0484492567443568,0.00330335841438796,0.0451458983299688
268273.411807,2612866.126422,0.704933064368238,0.0473134054648817,0.119383825417202,0.0469466348798826,0.0124701998899688,0.0689528699798276
268773.411807,2612866.126422,0.935312442734103,0.00861279091075683,0.00293201392706615,0.00311526479750779,0.00146600696353308,0.0485614806670332
269273.411807,2612866.126422,0.948797944576987,0.000917599559552211,0,0,0,0.0502844558634612
269773.411807,2612866.126422,0.982395011920044,0,0,0,0,0.017604988079956
270273.411807,2612866.126422,0.865860362836724,0.0159428257284222,0.000549752611324904,0.0126443100604728,0.009529045262965,0.0954737035000916
270773.411807,2612866.126422,0.956322260965315,0.00422095797394017,0.000550559735731327,0.00275279867865663,0.0012846393833731,0.034868783262984
271273.411807,2612866.126422,0.948468732807629,0.00201723821749496,0,0,0,0.0495140289748762
271773.411807,2612866.126422,0.892981491662085,0.0042147700201576,0,0.000549752611324904,0.000183250870441635,0.10207073483599
272273.411807,2612866.126422,0.68471279133786,0.0133969535694623,0,0.0200036703982382,0.0106441548908057,0.271242429803634
272773.411807,2612866.126422,0.762882816798093,0.00183385292499542,0,0.00238400880249404,0.00183385292499542,0.231065468549422
273273.411807,2612866.126422,0.928715411398204,0.00109950522264981,0,0.000916254352208173,0.000366501740883269,0.0689023272860546
273773.411807,2612866.126422,0.863644705450541,0.00440447788585061,0,0.00146815929528354,0.00146815929528354,0.129014498073041
274273.411807,2612866.126422,0.914725838987713,0.000366770584999083,0,0,0,0.0849073904272877
274773.411807,2612866.126422,0.830309693971046,0.0119113065787062,0.00659703133589885,0.0141103170240059,0.0113615539673813,0.125710097122961
275273.411807,2612866.126422,0.619196182785832,0.340979996329602,0.00201871903101487,0.0012846393833731,0.00220223894292531,0.0343182235272527
262773.411807,2612366.126422,0.721938775510204,0.00286989795918367,0,0.00446428571428571,0.00318877551020408,0.267538265306122
263273.411807,2612366.126422,0.849908256880734,0.00238532110091743,0.00018348623853211,0.00495412844036697,0.00256880733944954,0.14
263773.411807,2612366.126422,0.550908090258668,0.000550357732526142,0,0,0,0.448541552008806
264273.411807,2612366.126422,0.410622710622711,0.114468864468864,0.00183150183150183,0.0146520146520147,0.00641025641025641,0.452014652014652
264773.411807,2612366.126422,0.811192660550459,0.0822018348623853,0,0.0154128440366972,0.00899082568807339,0.0822018348623853
265273.411807,2612366.126422,0.83874518436984,0.0598055402678408,0.000550357732526142,0.010273344340488,0.0119244175380664,0.0787011557512383
265773.411807,2612366.126422,0.825641025641026,0.0285714285714286,0.00677655677655678,0.0139194139194139,0.00750915750915751,0.117582417582418
266273.411807,2612366.126422,0.889724770642202,0.0229357798165138,0.00110091743119266,0.00752293577981651,0.00752293577981651,0.0711926605504587
266773.411807,2612366.126422,0.914878004035957,0.0214639515685195,0.00183452577508714,0.00201797835259585,0.002568336085122,0.0572372041827188
267273.411807,2612366.126422,0.921245421245421,0.0172161172161172,0.000183150183150183,0.00293040293040293,0.00146520146520147,0.056959706959707
267773.411807,2612366.126422,0.751559633027523,0.0557798165137615,0.0418348623853211,0.0319266055045872,0.00935779816513761,0.10954128440367
268273.411807,2612366.126422,0.960924600990644,0.001284168042561,0,0,0,0.0377912309667951
268773.411807,2612366.126422,0.935347985347985,0.00366300366300366,0.0021978021978022,0.000366300366300366,0.00128205128205128,0.0571428571428571
269273.411807,2612366.126422,0.934495412844037,0.00018348623853211,0,0,0,0.0653211009174312
269773.411807,2612366.126422,0.981104384516602,0.000183452577508714,0,0,0,0.0187121629058888
270273.411807,2612366.126422,0.924358974358974,0.0131868131868132,0,0.00677655677655678,0.00402930402930403,0.0516483516483516
270773.411807,2612366.126422,0.928623853211009,0.00403669724770642,0,0.00055045871559633,0.00073394495412844,0.0660550458715596
271273.411807,2612366.126422,0.93157218858925,0.00532012474775271,0,0.000550357732526142,0.000550357732526142,0.0620069711979453
271773.411807,2612366.126422,0.907326007326007,0.0108058608058608,0,0.00164835164835165,0.00128205128205128,0.0789377289377289
272273.411807,2612366.126422,0.722385321100917,0.0132110091743119,0,0.00660550458715596,0.00568807339449541,0.252110091743119
272773.411807,2612366.126422,0.911025499908274,0.00201797835259585,0,0.00146762062006971,0.00091726288754357,0.0845716382315172
273273.411807,2612366.126422,0.914835164835165,0.00293040293040293,0,0.0010989010989011,0.000183150183150183,0.080952380952381
273773.411807,2612366.126422,0.877064220183486,0.00844036697247706,0,0.000917431192660551,0.00055045871559633,0.11302752293578
274273.411807,2612366.126422,0.811594202898551,0.0592551825353146,0,0,0,0.129150614566135
274773.411807,2612366.126422,0.888461538461538,0.0247252747252747,0,0.000183150183150183,0.000366300366300366,0.0862637362637363
275273.411807,2612366.126422,0.481834862385321,0.417614678899083,0,0.016697247706422,0.0225688073394495,0.0612844036697248
262773.411807,2611866.126422,0.051322919987249,0.0306024864520242,0.134204654128148,0.172457762193178,0.019764105833599,0.591648071405802
263273.411807,2611866.126422,0.523443223443223,0.00641025641025641,0,0.0146520146520147,0.0278388278388278,0.427655677655678
263773.411807,2611866.126422,0.245054945054945,0.00787545787545788,0,0.047985347985348,0.0564102564102564,0.642673992673993
264273.411807,2611866.126422,0.241107444077741,0.109277594426109,0.0132013201320132,0.0430876420975431,0.01998533186652,0.573340667400073
264773.411807,2611866.126422,0.735347985347985,0.117032967032967,0.0186813186813187,0.023992673992674,0.00695970695970696,0.097985347985348
265273.411807,2611866.126422,0.771062271062271,0.0472527472527473,0.00732600732600733,0.0238095238095238,0.0186813186813187,0.131868131868132
265773.411807,2611866.126422,0.757425742574257,0.0584891822515585,0.00751741840850752,0.0627062706270627,0.0122845617895123,0.101576824349102
266273.411807,2611866.126422,0.834615384615385,0.0501831501831502,0.0267399267399267,0.0406593406593407,0.0108058608058608,0.036996336996337
266773.411807,2611866.126422,0.937728937728938,0.0161172161172161,0.0173992673992674,0.019047619047619,0.0010989010989011,0.00860805860805861
267273.411807,2611866.126422,0.804180418041804,0.0605060506050605,0.0313531353135314,0.01998533186652,0.0117345067840117,0.0722405573890722
267773.411807,2611866.126422,0.854212454212454,0.0366300366300366,0.00201465201465201,0.00769230769230769,0.00750915750915751,0.0919413919413919
268273.411807,2611866.126422,0.958608058608059,0.00622710622710623,0.00750915750915751,0.00347985347985348,0.00238095238095238,0.0217948717948718
268773.411807,2611866.126422,0.929409607627429,0.00348368170150348,0,0.00201686835350202,0.000733406674000733,0.0643564356435644
269273.411807,2611866.126422,0.958974358974359,0.00531135531135531,0,0,0,0.0357142857142857
269773.411807,2611866.126422,0.949450549450549,0.000549450549450549,0,0.000366300366300366,0,0.0496336996336996
270273.411807,2611866.126422,0.895489548954896,0.0190685735240191,0.00128346167950128,0.0099009900990099,0.00641730839750642,0.0678401173450678
270773.411807,2611866.126422,0.924175824175824,0.00824175824175824,0.000549450549450549,0.00421245421245421,0.00201465201465201,0.0608058608058608
271273.411807,2611866.126422,0.897802197802198,0.00476190476190476,0,0,0,0.0974358974358974
271773.411807,2611866.126422,0.747524752475248,0.0055005500550055,0,0.00256692335900257,0.000916758342500917,0.243491015768244
272273.411807,2611866.126422,0.847802197802198,0,0,0,0,0.152197802197802
272773.411807,2611866.126422,0.94047619047619,0.00274725274725275,0,0.000366300366300366,0.000366300366300366,0.056043956043956
273273.411807,2611866.126422,0.901173450678401,0.00696736340300697,0,0,0,0.0918591859185919
273773.411807,2611866.126422,0.925457875457876,0.000732600732600733,0,0,0,0.0738095238095238
274273.411807,2611866.126422,0.743040293040293,0.000183150183150183,0,0,0,0.256776556776557
274773.411807,2611866.126422,0.807847451411808,0.0922258892555922,0,0,0,0.0999266593325999
275273.411807,2611866.126422,0.384981684981685,0.557692307692308,0,0.0157509157509158,0.0102564102564103,0.0313186813186813
262773.411807,2611366.126422,0.132057416267943,0.0679425837320574,0.616267942583732,0.0950558213716109,0.0382775119617225,0.0503987240829346
263273.411807,2611366.126422,0.236924206276381,0.0214718296935217,0.0423930996513122,0.0811158010644155,0.0458799779776106,0.572215085336759
263773.411807,2611366.126422,0.372638914359068,0.00110031175499725,0,0.0100861910874748,0.00513478818998716,0.611039794608472
264273.411807,2611366.126422,0.301447681876489,0.0152098222466557,0.00751328568810702,0.0606560381161811,0.0218068535825545,0.593366318490013
264773.411807,2611366.126422,0.101670031198385,0.060561570930446,0.46467241695724,0.29858689667829,0.0209212699577904,0.0535878142778491
265273.411807,2611366.126422,0.439574546121401,0.0953603520997616,0.165780304419586,0.192921327709518,0.0231065468549422,0.0832569227947919
265773.411807,2611366.126422,0.65585486531061,0.0577240241891149,0.148616455928166,0.0229063588052043,0.00696353307678211,0.107934762690123
266273.411807,2611366.126422,0.507432556432373,0.0739585244999082,0.192879427417875,0.0836850798311617,0.0449623784180584,0.097082033400624
266773.411807,2611366.126422,0.843205574912892,0.0388776820099028,0.0181551439574546,0.0159545204474601,0.00495140289748762,0.0788556757748029
267273.411807,2611366.126422,0.903976543888584,0.0186915887850467,0.0100787978742899,0.00329851566794942,0.00513102437236577,0.0588235294117647
267773.411807,2611366.126422,0.735914846760874,0.0467975775371628,0.118737383006056,0.0266103872270141,0.011194714626537,0.0607450908423564
268273.411807,2611366.126422,0.875664771685311,0.015587749862461,0.0350265908674124,0.00861910874747845,0.00715202640748212,0.0579497524298551
268773.411807,2611366.126422,0.896096756459593,0.0214403518416712,0.00128275609309144,0.0119113065787062,0.00806303829943192,0.061205790727506
269273.411807,2611366.126422,0.969719214534777,0.0106441548908057,0.00642319691686548,0.000183519911910442,0.000550559735731327,0.0124793540099101
269773.411807,2611366.126422,0.901155327342747,0.0124701998899688,0,0,0,0.0863744727672841
270273.411807,2611366.126422,0.851566794942276,0.0423309510720176,0.00824628916987356,0.0146600696353308,0.0128275609309144,0.0703683342495877
270773.411807,2611366.126422,0.88383189576069,0.0119287942741787,0.000734079647641769,0.00367039823820885,0.00238575885483575,0.0974490732244448
271273.411807,2611366.126422,0.837153860260407,0.00696864111498258,0.000550155877498625,0.00330093526499175,0.00165046763249587,0.150375939849624
271773.411807,2611366.126422,0.712112882536192,0.0513102437236577,0.00403151914971596,0.00879604178119846,0.0130108118013561,0.21073850100788
272273.411807,2611366.126422,0.854101670031198,0.0012846393833731,0,0.00110111947146265,0.000183519911910442,0.143329051202055
272773.411807,2611366.126422,0.898037777370255,0.0242068586099395,0,0.004401247019989,0.00183385292499542,0.0715202640748212
273273.411807,2611366.126422,0.640461792193513,0.00109950522264981,0,0,0,0.358438702583837
273773.411807,2611366.126422,0.840337676637915,0.000183519911910442,0,0,0,0.159478803450174
274273.411807,2611366.126422,0.821199339812947,0.000183385292499542,0,0,0,0.178617274894553
274773.411807,2611366.126422,0.829943192230163,0.0163093274693055,0,0.00586402785413231,0.0042147700201576,0.143668682426242
275273.411807,2611366.126422,0.305560653330886,0.691135988254726,0,0.00330335841438796,0,0
262773.411807,2610866.126422,0.455676020408163,0.0169005102040816,0.20344387755102,0.100446428571429,0.0127551020408163,0.21077806122449
263273.411807,2610866.126422,0.264220183486239,0.00422018348623853,0,0.0297247706422018,0.0187155963302752,0.683119266055046
263773.411807,2610866.126422,0.174279948633278,0.00201797835259585,0,0.0174279948633278,0.00733810310034856,0.798935975050449
264273.411807,2610866.126422,0.102930402930403,0.0208791208791209,0.0967032967032967,0.213003663003663,0.0404761904761905,0.526007326007326
264773.411807,2610866.126422,0.0955963302752294,0.08,0.311743119266055,0.399449541284404,0.0354128440366972,0.0777981651376147
265273.411807,2610866.126422,0.180517336268575,0.0733810310034856,0.599889928453495,0.0810860392588516,0.0143093010456797,0.0508163639699138
265773.411807,2610866.126422,0.0333333333333333,0.0551282051282051,0.774542124542125,0.0923076923076923,0.0230769230769231,0.0216117216117216
266273.411807,2610866.126422,0.781834862385321,0.024954128440367,0.0801834862385321,0.0176146788990826,0.0102752293577982,0.0851376146788991
266773.411807,2610866.126422,0.826086956521739,0.0432948082920565,0.0467804072647221,0.00898917629792699,0.00623738763529628,0.068611263988259
267273.411807,2610866.126422,0.965567765567766,0.0021978021978022,0,0.000366300366300366,0.00146520146520147,0.0304029304029304
267773.411807,2610866.126422,0.770275229357798,0.0814678899082569,0.018348623853211,0.0188990825688073,0.0143119266055046,0.096697247706422
268273.411807,2610866.126422,0.802421574023115,0.0427444505595304,0.0489818381948266,0.0161438268207668,0.0148596587782058,0.0748486516235553
268773.411807,2610866.126422,0.868864468864469,0.0186813186813187,0.0223443223443223,0.00347985347985348,0.0104395604395604,0.0761904761904762
269273.411807,2610866.126422,0.748623853211009,0.0598165137614679,0.0471559633027523,0.015045871559633,0.0168807339449541,0.112477064220183
269773.411807,2610866.126422,0.820583379196478,0.00605393505778756,0,0,0,0.173362685745735
270273.411807,2610866.126422,0.676373626373626,0.117582417582418,0.0021978021978022,0.0487179487179487,0.0413919413919414,0.113736263736264
270773.411807,2610866.126422,0.861834862385321,0.0236697247706422,0.00110091743119266,0.0111926605504587,0.00788990825688073,0.0943119266055046
271273.411807,2610866.126422,0.779856906989543,0.0533847000550358,0.00403595670519171,0.0122913226930838,0.00715465052283985,0.143276463034306
271773.411807,2610866.126422,0.615934065934066,0.0183150183150183,0.000732600732600733,0.00695970695970696,0.00787545787545788,0.35018315018315
272273.411807,2610866.126422,0.607889908256881,0.0144954128440367,0.00073394495412844,0.00440366972477064,0.00642201834862385,0.36605504587156
272773.411807,2610866.126422,0.312786644652357,0.00403595670519171,0,0.000550357732526142,0.000550357732526142,0.682076683177399
273273.411807,2610866.126422,0.849450549450549,0.000915750915750916,0,0.000915750915750916,0.000366300366300366,0.148351648351648
273773.411807,2610866.126422,0.930091743119266,0.00165137614678899,0,0,0,0.068256880733945
274273.411807,2610866.126422,0.967528893780958,0,0,0,0,0.0324711062190424
274773.411807,2610866.126422,0.775091575091575,0.0512820512820513,0,0.000366300366300366,0.00238095238095238,0.170879120879121
275273.411807,2610866.126422,0.523669724770642,0.476330275229358,0,0,0,0
262773.411807,2610366.126422,0.809053235575391,0.019764105833599,0.000956327701625757,0.0146636914249283,0.00860694931463181,0.146955690149825
263273.411807,2610366.126422,0.0987179487179487,0.00549450549450549,0.00641025641025641,0.0600732600732601,0.030952380952381,0.798351648351648
263773.411807,2610366.126422,0.26959706959707,0.0172161172161172,0,0.0461538461538462,0.0208791208791209,0.646153846153846
264273.411807,2610366.126422,0.253208654198753,0.0476714338100477,0,0.0656398973230656,0.0368536853685369,0.596626329299597
264773.411807,2610366.126422,0.306959706959707,0.0159340659340659,0.415384615384615,0.183333333333333,0.0177655677655678,0.0606227106227106
265273.411807,2610366.126422,0.284981684981685,0.00732600732600733,0.253663003663004,0.0750915750915751,0.00860805860805861,0.37032967032967
265773.411807,2610366.126422,0.775944261092776,0.0055005500550055,0.0518885221855519,0.0254858819215255,0.0044004400440044,0.136780344701137
266273.411807,2610366.126422,0.918681318681319,0.00201465201465201,0,0.000366300366300366,0.000183150183150183,0.0787545787545788
266773.411807,2610366.126422,0.774725274725275,0.0734432234432234,0.0393772893772894,0.0217948717948718,0.00989010989010989,0.0807692307692308
267273.411807,2610366.126422,0.674000733406674,0.0980931426475981,0.0826916024935827,0.0276861019435277,0.0225522552255226,0.094976164283095
267773.411807,2610366.126422,0.736630036630037,0.0738095238095238,0.0261904761904762,0.0305860805860806,0.0183150183150183,0.114468864468864
268273.411807,2610366.126422,0.667399267399267,0.08003663003663,0.0968864468864469,0.0294871794871795,0.0236263736263736,0.102564102564103
268773.411807,2610366.126422,0.877521085441878,0.00843417675100843,0.00055005500550055,0.00385038503850385,0.00238357169050238,0.107260726072607
269273.411807,2610366.126422,0.611904761904762,0.0161172161172161,0.0906593406593407,0.0382783882783883,0.0186813186813187,0.224358974358974
269773.411807,2610366.126422,0.551465201465202,0.0122710622710623,0,0,0,0.436263736263736
270273.411807,2610366.126422,0.371470480381371,0.125962596259626,0,0.00256692335900257,0.00348368170150348,0.496516318298497
270773.411807,2610366.126422,0.408974358974359,0.0291208791208791,0.0186813186813187,0.0802197802197802,0.0258241758241758,0.437179487179487
271273.411807,2610366.126422,0.27967032967033,0.0333333333333333,0,0.00183150183150183,0.00256410256410256,0.682600732600733
271773.411807,2610366.126422,0.765309864319765,0.00586725339200587,0,0.000733406674000733,0.0011001100110011,0.226989365603227
272273.411807,2610366.126422,0.804578754578755,0.00604395604395604,0,0.000915750915750916,0.000366300366300366,0.188095238095238
272773.411807,2610366.126422,0.635531135531135,0.000183150183150183,0,0,0,0.364285714285714
273273.411807,2610366.126422,0.947561422808948,0.000366703337000367,0,0,0,0.0520718738540521
273773.411807,2610366.126422,0.934981684981685,0.000549450549450549,0,0.000366300366300366,0,0.0641025641025641
274273.411807,2610366.126422,0.969413919413919,0,0,0,0,0.0305860805860806
274773.411807,2610366.126422,0.788228822882288,0.026035936927026,0,0,0,0.185735240190686
275273.411807,2610366.126422,0.325274725274725,0.645054945054945,0,0.0294871794871795,0.000183150183150183,0
262773.411807,2609866.126422,0.761084529505582,0.0347687400318979,0.00223285486443381,0.0242424242424242,0.0185007974481659,0.159170653907496
263273.411807,2609866.126422,0.41090108276748,0.00403743806202973,0,0.0234905487245366,0.019086070838686,0.542484859607267
263773.411807,2609866.126422,0.567577480286081,0.0645516229598386,0.048413717219879,0.0924261874197689,0.0286081056299285,0.198422886484504
264273.411807,2609866.126422,0.818031885651457,0.0641378046545721,0,0.015026571376214,0.00916254352208173,0.0936411947956753
264773.411807,2609866.126422,0.711323178564874,0.0811158010644155,0.0203707102220591,0.0438612589465957,0.0137639933932832,0.129565057808772
265273.411807,2609866.126422,0.478818998716303,0.0421786172748946,0.000550155877498625,0.0700531817348249,0.0414450761048964,0.366953970291583
265773.411807,2609866.126422,0.844786512735936,0.00128275609309144,0,0,0,0.153930731170973
266273.411807,2609866.126422,0.936869150302808,0.00844191594788034,0,0,0,0.0546889337493118
266773.411807,2609866.126422,0.869796442325325,0.00275077938749312,0,0.000183385292499542,0.000183385292499542,0.127086007702182
267273.411807,2609866.126422,0.831042697452813,0.0183250870441635,0.0333516584203775,0.00659703133589885,0.00348176653839106,0.107201759208356
267773.411807,2609866.126422,0.879427417874839,0.00660671682877592,0,0.00220223894292531,0.00275279867865663,0.109010827674803
268273.411807,2609866.126422,0.842655419035393,0,0,0,0,0.157344580964607
268773.411807,2609866.126422,0.563129924867143,0.00128275609309144,0,0.00128275609309144,0.000549752611324904,0.433754810335349
269273.411807,2609866.126422,0.588364837584878,0.000367039823820885,0,0.00165167920719398,0,0.409616443384107
269773.411807,2609866.126422,0.654685494223363,0,0,0,0,0.345314505776637
270273.411807,2609866.126422,0.63111599780099,0.000183250870441635,0,0.000183250870441635,0,0.368517500458127
270773.411807,2609866.126422,0.832079280601945,0,0,0,0,0.167920719398055
271273.411807,2609866.126422,0.680909591050798,0.000550155877498625,0,0.000183385292499542,0,0.318356867779204
271773.411807,2609866.126422,0.947407000183251,0.00769653655854865,0,0.00311526479750779,0.00219901044529962,0.0395821880153931
272273.411807,2609866.126422,0.913378601578271,0,0,0,0,0.0866213984217288
272773.411807,2609866.126422,0.893086374472767,0,0,0,0,0.106913625527233
273273.411807,2609866.126422,0.958768554150632,0,0,0,0,0.0412314458493678
273773.411807,2609866.126422,0.986970086254359,0.000367039823820885,0,0,0,0.0126628739218205
274273.411807,2609866.126422,0.888318356867779,0,0,0,0,0.111681643132221
274773.411807,2609866.126422,0.615356422943009,0.0304196444933113,0,0,0.00109950522264981,0.35312442734103
275273.411807,2609866.126422,0.609286107542668,0.277298586896678,0.00587263718113415,0.0998348320792806,0.00146815929528354,0.00623967700495504
262773.411807,2609366.126422,0.996173469387755,0,0,0,0,0.0038265306122449
263273.411807,2609366.126422,0.855045871559633,0.00568807339449541,0,0.000917431192660551,0.00165137614678899,0.136697247706422
263773.411807,2609366.126422,0.756925334800954,0.0508163639699138,0.00238488350761328,0.00513667217024399,0.00421940928270042,0.180517336268575
264273.411807,2609366.126422,0.885531135531135,0.0631868131868132,0.00201465201465201,0.0010989010989011,0.00238095238095238,0.0457875457875458
264773.411807,2609366.126422,0.696880733944954,0.0291743119266055,0.051743119266055,0.0188990825688073,0.0100917431192661,0.193211009174312
265273.411807,2609366.126422,0.72188589249679,0.0240322876536415,0.00697119794533113,0.0541185103650706,0.0266006237387635,0.166391487800404
265773.411807,2609366.126422,0.651282051282051,0.00604395604395604,0.000732600732600733,0.0291208791208791,0.00915750915750916,0.303663003663004
266273.411807,2609366.126422,0.849724770642202,0.00165137614678899,0,0,0,0.148623853211009
266773.411807,2609366.126422,0.489634929370758,0.0403595670519171,0.121995964043295,0.0513667217024399,0.00513667217024399,0.291506145661347
267273.411807,2609366.126422,0.645238095238095,0.0382783882783883,0.0364468864468864,0.0600732600732601,0.0043956043956044,0.215567765567766
267773.411807,2609366.126422,0.774678899082569,0.011743119266055,0.00311926605504587,0.0176146788990826,0.00330275229357798,0.18954128440367
268273.411807,2609366.126422,0.451109888093928,0.00440286186020914,0.00366905155017428,0.0150431113557145,0.00293524124013942,0.522839845899835
268773.411807,2609366.126422,0.329304029304029,0,0,0,0,0.670695970695971
269273.411807,2609366.126422,0.33743119266055,0,0,0,0.00018348623853211,0.662385321100917
269773.411807,2609366.126422,0.692716932672904,0,0,0.000183452577508714,0.000183452577508714,0.306916162172079
270273.411807,2609366.126422,0.808241758241758,0,0,0.000366300366300366,0.000366300366300366,0.191025641025641
270773.411807,2609366.126422,0.805504587155963,0.00073394495412844,0,0.00238532110091743,0.00165137614678899,0.189724770642202
271273.411807,2609366.126422,0.952302329847734,0.001284168042561,0,0,0,0.0464135021097046
271773.411807,2609366.126422,0.987179487179487,0,0,0,0,0.0128205128205128
272273.411807,2609366.126422,0.977247706422018,0,0,0,0,0.0227522935779817
272773.411807,2609366.126422,0.997798569069895,0,0,0,0,0.00220143093010457
273273.411807,2609366.126422,0.986996336996337,0,0,0,0,0.013003663003663
273773.411807,2609366.126422,0.997247706422018,0,0,0,0,0.00275229357798165
274273.411807,2609366.126422,0.994679875252247,0,0,0,0,0.00532012474775271
274773.411807,2609366.126422,0.90952380952381,0,0,0,0,0.0904761904761905
275273.411807,2609366.126422,0.535045871559633,0.220183486238532,0,0,0,0.244770642201835
262773.411807,2608866.126422,0.942939113802996,0.00191265540325151,0,0,0,0.055148230793752
263273.411807,2608866.126422,0.874542124542125,0.00842490842490842,0.00366300366300366,0.0122710622710623,0.00531135531135531,0.0957875457875458
263773.411807,2608866.126422,0.770695970695971,0.0542124542124542,0.0357142857142857,0.0192307692307692,0.015018315018315,0.105128205128205
264273.411807,2608866.126422,0.822332233223322,0.0088008800880088,0.0033003300330033,0.00495049504950495,0.00183351668500183,0.158782544921159
264773.411807,2608866.126422,0.797619047619048,0.054029304029304,0.00549450549450549,0.0238095238095238,0.00714285714285714,0.111904761904762
265273.411807,2608866.126422,0.631684981684982,0.010989010989011,0.00549450549450549,0.0021978021978022,0.00274725274725275,0.346886446886447
265773.411807,2608866.126422,0.487532086541988,0.0724239090575724,0.0181518151815182,0.0865419875320865,0.0225522552255226,0.312797946461313
266273.411807,2608866.126422,0.940659340659341,0.00659340659340659,0,0.000366300366300366,0.000915750915750916,0.0514652014652015
266773.411807,2608866.126422,0.445054945054945,0.0855311355311355,0.362087912087912,0.0712454212454212,0.00769230769230769,0.0283882783882784
267273.411807,2608866.126422,0.849284928492849,0.0183351668500183,0.01998533186652,0.0128346167950128,0.00311697836450312,0.0964429776310964
267773.411807,2608866.126422,0.340659340659341,0.00256410256410256,0,0.000366300366300366,0.000366300366300366,0.656043956043956
268273.411807,2608866.126422,0.182783882783883,0.00476190476190476,0,0.00934065934065934,0.00494505494505494,0.798168498168498
268773.411807,2608866.126422,0.237073707370737,0,0,0.000916758342500917,0,0.762009534286762
269273.411807,2608866.126422,0.243040293040293,0,0,0.000549450549450549,0.000366300366300366,0.756043956043956
269773.411807,2608866.126422,0.523443223443223,0,0,0,0,0.476556776556777
270273.411807,2608866.126422,0.495599559955996,0,0,0,0,0.504400440044004
270773.411807,2608866.126422,0.480769230769231,0,0,0,0,0.519230769230769
271273.411807,2608866.126422,0.976007326007326,0.00128205128205128,0,0,0,0.0227106227106227
271773.411807,2608866.126422,0.975430876420975,0.00183351668500183,0,0.000183351668500183,0.000366703337000367,0.0221855518885222
272273.411807,2608866.126422,0.968315018315018,0.00347985347985348,0,0.00293040293040293,0.00311355311355311,0.0221611721611722
272773.411807,2608866.126422,0.958791208791209,0.00402930402930403,0.000549450549450549,0.00238095238095238,0.00457875457875458,0.0296703296703297
273273.411807,2608866.126422,0.96039603960396,0.0033003300330033,0,0.00128346167950128,0.00055005500550055,0.0344701136780345
273773.411807,2608866.126422,0.995787545787546,0,0,0,0,0.00421245421245421
274273.411807,2608866.126422,0.985164835164835,0,0,0,0,0.0148351648351648
274773.411807,2608866.126422,0.757975797579758,0,0,0,0,0.242024202420242
275273.411807,2608866.126422,0.338827838827839,0.395970695970696,0,0.00659340659340659,0,0.258608058608059
262773.411807,2608366.126422,0.865390749601276,0.0137161084529506,0.0197767145135566,0.0261562998405104,0.0114832535885167,0.0634768740031898
263273.411807,2608366.126422,0.91301156175445,0.0392732611488346,0,0.00642319691686548,0.00917599559552211,0.0321159845843274
263773.411807,2608366.126422,0.787639831285531,0.0421786172748946,0.000366770584999083,0.0242068586099395,0.0113698881349716,0.134238034109664
264273.411807,2608366.126422,0.924134139637163,0.000549752611324904,0,0,0,0.0753161077515118
264773.411807,2608366.126422,0.807671132317856,0.047715177096715,0.0176179115434025,0.0264268673151037,0.0110111947146265,0.0895577170122958
265273.411807,2608366.126422,0.548505409866129,0.00568494406748579,0.000183385292499542,0.0172382174949569,0.00495140289748762,0.423436640381441
265773.411807,2608366.126422,0.814733369983507,0.00384826827927433,0,0.000366501740883269,0,0.181051859996335
266273.411807,2608366.126422,0.975408331804001,0.00110111947146265,0,0.000550559735731327,0,0.0229399889888053
266773.411807,2608366.126422,0.661837520630845,0.059600220062351,0.159545204474601,0.0590500641848524,0.00605171465248487,0.0539152759948652
267273.411807,2608366.126422,0.853216052776251,0.0102620487447315,0.024555616639179,0.00769653655854865,0.00586402785413231,0.0984057174271578
267773.411807,2608366.126422,0.797577537162782,0,0,0.000367039823820885,0,0.202055423013397
268273.411807,2608366.126422,0.746928296350633,0.00843572345497891,0,0.004401247019989,0.00275077938749312,0.237483953786906
268773.411807,2608366.126422,0.776250687190764,0.0399486897562763,0.00403151914971596,0.026571376214037,0.00842954004031519,0.144768187648891
269273.411807,2608366.126422,0.321893925490916,0.0135804734813727,0.00440447788585061,0.0126628739218205,0.00587263718113415,0.641585612038906
269773.411807,2608366.126422,0.303135888501742,0.00165046763249587,0,0.00183385292499542,0.00165046763249587,0.691729323308271
270273.411807,2608366.126422,0.492944841487997,0,0,0,0,0.507055158512003
270773.411807,2608366.126422,0.867498623600661,0,0,0,0,0.132501376399339
271273.411807,2608366.126422,0.936732074087658,0.000733541169998166,0,0,0,0.0625343847423437
271773.411807,2608366.126422,0.961334066336815,0.000549752611324904,0,0,0,0.03811618105186
272273.411807,2608366.126422,0.956505780877225,0.000367039823820885,0,0,0,0.0431271792989539
272773.411807,2608366.126422,0.976526682560059,0.000183385292499542,0,0,0,0.0232899321474418
273273.411807,2608366.126422,0.952354773685175,0.00513102437236577,0,0.00146600696353308,0.00164925783397471,0.0393989371449514
273773.411807,2608366.126422,0.984951367223344,0.000367039823820885,0,0,0,0.0146815929528354
274273.411807,2608366.126422,0.633046029708417,0.000733541169998166,0,0,0,0.366220429121584
274773.411807,2608366.126422,0.525013743815283,0,0,0,0,0.474986256184717
275273.411807,2608366.126422,0.139842172875757,0.142594971554414,0,0.00807487612405946,0.0012846393833731,0.708203340062397
262773.411807,2607866.126422,0.786989795918367,0.0401785714285714,0.0701530612244898,0.0274234693877551,0.029655612244898,0.0455994897959184
263273.411807,2607866.126422,0.925688073394495,0.0548623853211009,0.00128440366972477,0.0055045871559633,0.00348623853211009,0.00917431192660551
263773.411807,2607866.126422,0.906439185470556,0.0425609979820216,0,0.00146762062006971,0.000183452577508714,0.0493487433498441
264273.411807,2607866.126422,0.924358974358974,0.000549450549450549,0,0,0,0.0750915750915751
264773.411807,2607866.126422,0.837798165137615,0.0310091743119266,0.0154128440366972,0.0245871559633028,0.00660550458715596,0.0845871559633028
265273.411807,2607866.126422,0.811961108053568,0,0,0,0,0.188038891946432
265773.411807,2607866.126422,0.782051282051282,0.00201465201465201,0,0.000183150183150183,0.000366300366300366,0.215384615384615
266273.411807,2607866.126422,0.953394495412844,0.0146788990825688,0,0.00330275229357798,0.00201834862385321,0.026605504587156
266773.411807,2607866.126422,0.626674004769767,0.0599889928453495,0.167308750687947,0.0374243258117777,0.015410016510732,0.0931939093744267
267273.411807,2607866.126422,0.994688644688645,0,0,0,0,0.00531135531135531
267773.411807,2607866.126422,0.876697247706422,0.0185321100917431,0.0126605504587156,0.0306422018348624,0.00770642201834862,0.0537614678899083
268273.411807,2607866.126422,0.979269858741515,0,0,0,0,0.0207301412584847
268773.411807,2607866.126422,0.952380952380952,0.00347985347985348,0,0,0.000183150183150183,0.043956043956044
269273.411807,2607866.126422,0.861651376146789,0.00311926605504587,0.00018348623853211,0.00110091743119266,0.00073394495412844,0.133211009174312
269773.411807,2607866.126422,0.89011190607228,0,0,0,0.000183452577508714,0.109704641350211
270273.411807,2607866.126422,0.968864468864469,0.000366300366300366,0,0,0,0.0307692307692308
270773.411807,2607866.126422,0.982201834862385,0,0,0,0,0.0177981651376147
271273.411807,2607866.126422,0.953953403045313,0.00110071546505228,0,0,0,0.0449458814896349
271773.411807,2607866.126422,0.947985347985348,0,0,0,0,0.052014652014652
272273.411807,2607866.126422,0.935229357798165,0.00055045871559633,0,0,0,0.0642201834862385
272773.411807,2607866.126422,0.960557695835626,0.00348559897266557,0,0.000183452577508714,0,0.0357732526141992
273273.411807,2607866.126422,0.957509157509158,0.00750915750915751,0,0.00421245421245421,0.0032967032967033,0.0274725274725275
273773.411807,2607866.126422,0.894495412844037,0.0223853211009174,0.00275229357798165,0.011743119266055,0.00220183486238532,0.0664220183486239
274273.411807,2607866.126422,0.88736011740965,0.00146762062006971,0,0,0,0.111172261970281
274773.411807,2607866.126422,0.545238095238095,0.0119047619047619,0,0,0,0.442857142857143
275273.411807,2607866.126422,0.201651376146789,0.00458715596330275,0,0,0,0.793761467889908
262773.411807,2607366.126422,0.961109340133886,0.011794708320051,0.000956327701625757,0.0082881734140899,0.00255020720433535,0.0153012432260121
263273.411807,2607366.126422,0.994688644688645,0.0021978021978022,0,0.000183150183150183,0,0.00293040293040293
263773.411807,2607366.126422,0.984065934065934,0,0,0,0,0.0159340659340659
264273.411807,2607366.126422,0.976530986431977,0.000916758342500917,0,0,0,0.0225522552255226
264773.411807,2607366.126422,0.878205128205128,0.0302197802197802,0.0183150183150183,0.0250915750915751,0.00641025641025641,0.0417582417582418
265273.411807,2607366.126422,0.988461538461539,0.000366300366300366,0,0,0,0.0111721611721612
265773.411807,2607366.126422,0.973414008067473,0.0011001100110011,0,0,0,0.0254858819215255
266273.411807,2607366.126422,0.969413919413919,0,0,0,0,0.0305860805860806
266773.411807,2607366.126422,0.974358974358974,0.00549450549450549,0,0,0.000183150183150183,0.01996336996337
267273.411807,2607366.126422,0.933810047671434,0.0104510451045105,0.000733406674000733,0.00055005500550055,0.00055005500550055,0.0539053905390539
267773.411807,2607366.126422,0.927472527472528,0.0111721611721612,0.000183150183150183,0.0021978021978022,0.00146520146520147,0.0575091575091575
268273.411807,2607366.126422,0.851831501831502,0.0327838827838828,0.0115384615384615,0.0119047619047619,0.00952380952380952,0.0824175824175824
268773.411807,2607366.126422,0.87990465713238,0.0355702236890356,0.0326365969930326,0.00183351668500183,0.00256692335900257,0.0474880821415475
269273.411807,2607366.126422,0.952380952380952,0.00146520146520147,0,0,0,0.0461538461538462
269773.411807,2607366.126422,0.945054945054945,0.00274725274725275,0,0,0,0.0521978021978022
270273.411807,2607366.126422,0.970663733039971,0.00128346167950128,0,0,0,0.0280528052805281
270773.411807,2607366.126422,0.939194139194139,0.00146520146520147,0,0,0,0.0593406593406593
271273.411807,2607366.126422,0.986080586080586,0,0,0,0,0.0139194139194139
271773.411807,2607366.126422,0.969196919691969,0.00128346167950128,0,0.000183351668500183,0.000183351668500183,0.0291529152915292
272273.411807,2607366.126422,0.986813186813187,0,0,0,0,0.0131868131868132
272773.411807,2607366.126422,0.91996336996337,0.0043956043956044,0,0.000366300366300366,0.000732600732600733,0.0745421245421245
273273.411807,2607366.126422,0.993215988265493,0,0,0,0,0.00678401173450678
273773.411807,2607366.126422,0.952197802197802,0.00842490842490842,0,0.00970695970695971,0.00384615384615385,0.0258241758241758
