"x","y","forest","agri","water","built","other","grass"
313273.411807,2724366.126422,0.298498122653317,0.183979974968711,0.113266583229036,0.0350438047559449,0.0269086357947434,0.342302878598248
313773.411807,2724366.126422,0.588478676002546,0.08497772119669,0.0582431572246976,0.00159134309357097,0.00350095480585614,0.263208147676639
314273.411807,2724366.126422,0.926479949077021,0.0120942075111394,0.00159134309357097,0.00063653723742839,0.0060471037555697,0.0531508593252705
314773.411807,2724366.126422,0.938892425206875,0.0273711012094207,0,0,0,0.0337364735837047
315273.411807,2724366.126422,0.966263526416295,0.0216422660725652,0,0.00063653723742839,0,0.011457670273711
315773.411807,2724366.126422,0.773392743475493,0.0187778485041375,0,0,0,0.207829408020369
316273.411807,2724366.126422,0.936664544875875,0.00159134309357097,0,0,0,0.0617441120305538
316773.411807,2724366.126422,0.959261616804583,0.00190961171228517,0,0,0,0.0388287714831318
317273.411807,2724366.126422,0.836409929980904,0,0,0,0,0.163590070019096
317773.411807,2724366.126422,0.880012730744749,0,0,0,0,0.119987269255251
318273.411807,2724366.126422,0.683004455760662,0.0149586250795672,0,0.000954805856142584,0,0.301082113303628
318773.411807,2724366.126422,0.755887969446213,0.00795671546785487,0,0.00350095480585614,0.0060471037555697,0.226607256524507
319273.411807,2724366.126422,0.559834500318269,0.00222788033099936,0,0,0,0.437937619350732
319773.411807,2724366.126422,0.656588160407384,0.0340547422024188,0,0.000954805856142584,0.00445576066199873,0.303946530872056
320273.411807,2724366.126422,0.657861234882241,0.00891152132399745,0.00286441756842775,0.0305537873965627,0.0155951623169955,0.284213876511776
320773.411807,2724366.126422,0.0273711012094207,0.0789306174411203,0.0416931890515595,0.0642902609802673,0.0693825588796945,0.718332272437938
321273.411807,2724366.126422,0.141629535327817,0.0935709739019733,0.0143220878421388,0.0722469764481222,0.0598345003182686,0.61839592616168
321773.411807,2724366.126422,0.332272437937619,0.0607893061744112,0.00254614894971356,0.107893061744112,0.0658816040738383,0.430617441120306
322273.411807,2724366.126422,0.842775302355188,0.0366008911521324,0,0,0,0.12062380649268
322773.411807,2724366.126422,0.753978357733927,0.00159134309357097,0,0,0,0.244430299172502
323273.411807,2724366.126422,0.81413112667091,0,0,0,0,0.18586887332909
323773.411807,2724366.126422,0.324952259707193,0.00318268618714195,0.00222788033099936,0.0257797581158498,0.00986632718014004,0.633991088478676
324273.411807,2724366.126422,0.7488860598345,0.0681094844048377,0.000318268618714195,0.00541056651814131,0.000954805856142584,0.176320814767664
324773.411807,2724366.126422,0.736155315085933,0.0534691279439847,0,0,0,0.210375556970083
325273.411807,2724366.126422,0.859961807765754,0.0324633991088479,0,0.000318268618714195,0,0.107256524506684
325773.411807,2724366.126422,0.497769279796048,0.094327597195666,0,0.0210325047801147,0.0105162523900574,0.376354365838113
313273.411807,2723866.126422,0.676767676767677,0.0995670995670996,0,0,0,0.223665223665224
313773.411807,2723866.126422,0.462158695253802,0.0727505955653289,0.101887483965549,0.0304196444933113,0.0119113065787062,0.320872274143302
314273.411807,2723866.126422,0.535694622866581,0.030280785465223,0.177280234905487,0.0141310332171041,0.0108276748027161,0.231785648742889
314773.411807,2723866.126422,0.880616174582799,0.0161379057399597,0,0,0,0.103245919677242
315273.411807,2723866.126422,0.915154846985523,0.0108118013560564,0,0,0.000366501740883269,0.0736668499175371
315773.411807,2723866.126422,0.929161314002569,0,0,0,0,0.0708386859974307
316273.411807,2723866.126422,0.806895286997983,0.0159545204474601,0,0.00330093526499175,0.00128369704749679,0.172565560242069
316773.411807,2723866.126422,0.898662268645776,0,0,0,0,0.101337731354224
317273.411807,2723866.126422,0.866948063864929,0.00403743806202973,0,0,0,0.129014498073041
317773.411807,2723866.126422,0.817164863377957,0,0,0,0,0.182835136622043
318273.411807,2723866.126422,0.587319039765439,0.0540590067802822,0.0139270661535642,0.0284038849184534,0.0199743448781382,0.296316657504123
318773.411807,2723866.126422,0.404294365938704,0.0546889337493118,0,0.0170673518076711,0.0124793540099101,0.511469994494403
319273.411807,2723866.126422,0.582615074271043,0.0830735375022923,0,0.0438290849073904,0.0247570144874381,0.265725288831836
319773.411807,2723866.126422,0.49660985889683,0.03811618105186,0,0.0203408466190214,0.0188748396554884,0.4260582737768
320273.411807,2723866.126422,0.307762892273812,0.0284455863461186,0.143145531290145,0.0899247568361167,0.022389429253074,0.408331804000734
320773.411807,2723866.126422,0.203007518796992,0.0821566110397946,0.00421786172748946,0.119200440124702,0.0559325142123602,0.535485054098661
321273.411807,2723866.126422,0.398204141469672,0.0353674179952355,0.000549752611324904,0.100604727872457,0.0328019058090526,0.432472054242258
321773.411807,2723866.126422,0.181501192879427,0.0332171040557901,0.0712057258212516,0.162598641952652,0.0567076527803267,0.494769682510552
322273.411807,2723866.126422,0.864294883550339,0.00733541169998166,0,0.000183385292499542,0,0.12818631945718
322773.411807,2723866.126422,0.735568993952721,0.00989554700384827,0,0.0089792926516401,0.00256551218618288,0.242990654205607
323273.411807,2723866.126422,0.826023123508901,0.0311983850247752,0,0,0,0.142778491466324
323773.411807,2723866.126422,0.423253255088942,0.0847240051347882,0.00275077938749312,0.0454795525398863,0.0187052998349532,0.425087108013937
324273.411807,2723866.126422,0.807953087777167,0.0194245922668133,0,0.00403151914971596,0.000733003481766538,0.167857797324537
324773.411807,2723866.126422,0.732611488346486,0.031932464672417,0,0.0495503762158194,0.0104606349788952,0.175445035786383
325273.411807,2723866.126422,0.65193471483587,0.0177883733724555,0,0.0053181734824867,0.00311754997249221,0.321841188336695
325773.411807,2723866.126422,0.262105649303008,0.0445707997065297,0,0.0467718268525312,0.030997798972854,0.615553925165077
313273.411807,2723366.126422,0.770923520923521,0.142857142857143,0,0.000721500721500722,0.000360750360750361,0.0851370851370851
313773.411807,2723366.126422,0.806410256410256,0.0542124542124542,0,0,0,0.139377289377289
314273.411807,2723366.126422,0.331009174311927,0.0379816513761468,0.25651376146789,0.0803669724770642,0.0444036697247706,0.249724770642202
314773.411807,2723366.126422,0.88589249678958,0.00697119794533113,0,0,0,0.107136305265089
315273.411807,2723366.126422,0.856043956043956,0.0142857142857143,0,0,0,0.12967032967033
315773.411807,2723366.126422,0.879082568807339,0.00422018348623853,0,0.00073394495412844,0.00220183486238532,0.113761467889908
316273.411807,2723366.126422,0.831957439002018,0.00807191341038342,0.000183452577508714,0.00935608145294441,0.00458631443771785,0.145844799119428
316773.411807,2723366.126422,0.87014652014652,0.00457875457875458,0,0,0,0.125274725274725
317273.411807,2723366.126422,0.724403669724771,0.0447706422018349,0,0.00697247706422018,0.00477064220183486,0.219082568807339
317773.411807,2723366.126422,0.741698770867731,0.0748486516235553,0.00366905155017428,0.0245826453861677,0.0258668134287287,0.129334067143643
318273.411807,2723366.126422,0.90952380952381,0.0142857142857143,0,0,0,0.0761904761904762
318773.411807,2723366.126422,0.789908256880734,0.0337614678899083,0,0.00201834862385321,0.0018348623853211,0.172477064220183
319273.411807,2723366.126422,0.446156668501192,0.145661346541919,0,0.0440286186020914,0.0495321959273528,0.314621170427445
319773.411807,2723366.126422,0.0824175824175824,0.128388278388278,0.105128205128205,0.131684981684982,0.0611721611721612,0.491208791208791
320273.411807,2723366.126422,0.400917431192661,0.148623853211009,0.100366972477064,0.0376146788990826,0.0258715596330275,0.286605504587156
320773.411807,2723366.126422,0.872683911208953,0.0627407815079802,0,0.001284168042561,0.000183452577508714,0.0631076866629976
321273.411807,2723366.126422,0.803846153846154,0.0291208791208791,0,0.00274725274725275,0.00293040293040293,0.161355311355311
321773.411807,2723366.126422,0.175229357798165,0.0425688073394495,0.105688073394495,0.120366972477064,0.0537614678899083,0.502385321100917
322273.411807,2723366.126422,0.592735277930655,0.0603558980003669,0.000550357732526142,0.0091726288754357,0.00697119794533113,0.330214639515685
322773.411807,2723366.126422,0.667765567765568,0.0620879120879121,0,0.00457875457875458,0.00384615384615385,0.261721611721612
323273.411807,2723366.126422,0.80954128440367,0.0488073394495413,0,0,0,0.141651376146789
323773.411807,2723366.126422,0.706659328563566,0.0260502660062374,0.000366905155017428,0.00715465052283985,0.00293524124013942,0.2568336085122
324273.411807,2723366.126422,0.719413919413919,0.0919413919413919,0.0021978021978022,0.0183150183150183,0.00695970695970696,0.161172161172161
324773.411807,2723366.126422,0.866238532110092,0.0154128440366972,0,0,0,0.118348623853211
325273.411807,2723366.126422,0.80315538433315,0.0372408732342689,0,0.000366905155017428,0.000550357732526142,0.158686479545038
325773.411807,2723366.126422,0.306141154903758,0.0575618698441797,0.00128322639780018,0.0434463794683776,0.0410632447296059,0.550504124656279
313273.411807,2722866.126422,0.713462922966163,0,0,0,0,0.286537077033837
313773.411807,2722866.126422,0.80986431976531,0.00146681334800147,0,0,0,0.188668866886689
314273.411807,2722866.126422,0.339377289377289,0.0347985347985348,0.337728937728938,0.0510989010989011,0.0324175824175824,0.204578754578755
314773.411807,2722866.126422,0.787728937728938,0.0565934065934066,0,0.00366300366300366,0.00311355311355311,0.148901098901099
315273.411807,2722866.126422,0.847268060139347,0.00513384671800513,0,0,0,0.147598093142648
315773.411807,2722866.126422,0.810622710622711,0,0,0,0,0.189377289377289
316273.411807,2722866.126422,0.865934065934066,0.0128205128205128,0,0.000183150183150183,0,0.121062271062271
316773.411807,2722866.126422,0.781444811147781,0.0799413274660799,0,0,0,0.138613861386139
317273.411807,2722866.126422,0.777838827838828,0.0318681318681319,0,0,0.000366300366300366,0.18992673992674
317773.411807,2722866.126422,0.776007326007326,0.101098901098901,0,0,0.000366300366300366,0.122527472527473
318273.411807,2722866.126422,0.800880088008801,0.0157682434910158,0,0,0,0.183351668500183
318773.411807,2722866.126422,0.671245421245421,0.0551282051282051,0,0.0146520146520147,0.0137362637362637,0.245238095238095
319273.411807,2722866.126422,0.114285714285714,0.0653846153846154,0.0326007326007326,0.322893772893773,0.0445054945054945,0.42032967032967
319773.411807,2722866.126422,0.0957095709570957,0.0837917125045838,0.0617895122845618,0.266593325999267,0.105977264393106,0.386138613861386
320273.411807,2722866.126422,0.843223443223443,0.0417582417582418,0.000183150183150183,0.000915750915750916,0.00146520146520147,0.112454212454212
320773.411807,2722866.126422,0.87967032967033,0.0355311355311355,0,0,0,0.0847985347985348
321273.411807,2722866.126422,0.854235423542354,0.0544554455445545,0,0.000366703337000367,0.00055005500550055,0.0903923725705904
321773.411807,2722866.126422,0.485531135531136,0.0617216117216117,0.05,0.0602564102564103,0.0373626373626374,0.305128205128205
322273.411807,2722866.126422,0.585164835164835,0.0633699633699634,0.102564102564103,0.0474358974358974,0.0119047619047619,0.18956043956044
322773.411807,2722866.126422,0.896039603960396,0.0616061606160616,0,0.000916758342500917,0.000183351668500183,0.0412541254125413
323273.411807,2722866.126422,0.847619047619048,0.056959706959707,0,0.000915750915750916,0.000549450549450549,0.093956043956044
323773.411807,2722866.126422,0.808424908424908,0.036996336996337,0.00128205128205128,0.00347985347985348,0.00347985347985348,0.146336996336996
324273.411807,2722866.126422,0.89035570223689,0.041987532086542,0,0.000366703337000367,0.000183351668500183,0.0671067106710671
324773.411807,2722866.126422,0.906593406593407,0.0205128205128205,0,0.000549450549450549,0,0.0723443223443224
325273.411807,2722866.126422,0.815567765567766,0.0192307692307692,0,0,0,0.165201465201465
325773.411807,2722866.126422,0.307889908256881,0.134128440366972,0.00972477064220183,0.0568807339449541,0.0357798165137615,0.455596330275229
313273.411807,2722366.126422,0.657647907647908,0.0198412698412698,0,0.00108225108225108,0.00108225108225108,0.32034632034632
313773.411807,2722366.126422,0.727322704782848,0.000183250870441635,0,0.009529045262965,0.00678028220634048,0.256184716877405
314273.411807,2722366.126422,0.488162965681776,0.0291796659937603,0.214718296935217,0.0345017434391632,0.0220223894292531,0.21141493852083
314773.411807,2722366.126422,0.495690445626261,0.0247570144874381,0.168347698514579,0.0421786172748946,0.0297084173849257,0.239317806711902
315273.411807,2722366.126422,0.818948140003665,0.0359171706065604,0,0.000549752611324904,0,0.14458493677845
315773.411807,2722366.126422,0.782345384474215,0.0300972655533125,0,0.000734079647641769,0.00165167920719398,0.185171591117636
316273.411807,2722366.126422,0.847056666055382,0.04401247019989,0,0,0,0.108930863744728
316773.411807,2722366.126422,0.803371816016126,0.072200842954004,0,0,0,0.12442734102987
317273.411807,2722366.126422,0.731143329051202,0.0491833363919985,0,0.00679023674068636,0.00238575885483575,0.210497338961277
317773.411807,2722366.126422,0.894003300935265,0.000733541169998166,0,0,0,0.105263157894737
318273.411807,2722366.126422,0.829759941359721,0.00879604178119846,0.00274876305662452,0.0172255818215137,0.0120945574491479,0.129375114531794
318773.411807,2722366.126422,0.648742888603413,0.0644154890805652,0.011194714626537,0.0343182235272527,0.0275279867865663,0.213800697375665
319273.411807,2722366.126422,0.20814230698698,0.0805061434072987,0.216578030441959,0.186686227764533,0.0702365670273244,0.237850724371905
319773.411807,2722366.126422,0.736301997434488,0.0415979475902511,0,0.009529045262965,0.0042147700201576,0.208356239692139
320273.411807,2722366.126422,0.621214901816847,0.0326665443200587,0.0372545421178198,0.0491833363919985,0.025325747843641,0.234354927509635
320773.411807,2722366.126422,0.747478452228131,0.0421786172748946,0,0,0,0.210342930496974
321273.411807,2722366.126422,0.839838739234011,0.043613707165109,0,0,0,0.11654755360088
321773.411807,2722366.126422,0.893007891356212,0.0220223894292531,0.000367039823820885,0.00513855753349238,0.00513855753349238,0.0743255643237291
322273.411807,2722366.126422,0.252338162479369,0.0427287731523932,0.318540253071704,0.119200440124702,0.0407115349348982,0.226480836236934
322773.411807,2722366.126422,0.836906725306945,0.101154480483782,0,0,0,0.0619387942092725
323273.411807,2722366.126422,0.838685997430721,0.0277115066984768,0,0,0,0.133602495870802
323773.411807,2722366.126422,0.807262057582982,0.0742710434623143,0,0,0,0.118466898954704
324273.411807,2722366.126422,0.913505589151548,0.0439802089059923,0,0.000366501740883269,0.000183250870441635,0.0419644493311343
324773.411807,2722366.126422,0.8963112497706,0.000183519911910442,0,0,0,0.103505230317489
325273.411807,2722366.126422,0.794058316523015,0.0353933614524115,0,0.000183385292499542,0,0.170364936732074
325773.411807,2722366.126422,0.526595744680851,0.143800440205429,0.00385179750550257,0.026962582538518,0.0172413793103448,0.281548055759354
313273.411807,2721866.126422,0.617604617604618,0.285353535353535,0.00793650793650794,0.00505050505050505,0.0252525252525253,0.0588023088023088
313773.411807,2721866.126422,0.715384615384615,0.152930402930403,0.03003663003663,0.0124542124542125,0.0120879120879121,0.0771062271062271
314273.411807,2721866.126422,0.668990825688073,0.116880733944954,0.061651376146789,0.00715596330275229,0.00623853211009174,0.139082568807339
314773.411807,2721866.126422,0.679324894514768,0.0704457897633462,0.0396257567418822,0.017978352595854,0.0355898000366905,0.157035406347459
315273.411807,2721866.126422,0.595421245421245,0.0380952380952381,0.135164835164835,0.0450549450549451,0.0278388278388278,0.158424908424908
315773.411807,2721866.126422,0.835045871559633,0.0559633027522936,0,0,0.00018348623853211,0.108807339449541
316273.411807,2721866.126422,0.879838561731792,0.00752155567785727,0,0,0,0.11263988259035
316773.411807,2721866.126422,0.772893772893773,0.00824175824175824,0,0,0,0.218864468864469
317273.411807,2721866.126422,0.812110091743119,0.0937614678899083,0,0,0,0.0941284403669725
317773.411807,2721866.126422,0.797651807007889,0.01284168042561,0,0.000183452577508714,0.000183452577508714,0.189139607411484
318273.411807,2721866.126422,0.823809523809524,0.111538461538462,0,0.0010989010989011,0.0021978021978022,0.0613553113553114
318773.411807,2721866.126422,0.848623853211009,0.0310091743119266,0,0.00018348623853211,0,0.120183486238532
319273.411807,2721866.126422,0.327279398275546,0.0702623371858375,0.307466519904605,0.0548523206751055,0.0403595670519171,0.19977985690699
319773.411807,2721866.126422,0.876190476190476,0.0254578754578755,0,0,0,0.0983516483516483
320273.411807,2721866.126422,0.68697247706422,0.0374311926605505,0.0269724770642202,0.0484403669724771,0.0310091743119266,0.169174311926606
320773.411807,2721866.126422,0.900385250412768,0.0330214639515685,0,0,0,0.0665932856356632
321273.411807,2721866.126422,0.802747252747253,0.0413919413919414,0,0,0,0.155860805860806
321773.411807,2721866.126422,0.740183486238532,0.146605504587156,0.0115596330275229,0.0036697247706422,0.00110091743119266,0.0968807339449541
322273.411807,2721866.126422,0.385433865345808,0.0454962392221611,0.25958539717483,0.111355714547789,0.0445789763346175,0.153549807374794
322773.411807,2721866.126422,0.712637362637363,0.123992673992674,0,0,0,0.163369963369963
323273.411807,2721866.126422,0.717614678899083,0.0297247706422018,0,0,0,0.252660550458716
323773.411807,2721866.126422,0.675655842964594,0.0706292423408549,0,0,0,0.253714914694551
324273.411807,2721866.126422,0.863186813186813,0.091025641025641,0.000915750915750916,0,0.000366300366300366,0.0445054945054945
324773.411807,2721866.126422,0.957614678899083,0.00348623853211009,0,0,0,0.0388990825688073
325273.411807,2721866.126422,0.802421574023115,0.0869565217391304,0.000733810310034856,0.000550357732526142,0.00165107319757843,0.107686662997615
325773.411807,2721866.126422,0.884142988084326,0.102291475710357,0,0,0,0.0135655362053162
313273.411807,2721366.126422,0.873290136789057,0.0694744420446364,0,0,0,0.0572354211663067
313773.411807,2721366.126422,0.920975430876421,0.0421708837550422,0,0,0.000366703337000367,0.0364869820315365
314273.411807,2721366.126422,0.786996336996337,0.152564102564103,0,0.000366300366300366,0.000183150183150183,0.0598901098901099
314773.411807,2721366.126422,0.731868131868132,0.00622710622710623,0.0897435897435897,0.0117216117216117,0.00531135531135531,0.155128205128205
315273.411807,2721366.126422,0.754675467546755,0.103593692702604,0.0500550055005501,0.0044004400440044,0.00495049504950495,0.0823248991565823
315773.411807,2721366.126422,0.882051282051282,0.0706959706959707,0,0,0,0.0472527472527473
316273.411807,2721366.126422,0.798351648351648,0.0386446886446886,0,0.000366300366300366,0,0.162637362637363
316773.411807,2721366.126422,0.7995966263293,0.0793912724605794,0,0,0,0.121012101210121
317273.411807,2721366.126422,0.845054945054945,0.0446886446886447,0,0,0,0.11025641025641
317773.411807,2721366.126422,0.724542124542125,0.121062271062271,0,0.0181318681318681,0.0115384615384615,0.124725274725275
318273.411807,2721366.126422,0.766960029336267,0.0964429776310964,0,0.00055005500550055,0.000183351668500183,0.135863586358636
318773.411807,2721366.126422,0.826007326007326,0.0712454212454212,0,0,0.000366300366300366,0.102380952380952
319273.411807,2721366.126422,0.597069597069597,0.0177655677655678,0.143772893772894,0.0274725274725275,0.0212454212454212,0.192673992673993
319773.411807,2721366.126422,0.917125045837917,0.0174184085075174,0,0,0,0.0654565456545655
320273.411807,2721366.126422,0.868315018315018,0.0525641025641026,0,0.000366300366300366,0.000366300366300366,0.0783882783882784
320773.411807,2721366.126422,0.83974358974359,0.0840659340659341,0,0,0,0.0761904761904762
321273.411807,2721366.126422,0.744041070773744,0.146314631463146,0.000733406674000733,0,0.000366703337000367,0.108544187752109
321773.411807,2721366.126422,0.784249084249084,0.0454212454212454,0.000366300366300366,0,0.000183150183150183,0.16978021978022
322273.411807,2721366.126422,0.747252747252747,0.129304029304029,0.0148351648351648,0.010989010989011,0.00293040293040293,0.0946886446886447
322773.411807,2721366.126422,0.458379171250458,0.0617895122845618,0.231023102310231,0.0537220388705537,0.00935093509350935,0.185735240190686
323273.411807,2721366.126422,0.667582417582418,0.141025641025641,0,0,0,0.191391941391941
323773.411807,2721366.126422,0.916666666666667,0.0197802197802198,0,0,0,0.0635531135531135
324273.411807,2721366.126422,0.888888888888889,0.00495049504950495,0,0,0,0.106160616061606
324773.411807,2721366.126422,0.788644688644689,0.141208791208791,0,0.00293040293040293,0.00128205128205128,0.0659340659340659
325273.411807,2721366.126422,0.873260073260073,0.116849816849817,0.000183150183150183,0,0,0.00970695970695971
325773.411807,2721366.126422,0.844954128440367,0.126605504587156,0.00036697247706422,0,0,0.0280733944954128
313273.411807,2720866.126422,0.821789321789322,0.11976911976912,0,0.00216450216450216,0.00144300144300144,0.0548340548340548
313773.411807,2720866.126422,0.816749129558365,0.158695253802456,0.00109950522264981,0.00311526479750779,0.0042147700201576,0.0161260765988638
314273.411807,2720866.126422,0.918150119287943,0.0291796659937603,0,0,0,0.0526702147182969
314773.411807,2720866.126422,0.856776086557858,0.0896754080322758,0.00421786172748946,0.00128369704749679,0.00238400880249404,0.0456629378323858
315273.411807,2720866.126422,0.823346160894264,0.117463807953088,0.0119113065787062,0.00384826827927433,0.00733003481766538,0.036100421477002
315773.411807,2720866.126422,0.814277849146632,0.150119287942742,0.00880895577170123,0.00660671682877592,0.0047715177096715,0.0154156726004772
316273.411807,2720866.126422,0.86392811296534,0.117549972492206,0,0,0,0.0185219145424537
316773.411807,2720866.126422,0.877221916804105,0.102437236576874,0,0,0,0.0203408466190214
317273.411807,2720866.126422,0.709304459533859,0.119287942741787,0,0,0,0.171407597724353
317773.411807,2720866.126422,0.555657436273611,0.0165046763249587,0,0.00513478818998716,0.00110031175499725,0.421602787456446
318273.411807,2720866.126422,0.66483415796225,0.00989554700384827,0,0,0,0.325270295033901
318773.411807,2720866.126422,0.766929711873738,0.0214718296935217,0.00403743806202973,0.00844191594788034,0.00734079647641769,0.191778307946412
319273.411807,2720866.126422,0.510177883733725,0.138639281129653,0.0454795525398863,0.0407115349348982,0.0330093526499175,0.23198239501192
319773.411807,2720866.126422,0.893164742532527,0.0498442367601246,0,0,0,0.0569910207073484
320273.411807,2720866.126422,0.913562121490182,0.0192695907505964,0,0.00311983850247752,0.00293631859056708,0.0611121306661773
320773.411807,2720866.126422,0.850174216027875,0.101045296167247,0,0,0.000183385292499542,0.0485971025123785
321273.411807,2720866.126422,0.789811251603445,0.072200842954004,0,0,0,0.137987905442551
321773.411807,2720866.126422,0.798128096898513,0.0266103872270141,0,0.0034868783262984,0.00256927876674619,0.169205358781428
322273.411807,2720866.126422,0.799376490005502,0.0566660553823583,0,0.00330093526499175,0.00146708233999633,0.139189437007152
322773.411807,2720866.126422,0.567894447498626,0.118929814916621,0.170606560381162,0.01905809052593,0.00989554700384827,0.113615539673813
323273.411807,2720866.126422,0.538447421545238,0.0737750045879978,0.163516241512204,0.0339511837034318,0.0135804734813727,0.176729675169756
323773.411807,2720866.126422,0.822666422152943,0.106913625527233,0,0.000550155877498625,0.00128369704749679,0.0685860993948285
324273.411807,2720866.126422,0.869891881986439,0.00128275609309144,0,0,0,0.128825361920469
324773.411807,2720866.126422,0.721416773719949,0.0745090842356396,0,0.0625802899614608,0.0600110111947146,0.0814828408882364
325273.411807,2720866.126422,0.897120850907757,0.0641848523748395,0,0,0,0.0386942967174033
325773.411807,2720866.126422,0.898936170212766,0.0843727072633896,0,0.000366837857666911,0.000733675715333822,0.0155906089508437
313273.411807,2720366.126422,0.97041847041847,0.0104617604617605,0,0,0,0.0191197691197691
313773.411807,2720366.126422,0.86996336996337,0.0010989010989011,0,0,0,0.128937728937729
314273.411807,2720366.126422,0.817981651376147,0,0,0,0,0.182018348623853
314773.411807,2720366.126422,0.85452210603559,0.0165107319757843,0.00532012474775271,0.0091726288754357,0.00697119794533113,0.107503210420106
315273.411807,2720366.126422,0.808058608058608,0.0891941391941392,0.0166666666666667,0.010989010989011,0.0144688644688645,0.0606227106227106
315773.411807,2720366.126422,0.904770642201835,0.0392660550458716,0.00018348623853211,0.00165137614678899,0.00587155963302752,0.048256880733945
316273.411807,2720366.126422,0.864795450376078,0.0418271876719868,0,0,0,0.0933773619519354
316773.411807,2720366.126422,0.917582417582418,0.0406593406593407,0,0,0,0.0417582417582418
317273.411807,2720366.126422,0.831559633027523,0.0392660550458716,0,0,0,0.129174311926606
317773.411807,2720366.126422,0.862960924600991,0.00770500825536599,0,0.000733810310034856,0,0.128600256833609
318273.411807,2720366.126422,0.765750915750916,0.0113553113553114,0,0.000183150183150183,0.000366300366300366,0.222344322344322
318773.411807,2720366.126422,0.704403669724771,0.0251376146788991,0.00568807339449541,0.0113761467889908,0.00807339449541284,0.245321100917431
319273.411807,2720366.126422,0.736011740964961,0.0543019629425793,0.000550357732526142,0,0,0.209135938359934
319773.411807,2720366.126422,0.747985347985348,0.213553113553114,0.00238095238095238,0,0,0.0360805860805861
320273.411807,2720366.126422,0.922385321100917,0.0559633027522936,0,0,0,0.021651376146789
320773.411807,2720366.126422,0.861860209135938,0.0684278114107503,0,0.00183452577508714,0.00201797835259585,0.0658594753256283
321273.411807,2720366.126422,0.952014652014652,0.00750915750915751,0,0,0,0.0404761904761905
321773.411807,2720366.126422,0.858899082568807,0.0385321100917431,0,0.00018348623853211,0.00018348623853211,0.102201834862385
322273.411807,2720366.126422,0.643551641900569,0.167492203265456,0.00091726288754357,0.00807191341038342,0.00513667217024399,0.174830306365804
322773.411807,2720366.126422,0.760989010989011,0.12032967032967,0,0.000549450549450549,0.000732600732600733,0.117399267399267
323273.411807,2720366.126422,0.581834862385321,0.177981651376147,0.118715596330275,0.0128440366972477,0.00293577981651376,0.105688073394495
323773.411807,2720366.126422,0.658961658411301,0.0509998165474225,0.0722803155384333,0.00385250412768299,0.00238488350761328,0.211520821867547
324273.411807,2720366.126422,0.788827838827839,0.113919413919414,0,0,0,0.0972527472527473
324773.411807,2720366.126422,0.870091743119266,0.0205504587155963,0,0.00623853211009174,0.00715596330275229,0.0959633027522936
325273.411807,2720366.126422,0.806640983305815,0.0539350577875619,0,0.0177949000183453,0.0251330031186938,0.0964960557695836
325773.411807,2720366.126422,0.843996333638863,0.0824931255728689,0,0.0269477543538038,0.0234647112740605,0.0230980751604033
313273.411807,2719866.126422,0.962922966162707,0.000359971202303816,0,0,0,0.0367170626349892
313773.411807,2719866.126422,0.922625595892923,0.00366703337000367,0.00165016501650165,0.000733406674000733,0.000916758342500917,0.0704070407040704
314273.411807,2719866.126422,0.598351648351648,0.0626373626373626,0.084981684981685,0.0408424908424908,0.0265567765567766,0.186630036630037
314773.411807,2719866.126422,0.907142857142857,0.0716117216117216,0.00164835164835165,0,0.000732600732600733,0.0188644688644689
315273.411807,2719866.126422,0.848184818481848,0.0801246791345801,0,0.000916758342500917,0.000733406674000733,0.07004033736707
315773.411807,2719866.126422,0.814468864468864,0.071978021978022,0.000915750915750916,0.00787545787545788,0.00659340659340659,0.0981684981684982
316273.411807,2719866.126422,0.792307692307692,0.093956043956044,0.0010989010989011,0.0152014652014652,0.0120879120879121,0.0853479853479854
316773.411807,2719866.126422,0.877337733773377,0.0672900623395673,0.000183351668500183,0.0055005500550055,0.00531719838650532,0.0443711037770444
317273.411807,2719866.126422,0.901648351648352,0.0137362637362637,0,0,0,0.0846153846153846
317773.411807,2719866.126422,0.864285714285714,0.0543956043956044,0,0,0.000183150183150183,0.0811355311355311
318273.411807,2719866.126422,0.811881188118812,0.048038137147048,0,0,0,0.14008067473414
318773.411807,2719866.126422,0.698534798534798,0.043040293040293,0.0236263736263736,0.0117216117216117,0.0119047619047619,0.211172161172161
319273.411807,2719866.126422,0.742857142857143,0.159340659340659,0,0.00238095238095238,0.000549450549450549,0.0948717948717949
319773.411807,2719866.126422,0.918225155848918,0.026035936927026,0,0.0044004400440044,0.00055005500550055,0.0507884121745508
320273.411807,2719866.126422,0.968681318681319,0.0161172161172161,0.0119047619047619,0,0.000183150183150183,0.00311355311355311
320773.411807,2719866.126422,0.957326007326007,0.0263736263736264,0,0,0,0.0163003663003663
321273.411807,2719866.126422,0.910707737440411,0.070957095709571,0.00531719838650532,0,0,0.013017968463513
321773.411807,2719866.126422,0.813553113553114,0.0985347985347985,0,0.000183150183150183,0,0.0877289377289377
322273.411807,2719866.126422,0.748534798534799,0.1496336996337,0,0.000549450549450549,0.000183150183150183,0.101098901098901
322773.411807,2719866.126422,0.783828382838284,0.128712871287129,0.000366703337000367,0,0,0.0870920425375871
323273.411807,2719866.126422,0.852380952380952,0.115934065934066,0,0,0,0.0316849816849817
323773.411807,2719866.126422,0.660805860805861,0.0992673992673993,0.0604395604395604,0.0157509157509158,0.0194139194139194,0.144322344322344
324273.411807,2719866.126422,0.807480748074808,0.066006600660066,0.0055005500550055,0.0143014301430143,0.0122845617895123,0.0944261092775944
324773.411807,2719866.126422,0.883882783882784,0.0619047619047619,0,0,0,0.0542124542124542
325273.411807,2719866.126422,0.777472527472527,0.0573260073260073,0,0.0146520146520147,0.00970695970695971,0.140842490842491
325773.411807,2719866.126422,0.950091743119266,0.0111926605504587,0,0.00568807339449541,0.00220183486238532,0.0308256880733945
313273.411807,2719366.126422,0.770562770562771,0.00649350649350649,0,0,0,0.222943722943723
313773.411807,2719366.126422,0.718709913872091,0.191130657870625,0.0317024005864028,0.00366501740883269,0.00842954004031519,0.0463624702217336
314273.411807,2719366.126422,0.835566158928244,0.0440447788585061,0.00642319691686548,0.0100935951550743,0.00880895577170123,0.0950633143696091
314773.411807,2719366.126422,0.833302769117917,0.0502475701448744,0.0110031175499725,0.0141206675224647,0.0106363469649734,0.0806895286997983
315273.411807,2719366.126422,0.900128275609309,0.07623236210372,0,0.000183250870441635,0,0.0234561114165292
315773.411807,2719366.126422,0.818131767296752,0.152321526885667,0,0,0,0.0295467058175812
316273.411807,2719366.126422,0.939482853475151,0.0245736291949386,0,0.000183385292499542,0.00146708233999633,0.0342930496974143
316773.411807,2719366.126422,0.900678028220634,0.024555616639179,0,0,0,0.0747663551401869
317273.411807,2719366.126422,0.911726922371077,0.0247751881079097,0,0,0,0.063497889521013
317773.411807,2719366.126422,0.887584815697781,0.0166880616174583,0,0,0,0.0957271226847607
318273.411807,2719366.126422,0.783947223749313,0.00623052959501558,0.0197910940076965,0.0102620487447315,0.00641378046545721,0.173355323437786
318773.411807,2719366.126422,0.709855019269591,0.0924940356028629,0.00862543585979079,0.00458799779776106,0.00568911726922371,0.178748394200771
319273.411807,2719366.126422,0.906290115532734,0.0784889051898038,0,0,0,0.0152209792774619
319773.411807,2719366.126422,0.861462341946124,0.0888766721641928,0,0.000183250870441635,0.00238226131574125,0.0470954737035001
320273.411807,2719366.126422,0.910625802899615,0.0712057258212516,0.000367039823820885,0,0,0.0178014314553129
320773.411807,2719366.126422,0.731707317073171,0.0399779937649001,0,0,0,0.228314689161929
321273.411807,2719366.126422,0.781748213304013,0.0425142019424592,0,0,0,0.175737584753528
321773.411807,2719366.126422,0.836116718663975,0.0330335841438796,0,0,0,0.130849697192145
322273.411807,2719366.126422,0.910691362552723,0.0590500641848524,0,0,0,0.0302585732624244
322773.411807,2719366.126422,0.897013010811801,0.0830126443100605,0.000183250870441635,0,0,0.0197910940076965
323273.411807,2719366.126422,0.915397320609286,0.0442282987704166,0,0,0,0.0403743806202973
323773.411807,2719366.126422,0.857142857142857,0.0592334494773519,0,0.000550155877498625,0.000733541169998166,0.0823399963322941
324273.411807,2719366.126422,0.727505955653289,0.136888400219901,0.0322521531977277,0.0109950522264981,0.00971229613340663,0.0826461425691772
324773.411807,2719366.126422,0.627271058909892,0.0524866948063865,0.0992842723435493,0.0440447788585061,0.0242246283721784,0.152688566709488
325273.411807,2719366.126422,0.746194755180634,0.111314872547222,0.00586832935998533,0.0115532734274711,0.00788556757748029,0.117183201907207
325773.411807,2719366.126422,0.853264856933236,0.00770359501100514,0,0.00293470286133529,0.00513573000733676,0.130961115187087
313273.411807,2718866.126422,0.698412698412698,0.234487734487734,0.0122655122655123,0.00505050505050505,0.0104617604617605,0.0393217893217893
313773.411807,2718866.126422,0.826373626373626,0.135347985347985,0.0032967032967033,0.000183150183150183,0.00604395604395604,0.0287545787545788
314273.411807,2718866.126422,0.899266055045872,0.0557798165137615,0,0.00146788990825688,0.00330275229357798,0.0401834862385321
314773.411807,2718866.126422,0.912676573105852,0.0838378279214823,0.000366905155017428,0,0.00091726288754357,0.00220143093010457
315273.411807,2718866.126422,0.973076923076923,0.0269230769230769,0,0,0,0
315773.411807,2718866.126422,0.73302752293578,0.0363302752293578,0,0,0,0.230642201834862
316273.411807,2718866.126422,0.956888644285452,0.0310034855989727,0,0,0,0.0121078701155751
316773.411807,2718866.126422,0.961172161172161,0.00512820512820513,0,0,0,0.0336996336996337
317273.411807,2718866.126422,0.852477064220183,0.00036697247706422,0,0.00220183486238532,0.00110091743119266,0.143853211009174
317773.411807,2718866.126422,0.810676940011007,0.00275178866263071,0,0.00972298660796184,0.002568336085122,0.174279948633278
318273.411807,2718866.126422,0.617582417582418,0.0882783882783883,0.0450549450549451,0.0203296703296703,0.0173992673992674,0.211355311355311
318773.411807,2718866.126422,0.857064220183486,0.0954128440366973,0,0,0,0.0475229357798165
319273.411807,2718866.126422,0.927536231884058,0.0623738763529628,0,0,0,0.0100898917629793
319773.411807,2718866.126422,0.876373626373626,0.0655677655677656,0.00128205128205128,0,0,0.0567765567765568
320273.411807,2718866.126422,0.54605504587156,0.0135779816513761,0,0,0,0.440366972477064
320773.411807,2718866.126422,0.810676940011007,0.00275178866263071,0,0,0,0.186571271326362
321273.411807,2718866.126422,0.859340659340659,0.0327838827838828,0,0.0010989010989011,0.000732600732600733,0.106043956043956
321773.411807,2718866.126422,0.650275229357798,0.0598165137614679,0.00146788990825688,0.00128440366972477,0.00128440366972477,0.285871559633028
322273.411807,2718866.126422,0.828655292606861,0.104567969179967,0,0,0,0.0667767382131719
322773.411807,2718866.126422,0.831868131868132,0.151098901098901,0.000366300366300366,0,0,0.0166666666666667
323273.411807,2718866.126422,0.854678899082569,0.0304587155963303,0,0,0,0.114862385321101
323773.411807,2718866.126422,0.865162355531095,0.0783342505962209,0,0,0,0.0565033938726839
324273.411807,2718866.126422,0.974358974358974,0.00989010989010989,0,0,0,0.0157509157509158
324773.411807,2718866.126422,0.634495412844037,0.12697247706422,0.0948623853211009,0.0192660550458716,0.0165137614678899,0.107889908256881
325273.411807,2718866.126422,0.665199046046597,0.210420106402495,0.0221977618785544,0.0293524124013942,0.0165107319757843,0.0563199412951752
325773.411807,2718866.126422,0.847662694775435,0.0262144821264895,0,0.00219981668194317,0.00109990834097159,0.12282309807516
313273.411807,2718366.126422,0.811375089992801,0.170266378689705,0.00755939524838013,0,0.00179985601151908,0.00899928005759539
313773.411807,2718366.126422,0.863036303630363,0.0942427576090942,0.00055005500550055,0.000733406674000733,0.000366703337000367,0.0410707737440411
314273.411807,2718366.126422,0.717399267399267,0.167399267399267,0.030952380952381,0.0126373626373626,0.0152014652014652,0.0564102564102564
314773.411807,2718366.126422,0.768681318681319,0.191208791208791,0.0201465201465201,0.00677655677655678,0.00567765567765568,0.00750915750915751
315273.411807,2718366.126422,0.992299229922992,0.0077007700770077,0,0,0,0
315773.411807,2718366.126422,0.963919413919414,0.0313186813186813,0,0,0,0.00476190476190476
316273.411807,2718366.126422,0.984981684981685,0.00769230769230769,0,0,0,0.00732600732600733
316773.411807,2718366.126422,0.8998899889989,0,0,0,0,0.1001100110011
317273.411807,2718366.126422,0.741575091575092,0.0838827838827839,0.000366300366300366,0.000732600732600733,0.0010989010989011,0.172344322344322
317773.411807,2718366.126422,0.76007326007326,0.167765567765568,0.0102564102564103,0.00567765567765568,0.00384615384615385,0.0523809523809524
318273.411807,2718366.126422,0.712137880454712,0.127246057939127,0.0022002200220022,0.0155848918225156,0.0100843417675101,0.132746607994133
318773.411807,2718366.126422,0.941391941391941,0.0428571428571429,0,0,0,0.0157509157509158
319273.411807,2718366.126422,0.873443223443223,0.117765567765568,0.00421245421245421,0,0,0.00457875457875458
319773.411807,2718366.126422,0.81004767143381,0.0445544554455446,0.000183351668500183,0,0,0.145214521452145
320273.411807,2718366.126422,0.823626373626374,0.00934065934065934,0,0.000366300366300366,0.000183150183150183,0.166483516483516
320773.411807,2718366.126422,0.814468864468864,0.0155677655677656,0,0.00494505494505494,0.00146520146520147,0.163553113553114
321273.411807,2718366.126422,0.846167950128346,0.0128346167950128,0.0132013201320132,0.0181518151815182,0.0055005500550055,0.104143747708104
321773.411807,2718366.126422,0.976190476190476,0.00201465201465201,0,0,0,0.0217948717948718
322273.411807,2718366.126422,0.98021978021978,0.0100732600732601,0,0,0,0.00970695970695971
322773.411807,2718366.126422,0.972130546387972,0.00128346167950128,0,0,0,0.0265859919325266
323273.411807,2718366.126422,0.942857142857143,0.00512820512820513,0,0,0,0.052014652014652
323773.411807,2718366.126422,0.905311355311355,0.0681318681318681,0,0,0,0.0265567765567766
324273.411807,2718366.126422,0.677851118445178,0.037953795379538,0.0737073707370737,0.0608727539420609,0.0185185185185185,0.131096442977631
324773.411807,2718366.126422,0.833333333333333,0.137728937728938,0.0245421245421245,0.000366300366300366,0.000183150183150183,0.00384615384615385
325273.411807,2718366.126422,0.806776556776557,0.114652014652015,0.00586080586080586,0.0043956043956044,0.00531135531135531,0.063003663003663
325773.411807,2718366.126422,0.910275229357798,0.0724770642201835,0.00678899082568807,0,0,0.0104587155963303
313273.411807,2717866.126422,0.858225108225108,0.127705627705628,0.00108225108225108,0,0,0.012987012987013
313773.411807,2717866.126422,0.968297599413597,0.0267546270844787,0.00274876305662452,0,0,0.00219901044529962
314273.411807,2717866.126422,0.706368140943292,0.209946779225546,0.0655166085520279,0.00403743806202973,0.00679023674068636,0.00734079647641769
314773.411807,2717866.126422,0.782138272510545,0.121767834219696,0.0647350082523382,0.00898587933247754,0.0097194205024757,0.0126535851824684
315273.411807,2717866.126422,0.940260216236027,0.0465457210921752,0.0104452996151732,0.000183250870441635,0.00256551218618288,0
315773.411807,2717866.126422,0.960726738851165,0.0374380620297302,0,0,0,0.00183519911910442
