"x","y","forest","agri","water","built","other","grass"
160773.411807,2599866.126422,0.0908199934661875,0.895459000326691,0,0,0,0.0137210062071219
161273.411807,2599866.126422,0.200385356454721,0.799614643545279,0,0,0,0
161773.411807,2599866.126422,0.127718139278833,0.846132672722268,0.00550509221029452,0.00825763831544178,0.0011010184420589,0.0112854390311038
162273.411807,2599866.126422,0.144037455246489,0.843844670889562,0,0,0,0.0121178738639493
162773.411807,2599866.126422,0.162124965593174,0.830993669143958,0,0,0,0.00688136526286815
163273.411807,2599866.126422,0.150564271951555,0.687035507844756,0.0803743462703,0.0253234241673548,0.0176162950729425,0.0390861546930911
163773.411807,2599866.126422,0,0.573946571192509,0.246763976865877,0.0793169925640319,0.0291930597631506,0.0707793996144313
164273.411807,2599866.126422,0.0101844205890449,0.529589870630333,0.175337186897881,0.0682631434076521,0.052298375997798,0.164327002477291
164773.411807,2599866.126422,0.0233966418937517,0.351500137627305,0.113955408753097,0.0759702725020644,0.0792733278282411,0.355904211395541
165273.411807,2599866.126422,0.0261635912971633,0.291655191407326,0.03304874690168,0.145414486367392,0.0468190581107133,0.456898925915726
165773.411807,2599866.126422,0.0206440957886045,0.218827415359207,0,0.0217451142306634,0.0605560143132397,0.678227360308285
166273.411807,2599866.126422,0.0396366639141206,0.117808973300303,0,0.107899807321773,0.22598403523259,0.508670520231214
166773.411807,2599866.126422,0.652437345083999,0.0316717157807766,0,0,0.00468190581107133,0.311209033324153
167273.411807,2599866.126422,0.375997797963116,0.04018717313515,0,0.0063308560418387,0.0674373795761079,0.510046793283788
167773.411807,2599866.126422,0.16597853014038,0.136801541425819,0,0.0264244426094137,0.176988714560969,0.493806771263419
168273.411807,2599866.126422,0.030570090884054,0.326080969429909,0,0,0.00440649958689066,0.638942440099146
168773.411807,2599866.126422,0.0112854390311038,0.37737407101569,0,0,0.00880814753647124,0.602532342416735
169273.411807,2599866.126422,0.000825763831544178,0.554913294797688,0,0.00247729149463253,0.0244976603358106,0.417285989540325
169773.411807,2599866.126422,0.0335995593500413,0.381437620490223,0,0.025612778848802,0.0567336821812173,0.502616359129716
170273.411807,2599866.126422,0.0792733278282411,0.230388109000826,0,0.0203688411780897,0.14616019818332,0.523809523809524
170773.411807,2599866.126422,0.0960638590696394,0.273878337462153,0,0.043214973850812,0.100467932837875,0.486374896779521
171273.411807,2599866.126422,0.0707793996144313,0.4629578628477,0,0.0424125585238226,0.0633434315615533,0.360506747452492
171773.411807,2599866.126422,0.0814753647123589,0.272777319020094,0,0.0666116157445637,0.191852463528764,0.38728323699422
172273.411807,2599866.126422,0.0211946050096339,0.258739333883843,0,0.00275254610514726,0.0143132397467658,0.703000275254611
172773.411807,2599866.126422,0.0137703112090333,0.299366565684384,0,0.0201046543651887,0.0683007435968053,0.598457725144588
173273.411807,2599866.126422,0.0016827934371056,0.354648716870004,0,0.000420698359276399,0.00799326882625158,0.635254522507362
160773.411807,2599366.126422,0.0717344753747323,0.533190578158458,0.330835117773019,0.0625267665952891,0.000428265524625268,0.0012847965738758
161273.411807,2599366.126422,0.226463571297486,0.772985868966783,0,0,0,0.000550559735731327
161773.411807,2599366.126422,0.228864845039428,0.765083440308087,0,0.000366770584999083,0.000366770584999083,0.0053181734824867
162273.411807,2599366.126422,0.152647975077882,0.576140736668499,0.266446765622137,0.00384826827927433,0.000183250870441635,0.000733003481766538
162773.411807,2599366.126422,0.180583593319875,0.428151954487062,0.367406863644705,0.00238575885483575,0.0012846393833731,0.0201871903101487
163273.411807,2599366.126422,0.125618925362186,0.534568127636164,0.234733174399413,0.0353933614524115,0.0130203557674674,0.0566660553823583
163773.411807,2599366.126422,0.00293201392706615,0.342862378596298,0.437419827744182,0.07623236210372,0.0234561114165292,0.117097306212205
164273.411807,2599366.126422,0.00660671682877592,0.40264268673151,0.263718113415306,0.0956138741053404,0.0378051018535511,0.193613507065517
164773.411807,2599366.126422,0.00641848523748395,0.338896020539153,0.236750412616908,0.136255272327159,0.0496974142673758,0.23198239501192
165273.411807,2599366.126422,0.049660985889683,0.170056807769837,0.0842954004031519,0.222649807586586,0.123694337548103,0.349642660802639
165773.411807,2599366.126422,0.0420260598274913,0.171774637548174,0.12038906221325,0.217838135437695,0.175077995962562,0.272894109010828
166273.411807,2599366.126422,0.278745644599303,0.0471300201723822,0.0100861910874748,0.0333761232349166,0.0544654318723638,0.57619658903356
166773.411807,2599366.126422,0.404617921935129,0.0296866410115448,0,0.230346344145135,0.121861828843687,0.213487264064504
167273.411807,2599366.126422,0.447054505413837,0.00770783630023858,0,0.00146815929528354,0.0631308496971921,0.480638649293448
167773.411807,2599366.126422,0.475151292866312,0.0408949202273978,0,0.0115532734274711,0.0518980377773703,0.420502475701449
168273.411807,2599366.126422,0.134322888033718,0.26791277258567,0,0.00348176653839106,0.0527762506871908,0.54150632215503
168773.411807,2599366.126422,0.0297302257294917,0.412369242062764,0,0.000917599559552211,0.0258763075793724,0.53110662506882
169273.411807,2599366.126422,0.0304419585549239,0.299101412066752,0,0.117366587199707,0.0951769668072621,0.457913075371355
169773.411807,2599366.126422,0.0166758292101887,0.365951988271944,0.0122778083195895,0.00311526479750779,0.0342679127725857,0.567711196628184
170273.411807,2599366.126422,0.0289961460818499,0.318590567076528,0.0383556615892824,0.0271609469627455,0.0616626904019086,0.525233987887686
170773.411807,2599366.126422,0.0550155877498625,0.330827067669173,0,0.00770218228498074,0.0577663671373556,0.548688795158628
171273.411807,2599366.126422,0.042147700201576,0.425875022906359,0,0.00458127176104087,0.0350009162543522,0.492395088876672
171773.411807,2599366.126422,0.101302991374564,0.247751881079097,0,0.00807487612405946,0.0649660488162966,0.577904202605983
172273.411807,2599366.126422,0.0106363469649734,0.323675041261691,0,0.00770218228498074,0.0306253438474234,0.627361085640932
172773.411807,2599366.126422,0.0122778083195895,0.437969580355507,0,0.00604727872457394,0.00806303829943192,0.535642294300898
173273.411807,2599366.126422,0.156042128603104,0.276053215077605,0.037139689578714,0.0285476718403548,0.065410199556541,0.436807095343681
160773.411807,2598866.126422,0.0117722602739726,0.266053082191781,0.668236301369863,0.0194777397260274,0.00171232876712329,0.0327482876712329
161273.411807,2598866.126422,0.00532110091743119,0.502752293577982,0.35302752293578,0.0223853211009174,0.00532110091743119,0.111192660550459
161773.411807,2598866.126422,0.015410016510732,0.293707576591451,0.638414969730325,0.0346725371491469,0.000366905155017428,0.0174279948633278
162273.411807,2598866.126422,0,0.084981684981685,0.856227106227106,0.0375457875457875,0.000366300366300366,0.0208791208791209
163773.411807,2598866.126422,0.0168498168498168,0.100732600732601,0.661721611721612,0.147985347985348,0.0283882783882784,0.0443223443223443
164273.411807,2598866.126422,0.0124770642201835,0.202752293577982,0.528623853211009,0.179082568807339,0.0244036697247706,0.0526605504587156
164773.411807,2598866.126422,0.00770500825536599,0.151348376444689,0.507980187121629,0.148046230049532,0.0361401577692167,0.148780040359567
165273.411807,2598866.126422,0.0272893772893773,0.145421245421245,0.442673992673993,0.244139194139194,0.0586080586080586,0.0818681318681319
165773.411807,2598866.126422,0.0304587155963303,0.156697247706422,0.285871559633028,0.303853211009174,0.0363302752293578,0.186788990825688
166273.411807,2598866.126422,0.100898917629793,0.0825536598789213,0.234085488901119,0.0744817464685379,0.0236653824986241,0.484314804623005
166773.411807,2598866.126422,0.0934065934065934,0.0767399267399267,0.164468864468864,0.261904761904762,0.22014652014652,0.183333333333333
167273.411807,2598866.126422,0.220917431192661,0.0442201834862385,0.0853211009174312,0.15651376146789,0.0990825688073395,0.39394495412844
167773.411807,2598866.126422,0.361034672537149,0.084021280498991,0.0902586681342873,0.020546688680976,0.0465969546872134,0.397541735461383
168273.411807,2598866.126422,0.0888278388278388,0.237912087912088,0.117582417582418,0.078021978021978,0.108058608058608,0.36959706959707
168773.411807,2598866.126422,0.0359633027522936,0.37651376146789,0.108256880733945,0.0372477064220183,0.0548623853211009,0.387155963302752
169273.411807,2598866.126422,0.0774169877086773,0.234635846633645,0.157035406347459,0.0300862227114291,0.0460465969546872,0.454778939644102
169773.411807,2598866.126422,0.0534798534798535,0.186446886446886,0.0747252747252747,0.126923076923077,0.109340659340659,0.449084249084249
170273.411807,2598866.126422,0.0275229357798165,0.233577981651376,0.0256880733944954,0.0486238532110092,0.0623853211009174,0.602201834862385
170773.411807,2598866.126422,0.0566868464501926,0.223445239405614,0.0794349660612732,0.019262520638415,0.0293524124013942,0.591818015043111
171273.411807,2598866.126422,0.0305860805860806,0.294505494505495,0,0.0512820512820513,0.0747252747252747,0.548901098901099
171773.411807,2598866.126422,0.0269724770642202,0.459816513761468,0,0.00422018348623853,0.0115596330275229,0.49743119266055
172273.411807,2598866.126422,0.020546688680976,0.435516419005687,0,0.000183452577508714,0.0132085855806274,0.530544854155201
172773.411807,2598866.126422,0.0465201465201465,0.336630036630037,0.0507326007326007,0.00824175824175824,0.0406593406593407,0.517216117216117
173273.411807,2598866.126422,0.00831024930747922,0.371468144044321,0,0.00941828254847645,0.0598337950138504,0.550969529085873
164273.411807,2598366.126422,0.00989010989010989,0.342673992673993,0.2996336996337,0.12967032967033,0.0461538461538462,0.171978021978022
164773.411807,2598366.126422,0.00732600732600733,0.166483516483516,0.244505494505494,0.0706959706959707,0.0564102564102564,0.454578754578755
165273.411807,2598366.126422,0.0390539053905391,0.152365236523652,0.0960762742940961,0.357535753575358,0.1001100110011,0.254858819215255
165773.411807,2598366.126422,0.0886446886446886,0.244139194139194,0.128388278388278,0.0842490842490843,0.108974358974359,0.345604395604396
166273.411807,2598366.126422,0.0386446886446886,0.228021978021978,0.12985347985348,0.0968864468864469,0.121611721611722,0.384981684981685
166773.411807,2598366.126422,0.0165016501650165,0.363769710304364,0.0999266593325999,0.0374037403740374,0.0980931426475981,0.384305097176384
167273.411807,2598366.126422,0.0111721611721612,0.413003663003663,0.0230769230769231,0.0712454212454212,0.0985347985347985,0.382967032967033
167773.411807,2598366.126422,0.0386446886446886,0.295787545787546,0.0441391941391941,0.0712454212454212,0.120512820512821,0.42967032967033
168273.411807,2598366.126422,0.05995599559956,0.268793546021269,0.000733406674000733,0.207554088742208,0.186835350201687,0.276127612761276
168773.411807,2598366.126422,0.105860805860806,0.184065934065934,0.0804029304029304,0.192307692307692,0.18003663003663,0.257326007326007
169273.411807,2598366.126422,0.0549450549450549,0.0538461538461538,0.188461538461538,0.0641025641025641,0.0943223443223443,0.544322344322344
169773.411807,2598366.126422,0.108544187752109,0.128162816281628,0.187385405207187,0.0449211587825449,0.0823248991565823,0.448661532819949
170273.411807,2598366.126422,0.0816849816849817,0.326556776556777,0,0.0247252747252747,0.0437728937728938,0.523260073260073
170773.411807,2598366.126422,0.0921245421245421,0.223260073260073,0,0.212454212454212,0.131868131868132,0.34029304029304
171273.411807,2598366.126422,0.0685735240190686,0.262009534286762,0.0746241290795746,0.0999266593325999,0.0843417675100843,0.410524385771911
171773.411807,2598366.126422,0.0474358974358974,0.384065934065934,0.0395604395604396,0.0245421245421245,0.0379120879120879,0.466483516483516
172273.411807,2598366.126422,0.0208791208791209,0.335531135531136,0.0342490842490843,0.0120879120879121,0.0467032967032967,0.550549450549451
172773.411807,2598366.126422,0.07004033736707,0.326365969930326,0.0165016501650165,0.0808580858085809,0.112944627796113,0.393289328932893
173273.411807,2598366.126422,0.0273783185840708,0.34375,0,0.0884955752212389,0.0763274336283186,0.464048672566372
163773.411807,2597866.126422,0,0.204507971412864,0.630932746930548,0.118929814916621,0.00806303829943192,0.0375664284405351
164273.411807,2597866.126422,0.000550559735731327,0.195448706184621,0.372728941090108,0.136355294549459,0.0396403009726555,0.255276197467425
164773.411807,2597866.126422,0.0221896203924445,0.232532550889419,0.258573262424354,0.0770218228498075,0.079589216944801,0.330093526499175
165273.411807,2597866.126422,0.0434304562946674,0.264980758658604,0.0808136338647609,0.0982224665567161,0.15466373465274,0.357888949972512
165773.411807,2597866.126422,0.0372545421178198,0.309231051569095,0.0482657368324463,0.167186639750413,0.111029546705818,0.327032483024408
166273.411807,2597866.126422,0.0937098844672657,0.264624977076838,0.00568494406748579,0.233449477351916,0.167430772052081,0.235099944984412
166773.411807,2597866.126422,0.0186915887850467,0.401869158878505,0.0106285504856148,0.0765988638446033,0.0634048011728056,0.428807036833425
167273.411807,2597866.126422,0.0346852633510736,0.405579005322077,0.0321159845843274,0.0385391815011929,0.0534042943659387,0.43567627087539
167773.411807,2597866.126422,0.0979277461947552,0.20814230698698,0.00110031175499725,0.01998899688245,0.0856409315972859,0.587199706583532
168273.411807,2597866.126422,0.0641378046545721,0.275059556532894,0.16474253252703,0.107385010078798,0.0720175920835624,0.316657504123145
168773.411807,2597866.126422,0.0387227014131033,0.397504129198018,0.00605615709304459,0.0034868783262984,0.0231235089007157,0.53110662506882
169273.411807,2597866.126422,0.0238400880249404,0.391344214194022,0,0.0165046763249587,0.0256739409499358,0.542637080506143
169773.411807,2597866.126422,0.0278541323071285,0.34194612424409,0,0.00787978742899029,0.0425142019424592,0.579805754077332
170273.411807,2597866.126422,0.0280785465222977,0.287759221875574,0.152321526885667,0.077995962561938,0.0368875022939989,0.416957239860525
170773.411807,2597866.126422,0.0434623143223913,0.30808729139923,0.0799559875298001,0.0834403080872914,0.120667522464698,0.364386576196589
171273.411807,2597866.126422,0.0362836723474437,0.51236943375481,0,0.0128275609309144,0.0568077698369067,0.381711563129925
171773.411807,2597866.126422,0.0205542301339695,0.478803450174344,0,0.0321159845843274,0.0249587080198202,0.443567627087539
172273.411807,2597866.126422,0.0566660553823583,0.174032642582065,0.000183385292499542,0.19200440124702,0.133687878232166,0.443425637263891
172773.411807,2597866.126422,0.0238226131574125,0.369617005680777,0,0.132123877588419,0.0674363203225215,0.40700018325087
173273.411807,2597866.126422,0.0304878048780488,0.315687361419069,0,0.136917960088692,0.11169623059867,0.405210643015521
163273.411807,2597366.126422,0.002568336085122,0.094294624839479,0.693634195560448,0.175564116675839,0.0148596587782058,0.0190790680609063
163773.411807,2597366.126422,0.0010989010989011,0.186996336996337,0.550732600732601,0.123626373626374,0.0203296703296703,0.117216117216117
164273.411807,2597366.126422,0.015045871559633,0.166422018348624,0.223119266055046,0.055045871559633,0.0500917431192661,0.490275229357798
164773.411807,2597366.126422,0.0344890845716382,0.130985140341222,0.165657677490369,0.17831590533847,0.0803522289488167,0.410199963309484
165273.411807,2597366.126422,0.0456043956043956,0.25,0.227655677655678,0.0866300366300366,0.0564102564102564,0.333699633699634
165773.411807,2597366.126422,0.051743119266055,0.255596330275229,0.105504587155963,0.0803669724770642,0.0836697247706422,0.423119266055046
166273.411807,2597366.126422,0.0199963309484498,0.457163823151715,0.0486149330398092,0.0266006237387635,0.0739313887360117,0.37369290038525
166773.411807,2597366.126422,0.0765567765567766,0.367765567765568,0.00384615384615385,0.0391941391941392,0.0730769230769231,0.43956043956044
167273.411807,2597366.126422,0.013394495412844,0.365321100917431,0,0,0.0273394495412844,0.59394495412844
167773.411807,2597366.126422,0.0787011557512383,0.144193725921849,0.241607044578976,0.0794349660612732,0.060906255732893,0.39515685195377
168273.411807,2597366.126422,0.0529304029304029,0.278205128205128,0.0913919413919414,0.0584249084249084,0.0501831501831502,0.468864468864469
168773.411807,2597366.126422,0.0111926605504587,0.325137614678899,0.00055045871559633,0.0302752293577982,0.0412844036697248,0.591559633027523
169273.411807,2597366.126422,0.0299027701339204,0.280315538433315,0,0.00770500825536599,0.0328380113740598,0.649238671803339
169773.411807,2597366.126422,0.0267399267399267,0.204761904761905,0,0.0932234432234432,0.0732600732600733,0.602014652014652
170273.411807,2597366.126422,0.0396330275229358,0.318715596330275,0,0.0332110091743119,0.0411009174311927,0.567339449541284
170773.411807,2597366.126422,0.0620069711979453,0.273160887910475,0.272977435332966,0.0139423958906623,0.0412768299394606,0.33663547972849
171273.411807,2597366.126422,0.0752747252747253,0.41959706959707,0.0210622710622711,0.0408424908424908,0.0344322344322344,0.408791208791209
171773.411807,2597366.126422,0.0563302752293578,0.386605504587156,0.00568807339449541,0.044954128440367,0.0662385321100917,0.440183486238532
172273.411807,2597366.126422,0.119427627958173,0.383232434415704,0,0.0574206567602275,0.0489818381948266,0.39093744267107
172773.411807,2597366.126422,0.114285714285714,0.252747252747253,0.0641025641025641,0.153846153846154,0.0978021978021978,0.317216117216117
173273.411807,2597366.126422,0.0894736842105263,0.41994459833795,0,0.224653739612188,0.0373961218836565,0.228531855955679
162773.411807,2596866.126422,0.0032967032967033,0.113369963369963,0.385347985347985,0.358791208791209,0.0622710622710623,0.0769230769230769
163273.411807,2596866.126422,0.0296703296703297,0.241575091575092,0.0366300366300366,0.401465201465201,0.0871794871794872,0.203479853479853
163773.411807,2596866.126422,0.00788412174550788,0.131646497983132,0.397323065639897,0.186651998533187,0.0495049504950495,0.226989365603227
164273.411807,2596866.126422,0.000915750915750916,0.162637362637363,0.713919413919414,0.0457875457875458,0.015018315018315,0.0617216117216117
164773.411807,2596866.126422,0.0133699633699634,0.318315018315018,0.282051282051282,0.0798534798534798,0.0271062271062271,0.279304029304029
165273.411807,2596866.126422,0.0759075907590759,0.164833149981665,0.00513384671800513,0.246241290795746,0.145214521452145,0.362669600293363
165773.411807,2596866.126422,0.0445054945054945,0.28003663003663,0,0.116849816849817,0.12967032967033,0.428937728937729
166273.411807,2596866.126422,0.0391941391941392,0.425274725274725,0.00183150183150183,0.0119047619047619,0.0470695970695971,0.474725274725275
166773.411807,2596866.126422,0.0297029702970297,0.419141914191419,0.0066006600660066,0.0313531353135314,0.0606894022735607,0.452511917858453
167273.411807,2596866.126422,0.0380952380952381,0.428571428571429,0.000915750915750916,0.0188644688644689,0.056043956043956,0.457509157509157
167773.411807,2596866.126422,0.0461538461538462,0.0456043956043956,0.15970695970696,0.0738095238095238,0.0401098901098901,0.634615384615385
168273.411807,2596866.126422,0.0487715438210488,0.111477814448111,0.132746607994133,0.0077007700770077,0.0311697836450312,0.668133480014668
168773.411807,2596866.126422,0.238461538461538,0.145238095238095,0,0.021978021978022,0.0287545787545788,0.565567765567766
169273.411807,2596866.126422,0.572161172161172,0.108424908424908,0,0.00128205128205128,0.015018315018315,0.303113553113553
169773.411807,2596866.126422,0.0696736340300697,0.177484415108177,0,0.112944627796113,0.134580124679135,0.505317198386505
170273.411807,2596866.126422,0.0216117216117216,0.256043956043956,0.00622710622710623,0.0778388278388278,0.0503663003663004,0.587912087912088
170773.411807,2596866.126422,0.101648351648352,0.187362637362637,0.183699633699634,0.0485347985347985,0.0476190476190476,0.431135531135531
171273.411807,2596866.126422,0.0207187385405207,0.830949761642831,0,0.00586725339200587,0.0242024202420242,0.118261826182618
171773.411807,2596866.126422,0.0901098901098901,0.718315018315018,0,0.0258241758241758,0.0282051282051282,0.137545787545788
172273.411807,2596866.126422,0.187179487179487,0.215567765567766,0.14981684981685,0.0485347985347985,0.0342490842490843,0.364652014652015
172773.411807,2596866.126422,0.0962596259625963,0.220938760542721,0,0.128896222955629,0.0808580858085809,0.473047304730473
173273.411807,2596866.126422,0.164269911504425,0.150995575221239,0.178097345132743,0.0306969026548673,0.0376106194690266,0.438329646017699
162773.411807,2596366.126422,0.0170673518076711,0.0943292347219673,0.140209212699578,0.585979078730042,0.082583960359699,0.0798311616810424
163273.411807,2596366.126422,0,0.141940216394645,0.433156060883917,0.333944617641665,0.0122868145974693,0.0786722904823033
163773.411807,2596366.126422,0.0102620487447315,0.184716877405168,0.0910756826094924,0.0505772402418911,0.0218068535825545,0.641561297416163
164273.411807,2596366.126422,0.000183519911910442,0.21581941640668,0.496971921453478,0.0311983850247752,0.0196366305744173,0.236190126628739
164773.411807,2596366.126422,0.0124701998899688,0.238400880249404,0.336512011736659,0.155327342747112,0.0652851641298368,0.19200440124702
165273.411807,2596366.126422,0.0425142019424592,0.290269378779549,0.0745831042697453,0.143118929814917,0.0918086860912589,0.357705699102071
165773.411807,2596366.126422,0.0396403009726555,0.365571664525601,0.0012846393833731,0.0115617544503579,0.0345017434391632,0.547439897228849
166273.411807,2596366.126422,0.052814964239868,0.1998899688245,0.178250504309554,0.0240234733174399,0.0247570144874381,0.520264074821199
166773.411807,2596366.126422,0.0538757559098406,0.280373831775701,0.0995052226498076,0.112882536192047,0.0601062855048561,0.393256367967748
167273.411807,2596366.126422,0.00385391815011929,0.334006239677005,0.0491833363919985,0.0324830244081483,0.0427601394751331,0.537713341897596
167773.411807,2596366.126422,0.0863744727672841,0.0491472583898771,0.219328809829452,0.223546671556941,0.0518980377773703,0.369704749679076
168273.411807,2596366.126422,0.0996884735202492,0.137804654572109,0.0698185816382628,0.0491112332783581,0.115997800989555,0.527579256001466
168773.411807,2596366.126422,0.122407781244265,0.0943292347219673,0,0.0168838318957607,0.022389429253074,0.743989722884933
169273.411807,2596366.126422,0.515496057216211,0.0198056115899505,0,0.0174216027874564,0.0322758114799193,0.415000916926463
169773.411807,2596366.126422,0.0951072017592084,0.234377863294851,0.0529595015576324,0.0852116547553601,0.0503939893714495,0.481949789261499
170273.411807,2596366.126422,0.0543218939254909,0.3567627087539,0.00275279867865663,0.121490181684713,0.125160579922922,0.339511837034318
170773.411807,2596366.126422,0.186686227764533,0.189803777737026,0.000916926462497708,0.0913258756647717,0.128369704749679,0.402897487621493
171273.411807,2596366.126422,0.127725856697819,0.397287887117464,0.169873556899395,0.00293201392706615,0.0304196444933113,0.271761040864944
171773.411807,2596366.126422,0.20334006239677,0.210313819049367,0.12461002018719,0.0324830244081483,0.0436777390346853,0.385575334923839
172273.411807,2596366.126422,0.113515496057216,0.156427654502109,0.117183201907207,0.168897854392078,0.0951769668072621,0.348798826334128
172773.411807,2596366.126422,0.0659703133589885,0.0109950522264981,0,0.705332600329852,0.157229246838922,0.0604727872457394
173273.411807,2596366.126422,0.162416851441242,0.04490022172949,0,0.466740576496674,0.177660753880266,0.148281596452328
162773.411807,2595866.126422,0.00165137614678899,0.0937614678899083,0.734862385321101,0.161284403669725,0.00403669724770642,0.00440366972477064
163273.411807,2595866.126422,0.0174279948633278,0.206934507429829,0.179049715648505,0.340487983856173,0.0409099247844432,0.215189873417722
163773.411807,2595866.126422,0.00476190476190476,0.206593406593407,0.305677655677656,0.058974358974359,0.0153846153846154,0.408608058608059
164273.411807,2595866.126422,0.00073394495412844,0.15743119266055,0.657798165137615,0.134128440366972,0.00293577981651376,0.0469724770642202
164773.411807,2595866.126422,0.00403595670519171,0.198495688864429,0.457530728306733,0.165107319757843,0.0412768299394606,0.133553476426344
165273.411807,2595866.126422,0.0148351648351648,0.162087912087912,0.289377289377289,0.0956043956043956,0.0694139194139194,0.368681318681319
165773.411807,2595866.126422,0.0603669724770642,0.166788990825688,0.13743119266055,0.276330275229358,0.113394495412844,0.245688073394495
166273.411807,2595866.126422,0.177582095028435,0.0709961474958723,0.341405246743717,0.197028068244359,0.0183452577508714,0.194643184736746
166773.411807,2595866.126422,0.202197802197802,0.0787545787545788,0.338644688644689,0.0884615384615385,0.0382783882783883,0.253663003663004
167273.411807,2595866.126422,0.204403669724771,0.0541284403669725,0.20605504587156,0.0904587155963303,0.0234862385321101,0.421467889908257
167773.411807,2595866.126422,0.103467253714915,0.252981104384517,0.089157952669235,0.0581544670702623,0.0713630526508897,0.424876169510182
168273.411807,2595866.126422,0.107326007326007,0.197985347985348,0.0010989010989011,0.0950549450549451,0.113919413919414,0.484615384615385
168773.411807,2595866.126422,0.288256880733945,0.0900917431192661,0,0.0236697247706422,0.033394495412844,0.564587155963303
169273.411807,2595866.126422,0.540267840763163,0.00403595670519171,0,0.0513667217024399,0.0332049165290772,0.371124564300128
169773.411807,2595866.126422,0.200732600732601,0.145054945054945,0,0.258608058608059,0.115750915750916,0.27985347985348
170273.411807,2595866.126422,0.0436697247706422,0.288440366972477,0,0.224403669724771,0.0875229357798165,0.355963302752294
170773.411807,2595866.126422,0.096862960924601,0.19537699504678,0,0.177582095028435,0.116125481563016,0.414052467437168
171273.411807,2595866.126422,0.0723443223443224,0.106776556776557,0,0.285164835164835,0.117765567765568,0.417948717948718
171773.411807,2595866.126422,0.0495412844036697,0.0834862385321101,0,0.499449541284404,0.159082568807339,0.208440366972477
172273.411807,2595866.126422,0.0675105485232067,0.0370574206567602,0,0.653091175931022,0.159603742432581,0.08273711245643
172773.411807,2595866.126422,0.0223443223443223,0.00934065934065934,0,0.871428571428571,0.0789377289377289,0.0179487179487179
173273.411807,2595866.126422,0.0828254847645429,0.0188365650969529,0,0.642105263157895,0.187257617728532,0.0689750692520776
162773.411807,2595366.126422,0.0661172161172161,0.173626373626374,0.468498168498168,0.117216117216117,0.0173992673992674,0.157142857142857
163273.411807,2595366.126422,0.0263736263736264,0.112454212454212,0.0521978021978022,0.427289377289377,0.0851648351648352,0.296520146520147
163773.411807,2595366.126422,0.0198019801980198,0.0581224789145581,0.542170883755042,0.283278327832783,0.0377704437110378,0.0588558855885589
164273.411807,2595366.126422,0.0021978021978022,0.15952380952381,0.71996336996337,0.109157509157509,0.00201465201465201,0.00714285714285714
164773.411807,2595366.126422,0.00934065934065934,0.165934065934066,0.62014652014652,0.148351648351648,0.0175824175824176,0.0386446886446886
165273.411807,2595366.126422,0.0902090209020902,0.157499083241658,0.155298863219655,0.238907224055739,0.108360836083608,0.24972497249725
165773.411807,2595366.126422,0.187545787545788,0.11025641025641,0.0598901098901099,0.211721611721612,0.0335164835164835,0.397069597069597
166273.411807,2595366.126422,0.121062271062271,0.151282051282051,0.18021978021978,0.147802197802198,0.0510989010989011,0.348534798534799
166773.411807,2595366.126422,0.0902090209020902,0.186468646864686,0.208104143747708,0.171433810047671,0.0775577557755776,0.266226622662266
167273.411807,2595366.126422,0.0434065934065934,0.356227106227106,0.0351648351648352,0.093956043956044,0.0884615384615385,0.382783882783883
167773.411807,2595366.126422,0.0509157509157509,0.22014652014652,0.00274725274725275,0.119230769230769,0.0846153846153846,0.522344322344322
168273.411807,2595366.126422,0.547488082141548,0.0416208287495416,0,0.063989732306564,0.0634396773010634,0.283461679501283
168773.411807,2595366.126422,0.573443223443223,0.0177655677655678,0,0.0507326007326007,0.0386446886446886,0.319413919413919
169273.411807,2595366.126422,0.0992673992673993,0.15970695970696,0.00347985347985348,0.262454212454212,0.155860805860806,0.319230769230769
169773.411807,2595366.126422,0.0614228089475614,0.265126512651265,0,0.212687935460213,0.13036303630363,0.33039970663733
170273.411807,2595366.126422,0.03003663003663,0.410622710622711,0,0.0813186813186813,0.0543956043956044,0.423626373626374
170773.411807,2595366.126422,0.0743589743589744,0.255311355311355,0,0.0673992673992674,0.0858974358974359,0.517032967032967
171273.411807,2595366.126422,0.0456545654565457,0.317748441510818,0,0.0551888522185552,0.0540887422075541,0.527319398606527
171773.411807,2595366.126422,0.0727106227106227,0.353296703296703,0.0496336996336996,0.0472527472527473,0.0694139194139194,0.407692307692308
172273.411807,2595366.126422,0.142124542124542,0.0518315018315018,0,0.403113553113553,0.169047619047619,0.233882783882784
172773.411807,2595366.126422,0.0678401173450678,0.0137513751375138,0.000183351668500183,0.693802713604694,0.153465346534653,0.070957095709571
173273.411807,2595366.126422,0.208241150442478,0.0754977876106195,0,0.339325221238938,0.141592920353982,0.235342920353982
161773.411807,2594866.126422,0.219695580414451,0.102512378507244,0.233999633229415,0.114615807812213,0.0291582615074271,0.30001833852925
162273.411807,2594866.126422,0.0371999266996518,0.174088326919553,0.028587135788895,0.238409382444567,0.0874106652006597,0.434304562946674
162773.411807,2594866.126422,0.0176179115434025,0.180033033584144,0.115434024591668,0.356028629106258,0.0812993209763259,0.249587080198201
163773.411807,2594866.126422,0,0,0.486897562763423,0.513102437236577,0,0
164273.411807,2594866.126422,0.000734079647641769,0.0609286107542668,0.724169572398605,0.207193980546889,0.00201871903101487,0.00495503762158194
164773.411807,2594866.126422,0.0124701998899688,0.223363286264442,0.578763983128553,0.0669356317623327,0.00916926462497708,0.109297634329727
165273.411807,2594866.126422,0.0311526479750779,0.234377863294851,0.396005131024372,0.0533260032985157,0.0322521531977277,0.252886201209456
165773.411807,2594866.126422,0.23637364654065,0.125711139658653,0.266103872270141,0.0783630023857589,0.0143145531290145,0.279133786015783
166273.411807,2594866.126422,0.0764716669723088,0.198973042362003,0.311754997249221,0.153676875114616,0.0390610673024023,0.22006235099945
166773.411807,2594866.126422,0.0157595748579806,0.31170973062122,0.271577789994502,0.121495327102804,0.135788894997251,0.143668682426242
167273.411807,2594866.126422,0.0489998164800881,0.328133602495871,0.0576252523398789,0.165534960543219,0.080932281152505,0.318774086988438
167773.411807,2594866.126422,0.057582981844856,0.209792774619476,0.10416284613974,0.173115716119567,0.17604988079956,0.279295800476802
168273.411807,2594866.126422,0.0824628916987356,0.269378779549203,0.0348176653839106,0.110683525746747,0.119662818398387,0.382994319223016
168773.411807,2594866.126422,0.0324830244081483,0.187740869884382,0.110662506881997,0.114332905120206,0.0768948430904753,0.477885850614792
169273.411807,2594866.126422,0.0353933614524115,0.230148542086925,0.129653401797176,0.121401063634696,0.135705116449661,0.347698514579131
169773.411807,2594866.126422,0.0278541323071285,0.469488730071468,0.0538757559098406,0.05717427157779,0.0930914421843504,0.298515667949423
170273.411807,2594866.126422,0.0185355111029547,0.45237658285924,0.00917599559552211,0.0405579005322077,0.0778124426500275,0.401541567260048
170773.411807,2594866.126422,0.0603337612323492,0.258756647716853,0.0104529616724739,0.130937098844673,0.0990280579497524,0.440491472583899
171273.411807,2594866.126422,0.0483782297965915,0.190397654388858,0.0185083379146051,0.190031152647975,0.115081546637347,0.437603078614623
171773.411807,2594866.126422,0.109010827674803,0.10772618829143,0.0717562855569829,0.120939621948981,0.113965865296385,0.476601211231419
172273.411807,2594866.126422,0.0410783055198973,0.268659453511828,0,0.0170548322024574,0.0300751879699248,0.643132220795892
172773.411807,2594866.126422,0.0943741982774418,0.0584570276708814,0,0.255818215136522,0.21861828843687,0.372732270478285
173273.411807,2594866.126422,0.0701219512195122,0.20149667405765,0,0.0318736141906874,0.0698447893569845,0.626662971175166
163773.411807,2594366.126422,0,0.0010989010989011,0.971978021978022,0.0269230769230769,0,0
164273.411807,2594366.126422,0.00018348623853211,0.00293577981651376,0.980366972477064,0.0146788990825688,0.0018348623853211,0
164773.411807,2594366.126422,0.001284168042561,0.11557512383049,0.663547972849019,0.185837461016327,0.00953953403045313,0.0242157402311502
165273.411807,2594366.126422,0.0289377289377289,0.242490842490842,0.508058608058608,0.152564102564103,0.00732600732600733,0.0606227106227106
165773.411807,2594366.126422,0.0686238532110092,0.0781651376146789,0.644770642201835,0.104036697247706,0.00330275229357798,0.101100917431193
166273.411807,2594366.126422,0.0168776371308017,0.12694918363603,0.422491286002568,0.310768666299762,0.0313703907539901,0.0915428361768483
166773.411807,2594366.126422,0.00897435897435897,0.132417582417582,0.518498168498169,0.234432234432234,0.0531135531135531,0.0525641025641026
167273.411807,2594366.126422,0.0128440366972477,0.177798165137615,0.511192660550459,0.187339449541284,0.0607339449541284,0.0500917431192661
167773.411807,2594366.126422,0.0471473124197395,0.106769400110072,0.241790497156485,0.294074481746469,0.139240506329114,0.170977802238121
168273.411807,2594366.126422,0.034981684981685,0.210989010989011,0.257509157509157,0.189010989010989,0.073992673992674,0.233516483516484
168773.411807,2594366.126422,0.0299082568807339,0.280550458715596,0.0943119266055046,0.133394495412844,0.0511926605504587,0.410642201834862
169273.411807,2594366.126422,0.0214639515685195,0.29095578792882,0.0876903320491653,0.0654925701706109,0.0401761144744084,0.494221243808475
169773.411807,2594366.126422,0.0456043956043956,0.386813186813187,0.0456043956043956,0.0406593406593407,0.0364468864468864,0.444871794871795
170273.411807,2594366.126422,0.0300917431192661,0.433761467889908,0.0662385321100917,0.0278899082568807,0.0348623853211009,0.407155963302752
170773.411807,2594366.126422,0.0234819299211154,0.250412768299395,0.123647037240873,0.0535681526325445,0.0722803155384333,0.476609796367639
171273.411807,2594366.126422,0.0620879120879121,0.238461538461538,0.0437728937728938,0.127838827838828,0.155860805860806,0.371978021978022
171773.411807,2594366.126422,0.0539449541284404,0.199449541284404,0.0179816513761468,0.0247706422018349,0.119449541284404,0.584403669724771
172273.411807,2594366.126422,0.0799853237937993,0.20546688680976,0,0.0665932856356632,0.296275912676573,0.351678591084205
172773.411807,2594366.126422,0.0622710622710623,0.174725274725275,0,0.123626373626374,0.163369963369963,0.476007326007326
173273.411807,2594366.126422,0.0105263157894737,0.213296398891967,0.0271468144044321,0.157894736842105,0.0706371191135734,0.520498614958449
163773.411807,2593866.126422,0.00495049504950495,0.112394572790612,0.657315731573157,0.18023469013568,0.00751741840850752,0.0375870920425376
164273.411807,2593866.126422,0.00183150183150183,0.0377289377289377,0.743040293040293,0.185347985347985,0.00238095238095238,0.0296703296703297
164773.411807,2593866.126422,0.00476190476190476,0.0128205128205128,0.902197802197802,0.071978021978022,0.00695970695970696,0.00128205128205128
165273.411807,2593866.126422,0.0168683535020169,0.0451045104510451,0.738723872387239,0.151631829849652,0.000733406674000733,0.0469380271360469
165773.411807,2593866.126422,0.0120879120879121,0.0886446886446886,0.729487179487179,0.133699633699634,0.0234432234432234,0.0126373626373626
166273.411807,2593866.126422,0.0201465201465201,0.168864468864469,0.475457875457875,0.218681318681319,0.0476190476190476,0.0692307692307692
166773.411807,2593866.126422,0.0117345067840117,0.151081774844151,0.357169050238357,0.307480748074807,0.0652731939860653,0.107260726072607
167273.411807,2593866.126422,0.0161172161172161,0.141941391941392,0.443589743589744,0.131135531135531,0.0653846153846154,0.201831501831502
167773.411807,2593866.126422,0.03003663003663,0.232600732600733,0.395787545787546,0.065018315018315,0.0582417582417582,0.218315018315018
168273.411807,2593866.126422,0.0242024202420242,0.315181518151815,0.0951595159515952,0.0645397873120645,0.0713237990465713,0.42959295929593
168773.411807,2593866.126422,0.00824175824175824,0.277289377289377,0.246703296703297,0.236630036630037,0.117765567765568,0.113369963369963
169273.411807,2593866.126422,0.0294871794871795,0.321611721611722,0.191758241758242,0.107875457875458,0.113553113553114,0.235714285714286
169773.411807,2593866.126422,0.0157682434910158,0.377154382104877,0,0.0256692335900257,0.0291529152915292,0.552255225522552
170273.411807,2593866.126422,0.0421245421245421,0.465384615384615,0,0.0342490842490843,0.0346153846153846,0.423626373626374
170773.411807,2593866.126422,0.0580586080586081,0.215201465201465,0.0360805860805861,0.0639194139194139,0.08003663003663,0.546703296703297
171273.411807,2593866.126422,0.0496883021635497,0.182068206820682,0.0099009900990099,0.212871287128713,0.178767876787679,0.366703337000367
171773.411807,2593866.126422,0.0446886446886447,0.127289377289377,0,0.0179487179487179,0.160989010989011,0.649084249084249
172273.411807,2593866.126422,0.1003663003663,0.276739926739927,0.00384615384615385,0.0144688644688645,0.12032967032967,0.484249084249084
172773.411807,2593866.126422,0.127979464613128,0.10964429776311,0.00458379171250458,0.266776677667767,0.156215621562156,0.334800146681335
173273.411807,2593866.126422,0.100387168141593,0.19054203539823,0.00221238938053097,0.00746681415929204,0.158462389380531,0.540929203539823
163273.411807,2593366.126422,0,0.0265908674124335,0.821749495690446,0.137722354667156,0.0110031175499725,0.00293416467999266
163773.411807,2593366.126422,0.00842954004031519,0.0908924317390508,0.589884551951622,0.221367051493495,0.013560564412681,0.0758658603628367
164273.411807,2593366.126422,0.00660671682877592,0.27399522848229,0.473664892640852,0.122774821068086,0.0108276748027161,0.11213066617728
164773.411807,2593366.126422,0.00880249403997799,0.141390060517147,0.548322024573629,0.241701815514396,0.0214560792224464,0.0383275261324042
165273.411807,2593366.126422,0.0166758292101887,0.15246472420744,0.555433388308594,0.233095107201759,0.017042330951072,0.0252886201209456
165773.411807,2593366.126422,0.0256927876674619,0.16186456230501,0.454762341714076,0.189392549091576,0.0693705267021472,0.0989172325197284
166273.411807,2593366.126422,0.0746378140473134,0.198606271777003,0.176783421969558,0.256739409499358,0.0880249403997799,0.205208142306987
166773.411807,2593366.126422,0.0329851566794942,0.306395455378413,0.253619204691222,0.175737584753528,0.061205790727506,0.170056807769837
167273.411807,2593366.126422,0.0258763075793724,0.376032299504496,0.0945127546338778,0.0928610754266838,0.0686364470545054,0.342081115801064
167773.411807,2593366.126422,0.0306253438474234,0.327709517696681,0.141573445809646,0.106180084357235,0.142123601687145,0.251788006601871
168273.411807,2593366.126422,0.00861279091075683,0.294117647058824,0.152281473336998,0.136888400219901,0.128825361920469,0.279274326553051
168773.411807,2593366.126422,0.0165167920719398,0.348137272894109,0.174710956138741,0.107542668379519,0.0912093962194898,0.261882914296201
