"x","y","forest","agri","water","built","other","grass"
288273.411807,2779366.126422,0.698185816382628,0.00256551218618288,0,0.042147700201576,0.0353674179952355,0.221733553234378
288773.411807,2779366.126422,0.642319691686548,0.00422095797394017,0,0.0117452743622683,0.0172508717195816,0.324463204257662
289273.411807,2779366.126422,0.299651567944251,0.0273244085824317,0,0.12781954887218,0.0623509994498441,0.482853475151293
289773.411807,2779366.126422,0.172072567344695,0.0339014110317024,0.000916254352208173,0.118563313175738,0.0967564595931831,0.577789994502474
290273.411807,2779366.126422,0.400256927876675,0.00917599559552211,0.000734079647641769,0.0473481372728941,0.0401908607083869,0.50229399889888
290773.411807,2779366.126422,0.546304786356134,0.0163212910324592,0,0.0562992847973593,0.141940216394645,0.239134421419402
291273.411807,2779366.126422,0.43943558731904,0.0089792926516401,0.00128275609309144,0.0192413413963716,0.0271211288253619,0.503939893714495
291773.411807,2779366.126422,0.418608919067719,0.0047715177096715,0.000183519911910442,0.0478986970086254,0.0644154890805652,0.464121857221509
292273.411807,2779366.126422,0.497340913258757,0.00165046763249587,0,0.00476801760498808,0.00293416467999266,0.493306436823767
292773.411807,2779366.126422,0.562946673996702,0.00623052959501558,0.000183250870441635,0.0311526479750779,0.0404984423676012,0.358988455195162
293273.411807,2779366.126422,0.66397504129198,0.00403743806202973,0.000550559735731327,0.0200036703982382,0.0464305377133419,0.265002752798679
293773.411807,2779366.126422,0.426187419768935,0.00898587933247754,0.00843572345497891,0.0242068586099395,0.0319090408949202,0.500275077938749
294273.411807,2779366.126422,0.338097855964816,0.0207073483599047,0,0.0225398570643211,0.0425142019424592,0.576140736668499
294773.411807,2779366.126422,0.449440264268673,0.0117452743622683,0,0.046063497889521,0.162231602128831,0.330519361350707
295273.411807,2779366.126422,0.468916192921328,0.00641848523748395,0.0022006235099945,0.0647350082523382,0.0944434256372639,0.363286264441592
295773.411807,2779366.126422,0.166025288620121,0.0549752611324904,0.0339014110317024,0.267729521715228,0.140370166758292,0.336998350742166
296273.411807,2779366.126422,0.00440447788585061,0.00991007524316388,0.940356028629106,0.02073775004588,0.00458799779776106,0.0200036703982382
296773.411807,2779366.126422,0.318540253071704,0.0458463231248854,0.061984228864845,0.200806895286998,0.111498257839721,0.261324041811847
297273.411807,2779366.126422,0.0700018325087044,0.0434304562946674,0.194429173538574,0.50448964632582,0.0870441634597764,0.100604727872457
297773.411807,2779366.126422,0.146999449440264,0.184988071205726,0.0378051018535511,0.201871903101487,0.0989172325197284,0.329418241879244
298273.411807,2779366.126422,0.0434623143223913,0.463047863561342,0.00513478818998716,0.0905923344947735,0.0557491289198606,0.342013570511645
298773.411807,2779366.126422,0.129558365402236,0.259849734286238,0.00238226131574125,0.0656038116181052,0.0773318673263698,0.46527396005131
299273.411807,2779366.126422,0.134887135254175,0.167370159662323,0.025325747843641,0.166636080014682,0.0869884382455496,0.418792438979629
299773.411807,2779366.126422,0.154777186869613,0.0638180817898405,0.0403447643498991,0.298918026774253,0.086007702182285,0.35613423803411
300273.411807,2779366.126422,0.0856046065259117,0.04510556621881,0.138195777351248,0.503071017274472,0.0942418426103647,0.133781190019194
288273.411807,2778866.126422,0.73956043956044,0.0289377289377289,0.0032967032967033,0.0434065934065934,0.0258241758241758,0.158974358974359
288773.411807,2778866.126422,0.817798165137615,0.00311926605504587,0.00055045871559633,0.00477064220183486,0.00642201834862385,0.167339449541284
289273.411807,2778866.126422,0.619519354246927,0.0104567969179967,0.000366905155017428,0.0238488350761328,0.0322876536415337,0.313520454962392
289773.411807,2778866.126422,0.2003663003663,0.0412087912087912,0.00677655677655678,0.243406593406593,0.095970695970696,0.412271062271062
290273.411807,2778866.126422,0.583119266055046,0.00385321100917431,0.00403669724770642,0.0390825688073395,0.0344954128440367,0.335412844036697
290773.411807,2778866.126422,0.423958906622638,0.00532012474775271,0,0.0638414969730325,0.090442120711796,0.416437350944781
291273.411807,2778866.126422,0.32967032967033,0.00604395604395604,0,0.0509157509157509,0.122893772893773,0.49047619047619
291773.411807,2778866.126422,0.403302752293578,0.0143119266055046,0,0.144403669724771,0.127889908256881,0.310091743119266
292273.411807,2778866.126422,0.40653091175931,0.00532012474775271,0,0.0675105485232067,0.0713630526508897,0.449275362318841
292773.411807,2778866.126422,0.546153846153846,0.00714285714285714,0.000549450549450549,0.00494505494505494,0.0137362637362637,0.427472527472527
293273.411807,2778866.126422,0.681467889908257,0.0113761467889908,0.00055045871559633,0.0260550458715596,0.0299082568807339,0.250642201834862
293773.411807,2778866.126422,0.407264722069345,0.019262520638415,0,0.0401761144744084,0.0436617134470739,0.489634929370758
294273.411807,2778866.126422,0.39029304029304,0.00476190476190476,0,0.0269230769230769,0.0831501831501831,0.494871794871795
294773.411807,2778866.126422,0.389724770642202,0.0155963302752294,0,0.043302752293578,0.120550458715596,0.430825688073394
295273.411807,2778866.126422,0.111539167125298,0.0528343423225096,0,0.127682993946065,0.388185654008439,0.319757842597689
295773.411807,2778866.126422,0.235347985347985,0.0597069597069597,0.0115384615384615,0.103663003663004,0.287179487179487,0.302564102564103
296273.411807,2778866.126422,0.0372477064220183,0.026605504587156,0.588623853211009,0.176146788990826,0.0297247706422018,0.141651376146789
296773.411807,2778866.126422,0.143826820766832,0.0458631443771785,0.254265272427078,0.263437901302513,0.106402494955054,0.186204366171345
297273.411807,2778866.126422,0.159340659340659,0.0435897435897436,0.0580586080586081,0.158608058608059,0.0565934065934066,0.523809523809524
297773.411807,2778866.126422,0.0251376146788991,0.162752293577982,0.0592660550458716,0.0528440366972477,0.0678899082568807,0.632110091743119
298273.411807,2778866.126422,0.12126215373326,0.401027334434049,0.00990643918547056,0.0170610897083104,0.021830856723537,0.428912126215373
298773.411807,2778866.126422,0.155860805860806,0.0750915750915751,0.0168498168498168,0.137545787545788,0.0767399267399267,0.537912087912088
299273.411807,2778866.126422,0.237798165137615,0.0467889908256881,0.117064220183486,0.124954128440367,0.0651376146788991,0.408256880733945
299773.411807,2778866.126422,0.155934690882407,0.350761328196661,0.000550357732526142,0.0113740598055403,0.0157769216657494,0.465602641717116
300273.411807,2778866.126422,0.0838288893151736,0.246499136773451,0.0567811241127949,0.257433339727604,0.0784577018990984,0.276999808171878
288273.411807,2778366.126422,0.26017601760176,0.0575724239090576,0.015034836817015,0.182618261826183,0.102493582691602,0.382104877154382
288773.411807,2778366.126422,0.411721611721612,0.0282051282051282,0.015018315018315,0.0186813186813187,0.0104395604395604,0.515934065934066
289273.411807,2778366.126422,0.707142857142857,0.00238095238095238,0,0.0157509157509158,0.0115384615384615,0.263186813186813
289773.411807,2778366.126422,0.535936927026036,0.0232856618995233,0.00678401173450678,0.0443711037770444,0.0474880821415475,0.342134213421342
290273.411807,2778366.126422,0.458241758241758,0.0183150183150183,0,0.0238095238095238,0.043956043956044,0.455677655677656
290773.411807,2778366.126422,0.56043956043956,0.00146520146520147,0.0010989010989011,0.00695970695970696,0.00622710622710623,0.423809523809524
291273.411807,2778366.126422,0.506417308397506,0.013017968463513,0.00366703337000367,0.0284195086175284,0.0397873120645398,0.408690869086909
291773.411807,2778366.126422,0.362271062271062,0.00622710622710623,0,0.0937728937728938,0.0906593406593407,0.447069597069597
292273.411807,2778366.126422,0.476373626373626,0.00641025641025641,0.00128205128205128,0.0417582417582418,0.05,0.424175824175824
292773.411807,2778366.126422,0.295929592959296,0.0126512651265127,0.00238357169050238,0.181151448478181,0.131279794646131,0.376604327099377
293273.411807,2778366.126422,0.376007326007326,0.0043956043956044,0.000549450549450549,0.114102564102564,0.0635531135531135,0.441391941391941
293773.411807,2778366.126422,0.57014652014652,0.00164835164835165,0,0.0399267399267399,0.0208791208791209,0.367399267399267
294273.411807,2778366.126422,0.455445544554455,0.0236523652365237,0,0.0577557755775578,0.127979464613128,0.335166850018335
294773.411807,2778366.126422,0.325091575091575,0.0146520146520147,0,0.0256410256410256,0.0688644688644689,0.565750915750916
295273.411807,2778366.126422,0.131135531135531,0.0608058608058608,0.00732600732600733,0.0573260073260073,0.299084249084249,0.444322344322344
295773.411807,2778366.126422,0.105243857719105,0.0628896222955629,0.0066006600660066,0.13971397139714,0.293912724605794,0.391639163916392
296273.411807,2778366.126422,0.149450549450549,0.0221611721611722,0.501465201465201,0.0717948717948718,0.0377289377289377,0.217399267399267
296773.411807,2778366.126422,0.103296703296703,0.0201465201465201,0.426556776556777,0.319047619047619,0.00311355311355311,0.127838827838828
297273.411807,2778366.126422,0.46039603960396,0.0152181884855152,0.13953061972864,0.013017968463513,0.00513384671800513,0.366703337000367
297773.411807,2778366.126422,0.26996336996337,0.0179487179487179,0.274358974358974,0.0441391941391941,0.00146520146520147,0.392124542124542
298273.411807,2778366.126422,0.118498168498168,0.0357142857142857,0.486813186813187,0.0360805860805861,0.0124542124542125,0.31043956043956
298773.411807,2778366.126422,0.0485881921525486,0.126145947928126,0.4000733406674,0.0832416574990832,0.0988265493215988,0.243124312431243
299273.411807,2778366.126422,0.111172161172161,0.160622710622711,0.134981684981685,0.10970695970696,0.0961538461538462,0.387362637362637
299773.411807,2778366.126422,0.0701465201465201,0.101282051282051,0.361538461538462,0.132051282051282,0.0989010989010989,0.236080586080586
300273.411807,2778366.126422,0.0612519201228879,0.111943164362519,0.138824884792627,0.253072196620584,0.0721966205837174,0.362711213517665
288273.411807,2777866.126422,0.698002565512186,0.00568077698369067,0,0.0174088326919553,0.0117280557082646,0.267179769103903
288773.411807,2777866.126422,0.355478069370527,0.0119287942741787,0.0143145531290145,0.113048265736832,0.0545054138374014,0.450724903652046
289273.411807,2777866.126422,0.532367504126169,0.00623509994498441,0.00165046763249587,0.0218228498074454,0.0328259673574179,0.405098111131487
289773.411807,2777866.126422,0.703866593366319,0.0430639545537841,0,0.00384826827927433,0.00806303829943192,0.241158145501191
290273.411807,2777866.126422,0.698660304643054,0.0126628739218205,0,0.0119287942741787,0.0229399889888053,0.253808038172142
290773.411807,2777866.126422,0.589583715386026,0.00458463231248854,0.000733541169998166,0.0425453878598936,0.0451127819548872,0.317439941316706
291273.411807,2777866.126422,0.563496426608026,0.00293201392706615,0.000549752611324904,0.0542422576507238,0.0467289719626168,0.332050577240242
291773.411807,2777866.126422,0.46870985501927,0.00789135621214902,0,0.0104606349788952,0.0247751881079097,0.488162965681776
292273.411807,2777866.126422,0.418852008068953,0.00898587933247754,0.00146708233999633,0.0298918026774253,0.0500641848523748,0.490739042728773
292773.411807,2777866.126422,0.599230346344145,0.00696353307678211,0.000183250870441635,0.0425142019424592,0.0243723657687374,0.326736301997434
293273.411807,2777866.126422,0.386125894659571,0.0282620664342081,0.038172141677372,0.21178197834465,0.0941457148100569,0.241512204074142
293773.411807,2777866.126422,0.500275077938749,0.0097194205024757,0.000916926462497708,0.0970108197322575,0.0524481936548689,0.339629561709151
294273.411807,2777866.126422,0.344694887300715,0.009529045262965,0,0.0252886201209456,0.0641378046545721,0.556349642660803
294773.411807,2777866.126422,0.536428702514223,0.0126628739218205,0,0.0609286107542668,0.0660671682877592,0.323912644521931
295273.411807,2777866.126422,0.296350632679259,0.0348432055749129,0.00311754997249221,0.11186502842472,0.198422886484504,0.355400696864112
295773.411807,2777866.126422,0.204324720542423,0.0377496793109767,0.0793476269012278,0.232545354590434,0.129741616272677,0.316291002382261
296273.411807,2777866.126422,0,0.025325747843641,0.558084052119655,0.316571848045513,0,0.100018351991191
296773.411807,2777866.126422,0,0.00513478818998716,0.245186136071887,0.701815514395745,0.00256739409499358,0.0452961672473868
297273.411807,2777866.126422,0.0679860729338464,0.0447132123877588,0.178852849551035,0.322155030236394,0.11434854315558,0.271944291735386
297773.411807,2777866.126422,0.13268489631125,0.0638649293448339,0.114883464855937,0.212883097816113,0.114883464855937,0.36080014681593
298273.411807,2777866.126422,0.217494956904456,0.0570328259673574,0.0139372822299652,0.180634513112048,0.101045296167247,0.429855125618925
298773.411807,2777866.126422,0.135788894997251,0.106652006597031,0.00109950522264981,0.17372182517867,0.105185999633498,0.4775517683709
299273.411807,2777866.126422,0.115066984767847,0.0585428518994311,0.0247751881079097,0.217838135437695,0.131216737015966,0.452560102771151
299773.411807,2777866.126422,0.128919860627178,0.0858243168897854,0.00861910874747845,0.315422703099211,0.153860260407115,0.307353750229232
300273.411807,2777866.126422,0.0593090211132438,0.0495201535508637,0.385412667946257,0.238963531669866,0.0568138195777351,0.209980806142035
288273.411807,2777366.126422,0.55,0.0467032967032967,0.00952380952380952,0.0868131868131868,0.0291208791208791,0.277838827838828
288773.411807,2777366.126422,0.290642201834862,0.0363302752293578,0.023302752293578,0.17302752293578,0.115045871559633,0.361651376146789
289273.411807,2777366.126422,0.5178866263071,0.00330214639515685,0.00990643918547056,0.00421940928270042,0.00421940928270042,0.460465969546872
289773.411807,2777366.126422,0.864652014652015,0.000183150183150183,0,0.00860805860805861,0.0032967032967033,0.123260073260073
290273.411807,2777366.126422,0.718532110091743,0.00807339449541284,0,0.0227522935779817,0.0168807339449541,0.233761467889908
290773.411807,2777366.126422,0.533113190240323,0.0221977618785544,0.00238488350761328,0.174830306365804,0.0451293340671436,0.222344523940561
291273.411807,2777366.126422,0.457509157509157,0.0102564102564103,0.00476190476190476,0.193589743589744,0.0738095238095238,0.26007326007326
291773.411807,2777366.126422,0.498715596330275,0.00935779816513761,0.00293577981651376,0.19394495412844,0.0976146788990826,0.19743119266055
292273.411807,2777366.126422,0.422674738580077,0.0104567969179967,0.000366905155017428,0.0122913226930838,0.0214639515685195,0.532746285085305
292773.411807,2777366.126422,0.433699633699634,0.0113553113553114,0.00494505494505494,0.0157509157509158,0.0261904761904762,0.508058608058608
293273.411807,2777366.126422,0.48348623853211,0.0104587155963303,0.00055045871559633,0.0291743119266055,0.0504587155963303,0.425871559633028
293773.411807,2777366.126422,0.402861860209136,0.0126582278481013,0.00550357732526142,0.178499357915979,0.118510365070629,0.281966611630893
294273.411807,2777366.126422,0.268681318681319,0.0247252747252747,0.0272893772893773,0.278021978021978,0.134432234432234,0.266849816849817
294773.411807,2777366.126422,0.311743119266055,0.0196330275229358,0.0220183486238532,0.317798165137615,0.155963302752294,0.172844036697248
295273.411807,2777366.126422,0.136121812511466,0.072463768115942,0.0742982938910292,0.474591818015043,0.10126582278481,0.14125848468171
295773.411807,2777366.126422,0.0586080586080586,0.0897435897435897,0.0970695970695971,0.353296703296703,0.127289377289377,0.273992673992674
296273.411807,2777366.126422,0,0,0.913394495412844,0.086605504587156,0,0
296773.411807,2777366.126422,0,0,0.449642267473858,0.550357732526142,0,0
297273.411807,2777366.126422,0,0,0.116300366300366,0.883699633699634,0,0
297773.411807,2777366.126422,0.0288073394495413,0.0161467889908257,0.100733944954128,0.766238532110092,0.0152293577981651,0.0728440366972477
298273.411807,2777366.126422,0.0445789763346175,0.0267840763162722,0.0744817464685379,0.652724270776004,0.0376077783892864,0.163823151715282
298773.411807,2777366.126422,0.073992673992674,0.0419413919413919,0.0100732600732601,0.512087912087912,0.134249084249084,0.227655677655678
299273.411807,2777366.126422,0.158715596330275,0.0704587155963303,0.0214678899082569,0.179449541284404,0.135779816513761,0.434128440366972
299773.411807,2777366.126422,0.150247660979637,0.073747936158503,0.00513667217024399,0.167492203265456,0.112823335167859,0.490552192258301
300273.411807,2777366.126422,0.0782658737770957,0.0458469211586419,0.419528102819873,0.169576059850374,0.0704009207749856,0.216382121619029
288273.411807,2776866.126422,0.506600660066007,0.0185185185185185,0.00421708837550422,0.0511551155115512,0.0221855518885222,0.397323065639897
288773.411807,2776866.126422,0.316300366300366,0.0401098901098901,0.00604395604395604,0.276923076923077,0.0976190476190476,0.263003663003663
289273.411807,2776866.126422,0.258424908424908,0.0144688644688645,0.0163003663003663,0.143772893772894,0.0575091575091575,0.509523809523809
289773.411807,2776866.126422,0.599193252658599,0.00311697836450312,0.00861752841950862,0.00568390172350568,0.00476714338100477,0.378621195452879
290273.411807,2776866.126422,0.588278388278388,0.0152014652014652,0,0.00769230769230769,0.0043956043956044,0.384432234432234
290773.411807,2776866.126422,0.157875457875458,0.105494505494505,0.0115384615384615,0.285714285714286,0.117765567765568,0.321611721611722
291273.411807,2776866.126422,0.282911624495783,0.0377704437110378,0.0148514851485149,0.295746241290796,0.147231389805647,0.221488815548222
291773.411807,2776866.126422,0.557875457875458,0.0126373626373626,0.0139194139194139,0.189194139194139,0.0512820512820513,0.175091575091575
292273.411807,2776866.126422,0.495970695970696,0.0322344322344322,0.00256410256410256,0.115567765567766,0.0690476190476191,0.284615384615385
292773.411807,2776866.126422,0.663916391639164,0.0033003300330033,0,0.0388705537220389,0.0344701136780345,0.259442610927759
293273.411807,2776866.126422,0.454945054945055,0.00714285714285714,0.000183150183150183,0.0267399267399267,0.0637362637362637,0.447252747252747
293773.411807,2776866.126422,0.426923076923077,0.00879120879120879,0.0043956043956044,0.0578754578754579,0.0468864468864469,0.455128205128205
294273.411807,2776866.126422,0.398606527319399,0.0119178584525119,0.000183351668500183,0.015951595159516,0.0331866519985332,0.54015401540154
294773.411807,2776866.126422,0.240659340659341,0.0276556776556777,0.000732600732600733,0.117948717948718,0.206593406593407,0.406410256410256
295273.411807,2776866.126422,0.242673992673993,0.0326007326007326,0.0529304029304029,0.326923076923077,0.11007326007326,0.234798534798535
295773.411807,2776866.126422,0.0658232489915658,0.05995599559956,0.169233590025669,0.151815181518152,0.0586725339200587,0.494499449944995
296273.411807,2776866.126422,0.0274725274725275,0.0402930402930403,0.273992673992674,0.0648351648351648,0.039010989010989,0.554395604395604
296773.411807,2776866.126422,0.0514652014652015,0.0452380952380952,0.30970695970696,0.251098901098901,0.113553113553114,0.228937728937729
297273.411807,2776866.126422,0.0225522552255226,0.041987532086542,0.438943894389439,0.278327832783278,0.0834250091675834,0.134763476347635
297773.411807,2776866.126422,0.105311355311355,0.0681318681318681,0.306776556776557,0.165018315018315,0.0379120879120879,0.316849816849817
298273.411807,2776866.126422,0.0399267399267399,0.0293040293040293,0.477472527472527,0.203113553113553,0.0102564102564103,0.23992673992674
298773.411807,2776866.126422,0,0.00146681334800147,0.37000366703337,0.607994132746608,0.00293362669600293,0.0176017601760176
299273.411807,2776866.126422,0.0692307692307692,0.0221611721611722,0.0503663003663004,0.622161172161172,0.063003663003663,0.173076923076923
299773.411807,2776866.126422,0.0912087912087912,0.0485347985347985,0.00659340659340659,0.399267399267399,0.156959706959707,0.297435897435897
300273.411807,2776866.126422,0.0307219662058372,0.0606758832565284,0.433179723502304,0.231182795698925,0.0552995391705069,0.188940092165899
288273.411807,2776366.126422,0.181784863478102,0.0560747663551402,0.0181418361737218,0.387025838372732,0.100787978742899,0.256184716877405
288773.411807,2776366.126422,0.159111763626353,0.0431271792989539,0.0185355111029547,0.209946779225546,0.122591301156175,0.446687465590017
289273.411807,2776366.126422,0.0517146524848707,0.0260407115349349,0.0555657436273611,0.29616724738676,0.184852374839538,0.385659270126536
289773.411807,2776366.126422,0.142569177203592,0.00311526479750779,0,0.0951072017592084,0.262964999083746,0.496243357155946
290273.411807,2776366.126422,0.68471279133786,0.00403743806202973,0.000734079647641769,0.0304643053771334,0.0212883097816113,0.258763075793724
290773.411807,2776366.126422,0.442692096093893,0.0265908674124335,0.00916926462497708,0.171098477902072,0.0929763432972676,0.257472950669356
291273.411807,2776366.126422,0.54590434304563,0.0348176653839106,0,0.0918086860912589,0.0573575224482316,0.270111783030969
291773.411807,2776366.126422,0.694806386492934,0.00183519911910442,0.00275279867865663,0.00238575885483575,0.00495503762158194,0.293264819232887
292273.411807,2776366.126422,0.51182835136622,0.0198056115899505,0.0265908674124335,0.154593801577114,0.0799559875298001,0.207225380524482
292773.411807,2776366.126422,0.325270295033901,0.0621220450797141,0.00256551218618288,0.25673446948873,0.127909107568261,0.225398570643211
293273.411807,2776366.126422,0.588731877408699,0.00715727656450725,0.0012846393833731,0.110846026793907,0.0442282987704166,0.247751881079097
293773.411807,2776366.126422,0.503759398496241,0.00806895286997983,0.000550155877498625,0.00495140289748762,0.00458463231248854,0.478085457546305
294273.411807,2776366.126422,0.328019058090526,0.0229063588052043,0.0390324354040682,0.13560564412681,0.0661535642294301,0.408282939343962
294773.411807,2776366.126422,0.297118737383006,0.0212883097816113,0.0356028629106258,0.162231602128831,0.205725821251606,0.27803266654432
295273.411807,2776366.126422,0.0467632495873831,0.103612690262241,0.117733357784706,0.334494773519164,0.0761048963873097,0.321291032459197
295773.411807,2776366.126422,0.00604727872457394,0.0370166758292102,0.182884368700751,0.040131940626718,0.0311526479750779,0.702767088143669
296273.411807,2776366.126422,0.0345017434391632,0.0445953385942375,0.258579555881813,0.334556799412736,0.126812259130116,0.200954303541934
296773.411807,2776366.126422,0.0768384375573079,0.0115532734274711,0.00990280579497524,0.710618008435723,0.0993948285347515,0.0916926462497708
297273.411807,2776366.126422,0.0676195711929632,0.0491112332783581,0.107934762690123,0.594465823712663,0.0984057174271578,0.0824628916987356
297773.411807,2776366.126422,0.0335841438796109,0.0211047898697009,0.0247751881079097,0.809873371260782,0.0601945311066251,0.0504679757753716
298273.411807,2776366.126422,0.0981111314872547,0.0590500641848524,0.0309921144324225,0.517513295433706,0.0896754080322758,0.204657986429488
298773.411807,2776366.126422,0.0586402785413231,0.0507604911123328,0.0179585853032802,0.385193329668316,0.104086494410848,0.3833608209639
299273.411807,2776366.126422,0.0034868783262984,0.125527619746743,0.392549091576436,0.0965314736648926,0.0467975775371628,0.335107359148468
299773.411807,2776366.126422,0.0187052998349532,0.0236567027324409,0.392444525949019,0.501558774986246,0.0339262791124152,0.0297084173849257
300273.411807,2776366.126422,0.0527831094049904,0.0307101727447217,0.138579654510557,0.544529750479846,0.155470249520154,0.0779270633397313
288273.411807,2775866.126422,0.0157509157509158,0.220695970695971,0.0902930402930403,0.27967032967033,0.18974358974359,0.203846153846154
288773.411807,2775866.126422,0.0528440366972477,0.0855045871559633,0.0344954128440367,0.534311926605505,0.156330275229358,0.13651376146789
289273.411807,2775866.126422,0.290038525041277,0.0324711062190424,0.017978352595854,0.213171895065126,0.139057053751605,0.307283067327096
289773.411807,2775866.126422,0.219413919413919,0.134615384615385,0.0157509157509158,0.101098901098901,0.0875457875457875,0.441575091575092
290273.411807,2775866.126422,0.52697247706422,0.0297247706422018,0.0240366972477064,0.138532110091743,0.0348623853211009,0.245871559633028
290773.411807,2775866.126422,0.0915428361768483,0.0436617134470739,0.0111906072280316,0.608328747018896,0.117776554760594,0.127499541368556
291273.411807,2775866.126422,0.48992673992674,0.0164835164835165,0.00476190476190476,0.192857142857143,0.0481684981684982,0.247802197802198
291773.411807,2775866.126422,0.785321100917431,0.00073394495412844,0.00073394495412844,0.0313761467889908,0.0176146788990826,0.164220183486239
292273.411807,2775866.126422,0.824986241056687,0.00642084021280499,0.000366905155017428,0.0357732526141992,0.0170610897083104,0.115391671252981
292773.411807,2775866.126422,0.68003663003663,0.0293040293040293,0.0161172161172161,0.100732600732601,0.0402930402930403,0.133516483516484
293273.411807,2775866.126422,0.197798165137615,0.0603669724770642,0.055045871559633,0.435963302752294,0.173761467889908,0.0770642201834862
293773.411807,2775866.126422,0.199412951751972,0.0366905155017428,0.0702623371858375,0.40231150247661,0.0845716382315172,0.206751054852321
294273.411807,2775866.126422,0.3003663003663,0.0157509157509158,0.0208791208791209,0.13956043956044,0.0580586080586081,0.465384615384615
294773.411807,2775866.126422,0.0695412844036697,0.105871559633028,0.0680733944954128,0.504403669724771,0.0994495412844037,0.152660550458716
295273.411807,2775866.126422,0.032104201064025,0.0377912309667951,0.234819299211154,0.162355531095212,0.0487983856173179,0.484131352045496
295773.411807,2775866.126422,0.00824175824175824,0.063003663003663,0.314102564102564,0.0576923076923077,0.0804029304029304,0.476556776556777
296273.411807,2775866.126422,0.0269724770642202,0.0286238532110092,0.164587155963303,0.712293577981651,0.0343119266055046,0.0332110091743119
296773.411807,2775866.126422,0.0363236103467254,0.0671436433681893,0.163089341405247,0.595670519170794,0.0893414052467437,0.0484314804623005
297273.411807,2775866.126422,0.0675824175824176,0.0278388278388278,0.0483516483516484,0.699267399267399,0.0728937728937729,0.0840659340659341
297773.411807,2775866.126422,0.0284403669724771,0.0144954128440367,0.0867889908256881,0.835045871559633,0.0273394495412844,0.00788990825688073
298273.411807,2775866.126422,0.0344890845716382,0.0464135021097046,0.0223812144560631,0.729407448174647,0.0642084021280499,0.103100348559897
298773.411807,2775866.126422,0.0316849816849817,0.0619047619047619,0.015018315018315,0.764835164835165,0.0774725274725275,0.0490842490842491
299273.411807,2775866.126422,0.0462385321100917,0.0910091743119266,0.217614678899083,0.365321100917431,0.0992660550458716,0.180550458715596
299773.411807,2775866.126422,0.0163272793982755,0.105118326912493,0.302329847734361,0.148046230049532,0.107136305265089,0.32104201064025
300273.411807,2775866.126422,0.00978323422213697,0.0118933435641665,0.263188183387685,0.694609629771725,0.00728946863610205,0.0132361404181853
288273.411807,2775366.126422,0.0392372570590392,0.165749908324166,0.189035570223689,0.34983498349835,0.0821415474880821,0.174000733406674
288773.411807,2775366.126422,0.023992673992674,0.119230769230769,0.0774725274725275,0.354395604395604,0.197069597069597,0.227838827838828
289273.411807,2775366.126422,0.250549450549451,0.0285714285714286,0.0822344322344322,0.293223443223443,0.1996336996337,0.145787545787546
289773.411807,2775366.126422,0.466996699669967,0.0284195086175284,0.0236523652365237,0.176384305097176,0.0625229189585625,0.242024202420242
290273.411807,2775366.126422,0.404945054945055,0.015018315018315,0.0113553113553114,0.178754578754579,0.043040293040293,0.346886446886447
290773.411807,2775366.126422,0.0985347985347985,0.0434065934065934,0.0195970695970696,0.58003663003663,0.104945054945055,0.153479853479853
291273.411807,2775366.126422,0.569306930693069,0.0154015401540154,0.00495049504950495,0.175284195086175,0.0394206087275394,0.195636230289696
291773.411807,2775366.126422,0.561721611721612,0.0108058608058608,0.00274725274725275,0.13956043956044,0.0921245421245421,0.193040293040293
292273.411807,2775366.126422,0.569413919413919,0.00897435897435897,0.00293040293040293,0.0551282051282051,0.0172161172161172,0.346336996336996
292773.411807,2775366.126422,0.692152548588192,0.0022002200220022,0.000183351668500183,0.0249358269160249,0.0141180784745141,0.266409974330766
293273.411807,2775366.126422,0.64029304029304,0.00769230769230769,0.00586080586080586,0.0428571428571429,0.0357142857142857,0.267582417582418
293773.411807,2775366.126422,0.273992673992674,0.0236263736263736,0.0694139194139194,0.421794871794872,0.0648351648351648,0.146336996336996
294273.411807,2775366.126422,0.0537220388705537,0.0495049504950495,0.0669233590025669,0.702236890355702,0.0733406674000733,0.0542720938760543
294773.411807,2775366.126422,0.0152014652014652,0.114285714285714,0.177472527472527,0.527289377289377,0.0754578754578755,0.0902930402930403
295273.411807,2775366.126422,0.0291208791208791,0.0272893772893773,0.108974358974359,0.122161172161172,0.0653846153846154,0.647069597069597
295773.411807,2775366.126422,0.00953428676200953,0.0916758342500917,0.331316464979831,0.107810781078108,0.0870920425375871,0.372570590392373
296273.411807,2775366.126422,0.0336996336996337,0.0194139194139194,0.127655677655678,0.764652014652015,0.0399267399267399,0.0146520146520147
296773.411807,2775366.126422,0.039010989010989,0.0375457875457875,0.115567765567766,0.734432234432234,0.0468864468864469,0.0265567765567766
297273.411807,2775366.126422,0.0601393472680601,0.0315364869820315,0.0539053905390539,0.704620462046205,0.100843417675101,0.048954895489549
297773.411807,2775366.126422,0.0912087912087912,0.0461538461538462,0.134615384615385,0.584065934065934,0.0963369963369963,0.0476190476190476
298273.411807,2775366.126422,0.0258241758241758,0.0155677655677656,0.0296703296703297,0.900915750915751,0.0206959706959707,0.00732600732600733
298773.411807,2775366.126422,0.0683901723505684,0.072973964063073,0.142097543087642,0.644847818115145,0.0408874220755409,0.0308030803080308
299273.411807,2775366.126422,0.0901098901098901,0.0893772893772894,0.148168498168498,0.495238095238095,0.104761904761905,0.0723443223443224
299773.411807,2775366.126422,0.0787545787545788,0.0565934065934066,0.0921245421245421,0.621245421245421,0.0686813186813187,0.0826007326007326
300273.411807,2775366.126422,0.0132488479262673,0.0773809523809524,0.44815668202765,0.249615975422427,0.0556835637480799,0.155913978494624
288273.411807,2774866.126422,0.0448964632582005,0.159794759025105,0.125343595382078,0.499541872823896,0.0798973795125527,0.0905259299981675
288773.411807,2774866.126422,0.05395485410167,0.0495503762158194,0.0741420444118187,0.546155257845476,0.173426316755368,0.102771150669848
289273.411807,2774866.126422,0.121034293049697,0.0304419585549239,0.0632679259123418,0.529066568861177,0.14395745461214,0.112231799009719
289773.411807,2774866.126422,0.495693604544622,0.0174088326919553,0.0665200659703134,0.151731720725673,0.0896096756459593,0.179036100421477
290273.411807,2774866.126422,0.245182602312351,0.0200036703982382,0.0330335841438796,0.490915764360433,0.0934116351624151,0.117452743622683
290773.411807,2774866.126422,0.46781588116633,0.0188886851274528,0.00880249403997799,0.256556024206859,0.0748211993398129,0.173115716119567
291273.411807,2774866.126422,0.644126809602346,0.0188748396554884,0.000733003481766538,0.111233278358072,0.0568077698369067,0.168224299065421
291773.411807,2774866.126422,0.809506331436961,0.00110111947146265,0,0.0121123141860892,0.00403743806202973,0.173242796843458
292273.411807,2774866.126422,0.540986612873648,0.00238400880249404,0.00110031175499725,0.0346598202824134,0.0212726939299468,0.399596552356501
292773.411807,2774866.126422,0.396738134506139,0.0042147700201576,0.000183250870441635,0.0773318673263698,0.0553417628733736,0.466190214403518
293273.411807,2774866.126422,0.800146815929528,0.009543035419343,0,0.00844191594788034,0.0187190310148651,0.163149201688383
293773.411807,2774866.126422,0.445809646066385,0.0267742527049331,0.0166880616174583,0.165780304419586,0.121584448927196,0.223363286264442
294273.411807,2774866.126422,0.0404984423676012,0.0447132123877588,0.0760491112332784,0.65475536008796,0.0828293934396188,0.101154480483782
294773.411807,2774866.126422,0.05395485410167,0.0330335841438796,0.0943292347219673,0.613874105340429,0.111396586529638,0.0934116351624151
295273.411807,2774866.126422,0.0522648083623693,0.0715202640748212,0.030808729139923,0.276728406381808,0.0821566110397946,0.486521181001284
295773.411807,2774866.126422,0.0128275609309144,0.0714678394722375,0.193512919186366,0.125343595382078,0.0842954004031519,0.512552684625252
296273.411807,2774866.126422,0.0122958340979996,0.00917599559552211,0.0737750045879978,0.859974307212333,0.0407414204441182,0.00403743806202973
296773.411807,2774866.126422,0.0166880616174583,0.00806895286997983,0.0269576379974326,0.93196405648267,0.0146708233999633,0.00165046763249587
297273.411807,2774866.126422,0.0175920835623969,0.0124610591900312,0.0227231079347627,0.923034634414513,0.0212571009712296,0.00293201392706615
297773.411807,2774866.126422,0.0370710222059093,0.009543035419343,0.0379886217654616,0.869700862543586,0.0370710222059093,0.00862543585979079
298273.411807,2774866.126422,0.0240234733174399,0.0174216027874564,0.0379607555474051,0.835136622042912,0.0586832935998533,0.0267742527049331
298773.411807,2774866.126422,0.024555616639179,0.00714678394722375,0.0370166758292102,0.902877038665934,0.0185083379146051,0.00989554700384827
299273.411807,2774866.126422,0.0185355111029547,0.0100935951550743,0.0306478252890439,0.926775555147734,0.0122958340979996,0.00165167920719398
299773.411807,2774866.126422,0.0386942967174033,0.013203741059967,0.046396479002384,0.830918760315423,0.0557491289198606,0.0150375939849624
300273.411807,2774866.126422,0.0571976967370441,0.0573896353166987,0.0289827255278311,0.644721689059501,0.125143953934741,0.0865642994241843
288273.411807,2774366.126422,0.0679487179487179,0.133699633699634,0.026007326007326,0.363186813186813,0.203846153846154,0.205311355311355
288773.411807,2774366.126422,0.0634862385321101,0.0427522935779817,0.055045871559633,0.540550458715596,0.115963302752294,0.182201834862385
289273.411807,2774366.126422,0.0693450742982939,0.0315538433314988,0.0427444505595304,0.666666666666667,0.0944780774169877,0.0952118877270226
289773.411807,2774366.126422,0.0408424908424908,0.0380952380952381,0.0205128205128205,0.653296703296703,0.108424908424908,0.138827838827839
290273.411807,2774366.126422,0.175045871559633,0.0201834862385321,0.0113761467889908,0.624036697247706,0.0987155963302752,0.0706422018348624
290773.411807,2774366.126422,0.401027334434049,0.0148596587782058,0.00568702990277013,0.408548890111906,0.0638414969730325,0.106035589800037
291273.411807,2774366.126422,0.57948717948718,0.00934065934065934,0.000366300366300366,0.0946886446886447,0.0353479853479853,0.280769230769231
291773.411807,2774366.126422,0.69651376146789,0.0111926605504587,0,0.021651376146789,0.0581651376146789,0.212477064220183
292273.411807,2774366.126422,0.330031186938176,0.0596220876903321,0.00293524124013942,0.117960007338103,0.0823702073014126,0.407081269491836
292773.411807,2774366.126422,0.246153846153846,0.00659340659340659,0.000549450549450549,0.0882783882783883,0.0954212454212454,0.563003663003663
293273.411807,2774366.126422,0.683669724770642,0.00238532110091743,0,0.0271559633027523,0.0299082568807339,0.256880733944954
293773.411807,2774366.126422,0.290588882773803,0.0220143093010457,0.00697119794533113,0.381214456063108,0.14401027334434,0.155200880572372
294273.411807,2774366.126422,0.0481684981684982,0.0529304029304029,0.0195970695970696,0.611538461538462,0.135897435897436,0.131868131868132
294773.411807,2774366.126422,0.0774311926605505,0.0829357798165138,0.0288073394495413,0.542385321100917,0.108623853211009,0.159816513761468
295273.411807,2774366.126422,0.0443955237571088,0.0823702073014126,0.002568336085122,0.521005320124748,0.131535498073748,0.218125114657861
295773.411807,2774366.126422,0.0168498168498168,0.0558608058608059,0.1003663003663,0.0695970695970696,0.0426739926739927,0.714652014652015
296273.411807,2774366.126422,0.0499082568807339,0.0407339449541284,0.0220183486238532,0.592660550458716,0.104770642201835,0.189908256880734
296773.411807,2774366.126422,0.0291689598238855,0.0220143093010457,0.0669601907906806,0.760044028618602,0.0627407815079802,0.0590717299578059
297273.411807,2774366.126422,0.0247252747252747,0.0210622710622711,0.0454212454212454,0.853479853479853,0.0512820512820513,0.00402930402930403
297773.411807,2774366.126422,0.0524770642201835,0.0231192660550459,0,0.786238532110092,0.0722935779816514,0.0658715596330275
298273.411807,2774366.126422,0.0291689598238855,0.0366905155017428,0.0066042927903137,0.835076132819666,0.0741148413135205,0.0183452577508714
298773.411807,2774366.126422,0.0294871794871795,0.0148351648351648,0.0100732600732601,0.887179487179487,0.0399267399267399,0.0184981684981685
299273.411807,2774366.126422,0.0377981651376147,0.0170642201834862,0.0264220183486239,0.828807339449541,0.0660550458715596,0.0238532110091743
299773.411807,2774366.126422,0.0719134103834159,0.0337552742616034,0.0372408732342689,0.727206017244542,0.0654925701706109,0.0643918547055586
300273.411807,2774366.126422,0.107999232687512,0.0216765777863035,0.0504507960867063,0.646268943027048,0.0957222328793401,0.0778822175330904
288273.411807,2773866.126422,0.272460579391272,0.154932159882655,0.0209020902090209,0.253758709204254,0.0935093509350935,0.204437110377704
288773.411807,2773866.126422,0.199267399267399,0.0567765567765568,0.0144688644688645,0.353846153846154,0.165384615384615,0.21025641025641
289273.411807,2773866.126422,0.028021978021978,0.0771062271062271,0.0197802197802198,0.304945054945055,0.18992673992674,0.38021978021978
289773.411807,2773866.126422,0.555005500550055,0.015034836817015,0.00403373670700403,0.125412541254125,0.0916758342500917,0.208837550421709
290273.411807,2773866.126422,0.427655677655678,0.0238095238095238,0.00494505494505494,0.149450549450549,0.120879120879121,0.273260073260073
290773.411807,2773866.126422,0.803479853479854,0.00201465201465201,0,0.0131868131868132,0.0197802197802198,0.161538461538462
291273.411807,2773866.126422,0.777594426109278,0.00605060506050605,0,0.0333700036670334,0.0405207187385405,0.142464246424642
291773.411807,2773866.126422,0.671978021978022,0.00897435897435897,0,0.0108058608058608,0.0338827838827839,0.274358974358974
292273.411807,2773866.126422,0.552197802197802,0.00805860805860806,0,0.128937728937729,0.0815018315018315,0.229304029304029
292773.411807,2773866.126422,0.77044371103777,0.00806747341400807,0,0.0557389072240557,0.0517051705170517,0.114044737807114
293273.411807,2773866.126422,0.388095238095238,0.0175824175824176,0.0195970695970696,0.270879120879121,0.117032967032967,0.186813186813187
293773.411807,2773866.126422,0.0818681318681319,0.0217948717948718,0.0250915750915751,0.727289377289377,0.112820512820513,0.0311355311355311
294273.411807,2773866.126422,0.0762742940960763,0.026952695269527,0.0135680234690136,0.594059405940594,0.123762376237624,0.165383204987165
294773.411807,2773866.126422,0.0826007326007326,0.0391941391941392,0.00586080586080586,0.67032967032967,0.0970695970695971,0.104945054945055
295273.411807,2773866.126422,0.0287545787545788,0.0690476190476191,0.159157509157509,0.586813186813187,0.0734432234432234,0.0827838827838828
295773.411807,2773866.126422,0.0429042904290429,0.0713237990465713,0.183535020168684,0.43986065273194,0.0627062706270627,0.1996699669967
