"x","y","forest","agri","water","built","other","grass"
199273.411807,2668866.126422,0.0271153217902646,0.302515517804639,0,0.10062071218556,0.064031362299902,0.505717085919634
199773.411807,2668866.126422,0.0570453437347635,0.130424183325207,0,0.455143832276938,0.107508532423208,0.249878108239883
200273.411807,2668866.126422,0.0348440545808967,0.407163742690059,0,0.15911306042885,0.087962962962963,0.310916179337232
200773.411807,2668866.126422,0.0570175438596491,0.40448343079922,0,0.257797270955166,0.0984405458089669,0.182261208576998
201273.411807,2668866.126422,0.0745977571916139,0.147001462701121,0,0.358117991223793,0.158703071672355,0.261579717211117
201773.411807,2668866.126422,0.0367933723196881,0.252436647173489,0,0.037280701754386,0.033625730994152,0.639863547758285
202273.411807,2668866.126422,0.0960038986354776,0.167397660818713,0,0.178606237816764,0.16374269005848,0.394249512670565
202773.411807,2668866.126422,0.170648464163823,0.36274987810824,0.0672842515845929,0.0901999024865919,0.0277913213066797,0.281326182350073
203273.411807,2668866.126422,0,0.137670565302144,0.239522417153996,0.487329434697856,0.0482456140350877,0.0872319688109162
203773.411807,2668866.126422,0.0528752436647173,0.37719298245614,0.126218323586745,0.172514619883041,0.0255847953216374,0.245614035087719
204273.411807,2668866.126422,0.0368113115553389,0.423695758166748,0,0.022671867381765,0.0502194051682106,0.466601657727938
204773.411807,2668866.126422,0.0358187134502924,0.291910331384016,0.000243664717348928,0.0899122807017544,0.030458089668616,0.551656920077973
205273.411807,2668866.126422,0.0280214424951267,0.345272904483431,0,0.164473684210526,0.0784600389863548,0.383771929824561
205773.411807,2668866.126422,0.0214529497805948,0.0204778156996587,0,0.825207215992199,0.0962944904924427,0.0365675280351048
206273.411807,2668866.126422,0.0160818713450292,0.0365497076023392,0,0.749512670565302,0.0923489278752437,0.105506822612086
206773.411807,2668866.126422,0.0314327485380117,0.0835769980506823,0,0.326023391812865,0.119152046783626,0.439814814814815
207273.411807,2668866.126422,0.177474402730375,0.0589956118966358,0,0.178693320331546,0.0811799122379327,0.503656752803511
207773.411807,2668866.126422,0.198830409356725,0.0248538011695906,0,0.0601851851851852,0.0363060428849903,0.679824561403509
208273.411807,2668866.126422,0.337719298245614,0.017056530214425,0,0.00365497076023392,0.00633528265107212,0.635233918128655
208773.411807,2668866.126422,0.506094588005851,0.0165772793759142,0,0.0160897123354461,0.0416869819600195,0.419551438322769
209273.411807,2668866.126422,0.471491228070175,0.0211988304093567,0,0.0358187134502924,0.0738304093567251,0.39766081871345
209773.411807,2668866.126422,0.317738791423002,0.0487329434697856,0.000487329434697856,0.169590643274854,0.130116959064327,0.333333333333333
210273.411807,2668866.126422,0.045587518283764,0.231838127742565,0,0.254997562164798,0.0592393954168698,0.408337396392004
210773.411807,2668866.126422,0.0752923976608187,0.647904483430799,0,0.00779727095516569,0.0221734892787524,0.246832358674464
211273.411807,2668866.126422,0.0779727095516569,0.172270955165692,0.00852826510721248,0.294346978557505,0.115497076023392,0.331384015594542
211773.411807,2668866.126422,0.108475758632717,0.26508545517963,0,0.0366236484129752,0.0334844785490059,0.556330659225671
199273.411807,2668366.126422,0.0820265379975875,0.167913148371532,0,0.218335343787696,0.140168878166466,0.391556091676719
199773.411807,2668366.126422,0.0331684075499359,0.248488180318857,0,0.195711929631666,0.0844786512735936,0.438152831225948
200273.411807,2668366.126422,0.0579922921636998,0.400073407964764,0,0.143145531290145,0.108276748027161,0.29051202055423
200773.411807,2668366.126422,0.0482303319273794,0.37593984962406,0,0.12396845772969,0.0981111314872547,0.353750229231616
201273.411807,2668366.126422,0.0560747663551402,0.284222100054975,0,0.293018141836174,0.155213487264065,0.211471504489646
201773.411807,2668366.126422,0.0912093962194898,0.168287759221876,0,0.27381170857038,0.185722150853368,0.280968985134887
202273.411807,2668366.126422,0.0403447643498991,0.396479002384009,0,0.0970108197322575,0.0717036493673207,0.394461764166514
202773.411807,2668366.126422,0.155946490745831,0.336815099871724,0,0.129558365402236,0.061205790727506,0.316474253252703
203273.411807,2668366.126422,0.090475316571848,0.162782161864562,0.0965314736648926,0.494402642686732,0.0524866948063865,0.103321710405579
203773.411807,2668366.126422,0.041995231982395,0.190170548322025,0.0915092609572712,0.456629378323858,0.105996699064735,0.113698881349716
204273.411807,2668366.126422,0.104452996151732,0.140553417628734,0.00311526479750779,0.110317024005864,0.0903426791277259,0.551218618288437
204773.411807,2668366.126422,0.0271609469627455,0.348320792806019,0,0.140392732611488,0.100201871903101,0.383923655716645
205273.411807,2668366.126422,0.0361269026224097,0.312855309004218,0,0.178067119017055,0.125068769484687,0.34788189987163
205773.411807,2668366.126422,0.0111783030969397,0.322338281106835,0,0.0819131390874107,0.0494777350192413,0.535092541689573
206273.411807,2668366.126422,0.0367039823820885,0.135621214901817,0,0.345935033951184,0.0787300422095797,0.403009726555331
206773.411807,2668366.126422,0.0564826700898588,0.108747478452228,0,0.385659270126536,0.0773885934348065,0.371721987896571
207273.411807,2668366.126422,0.0635880520432472,0.0254718709913872,0,0.712479384277075,0.119113065787062,0.0793476269012278
207773.411807,2668366.126422,0.173793356579189,0.0888236373646541,0.00256927876674619,0.240961644338411,0.139108093228115,0.354743989722885
208273.411807,2668366.126422,0.304602970841738,0.0451127819548872,0,0.00421786172748946,0.0126535851824684,0.633412800293417
208773.411807,2668366.126422,0.434671064687557,0.024555616639179,0,0.00568077698369067,0.0175920835623969,0.517500458127176
209273.411807,2668366.126422,0.474215452376583,0.0233070288126262,0,0.0792806019453111,0.118553863094146,0.304643053771334
209773.411807,2668366.126422,0.293599853291766,0.0383275261324042,0,0.231065468549422,0.16394645149459,0.273060700531817
210273.411807,2668366.126422,0.0492944841487997,0.380795308777717,0,0.271211288253619,0.0650540590067803,0.233644859813084
210773.411807,2668366.126422,0.0332171040557901,0.39438429069554,0,0.102404110846027,0.0622132501376399,0.407781244265003
211273.411807,2668366.126422,0.142673757564643,0.123234916559692,0.000916926462497708,0.243352283146892,0.111681643132221,0.378140473134055
211773.411807,2668366.126422,0.0440721649484536,0.203092783505155,0,0.0701030927835052,0.05,0.632731958762887
199273.411807,2667866.126422,0.032086851628468,0.0774427020506634,0,0.611338962605549,0.0916767189384801,0.18745476477684
199773.411807,2667866.126422,0.0177655677655678,0.201098901098901,0,0.332417582417582,0.133333333333333,0.315384615384615
200273.411807,2667866.126422,0.0869724770642202,0.261467889908257,0,0.226788990825688,0.179449541284404,0.245321100917431
200773.411807,2667866.126422,0.0579710144927536,0.492386718033388,0,0.10842047330765,0.0735644835809943,0.267657310585214
201273.411807,2667866.126422,0.0203296703296703,0.632051282051282,0,0.105860805860806,0.0415750915750916,0.20018315018315
201773.411807,2667866.126422,0.0194495412844037,0.487339449541284,0,0.031743119266055,0.0673394495412844,0.394128440366972
202273.411807,2667866.126422,0.0818198495688864,0.248761695101816,0,0.303614015776922,0.116492386718033,0.249312052834342
202773.411807,2667866.126422,0.0681318681318681,0.29029304029304,0,0.228571428571429,0.13021978021978,0.282783882783883
203273.411807,2667866.126422,0.0706422018348624,0.156880733944954,0.0315596330275229,0.470091743119266,0.129357798165138,0.141467889908257
203773.411807,2667866.126422,0.0277013392038158,0.163089341405247,0.204549623922216,0.41221794166208,0.0401761144744084,0.152265639332233
204273.411807,2667866.126422,0.00842490842490842,0.153296703296703,0.211538461538462,0.284615384615385,0.0611721611721612,0.280952380952381
204773.411807,2667866.126422,0.0306422018348624,0.205321100917431,0.254678899082569,0.123669724770642,0.0710091743119266,0.314678899082569
205273.411807,2667866.126422,0.0506329113924051,0.281966611630893,0.0886075949367089,0.251696936341956,0.0638414969730325,0.263254448725005
205773.411807,2667866.126422,0.0924908424908425,0.27967032967033,0,0.143223443223443,0.126556776556777,0.358058608058608
206273.411807,2667866.126422,0.0486238532110092,0.166788990825688,0,0.214128440366972,0.0935779816513762,0.476880733944954
206773.411807,2667866.126422,0.0370574206567602,0.22546321775821,0,0.14547789396441,0.120711796000734,0.471289671619886
207273.411807,2667866.126422,0.143406593406593,0.10952380952381,0.00128205128205128,0.188095238095238,0.131318681318681,0.426373626373626
207773.411807,2667866.126422,0.105137614678899,0.0488073394495413,0.00440366972477064,0.611743119266055,0.116146788990826,0.113761467889908
208273.411807,2667866.126422,0.0332049165290772,0.0598055402678408,0.00091726288754357,0.684094661529995,0.0920931939093744,0.129884424876169
208773.411807,2667866.126422,0.234065934065934,0.0516483516483516,0,0.243772893772894,0.136630036630037,0.333882783882784
209273.411807,2667866.126422,0.37743119266055,0.0218348623853211,0,0.136146788990826,0.161651376146789,0.302935779816514
209773.411807,2667866.126422,0.11557512383049,0.140157769216657,0,0.368923133370024,0.116125481563016,0.259218492019813
210273.411807,2667866.126422,0.0432234432234432,0.273076923076923,0,0.276373626373626,0.0831501831501831,0.324175824175824
210773.411807,2667866.126422,0.0423853211009174,0.131192660550459,0.00275229357798165,0.718348623853211,0.0526605504587156,0.0526605504587156
211273.411807,2667866.126422,0.0623738763529628,0.126765731058521,0.000550357732526142,0.390387084938543,0.156485048614933,0.263437901302513
211773.411807,2667866.126422,0.0409582689335394,0.0798557444616177,0.000257599175682638,0.361926841834106,0.0772797527047913,0.439721792890263
199273.411807,2667366.126422,0.0667469879518072,0.0667469879518072,0,0.681686746987952,0.119277108433735,0.0655421686746988
199773.411807,2667366.126422,0.0491382471580491,0.155848918225156,0,0.403923725705904,0.111111111111111,0.27997799779978
200273.411807,2667366.126422,0.0615384615384615,0.338461538461538,0,0.0402930402930403,0.0767399267399267,0.482967032967033
200773.411807,2667366.126422,0.0688644688644689,0.221794871794872,0,0.395421245421245,0.111904761904762,0.202014652014652
201273.411807,2667366.126422,0.0731573157315732,0.393289328932893,0,0.120645397873121,0.114594792812615,0.298313164649798
201773.411807,2667366.126422,0.0336996336996337,0.471062271062271,0,0.111721611721612,0.0879120879120879,0.295604395604396
202273.411807,2667366.126422,0.0496336996336996,0.191025641025641,0,0.578571428571429,0.0701465201465201,0.110622710622711
202773.411807,2667366.126422,0.108177484415108,0.285845251191786,0,0.0757242390905757,0.0491382471580491,0.481114778144481
203273.411807,2667366.126422,0.0452380952380952,0.313186813186813,0,0.148901098901099,0.0754578754578755,0.417216117216117
203773.411807,2667366.126422,0.0767399267399267,0.271794871794872,0,0.117216117216117,0.0694139194139194,0.464835164835165
204273.411807,2667366.126422,0.035020168683535,0.336633663366337,0.0280528052805281,0.1002933626696,0.0960762742940961,0.403923725705904
204773.411807,2667366.126422,0.00805860805860806,0.274908424908425,0.2,0.0593406593406593,0.0335164835164835,0.424175824175824
205273.411807,2667366.126422,0.0122710622710623,0.172893772893773,0.0935897435897436,0.423809523809524,0.0935897435897436,0.203846153846154
205773.411807,2667366.126422,0.00293362669600293,0.158232489915658,0.190685735240191,0.43949394939494,0.0720572057205721,0.136596993032637
206273.411807,2667366.126422,0.0358974358974359,0.18040293040293,0.318681318681319,0.12032967032967,0.100549450549451,0.244139194139194
206773.411807,2667366.126422,0.073992673992674,0.134981684981685,0.148717948717949,0.244688644688645,0.0847985347985348,0.312820512820513
207273.411807,2667366.126422,0.0907590759075908,0.0531719838650532,0,0.524935826916025,0.116611661166117,0.214521452145215
207773.411807,2667366.126422,0.0503663003663004,0.0840659340659341,0,0.697985347985348,0.0954212454212454,0.0721611721611722
208273.411807,2667366.126422,0.0776556776556777,0.100915750915751,0,0.344688644688645,0.181135531135531,0.295604395604396
208773.411807,2667366.126422,0.0273193986065273,0.121745507884122,0.000183351668500183,0.64026402640264,0.110744407774111,0.0997433076640997
209273.411807,2667366.126422,0.104029304029304,0.113369963369963,0.000366300366300366,0.573809523809524,0.0756410256410256,0.132783882783883
209773.411807,2667366.126422,0.0857142857142857,0.145787545787546,0,0.392307692307692,0.128754578754579,0.247435897435897
210273.411807,2667366.126422,0.112944627796113,0.335716905023836,0,0.361936193619362,0.0995599559955996,0.0898423175650898
210773.411807,2667366.126422,0.0148351648351648,0.257142857142857,0,0.582417582417582,0.0452380952380952,0.1003663003663
211273.411807,2667366.126422,0.0787545787545788,0.114285714285714,0.000549450549450549,0.594505494505495,0.108608058608059,0.103296703296703
211773.411807,2667366.126422,0.052319587628866,0.0391752577319588,0.000515463917525773,0.79819587628866,0.0987113402061856,0.0110824742268041
199273.411807,2666866.126422,0.0386007237635706,0.117973462002413,0,0.664897466827503,0.0895054282267792,0.0890229191797346
199773.411807,2666866.126422,0.0590067802822063,0.0866776617188932,0.00109950522264981,0.50229063588052,0.0888766721641928,0.262048744731537
200273.411807,2666866.126422,0.0484492567443568,0.26151587447238,0,0.204074142044412,0.0959809139291613,0.38997981280969
200773.411807,2666866.126422,0.0374105996699065,0.216578030441959,0,0.337979094076655,0.0993948285347515,0.308637447276728
201273.411807,2666866.126422,0.0377496793109767,0.520065970313359,0,0.145867692871541,0.0985889682975994,0.197727689206524
201773.411807,2666866.126422,0.0601945311066251,0.463387777573867,0,0.0598274912828042,0.0618462103138191,0.354743989722885
202273.411807,2666866.126422,0.0891252521547772,0.109114249037227,0,0.441225013753897,0.134054648817165,0.226480836236934
202773.411807,2666866.126422,0.0685358255451713,0.0903426791277259,0,0.59758108851017,0.0908924317390508,0.152647975077882
203273.411807,2666866.126422,0.0486327766562672,0.395668930078914,0,0.0886401174527436,0.0680858873187741,0.398972288493302
203773.411807,2666866.126422,0.0451127819548872,0.246836603704383,0,0.116449660737209,0.110031175499725,0.481569778103796
204273.411807,2666866.126422,0.0362836723474437,0.470404984423676,0,0.142569177203592,0.0683525746747297,0.282389591350559
204773.411807,2666866.126422,0.19489814644889,0.213984217287576,0,0.206092861075427,0.122040741420444,0.262984033767664
205273.411807,2666866.126422,0.1199339812947,0.150926095727123,0,0.194205024757014,0.0902255639097744,0.444709334311388
205773.411807,2666866.126422,0.0745831042697453,0.236943375481034,0.000549752611324904,0.195345427890782,0.0853949056258017,0.407183434121312
206273.411807,2666866.126422,0.126261699394384,0.1493852082951,0.0440447788585061,0.239860524866948,0.0706551660855203,0.369792622499541
206773.411807,2666866.126422,0.079589216944801,0.130937098844673,0.00825233816247937,0.45204474601137,0.117183201907207,0.21199339812947
207273.411807,2666866.126422,0.00934579439252336,0.189298149166209,0.152831225948323,0.366684991753711,0.0599230346344145,0.22191680410482
207773.411807,2666866.126422,0.0513855753349238,0.28610754266838,0.116535144063131,0.0979996329601762,0.00422095797394017,0.443751146999449
208273.411807,2666866.126422,0.0715202640748212,0.282963506326793,0.14817531633963,0.0495140289748762,0.0304419585549239,0.417384925728957
208773.411807,2666866.126422,0.0536925050393989,0.336998350742166,0.0588235294117647,0.150815466373465,0.0593732820230896,0.340296866410115
209273.411807,2666866.126422,0.0699210864378785,0.258028996146082,0.000550559735731327,0.155991925123876,0.118370343182235,0.397137089374197
209773.411807,2666866.126422,0.0733541169998166,0.132954337062168,0.00256739409499358,0.358334861544104,0.167430772052081,0.265358518246837
210273.411807,2666866.126422,0.0142935678944475,0.244639912039582,0.000183250870441635,0.353857430822796,0.108301264431006,0.278724573941726
210773.411807,2666866.126422,0.0607450908423564,0.32776656267205,0.00550559735731327,0.440998348320793,0.0671682877592219,0.0978161130482657
211273.411807,2666866.126422,0.0168714469099578,0.0346598202824134,0.004401247019989,0.832935998532918,0.0863744727672841,0.0247570144874381
211773.411807,2666866.126422,0.0440721649484536,0.0407216494845361,0,0.717525773195876,0.15,0.047680412371134
199273.411807,2666366.126422,0.0673100120627262,0.12086851628468,0,0.276718938480096,0.234499396863691,0.300603136308806
199773.411807,2666366.126422,0.0684981684981685,0.210805860805861,0,0.218131868131868,0.137728937728938,0.364835164835165
200273.411807,2666366.126422,0.0337614678899083,0.193211009174312,0,0.347339449541284,0.204587155963303,0.221100917431193
200773.411807,2666366.126422,0.0445789763346175,0.160337552742616,0,0.537699504678041,0.187121629058888,0.0702623371858375
201273.411807,2666366.126422,0.0553113553113553,0.157692307692308,0,0.609340659340659,0.112820512820513,0.0648351648351648
201773.411807,2666366.126422,0.041651376146789,0.284954128440367,0,0.278165137614679,0.13743119266055,0.257798165137615
202273.411807,2666366.126422,0.0374243258117777,0.418455329297377,0,0.15978719501009,0.0779673454412034,0.306365804439552
202773.411807,2666366.126422,0.0789377289377289,0.175457875457875,0.000366300366300366,0.392307692307692,0.115567765567766,0.237362637362637
203273.411807,2666366.126422,0.0708256880733945,0.239816513761468,0,0.220550458715596,0.106422018348624,0.362385321100917
203773.411807,2666366.126422,0.0550357732526142,0.144927536231884,0,0.427811410750321,0.126031920748487,0.246193359016694
204273.411807,2666366.126422,0.0668498168498168,0.302564102564103,0,0.187912087912088,0.0919413919413919,0.350732600732601
204773.411807,2666366.126422,0.100733944954128,0.158899082568807,0,0.304220183486239,0.146605504587156,0.28954128440367
205273.411807,2666366.126422,0.0454962392221611,0.170610897083104,0,0.326178682810494,0.106769400110072,0.35094478077417
205773.411807,2666366.126422,0.0192307692307692,0.311904761904762,0.0021978021978022,0.176739926739927,0.115567765567766,0.374358974358974
206273.411807,2666366.126422,0.0807339449541284,0.195963302752294,0.00055045871559633,0.316697247706422,0.121834862385321,0.284220183486239
206773.411807,2666366.126422,0.111906072280316,0.158136121812511,0.0126582278481013,0.334434048798386,0.0963126031920749,0.286552926068611
207273.411807,2666366.126422,0.107692307692308,0.285531135531136,0.000183150183150183,0.221611721611722,0.0998168498168498,0.285164835164835
207773.411807,2666366.126422,0.0555963302752294,0.446422018348624,0.00440366972477064,0.0737614678899083,0.0396330275229358,0.380183486238532
208273.411807,2666366.126422,0.0214639515685195,0.464685378829573,0,0.0198128783709411,0.02568336085122,0.468354430379747
208773.411807,2666366.126422,0.0871794871794872,0.179304029304029,0.0353479853479853,0.247069597069597,0.0287545787545788,0.422344322344322
209273.411807,2666366.126422,0.00165137614678899,0.356697247706422,0.0623853211009174,0.408990825688073,0.0394495412844037,0.130825688073395
209773.411807,2666366.126422,0.00440286186020914,0.189873417721519,0.192808658961658,0.397541735461383,0.0842047330764997,0.131168592918731
210273.411807,2666366.126422,0.0318681318681319,0.267032967032967,0.173626373626374,0.192673992673993,0.0893772893772894,0.245421245421245
210773.411807,2666366.126422,0.0409174311926606,0.204770642201835,0.0289908256880734,0.382385321100917,0.096697247706422,0.246238532110092
211273.411807,2666366.126422,0.0601724454228582,0.107136305265089,0.0704457897633462,0.337185837461016,0.156118143459916,0.268941478627775
211773.411807,2666366.126422,0.118495620814013,0.114116434827409,0.00128799587841319,0.497424008243174,0.106130860381247,0.162545079855744
199273.411807,2665866.126422,0.00578313253012048,0.246987951807229,0,0.0689156626506024,0.091566265060241,0.586746987951807
199773.411807,2665866.126422,0.0605060506050605,0.243491015768244,0,0.187385405207187,0.117711771177118,0.390905757242391
200273.411807,2665866.126422,0.043040293040293,0.219230769230769,0,0.391208791208791,0.16025641025641,0.186263736263736
200773.411807,2665866.126422,0.0490842490842491,0.198901098901099,0,0.495604395604396,0.170695970695971,0.0857142857142857
201273.411807,2665866.126422,0.0683901723505684,0.281628162816282,0.000733406674000733,0.381921525485882,0.124862486248625,0.142464246424642
201773.411807,2665866.126422,0.0496336996336996,0.285164835164835,0.000183150183150183,0.424358974358974,0.0730769230769231,0.167582417582418
202273.411807,2665866.126422,0.0602564102564103,0.25970695970696,0,0.35,0.106959706959707,0.223076923076923
202773.411807,2665866.126422,0.0394206087275394,0.198569856985699,0,0.534836817015035,0.0955262192885955,0.131646497983132
203273.411807,2665866.126422,0.0642857142857143,0.18003663003663,0,0.335714285714286,0.106043956043956,0.313919413919414
203773.411807,2665866.126422,0.0373626373626374,0.167216117216117,0,0.563919413919414,0.113919413919414,0.117582417582418
204273.411807,2665866.126422,0.0271360469380271,0.0429042904290429,0.00165016501650165,0.752658599193253,0.0881921525485882,0.0874587458745875
204773.411807,2665866.126422,0.0653846153846154,0.0498168498168498,0,0.671428571428571,0.10952380952381,0.103846153846154
205273.411807,2665866.126422,0.0401098901098901,0.237728937728938,0,0.305677655677656,0.113553113553114,0.302930402930403
205773.411807,2665866.126422,0.0232856618995233,0.317015034836817,0,0.150898423175651,0.0795746241290796,0.429226255958929
206273.411807,2665866.126422,0.0531135531135531,0.117765567765568,0.000366300366300366,0.45952380952381,0.137728937728938,0.231501831501832
206773.411807,2665866.126422,0.0972527472527473,0.225091575091575,0,0.296336996336996,0.10018315018315,0.281135531135531
207273.411807,2665866.126422,0.0936927026035937,0.231756508984232,0,0.218738540520719,0.121195452878621,0.334616795012835
207773.411807,2665866.126422,0.0652014652014652,0.24981684981685,0,0.152380952380952,0.123260073260073,0.409340659340659
208273.411807,2665866.126422,0.0675824175824176,0.412820512820513,0.000915750915750916,0.0846153846153846,0.0816849816849817,0.352380952380952
208773.411807,2665866.126422,0.0881921525485882,0.432709937660433,0,0.135496883021635,0.0625229189585625,0.281078107810781
209273.411807,2665866.126422,0.0791208791208791,0.382783882783883,0.00164835164835165,0.0871794871794872,0.0701465201465201,0.379120879120879
209773.411807,2665866.126422,0.0126373626373626,0.213736263736264,0.131684981684982,0.194871794871795,0.0747252747252747,0.372344322344322
210273.411807,2665866.126422,0.0141180784745141,0.195819581958196,0.170883755042171,0.378254492115878,0.0201686835350202,0.220755408874221
210773.411807,2665866.126422,0.0624542124542125,0.436996336996337,0,0.0366300366300366,0.0706959706959707,0.393223443223443
211273.411807,2665866.126422,0.175641025641026,0.103296703296703,0,0.27985347985348,0.141941391941392,0.299267399267399
211773.411807,2665866.126422,0.0353092783505155,0.288917525773196,0.0597938144329897,0.368298969072165,0.0907216494845361,0.156958762886598
199273.411807,2665366.126422,0.0267792521109771,0.293365500603136,0,0.145235223160434,0.10518697225573,0.429433051869723
199773.411807,2665366.126422,0.0307861462341946,0.182151365218985,0,0.277441817848635,0.147150448964633,0.362470221733553
200273.411807,2665366.126422,0.0618462103138191,0.208478619930262,0,0.230868049183336,0.119838502477519,0.378968618095063
200773.411807,2665366.126422,0.0755547405098111,0.127452778287181,0,0.44801026957638,0.13203741059967,0.216944801026958
201273.411807,2665366.126422,0.0786146234194612,0.201575957485798,0,0.502473886750962,0.112332783580722,0.105002748763057
201773.411807,2665366.126422,0.0625802899614608,0.149752248118921,0.00146815929528354,0.432739952284823,0.140392732611488,0.213066617728023
202273.411807,2665366.126422,0.0794058316523015,0.12800293416468,0.00183385292499542,0.466898954703833,0.116266275444709,0.207592151109481
202773.411807,2665366.126422,0.0164925783397471,0.0284038849184534,0.0133773135422393,0.86769287154114,0.0624885468205974,0.011544804837823
203273.411807,2665366.126422,0.0273444668746559,0.036520462470178,0.000367039823820885,0.855936869150303,0.0467975775371628,0.0330335841438796
203773.411807,2665366.126422,0.0621676141573446,0.0539152759948652,0,0.701632129103246,0.100861910874748,0.0814230698697964
204273.411807,2665366.126422,0.0930914421843504,0.0765988638446033,0.00109950522264981,0.539490562580172,0.172805570826461,0.116914055341763
204773.411807,2665366.126422,0.0491833363919985,0.0515690952468343,0,0.698843824554964,0.104789869700863,0.0956138741053404
205273.411807,2665366.126422,0.0421786172748946,0.106913625527233,0.000366770584999083,0.651567944250871,0.0592334494773519,0.139739592884651
205773.411807,2665366.126422,0.0467289719626168,0.112882536192047,0,0.553967381345061,0.0894264247755177,0.196994685724757
206273.411807,2665366.126422,0.0581758120756102,0.0912093962194898,0,0.364287025142228,0.180216553496054,0.306111213066618
206773.411807,2665366.126422,0.0566660553823583,0.170364936732074,0,0.17183201907207,0.202640748211993,0.398496240601504
207273.411807,2665366.126422,0.049660985889683,0.292468389224849,0,0.0731170973062122,0.0916254352208173,0.493128092358439
207773.411807,2665366.126422,0.0618462103138191,0.240227564690769,0,0.257478436410351,0.129748577720683,0.310699210864379
208273.411807,2665366.126422,0.0355767467449111,0.411699981661471,0,0.23216578030442,0.0951769668072621,0.225380524481937
208773.411807,2665366.126422,0.0557082646142569,0.698918819864394,0,0.00494777350192413,0.00494777350192413,0.2354773685175
209273.411807,2665366.126422,0.0726738851165352,0.464305377133419,0,0.0801982015048633,0.0961644338410718,0.286658102404111
209773.411807,2665366.126422,0.229231615624427,0.110948101962223,0,0.186319457179534,0.122134604804695,0.351366220429122
210273.411807,2665366.126422,0.0241891148982958,0.301814183617372,0.0185083379146051,0.134322888033718,0.106102253985706,0.415063221550302
210773.411807,2665366.126422,0.0233070288126262,0.216002936318591,0.249587080198201,0.101302991374564,0.0427601394751331,0.367039823820885
211273.411807,2665366.126422,0.0911424903722722,0.282046579864295,0,0.0720704199523198,0.0863744727672841,0.468366037043829
211773.411807,2665366.126422,0.0664948453608247,0.116237113402062,0.000515463917525773,0.406958762886598,0.169845360824742,0.239948453608247
199273.411807,2664866.126422,0.0569360675512666,0.112907117008444,0,0.470205066344994,0.188902291917973,0.171049457177322
199773.411807,2664866.126422,0.0214285714285714,0.132600732600733,0,0.222893772893773,0.165384615384615,0.457692307692308
200273.411807,2664866.126422,0.0359633027522936,0.15743119266055,0,0.528073394495413,0.115779816513761,0.162752293577982
200773.411807,2664866.126422,0.0484314804623005,0.284351495138507,0,0.223445239405614,0.0847550908090259,0.359016694184553
201273.411807,2664866.126422,0.0564102564102564,0.229120879120879,0,0.232600732600733,0.106959706959707,0.374908424908425
201773.411807,2664866.126422,0.0524770642201835,0.195596330275229,0,0.179633027522936,0.101100917431193,0.471192660550459
202273.411807,2664866.126422,0.0783342505962209,0.138873601174097,0,0.315721885892497,0.0979636763896533,0.369106585947533
202773.411807,2664866.126422,0.01996336996337,0.0298534798534799,0.00714285714285714,0.897069597069597,0.0315018315018315,0.0144688644688645
203273.411807,2664866.126422,0.100183486238532,0.0836697247706422,0.00165137614678899,0.710642201834862,0.0631192660550459,0.0407339449541284
203773.411807,2664866.126422,0.0416437350944781,0.0319207484865162,0.00238488350761328,0.843881856540084,0.0434782608695652,0.0366905155017428
204273.411807,2664866.126422,0.0412087912087912,0.0580586080586081,0.0032967032967033,0.727289377289377,0.0972527472527473,0.0728937728937729
204773.411807,2664866.126422,0.061651376146789,0.107155963302752,0,0.461467889908257,0.0812844036697248,0.288440366972477
205273.411807,2664866.126422,0.0227481196110805,0.0254999082737112,0.000550357732526142,0.859842230783343,0.0741148413135205,0.0172445422858191
205773.411807,2664866.126422,0.0355311355311355,0.0293040293040293,0.000183150183150183,0.811172161172161,0.0875457875457875,0.0362637362637363
206273.411807,2664866.126422,0.0638532110091743,0.0702752293577982,0,0.486788990825688,0.122201834862385,0.256880733944954
206773.411807,2664866.126422,0.0576041093377362,0.0985140341221794,0,0.376077783892864,0.0882406897816914,0.379563382865529
207273.411807,2664866.126422,0.0487179487179487,0.0734432234432234,0,0.371978021978022,0.112087912087912,0.393772893772894
207773.411807,2664866.126422,0.02,0.477064220183486,0,0.0300917431192661,0.0429357798165138,0.429908256880734
208273.411807,2664866.126422,0.0376077783892864,0.476059438635113,0,0.141441937259218,0.104017611447441,0.240873234268941
208773.411807,2664866.126422,0.0316849816849817,0.466117216117216,0,0.276739926739927,0.121245421245421,0.104212454212454
209273.411807,2664866.126422,0.0444036697247706,0.606238532110092,0,0.109357798165138,0.064954128440367,0.175045871559633
209773.411807,2664866.126422,0.0651256650155935,0.626674004769767,0,0.0271509814712897,0.0731975784259769,0.207851770317373
210273.411807,2664866.126422,0.0921245421245421,0.341391941391941,0,0.238827838827839,0.126007326007326,0.201648351648352
210773.411807,2664866.126422,0.0346788990825688,0.260366972477064,0.17045871559633,0.0422018348623853,0.0464220183486239,0.445871559633028
211273.411807,2664866.126422,0.0212804989910108,0.424142359200147,0.0533847000550358,0.028251696936342,0.0148596587782058,0.458081086039259
211773.411807,2664866.126422,0.10252447192169,0.365533230293663,0,0.0517774343122102,0.117465224111283,0.362699639361154
199273.411807,2664366.126422,0.0397590361445783,0.148915662650602,0.00120481927710843,0.533253012048193,0.109397590361446,0.167469879518072
199773.411807,2664366.126422,0.0262192885955262,0.342867620095343,0,0.2004033736707,0.0887422075540887,0.341767510084342
200273.411807,2664366.126422,0.0287545787545788,0.226923076923077,0,0.404029304029304,0.100732600732601,0.23956043956044
200773.411807,2664366.126422,0.0478021978021978,0.121062271062271,0,0.313919413919414,0.100915750915751,0.416300366300366
201273.411807,2664366.126422,0.0614228089475614,0.207187385405207,0,0.312614594792813,0.145947928126146,0.272827282728273
201773.411807,2664366.126422,0.0521978021978022,0.325091575091575,0,0.179487179487179,0.121794871794872,0.321428571428571
202273.411807,2664366.126422,0.0928571428571429,0.127838827838828,0,0.444322344322344,0.110805860805861,0.224175824175824
202773.411807,2664366.126422,0.0390539053905391,0.0232856618995233,0.00421708837550422,0.81041437477081,0.0830583058305831,0.03997066373304
203273.411807,2664366.126422,0.0269230769230769,0.0141025641025641,0.010989010989011,0.870512820512821,0.0576923076923077,0.0197802197802198
203773.411807,2664366.126422,0.0435897435897436,0.00879120879120879,0.00256410256410256,0.877655677655678,0.0575091575091575,0.00989010989010989
204273.411807,2664366.126422,0.070957095709571,0.0238357169050238,0.000916758342500917,0.758525852585259,0.0528052805280528,0.092959295929593
204773.411807,2664366.126422,0.03003663003663,0.0201465201465201,0.000549450549450549,0.866300366300366,0.0675824175824176,0.0153846153846154
205273.411807,2664366.126422,0.0282051282051282,0.0265567765567766,0.0021978021978022,0.807326007326007,0.0761904761904762,0.0595238095238095
205773.411807,2664366.126422,0.0850751741840851,0.0190685735240191,0.0022002200220022,0.67015034836817,0.134030069673634,0.0894756142280895
206273.411807,2664366.126422,0.0981684981684982,0.0397435897435897,0,0.519230769230769,0.0921245421245421,0.250732600732601
206773.411807,2664366.126422,0.115018315018315,0.0168498168498168,0,0.623626373626374,0.080952380952381,0.163553113553114
207273.411807,2664366.126422,0.0792079207920792,0.0361202786945361,0,0.672533920058673,0.146314631463146,0.0658232489915658
207773.411807,2664366.126422,0.076007326007326,0.222710622710623,0,0.306043956043956,0.110989010989011,0.284249084249084
208273.411807,2664366.126422,0.0663003663003663,0.271428571428571,0,0.213369963369963,0.11996336996337,0.328937728937729
208773.411807,2664366.126422,0.0793912724605794,0.272277227722772,0,0.2997799779978,0.124495782911624,0.224055738907224
209273.411807,2664366.126422,0.0602564102564103,0.24029304029304,0,0.275641025641026,0.171794871794872,0.252014652014652
209773.411807,2664366.126422,0.043956043956044,0.50018315018315,0,0.166483516483516,0.121062271062271,0.168315018315018
210273.411807,2664366.126422,0.0210854418775211,0.554455445544555,0.0126512651265127,0.0447378071140447,0.0606894022735607,0.306380638063806
210773.411807,2664366.126422,0.100549450549451,0.355860805860806,0.000366300366300366,0.0774725274725275,0.106776556776557,0.358974358974359
211273.411807,2664366.126422,0.0331501831501832,0.25989010989011,0.108424908424908,0.218681318681319,0.0184981684981685,0.361355311355311
211773.411807,2664366.126422,0.0610824742268041,0.577577319587629,0,0.0188144329896907,0.072680412371134,0.269845360824742
199273.411807,2663866.126422,0.0381182147165259,0.293124246079614,0,0.236188178528347,0.128347406513872,0.304221954161641
199773.411807,2663866.126422,0.045629466739967,0.257284222100055,0,0.287154113982041,0.129924867143119,0.280007330034818
200273.411807,2663866.126422,0.019086070838686,0.351624151220407,0,0.0985501926959075,0.0636814094329235,0.467058175812076
200773.411807,2663866.126422,0.0623509994498441,0.156244269209609,0,0.322574729506694,0.103062534384742,0.355767467449111
201273.411807,2663866.126422,0.0751328568810702,0.198094190947407,0,0.331134322888034,0.0927249404434671,0.302913688840022
201773.411807,2663866.126422,0.0570746926041475,0.165167920719398,0,0.265002752798679,0.105523949348504,0.407230684529271
202273.411807,2663866.126422,0.0621676141573446,0.0546488171648634,0.000916926462497708,0.742343664038144,0.0750045846323125,0.0649183935448377
202773.411807,2663866.126422,0.0276708814366868,0.0238226131574125,0.015026571376214,0.863844603261866,0.0560747663551402,0.013560564412681
203273.411807,2663866.126422,0.00991007524316388,0.00734079647641769,0.00568911726922371,0.958157460084419,0.017434391631492,0.00146815929528354
203773.411807,2663866.126422,0.13588850174216,0.028791490922428,0.00495140289748762,0.64808362369338,0.0871080139372822,0.0951769668072621
204273.411807,2663866.126422,0.289536375297783,0.0498442367601246,0,0.140553417628734,0.149166208539491,0.370899761773868
204773.411807,2663866.126422,0.349421912277482,0.0412919801798495,0,0.164617360983667,0.138557533492384,0.306111213066618
205273.411807,2663866.126422,0.35613423803411,0.0588666788923528,0,0.177883733724555,0.11204841371722,0.295066935631762
205773.411807,2663866.126422,0.343778632948507,0.011544804837823,0,0.0263881253435954,0.0197910940076965,0.598497342862379
206273.411807,2663866.126422,0.31124977060011,0.0167003119838502,0,0.122040741420444,0.0567076527803267,0.493301523215269
206773.411807,2663866.126422,0.307537135521731,0.017604988079956,0,0.0986612873647534,0.0801393728222996,0.49605721621126
207273.411807,2663866.126422,0.305845702767088,0.0207073483599047,0,0.0929081913139087,0.0520432472054242,0.528495510353674
207773.411807,2663866.126422,0.209029179665994,0.0297302257294917,0,0.14956872820701,0.119471462653698,0.492200403743806
208273.411807,2663866.126422,0.325692279479186,0.0201723821749496,0,0.202457362919494,0.152759948652118,0.298918026774253
208773.411807,2663866.126422,0.336631849001283,0.0491112332783581,0,0.0555250137438153,0.062671797691039,0.496060106285505
209273.411807,2663866.126422,0.111213066617728,0.0403743806202973,0,0.538447421545238,0.130482657368324,0.179482473848413
209773.411807,2663866.126422,0.0975609756097561,0.27214377406932,0,0.181001283697047,0.128919860627178,0.320374105996699
210273.411807,2663866.126422,0.0157595748579806,0.633498259116731,0,0.00293201392706615,0.0240058640278541,0.323804288070368
210773.411807,2663866.126422,0.0607450908423564,0.434024591668196,0,0.0183519911910442,0.138557533492384,0.348320792806019
211273.411807,2663866.126422,0.00733541169998166,0.295617091509261,0.00330093526499175,0.266092059416835,0.0265908674124335,0.401063634696497
211773.411807,2663866.126422,0.0077319587628866,0.588659793814433,0,0.0201030927835052,0.047680412371134,0.335824742268041
199273.411807,2663366.126422,0.0499396863691194,0.157780458383595,0.0670687575392039,0.257177322074789,0.181182147165259,0.286851628468034
199773.411807,2663366.126422,0.0450549450549451,0.27051282051282,0,0.203663003663004,0.104578754578755,0.376190476190476
200273.411807,2663366.126422,0.0484403669724771,0.24954128440367,0.00018348623853211,0.236880733944954,0.146422018348624,0.318532110091743
200773.411807,2663366.126422,0.0741148413135205,0.132269308383783,0,0.31095211887727,0.105668684645019,0.376995046780407
201273.411807,2663366.126422,0.0489010989010989,0.205677655677656,0,0.112271062271062,0.0586080586080586,0.574542124542124
201773.411807,2663366.126422,0.0486238532110092,0.244036697247706,0,0.354128440366972,0.06,0.293211009174312
202273.411807,2663366.126422,0.0152265639332233,0.0405430196294258,0.00770500825536599,0.805907172995781,0.0592551825353146,0.0713630526508897
202773.411807,2663366.126422,0.0216117216117216,0.00805860805860806,0.00970695970695971,0.92032967032967,0.0377289377289377,0.00256410256410256
203273.411807,2663366.126422,0.0108256880733945,0.00311926605504587,0.00128440366972477,0.968990825688073,0.0155963302752294,0.00018348623853211
203773.411807,2663366.126422,0.0344890845716382,0.015410016510732,0.00091726288754357,0.84589983489268,0.0726472206934507,0.0306365804439552
204273.411807,2663366.126422,0.118681318681319,0.0437728937728938,0.000183150183150183,0.627106227106227,0.139010989010989,0.0712454212454212
204773.411807,2663366.126422,0.28256880733945,0.0434862385321101,0,0.220550458715596,0.14348623853211,0.309908256880734
205273.411807,2663366.126422,0.196477710511833,0.0337552742616034,0,0.197578425976885,0.152449091909741,0.419739497339938
205773.411807,2663366.126422,0.122710622710623,0.0505494505494506,0,0.0166666666666667,0.0562271062271062,0.753846153846154
206273.411807,2663366.126422,0.0790825688073395,0.190642201834862,0,0.00036697247706422,0.0220183486238532,0.707889908256881
206773.411807,2663366.126422,0.223628691983122,0.0612731608879105,0,0.0504494588148963,0.0522839845899835,0.612364703724087
207273.411807,2663366.126422,0.496336996336996,0.0236263736263736,0,0.0313186813186813,0.0683150183150183,0.38040293040293
207773.411807,2663366.126422,0.564770642201835,0.000917431192660551,0,0.00954128440366972,0.0256880733944954,0.399082568807339
208273.411807,2663366.126422,0.547605943863511,0.0091726288754357,0,0.00972298660796184,0.0212804989910108,0.41221794166208
208773.411807,2663366.126422,0.298901098901099,0.0194139194139194,0,0.0278388278388278,0.0866300366300366,0.567216117216117
209273.411807,2663366.126422,0.142752293577982,0.0788990825688073,0,0.351559633027523,0.147339449541284,0.279449541284404
209773.411807,2663366.126422,0.102549990827371,0.135938359933957,0,0.203265455879655,0.146762062006971,0.411484131352045
210273.411807,2663366.126422,0.185531135531136,0.264652014652015,0,0.0507326007326007,0.126556776556777,0.372527472527473
210773.411807,2663366.126422,0.0521100917431193,0.703669724770642,0,0.00752293577981651,0.0418348623853211,0.194862385321101
211273.411807,2663366.126422,0.0607228031553843,0.497706842781141,0,0.002568336085122,0.024399192808659,0.414602825169694
