"x","y","forest","agri","water","built","other","grass"
185773.411807,2488866.126422,0.0399562123700055,0.131089217296114,0.0361247947454844,0.601806239737274,0.0692391899288451,0.121784345922277
186273.411807,2488866.126422,0.0599767080745342,0.093361801242236,0.0118400621118012,0.584627329192547,0.12305900621118,0.127135093167702
186773.411807,2488866.126422,0.0463537626066718,0.213925523661753,0.0124127230411171,0.420287044220326,0.0845616757176106,0.222459270752521
187273.411807,2488866.126422,0.0356796587163079,0.266627884428932,0.014543339150669,0.190420787279426,0.0754314523948032,0.417296878029862
187773.411807,2488866.126422,0.0904503105590062,0.265527950310559,0.0326086956521739,0.309782608695652,0.113742236024845,0.187888198757764
188273.411807,2488866.126422,0.138867339022498,0.263576415826222,0.00853374709076804,0.44511249030256,0.0484871993793638,0.095422808378588
188773.411807,2488866.126422,0.155322862129145,0.244328097731239,0.00523560209424084,0.502811712235796,0.0494473531122746,0.0428543726973046
189273.411807,2488866.126422,0.0636645962732919,0.262034161490683,0.015722049689441,0.567740683229814,0.0382375776397516,0.0526009316770186
189773.411807,2488866.126422,0.0292862684251358,0.0874709076803724,0.0828161365399535,0.665438324282389,0.0570209464701319,0.0779674166020171
190273.411807,2488866.126422,0.0137676943959666,0.276711266240062,0.115764979639325,0.358735699049835,0.0316075237541206,0.20341283692069
190773.411807,2488866.126422,0.0376552795031056,0.189246894409938,0.00116459627329193,0.235248447204969,0.0758928571428571,0.460791925465839
191273.411807,2488866.126422,0.03277734678045,0.337083010085337,0.0017455391776571,0.0793250581846393,0.0556633048875097,0.493405740884407
191773.411807,2488866.126422,0.0352918363389568,0.446965289897227,0,0.102191196432034,0.0643785146402947,0.351173162691487
192273.411807,2488866.126422,0.0840450310559006,0.0850155279503106,0.0595885093167702,0.385287267080745,0.166925465838509,0.219138198757764
192773.411807,2488866.126422,0.0704034134988363,0.176493405740884,0.0186190845616757,0.278704422032583,0.155934833204034,0.299844840961986
193273.411807,2488866.126422,0.0275353887919333,0.393833624200116,0.0029086678301338,0.119837114601513,0.0963738607717665,0.359511343804538
193773.411807,2488866.126422,0.0729813664596273,0.459821428571429,0,0.00659937888198758,0.00756987577639752,0.453027950310559
194273.411807,2488866.126422,0.0506206361520559,0.382079131109387,0,0.0232738557020946,0.0610938712179984,0.482932505818464
194773.411807,2488866.126422,0.0566220670932713,0.1652123327516,0.197983323637774,0.174132247430677,0.16210975373279,0.243940275353888
195273.411807,2488866.126422,0.120923913043478,0.361218944099379,0.00834627329192547,0.00329968944099379,0.0568711180124224,0.449340062111801
195773.411807,2488866.126422,0.0486811481768813,0.515515903801396,0,0.0129945694336695,0.0934833204034135,0.329325058184639
196273.411807,2488866.126422,0.0401396160558464,0.253248012410316,0,0.00601124684894318,0.092883459375606,0.607717665309288
196773.411807,2488866.126422,0.0293090062111801,0.468361801242236,0.00174689440993789,0.015527950310559,0.0209627329192547,0.464091614906832
197273.411807,2488866.126422,0.0533359193173002,0.233902249806051,0,0.0457719162141195,0.167377812257564,0.499612102404965
197773.411807,2488866.126422,0.089586969168121,0.515997673065736,0.0106651153771573,0.00853209230172581,0.0785340314136126,0.296684118673647
198273.411807,2488866.126422,0.0876068376068376,0.667637917637918,0,0.0273892773892774,0.0767288267288267,0.140637140637141
186273.411807,2488366.126422,0.0348176653839106,0.0971229613340663,0.0227231079347627,0.713578889499725,0.061205790727506,0.0705515851200293
186773.411807,2488366.126422,0.0561570930445953,0.104055790053221,0.0278950266103872,0.6098366672784,0.0849697192145348,0.117085703798862
187273.411807,2488366.126422,0.0465798642948836,0.23198239501192,0.00605171465248487,0.339262791124152,0.0898587933247754,0.286264441591784
187773.411807,2488366.126422,0.0791643760307861,0.172072567344695,0.0503939893714495,0.389591350558915,0.0630382994319223,0.245739417262232
188273.411807,2488366.126422,0.162048082216921,0.301156175445036,0.00807487612405946,0.398605248669481,0.0645990089924757,0.0655166085520279
188773.411807,2488366.126422,0.0436456996148909,0.0579497524298551,0.000916926462497708,0.860443792407849,0.0207225380524482,0.0163212910324592
189273.411807,2488366.126422,0.0641378046545721,0.199376947040498,0.074216602528862,0.516950705515851,0.0648708081363387,0.0804471321238776
189773.411807,2488366.126422,0.034868783262984,0.113231785648743,0.0833180400073408,0.631675536795742,0.0440447788585061,0.0928610754266838
190273.411807,2488366.126422,0,0.0410783055198973,0.424720337428938,0.524848707133688,0.00238400880249404,0.00696864111498258
190773.411807,2488366.126422,0.0175920835623969,0.19956019791094,0.0725673446948873,0.175187832142203,0.0425142019424592,0.492578339747114
191273.411807,2488366.126422,0.0708386859974307,0.405579005322077,0.0436777390346853,0.0082583960359699,0.0196366305744173,0.452009543035419
191773.411807,2488366.126422,0.0353933614524115,0.191270860077022,0.189987163029525,0.0533651201173666,0.0553823583348615,0.474601136988814
192273.411807,2488366.126422,0.0527762506871908,0.190214403518417,0.0459959684808503,0.296316657504123,0.144768187648891,0.269928532160528
192773.411807,2488366.126422,0.142594971554414,0.162965681776473,0.00715727656450725,0.185355111029547,0.177830794641219,0.324096164433841
193273.411807,2488366.126422,0.0425453878598936,0.282596735741794,0.0137538969374656,0.130937098844673,0.133321107647167,0.396845772969008
193773.411807,2488366.126422,0.0853949056258017,0.473520249221184,0,0.0243723657687374,0.116181051859996,0.300531427524281
194273.411807,2488366.126422,0.0517526151587447,0.330519361350707,0,0.308496971921453,0.15342264635713,0.155808405211966
194773.411807,2488366.126422,0.0474967907573813,0.161012286814597,0.131303869429672,0.113332110764717,0.102145607922245,0.444709334311388
195273.411807,2488366.126422,0.0249221183800623,0.191863661352391,0.342679127725857,0.05717427157779,0.0701850833791461,0.313175737584754
195773.411807,2488366.126422,0.0649660488162966,0.554413653881446,0.0273444668746559,0.00183519911910442,0.0601945311066251,0.291246100201872
196273.411807,2488366.126422,0.0115532734274711,0.806711901705483,0,0,0.0190720704199523,0.162662754447093
196773.411807,2488366.126422,0.0676195711929632,0.540590067802822,0,0.000549752611324904,0.0144768187648891,0.376763789628001
197273.411807,2488366.126422,0.0159662323362085,0.617728023490549,0,0.000183519911910442,0.0297302257294917,0.336391998531841
197773.411807,2488366.126422,0.08399046396479,0.164863377957088,0,0.0207225380524482,0.158628278012103,0.571795342013571
198273.411807,2488366.126422,0.0563096111518709,0.546221570066031,0.000366837857666911,0.0152237710931768,0.0752017608217168,0.306676449009538
187273.411807,2487866.126422,0.0550357732526142,0.115024766097964,0.0150431113557145,0.592184920198129,0.0869565217391304,0.135754907356448
187773.411807,2487866.126422,0.0831501831501831,0.101282051282051,0.0152014652014652,0.551831501831502,0.0935897435897436,0.154945054945055
188273.411807,2487866.126422,0.0908256880733945,0.14605504587156,0.018348623853211,0.499816513761468,0.0906422018348624,0.154311926605505
188773.411807,2487866.126422,0.0509998165474225,0.0873234268941479,0.122362869198312,0.637497706842781,0.0638414969730325,0.0379746835443038
189273.411807,2487866.126422,0.0175824175824176,0.216300366300366,0.11007326007326,0.456227106227106,0.0683150183150183,0.131501831501832
189773.411807,2487866.126422,0.0223853211009174,0.0629357798165138,0.12697247706422,0.605504587155963,0.0592660550458716,0.122935779816514
190273.411807,2487866.126422,0,0.000183452577508714,0.29095578792882,0.707943496606127,0.00091726288754357,0
190773.411807,2487866.126422,0.00274725274725275,0.323076923076923,0.217948717948718,0.293040293040293,0.0267399267399267,0.136446886446886
191273.411807,2487866.126422,0.078348623853211,0.335229357798165,0.116146788990826,0.0823853211009174,0.0113761467889908,0.37651376146789
191773.411807,2487866.126422,0.0708126949183636,0.2568336085122,0.331682260135755,0.121078701155751,0.0317372959090075,0.187855439368923
192273.411807,2487866.126422,0.118131868131868,0.163919413919414,0.165018315018315,0.235531135531136,0.116300366300366,0.201098901098901
192773.411807,2487866.126422,0.128807339449541,0.221284403669725,0.00201834862385321,0.0902752293577982,0.142385321100917,0.415229357798165
193273.411807,2487866.126422,0.0842047330764997,0.49789029535865,0,0.00091726288754357,0.0155934690882407,0.401394239589066
193773.411807,2487866.126422,0.063003663003663,0.406959706959707,0,0.0135531135531136,0.0538461538461538,0.462637362637363
194273.411807,2487866.126422,0.0609174311926605,0.0469724770642202,0,0.468807339449541,0.143302752293578,0.28
194773.411807,2487866.126422,0.0836543753439736,0.0860392588515869,0.0669601907906806,0.387635296275913,0.150064208402128,0.225646670335718
195273.411807,2487866.126422,0.0338827838827839,0.0831501831501831,0.110622710622711,0.4003663003663,0.0494505494505494,0.322527472527473
195773.411807,2487866.126422,0.104587155963303,0.0939449541284404,0,0.255229357798165,0.213761467889908,0.332477064220183
196273.411807,2487866.126422,0.100165107319758,0.551274995413686,0,0.0066042927903137,0.0363236103467254,0.305631994129518
196773.411807,2487866.126422,0.0483516483516484,0.595604395604396,0,0.00421245421245421,0.0943223443223443,0.257509157509157
197273.411807,2487866.126422,0.0662385321100917,0.233577981651376,0,0.116880733944954,0.188623853211009,0.394678899082569
197773.411807,2487866.126422,0.0572372041827188,0.38800220143093,0,0.016694184553293,0.153182902219776,0.384883507613282
198273.411807,2487866.126422,0.0669110907424381,0.225847846012832,0,0.0185151237396884,0.0890925756186984,0.599633363886343
187773.411807,2487366.126422,0.101760176017602,0.0876420975430876,0,0.562522918958563,0.110927759442611,0.137147048038137
188273.411807,2487366.126422,0.0580586080586081,0.0498168498168498,0.0611721611721612,0.577655677655678,0.0633699633699634,0.18992673992674
188773.411807,2487366.126422,0.142124542124542,0.060989010989011,0.0238095238095238,0.526923076923077,0.0582417582417582,0.187912087912088
189273.411807,2487366.126422,0.168500183351668,0.0649064906490649,0.118078474514118,0.381371470480381,0.0606894022735607,0.206453978731206
189773.411807,2487366.126422,0.182783882783883,0.0743589743589744,0.0608058608058608,0.417948717948718,0.0613553113553114,0.202747252747253
190273.411807,2487366.126422,0.00274725274725275,0.00732600732600733,0.244505494505494,0.682234432234432,0.00567765567765568,0.0575091575091575
190773.411807,2487366.126422,0,0.218921892189219,0.403923725705904,0.314264759809314,0.00183351668500183,0.0610561056105611
191273.411807,2487366.126422,0.0263736263736264,0.405860805860806,0.334615384615385,0.111355311355311,0.0117216117216117,0.11007326007326
191773.411807,2487366.126422,0.00622710622710623,0.297069597069597,0.524542124542125,0.0626373626373626,0.0139194139194139,0.0956043956043956
192273.411807,2487366.126422,0.161166116611661,0.263843050971764,0.0973597359735974,0.152915291529153,0.0658232489915658,0.258892555922259
192773.411807,2487366.126422,0.257142857142857,0.150732600732601,0.0032967032967033,0.133882783882784,0.125274725274725,0.32967032967033
193273.411807,2487366.126422,0.0230769230769231,0.694688644688645,0.0144688644688645,0.00549450549450549,0.0183150183150183,0.243956043956044
193773.411807,2487366.126422,0.0396039603960396,0.33039970663733,0.00458379171250458,0.0891089108910891,0.107627429409608,0.428676200953429
194273.411807,2487366.126422,0.0287545787545788,0.0974358974358974,0.000549450549450549,0.42032967032967,0.13974358974359,0.313186813186813
194773.411807,2487366.126422,0.0402930402930403,0.0578754578754579,0.408791208791209,0.159157509157509,0.0518315018315018,0.282051282051282
195273.411807,2487366.126422,0.0696736340300697,0.307664099743308,0.081958195819582,0.257425742574257,0.0665566556655666,0.216721672167217
195773.411807,2487366.126422,0.117765567765568,0.163369963369963,0.000366300366300366,0.352564102564103,0.0899267399267399,0.276007326007326
196273.411807,2487366.126422,0.111172161172161,0.484798534798535,0,0,0.00347985347985348,0.400549450549451
196773.411807,2487366.126422,0.0737073707370737,0.645397873120645,0,0,0.0044004400440044,0.276494316098277
197273.411807,2487366.126422,0.073992673992674,0.321245421245421,0.0159340659340659,0.186080586080586,0.17032967032967,0.232417582417582
197773.411807,2487366.126422,0.0388278388278388,0.335714285714286,0,0.0424908424908425,0.093956043956044,0.489010989010989
198273.411807,2487366.126422,0.0840366972477064,0.10697247706422,0,0,0.00917431192660551,0.799816513761468
188773.411807,2486866.126422,0.0254905556574363,0.189070236567027,0.136255272327159,0.392994681826518,0.0430955437373923,0.213093709884467
189273.411807,2486866.126422,0.0632215503023639,0.0943741982774418,0.0236393622869709,0.43613707165109,0.135422393256368,0.247205424225765
189773.411807,2486866.126422,0.0200036703982382,0.130299137456414,0.450541383740136,0.263901633327216,0.0293631859056708,0.105890989172325
190273.411807,2486866.126422,0,0,0.89602053915276,0.10397946084724,0,0
190773.411807,2486866.126422,0,0,0.860912589334799,0.139087410665201,0,0
191273.411807,2486866.126422,0.00367039823820885,0.195632226096531,0.346669113598825,0.42741787483942,0.0034868783262984,0.0231235089007157
191773.411807,2486866.126422,0,0.23216578030442,0.589583715386026,0.097194205024757,0.0126535851824684,0.068402714102329
192273.411807,2486866.126422,0.100238226131574,0.0967564595931831,0.0333516584203775,0.464724207439985,0.112332783580722,0.192596664834158
192773.411807,2486866.126422,0.0794641218572215,0.0546889337493118,0,0.486327766562672,0.164066801247935,0.215452376582859
193273.411807,2486866.126422,0.164313222079589,0.168714469099578,0.0236567027324409,0.324958738309188,0.0893086374472767,0.229048230331927
193773.411807,2486866.126422,0.0219901044529962,0.282572842221001,0.156129741616273,0.193512919186366,0.0743998533993036,0.271394539124061
194273.411807,2486866.126422,0.0405579005322077,0.124059460451459,0.159845843273995,0.137823453844742,0.0976325931363553,0.440080748761241
194773.411807,2486866.126422,0.0157711351549606,0.050797726022373,0.344580964606639,0.427287731523932,0.101962222629745,0.059600220062351
195273.411807,2486866.126422,0.0714678394722375,0.222466556716144,0.00256551218618288,0.427341029869892,0.123877588418545,0.152281473336998
195773.411807,2486866.126422,0.0662506881996697,0.577353642870251,0,0,0.031932464672417,0.324463204257662
196273.411807,2486866.126422,0.0535485054098661,0.660370438290849,0,0,0.00916926462497708,0.276911791674308
196773.411807,2486866.126422,0.0304196444933113,0.770569910207073,0,0,0,0.199010445299615
197273.411807,2486866.126422,0.0234905487245366,0.657551844375115,0,0,0.0255092677555515,0.293448339144797
197773.411807,2486866.126422,0.0260407115349349,0.451494590133871,0,0,0.0022006235099945,0.520264074821199
198273.411807,2486866.126422,0.00972120322817315,0.0983125458547322,0,0.00183418928833456,0.0352164343360235,0.854915627292737
189773.411807,2486366.126422,0.0113761467889908,0.0625688073394495,0.295596330275229,0.56697247706422,0.0236697247706422,0.0398165137614679
191273.411807,2486366.126422,0,0,0.00458715596330275,0.995412844036697,0,0
191773.411807,2486366.126422,0.00366905155017428,0.228948816730875,0.0196294257934324,0.679324894514768,0.0106402494955054,0.0577875619152449
192273.411807,2486366.126422,0.0741758241758242,0.111355311355311,0.0498168498168498,0.608791208791209,0.0661172161172161,0.0897435897435897
192773.411807,2486366.126422,0.0911926605504587,0.0715596330275229,0.0137614678899083,0.510825688073394,0.129724770642202,0.182935779816514
193273.411807,2486366.126422,0.0543019629425793,0.19262520638415,0.10988809392772,0.227297743533297,0.0390753990093561,0.376811594202899
193773.411807,2486366.126422,0.0175824175824176,0.142307692307692,0.292124542124542,0.412637362637363,0.0197802197802198,0.115567765567766
194273.411807,2486366.126422,0.0311926605504587,0.0812844036697248,0.409174311926606,0.391376146788991,0.0284403669724771,0.0585321100917431
194773.411807,2486366.126422,0.0515501742799486,0.0895248578242524,0,0.387451843698404,0.240689781691433,0.230783342505962
195273.411807,2486366.126422,0.0531135531135531,0.137179487179487,0,0.229120879120879,0.153663003663004,0.426923076923077
195773.411807,2486366.126422,0,0.86605504587156,0,0,0,0.13394495412844
196273.411807,2486366.126422,0.00752155567785727,0.859108420473308,0,0,0.00275178866263071,0.130618235186204
196773.411807,2486366.126422,0.00641025641025641,0.670879120879121,0,0,0.00311355311355311,0.31959706959707
197273.411807,2486366.126422,0.0220183486238532,0.504220183486239,0,0,0.0922935779816514,0.381467889908257
197773.411807,2486366.126422,0.0100898917629793,0.568336085121996,0,0,0.00201797835259585,0.419556044762429
198273.411807,2486366.126422,0.0108157653528873,0.26929422548121,0,0,0.00439963336388634,0.715490375802016
191773.411807,2485866.126422,0.0203296703296703,0.0804029304029304,0,0.878937728937729,0.00201465201465201,0.0183150183150183
192273.411807,2485866.126422,0.00751741840850752,0.15988265493216,0.104877154382105,0.699486615328199,0.00385038503850385,0.0243857719105244
192773.411807,2485866.126422,0.0241758241758242,0.0714285714285714,0.618864468864469,0.234981684981685,0.0208791208791209,0.0296703296703297
193273.411807,2485866.126422,0.0227106227106227,0.0915750915750916,0.506410256410256,0.270695970695971,0.0457875457875458,0.0628205128205128
193773.411807,2485866.126422,0.112027869453612,0.107627429409608,0.152548588192153,0.505500550055005,0.0579391272460579,0.0643564356435644
194273.411807,2485866.126422,0.0402930402930403,0.0582417582417582,0.0043956043956044,0.832967032967033,0.0355311355311355,0.0285714285714286
194773.411807,2485866.126422,0.102380952380952,0.0673992673992674,0,0.404945054945055,0.174175824175824,0.251098901098901
195273.411807,2485866.126422,0.0711404473780711,0.153832049871654,0.0771910524385772,0.103043637697103,0.0883755042170884,0.506417308397506
195773.411807,2485866.126422,0.0675824175824176,0.619047619047619,0.0347985347985348,0.0197802197802198,0.032967032967033,0.225824175824176
196273.411807,2485866.126422,0.0137362637362637,0.626373626373626,0,0.00274725274725275,0.0582417582417582,0.298901098901099
196773.411807,2485866.126422,0.0168683535020169,0.792445911257792,0,0,0.00183351668500183,0.188852218555189
197273.411807,2485866.126422,0.0183150183150183,0.534798534798535,0,0.00293040293040293,0.0503663003663004,0.393589743589744
197773.411807,2485866.126422,0.00238095238095238,0.583516483516484,0,0,0.000915750915750916,0.413186813186813
198273.411807,2485866.126422,0.0102752293577982,0.646605504587156,0,0,0.00146788990825688,0.341651376146789
192273.411807,2485366.126422,0.0247388675096207,0.0212571009712296,0.0546087593916071,0.867509620670698,0.0205240974894631,0.0113615539673813
192773.411807,2485366.126422,0.0200036703982382,0.0284455863461186,0.107175628555698,0.81317672967517,0.0214718296935217,0.00972655533125344
193273.411807,2485366.126422,0.0177883733724555,0.0075187969924812,0.0348432055749129,0.914542453695214,0.0207225380524482,0.00458463231248854
193773.411807,2485366.126422,0.0641378046545721,0.0509437419827744,0.0102620487447315,0.700751328568811,0.0949239508887667,0.0789811251603445
194273.411807,2485366.126422,0.0596439713708937,0.0528537346302074,0.00550559735731327,0.702330702881263,0.101302991374564,0.0783630023857589
194773.411807,2485366.126422,0.090408949202274,0.189253621859527,0.00605171465248487,0.333027691179167,0.107097010819732,0.274161012286815
195273.411807,2485366.126422,0.0344511636430273,0.169140553417629,0.0269378779549203,0.235294117647059,0.097306212204508,0.436870075132857
195773.411807,2485366.126422,0.0354193429987154,0.165351440631308,0.0989172325197284,0.175995595522114,0.140025692787667,0.384290695540466
196273.411807,2485366.126422,0.0234733174399413,0.246103062534385,0,0.0115532734274711,0.090408949202274,0.628461397395929
196773.411807,2485366.126422,0.0197910940076965,0.385010078797874,0.055158512002932,0.00219901044529962,0.0393989371449514,0.498442367601246
197273.411807,2485366.126422,0.0322995044962378,0.455679941273628,0,0,0.0216553496054322,0.490365204624702
197773.411807,2485366.126422,0.0306253438474234,0.467449110581331,0,0,0.0154043645699615,0.486521181001284
198273.411807,2485366.126422,0.00586940572267058,0.56951577402788,0,0,0.000550256786500367,0.424064563462949
192273.411807,2484866.126422,0.05,0.0525641025641026,0.658608058608059,0.163553113553114,0.0250915750915751,0.0501831501831502
192773.411807,2484866.126422,0.0464220183486239,0.0185321100917431,0.00532110091743119,0.847522935779817,0.0475229357798165,0.0346788990825688
193273.411807,2484866.126422,0.0416437350944781,0.0339387268391121,0.0541185103650706,0.792698587415153,0.0478811227297744,0.0297193175564117
193773.411807,2484866.126422,0.264102564102564,0.121245421245421,0.0102564102564103,0.297252747252747,0.12985347985348,0.177289377289377
194273.411807,2484866.126422,0.0715596330275229,0.0829357798165138,0.023302752293578,0.479449541284404,0.0946788990825688,0.248073394495413
194773.411807,2484866.126422,0.0687947165657677,0.0524674371674922,0.0432948082920565,0.472757292239956,0.0939277196844616,0.268758026050266
195273.411807,2484866.126422,0.071978021978022,0.065018315018315,0.00384615384615385,0.396703296703297,0.145604395604396,0.316849816849817
195773.411807,2484866.126422,0.044954128440367,0.207706422018349,0.100733944954128,0.0948623853211009,0.127706422018349,0.424036697247706
196273.411807,2484866.126422,0.010273344340488,0.0950284351495139,0.32526141992295,0.235002751788663,0.13832324344157,0.196110805356815
196773.411807,2484866.126422,0.0327838827838828,0.334798534798535,0.0498168498168498,0.0635531135531135,0.132967032967033,0.386080586080586
197273.411807,2484866.126422,0.0722935779816514,0.307889908256881,0.00770642201834862,0.0563302752293578,0.144954128440367,0.410825688073394
197773.411807,2484866.126422,0.104934874334984,0.117776554760594,0,0.251146578609429,0.334434048798386,0.191707943496606
198273.411807,2484866.126422,0.0196150320806599,0.487259395050412,0,0.000366636113657195,0.0258478460128323,0.466911090742438
192773.411807,2484366.126422,0.0868131868131868,0.161172161172161,0.206959706959707,0.241208791208791,0.0386446886446886,0.265201465201465
193273.411807,2484366.126422,0.0679487179487179,0.103113553113553,0.132783882783883,0.453663003663004,0.0456043956043956,0.196886446886447
193773.411807,2484366.126422,0.0390539053905391,0.162999633296663,0.152731939860653,0.44994499449945,0.0447378071140447,0.150531719838651
194273.411807,2484366.126422,0.00860805860805861,0.114652014652015,0.537912087912088,0.188827838827839,0.0291208791208791,0.120879120879121
194773.411807,2484366.126422,0.0144688644688645,0.0677655677655678,0.617948717948718,0.257142857142857,0.00531135531135531,0.0373626373626374
195273.411807,2484366.126422,0.0133846718005134,0.104143747708104,0.447194719471947,0.253758709204254,0.0337367070040337,0.147781444811148
195773.411807,2484366.126422,0.0375457875457875,0.121794871794872,0.306959706959707,0.340842490842491,0.0556776556776557,0.137179487179487
196273.411807,2484366.126422,0.0573260073260073,0.142490842490842,0.314835164835165,0.225457875457875,0.0868131868131868,0.173076923076923
196773.411807,2484366.126422,0.0396039603960396,0.0892922625595893,0.338833883388339,0.213788045471214,0.12981298129813,0.188668866886689
197273.411807,2484366.126422,0.0236263736263736,0.157692307692308,0.315934065934066,0.0857142857142857,0.123076923076923,0.293956043956044
197773.411807,2484366.126422,0.0395604395604396,0.333516483516483,0.0721611721611722,0.159340659340659,0.0717948717948718,0.323626373626374
198273.411807,2484366.126422,0.0405504587155963,0.337614678899083,0.0886238532110092,0.125504587155963,0.157247706422018,0.25045871559633
193273.411807,2483866.126422,0.0339262791124152,0.193288098294517,0.267008985879332,0.382725105446543,0.0315422703099211,0.0915092609572712
193773.411807,2483866.126422,0.0262048744731537,0.0958402052409749,0.575407733186733,0.182884368700751,0.0174088326919553,0.102253985706432
194273.411807,2483866.126422,0.0176179115434025,0.0959809139291613,0.658652963846577,0.11194714626537,0.00587263718113415,0.109928427234355
194773.411807,2483866.126422,0,0,0.907573812580231,0.0924261874197689,0,0
195273.411807,2483866.126422,0.00219901044529962,0.0371999266996518,0.528862012094557,0.413047461975444,0.000366501740883269,0.0183250870441635
195773.411807,2483866.126422,0.00220223894292531,0.0295467058175812,0.578821802165535,0.382271976509451,0.00146815929528354,0.00568911726922371
196273.411807,2483866.126422,0.0146708233999633,0.0698697964423253,0.582064918393545,0.239684577296901,0.057582981844856,0.0361269026224097
196773.411807,2483866.126422,0.0725673446948873,0.150448964632582,0.0142935678944475,0.423126259849734,0.221000549752611,0.118563313175738
197273.411807,2483866.126422,0.0882730776289227,0.104239309965131,0.0880895577170123,0.319141126812259,0.109010827674803,0.291246100201872
197773.411807,2483866.126422,0.0298918026774253,0.115165963689712,0.302035576746745,0.363653035026591,0.0891252521547772,0.10012836970475
198273.411807,2483866.126422,0.086940572267058,0.118855465884079,0.0801540719002201,0.0935436537050624,0.0755685986793837,0.544937637564197
193773.411807,2483366.126422,0.0126373626373626,0.172161172161172,0.354395604395604,0.391758241758242,0.0124542124542125,0.0565934065934066
194273.411807,2483366.126422,0.00935779816513761,0.15743119266055,0.556697247706422,0.173211009174312,0.00715596330275229,0.0961467889908257
194773.411807,2483366.126422,0,0,0.805173362685746,0.194826637314254,0,0
195273.411807,2483366.126422,0,0,0.00787545787545788,0.992124542124542,0,0
195773.411807,2483366.126422,0,0,0,1,0,0
196273.411807,2483366.126422,0.0135754907356448,0.00898917629792699,0.0066042927903137,0.953403045312787,0.00330214639515685,0.014125848468171
196773.411807,2483366.126422,0.0106227106227106,0.136080586080586,0.00256410256410256,0.663919413919414,0.0675824175824176,0.119230769230769
197273.411807,2483366.126422,0.0154128440366972,0.16256880733945,0.201467889908257,0.448807339449541,0.0655045871559633,0.106238532110092
197773.411807,2483366.126422,0.000183452577508714,0.0565033938726839,0.617134470739314,0.291873050816364,0.0144927536231884,0.0198128783709411
198273.411807,2483366.126422,0.0164986251145738,0.0876260311640697,0.618881759853346,0.0630614115490376,0.0458295142071494,0.168102658111824
194273.411807,2482866.126422,0.0355311355311355,0.121611721611722,0.155494505494505,0.578754578754579,0.0234432234432234,0.0851648351648352
194773.411807,2482866.126422,0.013003663003663,0.110622710622711,0.375457875457875,0.42967032967033,0.0139194139194139,0.0573260073260073
195273.411807,2482866.126422,0,0.00495049504950495,0.553171983865053,0.438393839383938,0.00293362669600293,0.00055005500550055
195773.411807,2482866.126422,0,0,0,1,0,0
196273.411807,2482866.126422,0,0,0,1,0,0
196773.411807,2482866.126422,0,0,0,1,0,0
197273.411807,2482866.126422,0.0470695970695971,0.128021978021978,0.100549450549451,0.512087912087912,0.0494505494505494,0.162820512820513
197773.411807,2482866.126422,0.0336996336996337,0.155494505494505,0.414285714285714,0.110805860805861,0.0467032967032967,0.239010989010989
198273.411807,2482866.126422,0.0203669724770642,0.215596330275229,0.481651376146789,0.0335779816513761,0.0262385321100917,0.22256880733945
195273.411807,2482366.126422,0.0364669232178853,0.177203591717061,0.16144401685908,0.442734102986989,0.0663368150998717,0.115814550119113
195773.411807,2482366.126422,0.00991007524316388,0.0737750045879978,0.473664892640852,0.343732795008258,0.0218388695173426,0.0770783630023858
196273.411807,2482366.126422,0,0,0.308454061984229,0.691545938015771,0,0
196773.411807,2482366.126422,0,0,0,1,0,0
197273.411807,2482366.126422,0,0.000367039823820885,0,0.999449440264269,0.000183519911910442,0
197773.411807,2482366.126422,0.028791490922428,0.120667522464698,0.153126719237117,0.326059050064185,0.0487804878048781,0.322574729506694
198273.411807,2482366.126422,0.0377842993396919,0.147285399853265,0.411958914159941,0.168745414526779,0.0520909757887014,0.182134996331621
195773.411807,2481866.126422,0.0154128440366972,0.209357798165138,0.117247706422018,0.481467889908257,0.0174311926605505,0.159082568807339
196273.411807,2481866.126422,0.0199963309484498,0.13557145477894,0.488534213905705,0.246193359016694,0.0383415886993212,0.0713630526508897
196773.411807,2481866.126422,0,0.0342490842490843,0.343223443223443,0.602747252747253,0.013003663003663,0.00677655677655678
197273.411807,2481866.126422,0.00458715596330275,0.0530275229357798,0.0700917431192661,0.775779816513761,0.0128440366972477,0.0836697247706422
197773.411807,2481866.126422,0.0187121629058888,0.166024582645386,0.0781507980187122,0.488901119060723,0.0253164556962025,0.222894881673088
198273.411807,2481866.126422,0.0142988084326306,0.203483043079743,0.264894592117324,0.23666361136572,0.0430797433547204,0.237580201649863
196773.411807,2481366.126422,0.0333700036670334,0.119178584525119,0.270993766043271,0.446461312797946,0.0410707737440411,0.0889255592225889
197273.411807,2481366.126422,0.0470695970695971,0.140659340659341,0.22014652014652,0.171245421245421,0.073992673992674,0.346886446886447
197773.411807,2481366.126422,0.00164835164835165,0.0882783882783883,0.507142857142857,0.200732600732601,0.0272893772893773,0.174908424908425
198273.411807,2481366.126422,0.0111926605504587,0.172844036697248,0.359266055045872,0.159633027522936,0.0462385321100917,0.250825688073395
197773.411807,2480866.126422,0.0768384375573079,0.107280396112232,0.195305336512012,0.34806528516413,0.0863744727672841,0.186136071887035
198273.411807,2480866.126422,0.0552090975788701,0.1502201027146,0.39435069699193,0.154805575935437,0.0245781364636831,0.220836390315481
