"x","y","forest","agri","water","built","other","grass"
198773.411807,2530366.126422,0.0646853146853147,0.815559440559441,0,0,0.00145687645687646,0.118298368298368
199273.411807,2530366.126422,0.175291470648394,0.223972182450399,0.00040908161178155,0.0413172427899366,0.00634076498261403,0.552669257516875
199773.411807,2530366.126422,0.0798448029405759,0.564427200326731,0.008985092914029,0.0287931386563202,0.0100061261997141,0.30794363896263
200273.411807,2530366.126422,0.204461727384363,0.159025787965616,0,0.00204666393778142,0.00654932460090053,0.627916496111338
200773.411807,2530366.126422,0.129678870934751,0.362650848844344,0.0280220904070362,0.00899979545919411,0.030067498465944,0.44058089588873
201273.411807,2530366.126422,0.0755564631406984,0.501327343271391,0.0214416989993874,0.0692260567694507,0.0706555033694098,0.261792934449663
201773.411807,2530366.126422,0.1189111747851,0.508391322144904,0.0194433074089235,0.0251739664347114,0.0667212443716742,0.261358984854687
202273.411807,2530366.126422,0.115156473716506,0.497647780732256,0.0141133156064635,0.0752710165678053,0.0797709142974023,0.218040499079566
202773.411807,2530366.126422,0.112517868082499,0.503982029814172,0.0263426587706759,0.0304267919134164,0.0692260567694507,0.257504594649786
203273.411807,2530366.126422,0.0847318870241506,0.525787965616046,0.0530085959885387,0.0333606221858371,0.0761358984854687,0.226975030699959
203773.411807,2530366.126422,0.0738392309265699,0.469830231131111,0.0470443853548783,0.0740437717324606,0.124156269175701,0.21108611167928
204273.411807,2530366.126422,0.0763732897692465,0.569736573412293,0.00530937308556259,0.0232795589136206,0.0510516642842557,0.274249540535021
204773.411807,2530366.126422,0.115022513303316,0.493450675399099,0.000204666393778142,0.0440032746623005,0.112771182971756,0.23454768726975
205273.411807,2530366.126422,0.36940069543874,0.465534874207404,0,0.00572714256494171,0.0274084679893639,0.13192881979955
205773.411807,2530366.126422,0.163569532366755,0.432918113130488,0.0108229528282622,0.105574841739841,0.114355727996733,0.172758831937921
206273.411807,2530366.126422,0.130372492836676,0.35898485468686,0.00368399508800655,0.0452312730249693,0.0562832582889889,0.405444126074499
206773.411807,2530366.126422,0.931887911638372,0.00368173450603395,0,0.00286357128247085,0.00572714256494171,0.0558396400081816
207273.411807,2530366.126422,0.859914233204002,0.0018378599142332,0,0.000816826628548091,0.00367571982846641,0.13375536042475
207773.411807,2530366.126422,0.762996316004912,0.00716332378223496,0,0.00716332378223496,0.0313139582480557,0.191363078182562
208273.411807,2530366.126422,0.847208017999591,0.00838617304152178,0,0.00961341787686643,0.0167723460830436,0.118020044998977
208773.411807,2530366.126422,0.886461098631815,0.00265468654278129,0,0.00285889319991832,0.00428833979987748,0.103736981825608
209273.411807,2530366.126422,0.637740483012689,0.0628325828898895,0,0.00286532951289398,0.0102333196889071,0.28632828489562
209773.411807,2530366.126422,0.194109224790346,0.163428103906729,0.0151360196359174,0.00981795868275721,0.0134996931887912,0.604008999795459
210273.411807,2530366.126422,0.357565856646927,0.17010414539514,0,0.0579946906269144,0.0187870124566061,0.395548294874413
210773.411807,2530366.126422,0.13876381498158,0.0659025787965616,0.0167826442898076,0.456201391731478,0.10130986492018,0.221039705280393
211273.411807,2530366.126422,0.0530825496342738,0.0380355276907001,0.529780564263323,0.272936259143156,0.0426332288401254,0.0635318704284221
198773.411807,2529866.126422,0.371560812548213,0.0200565698122911,0,0.0316276677809205,0.0133710465415274,0.563383903317048
199273.411807,2529866.126422,0.0687947165657677,0.491836360300862,0,0.0418271876719868,0.0581544670702623,0.339387268391121
199773.411807,2529866.126422,0.0247252747252747,0.795238095238095,0,0.0153846153846154,0.041025641025641,0.123626373626374
200273.411807,2529866.126422,0.0970642201834862,0.64605504587156,0,0.0271559633027523,0.0273394495412844,0.202385321100917
200773.411807,2529866.126422,0.106219042377545,0.357915978719501,0.0130251330031187,0.14401027334434,0.115758576407999,0.263070996147496
201273.411807,2529866.126422,0.125091575091575,0.361172161172161,0.0454212454212454,0.0957875457875458,0.111355311355311,0.261172161172161
201773.411807,2529866.126422,0.101834862385321,0.538715596330275,0.00532110091743119,0.0304587155963303,0.0554128440366972,0.268256880733945
202273.411807,2529866.126422,0.0599889928453495,0.485782425243075,0.0438451660245826,0.114290955787929,0.100532012474775,0.195560447624289
202773.411807,2529866.126422,0.073992673992674,0.628754578754579,0.0032967032967033,0.060989010989011,0.0824175824175824,0.150549450549451
203273.411807,2529866.126422,0.0561467889908257,0.655963302752294,0,0.02,0.0499082568807339,0.217981651376147
203773.411807,2529866.126422,0.121445606310769,0.443221427261053,0.00293524124013942,0.0352228948816731,0.100165107319758,0.297009722986608
204273.411807,2529866.126422,0.0738095238095238,0.632417582417582,0.0043956043956044,0.0208791208791209,0.0816849816849817,0.186813186813187
204773.411807,2529866.126422,0.167522935779817,0.635229357798165,0.00036697247706422,0.0036697247706422,0.0321100917431193,0.161100917431193
205273.411807,2529866.126422,0.0748486516235553,0.709594569803706,0,0.0159603742432581,0.0656760227481196,0.133920381581361
205773.411807,2529866.126422,0.124908424908425,0.647619047619048,0.00201465201465201,0.0285714285714286,0.0842490842490843,0.112637362637363
206273.411807,2529866.126422,0.159633027522936,0.424587155963303,0,0.00862385321100917,0.0227522935779817,0.384403669724771
206773.411807,2529866.126422,0.230783342505962,0.263804806457531,0.00623738763529628,0.0383415886993212,0.0643918547055586,0.396441019996331
207273.411807,2529866.126422,0.345421245421245,0.106043956043956,0.0032967032967033,0.0745421245421245,0.113919413919414,0.356776556776557
207773.411807,2529866.126422,0.671376146788991,0.0385321100917431,0.0137614678899083,0.0139449541284404,0.0280733944954128,0.234311926605505
208273.411807,2529866.126422,0.968446156668501,0,0,0,0,0.0315538433314988
208773.411807,2529866.126422,0.703113553113553,0.0223443223443223,0,0.148901098901099,0.0141025641025641,0.111538461538462
209273.411807,2529866.126422,0.149908256880734,0.0275229357798165,0,0.191559633027523,0.0735779816513761,0.55743119266055
209773.411807,2529866.126422,0.0561364887176665,0.0616400660429279,0.00238488350761328,0.536598789212988,0.0810860392588516,0.262153733259952
210273.411807,2529866.126422,0.00421245421245421,0.0754578754578755,0.0173992673992674,0.57032967032967,0.258791208791209,0.0738095238095238
210773.411807,2529866.126422,0.0122935779816514,0.0242201834862385,0.113761467889908,0.614678899082569,0.164403669724771,0.0706422018348624
211273.411807,2529866.126422,0.0244951383694839,0.104899027673897,0.207928197456993,0.455310396409873,0.0833956619296933,0.12397157816006
198773.411807,2529366.126422,0.148100616016427,0.625,0,0.00718685831622177,0.0508213552361396,0.168891170431211
199273.411807,2529366.126422,0.0223443223443223,0.861355311355311,0,0.0163003663003663,0.0117216117216117,0.0882783882783883
199773.411807,2529366.126422,0.111844517785112,0.535570223689036,0,0.0687568756875688,0.0793912724605794,0.204437110377704
200273.411807,2529366.126422,0.121428571428571,0.431868131868132,0.000183150183150183,0.0415750915750916,0.0835164835164835,0.321428571428571
200773.411807,2529366.126422,0.22967032967033,0.187728937728938,0.0172161172161172,0.0728937728937729,0.0978021978021978,0.394688644688645
201273.411807,2529366.126422,0.10982764943161,0.374220755408874,0.0984598459845985,0.0759075907590759,0.0652731939860653,0.276310964429776
201773.411807,2529366.126422,0.0575091575091575,0.393589743589744,0.0168498168498168,0.0450549450549451,0.0857142857142857,0.401282051282051
202273.411807,2529366.126422,0.106410256410256,0.312087912087912,0.0179487179487179,0.246336996336996,0.155860805860806,0.161355311355311
202773.411807,2529366.126422,0.0762742940960763,0.662266226622662,0.0077007700770077,0.0275027502750275,0.0473047304730473,0.178951228456179
203273.411807,2529366.126422,0.145970695970696,0.453479853479853,0,0.0672161172161172,0.142673992673993,0.190659340659341
203773.411807,2529366.126422,0.0426739926739927,0.791025641025641,0,0.00201465201465201,0.0206959706959707,0.143589743589744
204273.411807,2529366.126422,0.124312431243124,0.459112577924459,0.00256692335900257,0.0621562156215622,0.118811881188119,0.233039970663733
204773.411807,2529366.126422,0.142490842490842,0.496703296703297,0,0.0336996336996337,0.0827838827838828,0.244322344322344
205273.411807,2529366.126422,0.0901098901098901,0.511172161172161,0.0164835164835165,0.0642857142857143,0.0692307692307692,0.248717948717949
205773.411807,2529366.126422,0.121928859552622,0.446828016134947,0.00513384671800513,0.108910891089109,0.118261826182618,0.198936560322699
206273.411807,2529366.126422,0.591025641025641,0.143406593406593,0,0.0106227106227106,0.0227106227106227,0.232234432234432
206773.411807,2529366.126422,0.562637362637363,0.0683150183150183,0,0.00860805860805861,0.0163003663003663,0.344139194139194
207273.411807,2529366.126422,0.744957829116245,0.0232856618995233,0,0.00421708837550422,0.00641730839750642,0.221122112211221
207773.411807,2529366.126422,0.926007326007326,0.0192307692307692,0,0,0,0.0547619047619048
208273.411807,2529366.126422,0.769413919413919,0.0133699633699634,0,0.0415750915750916,0.0210622710622711,0.154578754578755
208773.411807,2529366.126422,0.103960396039604,0.0106343967730106,0.000366703337000367,0.232673267326733,0.133480014668133,0.518885221855519
209273.411807,2529366.126422,0.0675824175824176,0.0272893772893773,0.0135531135531136,0.451282051282051,0.0518315018315018,0.388461538461538
209773.411807,2529366.126422,0,0.0179487179487179,0.0364468864468864,0.889377289377289,0.056043956043956,0.000183150183150183
210273.411807,2529366.126422,0.0022002200220022,0.0375870920425376,0.0163182984965163,0.744224422442244,0.0403373670700403,0.159332599926659
210773.411807,2529366.126422,0.116666666666667,0.078021978021978,0.0399267399267399,0.238278388278388,0.0322344322344322,0.494871794871795
211273.411807,2529366.126422,0.179051530993279,0.286034353995519,0,0.0500373412994772,0.0392083644510829,0.445668409260642
198773.411807,2528866.126422,0.0023130300693909,0.860961192495502,0,0,0.000514006682086867,0.13621177075302
199273.411807,2528866.126422,0.121034293049697,0.653768567760866,0,0.0364936732074088,0.0425453878598936,0.146158078122135
199773.411807,2528866.126422,0.200293201392707,0.321971779365952,0,0.00256551218618288,0.0108118013560564,0.464357705699102
200273.411807,2528866.126422,0.154340245916682,0.308864011745274,0.000550559735731327,0.0311983850247752,0.0445953385942375,0.4604514589833
200773.411807,2528866.126422,0.160645516229598,0.281313038694297,0.0154043645699615,0.0801393728222996,0.127636163579681,0.334861544104163
201273.411807,2528866.126422,0.222833058457028,0.306395455378413,0.0260216236027121,0.0448964632582005,0.0714678394722375,0.328385559831409
201773.411807,2528866.126422,0.0879060378051019,0.538630941457148,0.0552394934850431,0.058909891723252,0.0814828408882364,0.177830794641219
202273.411807,2528866.126422,0.0817898404547955,0.469466348798826,0.00201723821749496,0.0949935815147625,0.102879149092243,0.248853841921878
202773.411807,2528866.126422,0.0513102437236577,0.698185816382628,0.00109950522264981,0.0342679127725857,0.0595565328935312,0.155579989004948
203273.411807,2528866.126422,0.0356028629106258,0.835749678840154,0.00807487612405946,0.00183519911910442,0.00440447788585061,0.114332905120206
203773.411807,2528866.126422,0.0515312671923712,0.731340546488172,0,0.010819732257473,0.0405281496423987,0.165780304419586
204273.411807,2528866.126422,0.0736668499175371,0.386476085761407,0,0.0780648708081363,0.153380978559648,0.308411214953271
204773.411807,2528866.126422,0.127913378601578,0.465957056340613,0,0.102771150669848,0.123692420627638,0.179665993760323
205273.411807,2528866.126422,0.0658353200073354,0.695580414450761,0,0.000916926462497708,0.0245736291949386,0.213093709884467
205773.411807,2528866.126422,0.114531794026022,0.619754443833608,0,0.00109950522264981,0.0320689023272861,0.232545354590434
206273.411807,2528866.126422,0.811525050467976,0.0552394934850431,0.000734079647641769,0.000734079647641769,0.00110111947146265,0.130666177280235
206773.411807,2528866.126422,0.943700715202641,0.000550155877498625,0,0,0,0.0557491289198606
207273.411807,2528866.126422,0.611141652922851,0.0227231079347627,0.000366501740883269,0.188198643943559,0.120579072750596,0.0569910207073484
207773.411807,2528866.126422,0.187006790236741,0.0260598274912828,0.0133969535694623,0.593870434942191,0.122040741420444,0.0576252523398789
208273.411807,2528866.126422,0.0110031175499725,0.183201907207042,0.048413717219879,0.599853291766,0.125435540069686,0.0320924261874198
208773.411807,2528866.126422,0.00348176653839106,0.00238226131574125,0.175004581271761,0.698185816382628,0.102437236576874,0.0185083379146051
209273.411807,2528866.126422,0.0170673518076711,0.0732244448522665,0.0880895577170123,0.586713158377684,0.159662323362085,0.0752431638832813
209773.411807,2528866.126422,0.0605171465248487,0.142857142857143,0.0335595085274161,0.375389693746562,0.213093709884467,0.174582798459564
210273.411807,2528866.126422,0.183434121312076,0.223016309327469,0,0.0262048744731537,0.042147700201576,0.525196994685725
210773.411807,2528866.126422,0.195448706184621,0.31932464672417,0,0.00367039823820885,0.00605615709304459,0.475500091759956
211273.411807,2528866.126422,0.234436343241727,0.319125070106562,0.000373901663862404,0.0276687231258179,0.0456160029912133,0.372779958870817
198773.411807,2528366.126422,0.00308562612496786,0.817433787606068,0,0.0714836718950887,0.0840833119053741,0.0239136024685009
199273.411807,2528366.126422,0.181251146578609,0.17409649605577,0,0.177031737295909,0.132085855806274,0.335534764263438
199773.411807,2528366.126422,0.141025641025641,0.37985347985348,0,0.0155677655677656,0.0454212454212454,0.418131868131868
200273.411807,2528366.126422,0.178348623853211,0.317247706422018,0.0315596330275229,0.0148623853211009,0.0493577981651376,0.408623853211009
200773.411807,2528366.126422,0.139240506329114,0.257934323977252,0.0113740598055403,0.131168592918731,0.117960007338103,0.34232250963126
201273.411807,2528366.126422,0.144688644688645,0.393956043956044,0.000732600732600733,0.00641025641025641,0.0527472527472527,0.401465201465201
201773.411807,2528366.126422,0.0554128440366972,0.56605504587156,0.0231192660550459,0.0423853211009174,0.0555963302752294,0.25743119266055
202273.411807,2528366.126422,0.0620069711979453,0.40377912309668,0.00458631443771785,0.165841130067877,0.132085855806274,0.231700605393506
202773.411807,2528366.126422,0.0646520146520147,0.573626373626374,0.00714285714285714,0.045970695970696,0.0831501831501831,0.225457875457875
203273.411807,2528366.126422,0.0737614678899083,0.526422018348624,0.0170642201834862,0.0535779816513761,0.0559633027522936,0.273211009174312
203773.411807,2528366.126422,0.0442120711796001,0.711429095578793,0.000366905155017428,0.0159603742432581,0.0436617134470739,0.184369840396258
204273.411807,2528366.126422,0.110805860805861,0.503846153846154,0,0.0206959706959707,0.0688644688644689,0.295787545787546
204773.411807,2528366.126422,0.124403669724771,0.686605504587156,0.00201834862385321,0.00238532110091743,0.00458715596330275,0.18
205273.411807,2528366.126422,0.062190423775454,0.739130434782609,0,0.000733810310034856,0.00513667217024399,0.192808658961658
205773.411807,2528366.126422,0.302747252747253,0.348534798534799,0,0.0236263736263736,0.0756410256410256,0.249450549450549
206273.411807,2528366.126422,0.552110091743119,0.101284403669725,0.00128440366972477,0.0713761467889908,0.0392660550458716,0.234678899082569
206773.411807,2528366.126422,0.143276463034306,0.0445789763346175,0.00275178866263071,0.224912860025683,0.152449091909741,0.432030820033021
207273.411807,2528366.126422,0.00293040293040293,0.0454212454212454,0.11043956043956,0.565750915750916,0.162454212454212,0.113003663003663
207773.411807,2528366.126422,0.00807339449541284,0.00605504587155963,0.0932110091743119,0.775412844036697,0.0653211009174312,0.0519266055045872
208273.411807,2528366.126422,0.0133920381581361,0.00862227114290956,0.0253164556962025,0.782792148229683,0.0858558062740782,0.084021280498991
208773.411807,2528366.126422,0.0723443223443224,0.116117216117216,0,0.384432234432234,0.233882783882784,0.193223443223443
209273.411807,2528366.126422,0.204770642201835,0.0867889908256881,0,0.198899082568807,0.101284403669725,0.408256880733945
209773.411807,2528366.126422,0.320124747752706,0.192074848651624,0,0.00385250412768299,0.0315538433314988,0.452394056136489
210273.411807,2528366.126422,0.267765567765568,0.185164835164835,0,0.00586080586080586,0.023992673992674,0.517216117216117
210773.411807,2528366.126422,0.183119266055046,0.203669724770642,0.00018348623853211,0.0291743119266055,0.0555963302752294,0.528256880733945
211273.411807,2528366.126422,0.234854151084518,0.238780852655198,0.00112191473448018,0.0149588631264024,0.037584143605086,0.472700074794316
198773.411807,2527866.126422,0.00231006160164271,0.847022587268994,0,0.0112936344969199,0.0949691991786448,0.0444045174537988
199273.411807,2527866.126422,0.115018315018315,0.481501831501832,0.0108058608058608,0.109157509157509,0.080952380952381,0.202564102564103
199773.411807,2527866.126422,0,0.938577191052439,0,0,0.00183351668500183,0.0595892922625596
200273.411807,2527866.126422,0.0100732600732601,0.845970695970696,0,0.000366300366300366,0.00402930402930403,0.13956043956044
200773.411807,2527866.126422,0.123076923076923,0.443772893772894,0.045970695970696,0.127655677655678,0.073992673992674,0.185531135531136
201273.411807,2527866.126422,0.107810781078108,0.445727906123946,0.0414374770810414,0.118811881188119,0.0953428676200953,0.190869086908691
201773.411807,2527866.126422,0.056959706959707,0.413369963369963,0.0142857142857143,0.0728937728937729,0.115201465201465,0.327289377289377
202273.411807,2527866.126422,0.043956043956044,0.596153846153846,0,0.0305860805860806,0.0683150183150183,0.260989010989011
202773.411807,2527866.126422,0.0579391272460579,0.47029702970297,0.00238357169050238,0.0793912724605794,0.081041437477081,0.308947561422809
203273.411807,2527866.126422,0.0694139194139194,0.396153846153846,0,0.0941391941391941,0.120695970695971,0.31959706959707
203773.411807,2527866.126422,0.0714285714285714,0.318864468864469,0.0111721611721612,0.13040293040293,0.175824175824176,0.292307692307692
204273.411807,2527866.126422,0.0744407774110744,0.515034836817015,0.00953428676200953,0.0168683535020169,0.0462046204620462,0.337917125045838
204773.411807,2527866.126422,0.0380952380952381,0.697252747252747,0,0.0183150183150183,0.0210622710622711,0.225274725274725
205273.411807,2527866.126422,0.14981684981685,0.534615384615385,0,0.0648351648351648,0.0445054945054945,0.206227106227106
205773.411807,2527866.126422,0.35020168683535,0.256508984231756,0.000366703337000367,0.0555555555555556,0.0630729739640631,0.274294096076274
206273.411807,2527866.126422,0.0534798534798535,0.0553113553113553,0.00146520146520147,0.268131868131868,0.166300366300366,0.455311355311355
206773.411807,2527866.126422,0.0249084249084249,0.0600732600732601,0.0514652014652015,0.453296703296703,0.078021978021978,0.332234432234432
207273.411807,2527866.126422,0.00953428676200953,0.00971763843050972,0.127796112944628,0.823799046571324,0.0276861019435277,0.00146681334800147
207773.411807,2527866.126422,0.0514652014652015,0.0467032967032967,0.054029304029304,0.513736263736264,0.060989010989011,0.273076923076923
208273.411807,2527866.126422,0.265384615384615,0.0624542124542125,0,0.0728937728937729,0.117582417582418,0.481684981684982
208773.411807,2527866.126422,0.293912724605794,0.134946828016135,0.000183351668500183,0.0416208287495416,0.0366703337000367,0.492665933259993
209273.411807,2527866.126422,0.372527472527473,0.0963369963369963,0,0.10952380952381,0.0787545787545788,0.342857142857143
209773.411807,2527866.126422,0.356776556776557,0.0412087912087912,0.000183150183150183,0.212637362637363,0.106959706959707,0.282234432234432
210273.411807,2527866.126422,0.203337000366703,0.0878254492115878,0.000183351668500183,0.282361569490282,0.129079574624129,0.297213054638797
210773.411807,2527866.126422,0.205494505494505,0.281501831501832,0,0.0236263736263736,0.0358974358974359,0.453479853479853
211273.411807,2527866.126422,0.338498879761016,0.199402539208364,0,0.0323002240477969,0.0548917102315161,0.374906646751307
198773.411807,2527366.126422,0.0107941403238242,0.793626317142123,0,0,0.00411205345669494,0.191467489077358
199273.411807,2527366.126422,0.106546854942234,0.726755914175683,0,0.00421786172748946,0.0234733174399413,0.139006051714652
199773.411807,2527366.126422,0.00549752611324904,0.954370533260033,0,0,0,0.040131940626718
200273.411807,2527366.126422,0.0139475133051936,0.89612772985869,0,0,0.000183519911910442,0.0897412369242063
200773.411807,2527366.126422,0.0573995965523565,0.40399779937649,0.0143040528149642,0.219512195121951,0.0698697964423253,0.234916559691913
201273.411807,2527366.126422,0.100604727872457,0.595382078064871,0.0142935678944475,0.034084661902144,0.07623236210372,0.17940260216236
201773.411807,2527366.126422,0.0352358230868049,0.518443751146999,0,0.00935951550743256,0.0334006239677005,0.403560286291063
202273.411807,2527366.126422,0.0306253438474234,0.478818998716303,0.017604988079956,0.0346598202824134,0.0594168347698515,0.378874014304053
202773.411807,2527366.126422,0.0399486897562763,0.332233828110684,0.00128275609309144,0.196444933113432,0.128825361920469,0.301264431006047
203273.411807,2527366.126422,0.0741420444118187,0.433474031932465,0,0.0236740686364471,0.0607450908423564,0.407964764176913
203773.411807,2527366.126422,0.127086007702182,0.521364386576197,0.0161379057399597,0.0231065468549422,0.0430955437373923,0.269209609389327
204273.411807,2527366.126422,0.0820963899578523,0.593549569360454,0.0542422576507238,0.053142752428074,0.034084661902144,0.182884368700751
204773.411807,2527366.126422,0.05395485410167,0.218572215085337,0.0754266837951918,0.36502110478987,0.0923105156909525,0.194714626536979
205273.411807,2527366.126422,0.0225563909774436,0.653951953053365,0.00385109114249037,0.132770951769668,0.0403447643498991,0.146524848707134
205773.411807,2527366.126422,0.0602895363752978,0.167308044713212,0.0337181601612608,0.53252702950339,0.0743998533993036,0.131757375847535
206273.411807,2527366.126422,0,0.251055239493485,0.00623967700495504,0.695173426316755,0.0447788585061479,0.00275279867865663
206773.411807,2527366.126422,0.0399779937649001,0.13992297817715,0.0584999083073537,0.527232715936182,0.202640748211993,0.0317256556024207
207273.411807,2527366.126422,0.128092358438703,0.190947407000183,0.00787978742899029,0.214586769287154,0.0643210555250137,0.394172622319956
207773.411807,2527366.126422,0.0835015599192512,0.15360616626904,0,0.0374380620297302,0.187373830060562,0.538080381721417
208273.411807,2527366.126422,0.219512195121951,0.0850907757197873,0,0.0174216027874564,0.04401247019989,0.633962956170915
208773.411807,2527366.126422,0.397287887117464,0.117647058823529,0,0.00403151914971596,0.0109950522264981,0.470038482682793
209273.411807,2527366.126422,0.30280785465223,0.0873554780693705,0,0.111580106441549,0.0831345200954303,0.41512204074142
209773.411807,2527366.126422,0.154593801577114,0.258389877131854,0.000183385292499542,0.135338345864662,0.0594168347698515,0.39207775536402
210273.411807,2527366.126422,0.212387758841855,0.258750229063588,0,0.0141103170240059,0.0197910940076965,0.494960601062855
210773.411807,2527366.126422,0.219489814644889,0.17030647825289,0.00146815929528354,0.0132134336575518,0.025325747843641,0.570196366305744
211273.411807,2527366.126422,0.139091418956814,0.205085062628529,0,0.0228080014956067,0.0413161338567957,0.591699383062255
198773.411807,2526866.126422,0.00231421959372589,0.917202365646696,0,0,0,0.0804834147595783
199273.411807,2526866.126422,0.105852137222528,0.789029535864979,0,0,0.00843881856540084,0.0966795083470923
199773.411807,2526866.126422,0.0254578754578755,0.825091575091575,0,0.0010989010989011,0.00970695970695971,0.138644688644689
200273.411807,2526866.126422,0.14697247706422,0.224770642201835,0,0.113577981651376,0.161834862385321,0.352844036697248
200773.411807,2526866.126422,0.0735644835809943,0.285085305448542,0.021830856723537,0.207668317739864,0.09557879288204,0.316272243625023
201273.411807,2526866.126422,0.0860805860805861,0.213003663003663,0.00695970695970696,0.114102564102564,0.0437728937728938,0.536080586080586
201773.411807,2526866.126422,0.0831192660550459,0.414862385321101,0.0174311926605505,0.0291743119266055,0.0807339449541284,0.374678899082569
202273.411807,2526866.126422,0.0818198495688864,0.273711245643001,0.0207301412584847,0.0933773619519354,0.133370023848835,0.396991377728857
202773.411807,2526866.126422,0.120512820512821,0.308974358974359,0.00622710622710623,0.0512820512820513,0.0767399267399267,0.436263736263736
203273.411807,2526866.126422,0.105871559633028,0.267706422018349,0.0161467889908257,0.117981651376147,0.149908256880734,0.342385321100917
203773.411807,2526866.126422,0.103650706292423,0.47642634379013,0.00733810310034856,0.0119244175380664,0.0432948082920565,0.357365620986975
204273.411807,2526866.126422,0.10970695970696,0.43021978021978,0,0.00787545787545788,0.0188644688644689,0.433333333333333
204773.411807,2526866.126422,0.110275229357798,0.589357798165138,0.00385321100917431,0.0337614678899083,0.0431192660550459,0.219633027522936
205273.411807,2526866.126422,0.0638414969730325,0.593835993395707,0,0.0909924784443221,0.0225646670335718,0.228765364153366
205773.411807,2526866.126422,0.0267399267399267,0.056959706959707,0.142673992673993,0.651465201465201,0.0364468864468864,0.0857142857142857
206273.411807,2526866.126422,0.0891743119266055,0.156697247706422,0.0368807339449541,0.460733944954128,0.133761467889908,0.122752293577982
206773.411807,2526866.126422,0.0106402494955054,0.0860392588515869,0.029535864978903,0.497156485048615,0.247660979636764,0.128967161988626
207273.411807,2526866.126422,0.148534798534799,0.186446886446886,0,0.0714285714285714,0.197435897435897,0.396153846153846
207773.411807,2526866.126422,0.231376146788991,0.132477064220183,0,0.0121100917431193,0.0497247706422018,0.574311926605505
208273.411807,2526866.126422,0.28673637864612,0.123830489818382,0,0.0137589433131535,0.0203632361034673,0.555310952118877
208773.411807,2526866.126422,0.315018315018315,0.104761904761905,0,0.080952380952381,0.0648351648351648,0.434432234432234
209273.411807,2526866.126422,0.35302752293578,0.223119266055046,0,0.00293577981651376,0.0073394495412844,0.413577981651376
209773.411807,2526866.126422,0.190607228031554,0.317189506512566,0,0.0544854155200881,0.0392588515868648,0.398458998348927
210273.411807,2526866.126422,0.197435897435897,0.326556776556777,0,0.00805860805860806,0.0166666666666667,0.451282051282051
210773.411807,2526866.126422,0.130091743119266,0.362752293577982,0,0.00532110091743119,0.011743119266055,0.490091743119266
211273.411807,2526866.126422,0.161368735976066,0.336013462976814,0,0.0074794315632012,0.00878833208676141,0.486350037397158
198773.411807,2526366.126422,0,0.992299794661191,0,0,0,0.00770020533880903
199273.411807,2526366.126422,0.114102564102564,0.823626373626374,0,0,0.0111721611721612,0.0510989010989011
199773.411807,2526366.126422,0.00128346167950128,0.890539053905391,0,0.0520718738540521,0.0119178584525119,0.0441877521085442
200273.411807,2526366.126422,0.00164835164835165,0.994688644688645,0,0,0,0.00366300366300366
200773.411807,2526366.126422,0.0664835164835165,0.371794871794872,0.0192307692307692,0.194139194139194,0.0562271062271062,0.292124542124542
201273.411807,2526366.126422,0.061972863953062,0.386321965529886,0.111477814448111,0.108544187752109,0.0689402273560689,0.262742940960763
201773.411807,2526366.126422,0.146703296703297,0.342307692307692,0.034981684981685,0.104029304029304,0.124725274725275,0.247252747252747
202273.411807,2526366.126422,0.140659340659341,0.395238095238095,0.0490842490842491,0.0538461538461538,0.0716117216117216,0.28956043956044
202773.411807,2526366.126422,0.146681334800147,0.466263292995966,0.03997066373304,0.0207187385405207,0.0196186285295196,0.306747341400807
203273.411807,2526366.126422,0.116117216117216,0.253296703296703,0.0463369963369963,0.204029304029304,0.0565934065934066,0.323626373626374
203773.411807,2526366.126422,0.264835164835165,0.110989010989011,0.0032967032967033,0.202197802197802,0.0322344322344322,0.386446886446886
204273.411807,2526366.126422,0.247341400806747,0.287312064539787,0.0011001100110011,0.0313531353135314,0.0337367070040337,0.399156582324899
204773.411807,2526366.126422,0.076007326007326,0.312820512820513,0,0.284798534798535,0.0937728937728938,0.232600732600733
205273.411807,2526366.126422,0,0.023992673992674,0.0532967032967033,0.834065934065934,0.0514652014652015,0.0371794871794872
205773.411807,2526366.126422,0.0524385771910524,0.177667766776678,0.00385038503850385,0.301980198019802,0.142647598093143,0.321415474880821
206273.411807,2526366.126422,0.103113553113553,0.100549450549451,0.000183150183150183,0.432234432234432,0.223626373626374,0.14029304029304
206773.411807,2526366.126422,0.0664835164835165,0.352014652014652,0.00402930402930403,0.313736263736264,0.0587912087912088,0.204945054945055
207273.411807,2526366.126422,0.165566556655666,0.130546387972131,0,0.00421708837550422,0.00385038503850385,0.695819581958196
207773.411807,2526366.126422,0.30989010989011,0.0641025641025641,0,0.0115384615384615,0.0214285714285714,0.593040293040293
208273.411807,2526366.126422,0.435164835164835,0.102747252747253,0,0.0423076923076923,0.0346153846153846,0.385164835164835
208773.411807,2526366.126422,0.2997799779978,0.0738907224055739,0,0.0751741840850752,0.0850751741840851,0.466079941327466
209273.411807,2526366.126422,0.290659340659341,0.154945054945055,0,0.028021978021978,0.0465201465201465,0.47985347985348
209773.411807,2526366.126422,0.164468864468864,0.177289377289377,0,0.0221611721611722,0.0311355311355311,0.604945054945055
210273.411807,2526366.126422,0.145397873120645,0.225339200586725,0,0.00825082508250825,0.0155848918225156,0.605427209387605
210773.411807,2526366.126422,0.164285714285714,0.328571428571429,0.000366300366300366,0.00989010989010989,0.0249084249084249,0.471978021978022
211273.411807,2526366.126422,0.151979088872293,0.341859596713966,0,0.0121359223300971,0.0244585511575803,0.469566840926064
198773.411807,2525866.126422,0.130300693909021,0.710100231303007,0.0251863274222565,0.019532253919301,0.0115651503469545,0.10331534309946
199273.411807,2525866.126422,0.123418301852191,0.720704199523198,0,0.0150375939849624,0.0267742527049331,0.114065651934715
199773.411807,2525866.126422,0,0.981858163826278,0,0.000183250870441635,0.00384826827927433,0.0141103170240059
200273.411807,2525866.126422,0.0926775555147734,0.700495503762158,0,0,0.00146815929528354,0.205358781427785
200773.411807,2525866.126422,0.146891619292133,0.401063634696497,0.0265908674124335,0.0902255639097744,0.0821566110397946,0.253071703649367
201273.411807,2525866.126422,0.231262598497343,0.183983873923401,0.059190031152648,0.128092358438703,0.110500274876306,0.2869708631116
201773.411807,2525866.126422,0.299137456414021,0.106441548908057,0.0614791704899982,0.082583960359699,0.0798311616810424,0.370526702147183
202273.411807,2525866.126422,0.167064001467082,0.14780854575463,0.000550155877498625,0.135521731157161,0.0867412433522831,0.462314322391344
202773.411807,2525866.126422,0.146234194612424,0.12222833058457,0.0111783030969397,0.113432288803372,0.0916254352208173,0.515301447681876
203273.411807,2525866.126422,0.0559735731326849,0.233620847861993,0.31528720866214,0.177096714993577,0.0462470178014315,0.171774637548174
203773.411807,2525866.126422,0.131120484137172,0.168531083807079,0.0388776820099028,0.262607738859343,0.101778837337246,0.297084173849257
204273.411807,2525866.126422,0.142569177203592,0.125710097122961,0,0.310610225398571,0.0798973795125527,0.341213120762324
204773.411807,2525866.126422,0.0203707102220591,0.0330335841438796,0.126995779042026,0.546889337493118,0.152505046797578,0.12020554230134
205273.411807,2525866.126422,0,0.0192554557124519,0.231615624426921,0.67595818815331,0.0665688611773336,0.0066018705299835
205773.411807,2525866.126422,0.0130108118013561,0.142019424592267,0,0.38904159794759,0.332417078981125,0.123511086677662
206273.411807,2525866.126422,0.142044411818682,0.354376949899064,0,0.071389245733162,0.0732244448522665,0.358964947696825
206773.411807,2525866.126422,0.21602787456446,0.164679992664588,0,0.0465798642948836,0.0423620025673941,0.530350265908674
207273.411807,2525866.126422,0.147516950705516,0.111416529228514,0,0.117280557082646,0.0866776617188932,0.537108301264431
207773.411807,2525866.126422,0.243163883281336,0.156358964947697,0.000917599559552211,0.060561570930446,0.102037071022206,0.436960910258763
208273.411807,2525866.126422,0.266825600586833,0.137905739959655,0.00366770584999083,0.0075187969924812,0.0152209792774619,0.568861177333578
208773.411807,2525866.126422,0.233644859813084,0.222466556716144,0.000916254352208173,0.0197910940076965,0.0274876305662452,0.495693604544622
209273.411807,2525866.126422,0.252890438612589,0.288126261699394,0.000367039823820885,0.0557900532207745,0.0401908607083869,0.362635345935034
209773.411807,2525866.126422,0.205208142306987,0.366037043829085,0,0.0106363469649734,0.0201723821749496,0.397946084724005
210273.411807,2525866.126422,0.132490379329302,0.203591717060656,0,0.187465640461792,0.13450613890416,0.34194612424409
210773.411807,2525866.126422,0.351807671132318,0.210313819049367,0,0.0271609469627455,0.0453294182418792,0.365388144613691
211273.411807,2525866.126422,0.131800336511497,0.283978313703496,0.00448681996634885,0.0104692465881473,0.0205645915124322,0.548700691718078
198773.411807,2525366.126422,0.314991000257136,0.22113653895603,0.0403702751349961,0.0303419902288506,0.101568526613525,0.291591668809463
199273.411807,2525366.126422,0.204366171344707,0.190974133186571,0.0280682443588332,0.099431297009723,0.0640249495505412,0.413135204549624
199773.411807,2525366.126422,0.0805860805860806,0.407692307692308,0.0575091575091575,0.0791208791208791,0.0846153846153846,0.29047619047619
200273.411807,2525366.126422,0.0678899082568807,0.326238532110092,0.0256880733944954,0.111559633027523,0.10605504587156,0.36256880733945
200773.411807,2525366.126422,0.214639515685195,0.115758576407999,0.091726288754357,0.179416620803522,0.121629058888277,0.276829939460649
201273.411807,2525366.126422,0.209157509157509,0.163003663003663,0.00897435897435897,0.104395604395604,0.0838827838827839,0.430586080586081
201773.411807,2525366.126422,0.206238532110092,0.118715596330275,0.0196330275229358,0.0581651376146789,0.0794495412844037,0.517798165137615
202273.411807,2525366.126422,0.208035222894882,0.177949000183453,0.0245826453861677,0.0770500825536599,0.110988809392772,0.401394239589066
202773.411807,2525366.126422,0.1496336996337,0.100549450549451,0.0886446886446886,0.347069597069597,0.0716117216117216,0.242490842490842
203273.411807,2525366.126422,0.0926605504587156,0.204220183486239,0.0532110091743119,0.242752293577982,0.0889908256880734,0.318165137614679
203773.411807,2525366.126422,0.0572372041827188,0.212438084755091,0.000183452577508714,0.397725188038892,0.128233351678591,0.204182718767199
204273.411807,2525366.126422,0.00952380952380952,0.184065934065934,0.000366300366300366,0.462454212454212,0.134065934065934,0.20952380952381
204773.411807,2525366.126422,0,0.0915596330275229,0.297614678899083,0.610275229357798,0.00055045871559633,0
205273.411807,2525366.126422,0.011557512383049,0.0335718216840947,0.0278847917813245,0.675655842964594,0.223261786828105,0.0280682443588332
205773.411807,2525366.126422,0.208424908424908,0.189010989010989,0,0.124542124542125,0.27032967032967,0.207692307692308
206273.411807,2525366.126422,0.148073394495413,0.336880733944954,0,0.0295412844036697,0.035045871559633,0.45045871559633
206773.411807,2525366.126422,0.161438268207668,0.163272793982755,0,0.0493487433498441,0.0585213722252798,0.567418822234452
207273.411807,2525366.126422,0.20952380952381,0.173992673992674,0,0.0677655677655678,0.0701465201465201,0.478571428571429
207773.411807,2525366.126422,0.355963302752294,0.170825688073394,0,0.0765137614678899,0.083302752293578,0.313394495412844
208273.411807,2525366.126422,0.281232801320859,0.127132636213539,0.000183452577508714,0.161988625940194,0.1284168042561,0.3010456796918
208773.411807,2525366.126422,0.36007326007326,0.116849816849817,0.000183150183150183,0.118131868131868,0.0763736263736264,0.328388278388278
209273.411807,2525366.126422,0.309908256880734,0.153394495412844,0,0.0834862385321101,0.0708256880733945,0.382385321100917
209773.411807,2525366.126422,0.226197028068244,0.163089341405247,0,0.0234819299211154,0.0559530361401578,0.531278664465236
210273.411807,2525366.126422,0.173443223443223,0.249267399267399,0,0.0468864468864469,0.0582417582417582,0.472161172161172
210773.411807,2525366.126422,0.274311926605505,0.112110091743119,0,0.0106422018348624,0.0172477064220183,0.585688073394495
211273.411807,2525366.126422,0.259536275243082,0.193904263275991,0,0.094053851907255,0.119296933433059,0.333208676140613
198773.411807,2524866.126422,0.176591375770021,0.350872689938398,0.00128336755646817,0.0826488706365503,0.105492813141684,0.283110882956879
199273.411807,2524866.126422,0.135531135531136,0.205860805860806,0.0173992673992674,0.160989010989011,0.115934065934066,0.364285714285714
199773.411807,2524866.126422,0.204803813714705,0.44957829116245,0.0198019801980198,0.0421708837550422,0.0429042904290429,0.240740740740741
200273.411807,2524866.126422,0.0772893772893773,0.619230769230769,0.0119047619047619,0.0606227106227106,0.0402930402930403,0.190659340659341
200773.411807,2524866.126422,0.345238095238095,0.218315018315018,0.0331501831501832,0.0608058608058608,0.0677655677655678,0.274725274725275
201273.411807,2524866.126422,0.174734140080675,0.465896589658966,0.0192519251925193,0.0155848918225156,0.0414374770810414,0.283094976164283
201773.411807,2524866.126422,0.157692307692308,0.213003663003663,0.100549450549451,0.142673992673993,0.112454212454212,0.273626373626374
202273.411807,2524866.126422,0.232051282051282,0.181868131868132,0.0641025641025641,0.144139194139194,0.0923076923076923,0.285531135531136
202773.411807,2524866.126422,0.10964429776311,0.127796112944628,0.00605060506050605,0.132013201320132,0.12046204620462,0.504033736707004
203273.411807,2524866.126422,0.0921245421245421,0.0956043956043956,0.000732600732600733,0.27051282051282,0.0791208791208791,0.461904761904762
203773.411807,2524866.126422,0.00293040293040293,0.143772893772894,0.0441391941391941,0.603113553113553,0.0978021978021978,0.108241758241758
204273.411807,2524866.126422,0,0.0627062706270627,0.183351668500183,0.734690135680235,0.0170517051705171,0.0022002200220022
204773.411807,2524866.126422,0,0.028021978021978,0.0763736263736264,0.757692307692308,0.130769230769231,0.00714285714285714
205273.411807,2524866.126422,0.0796703296703297,0.173443223443223,0,0.148717948717949,0.254395604395604,0.343772893772894
205773.411807,2524866.126422,0.281078107810781,0.422625595892923,0,0.000183351668500183,0.000733406674000733,0.295379537953795
206273.411807,2524866.126422,0.117399267399267,0.170879120879121,0.0108058608058608,0.493040293040293,0.0571428571428571,0.150732600732601
206773.411807,2524866.126422,0.105494505494505,0.31959706959707,0.00934065934065934,0.0990842490842491,0.0243589743589744,0.442124542124542
207273.411807,2524866.126422,0.321598826549322,0.0704070407040704,0.00165016501650165,0.0495049504950495,0.0515218188485515,0.505317198386505
