"x","y","forest","agri","water","built","other","grass"
212273.411807,2654866.126422,0.208184046765982,0.0592117669243824,0.00150858004902885,0.191589666226664,0.0769375825004714,0.462568357533472
212773.411807,2654866.126422,0.00150772710139465,0.75065963060686,0.00735016961929891,0.0476818695816057,0.0405201658499812,0.152280437240859
213273.411807,2654866.126422,0.0959909655561829,0.311311876529268,0,0.0449840015057406,0.0135516657255788,0.53416149068323
213773.411807,2654866.126422,0.0267772958702621,0.532151612294927,0.000188572506128606,0.0526117292098812,0.046954554026023,0.341316236092778
214273.411807,2654866.126422,0.0633245382585752,0.284771956275914,0.0201658499811534,0.134941575574821,0.0712401055408971,0.425555974368639
214773.411807,2654866.126422,0.0613589309241483,0.442311311876529,0.00357613401091662,0.0903444381705251,0.0453604366647845,0.357048748353096
215273.411807,2654866.126422,0.0462002640015086,0.257967188383934,0.00414859513482934,0.283613049217424,0.0933433905336602,0.314727512728644
215773.411807,2654866.126422,0.0714285714285714,0.207689408217113,0.0105540897097625,0.366189219751225,0.1057293629853,0.238409347908029
216273.411807,2654866.126422,0.0766045548654244,0.229437229437229,0.00790513833992095,0.198569546395633,0.0675701110483719,0.41991341991342
216773.411807,2654866.126422,0.0341316236092778,0.314727512728644,0.000377145012257213,0.0799547425985291,0.0516688666792382,0.519140109372054
217273.411807,2654866.126422,0.0667169242367132,0.324538258575198,0.000942329438371655,0.177723332076894,0.104975499434602,0.325103656238221
217773.411807,2654866.126422,0.069828722002635,0.257481648785997,0.00112930547713156,0.116318464144551,0.0611707133446264,0.494071146245059
218273.411807,2654866.126422,0.0841033377333585,0.204224024137281,0.00942862530643032,0.274561568923251,0.0697718272675844,0.357910616632095
218773.411807,2654866.126422,0.179607990953637,0.108933283075763,0.00131926121372032,0.234074632491519,0.107614021862043,0.368450810403317
219273.411807,2654866.126422,0.433653303218521,0.0391492565405609,0,0.0692640692640693,0.0455486542443064,0.412384716732543
219773.411807,2654866.126422,0.509145766547237,0.0324344710541203,0.000565717518385819,0.0184801056006034,0.0216858382047897,0.417688101074863
220273.411807,2654866.126422,0.729362985299661,0.0103656238220882,0,0.0186581228797588,0.0235582359592914,0.218055032039201
220773.411807,2654866.126422,0.25785808394504,0.070016939582157,0.000564652738565782,0.132505175983437,0.0464897421419161,0.492565405608884
221273.411807,2654866.126422,0.308693192532529,0.158212332641901,0.00207429756741467,0.203846879125024,0.0537431642466528,0.273430133886479
221773.411807,2654866.126422,0.101771579344139,0.260271390878251,0.0024500565397663,0.150395778364116,0.0644553335846212,0.420655861289107
222273.411807,2654866.126422,0.0862036514210427,0.217203086768304,0.0020703933747412,0.0860154338415208,0.0306794654620742,0.577827969132317
222773.411807,2654866.126422,0.131057891759381,0.184989628512163,0.00207429756741467,0.114840656232321,0.0492174240995663,0.517820101829153
223273.411807,2654866.126422,0.150395778364116,0.147191858273652,0.000188465887674331,0.0964945344892574,0.0710516396532228,0.534677723332077
223773.411807,2654866.126422,0.110860154338415,0.238848108413326,0.000564652738565782,0.0805571240353849,0.0523244871070958,0.516845473367213
224273.411807,2654866.126422,0.0660003771450123,0.329247595700547,0.103714878370734,0.365830661889497,0.0352630586460494,0.0999434282481614
212273.411807,2654366.126422,0.345321100917431,0.0288073394495413,0.00018348623853211,0.088256880733945,0.0423853211009174,0.495045871559633
212773.411807,2654366.126422,0.0700788846083287,0.463768115942029,0,0.179416620803522,0.111539167125298,0.175197211520822
213273.411807,2654366.126422,0.0401098901098901,0.303113553113553,0.032967032967033,0.261538461538462,0.0335164835164835,0.328754578754579
213773.411807,2654366.126422,0.0311926605504587,0.439266055045872,0.0155963302752294,0.0177981651376147,0.0155963302752294,0.480550458715596
214273.411807,2654366.126422,0.0598055402678408,0.234268941478628,0.0372408732342689,0.195743900201798,0.101082370207301,0.371858374610163
214773.411807,2654366.126422,0.0783882783882784,0.306959706959707,0.00183150183150183,0.169230769230769,0.0990842490842491,0.344505494505495
215273.411807,2654366.126422,0.0429357798165138,0.375229357798165,0.000917431192660551,0.159816513761468,0.0979816513761468,0.323119266055046
215773.411807,2654366.126422,0.0581544670702623,0.229499174463401,0.00421940928270042,0.28526875802605,0.071179600073381,0.351678591084205
216273.411807,2654366.126422,0.0899267399267399,0.118315018315018,0.000366300366300366,0.435347985347985,0.121062271062271,0.234981684981685
216773.411807,2654366.126422,0.0614678899082569,0.212110091743119,0.00073394495412844,0.33394495412844,0.0913761467889908,0.300366972477064
217273.411807,2654366.126422,0.0603558980003669,0.286552926068611,0.000183452577508714,0.193542469271693,0.0803522289488167,0.379013025133003
217773.411807,2654366.126422,0.123443223443223,0.269047619047619,0.000549450549450549,0.22032967032967,0.0846153846153846,0.302014652014652
218273.411807,2654366.126422,0.0576146788990826,0.0552293577981651,0.00660550458715596,0.489724770642202,0.0996330275229358,0.291192660550459
218773.411807,2654366.126422,0.124747752705926,0.137222527976518,0.001284168042561,0.149330398092093,0.0787011557512383,0.508713997431664
219273.411807,2654366.126422,0.257509157509157,0.0318681318681319,0.000183150183150183,0.0666666666666667,0.0597069597069597,0.584065934065934
219773.411807,2654366.126422,0.551376146788991,0.00788990825688073,0,0.0405504587155963,0.0269724770642202,0.373211009174312
220273.411807,2654366.126422,0.157769216657494,0.0816363969913777,0,0.147128967161989,0.0854889011190607,0.527976518070079
220773.411807,2654366.126422,0.173260073260073,0.138644688644689,0.00128205128205128,0.105860805860806,0.056043956043956,0.524908424908425
221273.411807,2654366.126422,0.0689908256880734,0.237064220183486,0,0.203119266055046,0.0651376146788991,0.425688073394495
221773.411807,2654366.126422,0.0522839845899835,0.201430930104568,0.00385250412768299,0.0911759310218309,0.0548523206751055,0.596404329480829
222273.411807,2654366.126422,0.0408424908424908,0.193772893772894,0,0.0668498168498168,0.0399267399267399,0.658608058608059
222773.411807,2654366.126422,0.0387155963302752,0.110275229357798,0,0.0831192660550459,0.0502752293577982,0.717614678899083
223273.411807,2654366.126422,0.0543019629425793,0.132819666116309,0.00183452577508714,0.115391671252981,0.0739313887360117,0.621720785177032
223773.411807,2654366.126422,0.179120879120879,0.0695970695970696,0.00421245421245421,0.144688644688645,0.0549450549450549,0.547435897435897
224273.411807,2654366.126422,0.127889908256881,0.134678899082569,0.0300917431192661,0.314495412844037,0.0794495412844037,0.313394495412844
212273.411807,2653866.126422,0.374175824175824,0.00366300366300366,0,0.0164835164835165,0.0100732600732601,0.595604395604396
212773.411807,2653866.126422,0.244505494505494,0.331684981684982,0,0.0712454212454212,0.0428571428571429,0.30970695970696
213273.411807,2653866.126422,0.0194352768610194,0.637697103043638,0,0.0707737440410708,0.0436376971030436,0.228456178951228
213773.411807,2653866.126422,0.0141025641025641,0.625091575091575,0.0155677655677656,0.0897435897435897,0.0521978021978022,0.203296703296703
214273.411807,2653866.126422,0.0820512820512821,0.3503663003663,0.00512820512820513,0.119047619047619,0.0717948717948718,0.371611721611722
214773.411807,2653866.126422,0.0601393472680601,0.261459479281261,0.0282361569490282,0.166299963329666,0.074990832416575,0.408874220755409
215273.411807,2653866.126422,0.0608058608058608,0.443772893772894,0.00750915750915751,0.111172161172161,0.0496336996336996,0.327106227106227
215773.411807,2653866.126422,0.0978021978021978,0.171245421245421,0.00274725274725275,0.276007326007326,0.101648351648352,0.350549450549451
216273.411807,2653866.126422,0.0997433076640997,0.288045471213788,0.00146681334800147,0.234873487348735,0.081958195819582,0.293912724605794
216773.411807,2653866.126422,0.0558608058608059,0.186263736263736,0.000366300366300366,0.191575091575092,0.0655677655677656,0.5003663003663
217273.411807,2653866.126422,0.0697802197802198,0.137912087912088,0.000915750915750916,0.335164835164835,0.0998168498168498,0.356410256410256
217773.411807,2653866.126422,0.0693069306930693,0.172900623395673,0.00238357169050238,0.268610194352769,0.0757242390905757,0.411074440777411
218273.411807,2653866.126422,0.127655677655678,0.0761904761904762,0.00750915750915751,0.551648351648352,0.103296703296703,0.133699633699634
218773.411807,2653866.126422,0.153846153846154,0.151648351648352,0.000366300366300366,0.313919413919414,0.117765567765568,0.262454212454212
219273.411807,2653866.126422,0.16996699669967,0.106160616061606,0,0.0634396773010634,0.0698569856985699,0.590575724239091
219773.411807,2653866.126422,0.162087912087912,0.184432234432234,0.000366300366300366,0.181501831501831,0.0957875457875458,0.375824175824176
220273.411807,2653866.126422,0.125457875457875,0.188827838827839,0,0.136446886446886,0.0730769230769231,0.476190476190476
220773.411807,2653866.126422,0.0914924825815915,0.135130179684635,0.0011001100110011,0.122295562889622,0.0889255592225889,0.561056105610561
221273.411807,2653866.126422,0.104212454212454,0.206043956043956,0.00164835164835165,0.263736263736264,0.0791208791208791,0.345238095238095
221773.411807,2653866.126422,0.0489010989010989,0.260622710622711,0.0010989010989011,0.191391941391941,0.0871794871794872,0.410805860805861
222273.411807,2653866.126422,0.00806747341400807,0.343050971763843,0,0.0502383571690502,0.0449211587825449,0.553722038870554
222773.411807,2653866.126422,0.060989010989011,0.261904761904762,0.0010989010989011,0.0776556776556777,0.0838827838827839,0.514468864468864
223273.411807,2653866.126422,0.0432234432234432,0.197252747252747,0.00201465201465201,0.11043956043956,0.0657509157509158,0.581318681318681
223773.411807,2653866.126422,0.12009534286762,0.161716171617162,0.0104510451045105,0.155665566556656,0.0746241290795746,0.477447744774477
224273.411807,2653866.126422,0.18040293040293,0.194505494505495,0.0525641025641026,0.0747252747252747,0.03003663003663,0.467765567765568
212273.411807,2653366.126422,0.557717012295834,0.00513855753349238,0,0.00238575885483575,0.00201871903101487,0.432739952284823
212773.411807,2653366.126422,0.373922611406565,0.0548322024573629,0.000550155877498625,0.0168714469099578,0.0174216027874564,0.536401980561159
213273.411807,2653366.126422,0.0831958951805021,0.500458127176104,0.000916254352208173,0.0718343412131208,0.0590067802822063,0.284588601795859
213773.411807,2653366.126422,0.0411084602679391,0.703064782528904,0.000367039823820885,0.0240411084602679,0.0293631859056708,0.202055423013397
214273.411807,2653366.126422,0.0300751879699248,0.21181001283697,0.0100861910874748,0.278745644599303,0.13588850174216,0.333394461764167
214773.411807,2653366.126422,0.0844786512735936,0.301630932746931,0.0467289719626168,0.210371999266997,0.0899761773868426,0.26681326736302
215273.411807,2653366.126422,0.0458799779776106,0.377133418975959,0.000550559735731327,0.220774454028262,0.0917599559552211,0.263901633327216
215773.411807,2653366.126422,0.0693196405648267,0.359068402714102,0.000916926462497708,0.223363286264442,0.112598569594719,0.234733174399413
216273.411807,2653366.126422,0.0199743448781382,0.485065054059007,0,0.0454462158695254,0.0467289719626168,0.402785413230713
216773.411807,2653366.126422,0.0436777390346853,0.299320976325931,0,0.0299137456414021,0.0308313452009543,0.596256193797027
217273.411807,2653366.126422,0.0599669906473501,0.120484137172199,0.00421786172748946,0.554740509811113,0.0764716669723088,0.18411883366954
217773.411807,2653366.126422,0.0538757559098406,0.0208905992303463,0.0142935678944475,0.777533443283856,0.0650540590067803,0.0683525746747297
218273.411807,2653366.126422,0.12864745824922,0.0587263718113415,0.00734079647641769,0.504496237841806,0.0851532391264452,0.21563589649477
218773.411807,2653366.126422,0.143774069319641,0.227214377406932,0.0053181734824867,0.12800293416468,0.0493306436823767,0.446359801943884
219273.411807,2653366.126422,0.138904159794759,0.133773135422393,0.00128275609309144,0.105185999633498,0.100238226131574,0.520615722924684
219773.411807,2653366.126422,0.153973206092861,0.139658652963847,0.000183519911910442,0.0231235089007157,0.0267939071389246,0.656267204991742
220273.411807,2653366.126422,0.209059233449477,0.255272327159362,0,0.0515312671923712,0.044379240784889,0.439757931413901
220773.411807,2653366.126422,0.208172988821697,0.0769653655854865,0.00568077698369067,0.147700201575957,0.0586402785413231,0.502840388491845
221273.411807,2653366.126422,0.227931730592769,0.197100385391815,0.0012846393833731,0.134336575518444,0.0752431638832813,0.364103505230317
221773.411807,2653366.126422,0.107280396112232,0.221529433339446,0.000366770584999083,0.181551439574546,0.0946268109297634,0.394645149459013
222273.411807,2653366.126422,0.0597397837639729,0.245372915521349,0,0.0700018325087044,0.0672530694520799,0.557632398753894
222773.411807,2653366.126422,0.0831345200954303,0.22389429253074,0.00532207744540283,0.140209212699578,0.0895577170122958,0.457882180216553
223273.411807,2653366.126422,0.0190720704199523,0.231248853841922,0,0.146708233999633,0.114249037227214,0.488721804511278
223773.411807,2653366.126422,0.129008612790911,0.155213487264065,0.00164925783397471,0.250870441634598,0.102437236576874,0.360820963899579
224273.411807,2653366.126422,0.199486144246651,0.140576252523399,0.000550559735731327,0.17434391631492,0.0442282987704166,0.440814828408882
212273.411807,2652866.126422,0.659633027522936,0.00403669724770642,0,0.00073394495412844,0.00073394495412844,0.334862385321101
212773.411807,2652866.126422,0.449275362318841,0.0658594753256283,0,0.00183452577508714,0.00330214639515685,0.479728490185287
213273.411807,2652866.126422,0.133699633699634,0.337362637362637,0,0.0463369963369963,0.0545787545787546,0.428021978021978
213773.411807,2652866.126422,0.0229357798165138,0.735045871559633,0.00018348623853211,0.0471559633027523,0.0387155963302752,0.155963302752294
214273.411807,2652866.126422,0.121078701155751,0.148780040359567,0.116125481563016,0.0911759310218309,0.0493487433498441,0.473491102549991
214773.411807,2652866.126422,0.0985347985347985,0.263553113553114,0.0637362637362637,0.202747252747253,0.0838827838827839,0.287545787545788
215273.411807,2652866.126422,0.0445871559633028,0.528440366972477,0,0.0891743119266055,0.0638532110091743,0.27394495412844
215773.411807,2652866.126422,0.0311869381764814,0.580810860392589,0.00110071546505228,0.0662263804806457,0.0354063474591818,0.28526875802605
216273.411807,2652866.126422,0.0448717948717949,0.523992673992674,0,0.0608058608058608,0.0399267399267399,0.33040293040293
216773.411807,2652866.126422,0.120366972477064,0.350825688073394,0,0.162018348623853,0.0702752293577982,0.29651376146789
217273.411807,2652866.126422,0.0897083104017612,0.0427444505595304,0.00972298660796184,0.650339387268391,0.096862960924601,0.110621904237755
217773.411807,2652866.126422,0.0245421245421245,0.0203296703296703,0.0128205128205128,0.883516483516483,0.043040293040293,0.0157509157509158
218273.411807,2652866.126422,0.151559633027523,0.0609174311926605,0.00440366972477064,0.525137614678899,0.125504587155963,0.132477064220183
218773.411807,2652866.126422,0.221977618785544,0.081452944413869,0.00275178866263071,0.344707393138874,0.164556962025316,0.184553292973766
219273.411807,2652866.126422,0.187545787545788,0.0501831501831502,0.0126373626373626,0.455494505494505,0.145787545787546,0.148351648351648
219773.411807,2652866.126422,0.283119266055046,0.0537614678899083,0.0018348623853211,0.308623853211009,0.0579816513761468,0.294678899082569
220273.411807,2652866.126422,0.563382865529261,0.0168776371308017,0,0.0174279948633278,0.0111906072280316,0.391120895248578
220773.411807,2652866.126422,0.283516483516484,0.163369963369963,0,0.171062271062271,0.0981684981684982,0.283882783882784
221273.411807,2652866.126422,0.0728440366972477,0.102201834862385,0.00642201834862385,0.298532110091743,0.0818348623853211,0.438165137614679
221773.411807,2652866.126422,0.0704457897633462,0.105118326912493,0.00843881856540084,0.525958539717483,0.109337736195194,0.180700788846083
222273.411807,2652866.126422,0.0571428571428571,0.153113553113553,0.00457875457875458,0.26007326007326,0.086996336996337,0.438095238095238
222773.411807,2652866.126422,0.0537614678899083,0.135596330275229,0.00348623853211009,0.176697247706422,0.0798165137614679,0.550642201834862
223273.411807,2652866.126422,0.146211704274445,0.180700788846083,0,0.0849385433865346,0.0489818381948266,0.53916712529811
223773.411807,2652866.126422,0.325824175824176,0.0807692307692308,0.000366300366300366,0.0562271062271062,0.0360805860805861,0.500732600732601
224273.411807,2652866.126422,0.349724770642202,0.0877064220183486,0.00036697247706422,0.0732110091743119,0.0278899082568807,0.461100917431193
212273.411807,2652366.126422,0.645421245421245,0.00274725274725275,0,0.010989010989011,0.00970695970695971,0.331135531135531
212773.411807,2652366.126422,0.631318681318681,0.0195970695970696,0,0.0122710622710623,0.0131868131868132,0.323626373626374
213273.411807,2652366.126422,0.323799046571324,0.03997066373304,0.000183351668500183,0.19050238357169,0.074990832416575,0.370553722038871
213773.411807,2652366.126422,0.0576923076923077,0.335347985347985,0.0021978021978022,0.183333333333333,0.122161172161172,0.299267399267399
214273.411807,2652366.126422,0.230769230769231,0.108058608058608,0.0510989010989011,0.168681318681319,0.0646520146520147,0.376739926739927
214773.411807,2652366.126422,0.148148148148148,0.0738907224055739,0.00055005500550055,0.152548588192153,0.0528052805280528,0.572057205720572
215273.411807,2652366.126422,0.0525641025641026,0.215567765567766,0.000549450549450549,0.175641025641026,0.0615384615384615,0.494139194139194
215773.411807,2652366.126422,0.0562271062271062,0.251098901098901,0.000732600732600733,0.196153846153846,0.0793040293040293,0.416483516483517
216273.411807,2652366.126422,0.0539053905390539,0.265859919325266,0.00165016501650165,0.294279427942794,0.103777044371104,0.280528052805281
216773.411807,2652366.126422,0.036996336996337,0.352197802197802,0,0.100915750915751,0.0681318681318681,0.441758241758242
217273.411807,2652366.126422,0.0888278388278388,0.216483516483516,0.00146520146520147,0.238461538461538,0.112637362637363,0.342124542124542
217773.411807,2652366.126422,0.0621562156215622,0.0280528052805281,0.0137513751375138,0.786945361202787,0.0876420975430876,0.0214521452145215
218273.411807,2652366.126422,0.112087912087912,0.06996336996337,0.000732600732600733,0.48956043956044,0.112087912087912,0.215567765567766
218773.411807,2652366.126422,0.188644688644689,0.19010989010989,0.000366300366300366,0.0525641025641026,0.0276556776556777,0.540659340659341
219273.411807,2652366.126422,0.224972497249725,0.0781078107810781,0.00128346167950128,0.252841950861753,0.0753575357535754,0.367436743674367
219773.411807,2652366.126422,0.130769230769231,0.0527472527472527,0.00164835164835165,0.39047619047619,0.126923076923077,0.297435897435897
220273.411807,2652366.126422,0.141575091575092,0.0743589743589744,0.0021978021978022,0.21996336996337,0.102380952380952,0.45952380952381
220773.411807,2652366.126422,0.172350568390172,0.167766776677668,0.00403373670700403,0.178401173450678,0.0876420975430876,0.38980564723139
221273.411807,2652366.126422,0.047985347985348,0.222344322344322,0.0021978021978022,0.148534798534799,0.0994505494505494,0.47948717948718
221773.411807,2652366.126422,0.0921245421245421,0.129120879120879,0.0126373626373626,0.168864468864469,0.103663003663004,0.493589743589744
222273.411807,2652366.126422,0.138613861386139,0.12046204620462,0.00183351668500183,0.210854418775211,0.113494682801613,0.414741474147415
222773.411807,2652366.126422,0.206227106227106,0.0877289377289377,0.00128205128205128,0.245238095238095,0.080952380952381,0.378571428571429
223273.411807,2652366.126422,0.375274725274725,0.0362637362637363,0,0.0664835164835165,0.0474358974358974,0.474542124542125
223773.411807,2652366.126422,0.566556655665567,0.0564723138980565,0.000916758342500917,0.0762742940960763,0.028969563623029,0.270810414374771
224273.411807,2652366.126422,0.469230769230769,0.0791208791208791,0,0.0483516483516484,0.0289377289377289,0.374358974358974
212273.411807,2651866.126422,0.779592585795559,0.000734079647641769,0,0,0,0.219673334556799
212773.411807,2651866.126422,0.824683660370438,0.00201723821749496,0,0.000366770584999083,0.000366770584999083,0.172565560242069
213273.411807,2651866.126422,0.693238042880704,0.00513102437236577,0,0.000549752611324904,0.00274876305662452,0.298332417078981
213773.411807,2651866.126422,0.150853367590384,0.0655166085520279,0.00238575885483575,0.329785281703065,0.111580106441549,0.339878876858139
214273.411807,2651866.126422,0.109114249037227,0.123601687144691,0.08399046396479,0.293966623876765,0.0792224463598019,0.310104529616725
214773.411807,2651866.126422,0.0929081913139087,0.114715044896463,0.00348176653839106,0.484148799706799,0.0756826094923951,0.229063588052043
215273.411807,2651866.126422,0.0902917966599376,0.302073775004588,0,0.17434391631492,0.0794641218572215,0.353826390163333
215773.411807,2651866.126422,0.0761048963873097,0.304602970841738,0.000916926462497708,0.202824133504493,0.104896387309738,0.310654685494223
216273.411807,2651866.126422,0.0408649441084845,0.379879054425509,0.000366501740883269,0.229979842404251,0.0756826094923951,0.273227047828477
216773.411807,2651866.126422,0.0418425399155808,0.33180400073408,0,0.0719398054688934,0.0717562855569829,0.482657368324463
217273.411807,2651866.126422,0.0995782138272511,0.194571795342014,0.00403447643498991,0.186502842472034,0.0953603520997616,0.41995231982395
217773.411807,2651866.126422,0.0960234561114165,0.0875939160711013,0.0106285504856148,0.517133956386293,0.0875939160711013,0.201026204874473
218273.411807,2651866.126422,0.126812259130116,0.0926775555147734,0.00110111947146265,0.314186089190677,0.0800146815929528,0.385208295100018
218773.411807,2651866.126422,0.413717219878966,0.0198056115899505,0.00146708233999633,0.0412616908123968,0.030808729139923,0.492939666238768
219273.411807,2651866.126422,0.603445116364303,0.0260216236027121,0,0.0186915887850467,0.0117280557082646,0.340113615539674
219773.411807,2651866.126422,0.623233620847862,0.0201871903101487,0.0012846393833731,0.108093228115251,0.0321159845843274,0.215085336759038
220273.411807,2651866.126422,0.183752063084541,0.0792224463598019,0.00458463231248854,0.238400880249404,0.0564826700898588,0.437557307903906
220773.411807,2651866.126422,0.198827194429174,0.151181968114349,0.00384826827927433,0.140736668499175,0.0775151181968114,0.427890782481217
221273.411807,2651866.126422,0.506147917049,0.0715727656450725,0.0082583960359699,0.0256927876674619,0.0161497522481189,0.372178381354377
221773.411807,2651866.126422,0.512378507243719,0.0526315789473684,0,0.00495140289748762,0.00275077938749312,0.427287731523932
222273.411807,2651866.126422,0.540590067802822,0.136521898479018,0,0.0192413413963716,0.0207073483599047,0.282939343961884
222773.411807,2651866.126422,0.70141310332171,0.0350523031748945,0,0.0104606349788952,0.0047715177096715,0.248302440814828
223273.411807,2651866.126422,0.70401613790574,0.0359435173299101,0.00165046763249587,0.00586832935998533,0.004401247019989,0.24812030075188
223773.411807,2651866.126422,0.698735568993953,0.0311526479750779,0,0.0131940626717977,0.00678028220634048,0.250137438152831
224273.411807,2651866.126422,0.641952651862727,0.0436777390346853,0,0.00330335841438796,0.00458799779776106,0.306478252890439
212273.411807,2651366.126422,0.56348623853211,0.0111926605504587,0,0.0532110091743119,0.0302752293577982,0.341834862385321
212773.411807,2651366.126422,0.712529811043845,0.00568702990277013,0,0.00183452577508714,0.00238488350761328,0.277563749770684
213273.411807,2651366.126422,0.692673992673993,0.00732600732600733,0,0.00201465201465201,0.00293040293040293,0.295054945054945
213773.411807,2651366.126422,0.308440366972477,0.0332110091743119,0.0165137614678899,0.123669724770642,0.0719266055045872,0.446238532110092
214273.411807,2651366.126422,0.148229682627041,0.147495872317006,0.0631076866629976,0.084021280498991,0.0445789763346175,0.512566501559347
214773.411807,2651366.126422,0.0379120879120879,0.413919413919414,0,0.0840659340659341,0.0705128205128205,0.393589743589744
215273.411807,2651366.126422,0.0959633027522936,0.276146788990826,0.00018348623853211,0.112110091743119,0.103302752293578,0.412293577981651
215773.411807,2651366.126422,0.0251330031186938,0.513300311869382,0.000183452577508714,0.0961291506145661,0.0709961474958723,0.294257934323977
216273.411807,2651366.126422,0.0428571428571429,0.427655677655678,0,0.181868131868132,0.0564102564102564,0.291208791208791
216773.411807,2651366.126422,0.0607339449541284,0.43651376146789,0.00165137614678899,0.0954128440366973,0.0484403669724771,0.357247706422018
217273.411807,2651366.126422,0.0783342505962209,0.109154283617685,0.00623738763529628,0.433865345808109,0.111539167125298,0.260869565217391
217773.411807,2651366.126422,0.071978021978022,0.0838827838827839,0.00769230769230769,0.583150183150183,0.124358974358974,0.128937728937729
218273.411807,2651366.126422,0.226605504587156,0.0374311926605505,0.0055045871559633,0.428440366972477,0.0776146788990826,0.224403669724771
218773.411807,2651366.126422,0.593285635663181,0.011557512383049,0,0.0227481196110805,0.0144927536231884,0.357915978719501
219273.411807,2651366.126422,0.676007326007326,0.0241758241758242,0,0.0265567765567766,0.0192307692307692,0.254029304029304
219773.411807,2651366.126422,0.665137614678899,0.0363302752293578,0,0.00055045871559633,0.000917431192660551,0.297064220183486
220273.411807,2651366.126422,0.476609796367639,0.0188956154833975,0,0.0379746835443038,0.0304531278664465,0.436066776738213
220773.411807,2651366.126422,0.553479853479854,0.0935897435897436,0.000183150183150183,0.0153846153846154,0.0115384615384615,0.325824175824176
221273.411807,2651366.126422,0.573761467889908,0.0409174311926606,0,0.000917431192660551,0.000917431192660551,0.38348623853211
221773.411807,2651366.126422,0.569987158319574,0.09557879288204,0,0.0267840763162722,0.00770500825536599,0.299944964226747
222273.411807,2651366.126422,0.476739926739927,0.0558608058608059,0,0.0205128205128205,0.010989010989011,0.435897435897436
222773.411807,2651366.126422,0.611376146788991,0.0258715596330275,0,0.0306422018348624,0.0111926605504587,0.320917431192661
223273.411807,2651366.126422,0.461199779856907,0.0561364887176665,0.000550357732526142,0.114290955787929,0.0431113557145478,0.324711062190424
223773.411807,2651366.126422,0.451098901098901,0.0756410256410256,0,0.0294871794871795,0.01996336996337,0.423809523809524
224273.411807,2651366.126422,0.224954128440367,0.0574311926605505,0.00036697247706422,0.167889908256881,0.0708256880733945,0.478532110091743
212273.411807,2650866.126422,0.413186813186813,0.0212454212454212,0.000366300366300366,0.108058608058608,0.0584249084249084,0.398717948717949
212773.411807,2650866.126422,0.802564102564103,0.000183150183150183,0,0.000549450549450549,0.00128205128205128,0.195421245421245
213273.411807,2650866.126422,0.723872387238724,0.000733406674000733,0,0,0,0.275394206087275
213773.411807,2650866.126422,0.583150183150183,0.00347985347985348,0,0.023992673992674,0.0161172161172161,0.373260073260073
214273.411807,2650866.126422,0.0641025641025641,0.160989010989011,0.0716117216117216,0.120695970695971,0.106959706959707,0.475641025641026
214773.411807,2650866.126422,0.1004767143381,0.232673267326733,0.00421708837550422,0.0940594059405941,0.0625229189585625,0.506050605060506
215273.411807,2650866.126422,0.0304029304029304,0.543589743589744,0.00677655677655678,0.0364468864468864,0.0340659340659341,0.348717948717949
215773.411807,2650866.126422,0.0435897435897436,0.530769230769231,0.000183150183150183,0.0732600732600733,0.0565934065934066,0.295604395604396
216273.411807,2650866.126422,0.0647231389805647,0.266593325999267,0.000366703337000367,0.288412174550788,0.0966263292995966,0.283278327832783
216773.411807,2650866.126422,0.0595238095238095,0.201831501831502,0.00128205128205128,0.198901098901099,0.0976190476190476,0.440842490842491
217273.411807,2650866.126422,0.103846153846154,0.284981684981685,0.0181318681318681,0.281135531135531,0.0840659340659341,0.227838827838828
217773.411807,2650866.126422,0.092042537587092,0.0559222588925559,0.0121012101210121,0.617161716171617,0.11972863953062,0.103043637697103
218273.411807,2650866.126422,0.604212454212454,0.0184981684981685,0.00347985347985348,0.154395604395604,0.067032967032967,0.152380952380952
218773.411807,2650866.126422,0.788461538461538,0.00128205128205128,0,0.000549450549450549,0.000549450549450549,0.209157509157509
219273.411807,2650866.126422,0.793912724605794,0.00366703337000367,0,0.00183351668500183,0.00385038503850385,0.196736340300697
219773.411807,2650866.126422,0.767032967032967,0.000549450549450549,0,0.00274725274725275,0.00274725274725275,0.226923076923077
220273.411807,2650866.126422,0.298901098901099,0.0206959706959707,0,0.0503663003663004,0.0282051282051282,0.601831501831502
220773.411807,2650866.126422,0.586175284195086,0.0429042904290429,0,0.0122845617895123,0.00898423175650898,0.34965163182985
221273.411807,2650866.126422,0.658424908424908,0.0307692307692308,0,0.0164835164835165,0.0108058608058608,0.283516483516484
221773.411807,2650866.126422,0.682783882783883,0.00970695970695971,0,0.0205128205128205,0.0124542124542125,0.274542124542125
222273.411807,2650866.126422,0.713971397139714,0.0326365969930326,0,0.00275027502750275,0.0011001100110011,0.24954162082875
222773.411807,2650866.126422,0.695604395604396,0.0421245421245421,0,0.00512820512820513,0.00164835164835165,0.255494505494505
223273.411807,2650866.126422,0.443956043956044,0.0434065934065934,0.00146520146520147,0.0582417582417582,0.041025641025641,0.411904761904762
223773.411807,2650866.126422,0.687202053538687,0.0337367070040337,0,0.0099009900990099,0.00806747341400807,0.261092775944261
224273.411807,2650866.126422,0.64010989010989,0.0122710622710623,0,0.0102564102564103,0.00805860805860806,0.329304029304029
212273.411807,2650366.126422,0.311800330335841,0.0308313452009543,0.000183519911910442,0.100385391815012,0.0669847678473114,0.48981464488897
212773.411807,2650366.126422,0.596552356501009,0.00293416467999266,0,0.0328259673574179,0.0196222262974509,0.34806528516413
213273.411807,2650366.126422,0.721458676928715,0.000916254352208173,0,0,0,0.277625068719076
213773.411807,2650366.126422,0.681776472747293,0.00146815929528354,0,0,0,0.316755367957423
214273.411807,2650366.126422,0.417935081606455,0.107280396112232,0.0278745644599303,0.0372272143774069,0.0254905556574363,0.38419218778654
214773.411807,2650366.126422,0.221183800623053,0.081729888216969,0.0320689023272861,0.1412864211105,0.0615722924683892,0.462158695253802
215273.411807,2650366.126422,0.135988254725638,0.16590200036704,0.0143145531290145,0.2407781244265,0.0721233253808038,0.370893741971004
215773.411807,2650366.126422,0.0471300201723822,0.40803227581148,0,0.0304419585549239,0.0269576379974326,0.487438107463781
216273.411807,2650366.126422,0.0445299615173172,0.303646692321789,0.00201575957485798,0.158145501191131,0.0764156129741616,0.415246472420744
216773.411807,2650366.126422,0.0798311616810424,0.217471095613874,0.000183519911910442,0.19104422829877,0.0989172325197284,0.412552761974674
217273.411807,2650366.126422,0.0588666788923528,0.316339629561709,0.00110031175499725,0.109847790207225,0.0614340729873464,0.452411516596369
217773.411807,2650366.126422,0.187648891332234,0.0362836723474437,0.00256551218618288,0.446582371266263,0.116181051859996,0.21073850100788
218273.411807,2650366.126422,0.413286841622316,0.0389062213250138,0.000183519911910442,0.154523765828592,0.103138190493669,0.289961460818499
218773.411807,2650366.126422,0.808545754630479,0,0,0.00201723821749496,0.0022006235099945,0.187236383642032
219273.411807,2650366.126422,0.879970679860729,0,0,0,0,0.120029320139271
219773.411807,2650366.126422,0.918700679023674,0,0,0,0,0.0812993209763259
220273.411807,2650366.126422,0.827801210342931,0.00311754997249221,0,0,0,0.169081239684577
220773.411807,2650366.126422,0.527396005131024,0.0177753344328386,0,0.030602895363753,0.0130108118013561,0.411214953271028
221273.411807,2650366.126422,0.368875022939989,0.044411818682327,0.00183519911910442,0.1036887502294,0.0420260598274913,0.439163149201688
221773.411807,2650366.126422,0.78782321657803,0.0144874381074638,0,0.00256739409499358,0.00146708233999633,0.193654868879516
222273.411807,2650366.126422,0.694704049844237,0.0089792926516401,0,0.00256551218618288,0.00329851566794942,0.290452629649991
222773.411807,2650366.126422,0.636997614241145,0.0172508717195816,0,0.00201871903101487,0.00165167920719398,0.342081115801064
223273.411807,2650366.126422,0.564826700898588,0.0227397762699432,0,0.00385109114249037,0.00183385292499542,0.406748578763983
223773.411807,2650366.126422,0.480667033168408,0.0568077698369067,0,0.0623052959501558,0.0302363936228697,0.36998350742166
224273.411807,2650366.126422,0.468342815195449,0.0387227014131033,0,0.0807487612405946,0.0387227014131033,0.37346302073775
212273.411807,2649866.126422,0.642385321100917,0.00568807339449541,0,0.0181651376146789,0.0128440366972477,0.320917431192661
212773.411807,2649866.126422,0.407081269491836,0.016694184553293,0,0.0816363969913777,0.0473307649972482,0.447257383966245
213273.411807,2649866.126422,0.745054945054945,0.00732600732600733,0,0,0,0.247619047619048
213773.411807,2649866.126422,0.585321100917431,0.00201834862385321,0,0,0,0.412660550458716
214273.411807,2649866.126422,0.594019445973216,0.00311869381764814,0,0.000733810310034856,0.000183452577508714,0.401944597321592
214773.411807,2649866.126422,0.385347985347985,0.0164835164835165,0.00238095238095238,0.0908424908424908,0.0437728937728938,0.461172161172161
215273.411807,2649866.126422,0.112293577981651,0.190275229357798,0.0144954128440367,0.120550458715596,0.0699082568807339,0.492477064220184
215773.411807,2649866.126422,0.101449275362319,0.0594386351128233,0.0181618051733627,0.454778939644102,0.0919097413318657,0.274261603375527
216273.411807,2649866.126422,0.0774725274725275,0.155494505494505,0.0021978021978022,0.131135531135531,0.0694139194139194,0.564285714285714
216773.411807,2649866.126422,0.0346788990825688,0.219266055045872,0.00018348623853211,0.164770642201835,0.103302752293578,0.477798165137615
217273.411807,2649866.126422,0.0532012474775271,0.421390570537516,0.00421940928270042,0.12126215373326,0.0486149330398092,0.351311685929187
217773.411807,2649866.126422,0.0763736263736264,0.0943223443223443,0.000366300366300366,0.408058608058608,0.14981684981685,0.271062271062271
218273.411807,2649866.126422,0.214495412844037,0.0418348623853211,0.0018348623853211,0.333394495412844,0.176697247706422,0.231743119266055
218773.411807,2649866.126422,0.598238855255916,0.00733810310034856,0,0.122179416620804,0.0761328196661163,0.196110805356815
219273.411807,2649866.126422,0.778937728937729,0.00293040293040293,0,0.00842490842490842,0.00897435897435897,0.200732600732601
219773.411807,2649866.126422,0.78,0.000917431192660551,0,0,0,0.219082568807339
220273.411807,2649866.126422,0.856356631810677,0.00421940928270042,0,0.000550357732526142,0.000183452577508714,0.138690148596588
220773.411807,2649866.126422,0.861904761904762,0.00164835164835165,0,0,0,0.136446886446886
221273.411807,2649866.126422,0.808440366972477,0.0192660550458716,0,0,0.00018348623853211,0.172110091743119
221773.411807,2649866.126422,0.549073564483581,0.18547055586131,0,0.00605393505778756,0.00532012474775271,0.254081819849569
222273.411807,2649866.126422,0.787912087912088,0.0119047619047619,0,0.00164835164835165,0.000549450549450549,0.197985347985348
222773.411807,2649866.126422,0.71302752293578,0.0100917431192661,0,0.00055045871559633,0.00055045871559633,0.275779816513761
223273.411807,2649866.126422,0.638598422307833,0.0227481196110805,0.000366905155017428,0.000550357732526142,0.000366905155017428,0.337369290038525
223773.411807,2649866.126422,0.73974358974359,0.00293040293040293,0,0.00183150183150183,0.000549450549450549,0.254945054945055
224273.411807,2649866.126422,0.73651376146789,0.0644036697247706,0,0.0176146788990826,0.00862385321100917,0.172844036697248
212273.411807,2649366.126422,0.713186813186813,0.00805860805860806,0,0.00256410256410256,0.00402930402930403,0.272161172161172
212773.411807,2649366.126422,0.442307692307692,0.0108058608058608,0,0.0417582417582418,0.0316849816849817,0.473443223443223
213273.411807,2649366.126422,0.62046204620462,0.000366703337000367,0,0.00183351668500183,0.00128346167950128,0.376054272093876
213773.411807,2649366.126422,0.72014652014652,0.00494505494505494,0.00183150183150183,0.0021978021978022,0.00274725274725275,0.268131868131868
214273.411807,2649366.126422,0.144688644688645,0.00421245421245421,0.00604395604395604,0.00201465201465201,0.00183150183150183,0.841208791208791
214773.411807,2649366.126422,0.398606527319399,0.00146681334800147,0.000183351668500183,0.00935093509350935,0.00733406674000733,0.583058305830583
215273.411807,2649366.126422,0.257142857142857,0.030952380952381,0,0.14047619047619,0.0695970695970696,0.501831501831502
215773.411807,2649366.126422,0.047985347985348,0.108974358974359,0.0578754578754579,0.331501831501831,0.126556776556777,0.327106227106227
216273.411807,2649366.126422,0.122295562889622,0.0353868720205354,0.015951595159516,0.239273927392739,0.134213421342134,0.452878621195453
216773.411807,2649366.126422,0.052014652014652,0.34047619047619,0,0.131501831501832,0.0882783882783883,0.387728937728938
217273.411807,2649366.126422,0.0282051282051282,0.518681318681319,0.000915750915750916,0.0787545787545788,0.0507326007326007,0.322710622710623
217773.411807,2649366.126422,0.0324532453245325,0.447561422808948,0,0.0557389072240557,0.0430876420975431,0.421158782544921
218273.411807,2649366.126422,0.102014652014652,0.0822344322344322,0.00695970695970696,0.463736263736264,0.106410256410256,0.238644688644689
218773.411807,2649366.126422,0.295970695970696,0.0556776556776557,0.00201465201465201,0.25018315018315,0.167765567765568,0.228388278388278
219273.411807,2649366.126422,0.512651265126513,0.0143014301430143,0.00861752841950862,0.117895122845618,0.100843417675101,0.245691235790246
219773.411807,2649366.126422,0.602197802197802,0.0124542124542125,0.000366300366300366,0.102564102564103,0.0509157509157509,0.231501831501832
220273.411807,2649366.126422,0.802564102564103,0.00293040293040293,0,0.000183150183150183,0.0021978021978022,0.192124542124542
220773.411807,2649366.126422,0.773377337733773,0.00623395672900623,0,0,0,0.22038870553722
221273.411807,2649366.126422,0.825824175824176,0.00347985347985348,0,0,0,0.170695970695971
221773.411807,2649366.126422,0.807326007326007,0.00421245421245421,0.00402930402930403,0.00146520146520147,0.000732600732600733,0.182234432234432
222273.411807,2649366.126422,0.740924092409241,0.0225522552255226,0,0.000183351668500183,0.000366703337000367,0.235973597359736
222773.411807,2649366.126422,0.8,0.00915750915750916,0,0.000183150183150183,0.000183150183150183,0.19047619047619
223273.411807,2649366.126422,0.683516483516484,0.0172161172161172,0,0.00293040293040293,0.00201465201465201,0.294322344322344
223773.411807,2649366.126422,0.777411074440777,0.00165016501650165,0,0.000366703337000367,0.000183351668500183,0.22038870553722
224273.411807,2649366.126422,0.75,0.015018315018315,0,0,0,0.234981684981685
212273.411807,2648866.126422,0.795008258396036,0.00385391815011929,0,0.00146815929528354,0.00238575885483575,0.197283905303725
212773.411807,2648866.126422,0.322024573629195,0.0196222262974509,0,0.059600220062351,0.0460297084173849,0.552723271593618
