"x","y","forest","agri","water","built","other","grass"
225773.411807,2723866.126422,0.000550559735731327,0.0376215819416407,0.287942741787484,0.49807304092494,0.0699210864378785,0.105890989172325
226273.411807,2723866.126422,0.0364936732074088,0.226297450944434,0,0.113515496057216,0.136255272327159,0.487438107463781
226773.411807,2723866.126422,0.0212571009712296,0.146967198094191,0,0.11544804837823,0.0595565328935312,0.656771119662818
227273.411807,2723866.126422,0.105707469260415,0.106074509084236,0.000183519911910442,0.22811525050468,0.123141860891907,0.436777390346853
227773.411807,2723866.126422,0.030808729139923,0.146158078122135,0.00256739409499358,0.384925728956538,0.118466898954704,0.317073170731707
228273.411807,2723866.126422,0.101154480483782,0.104636247022173,0,0.213670514934946,0.146967198094191,0.433571559464907
228773.411807,2723866.126422,0.0957973940172509,0.136355294549459,0.000183519911910442,0.233987887685814,0.149935768030831,0.383740135804735
229273.411807,2723866.126422,0.122868145974693,0.105263157894737,0,0.0823399963322941,0.0658353200073354,0.623693379790941
229773.411807,2723866.126422,0.0775151181968114,0.0681693238042881,0.000366501740883269,0.176653839105736,0.0765988638446033,0.600696353307678
230273.411807,2723866.126422,0.0768948430904753,0.0890071572765645,0.00238575885483575,0.246467241695724,0.108643787850982,0.476601211231419
230773.411807,2723866.126422,0.0836236933797909,0.108564093159729,0,0.362369337979094,0.115165963689712,0.330276911791674
231273.411807,2723866.126422,0.10426974528129,0.118746564046179,0,0.207256734469489,0.115264797507788,0.454462158695254
231773.411807,2723866.126422,0.433841071756286,0.0427601394751331,0.000550559735731327,0.0220223894292531,0.0154156726004772,0.48541016700312
232273.411807,2723866.126422,0.386209426004034,0.0157711351549606,0.00110031175499725,0.0588666788923528,0.0441958554923895,0.493856592701265
232773.411807,2723866.126422,0.499908374564779,0.0311526479750779,0.000183250870441635,0.00824628916987356,0.0119113065787062,0.448598130841121
233273.411807,2723866.126422,0.503578638282254,0.00917599559552211,0,0.0504679757753716,0.0383556615892824,0.39842172875757
233773.411807,2723866.126422,0.759398496240602,0.000916926462497708,0,0.015587749862461,0.0124701998899688,0.211626627544471
234273.411807,2723866.126422,0.444200109950522,0.00494777350192413,0,0.131024372365769,0.0602895363752978,0.359538207806487
234773.411807,2723866.126422,0.353642870251422,0.0515690952468343,0,0.20756102037071,0.0594604514589833,0.32776656267205
235273.411807,2723866.126422,0.44801026957638,0.00183385292499542,0,0.313588850174216,0.0286081056299285,0.20795892169448
235773.411807,2723866.126422,0.563313175737585,0.0120945574491479,0,0.0388491845336265,0.0514934945940993,0.334249587685542
236273.411807,2723866.126422,0.668930078913562,0.0012846393833731,0,0.0370710222059093,0.0491833363919985,0.243530923105157
236773.411807,2723866.126422,0.58004768017605,0.0022006235099945,0,0.0139372822299652,0.0161379057399597,0.387676508344031
237273.411807,2723866.126422,0.800109829763866,0.0266337177375069,0,0,0,0.173256452498627
225773.411807,2723366.126422,0,0,0.935596330275229,0.0644036697247706,0,0
226273.411807,2723366.126422,0.0143093010456797,0.0392588515868648,0.307833425059622,0.444505595303614,0.122362869198312,0.0717299578059072
226773.411807,2723366.126422,0.0278388278388278,0.152564102564103,0.000549450549450549,0.236263736263736,0.0928571428571429,0.48992673992674
227273.411807,2723366.126422,0.169174311926606,0.0891743119266055,0,0.112660550458716,0.0996330275229358,0.529357798165138
227773.411807,2723366.126422,0.0898917629792699,0.1284168042561,0,0.0829205650339387,0.0961291506145661,0.602641717116125
228273.411807,2723366.126422,0.0974358974358974,0.0380952380952381,0.000732600732600733,0.372161172161172,0.139377289377289,0.352197802197802
228773.411807,2723366.126422,0.0739449541284404,0.0172477064220183,0.00146788990825688,0.619082568807339,0.135229357798165,0.15302752293578
229273.411807,2723366.126422,0.0502660062373876,0.086589616584113,0.000550357732526142,0.337552742616034,0.123647037240873,0.401394239589066
229773.411807,2723366.126422,0.0641025641025641,0.165018315018315,0,0.196336996336996,0.11978021978022,0.454761904761905
230273.411807,2723366.126422,0.0974311926605505,0.271009174311927,0,0.132844036697248,0.126422018348624,0.372293577981651
230773.411807,2723366.126422,0.0183452577508714,0.224179049715649,0,0.399926618968997,0.131718950651257,0.225830122913227
231273.411807,2723366.126422,0.0358974358974359,0.0684981684981685,0,0.333516483516483,0.14010989010989,0.421978021978022
231773.411807,2723366.126422,0.0354128440366972,0.204954128440367,0.00073394495412844,0.113577981651376,0.0972477064220184,0.548073394495413
232273.411807,2723366.126422,0.0443955237571088,0.0829205650339387,0,0.192992111539167,0.111722619702807,0.567969179966978
232773.411807,2723366.126422,0.596153846153846,0.00750915750915751,0,0.0179487179487179,0.0157509157509158,0.362637362637363
233273.411807,2723366.126422,0.76697247706422,0.00385321100917431,0,0.00568807339449541,0.00715596330275229,0.216330275229358
233773.411807,2723366.126422,0.423592001467621,0.0165107319757843,0,0.187488534213906,0.117409649605577,0.254999082737112
234273.411807,2723366.126422,0.493956043956044,0.0148351648351648,0,0.041025641025641,0.030952380952381,0.419230769230769
234773.411807,2723366.126422,0.53651376146789,0.00330275229357798,0.0018348623853211,0.035045871559633,0.0177981651376147,0.405504587155963
235273.411807,2723366.126422,0.723170060539351,0.00440286186020914,0,0.0155934690882407,0.0183452577508714,0.238488350761328
235773.411807,2723366.126422,0.712271062271062,0.0141025641025641,0.000183150183150183,0.0205128205128205,0.0188644688644689,0.234065934065934
236273.411807,2723366.126422,0.576697247706422,0.0212844036697248,0,0.0370642201834862,0.0728440366972477,0.292110091743119
236773.411807,2723366.126422,0.654008438818565,0.011557512383049,0,0.00440286186020914,0.00348559897266557,0.326545587965511
237273.411807,2723366.126422,0.701427003293084,0.000823271130625686,0,0.000548847420417124,0.000274423710208562,0.296926454445664
225273.411807,2722866.126422,0.124679134580125,0.0196186285295196,0.0537220388705537,0.386138613861386,0.103960396039604,0.311881188118812
225773.411807,2722866.126422,0.0324175824175824,0.0104395604395604,0.280586080586081,0.541941391941392,0.0807692307692308,0.0538461538461538
226273.411807,2722866.126422,0.0326007326007326,0.0225274725274725,0.275641025641026,0.421794871794872,0.0344322344322344,0.213003663003663
226773.411807,2722866.126422,0.0196186285295196,0.0258525852585259,0.161349468280161,0.664466446644664,0.0762742940960763,0.0524385771910524
227273.411807,2722866.126422,0.0529304029304029,0.052014652014652,0.0901098901098901,0.226373626373626,0.0985347985347985,0.48003663003663
227773.411807,2722866.126422,0.0214285714285714,0.0727106227106227,0,0.142307692307692,0.0833333333333333,0.68021978021978
228273.411807,2722866.126422,0.0544554455445545,0.0311697836450312,0.000183351668500183,0.651081774844151,0.147781444811148,0.115328199486615
228773.411807,2722866.126422,0.0293040293040293,0.0855311355311355,0,0.511172161172161,0.151465201465201,0.222527472527473
229273.411807,2722866.126422,0.0463369963369963,0.0494505494505494,0.00164835164835165,0.642490842490843,0.167399267399267,0.0926739926739927
229773.411807,2722866.126422,0.0496883021635497,0.094976164283095,0,0.253025302530253,0.121928859552622,0.48038137147048
230273.411807,2722866.126422,0.0124542124542125,0.297069597069597,0.000915750915750916,0.176007326007326,0.0934065934065934,0.42014652014652
230773.411807,2722866.126422,0.0214285714285714,0.137179487179487,0,0.216300366300366,0.112087912087912,0.513003663003663
231273.411807,2722866.126422,0.0348368170150348,0.050971763843051,0.000183351668500183,0.523835716905024,0.151448478181151,0.238723872387239
231773.411807,2722866.126422,0.0366300366300366,0.0595238095238095,0.000183150183150183,0.361721611721612,0.176373626373626,0.365567765567766
232273.411807,2722866.126422,0.000549450549450549,0.0749084249084249,0.0249084249084249,0.578754578754579,0.226190476190476,0.0946886446886447
232773.411807,2722866.126422,0.00953428676200953,0.00476714338100477,0,0.584525119178585,0.145397873120645,0.255775577557756
233273.411807,2722866.126422,0.256959706959707,0.0139194139194139,0,0.314285714285714,0.121428571428571,0.293406593406593
233773.411807,2722866.126422,0.249450549450549,0.021978021978022,0,0.0895604395604396,0.0741758241758242,0.564835164835165
234273.411807,2722866.126422,0.33039970663733,0.00751741840850752,0,0.0432709937660433,0.028969563623029,0.58984231756509
234773.411807,2722866.126422,0.554029304029304,0.0021978021978022,0.00494505494505494,0.0463369963369963,0.0227106227106227,0.36978021978022
235273.411807,2722866.126422,0.65018315018315,0.00128205128205128,0,0.00970695970695971,0.0102564102564103,0.328571428571429
235773.411807,2722866.126422,0.625962596259626,0.000366703337000367,0,0.00256692335900257,0.00275027502750275,0.368353502016868
236273.411807,2722866.126422,0.536080586080586,0.00183150183150183,0,0.0750915750915751,0.0774725274725275,0.30952380952381
236773.411807,2722866.126422,0.558058608058608,0.00366300366300366,0.000183150183150183,0.0173992673992674,0.0225274725274725,0.398168498168498
237273.411807,2722866.126422,0.535420098846787,0.00439319055464031,0,0.0109829763866008,0.0178473366282263,0.431356397583745
224773.411807,2722366.126422,0.411823647294589,0.000250501002004008,0,0.1375250501002,0.0177855711422846,0.432615230460922
225273.411807,2722366.126422,0.373465273960051,0.00274876305662452,0,0.00787978742899029,0.00787978742899029,0.608026388125344
225773.411807,2722366.126422,0.507983116168104,0.00220223894292531,0,0.0409249403560286,0.0284455863461186,0.420444118186823
226273.411807,2722366.126422,0.327342747111682,0.01998899688245,0.0922428021272694,0.139006051714652,0.0480469466348799,0.373372455529067
226773.411807,2722366.126422,0.0733003481766538,0.0289536375297783,0.18270111783031,0.45849367784497,0.0527762506871908,0.203774967931098
227273.411807,2722366.126422,0.0554230133969536,0.0583593319875206,0.0774454028262066,0.327032483024408,0.11635162415122,0.365388144613691
227773.411807,2722366.126422,0.0588666788923528,0.0408949202273978,0.209426004034476,0.326059050064185,0.090408949202274,0.274344397579314
228273.411807,2722366.126422,0.0368334249587686,0.0951072017592084,0.222100054975261,0.46857247571926,0.0584570276708814,0.118929814916621
228773.411807,2722366.126422,0.0216553496054322,0.239309965131217,0.0568911726922371,0.538080381721417,0.106441548908057,0.0376215819416407
229273.411807,2722366.126422,0.0251237850724372,0.292316156244269,0.013203741059967,0.404364569961489,0.154227030992114,0.110764716669723
229773.411807,2722366.126422,0.0536925050393989,0.130657870624885,0.00604727872457394,0.310060472787246,0.136888400219901,0.362653472603995
230273.411807,2722366.126422,0.0122958340979996,0.299504496237842,0.00220223894292531,0.0519361350706552,0.0717562855569829,0.562305010093595
230773.411807,2722366.126422,0.00275077938749312,0.186502842472034,0,0.0805061434072987,0.0902255639097744,0.6400146708234
231273.411807,2722366.126422,0.0109950522264981,0.223566061938794,0.00164925783397471,0.227964082829393,0.105919003115265,0.429906542056075
231773.411807,2722366.126422,0.0168838318957607,0.212699577904203,0,0.247935400991008,0.15782712424298,0.364654064966049
232273.411807,2722366.126422,0.0210893086374473,0.110397946084724,0.00275077938749312,0.442508710801394,0.177883733724555,0.245369521364387
232773.411807,2722366.126422,0.0452629649990837,0.0223566061938794,0,0.514201942459227,0.126076598863845,0.292101887483966
233273.411807,2722366.126422,0.276013947513305,0.0209212699577904,0,0.180767113231786,0.0748761240594605,0.447421545237658
233773.411807,2722366.126422,0.353016688061617,0.0410783055198973,0.000916926462497708,0.068402714102329,0.0612506876948469,0.475334678158812
234273.411807,2722366.126422,0.613157412497709,0.0148433205057724,0,0.0181418361737218,0.0155763239875389,0.338281106835257
234773.411807,2722366.126422,0.476417691319508,0.057258212516058,0,0.0761607634428336,0.04147550009176,0.34868783262984
235273.411807,2722366.126422,0.744544287548139,0,0,0.00110031175499725,0.00146708233999633,0.252888318356868
235773.411807,2722366.126422,0.436870075132857,0.000916254352208173,0,0.00439802089059923,0.00384826827927433,0.553967381345061
236273.411807,2722366.126422,0.566709487979446,0.0012846393833731,0,0.0240411084602679,0.0576252523398789,0.350339511837034
236773.411807,2722366.126422,0.450761048963873,0.00715202640748212,0,0.0326425820649184,0.0286081056299285,0.480836236933798
237273.411807,2722366.126422,0.588687534321801,0.00274574409665019,0,0.0159253157605711,0.0170236133992312,0.375617792421746
224773.411807,2721866.126422,0.258016032064128,0.00776553106212425,0.0353206412825651,0.257765531062124,0.0390781563126252,0.402054108216433
225273.411807,2721866.126422,0.355311355311355,0.0128205128205128,0,0.0532967032967033,0.0305860805860806,0.547985347985348
225773.411807,2721866.126422,0.493394495412844,0.00165137614678899,0,0.00293577981651376,0.00275229357798165,0.499266055045872
226273.411807,2721866.126422,0.502843514951385,0.00146762062006971,0,0.00146762062006971,0.00293524124013942,0.491286002568336
226773.411807,2721866.126422,0.529304029304029,0.010989010989011,0,0.0111721611721612,0.0108058608058608,0.437728937728938
227273.411807,2721866.126422,0.281100917431193,0.0392660550458716,0,0.241467889908257,0.102935779816514,0.335229357798165
227773.411807,2721866.126422,0.0794349660612732,0.0429279031370391,0,0.335534764263438,0.149697303247111,0.392405063291139
228273.411807,2721866.126422,0.188827838827839,0.0516483516483516,0,0.114285714285714,0.0710622710622711,0.574175824175824
228773.411807,2721866.126422,0.121834862385321,0.0418348623853211,0.00036697247706422,0.226422018348624,0.0910091743119266,0.518532110091743
229273.411807,2721866.126422,0.157585764079985,0.0511832691249312,0.0355898000366905,0.250229315721886,0.121445606310769,0.383966244725738
229773.411807,2721866.126422,0.0347985347985348,0.0838827838827839,0.144505494505494,0.0794871794871795,0.0602564102564103,0.597069597069597
230273.411807,2721866.126422,0.0176146788990826,0.124036697247706,0,0.15302752293578,0.0710091743119266,0.634311926605505
230773.411807,2721866.126422,0.0201797835259585,0.160887910475142,0,0.15685195376995,0.0862227114290956,0.575857640799853
231273.411807,2721866.126422,0.00750915750915751,0.127838827838828,0.000549450549450549,0.362087912087912,0.115384615384615,0.386630036630037
231773.411807,2721866.126422,0.00990825688073394,0.0407339449541284,0.00458715596330275,0.467155963302752,0.17045871559633,0.307155963302752
232273.411807,2721866.126422,0.0288020546688681,0.127132636213539,0.0253164556962025,0.503944230416437,0.199229499174463,0.11557512383049
232773.411807,2721866.126422,0.0542124542124542,0.128754578754579,0.000183150183150183,0.26996336996337,0.0824175824175824,0.464468864468864
233273.411807,2721866.126422,0.150642201834862,0.0899082568807339,0,0.0904587155963303,0.0638532110091743,0.605137614678899
233773.411807,2721866.126422,0.533847000550358,0.00330214639515685,0.00220143093010457,0.0423775454045129,0.0236653824986241,0.394606494221244
234273.411807,2721866.126422,0.417399267399267,0,0,0.0010989010989011,0.00183150183150183,0.57967032967033
234773.411807,2721866.126422,0.574862385321101,0.00311926605504587,0,0.016697247706422,0.0113761467889908,0.39394495412844
235273.411807,2721866.126422,0.749954136855623,0.000183452577508714,0,0.000366905155017428,0.000550357732526142,0.248945147679325
235773.411807,2721866.126422,0.7003663003663,0,0,0,0,0.2996336996337
236273.411807,2721866.126422,0.589357798165138,0.00587155963302752,0,0.0240366972477064,0.073394495412844,0.307339449541284
236773.411807,2721866.126422,0.727022564667034,0.000366905155017428,0,0.00366905155017428,0.00385250412768299,0.265088974500092
237273.411807,2721866.126422,0.667124039517014,0.0378704720087816,0,0.00466520307354555,0.017563117453348,0.272777167947311
224773.411807,2721366.126422,0.064032016008004,0.0382691345672836,0.0307653826913457,0.460980490245123,0.104052026013007,0.301900950475238
225273.411807,2721366.126422,0.457095709570957,0.0157682434910158,0,0.026952695269527,0.0194352768610194,0.480748074807481
225773.411807,2721366.126422,0.676556776556777,0.0032967032967033,0,0.00274725274725275,0.00128205128205128,0.316117216117216
226273.411807,2721366.126422,0.550732600732601,0.000183150183150183,0,0.0183150183150183,0.00641025641025641,0.424358974358974
226773.411807,2721366.126422,0.767326732673267,0,0,0.00201686835350202,0.0022002200220022,0.228456178951228
227273.411807,2721366.126422,0.288278388278388,0.0366300366300366,0,0.221245421245421,0.10970695970696,0.344139194139194
227773.411807,2721366.126422,0.16043956043956,0.0360805860805861,0,0.0772893772893773,0.0538461538461538,0.672344322344322
228273.411807,2721366.126422,0.206087275394206,0.0119178584525119,0,0.312064539787312,0.0914924825815915,0.378437843784378
228773.411807,2721366.126422,0.405128205128205,0.000915750915750916,0,0.0366300366300366,0.0305860805860806,0.526739926739927
229273.411807,2721366.126422,0.326556776556777,0.00787545787545788,0,0.00750915750915751,0.00714285714285714,0.650915750915751
229773.411807,2721366.126422,0.240740740740741,0.00421708837550422,0,0.0227356068940227,0.0128346167950128,0.71947194719472
230273.411807,2721366.126422,0.0608058608058608,0.0736263736263736,0.039010989010989,0.242307692307692,0.127838827838828,0.456410256410256
230773.411807,2721366.126422,0.0708791208791209,0.0384615384615385,0.0192307692307692,0.388461538461538,0.158974358974359,0.323992673992674
231273.411807,2721366.126422,0.0759075907590759,0.0803080308030803,0.0753575357535754,0.407590759075908,0.121012101210121,0.23982398239824
231773.411807,2721366.126422,0.0117216117216117,0.0683150183150183,0.0408424908424908,0.455128205128205,0.169413919413919,0.254578754578755
232273.411807,2721366.126422,0.0238095238095238,0.0721611721611722,0,0.32014652014652,0.12967032967033,0.454212454212454
232773.411807,2721366.126422,0.0317198386505317,0.0977264393105977,0,0.207737440410708,0.0825082508250825,0.58030803080308
233273.411807,2721366.126422,0.0272893772893773,0.114835164835165,0,0.180769230769231,0.093956043956044,0.583150183150183
233773.411807,2721366.126422,0.00915750915750916,0.179304029304029,0.000183150183150183,0.12032967032967,0.0847985347985348,0.606227106227106
234273.411807,2721366.126422,0.405207187385405,0.0539053905390539,0,0.0432709937660433,0.0441877521085442,0.453428676200953
234773.411807,2721366.126422,0.801282051282051,0.000549450549450549,0,0,0.000549450549450549,0.197619047619048
235273.411807,2721366.126422,0.829120879120879,0,0,0,0,0.170879120879121
235773.411807,2721366.126422,0.771543821048772,0,0,0.0223689035570224,0.0135680234690136,0.192519251925193
236273.411807,2721366.126422,0.59981684981685,0.00128205128205128,0,0.0454212454212454,0.0426739926739927,0.310805860805861
236773.411807,2721366.126422,0.708058608058608,0.000183150183150183,0,0.0168498168498168,0.015018315018315,0.25989010989011
237273.411807,2721366.126422,0.688907193849533,0.000823723228995058,0,0.00768808347062054,0.00466776496430533,0.297913234486546
224773.411807,2720866.126422,0.0608717434869739,0.159819639278557,0.00400801603206413,0.158817635270541,0.0999498997995992,0.516533066132265
225273.411807,2720866.126422,0.308227964082829,0.0177753344328386,0,0.0579072750595565,0.0404984423676012,0.575590984057174
225773.411807,2720866.126422,0.53110662506882,0,0,0,0,0.46889337493118
226273.411807,2720866.126422,0.617641665138456,0.000916926462497708,0,0.0075187969924812,0.00366770584999083,0.370254905556574
226773.411807,2720866.126422,0.44621586952538,0.0194245922668133,0.000183250870441635,0.16254352208173,0.0502107385010079,0.321422026754627
227273.411807,2720866.126422,0.222059093411635,0.00752431638832813,0.00752431638832813,0.29895393650211,0.0886401174527436,0.375298219856854
227773.411807,2720866.126422,0.239134421419402,0.0377773702549056,0.000183385292499542,0.190904089492023,0.0737208875848157,0.458279845956354
228273.411807,2720866.126422,0.13340663368151,0.137071651090343,0,0.135422393256368,0.0734835990470955,0.520615722924684
228773.411807,2720866.126422,0.242980363369426,0.0159662323362085,0,0.0974490732244448,0.0836850798311617,0.559919251238759
229273.411807,2720866.126422,0.330827067669173,0.00403447643498991,0,0.0298918026774253,0.0135705116449661,0.621676141573446
229773.411807,2720866.126422,0.229979842404251,0.00164925783397471,0,0.0469122228330585,0.026571376214037,0.694887300714678
230273.411807,2720866.126422,0.313452009543035,0.0148651128647458,0,0.207193980546889,0.0649660488162966,0.399522848229033
230773.411807,2720866.126422,0.182651751329543,0.0161379057399597,0.00330093526499175,0.561709150926096,0.119200440124702,0.116999816614707
231273.411807,2720866.126422,0.196811434854316,0.0295033901411032,0.00146600696353308,0.422393256367968,0.108118013560564,0.241707898112516
231773.411807,2720866.126422,0.0607450908423564,0.0201871903101487,0,0.664342081115801,0.113782345384474,0.14094329234722
232273.411807,2720866.126422,0.0515312671923712,0.0583165230148542,0.0110031175499725,0.524298551256189,0.214377406931964,0.140473134054649
232773.411807,2720866.126422,0.0623052959501558,0.0520432472054242,0.0241891148982958,0.328568810701851,0.146050943741983,0.386842587502291
233273.411807,2720866.126422,0.0167003119838502,0.0761607634428336,0,0.218388695173426,0.0985501926959075,0.590200036703982
233773.411807,2720866.126422,0.0377773702549056,0.112781954887218,0,0.0592334494773519,0.0649183935448377,0.725288831835687
234273.411807,2720866.126422,0.0575407733186733,0.161993769470405,0,0.16474253252703,0.0989554700384827,0.51676745464541
234773.411807,2720866.126422,0.750045879977978,0.00146815929528354,0.000917599559552211,0.0189025509267756,0.0189025509267756,0.209763259313636
235273.411807,2720866.126422,0.87584815697781,0,0,0,0,0.12415184302219
235773.411807,2720866.126422,0.643210555250137,0.000366501740883269,0,0.0586402785413231,0.0443467106468756,0.253435953820781
236273.411807,2720866.126422,0.649476968251055,0.00789135621214902,0,0.009543035419343,0.0082583960359699,0.324830244081483
236773.411807,2720866.126422,0.849440674857876,0,0,0.00238400880249404,0.00110031175499725,0.147075004584632
237273.411807,2720866.126422,0.872048325096101,0.00466776496430533,0,0.0013728720483251,0.00274574409665019,0.119165293794618
224773.411807,2720366.126422,0.0110220440881764,0.196392785571142,0,0.0478456913827655,0.0914328657314629,0.653306613226453
225273.411807,2720366.126422,0.162087912087912,0.0518315018315018,0,0.111355311355311,0.102564102564103,0.572161172161172
225773.411807,2720366.126422,0.655412844036697,0,0,0.00256880733944954,0.00220183486238532,0.339816513761468
226273.411807,2720366.126422,0.700788846083288,0.000183452577508714,0,0.019262520638415,0.00935608145294441,0.270409099247844
226773.411807,2720366.126422,0.259157509157509,0.0120879120879121,0.00476190476190476,0.427655677655678,0.0793040293040293,0.217032967032967
227273.411807,2720366.126422,0.191009174311927,0.08,0,0.155963302752294,0.0941284403669725,0.478899082568807
227773.411807,2720366.126422,0.688680975967712,0.00330214639515685,0,0.0416437350944781,0.0183452577508714,0.248027884791781
228273.411807,2720366.126422,0.774175824175824,0,0,0,0,0.225824175824176
228773.411807,2720366.126422,0.286788990825688,0.0286238532110092,0,0.0522935779816514,0.0429357798165138,0.589357798165138
229273.411807,2720366.126422,0.28104934874335,0.0629242340854889,0,0.137956338286553,0.0787011557512383,0.43936892313337
229773.411807,2720366.126422,0.386446886446886,0.000915750915750916,0,0.0635531135531135,0.0232600732600733,0.525824175824176
230273.411807,2720366.126422,0.201467889908257,0.0018348623853211,0,0.0572477064220183,0.035045871559633,0.704403669724771
230773.411807,2720366.126422,0.199596404329481,0.015410016510732,0.000733810310034856,0.477710511832691,0.0858558062740782,0.220693450742983
231273.411807,2720366.126422,0.203113553113553,0.0133699633699634,0.000183150183150183,0.241575091575092,0.0952380952380952,0.446520146520147
231773.411807,2720366.126422,0.0515596330275229,0.0535779816513761,0.00275229357798165,0.338899082568807,0.155596330275229,0.397614678899083
232273.411807,2720366.126422,0.06989543203082,0.0344890845716382,0,0.481012658227848,0.14694551458448,0.267657310585214
232773.411807,2720366.126422,0.0771062271062271,0.0435897435897436,0.00952380952380952,0.352197802197802,0.172893772893773,0.344688644688645
233273.411807,2720366.126422,0.0486238532110092,0.143669724770642,0.0128440366972477,0.237064220183486,0.199449541284404,0.358348623853211
233773.411807,2720366.126422,0.0319207484865162,0.0755824619335902,0.137772885709044,0.217758209502844,0.119977985690699,0.416987708677307
234273.411807,2720366.126422,0.0238095238095238,0.122710622710623,0.00970695970695971,0.114835164835165,0.0888278388278388,0.64010989010989
234773.411807,2720366.126422,0.577247706422018,0.0181651376146789,0.00055045871559633,0.0559633027522936,0.0388990825688073,0.309174311926605
235273.411807,2720366.126422,0.811043845166025,0,0,0.000183452577508714,0.000366905155017428,0.188405797101449
235773.411807,2720366.126422,0.588278388278388,0.00164835164835165,0,0.0565934065934066,0.0622710622710623,0.291208791208791
236273.411807,2720366.126422,0.760183486238532,0.00165137614678899,0,0.00770642201834862,0.00899082568807339,0.221467889908257
236773.411807,2720366.126422,0.72610530177949,0.00568702990277013,0,0.00495321959273528,0.00550357732526142,0.257750871399743
237273.411807,2720366.126422,0.806805708013172,0,0,0.015642151481888,0.00878155872667398,0.168770581778266
224773.411807,2719866.126422,0.0200100050025013,0.0240120060030015,0.0115057528764382,0.139319659829915,0.0880440220110055,0.717108554277139
225273.411807,2719866.126422,0.198936560322699,0.0155848918225156,0,0.0733406674000733,0.052988632196553,0.659149248258159
225773.411807,2719866.126422,0.476007326007326,0.0364468864468864,0.000549450549450549,0.0304029304029304,0.0351648351648352,0.421428571428571
226273.411807,2719866.126422,0.462820512820513,0.015018315018315,0,0.0816849816849817,0.0677655677655678,0.372710622710623
226773.411807,2719866.126422,0.37018701870187,0.0465713237990466,0,0.0691235790245691,0.0403373670700403,0.473780711404474
227273.411807,2719866.126422,0.42014652014652,0.0111721611721612,0,0.0846153846153846,0.0393772893772894,0.444688644688645
227773.411807,2719866.126422,0.803113553113553,0,0,0.000366300366300366,0.000183150183150183,0.196336996336996
228273.411807,2719866.126422,0.43050971763843,0.011001100110011,0,0.0410707737440411,0.0388705537220389,0.478547854785479
228773.411807,2719866.126422,0.532783882783883,0.0104395604395604,0,0.0331501831501832,0.0249084249084249,0.398717948717949
229273.411807,2719866.126422,0.518681318681319,0.00805860805860806,0,0.063003663003663,0.0457875457875458,0.364468864468864
229773.411807,2719866.126422,0.401356802346901,0.0126512651265127,0,0.0286028602860286,0.0207187385405207,0.536670333700037
230273.411807,2719866.126422,0.295604395604396,0.0549450549450549,0,0.0272893772893773,0.0194139194139194,0.602747252747253
230773.411807,2719866.126422,0.398351648351648,0.125824175824176,0,0.126556776556777,0.0597069597069597,0.28956043956044
231273.411807,2719866.126422,0.201870187018702,0.01998533186652,0,0.205537220388706,0.151998533186652,0.420608727539421
231773.411807,2719866.126422,0.0163003663003663,0.0505494505494506,0,0.246153846153846,0.12967032967033,0.557326007326007
232273.411807,2719866.126422,0.0307692307692308,0.0346153846153846,0.000183150183150183,0.623809523809524,0.128021978021978,0.182600732600733
232773.411807,2719866.126422,0.026035936927026,0.145581224789146,0,0.118078474514118,0.102310231023102,0.607994132746608
233273.411807,2719866.126422,0.0457875457875458,0.0871794871794872,0,0.157142857142857,0.103113553113553,0.606776556776557
233773.411807,2719866.126422,0.0538461538461538,0.0679487179487179,0,0.186996336996337,0.117582417582418,0.573626373626374
234273.411807,2719866.126422,0.0586725339200587,0.0674734140080675,0.0187018701870187,0.366153281994866,0.159149248258159,0.32984965163183
234773.411807,2719866.126422,0.478205128205128,0.00769230769230769,0.000183150183150183,0.0827838827838828,0.0485347985347985,0.382600732600733
235273.411807,2719866.126422,0.825274725274725,0,0,0.00146520146520147,0.000366300366300366,0.172893772893773
235773.411807,2719866.126422,0.72992299229923,0,0,0.0634396773010634,0.0346534653465347,0.171983865053172
236273.411807,2719866.126422,0.705860805860806,0.000549450549450549,0,0.0225274725274725,0.0322344322344322,0.238827838827839
236773.411807,2719866.126422,0.599450549450549,0.00512820512820513,0,0.0789377289377289,0.0714285714285714,0.245054945054945
237273.411807,2719866.126422,0.541186161449753,0.00411861614497529,0,0.028281164195497,0.0337726523887974,0.392641405820978
224773.411807,2719366.126422,0.0162825651302605,0.164078156312625,0.00100200400801603,0.176352705410822,0.148547094188377,0.4937374749499
225273.411807,2719366.126422,0.178852849551035,0.0544255085211655,0.00128275609309144,0.0802638812534359,0.0643210555250137,0.620853949056258
225773.411807,2719366.126422,0.516975591851716,0.00991007524316388,0,0.0886401174527436,0.04147550009176,0.342998715360617
226273.411807,2719366.126422,0.469466348798826,0.00330093526499175,0,0.130203557674674,0.0513478818998716,0.345681276361636
226773.411807,2719366.126422,0.386842587502291,0.0274876305662452,0.00256551218618288,0.0137438152831226,0.028587135788895,0.540773318673264
227273.411807,2719366.126422,0.406129565057809,0.00679023674068636,0,0.0216553496054322,0.0334006239677005,0.532024224628372
227773.411807,2719366.126422,0.876948468732808,0,0,0,0,0.123051531267192
228273.411807,2719366.126422,0.53472603994869,0.00769653655854865,0,0.0469122228330585,0.0350009162543522,0.375664284405351
228773.411807,2719366.126422,0.804367773903468,0.000367039823820885,0,0.00110111947146265,0.000367039823820885,0.193797026977427
229273.411807,2719366.126422,0.501192004401247,0.00238400880249404,0,0.0368604437924078,0.0205391527599487,0.439024390243902
229773.411807,2719366.126422,0.321055525013744,0.0304196444933113,0,0.10536925050394,0.0905259299981675,0.452629649990837
230273.411807,2719366.126422,0.483574967884015,0.0515690952468343,0,0.0598274912828042,0.0313819049366856,0.37364654064966
230773.411807,2719366.126422,0.537869062901155,0.25618925362186,0,0.00293416467999266,0.00128369704749679,0.201723821749496
231273.411807,2719366.126422,0.268096023456111,0.0450797141286421,0,0.154297232911856,0.0903426791277259,0.442184350375664
231773.411807,2719366.126422,0.114699944944026,0.135804734813727,0,0.118737383006056,0.121490181684713,0.509267755551477
232273.411807,2719366.126422,0.0430955437373923,0.0221896203924445,0.000366770584999083,0.602970841738493,0.117366587199707,0.214010636346965
232773.411807,2719366.126422,0.0274876305662452,0.182334616089426,0,0.124977093641195,0.0969397104636247,0.568260949239509
233273.411807,2719366.126422,0.0189025509267756,0.158928243714443,0,0.153973206092861,0.131033217104056,0.537162782161865
233773.411807,2719366.126422,0.024390243902439,0.110764716669723,0,0.121217678342197,0.135154960572162,0.608472400513479
234273.411807,2719366.126422,0.0426974528129009,0.118013560564413,0.0216236027121129,0.550668865677112,0.206157229246839,0.0608392889866227
234773.411807,2719366.126422,0.170857037988622,0.0332171040557901,0.066801247935401,0.299137456414021,0.164617360983667,0.2653697926225
235273.411807,2719366.126422,0.176966807262058,0.0317256556024207,0.00788556757748029,0.236567027324409,0.101595452044746,0.445259490188887
235773.411807,2719366.126422,0.243540406816932,0.0371999266996518,0.000549752611324904,0.29595015576324,0.0907091808686091,0.332050577240242
236273.411807,2719366.126422,0.370893741971004,0.0133969535694623,0,0.229399889888053,0.132134336575518,0.254175077995963
236773.411807,2719366.126422,0.286997982761783,0.0106363469649734,0.00128369704749679,0.232899321474418,0.14010636346965,0.32807628828168
237273.411807,2719366.126422,0.339923119165294,0.0109829763866008,0,0.269906644700714,0.2166392092257,0.162548050521691
224773.411807,2718866.126422,0.0290581162324649,0.0979458917835671,0.032815631262525,0.154308617234469,0.109468937875752,0.576402805611222
225273.411807,2718866.126422,0.0302197802197802,0.065018315018315,0,0.089010989010989,0.0831501831501831,0.732600732600733
225773.411807,2718866.126422,0.158532110091743,0.0398165137614679,0,0.145321100917431,0.0812844036697248,0.575045871559633
226273.411807,2718866.126422,0.531645569620253,0.000733810310034856,0,0.00293524124013942,0.00220143093010457,0.462483947899468
226773.411807,2718866.126422,0.545054945054945,0,0,0.000183150183150183,0.000915750915750916,0.453846153846154
227273.411807,2718866.126422,0.431743119266055,0.00128440366972477,0,0.00880733944954129,0.0108256880733945,0.547339449541284
227773.411807,2718866.126422,0.733443404879839,0.000183452577508714,0,0.000183452577508714,0.00110071546505228,0.265088974500092
228273.411807,2718866.126422,0.552930402930403,0.00787545787545788,0,0.0173992673992674,0.0163003663003663,0.405494505494505
228773.411807,2718866.126422,0.611743119266055,0.00073394495412844,0,0.00972477064220183,0.00605504587155963,0.371743119266055
229273.411807,2718866.126422,0.627774720234819,0.00238488350761328,0,0.00568702990277013,0.00770500825536599,0.356448358099431
229773.411807,2718866.126422,0.457326007326007,0.0186813186813187,0,0.0276556776556777,0.0267399267399267,0.46959706959707
230273.411807,2718866.126422,0.425871559633028,0.00844036697247706,0,0.11045871559633,0.073394495412844,0.381834862385321
230773.411807,2718866.126422,0.315171528159971,0.011557512383049,0,0.077600440286186,0.0271509814712897,0.568519537699505
231273.411807,2718866.126422,0.039010989010989,0.0578754578754579,0.000549450549450549,0.393040293040293,0.104029304029304,0.405494505494505
231773.411807,2718866.126422,0.0695412844036697,0.0341284403669725,0.00201834862385321,0.414678899082569,0.126605504587156,0.35302752293578
232273.411807,2718866.126422,0.0812694918363603,0.02568336085122,0.00568702990277013,0.621170427444506,0.153182902219776,0.113006787745368
232773.411807,2718866.126422,0.0326007326007326,0.0382783882783883,0.000732600732600733,0.655311355311355,0.128754578754579,0.144322344322344
233273.411807,2718866.126422,0.0159633027522936,0.15045871559633,0,0.239082568807339,0.105688073394495,0.488807339449541
233773.411807,2718866.126422,0.0405430196294258,0.0770500825536599,0,0.419005687029903,0.18253531462117,0.280865896165841
234273.411807,2718866.126422,0.00824175824175824,0.0747252747252747,0.0108058608058608,0.568498168498168,0.277289377289377,0.0604395604395604
234773.411807,2718866.126422,0.0460550458715596,0.016697247706422,0.00018348623853211,0.603853211009174,0.180733944954128,0.152477064220183
235273.411807,2718866.126422,0.214089157952669,0.0143093010456797,0.0078884608328747,0.387084938543387,0.109154283617685,0.267473858007705
235773.411807,2718866.126422,0.391208791208791,0.0100732600732601,0.000366300366300366,0.170695970695971,0.0690476190476191,0.358608058608059
236273.411807,2718866.126422,0.437614678899083,0.0139449541284404,0.00055045871559633,0.117981651376147,0.0856880733944954,0.344220183486239
236773.411807,2718866.126422,0.754723903870849,0.000550357732526142,0,0.0350394423041644,0.0132085855806274,0.196477710511833
237273.411807,2718866.126422,0.783754116355653,0.00137211855104281,0,0.00356750823271131,0.00301866081229418,0.208287596048299
224773.411807,2718366.126422,0.0187593796898449,0.100050025012506,0.00350175087543772,0.0830415207603802,0.147823911955978,0.646823411705853
225273.411807,2718366.126422,0.171433810047671,0.0804913824715805,0,0.0861752841950862,0.0883755042170884,0.573524019068574
225773.411807,2718366.126422,0.279487179487179,0.0243589743589744,0.000183150183150183,0.166300366300366,0.0736263736263736,0.456043956043956
226273.411807,2718366.126422,0.417399267399267,0.00238095238095238,0,0.00934065934065934,0.00732600732600733,0.563553113553114
226773.411807,2718366.126422,0.491565823248992,0.00146681334800147,0,0.00458379171250458,0.0066006600660066,0.495782911624496
227273.411807,2718366.126422,0.541758241758242,0.00512820512820513,0,0.0117216117216117,0.0122710622710623,0.429120879120879
227773.411807,2718366.126422,0.619047619047619,0,0,0.00531135531135531,0.00311355311355311,0.372527472527473
228273.411807,2718366.126422,0.690869086908691,0.00403373670700403,0,0.00183351668500183,0.00238357169050238,0.300880088008801
228773.411807,2718366.126422,0.727838827838828,0.015018315018315,0,0.00750915750915751,0.00769230769230769,0.241941391941392
229273.411807,2718366.126422,0.667582417582418,0.0358974358974359,0,0.00824175824175824,0.0168498168498168,0.271428571428571
229773.411807,2718366.126422,0.501650165016502,0.0088008800880088,0,0.0287862119545288,0.0238357169050238,0.436927026035937
230273.411807,2718366.126422,0.244871794871795,0.00622710622710623,0,0.192673992673993,0.0741758241758242,0.482051282051282
230773.411807,2718366.126422,0.162454212454212,0.0163003663003663,0,0.311172161172161,0.11978021978022,0.39029304029304
231273.411807,2718366.126422,0.0210854418775211,0.0610561056105611,0.00348368170150348,0.647048038137147,0.126145947928126,0.141180784745141
231773.411807,2718366.126422,0.0333333333333333,0.043040293040293,0.0032967032967033,0.693040293040293,0.134798534798535,0.0924908424908425
232273.411807,2718366.126422,0.0327838827838828,0.00641025641025641,0.00183150183150183,0.854029304029304,0.0750915750915751,0.0298534798534799
232773.411807,2718366.126422,0.026035936927026,0.0262192885955262,0.000733406674000733,0.776861019435277,0.114778144481115,0.0553722038870554
233273.411807,2718366.126422,0.0351648351648352,0.0525641025641026,0.000549450549450549,0.54981684981685,0.136996336996337,0.224908424908425
233773.411807,2718366.126422,0.0489010989010989,0.0532967032967033,0,0.13956043956044,0.104578754578755,0.653663003663004
234273.411807,2718366.126422,0.0689402273560689,0.0258525852585259,0.0258525852585259,0.600660066006601,0.148148148148148,0.130546387972131
234773.411807,2718366.126422,0.251465201465201,0.0131868131868132,0,0.231501831501832,0.110622710622711,0.393223443223443
235273.411807,2718366.126422,0.488644688644689,0.00842490842490842,0,0.128388278388278,0.0824175824175824,0.292124542124542
235773.411807,2718366.126422,0.702603593692703,0.00293362669600293,0,0.0276861019435277,0.0337367070040337,0.233039970663733
236273.411807,2718366.126422,0.741025641025641,0.00201465201465201,0,0.0161172161172161,0.0179487179487179,0.222893772893773
236773.411807,2718366.126422,0.837728937728938,0.00787545787545788,0,0.0124542124542125,0.00549450549450549,0.136446886446886
237273.411807,2718366.126422,0.920647995606809,0.000274574409665019,0,0.000549148819330038,0,0.0785282811641955
224773.411807,2717866.126422,0.0463426853707415,0.0866733466933868,0,0.0761523046092184,0.0876753507014028,0.70315631262525
225273.411807,2717866.126422,0.146600696353308,0.112516034451164,0,0.19736118746564,0.105552501374382,0.437969580355507
225773.411807,2717866.126422,0.208295100018352,0.0227564690768948,0.000183519911910442,0.241145164250321,0.0952468342815195,0.432372912461002
226273.411807,2717866.126422,0.716669723088208,0.000183385292499542,0,0.000366770584999083,0.000916926462497708,0.281863194571795
226773.411807,2717866.126422,0.63789628000733,0.000916254352208173,0,0.000366501740883269,0,0.360820963899579
227273.411807,2717866.126422,0.759038355661589,0,0,0,0,0.240961644338411
