"x","y","forest","agri","water","built","other","grass"
237273.411807,2735866.126422,0.114969744803999,0.042620363062352,0.165219679031834,0.480136806103657,0.0715601157590108,0.125493291239148
236773.411807,2735366.126422,0.186020913593836,0.0122913226930838,0.0794349660612732,0.346725371491469,0.108237020730141,0.267290405430196
237273.411807,2735366.126422,0.367341572442808,0.0178806205627136,0,0.156718380226137,0.133315803313174,0.324743623455167
236773.411807,2734866.126422,0.36978021978022,0.00750915750915751,0.00201465201465201,0.182967032967033,0.097985347985348,0.33974358974359
237273.411807,2734866.126422,0.400578642819569,0.0189374013677012,0,0.124408206207259,0.101262493424513,0.354813256180957
236273.411807,2734366.126422,0.280968985134887,0.0420260598274913,0.0660671682877592,0.219306294732979,0.0877225178931914,0.303908974123692
236773.411807,2734366.126422,0.417935081606455,0.0143040528149642,0,0.146158078122135,0.0797726022373006,0.341830185219145
237273.411807,2734366.126422,0.396737700605104,0.00684030518284662,0.000263088660878716,0.27255985267035,0.0847145488029466,0.238884504077874
236273.411807,2733866.126422,0.185688073394495,0.114128440366972,0.0488073394495413,0.124403669724771,0.0842201834862385,0.442752293577982
236773.411807,2733866.126422,0.155751238304898,0.0366905155017428,0.000366905155017428,0.203265455879655,0.144744083654375,0.459181801504311
237273.411807,2733866.126422,0.217722850381278,0.0131475151196424,0,0.356560610044702,0.168288193531423,0.244280830922956
236273.411807,2733366.126422,0.145604395604396,0.0525641025641026,0.00256410256410256,0.0717948717948718,0.0820512820512821,0.645421245421245
236773.411807,2733366.126422,0.0712454212454212,0.0785714285714286,0.000366300366300366,0.222344322344322,0.143223443223443,0.484249084249084
237273.411807,2733366.126422,0.101788532351394,0.0381378221988427,0,0.423198316675434,0.142030510257759,0.29484481851657
235773.411807,2732866.126422,0.175920835623969,0.0284038849184534,0.20065970313359,0.434487813817116,0.0656038116181052,0.0949239508887667
236273.411807,2732866.126422,0.0429436593870435,0.262249954120022,0,0.162048082216921,0.140759772435309,0.391998531840705
236773.411807,2732866.126422,0.0944434256372639,0.130203557674674,0.0390610673024023,0.337612323491656,0.146524848707134,0.25215477718687
237273.411807,2732866.126422,0.166272033675349,0.0344646145751118,0,0.393580636674559,0.152328334648777,0.253354380426204
235773.411807,2732366.126422,0.113736263736264,0.0565934065934066,0.00805860805860806,0.454212454212454,0.149084249084249,0.218315018315018
236273.411807,2732366.126422,0.0662385321100917,0.118715596330275,0,0.453394495412844,0.125321100917431,0.236330275229358
236773.411807,2732366.126422,0.0746651990460466,0.0574206567602275,0.000366905155017428,0.553109521188773,0.129334067143643,0.185103650706292
237273.411807,2732366.126422,0.0878254009992111,0.145148566920852,0.00315540362871417,0.464896134630555,0.118327636076781,0.180646857743886
235273.411807,2731866.126422,0.456776556776557,0.0507326007326007,0.0010989010989011,0.177472527472527,0.0943223443223443,0.21959706959707
235773.411807,2731866.126422,0.0229189585625229,0.201136780344701,0.00128346167950128,0.437843784378438,0.137697103043638,0.199119911991199
236273.411807,2731866.126422,0.0465201465201465,0.118498168498168,0.0010989010989011,0.360805860805861,0.195604395604396,0.277472527472527
236773.411807,2731866.126422,0.0163003663003663,0.11996336996337,0.00659340659340659,0.622161172161172,0.0985347985347985,0.136446886446886
237273.411807,2731866.126422,0.0470804839558127,0.0189374013677012,0.00131509731720147,0.770384008416623,0.127038400841662,0.0352446081009995
234773.411807,2731366.126422,0.642136171774638,0.017434391631492,0.00183519911910442,0.115066984767847,0.0489998164800881,0.174527436226831
235273.411807,2731366.126422,0.0537318907023657,0.221346048046947,0.00110031175499725,0.294700165046763,0.12818631945718,0.300935264991748
235773.411807,2731366.126422,0.0487447315374748,0.0775151181968114,0.00256551218618288,0.5224482316291,0.172439069085578,0.176287337364852
236273.411807,2731366.126422,0.108460267939071,0.0611121306661773,0.00146815929528354,0.457148100568912,0.205175261515874,0.166636080014682
236773.411807,2731366.126422,0.0524481936548689,0.0291582615074271,0.00495140289748762,0.726939299468183,0.134238034109664,0.0522648083623693
237273.411807,2731366.126422,0.0394632991318074,0.0236779794790845,0.0065772165219679,0.771902131018153,0.130491975795843,0.0278873980531439
234273.411807,2730866.126422,0.489377289377289,0.0932234432234432,0,0.0282051282051282,0.0362637362637363,0.352930402930403
234773.411807,2730866.126422,0.0961467889908257,0.0937614678899083,0.000917431192660551,0.240733944954128,0.106238532110092,0.462201834862385
235273.411807,2730866.126422,0.0546688680975968,0.2568336085122,0,0.284351495138507,0.150247660979637,0.25389836727206
235773.411807,2730866.126422,0.116483516483516,0.0512820512820513,0,0.226923076923077,0.144139194139194,0.461172161172161
236273.411807,2730866.126422,0.0570642201834862,0.0337614678899083,0.00256880733944954,0.637247706422018,0.114495412844037,0.154862385321101
236773.411807,2730866.126422,0.0535681526325445,0.0348559897266557,0.00385250412768299,0.682810493487434,0.1726288754357,0.0522839845899835
237273.411807,2730866.126422,0.0741519852747831,0.0212989744938207,0.00105180120957139,0.702603207993689,0.165658690507494,0.0352353405206416
233273.411807,2730366.126422,0.284065934065934,0.00201465201465201,0.308424908424908,0.282783882783883,0.015018315018315,0.107692307692308
233773.411807,2730366.126422,0.409157509157509,0.139194139194139,0,0.0289377289377289,0.0512820512820513,0.371428571428571
234273.411807,2730366.126422,0.024019068573524,0.389438943894389,0,0.0672900623395673,0.0218188485515218,0.497433076640997
234773.411807,2730366.126422,0.0265567765567766,0.232783882783883,0,0.21996336996337,0.116483516483516,0.404212454212454
235273.411807,2730366.126422,0.0756410256410256,0.117948717948718,0.000366300366300366,0.216300366300366,0.145604395604396,0.444139194139194
235773.411807,2730366.126422,0.048954895489549,0.137513751375138,0.00403373670700403,0.233590025669234,0.133663366336634,0.442244224422442
236273.411807,2730366.126422,0.0554945054945055,0.0847985347985348,0.00146520146520147,0.515384615384615,0.122161172161172,0.220695970695971
236773.411807,2730366.126422,0.0424908424908425,0.0723443223443224,0.00128205128205128,0.549450549450549,0.128388278388278,0.206043956043956
237273.411807,2730366.126422,0.0615465544450289,0.0486586007364545,0,0.595476065228827,0.0941609679116255,0.200157811678064
233273.411807,2729866.126422,0.633694255826757,0.0357863828225362,0.0113782345384474,0.0275279867865663,0.0456964580657001,0.245916681959993
233773.411807,2729866.126422,0.0330093526499175,0.243352283146892,0,0.0803227581147992,0.035209976159912,0.60810562992848
234273.411807,2729866.126422,0.0236393622869709,0.219168041048195,0,0.0960234561114165,0.0727505955653289,0.588418544988089
234773.411807,2729866.126422,0.0108276748027161,0.224628372178381,0,0.134520095430354,0.0901082767480272,0.539915580840521
235273.411807,2729866.126422,0.0313588850174216,0.137722354667156,0.000183385292499542,0.0861910874747845,0.0854575463047864,0.659086741243352
235773.411807,2729866.126422,0.0542422576507238,0.135055891515485,0.00109950522264981,0.330218068535826,0.127359354956936,0.35202492211838
236273.411807,2729866.126422,0.0579922921636998,0.139291613140026,0.000734079647641769,0.455312901449807,0.14920168838319,0.197467425215636
236773.411807,2729866.126422,0.0625343847423437,0.132954337062168,0.0022006235099945,0.303502659086741,0.0951769668072621,0.403631028791491
237273.411807,2729866.126422,0.0434096290449882,0.118389897395422,0.00184162062615101,0.553801631149697,0.131544330439358,0.151012891344383
232773.411807,2729366.126422,0.00274725274725275,0.0010989010989011,0.644688644688645,0.325274725274725,0.0214285714285714,0.00476190476190476
233273.411807,2729366.126422,0.011743119266055,0.0267889908256881,0.39651376146789,0.349908256880734,0.0664220183486239,0.148623853211009
233773.411807,2729366.126422,0.0469638598422308,0.060906255732893,0.000550357732526142,0.112089524857824,0.0680609062557329,0.711429095578793
234273.411807,2729366.126422,0.0844322344322344,0.250915750915751,0,0.0278388278388278,0.052014652014652,0.584798534798535
234773.411807,2729366.126422,0.0434862385321101,0.224770642201835,0,0.215412844036697,0.0913761467889908,0.424954128440367
235273.411807,2729366.126422,0.023115024766098,0.208035222894882,0.001284168042561,0.232801320858558,0.151715281599706,0.383048981838195
235773.411807,2729366.126422,0.0543956043956044,0.2,0,0.248717948717949,0.139194139194139,0.357692307692308
236273.411807,2729366.126422,0.0598165137614679,0.177064220183486,0,0.191743119266055,0.104954128440367,0.466422018348624
236773.411807,2729366.126422,0.115024766097964,0.0952118877270226,0,0.117776554760594,0.0829205650339387,0.589066226380481
237273.411807,2729366.126422,0.051801209571391,0.143307914804102,0,0.190638969234815,0.171443597160137,0.442808309229556
230773.411807,2728866.126422,0.08003663003663,0.00457875457875458,0.121245421245421,0.364285714285714,0.0776556776556777,0.352197802197802
231273.411807,2728866.126422,0.381188118811881,0.015034836817015,0.0135680234690136,0.170883755042171,0.0650898423175651,0.354235423542354
231773.411807,2728866.126422,0.441758241758242,0.0122710622710623,0.000183150183150183,0.0454212454212454,0.0891941391941392,0.411172161172161
232273.411807,2728866.126422,0.215384615384615,0.0725274725274725,0.00622710622710623,0.131135531135531,0.0542124542124542,0.520512820512821
232773.411807,2728866.126422,0.214888155482215,0.013017968463513,0.00953428676200953,0.285111844517785,0.0944261092775944,0.383021635496883
233273.411807,2728866.126422,0.0893772893772894,0.00732600732600733,0.522344322344322,0.171794871794872,0.0326007326007326,0.176556776556777
233773.411807,2728866.126422,0.0468864468864469,0.0179487179487179,0.388644688644689,0.312271062271062,0.0468864468864469,0.187362637362637
234273.411807,2728866.126422,0.145397873120645,0.066006600660066,0.0485881921525486,0.201320132013201,0.147231389805647,0.391455812247891
234773.411807,2728866.126422,0.0230769230769231,0.26025641025641,0,0.108058608058608,0.130769230769231,0.477838827838828
235273.411807,2728866.126422,0.021978021978022,0.54981684981685,0.00128205128205128,0.107326007326007,0.0796703296703297,0.23992673992674
235773.411807,2728866.126422,0.0386872020535387,0.111477814448111,0.000183351668500183,0.51008434176751,0.106343967730106,0.233223322332233
236273.411807,2728866.126422,0.0571428571428571,0.0426739926739927,0.121794871794872,0.344871794871795,0.0802197802197802,0.353296703296703
236773.411807,2728866.126422,0.13974358974359,0.0534798534798535,0.0761904761904762,0.309157509157509,0.0489010989010989,0.372527472527473
237273.411807,2728866.126422,0.0994213571804314,0.0554971067859022,0.0405049973698054,0.341136244082062,0.0554971067859022,0.407943187795897
228273.411807,2728366.126422,0,0.0474619754443834,0.167124793842771,0.354590434304563,0.0934579439252336,0.337364852483049
228773.411807,2728366.126422,0.00275279867865663,0.0124793540099101,0.170673518076711,0.17856487428886,0.0680858873187741,0.567443567627088
229273.411807,2728366.126422,0.0766550522648084,0.00843572345497891,0.0651017788373372,0.150559325142124,0.0546488171648634,0.644599303135889
229773.411807,2728366.126422,0.41139820414147,0.000549752611324904,0,0.0753161077515118,0.0399486897562763,0.472787245739417
230273.411807,2728366.126422,0.379886217654615,0.00862543585979079,0,0.0225729491649844,0.0313819049366856,0.557533492383924
230773.411807,2728366.126422,0.1599119750596,0.133687878232166,0.000550155877498625,0.0386942967174033,0.037593984962406,0.629561709150926
231273.411807,2728366.126422,0.024555616639179,0.101887483965549,0,0.0914421843503757,0.0842954004031519,0.697819314641745
231773.411807,2728366.126422,0.147182969352175,0.0574417324279684,0,0.141310332171041,0.179298953936502,0.474766012112314
232273.411807,2728366.126422,0.229965156794425,0.0113698881349716,0,0.110581331377224,0.118650284247203,0.529433339446176
232773.411807,2728366.126422,0.784496976360638,0,0,0,0,0.215503023639362
233273.411807,2728366.126422,0.259680675353276,0.0289961460818499,0,0.0919434758671316,0.0930445953385942,0.526335107359148
233773.411807,2728366.126422,0.161195672107097,0.0232899321474418,0.214377406931964,0.256739409499358,0.0847240051347882,0.259673574179351
234273.411807,2728366.126422,0.00183250870441635,0.00659703133589885,0.273410298698919,0.696903060289536,0.0168590800806304,0.00439802089059923
234773.411807,2728366.126422,0.0126628739218205,0.00697375665259681,0.204074142044412,0.695723986052487,0.0317489447605065,0.0488162965681776
235273.411807,2728366.126422,0.0229231615624427,0.249954153676875,0.00201723821749496,0.32404181184669,0.0878415551072804,0.313222079589217
235773.411807,2728366.126422,0.0254718709913872,0.319956019791094,0,0.0415979475902511,0.0894264247755177,0.52354773685175
236273.411807,2728366.126422,0.0126628739218205,0.146999449440264,0.000183519911910442,0.0961644338410718,0.170489998164801,0.573499724720132
236773.411807,2728366.126422,0.0623509994498441,0.452411516596369,0.00128369704749679,0.0566660553823583,0.0346598202824134,0.392627911241518
237273.411807,2728366.126422,0.0773480662983425,0.162062615101289,0,0.445146014206788,0.128387266508813,0.187056037884767
227773.411807,2727866.126422,0.0574206567602275,0.0777838928636947,0.0565033938726839,0.194643184736746,0.12126215373326,0.492386718033388
228273.411807,2727866.126422,0.0417582417582418,0.0758241758241758,0,0.0111721611721612,0.0990842490842491,0.772161172161172
228773.411807,2727866.126422,0.338165137614679,0.00825688073394495,0,0.00330275229357798,0.0220183486238532,0.628256880733945
229273.411807,2727866.126422,0.744450559530361,0,0,0,0,0.255549440469639
229773.411807,2727866.126422,0.39047619047619,0.00183150183150183,0,0,0.00183150183150183,0.605860805860806
230273.411807,2727866.126422,0.0609174311926605,0.0721100917431193,0,0.00201834862385321,0.0141284403669725,0.850825688073395
230773.411807,2727866.126422,0.0618235186204366,0.172078517703174,0.000183452577508714,0.11263988259035,0.0875068794716566,0.565767749036874
231273.411807,2727866.126422,0.0216117216117216,0.0785714285714286,0,0.15989010989011,0.158424908424908,0.581501831501832
231773.411807,2727866.126422,0.262018348623853,0.066605504587156,0,0.00844036697247706,0.053394495412844,0.60954128440367
232273.411807,2727866.126422,0.341405246743717,0.00697119794533113,0,0.0110071546505228,0.0286186020913594,0.61199779856907
232773.411807,2727866.126422,0.675824175824176,0.00512820512820513,0,0.00128205128205128,0.00146520146520147,0.316300366300366
233273.411807,2727866.126422,0.154862385321101,0.136330275229358,0,0.0286238532110092,0.0425688073394495,0.637614678899083
233773.411807,2727866.126422,0.194643184736746,0.0113740598055403,0,0.111172261970281,0.0836543753439736,0.59915611814346
234273.411807,2727866.126422,0.363369963369963,0.257142857142857,0.0108058608058608,0.0771062271062271,0.0776556776556777,0.213919413919414
234773.411807,2727866.126422,0.0722935779816514,0.64348623853211,0,0.0343119266055046,0.0222018348623853,0.227706422018349
235273.411807,2727866.126422,0.011557512383049,0.377178499357916,0,0.0286186020913594,0.0746651990460466,0.507980187121629
235773.411807,2727866.126422,0.149267399267399,0.242673992673993,0,0.104578754578755,0.128571428571429,0.374908424908425
236273.411807,2727866.126422,0.100183486238532,0.0908256880733945,0.00055045871559633,0.431926605504587,0.168256880733945,0.208256880733945
236773.411807,2727866.126422,0.0438451660245826,0.13410383415887,0.0207301412584847,0.234819299211154,0.109521188772702,0.456980370574207
237273.411807,2727866.126422,0.0875624506968183,0.183013410465422,0,0.48750986063634,0.108335524585853,0.133578753615567
227273.411807,2727366.126422,0.0617216117216117,0.0216117216117216,0.0490842490842491,0.437545787545788,0.129487179487179,0.300549450549451
227773.411807,2727366.126422,0.0435897435897436,0.0789377289377289,0,0.123076923076923,0.159157509157509,0.595238095238095
228273.411807,2727366.126422,0.0122845617895123,0.0698569856985699,0,0.0636230289695636,0.148148148148148,0.706087275394206
228773.411807,2727366.126422,0.125274725274725,0.0941391941391941,0,0.0853479853479854,0.0811355311355311,0.614102564102564
229273.411807,2727366.126422,0.116117216117216,0.107142857142857,0,0.0785714285714286,0.0833333333333333,0.614835164835165
229773.411807,2727366.126422,0.314081408140814,0.033003300330033,0,0.0407040704070407,0.0383204987165383,0.573890722405574
230273.411807,2727366.126422,0.0375457875457875,0.105128205128205,0,0.080952380952381,0.0498168498168498,0.726556776556777
230773.411807,2727366.126422,0.0461538461538462,0.0855311355311355,0,0.0864468864468864,0.0842490842490843,0.697619047619048
231273.411807,2727366.126422,0.0641730839750642,0.0883755042170884,0,0.0595892922625596,0.0863586358635864,0.701503483681701
231773.411807,2727366.126422,0.163186813186813,0.0798534798534798,0,0.0217948717948718,0.0754578754578755,0.65970695970696
232273.411807,2727366.126422,0.26996336996337,0.0950549450549451,0,0.0245421245421245,0.0545787545787546,0.555860805860806
232773.411807,2727366.126422,0.375870920425376,0.0212687935460213,0,0.00935093509350935,0.0188852218555189,0.574624129079575
233273.411807,2727366.126422,0.173809523809524,0.0395604395604396,0,0.154578754578755,0.0721611721611722,0.55989010989011
233773.411807,2727366.126422,0.33974358974359,0.0238095238095238,0,0.0252747252747253,0.0311355311355311,0.58003663003663
234273.411807,2727366.126422,0.5997433076641,0.213054638797213,0,0.0438210487715438,0.0531719838650532,0.0902090209020902
234773.411807,2727366.126422,0.493040293040293,0.397802197802198,0,0.0401098901098901,0.0364468864468864,0.0326007326007326
235273.411807,2727366.126422,0.462087912087912,0.166849816849817,0,0.084981684981685,0.0586080586080586,0.227472527472527
235773.411807,2727366.126422,0.611477814448111,0.0282361569490282,0,0.0104510451045105,0.0242024202420242,0.325632563256326
236273.411807,2727366.126422,0.362820512820513,0.00677655677655678,0.00146520146520147,0.307142857142857,0.0798534798534798,0.241941391941392
236773.411807,2727366.126422,0.0838827838827839,0.146153846153846,0.0120879120879121,0.26978021978022,0.0901098901098901,0.397985347985348
237273.411807,2727366.126422,0.0381378221988427,0.133087848500789,0.00184113624408206,0.198579694897422,0.134928984744871,0.493424513413993
226773.411807,2726866.126422,0.0106285504856148,0.0153930731170973,0.14018691588785,0.689756276342313,0.0756826094923951,0.0683525746747297
227273.411807,2726866.126422,0.0322995044962378,0.0726738851165352,0,0.305193613507066,0.177280234905487,0.412552761974674
227773.411807,2726866.126422,0.0253071703649367,0.0781221346048047,0,0.0474967907573813,0.126352466532184,0.722721437740693
228273.411807,2726866.126422,0.00916254352208173,0.0234561114165292,0,0.0197910940076965,0.055158512002932,0.89243173905076
228773.411807,2726866.126422,0.0956138741053404,0.124793540099101,0,0.0434942191227748,0.0978161130482657,0.638282253624518
229273.411807,2726866.126422,0.0474967907573813,0.0821566110397946,0,0.105079772602237,0.112965340179718,0.652301485420869
229773.411807,2726866.126422,0.0408649441084845,0.142202675462708,0,0.136705149349459,0.0951072017592084,0.585120029320139
230273.411807,2726866.126422,0.104055790053221,0.146999449440264,0,0.116718663975041,0.0824004404477886,0.549825656083685
230773.411807,2726866.126422,0.10819732257473,0.142673757564643,0,0.138272510544654,0.154593801577114,0.456262607738859
231273.411807,2726866.126422,0.0492944841487997,0.197177936595199,0,0.0787978742899029,0.0861279091075683,0.58860179585853
231773.411807,2726866.126422,0.0526702147182969,0.0759772435309231,0,0.0447788585061479,0.0924940356028629,0.734079647641769
232273.411807,2726866.126422,0.278378874014304,0.301302035576747,0,0.028791490922428,0.0489638730973776,0.342563726389144
232773.411807,2726866.126422,0.160161260765989,0.15466373465274,0,0.351658420377497,0.0705515851200293,0.262964999083746
233273.411807,2726866.126422,0.256193797026977,0.0144980730409249,0,0.085887318774087,0.0886401174527436,0.554780693705267
233773.411807,2726866.126422,0.62809462681093,0.0759215110948102,0,0.00201723821749496,0.00421786172748946,0.289748762149276
234273.411807,2726866.126422,0.367417995235477,0.289353124427341,0,0.0760491112332784,0.0775151181968114,0.189664650907092
234773.411807,2726866.126422,0.361534226463571,0.0691870067902367,0,0.02073775004588,0.0598274912828042,0.488713525417508
235273.411807,2726866.126422,0.637080506143407,0.0137538969374656,0,0.00110031175499725,0.00385109114249037,0.344214194021639
235773.411807,2726866.126422,0.638812534359538,0.0130108118013561,0,0.000733003481766538,0.00733003481766538,0.340113615539674
236273.411807,2726866.126422,0.355845109194348,0.0240411084602679,0.000183519911910442,0.0537713341897596,0.0754266837951918,0.490732244448523
236773.411807,2726866.126422,0.493673207408766,0.0320924261874198,0,0.0891252521547772,0.0603337612323492,0.324775353016688
237273.411807,2726866.126422,0.170744540910287,0.0439358063667456,0.0065772165219679,0.322020520915549,0.147855827413838,0.308866087871613
226273.411807,2726366.126422,0.0398092093193909,0.0242157402311502,0.0251330031186938,0.508713997431664,0.0210970464135021,0.381031003485599
226773.411807,2726366.126422,0.0117216117216117,0.0683150183150183,0,0.0835164835164835,0.101098901098901,0.735347985347985
227273.411807,2726366.126422,0.028256880733945,0.0530275229357798,0,0.0328440366972477,0.0642201834862385,0.821651376146789
227773.411807,2726366.126422,0.0124747752705926,0.184736745551275,0,0.0198128783709411,0.0838378279214823,0.699137772885709
228273.411807,2726366.126422,0.017032967032967,0.0505494505494506,0,0.0267399267399267,0.0727106227106227,0.832967032967033
228773.411807,2726366.126422,0.0159633027522936,0.176146788990826,0,0.110091743119266,0.0755963302752294,0.622201834862385
229273.411807,2726366.126422,0.0277013392038158,0.144193725921849,0,0.147495872317006,0.0678774536782242,0.612731608879105
229773.411807,2726366.126422,0.0203296703296703,0.284981684981685,0,0.123443223443223,0.114468864468864,0.456776556776557
230273.411807,2726366.126422,0.0521100917431193,0.0570642201834862,0,0.300366972477064,0.128807339449541,0.461651376146789
230773.411807,2726366.126422,0.121812511465786,0.0856723536965694,0.000183452577508714,0.144193725921849,0.101816180517336,0.54632177582095
231273.411807,2726366.126422,0.0490842490842491,0.296520146520147,0,0.0212454212454212,0.0412087912087912,0.591941391941392
231773.411807,2726366.126422,0.0579816513761468,0.198165137614679,0,0.0480733944954128,0.0623853211009174,0.633394495412844
232273.411807,2726366.126422,0.312052834342323,0.121629058888277,0.000366905155017428,0.066042927903137,0.0357732526141992,0.464135021097046
232773.411807,2726366.126422,0.190659340659341,0.182417582417582,0,0.285531135531136,0.0787545787545788,0.262637362637363
233273.411807,2726366.126422,0.200366972477064,0.0614678899082569,0,0.0111926605504587,0.0163302752293578,0.710642201834862
233773.411807,2726366.126422,0.345808108603926,0.237571087873785,0,0.0311869381764814,0.0576041093377362,0.327829756008072
234273.411807,2726366.126422,0.638278388278388,0.198351648351648,0,0.0113553113553114,0.026007326007326,0.126007326007326
234773.411807,2726366.126422,0.41743119266055,0.0429357798165138,0,0.00660550458715596,0.0159633027522936,0.517064220183486
235273.411807,2726366.126422,0.437717849935792,0.0232984773436067,0,0.00605393505778756,0.0185287103283801,0.514401027334434
235773.411807,2726366.126422,0.307326007326007,0.0721611721611722,0,0.0304029304029304,0.041025641025641,0.549084249084249
236273.411807,2726366.126422,0.596146788990826,0.00220183486238532,0,0.0198165137614679,0.0128440366972477,0.368990825688073
236773.411807,2726366.126422,0.215006420840213,0.00843881856540084,0.00091726288754357,0.288020546688681,0.149880755824619,0.337736195193542
237273.411807,2726366.126422,0.193268472258743,0.00894031028135682,0,0.333158033131738,0.0891401525111754,0.375493031816987
226273.411807,2725866.126422,0.0684981684981685,0.132234432234432,0.000366300366300366,0.0223443223443223,0.0836996336996337,0.692857142857143
226773.411807,2725866.126422,0.0238357169050238,0.127979464613128,0,0.0491382471580491,0.119178584525119,0.67986798679868
227273.411807,2725866.126422,0.0186813186813187,0.078021978021978,0,0.0223443223443223,0.0789377289377289,0.802014652014652
227773.411807,2725866.126422,0.0139194139194139,0.0679487179487179,0,0.0163003663003663,0.0644688644688645,0.837362637362637
228273.411807,2725866.126422,0.0214521452145215,0.169416941694169,0,0.154198753208654,0.088008800880088,0.566923359002567
228773.411807,2725866.126422,0.00952380952380952,0.245787545787546,0,0.015018315018315,0.0619047619047619,0.667765567765568
229273.411807,2725866.126422,0.0598901098901099,0.186996336996337,0,0.0397435897435897,0.10970695970696,0.603663003663004
229773.411807,2725866.126422,0.0190685735240191,0.291345801246791,0,0.0445544554455446,0.0606894022735607,0.584341767510084
230273.411807,2725866.126422,0.052014652014652,0.272527472527473,0,0.0591575091575092,0.0534798534798535,0.562820512820513
230773.411807,2725866.126422,0.0926739926739927,0.179487179487179,0,0.0529304029304029,0.08003663003663,0.594871794871795
231273.411807,2725866.126422,0.101943527686102,0.193252658599193,0,0.0407040704070407,0.0760909424275761,0.588008800880088
231773.411807,2725866.126422,0.116117216117216,0.151282051282051,0,0.107509157509158,0.109157509157509,0.515934065934066
232273.411807,2725866.126422,0.319413919413919,0.27032967032967,0,0.00677655677655678,0.0197802197802198,0.383699633699634
232773.411807,2725866.126422,0.127246057939127,0.0225522552255226,0,0.112761276127613,0.147231389805647,0.59020902090209
233273.411807,2725866.126422,0.32014652014652,0.460805860805861,0,0.00476190476190476,0.00512820512820513,0.209157509157509
233773.411807,2725866.126422,0.391941391941392,0.588095238095238,0.000183150183150183,0.00549450549450549,0.0010989010989011,0.0131868131868132
234273.411807,2725866.126422,0.792445911257792,0.149431609827649,0,0.00898423175650898,0.000733406674000733,0.0484048404840484
234773.411807,2725866.126422,0.61959706959707,0.0021978021978022,0,0.013003663003663,0.01996336996337,0.345238095238095
235273.411807,2725866.126422,0.59029304029304,0.00293040293040293,0,0.00384615384615385,0.0104395604395604,0.392490842490842
235773.411807,2725866.126422,0.375687568756876,0.0113678034470114,0.000366703337000367,0.0166850018335167,0.0315364869820315,0.564356435643564
236273.411807,2725866.126422,0.374908424908425,0.00805860805860806,0,0.268315018315018,0.122710622710623,0.226007326007326
236773.411807,2725866.126422,0.435531135531136,0.00567765567765568,0,0.129120879120879,0.0620879120879121,0.367582417582418
237273.411807,2725866.126422,0.254076801683325,0.0244608100999474,0,0.137559179379274,0.088374539715939,0.495528669121515
226273.411807,2725366.126422,0.0401613790573996,0.0931597285897671,0,0.34403080872914,0.166147075004585,0.356501008619109
226773.411807,2725366.126422,0.0227231079347627,0.251603445116364,0,0.0395821880153931,0.124244090159428,0.561847168774052
227273.411807,2725366.126422,0.0405579005322077,0.138741053404294,0,0.0247751881079097,0.0906588364837585,0.70526702147183
227773.411807,2725366.126422,0.0203557674674491,0.0806895286997983,0,0.107647166697231,0.0489638730973776,0.742343664038144
228273.411807,2725366.126422,0.0196078431372549,0.161627267729522,0,0.0256551218618288,0.0520432472054242,0.74106652006597
228773.411807,2725366.126422,0.0189025509267756,0.339144797210497,0,0.0390897412369242,0.04147550009176,0.561387410534043
229273.411807,2725366.126422,0.0231065468549422,0.326242435356684,0,0.0667522464698331,0.0889418668622776,0.494956904456263
229773.411807,2725366.126422,0.0480117280557083,0.120395821880154,0,0.0934579439252336,0.0962067069818582,0.641927799157046
230273.411807,2725366.126422,0.109744907322444,0.100935951550743,0,0.122591301156175,0.130115617544504,0.536612222426133
230773.411807,2725366.126422,0.0322758114799193,0.263157894736842,0,0.011186502842472,0.0275077938749312,0.665871997065835
231273.411807,2725366.126422,0.0874106652006597,0.0945574491478835,0.000183250870441635,0.16364302730438,0.106652006597031,0.547553600879604
231773.411807,2725366.126422,0.105890989172325,0.17416039640301,0,0.23251972839053,0.104606349788952,0.382822536245183
232273.411807,2725366.126422,0.317623326609206,0.179350816064552,0,0.341463414634146,0.0390610673024023,0.122501375389694
232773.411807,2725366.126422,0.145317940260216,0.0980392156862745,0,0.0214403518416712,0.0408649441084845,0.694337548103353
233273.411807,2725366.126422,0.384841255276197,0.363919985318407,0,0.0205542301339695,0.0350523031748945,0.195632226096531
233773.411807,2725366.126422,0.417568311021456,0.520630845406198,0,0.00256739409499358,0.00550155877498625,0.0537318907023657
234273.411807,2725366.126422,0.506871907641561,0.406816932380429,0,0.00274876305662452,0.0042147700201576,0.0793476269012278
234773.411807,2725366.126422,0.357496788401542,0.0502844558634612,0,0.0251422279317306,0.0383556615892824,0.528720866213984
235273.411807,2725366.126422,0.685860993948285,0.00403447643498991,0,0.00825233816247937,0.00843572345497891,0.293416467999266
235773.411807,2725366.126422,0.530328019058091,0.0146600696353308,0,0.0467289719626168,0.0553417628733736,0.352941176470588
236273.411807,2725366.126422,0.341897595889154,0.0409249403560286,0,0.0824004404477886,0.106074509084236,0.428702514222793
236773.411807,2725366.126422,0.537869062901155,0.0183385292499542,0,0.00733541169998166,0.0126535851824684,0.42380341096644
237273.411807,2725366.126422,0.495659037095501,0.0142067876874507,0,0.063930544593528,0.0684030518284662,0.357800578795054
225773.411807,2724866.126422,0.0277064220183486,0.0590825688073394,0.066605504587156,0.277614678899083,0.174311926605505,0.394678899082569
226273.411807,2724866.126422,0.0251330031186938,0.142359200146762,0,0.284534947716015,0.139057053751605,0.408915795266924
226773.411807,2724866.126422,0.0391941391941392,0.275641025641026,0.000549450549450549,0.0380952380952381,0.0904761904761905,0.556043956043956
227273.411807,2724866.126422,0.0222018348623853,0.144403669724771,0,0.0893577981651376,0.0506422018348624,0.693394495412844
227773.411807,2724866.126422,0.0366905155017428,0.0988809392771968,0,0.029535864978903,0.0443955237571088,0.790497156485049
228273.411807,2724866.126422,0.0139194139194139,0.191025641025641,0,0.0342490842490843,0.0382783882783883,0.722527472527473
228773.411807,2724866.126422,0.0174311926605505,0.125504587155963,0,0.0214678899082569,0.0376146788990826,0.797981651376147
229273.411807,2724866.126422,0.0616400660429279,0.0515501742799486,0,0.0770500825536599,0.068611263988259,0.741148413135205
229773.411807,2724866.126422,0.0708791208791209,0.0421245421245421,0.0010989010989011,0.367948717948718,0.0815018315018315,0.436446886446886
230273.411807,2724866.126422,0.182201834862385,0.0715596330275229,0,0.0776146788990826,0.0924770642201835,0.576146788990826
230773.411807,2724866.126422,0.190056870299028,0.181251146578609,0,0.0379746835443038,0.0363236103467254,0.554393689231334
231273.411807,2724866.126422,0.121794871794872,0.615384615384615,0.000732600732600733,0.116117216117216,0.0315018315018315,0.114468864468864
231773.411807,2724866.126422,0.40954128440367,0.548440366972477,0,0.0304587155963303,0.00293577981651376,0.00862385321100917
232273.411807,2724866.126422,0.365437534397358,0.412951751972115,0,0.116675839295542,0.0284351495138507,0.0764997248211337
232773.411807,2724866.126422,0.575274725274725,0.133699633699634,0.000183150183150183,0.000549450549450549,0.00293040293040293,0.287362637362637
233273.411807,2724866.126422,0.474495412844037,0.469724770642202,0,0.0018348623853211,0,0.0539449541284404
233773.411807,2724866.126422,0.576041093377362,0.400293524124014,0.000366905155017428,0.00146762062006971,0.00311869381764814,0.0187121629058888
234273.411807,2724866.126422,0.582234432234432,0.343956043956044,0,0.0010989010989011,0.00256410256410256,0.0701465201465201
234773.411807,2724866.126422,0.615596330275229,0.0124770642201835,0,0.00385321100917431,0.00403669724770642,0.364036697247706
235273.411807,2724866.126422,0.553843331498808,0.0324711062190424,0,0.0352228948816731,0.0388919464318474,0.33957072096863
235773.411807,2724866.126422,0.380769230769231,0.0208791208791209,0,0.0157509157509158,0.0216117216117216,0.560989010989011
236273.411807,2724866.126422,0.575963302752294,0.00642201834862385,0,0.0348623853211009,0.0442201834862385,0.338532110091743
236773.411807,2724866.126422,0.648137956338287,0.00513667217024399,0,0.019262520638415,0.0258668134287287,0.301596037424326
237273.411807,2724866.126422,0.778332895082829,0,0,0.000525900604785696,0.00157770181435709,0.219563502498028
225773.411807,2724366.126422,0.0285973672265093,0.128688152519292,0.088515660463005,0.142532909668634,0.121425329096686,0.490240581025874
226273.411807,2724366.126422,0.0224744608399546,0.200908059023837,0,0.0261066969353008,0.0844494892167991,0.666061293984109
226773.411807,2724366.126422,0.0193094048159927,0.175374829622899,0,0.103362108132667,0.122217174011813,0.579736483416629
227273.411807,2724366.126422,0.0814798002723559,0.200635497049478,0,0.252837040399455,0.0844303222877894,0.380617339990921
227773.411807,2724366.126422,0.0333711691259932,0.0678774120317821,0.000227014755959137,0.18410896708286,0.114415437003405,0.6
228273.411807,2724366.126422,0.018400726942299,0.128123580190822,0,0.0867787369377556,0.0997273966378919,0.666969559291231
228773.411807,2724366.126422,0.0322287789378121,0.173626872446664,0,0.0465274625510667,0.110304130730822,0.637312755333636
229273.411807,2724366.126422,0.0946651532349603,0.042905788876277,0,0.103291713961407,0.0973893303064699,0.661748013620885
229773.411807,2724366.126422,0.0186278964107224,0.036347114947751,0,0.440254429804634,0.0517946388005452,0.452975920036347
230273.411807,2724366.126422,0.0955515206536541,0.022015433499773,0.000226963231956423,0.0317748524738992,0.115978211529732,0.734453018610985
230773.411807,2724366.126422,0.433598183881952,0.127582292849035,0.000227014755959137,0.000454029511918275,0.00703745743473326,0.431101021566402
231273.411807,2724366.126422,0.3759654702408,0.378237164925034,0,0.141980917764652,0.0390731485688324,0.0647432985006815
231773.411807,2724366.126422,0.52473899228325,0.362233318202451,0,0.045619609623241,0.000680889695869269,0.0667271901951884
232273.411807,2724366.126422,0.368217934165721,0.169807037457435,0,0.0220204313280363,0.0279228149829739,0.412031782065834
232773.411807,2724366.126422,0.679918218991368,0.21172194457065,0,0.0136301681054066,0.00159018627896411,0.093139482053612
233273.411807,2724366.126422,0.51202905129369,0.480254198819791,0,0.00680889695869269,0.000226963231956423,0.000680889695869269
233773.411807,2724366.126422,0.614982973893303,0.36049943246311,0,0.0242905788876277,0.000227014755959137,0
234273.411807,2724366.126422,0.515447523852794,0.157428441617447,0.000227169468423444,0.040436165379373,0.0806451612903226,0.20581553839164
234773.411807,2724366.126422,0.524285065819337,0.0029505220154335,0,0.019291874716296,0.0267816613708579,0.426690876078075
235273.411807,2724366.126422,0.627922814982974,0.00158910329171396,0,0.0456299659477866,0.0317820658342792,0.293076049943246
235773.411807,2724366.126422,0.526351658337119,0.0104497955474784,0,0.00999545661063153,0.0118128123580191,0.441390277146751
236273.411807,2724366.126422,0.670903313663187,0.00975941897412619,0,0.013390830685429,0.0217884702678166,0.284157966409442
236773.411807,2724366.126422,0.483541430192963,0.029738933030647,0,0.0202043132803632,0.0662883087400681,0.400227014755959
237273.411807,2724366.126422,0.541625207296849,0.0464344941956882,0,0.00364842454394693,0.00895522388059702,0.399336650082919
