"x","y","forest","agri","water","built","other","grass"
198773.411807,2502366.126422,0.165003990422985,0.211492418196329,0.00598563447725459,0.0526735833998404,0.137270550678372,0.427573822825219
199273.411807,2502366.126422,0.0917582417582418,0.334249084249084,0,0.0139194139194139,0.0395604395604396,0.520512820512821
199773.411807,2502366.126422,0.25027502750275,0.191785845251192,0.00128346167950128,0.0172350568390172,0.115144847818115,0.424275760909424
200273.411807,2502366.126422,0.326739926739927,0.10970695970696,0.0102564102564103,0.0989010989010989,0.118498168498168,0.335897435897436
200773.411807,2502366.126422,0.366666666666667,0.338278388278388,0.0032967032967033,0.113736263736264,0.0899267399267399,0.0880952380952381
201273.411807,2502366.126422,0.276127612761276,0.348368170150348,0.0108177484415108,0.263109644297763,0.0803080308030803,0.0212687935460213
201773.411807,2502366.126422,0.358241758241758,0.406593406593407,0,0.0554945054945055,0.0677655677655678,0.111904761904762
202273.411807,2502366.126422,0.457142857142857,0.275641025641026,0,0.0586080586080586,0.0990842490842491,0.10952380952381
202773.411807,2502366.126422,0.39035570223689,0.221488815548222,0.00825082508250825,0.0163182984965163,0.0942427576090942,0.269343601026769
203273.411807,2502366.126422,0.28040293040293,0.0547619047619048,0.0230769230769231,0.124358974358974,0.173443223443223,0.343956043956044
203773.411807,2502366.126422,0.473260073260073,0.0298534798534799,0.00531135531135531,0.0467032967032967,0.0902930402930403,0.354578754578755
204273.411807,2502366.126422,0.433810047671434,0.0764576457645765,0,0.0161349468280161,0.0616061606160616,0.411991199119912
204773.411807,2502366.126422,0.21025641025641,0.0274725274725275,0,0.411172161172161,0.176190476190476,0.174908424908425
205273.411807,2502366.126422,0.182783882783883,0.0741758241758242,0,0.353846153846154,0.143406593406593,0.245787545787546
205773.411807,2502366.126422,0.543087642097543,0.0381371470480381,0,0.00733406674000733,0.0520718738540521,0.359369270260359
206273.411807,2502366.126422,0.394322344322344,0.176007326007326,0,0.0210622710622711,0.0261904761904762,0.382417582417582
206773.411807,2502366.126422,0.43974358974359,0.0192307692307692,0,0.0956043956043956,0.0882783882783883,0.357142857142857
207273.411807,2502366.126422,0.338467180051338,0.160616061606161,0,0.201136780344701,0.143197653098643,0.156582324899157
207773.411807,2502366.126422,0.521428571428571,0.264102564102564,0,0.00934065934065934,0.01996336996337,0.185164835164835
208273.411807,2502366.126422,0.203296703296703,0.280769230769231,0,0.00934065934065934,0.0342490842490843,0.472344322344322
208773.411807,2502366.126422,0.35001833516685,0.0588558855885589,0,0.0251191785845251,0.0302530253025303,0.535753575357536
209273.411807,2502366.126422,0.460622710622711,0.0104395604395604,0.0155677655677656,0.0221611721611722,0.0347985347985348,0.456410256410256
209773.411807,2502366.126422,0.526190476190476,0.10989010989011,0,0.0119047619047619,0.0360805860805861,0.315934065934066
210273.411807,2502366.126422,0.456545654565457,0.117528419508618,0,0.0339200586725339,0.0383204987165383,0.353685368536854
210773.411807,2502366.126422,0.421611721611722,0.0970695970695971,0,0.0179487179487179,0.0305860805860806,0.432783882783883
211273.411807,2502366.126422,0.341188959660297,0.380467091295117,0,0.0167728237791932,0.0537154989384289,0.207855626326964
198773.411807,2501866.126422,0.108135118928643,0.414551269238457,0.000599640215870478,0.0837497501499101,0.182690385768539,0.210273835698581
199273.411807,2501866.126422,0.110581331377224,0.285530900421786,0.00348432055749129,0.0607005318173482,0.0964606638547588,0.443242251971392
199773.411807,2501866.126422,0.0705515851200293,0.26571376214037,0.0337181601612608,0.133223382811068,0.148433205057724,0.348359904709547
200273.411807,2501866.126422,0.299504496237842,0.164250321159846,0.00789135621214902,0.0466140576252523,0.0895577170122958,0.392182051752615
200773.411807,2501866.126422,0.335228314689162,0.0783055198973042,0,0.128736475334678,0.117183201907207,0.340546488171649
201273.411807,2501866.126422,0.242257650723841,0.148799706798607,0.0120945574491479,0.269562030419644,0.129741616272677,0.197544438336082
201773.411807,2501866.126422,0.466140576252523,0.308864011745274,0,0.0504679757753716,0.057258212516058,0.117269223710773
202273.411807,2501866.126422,0.353750229231616,0.433339446176417,0,0.0753713552173116,0.086007702182285,0.0515312671923712
202773.411807,2501866.126422,0.209272494044347,0.307678211471504,0,0.183250870441635,0.0998717243906908,0.199926699651823
203273.411807,2501866.126422,0.351257111396587,0.0622132501376399,0.000734079647641769,0.0812993209763259,0.171958157460084,0.332538080381721
203773.411807,2501866.126422,0.382908490739043,0.0487804878048781,0,0.0693196405648267,0.158078122134605,0.340913258756648
204273.411807,2501866.126422,0.438152831225948,0.25893347993403,0.00183250870441635,0.0262048744731537,0.0841121495327103,0.190764156129742
204773.411807,2501866.126422,0.328684162231602,0.0846026793907139,0,0.105523949348504,0.140759772435309,0.34042943659387
205273.411807,2501866.126422,0.157894736842105,0.0359435173299101,0,0.518980377773703,0.145607922244636,0.141573445809646
205773.411807,2501866.126422,0.217152281473337,0.0205240974894631,0,0.506505405900678,0.098772219168041,0.157045995968481
206273.411807,2501866.126422,0.226647091209396,0.0745090842356396,0,0.16993943842907,0.0811158010644155,0.447788585061479
206773.411807,2501866.126422,0.288465065101779,0.0913258756647717,0,0.250871080139373,0.0984779020722538,0.270860077021823
207273.411807,2501866.126422,0.314458493677845,0.282389591350559,0,0.0194245922668133,0.0503939893714495,0.333333333333333
207773.411807,2501866.126422,0.386309414571481,0.437878509818315,0,0.00293631859056708,0.00458799779776106,0.168287759221876
208273.411807,2501866.126422,0.269943150559325,0.214744177516963,0,0.0146708233999633,0.0295250320924262,0.471116816431322
208773.411807,2501866.126422,0.407366684991754,0.0386659336631849,0,0.0122778083195895,0.0278541323071285,0.513835440718343
209273.411807,2501866.126422,0.369792622499541,0.0833180400073408,0,0.0515690952468343,0.0491833363919985,0.446136905854285
209773.411807,2501866.126422,0.336878782321658,0.437373922611407,0,0.0148542086924629,0.0407115349348982,0.170181551439575
210273.411807,2501866.126422,0.422943008979293,0.266446765622137,0,0.00787978742899029,0.0185083379146051,0.284222100054975
210773.411807,2501866.126422,0.556615892824371,0.133418975958892,0.0047715177096715,0.00311983850247752,0.0155991925123876,0.2864745824922
211273.411807,2501866.126422,0.327597195666029,0.355852984916082,0.0155088166560442,0.00998512853197366,0.0433397068196303,0.24771616741024
198773.411807,2501366.126422,0.0409672262190248,0.664268585131894,0,0.0435651478816946,0.0787370103916867,0.172462030375699
199273.411807,2501366.126422,0.0431113557145478,0.45221060355898,0,0.123830489818382,0.0961291506145661,0.284718400293524
199773.411807,2501366.126422,0.146703296703297,0.162820512820513,0.00549450549450549,0.132234432234432,0.155860805860806,0.396886446886447
200273.411807,2501366.126422,0.240917431192661,0.175229357798165,0.00532110091743119,0.0445871559633028,0.137247706422018,0.396697247706422
200773.411807,2501366.126422,0.318657127132636,0.0783342505962209,0.0117409649605577,0.0880572372041827,0.148229682627041,0.354980737479362
201273.411807,2501366.126422,0.336996336996337,0.113369963369963,0.00531135531135531,0.00750915750915751,0.056959706959707,0.47985347985348
201773.411807,2501366.126422,0.326238532110092,0.398715596330275,0.00036697247706422,0.078348623853211,0.0686238532110092,0.127706422018349
202273.411807,2501366.126422,0.389836727206017,0.450926435516419,0,0.0368739680792515,0.0654925701706109,0.0568702990277013
202773.411807,2501366.126422,0.401098901098901,0.199267399267399,0,0.124908424908425,0.084981684981685,0.18974358974359
203273.411807,2501366.126422,0.325321100917431,0.172293577981651,0.0036697247706422,0.0954128440366973,0.151926605504587,0.251376146788991
203773.411807,2501366.126422,0.350577875619152,0.405797101449275,0,0.0288020546688681,0.0546688680975968,0.160154100165107
204273.411807,2501366.126422,0.484249084249084,0.0663003663003663,0,0.0505494505494506,0.127838827838828,0.271062271062271
204773.411807,2501366.126422,0.397981651376147,0.0245871559633028,0,0.125321100917431,0.0884403669724771,0.363669724770642
205273.411807,2501366.126422,0.167125298110438,0.0379746835443038,0,0.434232250963126,0.135754907356448,0.224912860025683
205773.411807,2501366.126422,0.153113553113553,0.0391941391941392,0,0.532234432234432,0.172161172161172,0.103296703296703
206273.411807,2501366.126422,0.331192660550459,0.0491743119266055,0,0.199449541284404,0.0702752293577982,0.349908256880734
206773.411807,2501366.126422,0.429095578792882,0.0526508897450009,0,0.002568336085122,0.0152265639332233,0.500458631443772
207273.411807,2501366.126422,0.357142857142857,0.553296703296703,0,0.00421245421245421,0.00805860805860806,0.0772893772893773
207773.411807,2501366.126422,0.342385321100917,0.549908256880734,0.00165137614678899,0.00513761467889908,0.0264220183486239,0.0744954128440367
208273.411807,2501366.126422,0.470922766464869,0.081452944413869,0.00238488350761328,0.0403595670519171,0.0581544670702623,0.346725371491469
208773.411807,2501366.126422,0.378937728937729,0.021978021978022,0.0316849816849817,0.0554945054945055,0.0826007326007326,0.429304029304029
209273.411807,2501366.126422,0.317064220183486,0.0438532110091743,0.0110091743119266,0.140366972477064,0.096697247706422,0.391009174311927
209773.411807,2501366.126422,0.431113557145478,0.0755824619335902,0,0.00458631443771785,0.0165107319757843,0.47220693450743
210273.411807,2501366.126422,0.413369963369963,0.0725274725274725,0,0.00201465201465201,0.015018315018315,0.497069597069597
210773.411807,2501366.126422,0.592110091743119,0.0972477064220184,0,0.0135779816513761,0.0394495412844037,0.257614678899083
211273.411807,2501366.126422,0.589798087141339,0.138575982996812,0,0.0278427205100956,0.0384697130712009,0.205313496280553
198773.411807,2500866.126422,0.0512769353551476,0.507182761372705,0.00119712689545092,0.0319233838786911,0.167398244213887,0.241021548284118
199273.411807,2500866.126422,0.147252747252747,0.295604395604396,0.0245421245421245,0.0853479853479854,0.165567765567766,0.281684981684982
199773.411807,2500866.126422,0.0748074807480748,0.254125412541254,0.00458379171250458,0.204437110377704,0.194902823615695,0.267143381004767
200273.411807,2500866.126422,0.245787545787546,0.130586080586081,0.0135531135531136,0.0747252747252747,0.164468864468864,0.370879120879121
200773.411807,2500866.126422,0.227472527472527,0.101648351648352,0.00238095238095238,0.177289377289377,0.157692307692308,0.333516483516483
201273.411807,2500866.126422,0.313164649798313,0.263659699303264,0.026035936927026,0.0245691235790246,0.096993032636597,0.275577557755776
201773.411807,2500866.126422,0.298901098901099,0.108608058608059,0,0.122527472527473,0.116300366300366,0.353663003663004
202273.411807,2500866.126422,0.37967032967033,0.10989010989011,0,0.0465201465201465,0.0771062271062271,0.386813186813187
202773.411807,2500866.126422,0.448844884488449,0.0275027502750275,0.00531719838650532,0.0119178584525119,0.0942427576090942,0.412174550788412
203273.411807,2500866.126422,0.284798534798535,0.125641025641026,0.00256410256410256,0.116483516483516,0.20018315018315,0.27032967032967
203773.411807,2500866.126422,0.420695970695971,0.44981684981685,0,0.0216117216117216,0.0576923076923077,0.0501831501831502
204273.411807,2500866.126422,0.298679867986799,0.260909424275761,0,0.0315364869820315,0.0881921525485882,0.320682068206821
204773.411807,2500866.126422,0.426007326007326,0.036996336996337,0,0.103296703296703,0.0992673992673993,0.334432234432234
205273.411807,2500866.126422,0.202930402930403,0.028021978021978,0,0.403663003663004,0.117765567765568,0.247619047619048
205773.411807,2500866.126422,0.171067106710671,0.378804547121379,0,0.0856252291895856,0.136230289695636,0.228272827282728
206273.411807,2500866.126422,0.281135531135531,0.204578754578755,0,0.10018315018315,0.108241758241758,0.305860805860806
206773.411807,2500866.126422,0.398717948717949,0.193406593406593,0,0.00238095238095238,0.0157509157509158,0.38974358974359
207273.411807,2500866.126422,0.285478547854785,0.241474147414741,0,0.00275027502750275,0.00843417675100843,0.461862852951962
207773.411807,2500866.126422,0.542307692307692,0.322344322344322,0.00714285714285714,0.017032967032967,0.0195970695970696,0.0915750915750916
208273.411807,2500866.126422,0.571611721611722,0.0276556776556777,0,0.00366300366300366,0.0141025641025641,0.382967032967033
208773.411807,2500866.126422,0.505133846718005,0.0146681334800147,0,0.000733406674000733,0.0243857719105244,0.455078841217455
209273.411807,2500866.126422,0.325091575091575,0.141941391941392,0,0.0626373626373626,0.0754578754578755,0.394871794871795
209773.411807,2500866.126422,0.314835164835165,0.105860805860806,0,0.0293040293040293,0.0401098901098901,0.50989010989011
210273.411807,2500866.126422,0.597726439310598,0.0500550055005501,0,0.0674734140080675,0.0676567656765677,0.217088375504217
210773.411807,2500866.126422,0.789194139194139,0.0525641025641026,0,0.00457875457875458,0.0166666666666667,0.136996336996337
211273.411807,2500866.126422,0.362208067940552,0.112526539278132,0.00169851380042463,0.127388535031847,0.121231422505308,0.274946921443737
198773.411807,2500366.126422,0.0423745752548471,0.714771137317609,0,0.00839496302218669,0.0825504697181691,0.151908854687188
199273.411807,2500366.126422,0.0559325142123602,0.491105813313772,0.0317256556024207,0.0407115349348982,0.08399046396479,0.296534017971759
199773.411807,2500366.126422,0.106102253985706,0.376030786146234,0.0120945574491479,0.0615722924683892,0.131024372365769,0.313175737584754
200273.411807,2500366.126422,0.0583593319875206,0.335290879060378,0.0275279867865663,0.0458799779776106,0.118186823270325,0.4147550009176
200773.411807,2500366.126422,0.174216027874564,0.163579680909591,0.0159545204474601,0.0570328259673574,0.181001283697047,0.408215661103979
201273.411807,2500366.126422,0.344694887300715,0.0791643760307861,0.0192413413963716,0.0826461425691772,0.124244090159428,0.350009162543522
201773.411807,2500366.126422,0.320976325931364,0.0334006239677005,0,0.0776289227381171,0.111396586529638,0.45659754083318
202273.411807,2500366.126422,0.206491839354484,0.115532734274711,0,0.191087474784522,0.173482486704566,0.313405464881717
202773.411807,2500366.126422,0.351291918636614,0.0927249404434671,0,0.0615722924683892,0.112332783580722,0.382078064870808
203273.411807,2500366.126422,0.365938704349422,0.0855202789502661,0.000367039823820885,0.0759772435309231,0.109010827674803,0.363185905670765
203773.411807,2500366.126422,0.395745461214011,0.0876581698147808,0,0.105263157894737,0.152576563359619,0.258756647716853
204273.411807,2500366.126422,0.39343961883819,0.0892431739050761,0,0.0447132123877588,0.128825361920469,0.343778632948507
204773.411807,2500366.126422,0.219122774821068,0.0871719581574601,0.000183519911910442,0.285740502844559,0.162598641952652,0.245182602312351
205273.411807,2500366.126422,0.323491655969191,0.0957271226847607,0,0.269759765266826,0.0907757197872731,0.220245736291949
205773.411807,2500366.126422,0.406450430639546,0.0811801356056441,0,0.0678028220634048,0.0604727872457394,0.384093824445666
206273.411807,2500366.126422,0.489998164800881,0.0928610754266838,0,0.00935951550743256,0.0205542301339695,0.387227014131033
206773.411807,2500366.126422,0.414267375756464,0.177516963139556,0.00128369704749679,0.0731707317073171,0.0689528699798276,0.264808362369338
207273.411807,2500366.126422,0.359721458676929,0.16474253252703,0,0.0287703866593366,0.0445299615173172,0.402235660619388
207773.411807,2500366.126422,0.575701963663057,0.0871719581574601,0,0.00844191594788034,0.0189025509267756,0.309781611304827
208273.411807,2500366.126422,0.378140473134055,0.139739592884651,0,0.000183385292499542,0.00586832935998533,0.47606821932881
208773.411807,2500366.126422,0.389957852299798,0.18270111783031,0,0.000549752611324904,0.0291368884002199,0.397654388858347
209273.411807,2500366.126422,0.421178197834465,0.0545054138374014,0,0.000734079647641769,0.00275279867865663,0.520829510001835
209773.411807,2500366.126422,0.264258206491839,0.128919860627178,0,0.0311754997249221,0.0790390610673024,0.496607372088758
210273.411807,2500366.126422,0.793293018141836,0.0329851566794942,0,0.00806303829943192,0.00696353307678211,0.158695253802456
210773.411807,2500366.126422,0.591117636263535,0.0082583960359699,0,0.0165167920719398,0.0203707102220591,0.363736465406497
211273.411807,2500366.126422,0.198002974293605,0.596983216486085,0,0.00977267898874017,0.0138092203101763,0.181431909921394
198773.411807,2499866.126422,0.0151878497202238,0.349320543565148,0,0.0265787370103917,0.0421662669864109,0.566746602717826
199273.411807,2499866.126422,0.0906255732893047,0.525224729407448,0.01284168042561,0.0354063474591818,0.0882406897816914,0.247660979636764
199773.411807,2499866.126422,0.089010989010989,0.261721611721612,0.0261904761904762,0.106410256410256,0.251648351648352,0.265018315018315
200273.411807,2499866.126422,0.0524770642201835,0.363853211009174,0.0247706422018349,0.14697247706422,0.220183486238532,0.191743119266055
200773.411807,2499866.126422,0.109704641350211,0.244909190974133,0.028251696936342,0.222344523940561,0.150431113557145,0.244358833241607
201273.411807,2499866.126422,0.226373626373626,0.134065934065934,0.00750915750915751,0.114102564102564,0.137545787545788,0.38040293040293
201773.411807,2499866.126422,0.270825688073395,0.0774311926605505,0,0.110825688073394,0.174495412844037,0.366422018348624
202273.411807,2499866.126422,0.506145661346542,0.0453127866446524,0.00110071546505228,0.015410016510732,0.0748486516235553,0.357182168409466
202773.411807,2499866.126422,0.407875457875458,0.0886446886446886,0.000183150183150183,0.032051282051282,0.0934065934065934,0.377838827838828
203273.411807,2499866.126422,0.382201834862385,0.159633027522936,0,0.0271559633027523,0.122385321100917,0.308623853211009
203773.411807,2499866.126422,0.395523757108787,0.0944780774169877,0.00843881856540084,0.0177949000183453,0.0823702073014126,0.401394239589066
204273.411807,2499866.126422,0.229120879120879,0.078021978021978,0.0043956043956044,0.18040293040293,0.14047619047619,0.367582417582418
204773.411807,2499866.126422,0.280183486238532,0.00788990825688073,0,0.312844036697248,0.145137614678899,0.25394495412844
205273.411807,2499866.126422,0.395707209686296,0.00421940928270042,0,0.0405430196294258,0.121445606310769,0.438084755090809
205773.411807,2499866.126422,0.358791208791209,0.0179487179487179,0,0.0238095238095238,0.0626373626373626,0.536813186813187
206273.411807,2499866.126422,0.235045871559633,0.18605504587156,0,0.0036697247706422,0.0106422018348624,0.564587155963303
206773.411807,2499866.126422,0.279948633278298,0.124013942395891,0.00532012474775271,0.00532012474775271,0.0214639515685195,0.563933223261787
207273.411807,2499866.126422,0.507142857142857,0.00512820512820513,0,0.00512820512820513,0.0208791208791209,0.461721611721612
207773.411807,2499866.126422,0.414862385321101,0.0344954128440367,0,0.0122935779816514,0.0330275229357798,0.505321100917431
208273.411807,2499866.126422,0.514034122179417,0.0229315721885892,0,0.00385250412768299,0.015410016510732,0.443771784993579
208773.411807,2499866.126422,0.495238095238095,0.172893772893773,0,0.00347985347985348,0.0307692307692308,0.297619047619048
209273.411807,2499866.126422,0.378348623853211,0.104036697247706,0,0.0036697247706422,0.00880733944954129,0.505137614678899
209773.411807,2499866.126422,0.286002568336085,0.0442120711796001,0,0.221977618785544,0.119427627958173,0.328380113740598
210273.411807,2499866.126422,0.321794871794872,0.05,0.00128205128205128,0.0913919413919414,0.0926739926739927,0.442857142857143
210773.411807,2499866.126422,0.591559633027523,0.0161467889908257,0,0.00678899082568807,0.0368807339449541,0.348623853211009
211273.411807,2499866.126422,0.33028692879915,0.429968119022317,0,0.0127523910733262,0.0401700318809777,0.18682252922423
198773.411807,2499366.126422,0.101556264964086,0.45171588188348,0,0.0285315243415802,0.105147645650439,0.313048683160415
199273.411807,2499366.126422,0.0597069597069597,0.591391941391941,0.00128205128205128,0.00879120879120879,0.111538461538462,0.227289377289377
199773.411807,2499366.126422,0.106160616061606,0.265859919325266,0.0300696736340301,0.112211221122112,0.164283094976164,0.321415474880821
200273.411807,2499366.126422,0.0514652014652015,0.358791208791209,0.0727106227106227,0.165934065934066,0.121428571428571,0.22967032967033
200773.411807,2499366.126422,0.152747252747253,0.253113553113553,0.000732600732600733,0.0820512820512821,0.0617216117216117,0.4496336996337
201273.411807,2499366.126422,0.413458012467913,0.0221855518885222,0,0.0757242390905757,0.12046204620462,0.368170150348368
201773.411807,2499366.126422,0.334249084249084,0.0379120879120879,0,0.144871794871795,0.113553113553114,0.369413919413919
202273.411807,2499366.126422,0.242307692307692,0.0833333333333333,0.00183150183150183,0.203479853479853,0.145238095238095,0.323809523809524
202773.411807,2499366.126422,0.286578657865787,0.100843417675101,0.00916758342500917,0.092042537587092,0.147781444811148,0.363586358635864
203273.411807,2499366.126422,0.381868131868132,0.0705128205128205,0,0.0192307692307692,0.13040293040293,0.397985347985348
203773.411807,2499366.126422,0.25970695970696,0.0201465201465201,0,0.251282051282051,0.200549450549451,0.268315018315018
204273.411807,2499366.126422,0.344884488448845,0.0229189585625229,0,0.0918591859185919,0.162632929959663,0.377704437110378
204773.411807,2499366.126422,0.421245421245421,0.0115384615384615,0,0.0490842490842491,0.135714285714286,0.382417582417582
205273.411807,2499366.126422,0.469047619047619,0.05,0.000183150183150183,0.0192307692307692,0.0538461538461538,0.407692307692308
205773.411807,2499366.126422,0.275944261092776,0.0683901723505684,0,0.0735240190685735,0.144847818115145,0.437293729372937
206273.411807,2499366.126422,0.290842490842491,0.236996336996337,0.000915750915750916,0.00549450549450549,0.0347985347985348,0.430952380952381
206773.411807,2499366.126422,0.413736263736264,0.173260073260073,0,0.0195970695970696,0.0371794871794872,0.356227106227106
207273.411807,2499366.126422,0.506600660066007,0.0225522552255226,0,0.00495049504950495,0.0133846718005134,0.452511917858453
207773.411807,2499366.126422,0.497985347985348,0.00824175824175824,0,0.000183150183150183,0.00183150183150183,0.491758241758242
208273.411807,2499366.126422,0.51959706959707,0.000732600732600733,0,0.0172161172161172,0.0468864468864469,0.415567765567766
208773.411807,2499366.126422,0.361386138613861,0.0284195086175284,0,0.106527319398607,0.0878254492115878,0.415841584158416
209273.411807,2499366.126422,0.337179487179487,0.117582417582418,0.000183150183150183,0.0108058608058608,0.0347985347985348,0.499450549450549
209773.411807,2499366.126422,0.250732600732601,0.0346153846153846,0,0.184065934065934,0.105311355311355,0.425274725274725
210273.411807,2499366.126422,0.314998166483315,0.0304363769710304,0,0.0799413274660799,0.099009900990099,0.475614228089476
210773.411807,2499366.126422,0.76007326007326,0.0117216117216117,0,0.00183150183150183,0.00311355311355311,0.223260073260073
211273.411807,2499366.126422,0.458386411889597,0.0726114649681529,0,0.0602972399150743,0.0180467091295117,0.390658174097665
198773.411807,2498866.126422,0.0175894463322007,0.865280831501099,0,0,0.00819508295022986,0.10893463921647
199273.411807,2498866.126422,0.0504309554373739,0.790207225380524,0.000733541169998166,0.00146708233999633,0.0232899321474418,0.133871263524665
199773.411807,2498866.126422,0.0542422576507238,0.357888949972512,0.0142935678944475,0.0947407000183251,0.126992853216053,0.351841671247938
200273.411807,2498866.126422,0.0565241328684162,0.244081482840888,0.0278950266103872,0.1493852082951,0.139291613140026,0.382822536245183
200773.411807,2498866.126422,0.109481019622226,0.117916743077205,0.0256739409499358,0.150192554557125,0.194571795342014,0.402163946451495
201273.411807,2498866.126422,0.396921385376581,0.0414146967198094,0,0.045629466739967,0.0826461425691772,0.433388308594466
201773.411807,2498866.126422,0.515690952468343,0.00458799779776106,0,0.0322995044962378,0.0908423563956689,0.356579188841989
202273.411807,2498866.126422,0.380891252521548,0.00605171465248487,0,0.079589216944801,0.151659636897121,0.381808178984045
202773.411807,2498866.126422,0.231812351108668,0.0712845886017959,0,0.100054975261132,0.149532710280374,0.44731537474803
203273.411807,2498866.126422,0.344099834832079,0.0550559735731327,0.00183519911910442,0.085887318774087,0.143696091025876,0.36942558267572
203773.411807,2498866.126422,0.346048046946635,0.0379607555474051,0.000366770584999083,0.0632679259123418,0.131120484137172,0.421236016871447
204273.411807,2498866.126422,0.262048744731537,0.070734835990471,0,0.0689023272860546,0.147700201575957,0.450613890415979
204773.411807,2498866.126422,0.403376766379152,0.00238575885483575,0,0.0201871903101487,0.0926775555147734,0.48137272894109
205273.411807,2498866.126422,0.317806711901706,0.126169081239685,0,0.00256739409499358,0.00916926462497708,0.544287548138639
205773.411807,2498866.126422,0.246105919003115,0.138720908924317,0.00439802089059923,0.0192413413963716,0.0590067802822063,0.53252702950339
206273.411807,2498866.126422,0.288860341347036,0.175628555698293,0,0.00642319691686548,0.0229399889888053,0.506147917049
206773.411807,2498866.126422,0.235466715569411,0.0788556757748029,0,0.346231432239134,0.164679992664588,0.174766183752063
207273.411807,2498866.126422,0.407366684991754,0.0613890415979476,0,0.0868609125893348,0.101154480483782,0.343228880337182
207773.411807,2498866.126422,0.417691319508167,0.00330335841438796,0,0.0189025509267756,0.0471646173609837,0.512938153789686
208273.411807,2498866.126422,0.445626260773886,0.00843572345497891,0,0.0746378140473134,0.0902255639097744,0.381074637814047
208773.411807,2498866.126422,0.279091075682609,0.0324354040681693,0,0.165475536008796,0.127725856697819,0.395272127542606
209273.411807,2498866.126422,0.330886401174527,0.129381537896862,0,0.025325747843641,0.0189025509267756,0.495503762158194
209773.411807,2498866.126422,0.227214377406932,0.0722538052448194,0,0.125435540069686,0.0779387493123052,0.497157527966257
210273.411807,2498866.126422,0.167674546454096,0.0318856514568444,0.00219901044529962,0.325270295033901,0.126992853216053,0.345977643393806
210773.411807,2498866.126422,0.380069737566526,0.047715177096715,0,0.0108276748027161,0.0295467058175812,0.531840704716462
211273.411807,2498866.126422,0.378372636498832,0.0690461015508817,0,0.0305927342256214,0.0577862757595071,0.464202251965158
198773.411807,2498366.126422,0.0453637090327738,0.531774580335731,0.0259792166266986,0.0623501199040767,0.169664268585132,0.164868105515588
199273.411807,2498366.126422,0.0487983856173179,0.214456063107687,0.0155934690882407,0.261786828104935,0.207851770317373,0.251513483764447
199773.411807,2498366.126422,0.067032967032967,0.365750915750916,0.0128205128205128,0.154212454212454,0.111355311355311,0.288827838827839
200273.411807,2498366.126422,0.0807339449541284,0.150642201834862,0,0.0348623853211009,0.0939449541284404,0.639816513761468
200773.411807,2498366.126422,0.205650339387268,0.188405797101449,0.0187121629058888,0.011557512383049,0.0851219959640433,0.490552192258301
201273.411807,2498366.126422,0.416117216117216,0.058974358974359,0,0.0617216117216117,0.0827838827838828,0.38040293040293
201773.411807,2498366.126422,0.40605504587156,0.0587155963302752,0,0.0511926605504587,0.156330275229358,0.327706422018349
202273.411807,2498366.126422,0.372041827187672,0.0385250412768299,0.00165107319757843,0.0504494588148963,0.0931939093744267,0.444138690148597
202773.411807,2498366.126422,0.376923076923077,0.0593406593406593,0,0.0620879120879121,0.104578754578755,0.397069597069597
203273.411807,2498366.126422,0.131559633027523,0.126238532110092,0.00018348623853211,0.371926605504587,0.158165137614679,0.211926605504587
203773.411807,2498366.126422,0.226930838378279,0.210236653824986,0.00972298660796184,0.0825536598789213,0.147128967161989,0.323426894147863
204273.411807,2498366.126422,0.19981684981685,0.0886446886446886,0.102930402930403,0.0468864468864469,0.0549450549450549,0.506776556776557
204773.411807,2498366.126422,0.311926605504587,0.0477064220183486,0.00073394495412844,0.107155963302752,0.148990825688073,0.38348623853211
205273.411807,2498366.126422,0.379196477710512,0.219225830122913,0.000183452577508714,0.00311869381764814,0.0104567969179967,0.387818748853421
205773.411807,2498366.126422,0.46043956043956,0.0236263736263736,0,0.00659340659340659,0.0690476190476191,0.44029304029304
206273.411807,2498366.126422,0.470825688073394,0.0207339449541284,0.00110091743119266,0.0172477064220183,0.043302752293578,0.446788990825688
206773.411807,2498366.126422,0.299211153916713,0.0640249495505412,0,0.0216474041460283,0.0781507980187122,0.536965694368006
207273.411807,2498366.126422,0.457326007326007,0.00201465201465201,0,0.0293040293040293,0.0234432234432234,0.487912087912088
207773.411807,2498366.126422,0.364770642201835,0.0464220183486239,0.00073394495412844,0.00532110091743119,0.0222018348623853,0.560550458715596
208273.411807,2498366.126422,0.342689414786278,0.0396257567418822,0.000183452577508714,0.00275178866263071,0.0177949000183453,0.596954687213355
208773.411807,2498366.126422,0.426739926739927,0.0465201465201465,0,0.0117216117216117,0.0254578754578755,0.48956043956044
209273.411807,2498366.126422,0.392844036697248,0.046605504587156,0,0.0110091743119266,0.0201834862385321,0.529357798165138
209773.411807,2498366.126422,0.250045863144377,0.0731975784259769,0,0.0487983856173179,0.0627407815079802,0.565217391304348
210273.411807,2498366.126422,0.233882783882784,0.0523809523809524,0,0.0115384615384615,0.0296703296703297,0.672527472527473
210773.411807,2498366.126422,0.160366972477064,0.0855045871559633,0.00073394495412844,0.0152293577981651,0.0372477064220183,0.700917431192661
211273.411807,2498366.126422,0.26163655685441,0.0935175345377258,0,0.0257173219978746,0.0514346439957492,0.56769394261424
198773.411807,2497866.126422,0.148643256185156,0.378691141260974,0,0.0726256983240224,0.158419792498005,0.241620111731844
199273.411807,2497866.126422,0.0646520146520147,0.254212454212454,0.00402930402930403,0.121611721611722,0.124908424908425,0.430586080586081
199773.411807,2497866.126422,0.136780344701137,0.202420242024202,0.00055005500550055,0.121378804547121,0.141180784745141,0.397689768976898
200273.411807,2497866.126422,0.148534798534799,0.0675824175824176,0,0.268681318681319,0.233699633699634,0.281501831501832
200773.411807,2497866.126422,0.16996336996337,0.134432234432234,0.032051282051282,0.0223443223443223,0.135897435897436,0.505311355311355
201273.411807,2497866.126422,0.271910524385772,0.128712871287129,0.0170517051705171,0.0518885221855519,0.0902090209020902,0.44022735606894
201773.411807,2497866.126422,0.437179487179487,0.0536630036630037,0.00879120879120879,0.0223443223443223,0.095970695970696,0.382051282051282
202273.411807,2497866.126422,0.396703296703297,0.0163003663003663,0.00347985347985348,0.127289377289377,0.134432234432234,0.321794871794872
202773.411807,2497866.126422,0.398423175650898,0.0427209387605427,0,0.0297029702970297,0.122662266226623,0.406490649064907
203273.411807,2497866.126422,0.254578754578755,0.143223443223443,0.0228937728937729,0.138644688644689,0.137179487179487,0.303479853479853
203773.411807,2497866.126422,0.116483516483516,0.0842490842490843,0.010989010989011,0.0216117216117216,0.0468864468864469,0.71978021978022
204273.411807,2497866.126422,0.00843417675100843,0.0667400073340667,0.00055005500550055,0.00201686835350202,0.00935093509350935,0.912907957462413
204773.411807,2497866.126422,0.19010989010989,0.0791208791208791,0.00622710622710623,0.0120879120879121,0.0272893772893773,0.685164835164835
205273.411807,2497866.126422,0.171794871794872,0.181684981684982,0.00934065934065934,0.0271062271062271,0.0732600732600733,0.536813186813187
205773.411807,2497866.126422,0.438943894389439,0.0482214888155482,0.000916758342500917,0.00348368170150348,0.0238357169050238,0.484598459845985
206273.411807,2497866.126422,0.385714285714286,0.0423076923076923,0,0.0194139194139194,0.0582417582417582,0.494322344322344
206773.411807,2497866.126422,0.462637362637363,0.0172161172161172,0,0.0293040293040293,0.0494505494505494,0.441391941391941
207273.411807,2497866.126422,0.548404840484048,0.0100843417675101,0.00385038503850385,0.0363036303630363,0.046021268793546,0.355335533553355
207773.411807,2497866.126422,0.324908424908425,0.0415750915750916,0,0.00347985347985348,0.0206959706959707,0.609340659340659
208273.411807,2497866.126422,0.389010989010989,0.0412087912087912,0,0.000366300366300366,0.00750915750915751,0.561904761904762
208773.411807,2497866.126422,0.282178217821782,0.0854418775210854,0.0264026402640264,0.024019068573524,0.0678401173450678,0.514118078474514
209273.411807,2497866.126422,0.132600732600733,0.102930402930403,0,0.17032967032967,0.0688644688644689,0.525274725274725
209773.411807,2497866.126422,0.213736263736264,0.176007326007326,0.0644688644688645,0.0652014652014652,0.097985347985348,0.382600732600733
210273.411807,2497866.126422,0.143747708104144,0.156032269893656,0.00476714338100477,0.0914924825815915,0.0887422075540887,0.515218188485515
210773.411807,2497866.126422,0.0413919413919414,0.211538461538462,0.01996336996337,0.0681318681318681,0.0866300366300366,0.572344322344322
211273.411807,2497866.126422,0.121656050955414,0.0174097664543524,0,0.00828025477707006,0.0411889596602972,0.811464968152866
198773.411807,2497366.126422,0.101938836697981,0.335598640815511,0.0213871676993804,0.142914251449131,0.14671197281631,0.251449130521687
199273.411807,2497366.126422,0.105629928479736,0.238767650834403,0.0359435173299101,0.117183201907207,0.135705116449661,0.366770584999083
199773.411807,2497366.126422,0.165292285138354,0.0963899578522998,0.00568077698369067,0.16034451163643,0.120945574491479,0.451346893897746
200273.411807,2497366.126422,0.204624701780143,0.173793356579189,0.00642319691686548,0.10772618829143,0.136722334373279,0.370710222059093
200773.411807,2497366.126422,0.161745827984596,0.199523198239501,0.068402714102329,0.0735375022923162,0.150559325142124,0.346231432239134
201273.411807,2497366.126422,0.251969946857248,0.0819131390874107,0.0053142752428074,0.108667766171889,0.165292285138354,0.386842587502291
201773.411807,2497366.126422,0.275463387777574,0.102220590934116,0.0122958340979996,0.0708386859974307,0.118920902917967,0.420260598274913
202273.411807,2497366.126422,0.452411516596369,0.0262240968274344,0,0.0441958554923895,0.105629928479736,0.371538602604071
202773.411807,2497366.126422,0.349276159061756,0.0243723657687374,0,0.173355323437786,0.170606560381162,0.282389591350559
203273.411807,2497366.126422,0.301156175445036,0.05395485410167,0.00550559735731327,0.110111947146265,0.144613690585429,0.384657735364287
203773.411807,2497366.126422,0.070786722904823,0.116999816614707,0.00403447643498991,0.00458463231248854,0.0374105996699065,0.766183752063085
204273.411807,2497366.126422,0.134689389774601,0.0934579439252336,0.0146600696353308,0.000366501740883269,0.0203408466190214,0.736485248304929
204773.411807,2497366.126422,0.478436410350523,0.00183519911910442,0,0.0104606349788952,0.0427601394751331,0.466507616076344
205273.411807,2497366.126422,0.361085640931597,0.00880249403997799,0,0.0975609756097561,0.13185402530717,0.400696864111498
205773.411807,2497366.126422,0.178119846069269,0.0139270661535642,0,0.402235660619388,0.168041048194979,0.2376763789628
206273.411807,2497366.126422,0.441732427968435,0.0161497522481189,0,0.0458799779776106,0.073040924940356,0.42319691686548
206773.411807,2497366.126422,0.334494773519164,0.0335595085274161,0.000366770584999083,0.0161379057399597,0.0473134054648817,0.56812763616358
207273.411807,2497366.126422,0.462158695253802,0.0659703133589885,0,0.00714678394722375,0.0159428257284222,0.448781381711563
207773.411807,2497366.126422,0.442833547439897,0.0926775555147734,0.00238575885483575,0.0368875022939989,0.0548724536612222,0.370343182235273
208273.411807,2497366.126422,0.32789290298918,0.0794058316523015,0,0.0550155877498625,0.0750045846323125,0.462681092976343
208773.411807,2497366.126422,0.247938427707532,0.104452996151732,0.0608392889866227,0.0940076965365585,0.10646875572659,0.386292834890966
209273.411807,2497366.126422,0.227014131033217,0.111029546705818,0.02073775004588,0.057258212516058,0.0495503762158194,0.534409983483208
209773.411807,2497366.126422,0.215110948101962,0.0964606638547588,0.0915092609572712,0.109297634329727,0.0949935815147625,0.392627911241518
210273.411807,2497366.126422,0.198643943558732,0.134689389774601,0.0905259299981675,0.0690855781564962,0.107385010078798,0.399670148433205
210773.411807,2497366.126422,0.328133602495871,0.0981831528720866,0.0165167920719398,0.0178014314553129,0.0456964580657001,0.49366856303909
211273.411807,2497366.126422,0.118334395581049,0.150414276609305,0,0.000849798172933928,0.0261312938177183,0.704270235818993
198773.411807,2496866.126422,0.11290967226219,0.227018385291767,0.0305755395683453,0.228617106314948,0.105115907274181,0.295763389288569
199273.411807,2496866.126422,0.090442120711796,0.112089524857824,0.0533847000550358,0.239038708493854,0.212804989910108,0.292239955971381
199773.411807,2496866.126422,0.139010989010989,0.154395604395604,0.0124542124542125,0.078021978021978,0.172161172161172,0.443956043956044
200273.411807,2496866.126422,0.179449541284404,0.0365137614678899,0.0104587155963303,0.14605504587156,0.159816513761468,0.467706422018349
200773.411807,2496866.126422,0.081452944413869,0.181801504311136,0.0379746835443038,0.220693450742983,0.124013942395891,0.354063474591818
201273.411807,2496866.126422,0.132234432234432,0.184798534798535,0.0307692307692308,0.108791208791209,0.0919413919413919,0.451465201465201
201773.411807,2496866.126422,0.211926605504587,0.0739449541284404,0.00587155963302752,0.0695412844036697,0.0981651376146789,0.540550458715596
202273.411807,2496866.126422,0.33516785910842,0.010273344340488,0.00165107319757843,0.0519170794349661,0.100532012474775,0.500458631443772
202773.411807,2496866.126422,0.213736263736264,0.0188644688644689,0,0.264652014652015,0.152014652014652,0.350732600732601
203273.411807,2496866.126422,0.0585321100917431,0.0715596330275229,0.0073394495412844,0.0737614678899083,0.0420183486238532,0.746788990825688
203773.411807,2496866.126422,0.124747752705926,0.188589249678958,0,0.0181618051733627,0.0493487433498441,0.61915244909191
204273.411807,2496866.126422,0.252014652014652,0.0346153846153846,0,0.0635531135531135,0.0826007326007326,0.567216117216117
204773.411807,2496866.126422,0.368440366972477,0.0124770642201835,0,0.00788990825688073,0.0289908256880734,0.582201834862385
205273.411807,2496866.126422,0.207117960007338,0.0122913226930838,0,0.10126582278481,0.109337736195194,0.569987158319574
205773.411807,2496866.126422,0.102197802197802,0.0102564102564103,0,0.524908424908425,0.181135531135531,0.181501831501831
206273.411807,2496866.126422,0.195963302752294,0.140733944954128,0,0.150275229357798,0.111009174311927,0.402018348623853
206773.411807,2496866.126422,0.274445055953036,0.0585213722252798,0.000366905155017428,0.0242157402311502,0.0596220876903321,0.582828838745184
207273.411807,2496866.126422,0.217216117216117,0.122527472527473,0.0274725274725275,0.0263736263736264,0.0492673992673993,0.557142857142857
207773.411807,2496866.126422,0.16348623853211,0.0774311926605505,0,0.264220183486239,0.0739449541284404,0.420917431192661
208273.411807,2496866.126422,0.1284168042561,0.213355347642634,0,0.123830489818382,0.110988809392772,0.423408548890112
