"x","y","forest","agri","water","built","other","grass"
162273.411807,2585866.126422,0,0.0257847533632287,0.653961136023916,0.299701046337818,0.00242899850523169,0.0181240657698057
162773.411807,2585866.126422,0,0,0.988019468363909,0.0119805316360914,0,0
163273.411807,2585866.126422,0,0.0168381665107577,0.843405051449953,0.120112254443405,0.000748362956033676,0.0188961646398503
163773.411807,2585866.126422,0.00280269058295964,0.0508221225710015,0.634715994020927,0.30026158445441,0.00261584454409567,0.00878176382660688
164273.411807,2585866.126422,0,0.0353800074878323,0.321602396106327,0.640584050917259,0.00112317484088356,0.00131037064769749
164773.411807,2585866.126422,0.000374181478016838,0.0643592142188962,0.506828811973807,0.399438727782975,0.00972871842843779,0.0192703461178672
165273.411807,2585866.126422,0.0188714499252616,0.135463378176383,0.350149476831091,0.346973094170404,0.0493273542600897,0.0992152466367713
165773.411807,2585866.126422,0.0479221265443654,0.157244477723699,0.0900411830774991,0.330213403219768,0.0956570572819169,0.278921752152752
166273.411807,2585866.126422,0.0602432179607109,0.185406922357343,0.0797006548175865,0.129466791393826,0.0976613657623948,0.447521047708138
166773.411807,2585866.126422,0.0586696562032885,0.0642750373692078,0.00523168908819133,0.503550074738416,0.155269058295964,0.213004484304933
167273.411807,2585866.126422,0.0512916510670161,0.239797828528641,0.0254586297266941,0.169412205166604,0.0904155746911269,0.423624110819918
167773.411807,2585866.126422,0.0333021515434986,0.221889616463985,0.0971000935453695,0.127595884003742,0.0572497661365762,0.462862488306829
168273.411807,2585866.126422,0.0179372197309417,0.225523168908819,0.400037369207773,0.0889387144992526,0.0661434977578475,0.201420029895366
168773.411807,2585866.126422,0.0243354548858106,0.27742418569824,0.281542493448147,0.111381505054287,0.0891052040434294,0.216211156870086
169273.411807,2585866.126422,0.00673526660430309,0.240037418147802,0.122731524789523,0.470159027128157,0.0671655753040225,0.0931711880261927
169773.411807,2585866.126422,0.00747384155455904,0.507847533632287,0.0674514200298954,0.0300822122571002,0.0450298953662182,0.34211509715994
170273.411807,2585866.126422,0.0147884687383003,0.447210782478472,0.0159116435791838,0.118494945713216,0.0921003369524523,0.311493822538375
170773.411807,2585866.126422,0.0245088868101029,0.313938260056127,0,0.11599625818522,0.128344246959776,0.417212347988775
171273.411807,2585866.126422,0.0368086696562033,0.465994020926756,0,0.0198056801195815,0.179745889387145,0.297645739910314
171773.411807,2585866.126422,0.0673904904530138,0.345001871958068,0,0.0110445526020217,0.0456757768625983,0.530887308124298
172273.411807,2585866.126422,0.0333021515434986,0.475584658559401,0,0.0048643592142189,0.034798877455566,0.451449953227315
172773.411807,2585866.126422,0.100896860986547,0.206464872944694,0,0.00766068759342302,0.0500747384155456,0.634902840059791
161773.411807,2585366.126422,0.0687947165657677,0.0937442671069529,0.294257934323977,0.0341221794166208,0.0185287103283801,0.490552192258301
162273.411807,2585366.126422,0,0,0.862820512820513,0.137179487179487,0,0
162773.411807,2585366.126422,0,0,0.935779816513762,0.0642201834862385,0,0
163273.411807,2585366.126422,0,0,0.995413685562282,0.00458631443771785,0,0
163773.411807,2585366.126422,0.00714285714285714,0.0456043956043956,0.779487179487179,0.161172161172161,0.00659340659340659,0
164273.411807,2585366.126422,0,0.0055045871559633,0.988256880733945,0.00605504587155963,0,0.00018348623853211
164773.411807,2585366.126422,0.00476976701522656,0.0730141258484682,0.834158869932123,0.0843881856540084,0.00220143093010457,0.00146762062006971
165273.411807,2585366.126422,0,0.0653846153846154,0.736630036630037,0.173809523809524,0.010989010989011,0.0131868131868132
165773.411807,2585366.126422,0.0262385321100917,0.168990825688073,0.47743119266055,0.124587155963303,0.0355963302752294,0.167155963302752
166273.411807,2585366.126422,0.100898917629793,0.24967895798936,0.191524490919097,0.0665932856356632,0.0565033938726839,0.334800953953403
166773.411807,2585366.126422,0.0214285714285714,0.264652014652015,0.0164835164835165,0.0972527472527473,0.112820512820513,0.487362637362637
167273.411807,2585366.126422,0.0405504587155963,0.224770642201835,0.0884403669724771,0.18348623853211,0.164220183486239,0.298532110091743
167773.411807,2585366.126422,0.0280682443588332,0.245092643551642,0.15685195376995,0.254265272427078,0.104751421757476,0.210970464135021
168273.411807,2585366.126422,0.0384615384615385,0.223260073260073,0.175824175824176,0.0923076923076923,0.103296703296703,0.366849816849817
168773.411807,2585366.126422,0.0293577981651376,0.213394495412844,0.102018348623853,0.222018348623853,0.117981651376147,0.315229357798165
169273.411807,2585366.126422,0.0319207484865162,0.268941478627775,0.215189873417722,0.120344890845716,0.0924600990643919,0.271142909557879
169773.411807,2585366.126422,0.0556776556776557,0.509340659340659,0.054029304029304,0.0578754578754579,0.076007326007326,0.247069597069597
170273.411807,2585366.126422,0.0273394495412844,0.355963302752294,0.0445871559633028,0.0893577981651376,0.109908256880734,0.372844036697248
170773.411807,2585366.126422,0.0680609062557329,0.398275545771418,0,0.0645753072830673,0.116308934140525,0.352779306549257
171273.411807,2585366.126422,0.0225274725274725,0.267399267399267,0.00421245421245421,0.0360805860805861,0.199267399267399,0.470512820512821
171773.411807,2585366.126422,0.0157798165137615,0.163853211009174,0,0.0467889908256881,0.243302752293578,0.530275229357798
172273.411807,2585366.126422,0.00990643918547056,0.162538983672721,0,0.0961291506145661,0.235736562098697,0.495688864428545
172773.411807,2585366.126422,0.0805860805860806,0.478205128205128,0,0.0115384615384615,0.160989010989011,0.268681318681319
161273.411807,2584866.126422,0.197802197802198,0.118864468864469,0.249267399267399,0.0673992673992674,0.0139194139194139,0.352747252747253
161773.411807,2584866.126422,0.0155677655677656,0.0642857142857143,0.754395604395604,0.0598901098901099,0.000549450549450549,0.105311355311355
162273.411807,2584866.126422,0.00531719838650532,0.229006233956729,0.684085075174184,0.081041437477081,0,0.00055005500550055
162773.411807,2584866.126422,0,0.00860805860805861,0.952747252747253,0.0375457875457875,0,0.0010989010989011
163273.411807,2584866.126422,0,0,0.580769230769231,0.419230769230769,0,0
163773.411807,2584866.126422,0.00165016501650165,0.0718738540520719,0.708104143747708,0.216721672167217,0.0011001100110011,0.00055005500550055
164273.411807,2584866.126422,0,0.015018315018315,0.957142857142857,0.0238095238095238,0.00366300366300366,0.000366300366300366
164773.411807,2584866.126422,0.0214285714285714,0.0732600732600733,0.81978021978022,0.0576923076923077,0.0122710622710623,0.0155677655677656
165273.411807,2584866.126422,0,0.0161349468280161,0.819031903190319,0.161532819948662,0.0022002200220022,0.0011001100110011
165773.411807,2584866.126422,0.0805860805860806,0.0655677655677656,0.713919413919414,0.0736263736263736,0.0141025641025641,0.0521978021978022
166273.411807,2584866.126422,0.097985347985348,0.126373626373626,0.204945054945055,0.222710622710623,0.101831501831502,0.246153846153846
166773.411807,2584866.126422,0.00385038503850385,0.314448111477814,0.102860286028603,0.132929959662633,0.111661166116612,0.334250091675834
167273.411807,2584866.126422,0.0139194139194139,0.2996336996337,0.321794871794872,0.082967032967033,0.0879120879120879,0.193772893772894
167773.411807,2584866.126422,0.0146520146520147,0.257875457875458,0.461721611721612,0.121978021978022,0.0573260073260073,0.0864468864468864
168273.411807,2584866.126422,0.0258525852585259,0.271177117711771,0.290979097909791,0.22973964063073,0.0922258892555922,0.09002566923359
168773.411807,2584866.126422,0.0767399267399267,0.269413919413919,0.0448717948717949,0.265018315018315,0.161172161172161,0.182783882783883
169273.411807,2584866.126422,0.0838827838827839,0.307326007326007,0.0413919413919414,0.182600732600733,0.176739926739927,0.208058608058608
169773.411807,2584866.126422,0.015951595159516,0.595892922625596,0.0753575357535754,0.041987532086542,0.0507884121745508,0.22002200220022
170273.411807,2584866.126422,0.0173992673992674,0.668131868131868,0.00787545787545788,0.0271062271062271,0.0307692307692308,0.248717948717949
170773.411807,2584866.126422,0.0152014652014652,0.623626373626374,0,0.041025641025641,0.030952380952381,0.289194139194139
171273.411807,2584866.126422,0.0229189585625229,0.43967730106344,0,0.00898423175650898,0.123028969563623,0.405390539053905
171773.411807,2584866.126422,0.0168498168498168,0.510622710622711,0,0.00842490842490842,0.18040293040293,0.283699633699634
172273.411807,2584866.126422,0.0287545787545788,0.284981684981685,0,0.00641025641025641,0.0413919413919414,0.638461538461538
172773.411807,2584866.126422,0.116611661166117,0.324715804913825,0,0.0133846718005134,0.0947928126145948,0.450495049504951
160773.411807,2584366.126422,0.00203703703703704,0.0427777777777778,0.768148148148148,0.157592592592593,0.00685185185185185,0.0225925925925926
161273.411807,2584366.126422,0.00605615709304459,0.0690034868783263,0.629840337676638,0.239677004955038,0.0168838318957607,0.0385391815011929
161773.411807,2584366.126422,0.176600036677059,0.125252154777187,0.482486704566294,0.17990097194205,0.00348432055749129,0.0322758114799193
162273.411807,2584366.126422,0.0104452996151732,0.133956386292835,0.838739234011362,0.0159428257284222,0,0.000916254352208173
162773.411807,2584366.126422,0.000367039823820885,0.0297302257294917,0.939621948981464,0.0297302257294917,0.000550559735731327,0
163273.411807,2584366.126422,0.000550155877498625,0.0276911791674308,0.783788740143041,0.186869613057033,0,0.00110031175499725
163773.411807,2584366.126422,0.00934579439252336,0.0164925783397471,0.842404251420194,0.100054975261132,0.0317024005864028,0
164273.411807,2584366.126422,0,0.00256927876674619,0.932648192328868,0.0647825289043861,0,0
164773.411807,2584366.126422,0.00513478818998716,0.050797726022373,0.848523748395379,0.0689528699798276,0.00953603520997616,0.0170548322024574
165273.411807,2584366.126422,0.000916254352208173,0.0359171706065604,0.713212387758842,0.229979842404251,0.00549752611324904,0.0144768187648891
165773.411807,2584366.126422,0.00807487612405946,0.0144980730409249,0.876124059460451,0.0561570930445953,0.00275279867865663,0.0423930996513122
166273.411807,2584366.126422,0.0841738492572896,0.188703465982028,0.290849073904273,0.128369704749679,0.0526315789473684,0.255272327159362
166773.411807,2584366.126422,0.00641378046545721,0.33516584203775,0.295217152281473,0.210005497526113,0.0533260032985157,0.0998717243906908
167273.411807,2584366.126422,0.0244081482840888,0.383556615892824,0.274178748394201,0.0611121306661773,0.0478986970086254,0.208845659754083
167773.411807,2584366.126422,0.0377773702549056,0.378690629011553,0.356317623326609,0.0229231615624427,0.00916926462497708,0.195121951219512
168273.411807,2584366.126422,0.0243723657687374,0.314275242807403,0.378046545721092,0.0293201392706615,0.0357339197361187,0.218251786695987
168773.411807,2584366.126422,0.0155991925123876,0.309781611304827,0.289410901082767,0.169755918517159,0.0545054138374014,0.160946962745458
169273.411807,2584366.126422,0.00403447643498991,0.415184302218962,0.188703465982028,0.175132954337062,0.0768384375573079,0.14010636346965
169773.411807,2584366.126422,0.0815466373465274,0.641011544804838,0.0120945574491479,0.00513102437236577,0.0256551218618288,0.234561114165292
170273.411807,2584366.126422,0.0545054138374014,0.213984217287576,0.00495503762158194,0.500091759955955,0.12442650027528,0.102037071022206
170773.411807,2584366.126422,0.0339262791124152,0.629011553273428,0,0.0605171465248487,0.0324591967724189,0.24408582431689
171273.411807,2584366.126422,0.043613707165109,0.568810701850834,0,0.0271211288253619,0.0117280557082646,0.348726406450431
171773.411807,2584366.126422,0.0179849513672233,0.508717195815746,0,0.0227564690768948,0.208662139842173,0.241879243897963
172273.411807,2584366.126422,0.0753713552173116,0.390243902439024,0,0.0236567027324409,0.198606271777003,0.31212176783422
172773.411807,2584366.126422,0.0315191497159611,0.50558915154847,0,0.0586402785413231,0.11434854315558,0.289902877038666
160773.411807,2583866.126422,0.000370164723301869,0.177123820099944,0.672959466962798,0.119007958541551,0.00943920044419767,0.0210993892282066
161273.411807,2583866.126422,0.0910091743119266,0.178899082568807,0.427339449541284,0.283853211009174,0.00256880733944954,0.0163302752293578
161773.411807,2583866.126422,0.321592368372776,0.1726288754357,0.399743166391488,0.0541185103650706,0.000733810310034856,0.0511832691249312
162273.411807,2583866.126422,0.00384615384615385,0.126007326007326,0.815750915750916,0.0501831501831502,0.00183150183150183,0.00238095238095238
162773.411807,2583866.126422,0,0.161834862385321,0.72348623853211,0.100366972477064,0.00330275229357798,0.0110091743119266
163273.411807,2583866.126422,0,0.0302696752889378,0.820033021463952,0.149513850669602,0,0.000183452577508714
163773.411807,2583866.126422,0.010989010989011,0.0445054945054945,0.799084249084249,0.140659340659341,0.00457875457875458,0.000183150183150183
164273.411807,2583866.126422,0,0.00275229357798165,0.974678899082569,0.0214678899082569,0.00055045871559633,0.00055045871559633
164773.411807,2583866.126422,0,0.0346725371491469,0.921849201981288,0.0418271876719868,0.00110071546505228,0.000550357732526142
165273.411807,2583866.126422,0,0.00714285714285714,0.952197802197802,0.0379120879120879,0.0010989010989011,0.00164835164835165
165773.411807,2583866.126422,0,0.00036697247706422,0.935412844036697,0.0642201834862385,0,0
166273.411807,2583866.126422,0.0106402494955054,0.31241973949734,0.467620620069712,0.114290955787929,0.016694184553293,0.0783342505962209
166773.411807,2583866.126422,0.000915750915750916,0.250549450549451,0.449267399267399,0.18956043956044,0.0247252747252747,0.084981684981685
167273.411807,2583866.126422,0.00844036697247706,0.304587155963303,0.33394495412844,0.0403669724770642,0.0280733944954128,0.284587155963303
167773.411807,2583866.126422,0.00476976701522656,0.361401577692167,0.270592551825353,0.140708126949184,0.0561364887176665,0.166391487800404
168273.411807,2583866.126422,0.0135531135531136,0.323260073260073,0.233882783882784,0.176373626373626,0.0382783882783883,0.214652014652015
168773.411807,2583866.126422,0.0242201834862385,0.363669724770642,0.179082568807339,0.20954128440367,0.0539449541284404,0.16954128440367
169273.411807,2583866.126422,0.0177949000183453,0.337552742616034,0.219959640432948,0.18253531462117,0.0722803155384333,0.169877086773069
169773.411807,2583866.126422,0.0276556776556777,0.528571428571429,0.00457875457875458,0.138827838827839,0.123260073260073,0.177106227106227
170273.411807,2583866.126422,0.048256880733945,0.544220183486239,0.00201834862385321,0.0218348623853211,0.0568807339449541,0.326788990825688
170773.411807,2583866.126422,0.0667767382131719,0.505411851036507,0,0.00220143093010457,0.0396257567418822,0.385984223078334
171273.411807,2583866.126422,0.0247252747252747,0.477289377289377,0,0.0342490842490843,0.0501831501831502,0.413553113553114
171773.411807,2583866.126422,0.0231192660550459,0.46,0,0.0741284403669725,0.0286238532110092,0.414128440366972
172273.411807,2583866.126422,0.0150431113557145,0.623922216107136,0.0223812144560631,0.0139423958906623,0.0363236103467254,0.288387451843698
172773.411807,2583866.126422,0.0221611721611722,0.524175824175824,0,0.00293040293040293,0.0120879120879121,0.438644688644689
160773.411807,2583366.126422,0,0.21997776130467,0.640103780578206,0.136767976278725,0.000370644922164566,0.00277983691623425
161273.411807,2583366.126422,0.41025641025641,0.119413919413919,0.227106227106227,0,0,0.243223443223443
161773.411807,2583366.126422,0.0146520146520147,0.314468864468864,0.603663003663004,0.0100732600732601,0.000915750915750916,0.0562271062271062
162273.411807,2583366.126422,0,0.0858085808580858,0.887238723872387,0.0254858819215255,0.000733406674000733,0.000733406674000733
162773.411807,2583366.126422,0.00494505494505494,0.228571428571429,0.691391941391941,0.0450549450549451,0.00347985347985348,0.0265567765567766
163273.411807,2583366.126422,0.00128205128205128,0.161172161172161,0.780586080586081,0.0507326007326007,0.000549450549450549,0.00567765567765568
163773.411807,2583366.126422,0.00531719838650532,0.03997066373304,0.844334433443344,0.0999266593325999,0.00495049504950495,0.0055005500550055
164273.411807,2583366.126422,0,0.0357142857142857,0.90952380952381,0.0543956043956044,0.000366300366300366,0
164773.411807,2583366.126422,0,0.0208791208791209,0.947435897435897,0.0293040293040293,0.000732600732600733,0.00164835164835165
165273.411807,2583366.126422,0,0.00348368170150348,0.973780711404474,0.0223689035570224,0.000366703337000367,0
165773.411807,2583366.126422,0,0.0179487179487179,0.951648351648352,0.0289377289377289,0.00146520146520147,0
166273.411807,2583366.126422,0.052014652014652,0.223992673992674,0.452564102564103,0.157142857142857,0.0183150183150183,0.095970695970696
166773.411807,2583366.126422,0.00385038503850385,0.0964429776310964,0.802713604693803,0.074990832416575,0.0106343967730106,0.0113678034470114
167273.411807,2583366.126422,0.00146520146520147,0.283699633699634,0.51025641025641,0.13003663003663,0.0164835164835165,0.0580586080586081
167773.411807,2583366.126422,0.00256410256410256,0.301648351648352,0.391758241758242,0.15018315018315,0.063003663003663,0.0908424908424908
168273.411807,2583366.126422,0.00165016501650165,0.261092775944261,0.343601026769344,0.261459479281261,0.0887422075540887,0.0434543454345435
168773.411807,2583366.126422,0.00512820512820513,0.322344322344322,0.224725274725275,0.294322344322344,0.0710622710622711,0.0824175824175824
169273.411807,2583366.126422,0.017032967032967,0.217032967032967,0.305860805860806,0.214652014652015,0.122893772893773,0.122527472527473
169773.411807,2583366.126422,0.0099009900990099,0.542537587092043,0.0667400073340667,0.0551888522185552,0.0603226989365603,0.265309864319765
170273.411807,2583366.126422,0.0424908424908425,0.621245421245421,0.0102564102564103,0.0126373626373626,0.0423076923076923,0.271062271062271
170773.411807,2583366.126422,0.0384615384615385,0.414468864468864,0.00805860805860806,0.0503663003663004,0.102564102564103,0.386080586080586
171273.411807,2583366.126422,0.048038137147048,0.266593325999267,0.0507884121745508,0.0733406674000733,0.0760909424275761,0.485148514851485
171773.411807,2583366.126422,0.106043956043956,0.454395604395604,0,0.0602564102564103,0.0347985347985348,0.344505494505495
172273.411807,2583366.126422,0.0413919413919414,0.762454212454212,0,0.00311355311355311,0.010989010989011,0.182051282051282
172773.411807,2583366.126422,0.0188852218555189,0.751558489182252,0,0.00806747341400807,0.0326365969930326,0.188852218555189
160773.411807,2582866.126422,0.149814814814815,0.242222222222222,0.533148148148148,0.0540740740740741,0,0.0207407407407407
161273.411807,2582866.126422,0.24481556248853,0.26977427050835,0.342264635712975,0.00403743806202973,0.000917599559552211,0.138190493668563
161773.411807,2582866.126422,0.00696864111498258,0.391527599486521,0.590133871263525,0.00641848523748395,0.000550155877498625,0.004401247019989
162273.411807,2582866.126422,0.00403151914971596,0.169140553417629,0.774967931097673,0.0503939893714495,0,0.00146600696353308
162773.411807,2582866.126422,0.00917599559552211,0.239309965131217,0.679023674068636,0.0554230133969536,0.00293631859056708,0.0141310332171041
163273.411807,2582866.126422,0,0.0814230698697964,0.846323124885384,0.066385475884834,0.00366770584999083,0.0022006235099945
163773.411807,2582866.126422,0.00146600696353308,0.0995052226498076,0.783397471137988,0.0905259299981675,0.0179585853032802,0.00714678394722375
164273.411807,2582866.126422,0.00201871903101487,0.0671682877592219,0.823820884565975,0.100385391815012,0.00256927876674619,0.00403743806202973
164773.411807,2582866.126422,0.000733541169998166,0.0179717586649551,0.872913992297818,0.10801393728223,0.000183385292499542,0.000183385292499542
165273.411807,2582866.126422,0,0.0047645226314825,0.9529045262965,0.0415979475902511,0.000733003481766538,0
165773.411807,2582866.126422,0.00403743806202973,0.150669847678473,0.654982565608369,0.112681225913012,0.0227564690768948,0.0548724536612222
166273.411807,2582866.126422,0.0137538969374656,0.183385292499542,0.491289198606272,0.278195488721804,0.00476801760498808,0.0286081056299285
166773.411807,2582866.126422,0,0.021073850100788,0.9036100421477,0.0617555433388309,0.0122778083195895,0.00128275609309144
167273.411807,2582866.126422,0.00642319691686548,0.383923655716645,0.399706368140943,0.0919434758671316,0.0132134336575518,0.104789869700863
167773.411807,2582866.126422,0.0234733174399413,0.332477535301669,0.307537135521731,0.0997615991197506,0.041995231982395,0.194755180634513
168273.411807,2582866.126422,0.00916254352208173,0.209822246655672,0.356606193879421,0.274326553051127,0.108301264431006,0.0417811984606927
168773.411807,2582866.126422,0.0350523031748945,0.208295100018352,0.23251972839053,0.334923839236557,0.0879060378051019,0.101302991374564
169273.411807,2582866.126422,0.0254905556574363,0.423069869796442,0.0610673024023473,0.193654868879516,0.0784889051898038,0.218228498074454
169773.411807,2582866.126422,0.0131940626717977,0.649624335715595,0,0.0295033901411032,0.0179585853032802,0.289719626168224
170273.411807,2582866.126422,0.0385391815011929,0.654982565608369,0,0.0119287942741787,0.0563406129565058,0.238208845659754
170773.411807,2582866.126422,0.0561158995048597,0.333211076471667,0.00330093526499175,0.216578030441959,0.22813130386943,0.162662754447093
171273.411807,2582866.126422,0.0164925783397471,0.754260582737768,0,0.0120945574491479,0.00842954004031519,0.208722741433022
171773.411807,2582866.126422,0.0185355111029547,0.766012112314186,0,0.00568911726922371,0.0144980730409249,0.195265186272711
172273.411807,2582866.126422,0.0445626260773886,0.740876581698148,0,0.0425453878598936,0.041995231982395,0.130020172382175
172773.411807,2582866.126422,0.0654205607476635,0.685908008063038,0,0.0120945574491479,0.0720175920835624,0.164559281656588
160773.411807,2582366.126422,0.159911160466408,0.293170460855081,0.434203220433093,0.0494169905607996,0.00111049416990561,0.062187673514714
161273.411807,2582366.126422,0.110825688073394,0.307706422018349,0.527155963302752,0.0113761467889908,0.00385321100917431,0.0390825688073395
161773.411807,2582366.126422,0.0431113557145478,0.31095211887727,0.575123830489818,0.0229315721885892,0.00110071546505228,0.0467804072647221
162273.411807,2582366.126422,0.0256410256410256,0.0778388278388278,0.802930402930403,0.0842490842490843,0.0032967032967033,0.00604395604395604
162773.411807,2582366.126422,0.0137614678899083,0.32605504587156,0.581834862385321,0.066605504587156,0.00330275229357798,0.00844036697247706
163273.411807,2582366.126422,0,0.0508163639699138,0.661163089341405,0.288020546688681,0,0
163773.411807,2582366.126422,0.0126373626373626,0.123809523809524,0.746153846153846,0.116300366300366,0,0.0010989010989011
164273.411807,2582366.126422,0.00018348623853211,0.0273394495412844,0.918715596330275,0.0537614678899083,0,0
164773.411807,2582366.126422,0,0.0849385433865346,0.766831773986425,0.147128967161989,0.000366905155017428,0.000733810310034856
165273.411807,2582366.126422,0.0437728937728938,0.223992673992674,0.27967032967033,0.423626373626374,0.013003663003663,0.0159340659340659
165773.411807,2582366.126422,0.0124770642201835,0.123853211009174,0.578899082568807,0.264587155963303,0.00348623853211009,0.016697247706422
166273.411807,2582366.126422,0,0.019262520638415,0.891212621537333,0.0757659145110989,0.000366905155017428,0.0133920381581361
166773.411807,2582366.126422,0.000732600732600733,0.0498168498168498,0.71025641025641,0.234798534798535,0.00256410256410256,0.00183150183150183
167273.411807,2582366.126422,0.0387155963302752,0.208073394495413,0.130091743119266,0.486238532110092,0.0477064220183486,0.0891743119266055
167773.411807,2582366.126422,0.0572372041827188,0.17831590533847,0.211887727022565,0.36085121995964,0.0781507980187122,0.113557145477894
168273.411807,2582366.126422,0.00860805860805861,0.27985347985348,0.338827838827839,0.161904761904762,0.0395604395604396,0.171245421245421
168773.411807,2582366.126422,0.0306422018348624,0.519082568807339,0.131192660550459,0.0739449541284404,0.0677064220183486,0.17743119266055
169273.411807,2582366.126422,0.0190790680609063,0.5221060355898,0,0.0271509814712897,0.028251696936342,0.403412217941662
169773.411807,2582366.126422,0.00695970695970696,0.709340659340659,0,0.0106227106227106,0.0146520146520147,0.258424908424908
170273.411807,2582366.126422,0.0152293577981651,0.801651376146789,0,0.0588990825688073,0.00788990825688073,0.116330275229358
170773.411807,2582366.126422,0.0227481196110805,0.637130801687764,0,0.0592551825353146,0.0977802238121446,0.183085672353697
171273.411807,2582366.126422,0.030952380952381,0.734065934065934,0,0.0102564102564103,0.0336996336996337,0.191025641025641
171773.411807,2582366.126422,0.0275229357798165,0.773577981651376,0,0.0110091743119266,0.0106422018348624,0.177247706422018
172273.411807,2582366.126422,0.0946615299944964,0.572738946982205,0,0.063474591818015,0.0498991010823702,0.219225830122913
172773.411807,2582366.126422,0.0771062271062271,0.539377289377289,0,0.0763736263736264,0.0730769230769231,0.234065934065934
160773.411807,2581866.126422,0.0116753150481838,0.11119347664937,0.796701260192735,0.0613417346182357,0,0.0190882134914752
161273.411807,2581866.126422,0.091025641025641,0.346336996336996,0.506227106227106,0.0406593406593407,0,0.0157509157509158
161773.411807,2581866.126422,0.095970695970696,0.279487179487179,0.181501831501831,0.214102564102564,0.0527472527472527,0.176190476190476
162273.411807,2581866.126422,0.0467546754675468,0.297396406307297,0.33956729006234,0.237440410707737,0.0205353868720205,0.0583058305830583
162773.411807,2581866.126422,0.0032967032967033,0.307509157509158,0.577472527472527,0.105860805860806,0.000732600732600733,0.00512820512820513
163273.411807,2581866.126422,0.00732600732600733,0.197985347985348,0.643040293040293,0.133333333333333,0.000915750915750916,0.0173992673992674
163773.411807,2581866.126422,0.0282361569490282,0.354785478547855,0.474330766409974,0.120645397873121,0.00531719838650532,0.0166850018335167
164273.411807,2581866.126422,0.0318681318681319,0.11996336996337,0.627472527472527,0.215018315018315,0.00201465201465201,0.00366300366300366
164773.411807,2581866.126422,0.0173992673992674,0.131318681318681,0.706959706959707,0.130586080586081,0.0021978021978022,0.0115384615384615
165273.411807,2581866.126422,0.0111844517785112,0.0801246791345801,0.722955628896223,0.178217821782178,0.0011001100110011,0.00641730839750642
165773.411807,2581866.126422,0.000732600732600733,0.170879120879121,0.426373626373626,0.396886446886447,0,0.00512820512820513
166273.411807,2581866.126422,0.00164835164835165,0.0489010989010989,0.828205128205128,0.121062271062271,0.000183150183150183,0
166773.411807,2581866.126422,0.00238357169050238,0.363953061972864,0.146314631463146,0.462046204620462,0.00146681334800147,0.0238357169050238
167273.411807,2581866.126422,0.00695970695970696,0.265201465201465,0.26959706959707,0.422710622710623,0.00714285714285714,0.0283882783882784
167773.411807,2581866.126422,0.0741758241758242,0.170695970695971,0.0912087912087912,0.447985347985348,0.119047619047619,0.0968864468864469
168273.411807,2581866.126422,0.0135680234690136,0.361752841950862,0.128346167950128,0.312247891455812,0.0275027502750275,0.156582324899157
168773.411807,2581866.126422,0.0217948717948718,0.380952380952381,0.133516483516484,0.228571428571429,0.0256410256410256,0.20952380952381
169273.411807,2581866.126422,0.0179487179487179,0.441391941391941,0.147802197802198,0.141941391941392,0.0529304029304029,0.197985347985348
169773.411807,2581866.126422,0.0225522552255226,0.551155115511551,0.0568390172350568,0.106343967730106,0.0232856618995233,0.23982398239824
170273.411807,2581866.126422,0,0.819047619047619,0,0,0.00476190476190476,0.176190476190476
170773.411807,2581866.126422,0.0228937728937729,0.798351648351648,0,0.000549450549450549,0.0102564102564103,0.167948717948718
171273.411807,2581866.126422,0.0253025302530253,0.875137513751375,0,0.00311697836450312,0.0111844517785112,0.0852585258525853
171773.411807,2581866.126422,0.0371794871794872,0.831684981684982,0,0.0146520146520147,0.0155677655677656,0.100915750915751
172273.411807,2581866.126422,0.0347985347985348,0.520512820512821,0,0.0976190476190476,0.113736263736264,0.233333333333333
172773.411807,2581866.126422,0.0964429776310964,0.18041804180418,0,0.466263292995966,0.141730839750642,0.115144847818115
160773.411807,2581366.126422,0.0137037037037037,0.287592592592593,0.595,0.0785185185185185,0,0.0251851851851852
161273.411807,2581366.126422,0.0124793540099101,0.264635712974858,0.674802716094696,0.0332171040557901,0.00311983850247752,0.0117452743622683
161773.411807,2581366.126422,0.121767834219696,0.378140473134055,0.239684577296901,0.046396479002384,0.0298918026774253,0.18411883366954
162273.411807,2581366.126422,0.0164925783397471,0.414513468938977,0.366684991753711,0.1434854315558,0.0172255818215137,0.0415979475902511
162773.411807,2581366.126422,0.0082583960359699,0.291246100201872,0.604147550009176,0.0673518076711323,0.00165167920719398,0.0273444668746559
163273.411807,2581366.126422,0.00623509994498441,0.303319273794242,0.625894003300935,0.0309921144324225,0.000366770584999083,0.033192737942417
163773.411807,2581366.126422,0.0524097489463075,0.384277075316108,0.409565695437053,0.107201759208356,0.00403151914971596,0.0425142019424592
164273.411807,2581366.126422,0.12442650027528,0.293815378968618,0.171958157460084,0.251789319141127,0.0299137456414021,0.128096898513489
164773.411807,2581366.126422,0.00935264991747662,0.21987896570695,0.571611956721071,0.191637630662021,0.000366770584999083,0.00715202640748212
165273.411807,2581366.126422,0,0.0568077698369067,0.761590617555433,0.181235110866777,0,0.000366501740883269
165773.411807,2581366.126422,0.00311983850247752,0.0645990089924757,0.786749862360066,0.143879610937787,0.000183519911910442,0.00146815929528354
166273.411807,2581366.126422,0.00641848523748395,0.229231615624427,0.509077571978727,0.243535668439391,0.000183385292499542,0.0115532734274711
166773.411807,2581366.126422,0.00384826827927433,0.318123511086678,0.20963899578523,0.429540040315191,0.00787978742899029,0.0309693971046362
167273.411807,2581366.126422,0.00752431638832813,0.313635529454946,0.363552945494586,0.2864745824922,0.00789135621214902,0.0209212699577904
167773.411807,2581366.126422,0.0144874381074638,0.266092059416835,0.410783055198973,0.230882083256923,0.0231065468549422,0.0546488171648634
168273.411807,2581366.126422,0.00293201392706615,0.145867692871541,0.321238775884185,0.502840388491845,0.015026571376214,0.0120945574491479
168773.411807,2581366.126422,0.00770783630023858,0.17838135437695,0.38575885483575,0.384474215452377,0.0256927876674619,0.0179849513672233
169273.411807,2581366.126422,0.00458463231248854,0.220612506876948,0.462130937098845,0.262791124151843,0.0232899321474418,0.0265908674124335
169773.411807,2581366.126422,0.011544804837823,0.266080263881253,0.382444566611691,0.236760124610592,0.0514934945940993,0.051676745464541
170273.411807,2581366.126422,0.101119471462654,0.515507432556432,0.0218388695173426,0.0851532391264452,0.0660671682877592,0.210313819049367
170773.411807,2581366.126422,0.0214560792224464,0.893819915642765,0,0.0133871263524665,0.0161379057399597,0.055198973042362
171273.411807,2581366.126422,0.0544255085211655,0.598314091991937,0,0.123877588418545,0.111599780098955,0.111783030969397
171773.411807,2581366.126422,0.0567076527803267,0.633510735914847,0.0168838318957607,0.100568911726922,0.0783630023857589,0.113965865296385
172273.411807,2581366.126422,0.0812396845772969,0.545571245186136,0,0.0583165230148542,0.0922428021272694,0.222629745094443
172773.411807,2581366.126422,0.0740333516584204,0.536558548653106,0,0.164376030786146,0.123511086677662,0.101520982224666
160773.411807,2580866.126422,0.0105496946141033,0.28521191930409,0.666296501943365,0.0344253192670738,0.000185082361650935,0.00333148250971682
161273.411807,2580866.126422,0.0128440366972477,0.417247706422018,0.559816513761468,0.00458715596330275,0.00073394495412844,0.00477064220183486
161773.411807,2580866.126422,0.0286186020913594,0.357182168409466,0.521188772702256,0.0561364887176665,0.000366905155017428,0.0365070629242341
162273.411807,2580866.126422,0.0553113553113553,0.408608058608059,0.325824175824176,0.0831501831501831,0.0296703296703297,0.0974358974358974
162773.411807,2580866.126422,0.00422018348623853,0.252293577981651,0.591009174311927,0.120366972477064,0.00201834862385321,0.0300917431192661
163273.411807,2580866.126422,0.00146762062006971,0.304347826086957,0.595120161438268,0.0590717299578059,0.00403595670519171,0.0359567051917079
163773.411807,2580866.126422,0.0708791208791209,0.446153846153846,0.16978021978022,0.238278388278388,0.0131868131868132,0.0617216117216117
164273.411807,2580866.126422,0.0460550458715596,0.183302752293578,0.083302752293578,0.548990825688073,0.0500917431192661,0.088256880733945
164773.411807,2580866.126422,0.00091726288754357,0.294074481746469,0.440286186020914,0.238855255916346,0.000550357732526142,0.0253164556962025
165273.411807,2580866.126422,0.00586080586080586,0.17014652014652,0.718864468864469,0.104395604395604,0,0.000732600732600733
165773.411807,2580866.126422,0.00036697247706422,0.0792660550458716,0.828807339449541,0.0906422018348624,0,0.000917431192660551
166273.411807,2580866.126422,0.000550357732526142,0.235002751788663,0.495138506696019,0.266189689965144,0.000183452577508714,0.00293524124013942
166773.411807,2580866.126422,0,0.159157509157509,0.271611721611722,0.534249084249084,0.0032967032967033,0.0316849816849817
167273.411807,2580866.126422,0.00587155963302752,0.357064220183486,0.0493577981651376,0.54605504587156,0.00935779816513761,0.0322935779816514
167773.411807,2580866.126422,0.00807191341038342,0.34800953953403,0.38653458081086,0.190240322876536,0.0143093010456797,0.0528343423225096
168273.411807,2580866.126422,0.00476190476190476,0.185897435897436,0.561721611721612,0.221794871794872,0.0128205128205128,0.013003663003663
168773.411807,2580866.126422,0.00201834862385321,0.11302752293578,0.551559633027523,0.308256880733945,0.0124770642201835,0.0126605504587156
169273.411807,2580866.126422,0.0144927536231884,0.299761511649239,0.347826086956522,0.23390203632361,0.0438451660245826,0.0601724454228582
169773.411807,2580866.126422,0.00384615384615385,0.61007326007326,0.122161172161172,0.143223443223443,0.0234432234432234,0.0972527472527473
170273.411807,2580866.126422,0.0405504587155963,0.76,0,0.00568807339449541,0.0139449541284404,0.179816513761468
170773.411807,2580866.126422,0.020546688680976,0.705742065676023,0.00293524124013942,0.060906255732893,0.0790680609062557,0.130801687763713
171273.411807,2580866.126422,0.0644688644688645,0.532967032967033,0,0.0838827838827839,0.0893772893772894,0.229304029304029
171773.411807,2580866.126422,0.0759633027522936,0.627155963302752,0.00055045871559633,0.00532110091743119,0.0291743119266055,0.261834862385321
172273.411807,2580866.126422,0.00843881856540084,0.571087873784627,0,0.0066042927903137,0.0669601907906806,0.346908824068978
172773.411807,2580866.126422,0.00989010989010989,0.597069597069597,0,0.00274725274725275,0.056043956043956,0.334249084249084
160773.411807,2580366.126422,0,0.0150111193476649,0.954410674573758,0.0296515937731653,0,0.000926612305411416
161273.411807,2580366.126422,0.00146520146520147,0.136263736263736,0.750915750915751,0.0937728937728938,0.000183150183150183,0.0173992673992674
161773.411807,2580366.126422,0.00347985347985348,0.271978021978022,0.628021978021978,0.0723443223443224,0.000183150183150183,0.023992673992674
162273.411807,2580366.126422,0.00421708837550422,0.246241290795746,0.545287862119545,0.198203153648698,0.000183351668500183,0.00586725339200587
162773.411807,2580366.126422,0.0225274725274725,0.480952380952381,0.301098901098901,0.164285714285714,0.000732600732600733,0.0304029304029304
163273.411807,2580366.126422,0.0311355311355311,0.467032967032967,0.411721611721612,0.0276556776556777,0.00366300366300366,0.0587912087912088
163773.411807,2580366.126422,0.0418041804180418,0.416391639163916,0.342684268426843,0.158782544921159,0.0111844517785112,0.0291529152915292
164273.411807,2580366.126422,0.0653846153846154,0.381868131868132,0.0888278388278388,0.269047619047619,0.0223443223443223,0.172527472527473
164773.411807,2580366.126422,0.054029304029304,0.295787545787546,0.273076923076923,0.30952380952381,0.0141025641025641,0.0534798534798535
165273.411807,2580366.126422,0.0033003300330033,0.193252658599193,0.752658599193253,0.0386872020535387,0.0044004400440044,0.0077007700770077
165773.411807,2580366.126422,0,0.29981684981685,0.665934065934066,0.0342490842490843,0,0
166273.411807,2580366.126422,0.0010989010989011,0.130586080586081,0.591025641025641,0.271245421245421,0.0010989010989011,0.00494505494505494
166773.411807,2580366.126422,0.00421708837550422,0.215071507150715,0.174184085075174,0.561422808947561,0.00513384671800513,0.03997066373304
167273.411807,2580366.126422,0.00622710622710623,0.341941391941392,0.181318681318681,0.434798534798535,0.0111721611721612,0.0245421245421245
167773.411807,2580366.126422,0.0124542124542125,0.344505494505495,0.383516483516484,0.247069597069597,0.00476190476190476,0.00769230769230769
168273.411807,2580366.126422,0.0249358269160249,0.275210854418775,0.443527686101944,0.194352768610194,0.0276861019435277,0.0342867620095343
168773.411807,2580366.126422,0.0122710622710623,0.236813186813187,0.418315018315018,0.255677655677656,0.0311355311355311,0.0457875457875458
169273.411807,2580366.126422,0.00604395604395604,0.326739926739927,0.369413919413919,0.165934065934066,0.0322344322344322,0.0996336996336996
169773.411807,2580366.126422,0.0154015401540154,0.494132746607994,0.192885955262193,0.0740740740740741,0.0388705537220389,0.184635130179685
170273.411807,2580366.126422,0.0428571428571429,0.725091575091575,0,0.0126373626373626,0.0208791208791209,0.198534798534799
170773.411807,2580366.126422,0.00989010989010989,0.764285714285714,0,0.00586080586080586,0.00915750915750916,0.210805860805861
171273.411807,2580366.126422,0.070957095709571,0.495232856618995,0.107627429409608,0.0410707737440411,0.0592225889255592,0.225889255592226
171773.411807,2580366.126422,0.00293040293040293,0.725274725274725,0.109157509157509,0.0296703296703297,0.0197802197802198,0.113186813186813
172273.411807,2580366.126422,0.0135531135531136,0.682967032967033,0.0664835164835165,0.0631868131868132,0.030952380952381,0.142857142857143
172773.411807,2580366.126422,0.050971763843051,0.620645397873121,0.022002200220022,0.0498716538320499,0.0337367070040337,0.222772277227723
160773.411807,2579866.126422,0.0303703703703704,0.304259259259259,0.578703703703704,0.0662962962962963,0.000925925925925926,0.0194444444444444
161273.411807,2579866.126422,0.0170673518076711,0.426683795191778,0.46907689484309,0.0578087722517893,0.00110111947146265,0.0282620664342081
161773.411807,2579866.126422,0.00843572345497891,0.364569961489089,0.4799193104713,0.134788189987163,0.000733541169998166,0.0115532734274711
162273.411807,2579866.126422,0.0106285504856148,0.360820963899579,0.483782297965915,0.126992853216053,0.00109950522264981,0.0166758292101887
162773.411807,2579866.126422,0,0.156175445035786,0.756285556982933,0.0785465222976693,0,0.00899247568361167
163273.411807,2579866.126422,0.0438290849073904,0.34788189987163,0.444525949018889,0.109847790207225,0.0102695763799743,0.0436456996148909
163773.411807,2579866.126422,0.0663368150998717,0.361737218251787,0.362470221733553,0.13120762323621,0.0117280557082646,0.0665200659703134
