"x","y","forest","agri","water","built","other","grass"
199273.411807,2682366.126422,0,0,0.308915388983532,0.691084611016468,0,0
199773.411807,2682366.126422,0.00385038503850385,0.0278694536120279,0.455078841217455,0.466079941327466,0.0430876420975431,0.00403373670700403
200273.411807,2682366.126422,0.0197802197802198,0.0181318681318681,0.103479853479853,0.801831501831502,0.0518315018315018,0.00494505494505494
200773.411807,2682366.126422,0.00402930402930403,0.0657509157509158,0.184432234432234,0.630952380952381,0.112820512820513,0.00201465201465201
201273.411807,2682366.126422,0.00861752841950862,0.0782911624495783,0.107627429409608,0.654748808214155,0.0863586358635864,0.0643564356435644
201773.411807,2682366.126422,0.0441391941391941,0.41007326007326,0.0580586080586081,0.266849816849817,0.0774725274725275,0.143406593406593
202273.411807,2682366.126422,0.0476190476190476,0.178388278388278,0.0338827838827839,0.336630036630037,0.279487179487179,0.123992673992674
202773.411807,2682366.126422,0.0172350568390172,0.106894022735607,0.169416941694169,0.643564356435644,0.0425375870920425,0.0203520352035204
203273.411807,2682366.126422,0.0305860805860806,0.0578754578754579,0.060989010989011,0.756043956043956,0.0706959706959707,0.0238095238095238
203773.411807,2682366.126422,0.015018315018315,0.0510989010989011,0.113003663003663,0.715201465201465,0.0523809523809524,0.0532967032967033
204273.411807,2682366.126422,0.0273193986065273,0.147414741474147,0.0287862119545288,0.547671433810048,0.110561056105611,0.138247158049138
204773.411807,2682366.126422,0.0238095238095238,0.363186813186813,0.000366300366300366,0.162271062271062,0.0549450549450549,0.395421245421245
205273.411807,2682366.126422,0.0331501831501832,0.645421245421245,0.00879120879120879,0.132051282051282,0.0351648351648352,0.145421245421245
205773.411807,2682366.126422,0.0438210487715438,0.0955262192885955,0.0353868720205354,0.605793912724606,0.112394572790612,0.107077374404107
206273.411807,2682366.126422,0.0602564102564103,0.204945054945055,0.0208791208791209,0.32985347985348,0.0858974358974359,0.298168498168498
206773.411807,2682366.126422,0.0818681318681319,0.271428571428571,0.00164835164835165,0.181684981684982,0.185531135531136,0.277838827838828
207273.411807,2682366.126422,0.0364869820315365,0.295012834616795,0,0.134396773010634,0.308030803080308,0.226072607260726
207773.411807,2682366.126422,0.0346153846153846,0.29047619047619,0.00256410256410256,0.222161172161172,0.255128205128205,0.195054945054945
208273.411807,2682366.126422,0.0721611721611722,0.294322344322344,0.00476190476190476,0.332051282051282,0.122893772893773,0.173809523809524
208773.411807,2682366.126422,0.0733406674000733,0.421708837550422,0.00586725339200587,0.168500183351668,0.0735240190685735,0.257059039237257
209273.411807,2682366.126422,0.113736263736264,0.372344322344322,0.0161172161172161,0.141208791208791,0.0619047619047619,0.294688644688645
209773.411807,2682366.126422,0.182967032967033,0.0728937728937729,0.00842490842490842,0.348168498168498,0.157692307692308,0.22985347985348
210273.411807,2682366.126422,0.0405207187385405,0.153832049871654,0.0247524752475248,0.57975797579758,0.0843417675100843,0.116795012834617
210773.411807,2682366.126422,0.0917582417582418,0.145421245421245,0.00366300366300366,0.276923076923077,0.169413919413919,0.312820512820513
211273.411807,2682366.126422,0.0287545787545788,0.328021978021978,0.000915750915750916,0.282417582417582,0.0805860805860806,0.279304029304029
211773.411807,2682366.126422,0.00876383763837638,0.506918819188192,0.00207564575645756,0.117158671586716,0.320571955719557,0.0445110701107011
199273.411807,2681866.126422,0,0,0.455192034139403,0.544807965860597,0,0
199773.411807,2681866.126422,0.00256551218618288,0.0240058640278541,0.0448964632582005,0.763056624518966,0.161627267729522,0.00384826827927433
200273.411807,2681866.126422,0.0288126261699394,0.0233070288126262,0.0708386859974307,0.768948430904753,0.0829510001835199,0.0251422279317306
200773.411807,2681866.126422,0.0399779937649001,0.0286081056299285,0.126719237117183,0.706950302585733,0.0652851641298368,0.0324591967724189
201273.411807,2681866.126422,0.0232728605460876,0.465457210921752,0.0403151914971596,0.408466190214404,0.0357339197361187,0.0267546270844787
201773.411807,2681866.126422,0.0396403009726555,0.231969168654799,0.110295467058176,0.418792438979629,0.0662506881996697,0.133051936135071
202273.411807,2681866.126422,0.0165046763249587,0.0163212910324592,0.132404181184669,0.781954887218045,0.0454795525398863,0.00733541169998166
202773.411807,2681866.126422,0.0284038849184534,0.482133040131941,0.0888766721641928,0.298515667949423,0.034084661902144,0.0679860729338464
203273.411807,2681866.126422,0.0508350155991925,0.238942925307396,0.0251422279317306,0.548357496788402,0.0706551660855203,0.0660671682877592
203773.411807,2681866.126422,0.0410783055198973,0.329176600036677,0.0174216027874564,0.476434989913809,0.0739042728773152,0.061984228864845
204273.411807,2681866.126422,0.034084661902144,0.218801539307312,0.0240058640278541,0.530877771669415,0.0703683342495877,0.121861828843687
204773.411807,2681866.126422,0.0482657368324463,0.241512204074142,0.0117452743622683,0.425949715544137,0.0849697192145348,0.187557349972472
205273.411807,2681866.126422,0.0355767467449111,0.122868145974693,0.134971575279663,0.569411333211077,0.0629011553273428,0.0742710434623143
205773.411807,2681866.126422,0.00861279091075683,0.00751328568810702,0.0725673446948873,0.891515484698552,0.0179585853032802,0.00183250870441635
206273.411807,2681866.126422,0.0394567810607451,0.012846393833731,0.0433106992108644,0.80932281152505,0.0552394934850431,0.039823820884566
206773.411807,2681866.126422,0.11608289015221,0.0282413350449294,0.0168714469099578,0.611039794608472,0.100311754997249,0.127452778287181
207273.411807,2681866.126422,0.135239142385926,0.0901594282572842,0.00109950522264981,0.245372915521349,0.15924500641378,0.36888400219901
207773.411807,2681866.126422,0.0467975775371628,0.563406129565058,0,0.0620297302257295,0.216553496054322,0.111213066617728
208273.411807,2681866.126422,0.0865578580597836,0.234733174399413,0,0.0273244085824317,0.135521731157161,0.51586282780121
208773.411807,2681866.126422,0.149532710280374,0.289902877038666,0.0120945574491479,0.123877588418545,0.0747663551401869,0.34982591167308
209273.411807,2681866.126422,0.164984400807488,0.315654248485961,0.000367039823820885,0.0879060378051019,0.0679023674068636,0.363185905670765
209773.411807,2681866.126422,0.147441775169631,0.164863377957088,0.0110031175499725,0.263157894736842,0.0773885934348065,0.33614524115166
210273.411807,2681866.126422,0.0164925783397471,0.303646692321789,0.0111783030969397,0.530694520798974,0.0700018325087044,0.0679860729338464
210773.411807,2681866.126422,0.0337676637915214,0.0535878142778491,0.0627638098733713,0.63057441732428,0.0967149935768031,0.122591301156175
211273.411807,2681866.126422,0.0562992847973593,0.171098477902072,0.00311754997249221,0.405281496423987,0.143774069319641,0.220429121584449
211773.411807,2681866.126422,0.0592848904267589,0.132179930795848,0.0378316032295271,0.474971164936563,0.174163783160323,0.12156862745098
199273.411807,2681366.126422,0,0,0.929445234708393,0.0705547652916074,0,0
199773.411807,2681366.126422,0.0139194139194139,0.0148351648351648,0.0516483516483516,0.854395604395604,0.0641025641025641,0.0010989010989011
200273.411807,2681366.126422,0.0247706422018349,0.00623853211009174,0.0532110091743119,0.839266055045872,0.0568807339449541,0.0196330275229358
200773.411807,2681366.126422,0.0605393505778756,0.0288020546688681,0.0706292423408549,0.646853788295726,0.137405980554027,0.0557695835626491
201273.411807,2681366.126422,0.00347985347985348,0.00512820512820513,0.141391941391941,0.835897435897436,0.0122710622710623,0.00183150183150183
201773.411807,2681366.126422,0.00532110091743119,0.00752293577981651,0.16697247706422,0.782752293577982,0.0227522935779817,0.0146788990825688
202273.411807,2681366.126422,0.0100898917629793,0.218675472390387,0.0612731608879105,0.675655842964594,0.021830856723537,0.0124747752705926
202773.411807,2681366.126422,0.0468864468864469,0.505311355311355,0.00128205128205128,0.257326007326007,0.0637362637362637,0.125457875457875
203273.411807,2681366.126422,0.0212844036697248,0.730825688073395,0,0.131376146788991,0.0328440366972477,0.0836697247706422
203773.411807,2681366.126422,0.0177949000183453,0.84021280498991,0,0.0313703907539901,0.010273344340488,0.100348559897267
204273.411807,2681366.126422,0.0296703296703297,0.424908424908425,0.0152014652014652,0.376923076923077,0.0554945054945055,0.0978021978021978
204773.411807,2681366.126422,0.0179816513761468,0.16348623853211,0.0770642201834862,0.575412844036697,0.0664220183486239,0.0996330275229358
205273.411807,2681366.126422,0.0132085855806274,0.0271509814712897,0.134287286736379,0.787378462667401,0.0344890845716382,0.00348559897266557
205773.411807,2681366.126422,0.0523809523809524,0.0366300366300366,0.0423076923076923,0.757692307692308,0.0602564102564103,0.0507326007326007
206273.411807,2681366.126422,0.0414678899082569,0.0365137614678899,0.0754128440366972,0.641467889908257,0.0781651376146789,0.12697247706422
206773.411807,2681366.126422,0.0649422124380847,0.0693450742982939,0.0124747752705926,0.545037607778389,0.113373692900385,0.194826637314254
207273.411807,2681366.126422,0.123992673992674,0.261721611721612,0.000732600732600733,0.101648351648352,0.173809523809524,0.338095238095238
207773.411807,2681366.126422,0.044954128440367,0.401100917431193,0,0.064954128440367,0.203669724770642,0.285321100917431
208273.411807,2681366.126422,0.0834709227664649,0.360117409649606,0,0.0559530361401578,0.168409466152999,0.332049165290772
208773.411807,2681366.126422,0.0582417582417582,0.455128205128205,0.0250915750915751,0.115384615384615,0.0558608058608059,0.29029304029304
209273.411807,2681366.126422,0.0655045871559633,0.406788990825688,0,0.184036697247706,0.0757798165137615,0.267889908256881
209773.411807,2681366.126422,0.0429279031370391,0.399559713813979,0.000366905155017428,0.37809576224546,0.106219042377545,0.0728306732709595
210273.411807,2681366.126422,0.269413919413919,0.117765567765568,0,0.181501831501831,0.058974358974359,0.372344322344322
210773.411807,2681366.126422,0.115229357798165,0.0543119266055046,0.00495412844036697,0.223669724770642,0.0818348623853211,0.52
211273.411807,2681366.126422,0.113190240322877,0.130985140341222,0.0315538433314988,0.360667767382132,0.0992478444322143,0.264355164190057
211773.411807,2681366.126422,0.127276919529629,0.0790869264468527,0.00760894627622781,0.440857735762048,0.140189070786258,0.204980401198985
199273.411807,2680866.126422,0.00056785917092561,0.00227143668370244,0.496876774559909,0.486655309483248,0.0136286201022147,0
199773.411807,2680866.126422,0.0055005500550055,0.0232856618995233,0.19031903190319,0.686468646864686,0.0909424275760909,0.00348368170150348
200273.411807,2680866.126422,0.0155677655677656,0.0342490842490843,0.139010989010989,0.687912087912088,0.107875457875458,0.0153846153846154
200773.411807,2680866.126422,0.0443223443223443,0.0282051282051282,0.148901098901099,0.696886446886447,0.0807692307692308,0.000915750915750916
201273.411807,2680866.126422,0.00678401173450678,0.0313531353135314,0.0632563256325633,0.849284928492849,0.026035936927026,0.0232856618995233
201773.411807,2680866.126422,0.0043956043956044,0.0608058608058608,0.0725274725274725,0.834798534798535,0.0142857142857143,0.0131868131868132
202273.411807,2680866.126422,0.0188644688644689,0.55018315018315,0.0177655677655678,0.31025641025641,0.0276556776556777,0.0752747252747253
202773.411807,2680866.126422,0.037037037037037,0.413274660799413,0.0247524752475248,0.368536853685369,0.0656398973230656,0.0907590759075908
203273.411807,2680866.126422,0.0531135531135531,0.621062271062271,0.00457875457875458,0.186080586080586,0.0523809523809524,0.0827838827838828
203773.411807,2680866.126422,0.0181318681318681,0.754945054945055,0.00164835164835165,0.125641025641026,0.0258241758241758,0.0738095238095238
204273.411807,2680866.126422,0.0355702236890356,0.361202786945361,0.000733406674000733,0.312981298129813,0.0766409974330766,0.212871287128713
204773.411807,2680866.126422,0.0225274725274725,0.201648351648352,0.030952380952381,0.501831501831502,0.0840659340659341,0.158974358974359
205273.411807,2680866.126422,0.0161172161172161,0.0194139194139194,0.0565934065934066,0.860989010989011,0.0324175824175824,0.0144688644688645
205773.411807,2680866.126422,0.125229189585625,0.151998533186652,0.0139347268060139,0.40960762742941,0.133296662999633,0.165933259992666
206273.411807,2680866.126422,0.147802197802198,0.0441391941391941,0.0163003663003663,0.331501831501831,0.093956043956044,0.366300366300366
206773.411807,2680866.126422,0.060989010989011,0.0805860805860806,0.0186813186813187,0.569047619047619,0.115384615384615,0.155311355311355
207273.411807,2680866.126422,0.114411441144114,0.135496883021635,0.000733406674000733,0.137697103043638,0.188302163549688,0.423359002566923
207773.411807,2680866.126422,0.101098901098901,0.321794871794872,0,0.0996336996336996,0.179304029304029,0.298168498168498
208273.411807,2680866.126422,0.0659340659340659,0.371428571428571,0,0.0272893772893773,0.0796703296703297,0.455677655677656
208773.411807,2680866.126422,0.0837917125045838,0.287862119545288,0.00568390172350568,0.222772277227723,0.074990832416575,0.324899156582325
209273.411807,2680866.126422,0.00915750915750916,0.76996336996337,0,0.126007326007326,0.0587912087912088,0.0360805860805861
209773.411807,2680866.126422,0.0137362637362637,0.695421245421245,0,0.196336996336996,0.0492673992673993,0.0452380952380952
210273.411807,2680866.126422,0.0474880821415475,0.450495049504951,0.000366703337000367,0.25009167583425,0.0731573157315732,0.178401173450678
210773.411807,2680866.126422,0.137728937728938,0.0904761904761905,0.032967032967033,0.410989010989011,0.124908424908425,0.202930402930403
211273.411807,2680866.126422,0.354578754578755,0.0283882783882784,0,0.112820512820513,0.0708791208791209,0.433333333333333
211773.411807,2680866.126422,0.138376383763838,0.103782287822878,0.003690036900369,0.383071955719557,0.0876383763837638,0.283440959409594
199273.411807,2680366.126422,0,0.00170697012802276,0.161024182076814,0.810241820768137,0.0216216216216216,0.00540540540540541
199773.411807,2680366.126422,0.00641378046545721,0.118196811434854,0.270295033901411,0.29265164009529,0.0874106652006597,0.225032068902327
200273.411807,2680366.126422,0.00220223894292531,0.151036887502294,0.288309781611305,0.350155991925124,0.0662506881996697,0.142044411818682
200773.411807,2680366.126422,0.0168714469099578,0.0570328259673574,0.199523198239501,0.6798092792958,0.0306253438474234,0.0161379057399597
201273.411807,2680366.126422,0.0161260765988638,0.0863111599780099,0.138537658053876,0.669965182334616,0.0588235294117647,0.0302363936228697
201773.411807,2680366.126422,0.0396403009726555,0.191411268122591,0.0794641218572215,0.625435859790787,0.0350523031748945,0.0289961460818499
202273.411807,2680366.126422,0.0346598202824134,0.636530350265909,0.00495140289748762,0.194571795342014,0.0291582615074271,0.10012836970475
202773.411807,2680366.126422,0.0480117280557083,0.500458127176104,0.0089792926516401,0.325453545904343,0.0692688290269379,0.0478284771852666
203273.411807,2680366.126422,0.0324830244081483,0.700862543585979,0.0132134336575518,0.178931914112681,0.017434391631492,0.0570746926041475
203773.411807,2680366.126422,0.030808729139923,0.438290849073904,0.0185219145424537,0.392994681826518,0.0423620025673941,0.0770218228498075
204273.411807,2680366.126422,0.0309693971046362,0.17152281473337,0.0454462158695254,0.596481583287521,0.0593732820230896,0.0962067069818582
204773.411807,2680366.126422,0.0249587080198202,0.127729858689668,0.0251422279317306,0.657918884198936,0.0805652413286842,0.0836850798311617
205273.411807,2680366.126422,0.0632679259123418,0.186686227764533,0.0221896203924445,0.411699981661471,0.0896754080322758,0.226480836236934
205773.411807,2680366.126422,0.0494777350192413,0.252336448598131,0.0351841671247938,0.299615173172073,0.120945574491479,0.242440901594283
206273.411807,2680366.126422,0.0278950266103872,0.0464305377133419,0.0422095797394017,0.727839970636814,0.102771150669848,0.0528537346302074
206773.411807,2680366.126422,0.0232899321474418,0.0577663671373556,0.0680359435173299,0.688795158628278,0.0825233816247937,0.079589216944801
207273.411807,2680366.126422,0.176837089976177,0.0419644493311343,0.0106285504856148,0.34084661902144,0.101887483965549,0.327835807220084
207773.411807,2680366.126422,0.225913011561754,0.130849697192145,0.000183519911910442,0.155074325564324,0.0748761240594605,0.413103321710406
208273.411807,2680366.126422,0.0834403080872914,0.234733174399413,0.000366770584999083,0.086007702182285,0.0773885934348065,0.518063451311205
208773.411807,2680366.126422,0.118563313175738,0.243173905076049,0.0155763239875389,0.0885101704233095,0.0791643760307861,0.455011911306579
209273.411807,2680366.126422,0.0412919801798495,0.532207744540283,0.00862543585979079,0.249220040374381,0.114699944944026,0.05395485410167
209773.411807,2680366.126422,0.0339262791124152,0.453878598936365,0,0.310838070786723,0.0865578580597836,0.114799193104713
210273.411807,2680366.126422,0.0053142752428074,0.0362836723474437,0,0.833974711379879,0.118746564046179,0.00568077698369067
210773.411807,2680366.126422,0.135070655166086,0.0669847678473114,0.0385391815011929,0.402092126995779,0.100568911726922,0.256744356762709
211273.411807,2680366.126422,0.312488538419219,0.0320924261874198,0.00183385292499542,0.159545204474601,0.0937098844672657,0.400330093526499
211773.411807,2680366.126422,0.148327566320646,0.106113033448674,0.0013840830449827,0.290196078431373,0.0881199538638985,0.365859284890427
199273.411807,2679866.126422,0.00142247510668563,0.0253200568990043,0.232432432432432,0.627311522048364,0.0933143669985775,0.020199146514936
199773.411807,2679866.126422,0.017032967032967,0.135164835164835,0.0421245421245421,0.615384615384615,0.05,0.14029304029304
200273.411807,2679866.126422,0.0104587155963303,0.0348623853211009,0.160917431192661,0.696330275229358,0.0678899082568807,0.0295412844036697
200773.411807,2679866.126422,0.0170610897083104,0.271142909557879,0.0662263804806457,0.536598789212988,0.0665932856356632,0.0423775454045129
201273.411807,2679866.126422,0.0274725274725275,0.117032967032967,0.163003663003663,0.595238095238095,0.0547619047619048,0.0424908424908425
201773.411807,2679866.126422,0.00825688073394495,0.151009174311927,0.139816513761468,0.645321100917431,0.048256880733945,0.0073394495412844
202273.411807,2679866.126422,0.0267840763162722,0.449825720051367,0.0266006237387635,0.304531278664465,0.0489818381948266,0.143276463034306
202773.411807,2679866.126422,0.0408424908424908,0.403296703296703,0.010989010989011,0.425824175824176,0.0558608058608059,0.0631868131868132
203273.411807,2679866.126422,0.0341284403669725,0.791559633027523,0.00201834862385321,0.128256880733945,0.0203669724770642,0.0236697247706422
203773.411807,2679866.126422,0.0300862227114291,0.694001100715465,0.00348559897266557,0.228765364153366,0.0168776371308017,0.0267840763162722
204273.411807,2679866.126422,0.0142857142857143,0.850915750915751,0.000366300366300366,0.0633699633699634,0.0344322344322344,0.0366300366300366
204773.411807,2679866.126422,0.0211009174311927,0.137981651376147,0.0310091743119266,0.692110091743119,0.0614678899082569,0.0563302752293578
205273.411807,2679866.126422,0.0638414969730325,0.286186020913594,0.000183452577508714,0.188038891946432,0.13832324344157,0.323426894147863
205773.411807,2679866.126422,0.076007326007326,0.0934065934065934,0.010989010989011,0.539194139194139,0.134798534798535,0.145604395604396
206273.411807,2679866.126422,0.0370642201834862,0.0234862385321101,0.0284403669724771,0.798165137614679,0.0686238532110092,0.0442201834862385
206773.411807,2679866.126422,0.0376077783892864,0.0535681526325445,0.0221977618785544,0.722619702806824,0.0920931939093744,0.0719134103834159
207273.411807,2679866.126422,0.151465201465201,0.0510989010989011,0.013003663003663,0.472710622710623,0.0954212454212454,0.216300366300366
207773.411807,2679866.126422,0.291743119266055,0.0464220183486239,0.00146788990825688,0.191743119266055,0.0781651376146789,0.39045871559633
208273.411807,2679866.126422,0.293524124013942,0.0532012474775271,0.00568702990277013,0.0665932856356632,0.0258668134287287,0.555127499541369
208773.411807,2679866.126422,0.0983516483516483,0.215201465201465,0,0.129304029304029,0.140842490842491,0.416300366300366
209273.411807,2679866.126422,0.0381651376146789,0.344403669724771,0.00128440366972477,0.446788990825688,0.115045871559633,0.0543119266055046
209773.411807,2679866.126422,0.0805356815263254,0.284901852871033,0.000366905155017428,0.349844065309118,0.152815997064759,0.131535498073748
210273.411807,2679866.126422,0.0802197802197802,0.185714285714286,0,0.345421245421245,0.127106227106227,0.261538461538462
210773.411807,2679866.126422,0.2,0.0673394495412844,0.0159633027522936,0.370275229357798,0.122935779816514,0.22348623853211
211273.411807,2679866.126422,0.153182902219776,0.0875068794716566,0.000733810310034856,0.217391304347826,0.103283801137406,0.4379013025133
211773.411807,2679866.126422,0.0574129582660825,0.186995619091538,0.0288217661978326,0.310583352547844,0.12912151256629,0.287064791330413
199273.411807,2679366.126422,0.033503691084611,0.570698466780239,0.0383304940374787,0.189948892674617,0.0576377058489495,0.109880749574106
199773.411807,2679366.126422,0.00311697836450312,0.365603226989366,0.0573890722405574,0.461496149614961,0.0689402273560689,0.0434543454345435
200273.411807,2679366.126422,0.0120879120879121,0.0179487179487179,0.206959706959707,0.68003663003663,0.0617216117216117,0.0212454212454212
200773.411807,2679366.126422,0.0192307692307692,0.1003663003663,0.0847985347985348,0.665018315018315,0.0738095238095238,0.0567765567765568
201273.411807,2679366.126422,0.0117345067840117,0.0960762742940961,0.10964429776311,0.724972497249725,0.030986431976531,0.0265859919325266
201773.411807,2679366.126422,0.0393772893772894,0.504212454212454,0.0450549450549451,0.305311355311355,0.0261904761904762,0.0798534798534798
202273.411807,2679366.126422,0.0181318681318681,0.612087912087912,0.00641025641025641,0.24029304029304,0.0423076923076923,0.0807692307692308
202773.411807,2679366.126422,0.00586725339200587,0.816281628162816,0.00916758342500917,0.134213421342134,0.0187018701870187,0.0157682434910158
203273.411807,2679366.126422,0.0203296703296703,0.78974358974359,0.000549450549450549,0.138827838827839,0.0137362637362637,0.0368131868131868
203773.411807,2679366.126422,0.0285714285714286,0.598168498168498,0.0108058608058608,0.249267399267399,0.0584249084249084,0.0547619047619048
204273.411807,2679366.126422,0.0421708837550422,0.431793179317932,0.022002200220022,0.376787678767877,0.0663733039970664,0.0608727539420609
204773.411807,2679366.126422,0.0553113553113553,0.186813186813187,0.0587912087912088,0.461721611721612,0.102197802197802,0.135164835164835
205273.411807,2679366.126422,0.0663003663003663,0.131501831501832,0.0021978021978022,0.304029304029304,0.13992673992674,0.356043956043956
205773.411807,2679366.126422,0.0892922625595893,0.0786578657865787,0.00696736340300697,0.377337733773377,0.12009534286762,0.327649431609828
206273.411807,2679366.126422,0.0366300366300366,0.0305860805860806,0.0441391941391941,0.697252747252747,0.0703296703296703,0.121062271062271
206773.411807,2679366.126422,0.0968864468864469,0.0446886446886447,0.0417582417582418,0.535897435897436,0.108424908424908,0.172344322344322
207273.411807,2679366.126422,0.145214521452145,0.0372203887055372,0.00605060506050605,0.512284561789512,0.118261826182618,0.180968096809681
207773.411807,2679366.126422,0.35970695970696,0.0278388278388278,0.00897435897435897,0.242307692307692,0.0565934065934066,0.304578754578755
208273.411807,2679366.126422,0.36996336996337,0.0256410256410256,0,0.0406593406593407,0.0366300366300366,0.527106227106227
208773.411807,2679366.126422,0.154015401540154,0.248624862486249,0.00201686835350202,0.181334800146681,0.107627429409608,0.306380638063806
209273.411807,2679366.126422,0.0584249084249084,0.288095238095238,0.0010989010989011,0.398717948717949,0.110622710622711,0.143040293040293
209773.411807,2679366.126422,0.161172161172161,0.0987179487179487,0.000915750915750916,0.224542124542125,0.0562271062271062,0.458424908424908
210273.411807,2679366.126422,0.166850018335167,0.102676934360103,0,0.223505683901724,0.109277594426109,0.397689768976898
210773.411807,2679366.126422,0.235164835164835,0.168681318681319,0.00164835164835165,0.183150183150183,0.0771062271062271,0.334249084249084
211273.411807,2679366.126422,0.115384615384615,0.114835164835165,0.00586080586080586,0.301465201465201,0.146153846153846,0.316300366300366
211773.411807,2679366.126422,0.0747232472324723,0.0309040590405904,0.0189114391143911,0.468634686346863,0.112546125461255,0.294280442804428
199273.411807,2678866.126422,0.0130867709815078,0.712660028449502,0.000284495021337127,0.116073968705548,0.0341394025604552,0.12375533428165
199773.411807,2678866.126422,0.0089792926516401,0.216785779732454,0.0300531427524281,0.514751695070552,0.164376030786146,0.0650540590067803
200273.411807,2678866.126422,0.00770783630023858,0.0449623784180584,0.139658652963847,0.594604514589833,0.0680858873187741,0.144980730409249
200773.411807,2678866.126422,0.0102695763799743,0.138089125252155,0.106730240234733,0.632679259123418,0.057216211259857,0.0550155877498625
201273.411807,2678866.126422,0.0142935678944475,0.245189664650907,0.0553417628733736,0.607293384643577,0.0415979475902511,0.0362836723474437
201773.411807,2678866.126422,0.0420260598274913,0.243347403193246,0.0168838318957607,0.594788034501743,0.0669847678473114,0.0359699027344467
202273.411807,2678866.126422,0.0273244085824317,0.592701265358518,0.00201723821749496,0.239317806711902,0.0436456996148909,0.0949935815147625
202773.411807,2678866.126422,0.0207073483599047,0.932013927066154,0,0.0461792193512919,0.000733003481766538,0.000366501740883269
203273.411807,2678866.126422,0.0240411084602679,0.815562488530005,0.00256927876674619,0.135254175077996,0.00458799779776106,0.0179849513672233
203773.411807,2678866.126422,0.0311754997249221,0.513662204291216,0.00348432055749129,0.346048046946635,0.0434623143223913,0.0621676141573446
204273.411807,2678866.126422,0.0348176653839106,0.155763239875389,0.00494777350192413,0.526296499908375,0.141652922851384,0.136521898479018
204773.411807,2678866.126422,0.0868049183336392,0.131583776839787,0.00770783630023858,0.24059460451459,0.134703615342265,0.398605248669481
205273.411807,2678866.126422,0.0814230698697964,0.101412066752246,0.00366770584999083,0.369521364386576,0.110214560792224,0.333761232349166
205773.411807,2678866.126422,0.0507604911123328,0.120029320139271,0.00733003481766538,0.277808319589518,0.141652922851384,0.40241891148983
206273.411807,2678866.126422,0.0563406129565058,0.0337676637915214,0.0121123141860892,0.621948981464489,0.0869884382455496,0.188841989355845
206773.411807,2678866.126422,0.0905923344947735,0.0267742527049331,0.0137538969374656,0.573262424353567,0.109114249037227,0.186502842472034
207273.411807,2678866.126422,0.0815466373465274,0.0392156862745098,0.0144768187648891,0.673630199743449,0.0982224665567161,0.0929081913139087
207773.411807,2678866.126422,0.23655716645256,0.0231235089007157,0.0154156726004772,0.316388328133603,0.0708386859974307,0.337676637915214
208273.411807,2678866.126422,0.386759581881533,0.0053181734824867,0,0.00476801760498808,0.00898587933247754,0.594168347698515
208773.411807,2678866.126422,0.134872640645043,0.166758292101887,0,0.223932563679677,0.115081546637347,0.359354956936045
209273.411807,2678866.126422,0.150302807854652,0.255826757203157,0,0.185355111029547,0.0846026793907139,0.323912644521931
209773.411807,2678866.126422,0.265725288831836,0.0115532734274711,0,0.0511644966073721,0.0115532734274711,0.66000366770585
210273.411807,2678866.126422,0.196811434854316,0.0042147700201576,0.00641378046545721,0.0419644493311343,0.0146600696353308,0.735935495693605
210773.411807,2678866.126422,0.151770967149936,0.0159662323362085,0.052303174894476,0.234721967333456,0.0440447788585061,0.501192879427418
211273.411807,2678866.126422,0.0225563909774436,0.0280579497524299,0.0929763432972676,0.73610856409316,0.0867412433522831,0.0335595085274161
211773.411807,2678866.126422,0.077277970011534,0.0901960784313725,0.00484429065743945,0.524567474048443,0.146482122260669,0.156632064590542
199273.411807,2678366.126422,0.00938833570412518,0.488477951635846,0.042674253200569,0.256614509246088,0.0418207681365576,0.161024182076814
199773.411807,2678366.126422,0.0122710622710623,0.138278388278388,0.103663003663004,0.581684981684982,0.0847985347985348,0.0793040293040293
200273.411807,2678366.126422,0.0456880733944954,0.292293577981651,0.0273394495412844,0.600917431192661,0.0236697247706422,0.0100917431192661
200773.411807,2678366.126422,0.0528343423225096,0.434599156118143,0.0100898917629793,0.432030820033021,0.0423775454045129,0.0280682443588332
201273.411807,2678366.126422,0.0316849816849817,0.476739926739927,0.0413919413919414,0.378388278388278,0.0353479853479853,0.0364468864468864
201773.411807,2678366.126422,0.0561467889908257,0.34605504587156,0.0055045871559633,0.502752293577982,0.061651376146789,0.0278899082568807
202273.411807,2678366.126422,0.0209135938359934,0.851770317372959,0,0.0365070629242341,0.0317372959090075,0.0590717299578059
202773.411807,2678366.126422,0.000732600732600733,0.920879120879121,0,0.00567765567765568,0.00586080586080586,0.0668498168498168
203273.411807,2678366.126422,0.0344954128440367,0.745871559633028,0,0.0814678899082569,0.0181651376146789,0.12
203773.411807,2678366.126422,0.0322876536415337,0.667400476976702,0,0.06989543203082,0.0675105485232067,0.162905888827738
204273.411807,2678366.126422,0.104945054945055,0.183699633699634,0.00402930402930403,0.477289377289377,0.11996336996337,0.11007326007326
204773.411807,2678366.126422,0.0414678899082569,0.254128440366972,0.00055045871559633,0.194678899082569,0.0935779816513762,0.415596330275229
205273.411807,2678366.126422,0.108970831040176,0.120895248578243,0.000183452577508714,0.153916712529811,0.0913593835993396,0.524674371674922
205773.411807,2678366.126422,0.0461538461538462,0.125641025641026,0.00183150183150183,0.350732600732601,0.21959706959707,0.256043956043956
206273.411807,2678366.126422,0.114678899082569,0.0244036697247706,0.0126605504587156,0.557981651376147,0.105688073394495,0.184587155963303
206773.411807,2678366.126422,0.0906255732893047,0.0387084938543387,0.00642084021280499,0.52926068611264,0.123830489818382,0.21115391671253
207273.411807,2678366.126422,0.135714285714286,0.0355311355311355,0.00457875457875458,0.541208791208791,0.0879120879120879,0.195054945054945
207773.411807,2678366.126422,0.404220183486239,0.0493577981651376,0.0130275229357798,0.148623853211009,0.0409174311926606,0.343853211009174
208273.411807,2678366.126422,0.463951568519538,0.0214639515685195,0,0.0214639515685195,0.0177949000183453,0.475325628325078
208773.411807,2678366.126422,0.263186813186813,0.124908424908425,0,0.0615384615384615,0.0793040293040293,0.471062271062271
209273.411807,2678366.126422,0.260366972477064,0.0889908256880734,0,0.0730275229357798,0.104403669724771,0.473211009174312
209773.411807,2678366.126422,0.358833241607045,0.00366905155017428,0,0.017978352595854,0.0258668134287287,0.593652540818199
210273.411807,2678366.126422,0.480952380952381,0.00970695970695971,0,0.0278388278388278,0.0175824175824176,0.463919413919414
210773.411807,2678366.126422,0.125871559633028,0.0247706422018349,0.0768807339449541,0.476330275229358,0.0671559633027523,0.228990825688073
211273.411807,2678366.126422,0.0966795083470923,0.0398092093193909,0.011557512383049,0.574573472757292,0.143643368189323,0.133736929003853
211773.411807,2678366.126422,0.115517638920913,0.122896011067558,0.00184459303666129,0.32672354161863,0.10398893244178,0.329029282914457
199273.411807,2677866.126422,0.0193072118114708,0.511357183418512,0.00312322544009086,0.0354911981828507,0.0383304940374787,0.392390687109597
199773.411807,2677866.126422,0.035020168683535,0.471397139713971,0.00605060506050605,0.331316464979831,0.0718738540520719,0.0843417675100843
200273.411807,2677866.126422,0.0663003663003663,0.345787545787546,0.0168498168498168,0.268681318681319,0.125274725274725,0.177106227106227
200773.411807,2677866.126422,0.0763736263736264,0.19010989010989,0.00384615384615385,0.454761904761905,0.0752747252747253,0.1996336996337
201273.411807,2677866.126422,0.0449211587825449,0.407957462412908,0.00055005500550055,0.16996699669967,0.12027869453612,0.256325632563256
201773.411807,2677866.126422,0.0516483516483516,0.373626373626374,0.00384615384615385,0.503663003663004,0.03003663003663,0.0371794871794872
202273.411807,2677866.126422,0.0509157509157509,0.695421245421245,0.00421245421245421,0.0443223443223443,0.0382783882783883,0.166849816849817
202773.411807,2677866.126422,0.0421708837550422,0.700770077007701,0,0.0397873120645398,0.0342867620095343,0.182984965163183
203273.411807,2677866.126422,0.0192307692307692,0.667399267399267,0.00201465201465201,0.0661172161172161,0.041025641025641,0.204212454212454
203773.411807,2677866.126422,0.0375457875457875,0.620512820512821,0.00201465201465201,0.0659340659340659,0.104395604395604,0.16959706959707
204273.411807,2677866.126422,0.1002933626696,0.29006233956729,0,0.143197653098643,0.221855518885222,0.244591125779245
204773.411807,2677866.126422,0.151098901098901,0.217948717948718,0,0.0340659340659341,0.106776556776557,0.49010989010989
205273.411807,2677866.126422,0.0584249084249084,0.0510989010989011,0,0.264102564102564,0.097985347985348,0.528388278388278
205773.411807,2677866.126422,0.072973964063073,0.107994132746608,0.000183351668500183,0.45012834616795,0.178217821782178,0.19050238357169
206273.411807,2677866.126422,0.146336996336996,0.0921245421245421,0,0.297802197802198,0.138461538461538,0.325274725274725
206773.411807,2677866.126422,0.157509157509158,0.0706959706959707,0,0.159157509157509,0.123260073260073,0.489377289377289
207273.411807,2677866.126422,0.420792079207921,0.125779244591126,0.00751741840850752,0.0891089108910891,0.0484048404840484,0.308397506417308
207773.411807,2677866.126422,0.488461538461538,0.114285714285714,0,0.0104395604395604,0.0282051282051282,0.358608058608059
208273.411807,2677866.126422,0.365567765567766,0.0934065934065934,0.000183150183150183,0.017032967032967,0.0415750915750916,0.482234432234432
208773.411807,2677866.126422,0.233223322332233,0.338283828382838,0,0.0148514851485149,0.0205353868720205,0.393105977264393
209273.411807,2677866.126422,0.246886446886447,0.0899267399267399,0.0146520146520147,0.036996336996337,0.100915750915751,0.510622710622711
209773.411807,2677866.126422,0.299450549450549,0.0428571428571429,0,0.159340659340659,0.0831501831501831,0.415201465201465
210273.411807,2677866.126422,0.155298863219655,0.216354968830216,0,0.132746607994133,0.188118811881188,0.307480748074807
210773.411807,2677866.126422,0.054029304029304,0.0368131868131868,0.0135531135531136,0.834981684981685,0.0228937728937729,0.0377289377289377
211273.411807,2677866.126422,0.122527472527473,0.0501831501831502,0.0271062271062271,0.641025641025641,0.0714285714285714,0.0877289377289377
211773.411807,2677866.126422,0.116466789667897,0.088330258302583,0.00761070110701107,0.373385608856089,0.164437269372694,0.249769372693727
199273.411807,2677366.126422,0.0497866287339972,0.289900426742532,0,0.174964438122333,0.0953058321479374,0.390042674253201
199773.411807,2677366.126422,0.0382994319223016,0.53142752428074,0.0089792926516401,0.207256734469489,0.087777166941543,0.126259849734286
200273.411807,2677366.126422,0.0216553496054322,0.496788401541567,0.00697375665259681,0.151403927326115,0.0504679757753716,0.272710589098917
200773.411807,2677366.126422,0.0550155877498625,0.53218411883367,0.0119200440124702,0.155694113332111,0.0451127819548872,0.200073354117
201273.411807,2677366.126422,0.0681693238042881,0.143668682426242,0.000366501740883269,0.427341029869892,0.137438152831226,0.223016309327469
201773.411807,2677366.126422,0.0212883097816113,0.541567260047715,0.000917599559552211,0.303541934299872,0.0552394934850431,0.0774454028262066
202273.411807,2677366.126422,0.0152209792774619,0.860810562992848,0,0.0247570144874381,0.0148542086924629,0.0843572345497891
202773.411807,2677366.126422,0.0249221183800623,0.911306578706249,0,0.00549752611324904,0.00861279091075683,0.049660985889683
203273.411807,2677366.126422,0.00935951550743256,0.557166452560103,0.000183519911910442,0.0420260598274913,0.0332171040557901,0.358047348137273
203773.411807,2677366.126422,0.0454795525398863,0.527599486521181,0,0.0432789290298918,0.0676691729323308,0.31597285897671
204273.411807,2677366.126422,0.136705149349459,0.2376763789628,0,0.100787978742899,0.205057724024189,0.319772768920652
204773.411807,2677366.126422,0.0607450908423564,0.169388878693338,0,0.00862543585979079,0.0693705267021472,0.691870067902367
205273.411807,2677366.126422,0.0841738492572896,0.126719237117183,0,0.203557674674491,0.121584448927196,0.46396479002384
205773.411807,2677366.126422,0.168957302547187,0.0835623969213854,0,0.148616455928166,0.114715044896463,0.484148799706799
206273.411807,2677366.126422,0.126078179482474,0.0422095797394017,0,0.374380620297302,0.144063130849697,0.313268489631125
206773.411807,2677366.126422,0.158444892719604,0.0689528699798276,0,0.30808729139923,0.11608289015221,0.348432055749129
207273.411807,2677366.126422,0.249770936411948,0.0881436686824262,0.000183250870441635,0.0896096756459593,0.102437236576874,0.469855231812351
207773.411807,2677366.126422,0.281703064782529,0.26959075059644,0,0.0196366305744173,0.0458799779776106,0.383189576069004
208273.411807,2677366.126422,0.169631395562076,0.456629378323858,0,0.134421419402164,0.0573995965523565,0.181918210159545
208773.411807,2677366.126422,0.045629466739967,0.422026754627084,0,0.0366501740883269,0.0787978742899029,0.416895730254719
209273.411807,2677366.126422,0.158194164066801,0.110846026793907,0,0.0267939071389246,0.131400256927877,0.57276564507249
209773.411807,2677366.126422,0.214744177516963,0.0473134054648817,0,0.240601503759398,0.17219878965707,0.325142123601687
210273.411807,2677366.126422,0.11324903793293,0.0480117280557083,0.000183250870441635,0.257650723840938,0.189114898295767,0.391790361004215
210773.411807,2677366.126422,0.0939621948981464,0.0563406129565058,0.0211047898697009,0.441548908056524,0.12883097816113,0.258212516057992
211273.411807,2677366.126422,0.116633046029708,0.239684577296901,0.00348432055749129,0.225747295066936,0.171648633779571,0.242802127269393
211773.411807,2677366.126422,0.0687427912341407,0.480968858131488,0,0.260207612456747,0.1040369088812,0.0860438292964245
199273.411807,2676866.126422,0.00142247510668563,0.0184921763869132,0.724608819345661,0.201137980085349,0.0227596017069701,0.0315789473684211
199773.411807,2676866.126422,0.00384615384615385,0.273260073260073,0.287912087912088,0.284432234432234,0.0355311355311355,0.115018315018315
200273.411807,2676866.126422,0.0212844036697248,0.549724770642202,0.00128440366972477,0.153577981651376,0.0469724770642202,0.227155963302752
200773.411807,2676866.126422,0.0387084938543387,0.378646119977986,0.000366905155017428,0.129150614566135,0.0693450742982939,0.38378279214823
201273.411807,2676866.126422,0.0384615384615385,0.435347985347985,0.00146520146520147,0.203846153846154,0.0978021978021978,0.223076923076923
201773.411807,2676866.126422,0.0455045871559633,0.37045871559633,0,0.303669724770642,0.106422018348624,0.17394495412844
202273.411807,2676866.126422,0.0423775454045129,0.569620253164557,0.00165107319757843,0.179233168226014,0.0544854155200881,0.15263254448725
202773.411807,2676866.126422,0.017032967032967,0.73974358974359,0,0.0703296703296703,0.0201465201465201,0.152747252747253
