"x","y","forest","agri","water","built","other","grass"
313273.411807,2793366.126422,0.576007326007326,0.130586080586081,0,0,0,0.293406593406593
313773.411807,2793366.126422,0.355885588558856,0.0760909424275761,0.0511551155115512,0.17015034836817,0.0342867620095343,0.312431243124312
313273.411807,2792866.126422,0.667705849990831,0.0733541169998166,0,0.0053181734824867,0.00458463231248854,0.249037227214377
313773.411807,2792866.126422,0.13560564412681,0.169690306028954,0.190947407000183,0.131757375847535,0.0207073483599047,0.351291918636614
313273.411807,2792366.126422,0.421023665382499,0.130801687763713,0,0.0383415886993212,0.0376077783892864,0.372225279765181
313773.411807,2792366.126422,0.032967032967033,0.176007326007326,0.1496336996337,0.207875457875458,0.0827838827838828,0.350732600732601
313273.411807,2791866.126422,0.0754578754578755,0.212454212454212,0,0.0494505494505494,0.065018315018315,0.597619047619048
313773.411807,2791866.126422,0.0597726439310598,0.142097543087642,0.00183351668500183,0.0584891822515585,0.0720572057205721,0.665749908324166
314273.411807,2791866.126422,0.0243589743589744,0.198168498168498,0.275091575091575,0.186630036630037,0.0424908424908425,0.273260073260073
313273.411807,2791366.126422,0.0454795525398863,0.386026040711535,0.0097194205024757,0.103062534384742,0.0821566110397946,0.373555840821566
313773.411807,2791366.126422,0.0342679127725857,0.508887667216419,0.00714678394722375,0.0701850833791461,0.0459959684808503,0.333516584203775
314273.411807,2791366.126422,0.0220223894292531,0.415489080565241,0.0985501926959075,0.129198017984951,0.0411084602679391,0.293631859056708
314773.411807,2791366.126422,0.01998899688245,0.183568677792041,0.134421419402164,0.407298734641482,0.0711534934898221,0.183568677792041
315273.411807,2791366.126422,0.0925416895730255,0.130841121495327,0.192413413963716,0.492211838006231,0.0392156862745098,0.0527762506871908
313273.411807,2790866.126422,0.0487983856173179,0.540451293340671,0.00385250412768299,0.0882406897816914,0.029535864978903,0.289121262153733
313773.411807,2790866.126422,0.0331501831501832,0.278937728937729,0.0010989010989011,0.325641025641026,0.0333333333333333,0.327838827838828
314273.411807,2790866.126422,0.0825688073394495,0.243119266055046,0,0.17743119266055,0.0787155963302752,0.418165137614679
314773.411807,2790866.126422,0.139057053751605,0.257750871399743,0.000366905155017428,0.215556778572739,0.0651256650155935,0.322142726105302
315273.411807,2790866.126422,0.436996336996337,0.129120879120879,0.0496336996336996,0.199450549450549,0.0258241758241758,0.158974358974359
313273.411807,2790366.126422,0.0714285714285714,0.570879120879121,0.00641025641025641,0.121062271062271,0.0505494505494506,0.17967032967033
313773.411807,2790366.126422,0.0572057205720572,0.288412174550788,0.000916758342500917,0.374404107077374,0.0665566556655666,0.212504583791712
314273.411807,2790366.126422,0.0545787545787546,0.186080586080586,0.000549450549450549,0.658058608058608,0.0521978021978022,0.0485347985347985
314773.411807,2790366.126422,0.168315018315018,0.315384615384615,0,0.130586080586081,0.0371794871794872,0.348534798534799
315273.411807,2790366.126422,0.0847084708470847,0.216905023835717,0.133480014668133,0.105977264393106,0.0412541254125413,0.417675100843418
313273.411807,2789866.126422,0.324591967724189,0.456445993031359,0,0.0242068586099395,0.0253071703649367,0.169448010269576
313773.411807,2789866.126422,0.13340663368151,0.423492761590618,0,0.0901594282572842,0.0696353307678211,0.283305845702767
314273.411807,2789866.126422,0.325380803817214,0.218572215085337,0,0.136538814461369,0.0636814094329235,0.255826757203157
314773.411807,2789866.126422,0.177883733724555,0.154960572162113,0.0207225380524482,0.313405464881717,0.0757381258023107,0.257289565376857
315273.411807,2789866.126422,0.185816382627817,0.164559281656588,0.0144768187648891,0.172072567344695,0.0615722924683892,0.401502657137621
315773.411807,2789866.126422,0.131767296751698,0.0440447788585061,0.303725454211782,0.135621214901817,0.00862543585979079,0.376215819416407
313273.411807,2789366.126422,0.579893597505045,0.168409466152999,0.000550357732526142,0.0310034855989727,0.0344890845716382,0.185654008438819
313773.411807,2789366.126422,0.453296703296703,0.188278388278388,0.000183150183150183,0.0141025641025641,0.0221611721611722,0.321978021978022
314273.411807,2789366.126422,0.544220183486239,0.188807339449541,0.000917431192660551,0.0291743119266055,0.0155963302752294,0.221284403669725
314773.411807,2789366.126422,0.169510181618052,0.333333333333333,0.00165107319757843,0.0952118877270226,0.0605393505778756,0.339754173546138
315273.411807,2789366.126422,0.116300366300366,0.293956043956044,0.000366300366300366,0.104395604395604,0.0509157509157509,0.434065934065934
315773.411807,2789366.126422,0.23394495412844,0.119633027522936,0.0412844036697248,0.0871559633027523,0.0295412844036697,0.488440366972477
316273.411807,2789366.126422,0.0242157402311502,0.0766831773986425,0.510548523206751,0.248394789946799,0.0368739680792515,0.103283801137406
320273.411807,2789366.126422,0.0431192660550459,0.138532110091743,0.484036697247706,0.20605504587156,0.00935779816513761,0.118899082568807
313273.411807,2788866.126422,0.573992673992674,0.131868131868132,0,0.0272893772893773,0.0221611721611722,0.244688644688645
313773.411807,2788866.126422,0.724605793912725,0.0463879721305464,0,0.00605060506050605,0.00733406674000733,0.215621562156216
314273.411807,2788866.126422,0.72014652014652,0.0950549450549451,0,0.00256410256410256,0.00677655677655678,0.175457875457875
314773.411807,2788866.126422,0.782051282051282,0.0571428571428571,0,0.0256410256410256,0.0146520146520147,0.120512820512821
315273.411807,2788866.126422,0.152731939860653,0.37000366703337,0,0.0559222588925559,0.0341034103410341,0.387238723872387
315773.411807,2788866.126422,0.582600732600733,0.138827838827839,0,0.0371794871794872,0.017032967032967,0.224358974358974
316273.411807,2788866.126422,0.422893772893773,0.0785714285714286,0.00164835164835165,0.13003663003663,0.0419413919413919,0.324908424908425
316773.411807,2788866.126422,0.0386872020535387,0.083975064173084,0.176934360102677,0.297396406307297,0.0526219288595526,0.35038503850385
319773.411807,2788866.126422,0.0449211587825449,0.0669233590025669,0.290979097909791,0.472497249724972,0.0192519251925193,0.105427209387605
313273.411807,2788366.126422,0.567027324408582,0.0977443609022556,0,0.0066018705299835,0.0133871263524665,0.315239317806712
313773.411807,2788366.126422,0.66483415796225,0.0674363203225215,0,0.00256551218618288,0.00403151914971596,0.261132490379329
314273.411807,2788366.126422,0.7592218755735,0.055606533308864,0,0.00330335841438796,0.00146815929528354,0.180400073407965
314773.411807,2788366.126422,0.65982028241335,0.0557491289198606,0,0.00183385292499542,0.00513478818998716,0.277461947551806
315273.411807,2788366.126422,0.451163643027304,0.137438152831226,0.000183250870441635,0.0833791460509437,0.0494777350192413,0.278358072200843
315773.411807,2788366.126422,0.759038355661589,0.0385391815011929,0,0.00991007524316388,0.0187190310148651,0.173793356579189
316273.411807,2788366.126422,0.751146158078122,0.0278745644599303,0.00128369704749679,0.0715202640748212,0.0269576379974326,0.121217678342197
316773.411807,2788366.126422,0.200109950522265,0.107018508337915,0.00916254352208173,0.394172622319956,0.0729338464357706,0.216602528862012
317273.411807,2788366.126422,0.0647825289043861,0.0675353275830428,0.0827674802716095,0.0901082767480272,0.0647825289043861,0.630023857588548
318273.411807,2788366.126422,0.0487447315374748,0.195528678761224,0.188931647425325,0.293567894447499,0.055158512002932,0.218068535825545
318773.411807,2788366.126422,0.349788952101303,0.229583409799963,0.0409249403560286,0.0803817214167737,0.0121123141860892,0.287208662139842
319273.411807,2788366.126422,0.506326792591234,0.110397946084724,0.0467632495873831,0.262057582981845,0.0100861910874748,0.0643682376673391
319773.411807,2788366.126422,0.21971779365952,0.0925416895730255,0.099321971779366,0.371999266996518,0.0199743448781382,0.196444933113432
313273.411807,2787866.126422,0.844432214272611,0.120161438268208,0,0.00091726288754357,0.00146762062006971,0.0330214639515685
313773.411807,2787866.126422,0.827289377289377,0.0657509157509158,0,0.00805860805860806,0.00641025641025641,0.0924908424908425
314273.411807,2787866.126422,0.685321100917431,0.0981651376146789,0,0.0152293577981651,0.0177981651376147,0.18348623853211
314773.411807,2787866.126422,0.662814162538984,0.0188956154833975,0,0.00110071546505228,0.00568702990277013,0.311502476609796
315273.411807,2787866.126422,0.588644688644689,0.0756410256410256,0.000183150183150183,0.0223443223443223,0.0188644688644689,0.294322344322344
315773.411807,2787866.126422,0.773211009174312,0.00623853211009174,0,0.00201834862385321,0.00275229357798165,0.215779816513761
316273.411807,2787866.126422,0.773436066776738,0.0366905155017428,0.00568702990277013,0.0100898917629793,0.0121078701155751,0.161988625940194
316773.411807,2787866.126422,0.758424908424908,0.0413919413919414,0.000183150183150183,0.0485347985347985,0.019047619047619,0.132417582417582
317273.411807,2787866.126422,0.66697247706422,0.0644036697247706,0,0.0805504587155963,0.0137614678899083,0.174311926605505
317773.411807,2787866.126422,0.707760044028619,0.0985140341221794,0,0.0526508897450009,0.0183452577508714,0.12272977435333
318273.411807,2787866.126422,0.825274725274725,0.0880952380952381,0,0,0,0.0866300366300366
318773.411807,2787866.126422,0.690642201834862,0.0856880733944954,0,0.0456880733944954,0.0190825688073394,0.158899082568807
319273.411807,2787866.126422,0.640249495505412,0.0377912309667951,0.00091726288754357,0.133186571271326,0.0289855072463768,0.158869932122546
313273.411807,2787366.126422,0.94010989010989,0.039010989010989,0,0,0,0.0208791208791209
313773.411807,2787366.126422,0.937477081041437,0.0418041804180418,0,0,0,0.0207187385405207
314273.411807,2787366.126422,0.913003663003663,0.0404761904761905,0,0.000549450549450549,0.000366300366300366,0.0456043956043956
314773.411807,2787366.126422,0.458241758241758,0.155128205128205,0.000183150183150183,0.0166666666666667,0.0152014652014652,0.354578754578755
315273.411807,2787366.126422,0.715988265493216,0.0487715438210488,0,0.00348368170150348,0.00641730839750642,0.225339200586725
315773.411807,2787366.126422,0.857875457875458,0.00714285714285714,0,0,0,0.134981684981685
316273.411807,2787366.126422,0.921611721611722,0.00641025641025641,0,0.00238095238095238,0.000915750915750916,0.0686813186813187
316773.411807,2787366.126422,0.857719105243858,0.0485881921525486,0,0,0,0.0936927026035937
317273.411807,2787366.126422,0.912820512820513,0.039010989010989,0,0,0,0.0481684981684982
317773.411807,2787366.126422,0.717399267399267,0.0778388278388278,0,0.0010989010989011,0.000732600732600733,0.202930402930403
318273.411807,2787366.126422,0.434176751008434,0.0830583058305831,0.000366703337000367,0.0643564356435644,0.0621562156215622,0.355885588558856
318773.411807,2787366.126422,0.596336996336996,0.0435897435897436,0.000183150183150183,0.0565934065934066,0.0243589743589744,0.278937728937729
313273.411807,2786866.126422,0.908490739042729,0.0348432055749129,0,0.00183385292499542,0.000733541169998166,0.0540986612873648
313773.411807,2786866.126422,0.894997251236943,0.0238226131574125,0,0,0,0.0811801356056441
314273.411807,2786866.126422,0.755918517159112,0.0532207744540283,0,0.000734079647641769,0.00256927876674619,0.187557349972472
314773.411807,2786866.126422,0.538602604071153,0.123234916559692,0.000183385292499542,0.00476801760498808,0.00421786172748946,0.328993214744178
315273.411807,2786866.126422,0.772035917170607,0.0797141286421111,0,0.000549752611324904,0.000549752611324904,0.147150448964633
315773.411807,2786866.126422,0.806937052670215,0.0618462103138191,0,0.00238575885483575,0.000917599559552211,0.127913378601578
316273.411807,2786866.126422,0.829818448560425,0.0788556757748029,0,0,0,0.0913258756647717
316773.411807,2786866.126422,0.855781564962434,0.0432472054242258,0,0,0,0.100971229613341
317273.411807,2786866.126422,0.916131400256928,0.00862543585979079,0,0,0,0.0752431638832813
317773.411807,2786866.126422,0.895653768567761,0.00935264991747662,0,0,0,0.0949935815147625
318273.411807,2786866.126422,0.608392889866227,0.0689023272860546,0,0.034084661902144,0.0357339197361187,0.252886201209456
318773.411807,2786866.126422,0.226096531473665,0.183886951734263,0.00623967700495504,0.297669297118737,0.0752431638832813,0.210864378785098
313273.411807,2786366.126422,0.927169326729041,0.0143093010456797,0,0,0,0.0585213722252798
313773.411807,2786366.126422,0.774908424908425,0.056043956043956,0.000915750915750916,0.000366300366300366,0.000549450549450549,0.167216117216117
314273.411807,2786366.126422,0.628256880733945,0.0693577981651376,0.00110091743119266,0.00073394495412844,0.00146788990825688,0.299082568807339
314773.411807,2786366.126422,0.675105485232067,0.138139790864062,0,0.00366905155017428,0.00238488350761328,0.180700788846083
315273.411807,2786366.126422,0.258241758241758,0.319047619047619,0.0010989010989011,0.00879120879120879,0.0122710622710623,0.400549450549451
315773.411807,2786366.126422,0.582752293577982,0.127889908256881,0.0036697247706422,0.00256880733944954,0.00972477064220183,0.273394495412844
316273.411807,2786366.126422,0.869014859658778,0.0662263804806457,0,0.000366905155017428,0.00165107319757843,0.0627407815079802
316773.411807,2786366.126422,0.772527472527473,0.0525641025641026,0,0,0.000549450549450549,0.174358974358974
317273.411807,2786366.126422,0.628073394495413,0.0577981651376147,0.00055045871559633,0.000917431192660551,0.00036697247706422,0.312293577981651
317773.411807,2786366.126422,0.742065676022748,0.0440286186020914,0,0,0.000550357732526142,0.213355347642634
318273.411807,2786366.126422,0.724725274725275,0.0655677655677656,0,0.0021978021978022,0.0021978021978022,0.205311355311355
318773.411807,2786366.126422,0.635596330275229,0.109357798165138,0,0.0267889908256881,0.00678899082568807,0.221467889908257
319273.411807,2786366.126422,0.17409649605577,0.113190240322877,0.206934507429829,0.288570904421207,0.0394423041643735,0.177765547605944
313273.411807,2785866.126422,0.881501831501831,0.0507326007326007,0,0,0,0.0677655677655678
313773.411807,2785866.126422,0.858452511917858,0.0693069306930693,0,0.000183351668500183,0.00055005500550055,0.0715071507150715
314273.411807,2785866.126422,0.707692307692308,0.0783882783882784,0,0.0032967032967033,0.00457875457875458,0.206043956043956
314773.411807,2785866.126422,0.532051282051282,0.263553113553114,0.000183150183150183,0.000366300366300366,0.0021978021978022,0.201648351648352
315273.411807,2785866.126422,0.338100476714338,0.317381738173817,0,0.0113678034470114,0.00953428676200953,0.323615694902824
315773.411807,2785866.126422,0.5496336996337,0.115018315018315,0,0.00970695970695971,0.00750915750915751,0.318131868131868
316273.411807,2785866.126422,0.888461538461538,0.0529304029304029,0,0,0,0.0586080586080586
316773.411807,2785866.126422,0.742757609094243,0.0515218188485515,0,0,0,0.205720572057206
317273.411807,2785866.126422,0.21978021978022,0.114468864468864,0.0188644688644689,0.000732600732600733,0.00347985347985348,0.642673992673993
317773.411807,2785866.126422,0.146520146520147,0.127838827838828,0.00183150183150183,0.0157509157509158,0.00750915750915751,0.700549450549451
318273.411807,2785866.126422,0.584158415841584,0.00458379171250458,0,0.000183351668500183,0.000733406674000733,0.41034103410341
318773.411807,2785866.126422,0.495421245421245,0.0353479853479853,0,0.102930402930403,0.0703296703296703,0.295970695970696
319273.411807,2785866.126422,0.363736263736264,0.0853479853479854,0.0043956043956044,0.18040293040293,0.0283882783882784,0.337728937728938
319773.411807,2785866.126422,0.0344701136780345,0.092959295929593,0.198569856985699,0.546021268793546,0.046021268793546,0.081958195819582
320273.411807,2785866.126422,0.131135531135531,0.16978021978022,0.122527472527473,0.385714285714286,0.019047619047619,0.171794871794872
313273.411807,2785366.126422,0.892352833302769,0.0190720704199523,0,0,0,0.0885750962772786
313773.411807,2785366.126422,0.917720359171706,0.0219901044529962,0,0,0,0.0602895363752978
314273.411807,2785366.126422,0.775004587997798,0.0888236373646541,0,0.00110111947146265,0.0034868783262984,0.131583776839787
314773.411807,2785366.126422,0.517329910141207,0.18411883366954,0.000550155877498625,0.00550155877498625,0.00623509994498441,0.286264441591784
315273.411807,2785366.126422,0.465457210921752,0.156862745098039,0,0.013560564412681,0.0042147700201576,0.35990470954737
315773.411807,2785366.126422,0.630941457148101,0.0902917966599376,0.000550559735731327,0.0495503762158194,0.0148651128647458,0.213800697375665
316273.411807,2785366.126422,0.700898587933248,0.0944434256372639,0.00586832935998533,0.0366770584999083,0.030808729139923,0.131303869429672
316773.411807,2785366.126422,0.676195711929632,0.0546087593916071,0,0.00403151914971596,0.00494777350192413,0.260216236027121
317273.411807,2785366.126422,0.657184804551294,0.113598825472564,0,0.00110111947146265,0.00220223894292531,0.225913011561754
317773.411807,2785366.126422,0.871263524665322,0,0,0,0,0.128736475334678
318273.411807,2785366.126422,0.865127359354957,0.00403151914971596,0,0.000183250870441635,0.000183250870441635,0.130474619754444
318773.411807,2785366.126422,0.46467241695724,0.0427601394751331,0.00422095797394017,0.303541934299872,0.0379886217654616,0.146815929528354
319273.411807,2785366.126422,0.206675224646983,0.209426004034476,0.0205391527599487,0.272510544654319,0.0671190170548322,0.223730056849441
319773.411807,2785366.126422,0.75004581271761,0.078248121678578,0.0353674179952355,0.0414146967198094,0.0102620487447315,0.0846619021440352
320273.411807,2785366.126422,0.739952284822903,0.051018535511103,0,0.000550559735731327,0.000367039823820885,0.208111580106442
320773.411807,2785366.126422,0.454428754813864,0.176966807262058,0.0209059233449477,0.0408949202273978,0.0117366587199707,0.295066935631762
321273.411807,2785366.126422,0.0448964632582005,0.14458493677845,0.29704966098589,0.294484148799707,0.0243723657687374,0.194612424409016
313273.411807,2784866.126422,0.533113190240323,0.16547422491286,0,0.0176114474408365,0.0212804989910108,0.26252063841497
313773.411807,2784866.126422,0.360622710622711,0.229304029304029,0,0.0104395604395604,0.013003663003663,0.386630036630037
314273.411807,2784866.126422,0.24348623853211,0.338532110091743,0.00128440366972477,0.0119266055045872,0.0176146788990826,0.387155963302752
314773.411807,2784866.126422,0.206017244542286,0.426894147862777,0.000183452577508714,0.0106402494955054,0.0130251330031187,0.343239772518804
315273.411807,2784866.126422,0.201465201465201,0.303113553113553,0.000183150183150183,0.00641025641025641,0.00714285714285714,0.481684981684982
315773.411807,2784866.126422,0.712477064220184,0.0860550458715596,0.00055045871559633,0.00238532110091743,0.00422018348623853,0.194311926605505
316273.411807,2784866.126422,0.778022381214456,0.0401761144744084,0,0.00532012474775271,0.0091726288754357,0.167308750687947
316773.411807,2784866.126422,0.781501831501832,0.0445054945054945,0,0.00549450549450549,0.00476190476190476,0.163736263736264
317273.411807,2784866.126422,0.832844036697248,0.0328440366972477,0,0.00018348623853211,0.00036697247706422,0.133761467889908
317773.411807,2784866.126422,0.819482663731425,0.0190790680609063,0,0.000733810310034856,0.000733810310034856,0.159970647587599
318273.411807,2784866.126422,0.379304029304029,0.116483516483516,0,0.0417582417582418,0.0318681318681319,0.430586080586081
318773.411807,2784866.126422,0.407889908256881,0.212660550458716,0.0018348623853211,0.0603669724770642,0.021651376146789,0.295596330275229
319273.411807,2784866.126422,0.831957439002018,0.115024766097964,0,0.000183452577508714,0,0.0528343423225096
319773.411807,2784866.126422,0.961538461538462,0.0128205128205128,0,0,0,0.0256410256410256
320273.411807,2784866.126422,0.926605504587156,0.0251376146788991,0,0,0,0.048256880733945
320773.411807,2784866.126422,0.836910658594753,0.0258668134287287,0,0,0,0.137222527976518
321273.411807,2784866.126422,0.407692307692308,0.0509157509157509,0.0419413919413919,0.17967032967033,0.0307692307692308,0.289010989010989
313273.411807,2784366.126422,0.673076923076923,0.152747252747253,0,0.00842490842490842,0.00549450549450549,0.16025641025641
313773.411807,2784366.126422,0.29024569123579,0.282361569490282,0.00055005500550055,0.0185185185185185,0.0293362669600293,0.378987898789879
314273.411807,2784366.126422,0.234615384615385,0.415750915750916,0,0.0470695970695971,0.0236263736263736,0.278937728937729
314773.411807,2784366.126422,0.271978021978022,0.257692307692308,0.00512820512820513,0.172161172161172,0.0798534798534798,0.213186813186813
315273.411807,2784366.126422,0.606894022735607,0.0407040704070407,0,0.113127979464613,0.0251191785845251,0.214154748808214
315773.411807,2784366.126422,0.632783882783883,0.00750915750915751,0.000915750915750916,0.0261904761904762,0.0210622710622711,0.311538461538462
316273.411807,2784366.126422,0.590659340659341,0.0974358974358974,0.00311355311355311,0.0769230769230769,0.0575091575091575,0.174358974358974
316773.411807,2784366.126422,0.654198753208654,0.0931426475980931,0,0.00971763843050972,0.0117345067840117,0.231206453978731
317273.411807,2784366.126422,0.713003663003663,0.052014652014652,0.000183150183150183,0.0483516483516484,0.0236263736263736,0.162820512820513
317773.411807,2784366.126422,0.645421245421245,0.0732600732600733,0.0021978021978022,0.0404761904761905,0.0291208791208791,0.20952380952381
318273.411807,2784366.126422,0.59039237257059,0.152548588192153,0,0.0335533553355336,0.0306197286395306,0.192885955262193
318773.411807,2784366.126422,0.746520146520147,0.0692307692307692,0,0.00311355311355311,0.00384615384615385,0.177289377289377
319273.411807,2784366.126422,0.78021978021978,0.0393772893772894,0.000366300366300366,0.0161172161172161,0.00824175824175824,0.155677655677656
319773.411807,2784366.126422,0.812981298129813,0.0203520352035204,0,0.00366703337000367,0.00128346167950128,0.161716171617162
320273.411807,2784366.126422,0.788827838827839,0.0641025641025641,0,0,0,0.147069597069597
320773.411807,2784366.126422,0.799084249084249,0.00934065934065934,0,0.00549450549450549,0.0032967032967033,0.182783882783883
313273.411807,2783866.126422,0.526132404181185,0.187419768934531,0,0.0117366587199707,0.010819732257473,0.26389143590684
313773.411807,2783866.126422,0.642844053509254,0.1456844420011,0.000549752611324904,0.0124610591900312,0.0188748396554884,0.179585853032802
314273.411807,2783866.126422,0.662690401908607,0.0609286107542668,0,0.0543218939254909,0.0220223894292531,0.200036703982382
314773.411807,2783866.126422,0.476801760498808,0.0460297084173849,0,0.281679809279296,0.0594168347698515,0.13607188703466
315273.411807,2783866.126422,0.727505955653289,0.0331684075499359,0,0.00164925783397471,0.00604727872457394,0.231629100238226
315773.411807,2783866.126422,0.552761974674252,0.135621214901817,0,0.0152321526885667,0.0306478252890439,0.26573683244632
316273.411807,2783866.126422,0.633596185585916,0.0645516229598386,0,0.0885750962772786,0.0302585732624244,0.183018521914542
316773.411807,2783866.126422,0.577240241891149,0.234011361553967,0,0.0296866410115448,0.021073850100788,0.137987905442551
317273.411807,2783866.126422,0.769498990640484,0.153973206092861,0,0.028629106258029,0.00770783630023858,0.0401908607083869
317773.411807,2783866.126422,0.894920227397763,0.0687694846873281,0,0,0,0.0363102879149092
318273.411807,2783866.126422,0.749862561847169,0.0731170973062122,0,0.00164925783397471,0.00403151914971596,0.171339563862928
318773.411807,2783866.126422,0.771334189759589,0.123508900715728,0,0.025325747843641,0.00385391815011929,0.0759772435309231
319273.411807,2783866.126422,0.446726572528883,0.110764716669723,0,0.0931597285897671,0.0165046763249587,0.332844305886668
319773.411807,2783866.126422,0.658237126626351,0.0494777350192413,0.000549752611324904,0.10207073483599,0.0221733553234378,0.167491295583654
320273.411807,2783866.126422,0.709855019269591,0.0350523031748945,0.00110111947146265,0.108093228115251,0.0240411084602679,0.121857221508534
320773.411807,2783866.126422,0.519347148358702,0.194388410049514,0.000550155877498625,0.0674857876398313,0.0170548322024574,0.201173665871997
321273.411807,2783866.126422,0.691772035917171,0.128825361920469,0,0,0,0.17940260216236
321773.411807,2783866.126422,0.714075977243531,0.138741053404294,0,0.0034868783262984,0.00201871903101487,0.141677371994861
322273.411807,2783866.126422,0.592701265358518,0.187603154227031,0,0.00953603520997616,0.00293416467999266,0.207225380524482
322773.411807,2783866.126422,0.452629649990837,0.144768187648891,0,0.0238226131574125,0.0309693971046362,0.347810152098222
323273.411807,2783866.126422,0.27821618645623,0.231235089007157,0.0247751881079097,0.0717562855569829,0.0214718296935217,0.372545421178198
323773.411807,2783866.126422,0.0412616908123968,0.0447460113698881,0.175316339629562,0.589216944801027,0.0342930496974143,0.115165963689712
313273.411807,2783366.126422,0.673637864611998,0.152265639332233,0,0.00165107319757843,0.00201797835259585,0.170427444505595
313773.411807,2783366.126422,0.83003663003663,0.0758241758241758,0,0.00146520146520147,0.00256410256410256,0.0901098901098901
314273.411807,2783366.126422,0.751926605504587,0.0220183486238532,0,0.00018348623853211,0.00220183486238532,0.223669724770642
314773.411807,2783366.126422,0.543386534580811,0.102916895982389,0,0.00623738763529628,0.010273344340488,0.337185837461016
315273.411807,2783366.126422,0.576556776556777,0.241208791208791,0,0.0177655677655678,0.0250915750915751,0.139377289377289
315773.411807,2783366.126422,0.511192660550459,0.222201834862385,0,0.0240366972477064,0.0146788990825688,0.227889908256881
316273.411807,2783366.126422,0.805356815263254,0.178682810493487,0,0,0.000183452577508714,0.0157769216657494
316773.411807,2783366.126422,0.872161172161172,0.0891941391941392,0,0,0,0.0386446886446886
317273.411807,2783366.126422,0.880917431192661,0.0840366972477064,0,0,0,0.035045871559633
317773.411807,2783366.126422,0.836360300862227,0.0931939093744267,0,0,0,0.0704457897633462
318273.411807,2783366.126422,0.762087912087912,0.119230769230769,0,0,0,0.118681318681319
318773.411807,2783366.126422,0.79045871559633,0.0579816513761468,0,0,0,0.151559633027523
319273.411807,2783366.126422,0.777655476059439,0.0959456980370574,0,0,0,0.126398825903504
319773.411807,2783366.126422,0.633699633699634,0.071978021978022,0.000732600732600733,0.149267399267399,0.0216117216117216,0.122710622710623
320273.411807,2783366.126422,0.313394495412844,0.200366972477064,0.00587155963302752,0.326238532110092,0.0264220183486239,0.127706422018349
320773.411807,2783366.126422,0.698587415153183,0.0330214639515685,0,0,0,0.268391120895249
321273.411807,2783366.126422,0.715750915750916,0.0267399267399267,0,0.0137362637362637,0.010989010989011,0.232783882783883
321773.411807,2783366.126422,0.811743119266055,0.0135779816513761,0,0.00293577981651376,0.00055045871559633,0.171192660550459
322273.411807,2783366.126422,0.391304347826087,0.125665015593469,0,0.201064024949551,0.0240322876536415,0.257934323977252
322773.411807,2783366.126422,0.679304029304029,0.0119047619047619,0,0.00146520146520147,0.00970695970695971,0.297619047619048
323273.411807,2783366.126422,0.664954128440367,0.0337614678899083,0.00018348623853211,0.0231192660550459,0.0154128440366972,0.26256880733945
323773.411807,2783366.126422,0.230232984773436,0.111172261970281,0.00880572372041827,0.306365804439552,0.0675105485232067,0.275912676573106
324273.411807,2783366.126422,0.253113553113553,0.165567765567766,0.0782051282051282,0.249450549450549,0.0298534798534799,0.223809523809524
324773.411807,2783366.126422,0.0128440366972477,0.15394495412844,0.252293577981651,0.477981651376147,0.0174311926605505,0.0855045871559633
325273.411807,2783366.126422,0.106402494955054,0.111172261970281,0.42799486332783,0.252614199229499,0.00642084021280499,0.0953953403045313
313273.411807,2782866.126422,0.517399267399267,0.295604395604396,0,0.00274725274725275,0.00714285714285714,0.177106227106227
313773.411807,2782866.126422,0.576824349101577,0.233773377337734,0,0.00183351668500183,0.00055005500550055,0.187018701870187
314273.411807,2782866.126422,0.627472527472527,0.0928571428571429,0,0.00824175824175824,0.00879120879120879,0.262637362637363
314773.411807,2782866.126422,0.796520146520146,0.150549450549451,0,0.00421245421245421,0.00421245421245421,0.0445054945054945
315273.411807,2782866.126422,0.658049138247158,0.261276127612761,0,0.0381371470480381,0.0108177484415108,0.0317198386505317
315773.411807,2782866.126422,0.81978021978022,0.169230769230769,0,0,0,0.010989010989011
316273.411807,2782866.126422,0.791758241758242,0.19047619047619,0,0,0,0.0177655677655678
316773.411807,2782866.126422,0.729372937293729,0.166116611661166,0,0,0,0.104510451045105
317273.411807,2782866.126422,0.672161172161172,0.173626373626374,0,0,0,0.154212454212454
317773.411807,2782866.126422,0.747435897435897,0.0315018315018315,0,0,0,0.221062271062271
318273.411807,2782866.126422,0.856802346901357,0.0355702236890356,0,0,0,0.107627429409608
318773.411807,2782866.126422,0.766849816849817,0.0450549450549451,0,0,0,0.188095238095238
319273.411807,2782866.126422,0.854578754578755,0.0141025641025641,0,0,0,0.131318681318681
319773.411807,2782866.126422,0.485331866519985,0.0775577557755776,0.00238357169050238,0.0694902823615695,0.0408874220755409,0.324349101576824
320273.411807,2782866.126422,0.255311355311355,0.0908424908424908,0.0282051282051282,0.494322344322344,0.0368131868131868,0.0945054945054945
320773.411807,2782866.126422,0.831868131868132,0.0382783882783883,0,0.00146520146520147,0.00146520146520147,0.126923076923077
321273.411807,2782866.126422,0.519435276861019,0.188852218555189,0,0.0168683535020169,0.0124679134580125,0.262376237623762
321773.411807,2782866.126422,0.711172161172161,0.0417582417582418,0,0.0206959706959707,0.00366300366300366,0.222710622710623
322273.411807,2782866.126422,0.253479853479853,0.10952380952381,0.000732600732600733,0.223260073260073,0.0494505494505494,0.363553113553114
322773.411807,2782866.126422,0.59002566923359,0.011001100110011,0,0.0308030803080308,0.0108177484415108,0.357352401906857
323273.411807,2782866.126422,0.328021978021978,0.060989010989011,0.00311355311355311,0.357509157509158,0.0391941391941392,0.211172161172161
323773.411807,2782866.126422,0.342124542124542,0.125274725274725,0.00384615384615385,0.20970695970696,0.0360805860805861,0.282967032967033
324273.411807,2782866.126422,0.322882288228823,0.14961496149615,0.0108177484415108,0.312981298129813,0.0616061606160616,0.142097543087642
324773.411807,2782866.126422,0.423076923076923,0.0626373626373626,0.00421245421245421,0.205677655677656,0.0368131868131868,0.267582417582418
325273.411807,2782866.126422,0.0620879120879121,0.00695970695970696,0.0551282051282051,0.825274725274725,0.00842490842490842,0.0421245421245421
313273.411807,2782366.126422,0.772602237300569,0.190720704199523,0,0.00311754997249221,0.00421786172748946,0.0293416467999266
313773.411807,2782366.126422,0.704782847718527,0.164009529045263,0.000366501740883269,0.0278541323071285,0.0247388675096207,0.078248121678578
314273.411807,2782366.126422,0.802532574784364,0.0926775555147734,0,0.0392732611488346,0.00568911726922371,0.0598274912828042
314773.411807,2782366.126422,0.816798092792958,0.12781954887218,0,0.00385109114249037,0.00623509994498441,0.0452961672473868
315273.411807,2782366.126422,0.79256001466007,0.176104086494411,0,0,0,0.0313358988455195
315773.411807,2782366.126422,0.918333639199853,0.0660671682877592,0,0,0,0.0155991925123876
316273.411807,2782366.126422,0.897487621492756,0.035209976159912,0,0,0,0.0673024023473317
316773.411807,2782366.126422,0.787428990287704,0.0152098222466557,0,0.00183250870441635,0.00128275609309144,0.194245922668133
317273.411807,2782366.126422,0.84235639566893,0.0565241328684162,0,0,0,0.101119471462654
317773.411807,2782366.126422,0.842838804327893,0.0509811113148725,0,0,0,0.106180084357235
318273.411807,2782366.126422,0.914238592633315,0.0199743448781382,0,0,0,0.0657870624885468
318773.411807,2782366.126422,0.857955588181318,0.015782712424298,0,0,0,0.126261699394384
319273.411807,2782366.126422,0.893636530350266,0.0126535851824684,0,0,0,0.0937098844672657
319773.411807,2782366.126422,0.646692321788529,0.15466373465274,0,0.00274876305662452,0.00311526479750779,0.1927799157046
320273.411807,2782366.126422,0.72600477151771,0.0394567810607451,0.00165167920719398,0.102220590934116,0.00679023674068636,0.123875940539549
320773.411807,2782366.126422,0.657436273610856,0.0891252521547772,0.000733541169998166,0.100311754997249,0.0053181734824867,0.147075004584632
321273.411807,2782366.126422,0.416345977643394,0.0965732087227414,0.00109950522264981,0.263331500824629,0.0370166758292102,0.185633131757376
321773.411807,2782366.126422,0.73444668746559,0.0915764360433107,0,0.00385391815011929,0.00275279867865663,0.167370159662323
322273.411807,2782366.126422,0.548322024573629,0.0656519347148359,0,0.193654868879516,0.0170548322024574,0.175316339629562
322773.411807,2782366.126422,0.333150082462892,0.112332783580722,0.00293201392706615,0.261132490379329,0.0445299615173172,0.245922668132674
323273.411807,2782366.126422,0.153789686180951,0.090475316571848,0.0108276748027161,0.620297302257295,0.0407414204441182,0.0838685997430721
323773.411807,2782366.126422,0.644782688428388,0.0722538052448194,0.00165046763249587,0.0401613790573996,0.013203741059967,0.22794791857693
324273.411807,2782366.126422,0.262598497342862,0.0798973795125527,0.00128275609309144,0.374015026571376,0.0426974528129009,0.239508887667216
324773.411807,2782366.126422,0.559368691503028,0.127546338777757,0.00110111947146265,0.118553863094146,0.0339511837034318,0.159478803450174
325273.411807,2782366.126422,0.165596919127086,0.0937098844672657,0.0729873464148175,0.580414450761049,0.0174216027874564,0.0698697964423253
313273.411807,2781866.126422,0.910842047330765,0.0588882773802972,0,0,0,0.0302696752889378
313773.411807,2781866.126422,0.821978021978022,0.164652014652015,0,0,0,0.0133699633699634
314273.411807,2781866.126422,0.753761467889908,0.196697247706422,0,0.00036697247706422,0,0.0491743119266055
314773.411807,2781866.126422,0.826820766831774,0.0684278114107503,0,0,0,0.104751421757476
315273.411807,2781866.126422,0.899084249084249,0.0494505494505494,0,0.000732600732600733,0.000915750915750916,0.0498168498168498
315773.411807,2781866.126422,0.905321100917431,0.0273394495412844,0,0,0,0.0673394495412844
316273.411807,2781866.126422,0.80168776371308,0.0504494588148963,0,0,0,0.147862777472023
316773.411807,2781866.126422,0.823443223443223,0.0324175824175824,0,0.0021978021978022,0.000183150183150183,0.141758241758242
317273.411807,2781866.126422,0.814311926605505,0.0484403669724771,0,0.00073394495412844,0.00110091743119266,0.135412844036697
317773.411807,2781866.126422,0.815813612181251,0.0137589433131535,0,0,0.000183452577508714,0.170243991928087
318273.411807,2781866.126422,0.852747252747253,0.0322344322344322,0,0.000915750915750916,0.000183150183150183,0.113919413919414
318773.411807,2781866.126422,0.749174311926606,0.00954128440366972,0,0.00128440366972477,0.00018348623853211,0.239816513761468
319273.411807,2781866.126422,0.605210053201247,0.0341221794166208,0,0.000733810310034856,0.000366905155017428,0.359567051917079
319773.411807,2781866.126422,0.673260073260073,0.0919413919413919,0,0.00586080586080586,0.00402930402930403,0.224908424908425
320273.411807,2781866.126422,0.392844036697248,0.0776146788990826,0.00697247706422018,0.278899082568807,0.0337614678899083,0.209908256880734
320773.411807,2781866.126422,0.286369473491103,0.135388002201431,0.00642084021280499,0.417904971564851,0.0293524124013942,0.124564300128417
321273.411807,2781866.126422,0.33974358974359,0.102197802197802,0.00586080586080586,0.363553113553114,0.0289377289377289,0.15970695970696
321773.411807,2781866.126422,0.627155963302752,0.0884403669724771,0.00073394495412844,0.0510091743119266,0.00990825688073394,0.222752293577982
322273.411807,2781866.126422,0.697303247110622,0.0385250412768299,0,0.0229315721885892,0.0155934690882407,0.225646670335718
322773.411807,2781866.126422,0.374725274725275,0.132600732600733,0.000732600732600733,0.207692307692308,0.0470695970695971,0.237179487179487
323273.411807,2781866.126422,0.29394495412844,0.12256880733945,0.0113761467889908,0.412844036697248,0.0434862385321101,0.115779816513761
323773.411807,2781866.126422,0.543203082003302,0.0709961474958723,0,0.0223812144560631,0.0168776371308017,0.346541918913961
324273.411807,2781866.126422,0.327106227106227,0.108974358974359,0.00128205128205128,0.390659340659341,0.0351648351648352,0.136813186813187
324773.411807,2781866.126422,0.214311926605505,0.0502752293577982,0.0128440366972477,0.636146788990826,0.0174311926605505,0.0689908256880734
325273.411807,2781866.126422,0.425426527242708,0.112456430012842,0.00678774536782242,0.286552926068611,0.0262337185837461,0.142542652724271
313273.411807,2781366.126422,0.87032967032967,0.106410256410256,0,0,0,0.0232600732600733
313773.411807,2781366.126422,0.878804547121379,0.0361202786945361,0,0.00201686835350202,0.000916758342500917,0.0821415474880821
314273.411807,2781366.126422,0.716666666666667,0.121978021978022,0,0.00402930402930403,0.00366300366300366,0.153663003663004
314773.411807,2781366.126422,0.83040293040293,0.0448717948717949,0,0.00201465201465201,0.00201465201465201,0.120695970695971
315273.411807,2781366.126422,0.887422075540887,0.0418041804180418,0,0.00146681334800147,0.00128346167950128,0.068023469013568
315773.411807,2781366.126422,0.897435897435897,0.0126373626373626,0,0.000915750915750916,0.000549450549450549,0.0884615384615385
316273.411807,2781366.126422,0.812454212454212,0.0304029304029304,0,0.000183150183150183,0.000915750915750916,0.156043956043956
316773.411807,2781366.126422,0.863769710304364,0.0452878621195453,0,0.000183351668500183,0.000916758342500917,0.0898423175650898
317273.411807,2781366.126422,0.751648351648352,0.0736263736263736,0,0.00146520146520147,0.00183150183150183,0.171428571428571
317773.411807,2781366.126422,0.847069597069597,0.0532967032967033,0,0,0,0.0996336996336996
318273.411807,2781366.126422,0.936010267693436,0.00623395672900623,0,0,0,0.0577557755775578
318773.411807,2781366.126422,0.757875457875458,0.0272893772893773,0,0.00164835164835165,0.00183150183150183,0.211355311355311
319273.411807,2781366.126422,0.817032967032967,0.0437728937728938,0,0,0.000366300366300366,0.138827838827839
319773.411807,2781366.126422,0.824532453245325,0.0278694536120279,0,0,0,0.147598093142648
320273.411807,2781366.126422,0.855677655677656,0.0518315018315018,0,0,0,0.0924908424908425
320773.411807,2781366.126422,0.533699633699634,0.13974358974359,0.00146520146520147,0.00842490842490842,0.00622710622710623,0.31043956043956
321273.411807,2781366.126422,0.168866886688669,0.217271727172717,0.00825082508250825,0.317931793179318,0.0533553355335534,0.234323432343234
321773.411807,2781366.126422,0.164652014652015,0.142124542124542,0.00970695970695971,0.501648351648352,0.0391941391941392,0.142673992673993
322273.411807,2781366.126422,0.18974358974359,0.106410256410256,0.0195970695970696,0.456593406593407,0.043040293040293,0.184615384615385
322773.411807,2781366.126422,0.541987532086542,0.162816281628163,0.00055005500550055,0.0170517051705171,0.0102676934360103,0.267326732673267
323273.411807,2781366.126422,0.37014652014652,0.152747252747253,0.00238095238095238,0.295604395604396,0.0388278388278388,0.14029304029304
323773.411807,2781366.126422,0.410622710622711,0.0564102564102564,0.00293040293040293,0.264652014652015,0.0355311355311355,0.22985347985348
324273.411807,2781366.126422,0.194169416941694,0.124312431243124,0.00275027502750275,0.147048038137147,0.0731573157315732,0.458562522918959
