"x","y","forest","agri","water","built","other","grass"
329273.411807,2787366.126422,0.0419413919413919,0.278021978021978,0.273809523809524,0.101098901098901,0.0104395604395604,0.294688644688645
327273.411807,2783866.126422,0.15026571376214,0.144401685908008,0.22869708631116,0.187832142202675,0.0447132123877588,0.244090159428257
325773.411807,2783366.126422,0,0.00279329608938547,0.178026070763501,0.813780260707635,0.00540037243947859,0
326273.411807,2783366.126422,0,0.0036697247706422,0,0.996330275229358,0,0
326773.411807,2783366.126422,0.00532012474775271,0.00165107319757843,0.0532012474775271,0.919831223628692,0.0199963309484498,0
327273.411807,2783366.126422,0.295238095238095,0.043040293040293,0.0712454212454212,0.396153846153846,0.0862637362637363,0.108058608058608
327773.411807,2783366.126422,0.161284403669725,0.103302752293578,0.182935779816514,0.272293577981651,0.0539449541284404,0.226238532110092
325773.411807,2782866.126422,0,0.000559284116331096,0.0223713646532438,0.977069351230425,0,0
326273.411807,2782866.126422,0,0,0,1,0,0
326773.411807,2782866.126422,0.00366300366300366,0.00531135531135531,0.0545787545787546,0.927838827838828,0.00695970695970696,0.00164835164835165
327273.411807,2782866.126422,0.0553722038870554,0.0363036303630363,0.154932159882655,0.731023102310231,0.0148514851485149,0.00751741840850752
327773.411807,2782866.126422,0.271062271062271,0.0725274725274725,0.163369963369963,0.275274725274725,0.060989010989011,0.156776556776557
325773.411807,2782366.126422,0.000745156482861401,0.00465722801788376,0.0596125186289121,0.934612518628912,0.0003725782414307,0
326273.411807,2782366.126422,0,0,0.00458799779776106,0.995412002202239,0,0
326773.411807,2782366.126422,0.0935264991747662,0.0933431138822666,0.0867412433522831,0.715386026040712,0.00605171465248487,0.00495140289748762
327273.411807,2782366.126422,0.441268096023456,0.264247755176837,0.0428807036833425,0.127542605827378,0.0247388675096207,0.099321971779366
327773.411807,2782366.126422,0.507065516608552,0.051018535511103,0.0367039823820885,0.175628555698293,0.0627638098733713,0.166819599926592
328273.411807,2782366.126422,0.599853291766,0.13588850174216,0.0146708233999633,0.0643682376673391,0.0251237850724372,0.1600953603521
328773.411807,2782366.126422,0.386842587502291,0.131024372365769,0.0938244456661169,0.0929081913139087,0.0240058640278541,0.271394539124061
331273.411807,2782366.126422,0.00201723821749496,0.0454795525398863,0.242618741976893,0.565560242068586,0.0641848523748395,0.0801393728222996
325773.411807,2781866.126422,0.00074487895716946,0.00111731843575419,0.00521415270018622,0.98975791433892,0.00223463687150838,0.000931098696461825
326273.411807,2781866.126422,0.00440366972477064,0.0139449541284404,0.0638532110091743,0.917798165137615,0,0
326773.411807,2781866.126422,0.16125481563016,0.107136305265089,0.0165107319757843,0.702990277013392,0.00807191341038342,0.00403595670519171
327273.411807,2781866.126422,0.437912087912088,0.0804029304029304,0.052014652014652,0.227838827838828,0.0688644688644689,0.132967032967033
327773.411807,2781866.126422,0.572477064220184,0.0974311926605505,0.0121100917431193,0.0889908256880734,0.0726605504587156,0.156330275229358
328273.411807,2781866.126422,0.596587782058338,0.152999449642267,0,0.00807191341038342,0.0148596587782058,0.227481196110805
328773.411807,2781866.126422,0.570695970695971,0.0291208791208791,0,0.000732600732600733,0.00164835164835165,0.397802197802198
329273.411807,2781866.126422,0.414678899082569,0.0715596330275229,0.0996330275229358,0.100733944954128,0.0304587155963303,0.282935779816514
329773.411807,2781866.126422,0.0317372959090075,0.0568702990277013,0.132819666116309,0.690698954320308,0.0403595670519171,0.0475142175747569
330273.411807,2781866.126422,0.127655677655678,0.182783882783883,0.091025641025641,0.571794871794872,0.0194139194139194,0.00732600732600733
330773.411807,2781866.126422,0.54348623853211,0.167889908256881,0.041651376146789,0.104770642201835,0.0291743119266055,0.11302752293578
325773.411807,2781366.126422,0.122669649515287,0.017524235645041,0.140380313199105,0.673937360178971,0.0136092468307233,0.0318791946308725
326273.411807,2781366.126422,0.555311355311355,0.206227106227106,0.0694139194139194,0.0831501831501831,0.00824175824175824,0.0776556776556777
326773.411807,2781366.126422,0.553113553113553,0.169230769230769,0,0.273443223443223,0.00421245421245421,0
327273.411807,2781366.126422,0.703887055372204,0.132563256325633,0.00256692335900257,0.0533553355335534,0.0262192885955262,0.0814081408140814
327773.411807,2781366.126422,0.568864468864469,0.0452380952380952,0.0188644688644689,0.0734432234432234,0.0155677655677656,0.278021978021978
328273.411807,2781366.126422,0.274908424908425,0.167032967032967,0.0525641025641026,0.25989010989011,0.0652014652014652,0.18040293040293
328773.411807,2781366.126422,0.428309497616428,0.0416208287495416,0.0577557755775578,0.144481114778144,0.0328199486615328,0.295012834616795
329273.411807,2781366.126422,0.30989010989011,0.235347985347985,0.041025641025641,0.104578754578755,0.0379120879120879,0.271245421245421
329773.411807,2781366.126422,0.154029304029304,0.23021978021978,0.0626373626373626,0.198168498168498,0.0542124542124542,0.300732600732601
330273.411807,2781366.126422,0.119178584525119,0.101576824349102,0.187935460212688,0.368353502016868,0.0711404473780711,0.151815181518152
330773.411807,2781366.126422,0.198351648351648,0.156227106227106,0.294322344322344,0.115567765567766,0.0492673992673993,0.186263736263736
325773.411807,2780866.126422,0.352272727272727,0.0536512667660209,0.0765648286140089,0.273472429210134,0.121833084947839,0.12220566318927
326273.411807,2780866.126422,0.557717012295834,0.0451458983299688,0,0.0423930996513122,0.0343182235272527,0.320425766195632
326773.411807,2780866.126422,0.419768934531451,0.238217494956904,0.00513478818998716,0.203374289381992,0.0770218228498075,0.0564826700898588
327273.411807,2780866.126422,0.390690855781565,0.188015393073117,0.0102620487447315,0.305479201026205,0.0522264980758659,0.0533260032985157
327773.411807,2780866.126422,0.304826573683245,0.123692420627638,0.00440447788585061,0.145898329968802,0.139842172875757,0.281336024958708
328273.411807,2780866.126422,0.34017971758665,0.140289748762149,0.0249403997799376,0.170731707317073,0.052814964239868,0.271043462314322
328773.411807,2780866.126422,0.240608392889866,0.0522264980758659,0.0397654388858347,0.331500824628917,0.0555250137438153,0.280373831775701
329273.411807,2780866.126422,0.201688383189576,0.125894659570563,0.0392732611488346,0.562855569829326,0.0211047898697009,0.0491833363919985
329773.411807,2780866.126422,0.213277095176967,0.0669356317623327,0.0100861910874748,0.12396845772969,0.00568494406748579,0.58004768017605
330273.411807,2780866.126422,0.505039398937145,0.0905259299981675,0.0161260765988638,0.0579072750595565,0.0307861462341946,0.299615173172073
330773.411807,2780866.126422,0.514956872820701,0.155074325564324,0.00587263718113415,0.0047715177096715,0.0115617544503579,0.307762892273812
331273.411807,2780866.126422,0.149092242802127,0.238767650834403,0.263524665321841,0.218962039244453,0.0275077938749312,0.102145607922245
332773.411807,2780866.126422,0.077205208142307,0.0777553640198056,0.268476068219329,0.476251604621309,0.0260407115349349,0.0742710434623143
325773.411807,2780366.126422,0.123277467411546,0.0443202979515829,0.0707635009310987,0.69292364990689,0.0450651769087523,0.0236499068901304
326273.411807,2780366.126422,0.19651376146789,0.0376146788990826,0.0875229357798165,0.515229357798165,0.0921100917431193,0.0710091743119266
326773.411807,2780366.126422,0.213355347642634,0.107870115575124,0.000183452577508714,0.535314621170427,0.117776554760594,0.0254999082737112
327273.411807,2780366.126422,0.288827838827839,0.102747252747253,0.00183150183150183,0.407509157509158,0.12014652014652,0.0789377289377289
327773.411807,2780366.126422,0.366422018348624,0.217614678899083,0.000917431192660551,0.243119266055046,0.129174311926606,0.0427522935779817
328273.411807,2780366.126422,0.305081636396991,0.283617684828472,0.0199963309484498,0.199596404329481,0.0627407815079802,0.128967161988626
328773.411807,2780366.126422,0.387728937728938,0.221428571428571,0.0155677655677656,0.163553113553114,0.0652014652014652,0.146520146520147
329273.411807,2780366.126422,0.688807339449541,0.0963302752293578,0.00073394495412844,0.0269724770642202,0.0231192660550459,0.164036697247706
329773.411807,2780366.126422,0.756191524490919,0.0607228031553843,0,0,0.000183452577508714,0.182902219776188
330273.411807,2780366.126422,0.449084249084249,0.402930402930403,0,0.0642857142857143,0.0122710622710623,0.0714285714285714
330773.411807,2780366.126422,0.623302752293578,0.14,0.00917431192660551,0.043302752293578,0.0269724770642202,0.157247706422018
331273.411807,2780366.126422,0.525958539717483,0.372775637497707,0,0.00403595670519171,0.0172445422858191,0.0799853237937993
331773.411807,2780366.126422,0.402380952380952,0.246336996336996,0.00677655677655678,0.0525641025641026,0.0664835164835165,0.225457875457875
332273.411807,2780366.126422,0.431926605504587,0.136330275229358,0.043302752293578,0.16605504587156,0.0644036697247706,0.157981651376147
