"x","y","forest","agri","water","built","other","grass"
156773.411807,2571866.126422,0.0280733944954128,0.0207339449541284,0.742201834862385,0.206788990825688,0.00220183486238532,0
157273.411807,2571866.126422,0.002568336085122,0.00293524124013942,0.81031003485599,0.183452577508714,0.000733810310034856,0
157773.411807,2571866.126422,0,0.000732600732600733,0.598351648351648,0.400732600732601,0.000183150183150183,0
158273.411807,2571866.126422,0.00110091743119266,0.161100917431193,0.697064220183486,0.126422018348624,0.00678899082568807,0.00752293577981651
158773.411807,2571866.126422,0.00293524124013942,0.184920198128784,0.62905888827738,0.121812511465786,0.00935608145294441,0.0519170794349661
159273.411807,2571866.126422,0.00512820512820513,0.484798534798535,0.274358974358974,0.150915750915751,0.0186813186813187,0.0661172161172161
159773.411807,2571866.126422,0.00495412844036697,0.559082568807339,0.0656880733944954,0.208990825688073,0.0372477064220183,0.124036697247706
160273.411807,2571866.126422,0.00956826137689615,0.299183197199533,0.390431738623104,0.161260210035006,0.0471411901983664,0.0924154025670945
156773.411807,2571366.126422,0.0245421245421245,0.0965201465201465,0.471062271062271,0.355860805860806,0.0450549450549451,0.00695970695970696
157273.411807,2571366.126422,0,0,0.683150183150183,0.316849816849817,0,0
157773.411807,2571366.126422,0.000183351668500183,0.0143014301430143,0.865236523652365,0.12027869453612,0,0
158273.411807,2571366.126422,0.00641025641025641,0.10952380952381,0.394139194139194,0.484981684981685,0.00128205128205128,0.00366300366300366
158773.411807,2571366.126422,0.0252747252747253,0.24047619047619,0.395238095238095,0.208058608058608,0.0441391941391941,0.0868131868131868
159273.411807,2571366.126422,0.0102676934360103,0.375687568756876,0.147598093142648,0.315364869820315,0.0775577557755776,0.0735240190685735
159773.411807,2571366.126422,0.0104395604395604,0.718498168498168,0.0772893772893773,0.135347985347985,0.0283882783882784,0.03003663003663
160273.411807,2571366.126422,0.00909090909090909,0.379487179487179,0.329137529137529,0.113752913752914,0.0321678321678322,0.136363636363636
156773.411807,2570866.126422,0,0.0379886217654616,0.542668379519178,0.336759038355662,0.0251422279317306,0.0574417324279684
157273.411807,2570866.126422,0,0.00696864111498258,0.598386209426004,0.393178067119017,0,0.00146708233999633
157773.411807,2570866.126422,0,0.0395821880153931,0.347443650357339,0.603078614623419,0.00311526479750779,0.00678028220634048
158273.411807,2570866.126422,0.058909891723252,0.118186823270325,0.516792071939805,0.156726004771518,0.0229399889888053,0.126445219306295
158773.411807,2570866.126422,0.153493489822116,0.3598019438841,0.0518980377773703,0.234366403814414,0.061984228864845,0.138455895837154
159273.411807,2570866.126422,0.0100787978742899,0.493677844969764,0,0.349642660802639,0.0936411947956753,0.0529595015576324
159773.411807,2570866.126422,0.0300972655533125,0.675720315654249,0.0352358230868049,0.121306661772802,0.0512020554230134,0.0864378785098183
160273.411807,2570866.126422,0.0193608584091439,0.490552834149755,0.212269652437602,0.167716351761138,0.0769769069279216,0.033123396314439
156273.411807,2570366.126422,0.0128205128205128,0.0734432234432234,0.38992673992674,0.187545787545788,0.0335164835164835,0.302747252747253
156773.411807,2570366.126422,0,0,0.775596330275229,0.224403669724771,0,0
157273.411807,2570366.126422,0,0.0368739680792515,0.737295909007522,0.208585580627408,0.00898917629792699,0.00825536598789213
157773.411807,2570366.126422,0,0.142490842490842,0.260989010989011,0.360622710622711,0.0503663003663004,0.185531135531136
158273.411807,2570366.126422,0.0124770642201835,0.311926605504587,0.323302752293578,0.180183486238532,0.0390825688073395,0.13302752293578
158773.411807,2570366.126422,0.00770500825536599,0.507062924234085,0.0357732526141992,0.0948449825720051,0.0720968629609246,0.28251696936342
159273.411807,2570366.126422,0.0106227106227106,0.801282051282051,0,0.10952380952381,0.0144688644688645,0.0641025641025641
159773.411807,2570366.126422,0.0122935779816514,0.830275229357798,0.0122935779816514,0.076697247706422,0.0119266055045872,0.0565137614678899
160273.411807,2570366.126422,0.0256709451575263,0.40583430571762,0.178763127187865,0.165460910151692,0.0641773628938156,0.160093348891482
156273.411807,2569866.126422,0,0.0418041804180418,0.397873120645398,0.116611661166117,0.0102676934360103,0.433443344334433
156773.411807,2569866.126422,0,0,0.755311355311355,0.244688644688645,0,0
157273.411807,2569866.126422,0,0.01996336996337,0.61959706959707,0.35970695970696,0,0.000732600732600733
157773.411807,2569866.126422,0.0011001100110011,0.136780344701137,0.695452878621195,0.154382104877154,0.00641730839750642,0.00586725339200587
158273.411807,2569866.126422,0.00128205128205128,0.157142857142857,0.333699633699634,0.502564102564103,0.00146520146520147,0.00384615384615385
158773.411807,2569866.126422,0,0.178205128205128,0.53974358974359,0.265750915750916,0.0010989010989011,0.0152014652014652
159273.411807,2569866.126422,0.00421708837550422,0.254492115878254,0.649064906490649,0.0181518151815182,0.0055005500550055,0.0685735240190686
159773.411807,2569866.126422,0.00952380952380952,0.31007326007326,0.565384615384615,0.08003663003663,0.00421245421245421,0.0307692307692308
160273.411807,2569866.126422,0.000233100233100233,0.334965034965035,0.506293706293706,0.150582750582751,0.00442890442890443,0.0034965034965035
156273.411807,2569366.126422,0,0.0764156129741616,0.624152464724207,0.0826461425691772,0.00201575957485798,0.214770020157596
156773.411807,2569366.126422,0.00587263718113415,0.038172141677372,0.853734630207377,0.0669847678473114,0.00385391815011929,0.0313819049366856
157273.411807,2569366.126422,0,0.00348432055749129,0.375022923161562,0.620575829818449,0.000183385292499542,0.000733541169998166
157773.411807,2569366.126422,0.0179585853032802,0.043613707165109,0.755726589701301,0.142935678944475,0.00183250870441635,0.0379329301814184
158273.411807,2569366.126422,0,0.0633143696091026,0.77592218755735,0.155257845476234,0.00146815929528354,0.00403743806202973
158773.411807,2569366.126422,0.0022006235099945,0.103429304969741,0.589583715386026,0.224646983311938,0.0183385292499542,0.0618008435723455
159273.411807,2569366.126422,0.0304196444933113,0.197177936595199,0.450064137804655,0.169140553417629,0.0797141286421111,0.0734835990470955
159773.411807,2569366.126422,0.039823820884566,0.396770049550376,0.0945127546338778,0.117636263534593,0.137272894109011,0.213984217287576
160273.411807,2569366.126422,0.00606484721250292,0.443666899930021,0.141357592722183,0.0951714485654304,0.0802425938885001,0.233496617681362
156273.411807,2568866.126422,0.116849816849817,0.0983516483516483,0.283882783882784,0.143223443223443,0.0478021978021978,0.30989010989011
156773.411807,2568866.126422,0.0172477064220183,0.0478899082568807,0.66348623853211,0.0412844036697248,0.00128440366972477,0.228807339449541
157273.411807,2568866.126422,0.00678774536782242,0.0348559897266557,0.546688680975968,0.389286369473491,0.0152265639332233,0.00715465052283985
157773.411807,2568866.126422,0.0857142857142857,0.158791208791209,0.176007326007326,0.241025641025641,0.0254578754578755,0.313003663003663
158273.411807,2568866.126422,0.0612844036697248,0.255045871559633,0.248073394495413,0.151009174311927,0.0612844036697248,0.223302752293578
158773.411807,2568866.126422,0.0187121629058888,0.37662814162539,0.00201797835259585,0.10988809392772,0.119611080535682,0.373142542652724
159273.411807,2568866.126422,0.107509157509158,0.32032967032967,0.0184981684981685,0.0990842490842491,0.136996336996337,0.317582417582418
159773.411807,2568866.126422,0.041651376146789,0.354128440366972,0,0.261467889908257,0.184403669724771,0.158348623853211
160273.411807,2568866.126422,0.000700116686114352,0.613768961493582,0.0261376896149358,0.0396732788798133,0.10291715285881,0.216802800466744
155773.411807,2568366.126422,0,0.013003663003663,0.836630036630037,0.144505494505494,0.00128205128205128,0.00457875457875458
156273.411807,2568366.126422,0.221488815548222,0.0454712137880455,0.202603593692703,0.144481114778144,0.0566556655665567,0.329299596626329
156773.411807,2568366.126422,0.0862637362637363,0.150915750915751,0.21007326007326,0.0536630036630037,0.0465201465201465,0.452564102564103
157273.411807,2568366.126422,0.000732600732600733,0.0983516483516483,0.37967032967033,0.456776556776557,0.0391941391941392,0.0252747252747253
157773.411807,2568366.126422,0.00146681334800147,0.141914191419142,0.274294096076274,0.569123579024569,0.00751741840850752,0.00568390172350568
158273.411807,2568366.126422,0.0501831501831502,0.452380952380952,0.154945054945055,0.0695970695970696,0.0274725274725275,0.245421245421245
158773.411807,2568366.126422,0.0155677655677656,0.455677655677656,0.0725274725274725,0.10952380952381,0.0505494505494506,0.296153846153846
159273.411807,2568366.126422,0.0249358269160249,0.224789145581225,0.284195086175284,0.188852218555189,0.0823248991565823,0.194902823615695
159773.411807,2568366.126422,0.0902930402930403,0.318315018315018,0.0917582417582418,0.156593406593407,0.14010989010989,0.202930402930403
160273.411807,2568366.126422,0.017016317016317,0.37016317016317,0.0205128205128205,0.266899766899767,0.146620046620047,0.178787878787879
156273.411807,2567866.126422,0.00494777350192413,0.159061755543339,0.373831775700935,0.243357155946491,0.0236393622869709,0.195162177020341
156773.411807,2567866.126422,0.0535878142778491,0.250688199669664,0.276564507249037,0.111763626353459,0.0495503762158194,0.257845476234171
157273.411807,2567866.126422,0.000366770584999083,0.070419952319824,0.777370254905557,0.146891619292133,0.000916926462497708,0.00403447643498991
157773.411807,2567866.126422,0.00128275609309144,0.138171156312992,0.4260582737768,0.414146967198094,0.0144768187648891,0.00586402785413231
158273.411807,2567866.126422,0.0115617544503579,0.0935951550743256,0.58506147917049,0.272343549275096,0.0121123141860892,0.025325747843641
158773.411807,2567866.126422,0.000550155877498625,0.177333577847057,0.516779754263708,0.202273977626994,0.0117366587199707,0.0913258756647717
159273.411807,2567866.126422,0.0120945574491479,0.353857430822796,0.371449514385193,0.135972145867693,0.0406816932380429,0.0859446582371266
159773.411807,2567866.126422,0.0321159845843274,0.285924022756469,0.19067718847495,0.194164066801248,0.071389245733162,0.225729491649844
160273.411807,2567866.126422,0.0676463727548402,0.33753207371122,0.00443200373221367,0.227431770468859,0.157219500816422,0.205738278516445
156273.411807,2567366.126422,0,0.0983516483516483,0.643956043956044,0.193040293040293,0.00293040293040293,0.0617216117216117
156773.411807,2567366.126422,0.015045871559633,0.125871559633028,0.53045871559633,0.182201834862385,0.0190825688073394,0.127339449541284
157273.411807,2567366.126422,0,0.0506329113924051,0.667217024399193,0.281966611630893,0,0.000183452577508714
157773.411807,2567366.126422,0,0.0148351648351648,0.93992673992674,0.0399267399267399,0.00476190476190476,0.000549450549450549
158273.411807,2567366.126422,0,0.00605504587155963,0.799082568807339,0.190642201834862,0.0036697247706422,0.00055045871559633
158773.411807,2567366.126422,0,0.0361401577692167,0.747936158503027,0.204733076499725,0.00238488350761328,0.00880572372041827
159273.411807,2567366.126422,0.00512820512820513,0.28003663003663,0.501098901098901,0.141208791208791,0.0113553113553114,0.0611721611721612
159773.411807,2567366.126422,0.00935779816513761,0.429908256880734,0.374128440366972,0.120733944954128,0.0227522935779817,0.0431192660550459
160273.411807,2567366.126422,0.0200700116686114,0.317852975495916,0.203733955659277,0.142590431738623,0.0926487747957993,0.223103850641774
155773.411807,2566866.126422,0.00366300366300366,0.0756410256410256,0.879487179487179,0.0358974358974359,0.00146520146520147,0.00384615384615385
156273.411807,2566866.126422,0,0,0.891272460579391,0.108727539420609,0,0
156773.411807,2566866.126422,0,0.0393772893772894,0.836630036630037,0.115018315018315,0.00347985347985348,0.00549450549450549
157273.411807,2566866.126422,0,0.028021978021978,0.886263736263736,0.0842490842490843,0.00146520146520147,0
157773.411807,2566866.126422,0,0.0223689035570224,0.938210487715438,0.0390539053905391,0,0.000366703337000367
158273.411807,2566866.126422,0,0.0128205128205128,0.903296703296703,0.0835164835164835,0.000366300366300366,0
158773.411807,2566866.126422,0,0.0194139194139194,0.914102564102564,0.0580586080586081,0.000915750915750916,0.00750915750915751
159273.411807,2566866.126422,0,0.114594792812615,0.687935460212688,0.0828749541620829,0.0181518151815182,0.0964429776310964
159773.411807,2566866.126422,0.00238095238095238,0.20018315018315,0.514285714285714,0.188095238095238,0.034981684981685,0.0600732600732601
160273.411807,2566866.126422,0,0.356876456876457,0.184848484848485,0.365734265734266,0.0195804195804196,0.072960372960373
155773.411807,2566366.126422,0,0.00165046763249587,0.994865211810013,0.00348432055749129,0,0
156273.411807,2566366.126422,0,0,0.520249221183801,0.479750778816199,0,0
156773.411807,2566366.126422,0.00165167920719398,0.0732244448522665,0.116535144063131,0.784547623417141,0.0102771150669848,0.0137639933932832
157273.411807,2566366.126422,0,0.0430955437373923,0.782871813680543,0.173665871997066,0,0.000366770584999083
157773.411807,2566366.126422,0,0.0119113065787062,0.885284955103537,0.102803738317757,0,0
158273.411807,2566366.126422,0,0.0130299137456414,0.775188107909708,0.209212699577904,0.000183519911910442,0.00238575885483575
158773.411807,2566366.126422,0,0.0392444525949019,0.741059966990647,0.213643865761966,0.000733541169998166,0.0053181734824867
159273.411807,2566366.126422,0,0.00641378046545721,0.412314458493678,0.58072200842954,0.000549752611324904,0
159773.411807,2566366.126422,0,0.113598825472564,0.11635162415122,0.732795008258396,0.00568911726922371,0.0315654248485961
160273.411807,2566366.126422,0.00373221366923256,0.14788896664334,0.431070678796361,0.384418007930954,0.0235595987870306,0.00933053417308141
155273.411807,2565866.126422,0.00348623853211009,0.038348623853211,0.887522935779817,0.068256880733945,0.00201834862385321,0.00036697247706422
155773.411807,2565866.126422,0,0.00091726288754357,0.89011190607228,0.108970831040176,0,0
156273.411807,2565866.126422,0,0.076007326007326,0.0379120879120879,0.875274725274725,0.00421245421245421,0.00659340659340659
156773.411807,2565866.126422,0.00788990825688073,0.158348623853211,0.12348623853211,0.651559633027523,0.0157798165137615,0.0429357798165138
157273.411807,2565866.126422,0.00495321959273528,0.101632727939828,0.631810676940011,0.253531462117043,0.00458631443771785,0.00348559897266557
157773.411807,2565866.126422,0,0.00421245421245421,0.977655677655678,0.0181318681318681,0,0
158273.411807,2565866.126422,0,0.00807339449541284,0.831009174311927,0.159633027522936,0.00036697247706422,0.000917431192660551
158773.411807,2565866.126422,0,0.0343056319941295,0.667767382131719,0.294257934323977,0.000366905155017428,0.00330214639515685
159273.411807,2565866.126422,0,0.0153846153846154,0.466849816849817,0.517032967032967,0.000366300366300366,0.000366300366300366
159773.411807,2565866.126422,0,0.0897247706422018,0,0.868256880733945,0.0154128440366972,0.026605504587156
160273.411807,2565866.126422,0,0.191131855309218,0.322053675612602,0.460910151691949,0.0170361726954492,0.0088681446907818
155273.411807,2565366.126422,0.00860805860805861,0.0395604395604396,0.913186813186813,0.0355311355311355,0.00146520146520147,0.00164835164835165
155773.411807,2565366.126422,0.0021978021978022,0.0857142857142857,0.321611721611722,0.59010989010989,0,0.000366300366300366
156273.411807,2565366.126422,0,0.102310231023102,0.0185185185185185,0.867986798679868,0.00146681334800147,0.00971763843050972
156773.411807,2565366.126422,0,0.150732600732601,0.289010989010989,0.499450549450549,0.0293040293040293,0.0315018315018315
157273.411807,2565366.126422,0,0.137728937728938,0.365934065934066,0.463553113553114,0.00934065934065934,0.0234432234432234
157773.411807,2565366.126422,0,0.0135680234690136,0.890905757242391,0.0931426475980931,0.000916758342500917,0.00146681334800147
158273.411807,2565366.126422,0,0.0245421245421245,0.910622710622711,0.0597069597069597,0,0.00512820512820513
158773.411807,2565366.126422,0,0.000915750915750916,0.968498168498168,0.0305860805860806,0,0
159273.411807,2565366.126422,0,0.0133846718005134,0.49009900990099,0.495599559955996,0.000916758342500917,0
159773.411807,2565366.126422,0.00201465201465201,0.0976190476190476,0.0836996336996337,0.741391941391941,0.0122710622710623,0.063003663003663
160273.411807,2565366.126422,0.00699300699300699,0.289277389277389,0.0249417249417249,0.547086247086247,0.0526806526806527,0.079020979020979
154773.411807,2564866.126422,0,0.0841121495327103,0.755726589701301,0.148982957669049,0.000916254352208173,0.0102620487447315
155273.411807,2564866.126422,0,0.0649660488162966,0.696091025876308,0.235456046981097,0.000367039823820885,0.00311983850247752
155773.411807,2564866.126422,0,0,0.165596919127086,0.834403080872914,0,0
156273.411807,2564866.126422,0,0,0.222833058457028,0.777166941542972,0,0
156773.411807,2564866.126422,0,0.0524866948063865,0.525417507799596,0.416406680124794,0.000183519911910442,0.00550559735731327
157273.411807,2564866.126422,0,0.0133871263524665,0.556390977443609,0.428754813863928,0.00110031175499725,0.000366770584999083
157773.411807,2564866.126422,0,0.0174088326919553,0.900311526479751,0.0822796408282939,0,0
158273.411807,2564866.126422,0,0.0209212699577904,0.948063864929345,0.0308313452009543,0,0.000183519911910442
158773.411807,2564866.126422,0,0.0447460113698881,0.814597469282964,0.122317990097194,0.00715202640748212,0.011186502842472
159273.411807,2564866.126422,0,0.0384826827927433,0.373648524830493,0.556899395272128,0.0236393622869709,0.00733003481766538
159773.411807,2564866.126422,0.000550559735731327,0.201137823453845,0.202422462837218,0.527619746742522,0.0187190310148651,0.0495503762158194
160273.411807,2564866.126422,0.00886400746442734,0.372521576860275,0.0685794261721484,0.449498483788197,0.0188943317004899,0.0816421740144623
154773.411807,2564366.126422,0,0.0556776556776557,0.806593406593407,0.0932234432234432,0.00732600732600733,0.0371794871794872
155273.411807,2564366.126422,0,0.00385321100917431,0.491009174311927,0.505137614678899,0,0
155773.411807,2564366.126422,0,0,0.096862960924601,0.903137039075399,0,0
156273.411807,2564366.126422,0,0,0,1,0,0
156773.411807,2564366.126422,0,0.0691743119266055,0.0055045871559633,0.908073394495413,0.00275229357798165,0.0144954128440367
157273.411807,2564366.126422,0,0.0777838928636947,0.404329480829206,0.505778756191524,0.00293524124013942,0.0091726288754357
157773.411807,2564366.126422,0,0.0333333333333333,0.843406593406593,0.11978021978022,0.00183150183150183,0.00164835164835165
158273.411807,2564366.126422,0.00073394495412844,0.0398165137614679,0.900733944954128,0.051743119266055,0.00018348623853211,0.00678899082568807
158773.411807,2564366.126422,0,0.147312419739497,0.646853788295726,0.183452577508714,0.00990643918547056,0.0124747752705926
159273.411807,2564366.126422,0,0.101831501831502,0.383150183150183,0.465934065934066,0.0161172161172161,0.032967032967033
159773.411807,2564366.126422,0,0.0770642201834862,0.220550458715596,0.627155963302752,0.0201834862385321,0.055045871559633
160273.411807,2564366.126422,0.0014002333722287,0.181563593932322,0.187164527421237,0.537222870478413,0.0326721120186698,0.0599766627771295
154773.411807,2563866.126422,0,0.00605060506050605,0.803447011367803,0.182434910157682,0.00055005500550055,0.00751741840850752
155273.411807,2563866.126422,0,0.0586080586080586,0.463369963369963,0.452197802197802,0.00476190476190476,0.0210622710622711
155773.411807,2563866.126422,0.015018315018315,0.0203296703296703,0.0137362637362637,0.950732600732601,0,0.000183150183150183
156273.411807,2563866.126422,0.000916758342500917,0.0346534653465347,0.00916758342500917,0.951411807847451,0,0.00385038503850385
156773.411807,2563866.126422,0,0.0646520146520147,0,0.934615384615385,0.000183150183150183,0.000549450549450549
157273.411807,2563866.126422,0,0.118864468864469,0.421978021978022,0.432600732600733,0.0102564102564103,0.0163003663003663
157773.411807,2563866.126422,0,0.00348368170150348,0.85955262192886,0.136963696369637,0,0
158273.411807,2563866.126422,0,0.0173992673992674,0.934981684981685,0.0395604395604396,0.00293040293040293,0.00512820512820513
158773.411807,2563866.126422,0,0.0399267399267399,0.84047619047619,0.11959706959707,0,0
159273.411807,2563866.126422,0,0.0177851118445178,0.694352768610194,0.275027502750275,0.0077007700770077,0.00513384671800513
159773.411807,2563866.126422,0,0.118315018315018,0.451098901098901,0.420695970695971,0.00915750915750916,0.000732600732600733
160273.411807,2563866.126422,0.0027972027972028,0.524475524475524,0.324475524475524,0.131002331002331,0.00559440559440559,0.0116550116550117
154773.411807,2563366.126422,0,0,0.349642660802639,0.650357339197361,0,0
155273.411807,2563366.126422,0,0.0273444668746559,0.551293815378969,0.419710038539181,0.000183519911910442,0.00146815929528354
155773.411807,2563366.126422,0.00953603520997616,0.0225563909774436,0.376490005501559,0.590867412433523,0,0.000550155877498625
156273.411807,2563366.126422,0.00311526479750779,0.0205240974894631,0.203408466190214,0.772768920652373,0,0.000183250870441635
156773.411807,2563366.126422,0.00110111947146265,0.0541383740135805,0.185355111029547,0.757570196366306,0,0.00183519911910442
157273.411807,2563366.126422,0,0.0506143407298735,0.329176600036677,0.612690262240968,0.00311754997249221,0.004401247019989
157773.411807,2563366.126422,0,0.0645043063954554,0.591533809785596,0.312992486714312,0.009529045262965,0.0214403518416712
158273.411807,2563366.126422,0,0.0143145531290145,0.793540099100752,0.19104422829877,0.00110111947146265,0
158773.411807,2563366.126422,0,0.0350265908674124,0.398679625894003,0.564643315606088,0.00110031175499725,0.000550155877498625
159273.411807,2563366.126422,0.000733003481766538,0.0575407733186733,0.528312259483233,0.393622869708631,0.0106285504856148,0.00916254352208173
159773.411807,2563366.126422,0.0034868783262984,0.126812259130116,0.351624151220407,0.479354009910075,0.0146815929528354,0.0240411084602679
160273.411807,2563366.126422,0.0104968509447166,0.216934919524143,0.562864473991136,0.132260321903429,0.0104968509447166,0.0669465826918591
154773.411807,2562866.126422,0,0,0,1,0,0
155273.411807,2562866.126422,0,0.0275229357798165,0.24954128440367,0.720733944954128,0,0.00220183486238532
155773.411807,2562866.126422,0,0,0.0456796917996698,0.95432030820033,0,0
156273.411807,2562866.126422,0,0,0.0412087912087912,0.958791208791209,0,0
156773.411807,2562866.126422,0,0.0447706422018349,0.0623853211009174,0.886422018348624,0.00036697247706422,0.00605504587155963
157273.411807,2562866.126422,0,0.0234819299211154,0.205833791964777,0.742799486332783,0,0.0278847917813245
157773.411807,2562866.126422,0,0.0597069597069597,0.454395604395604,0.484615384615385,0,0.00128205128205128
158273.411807,2562866.126422,0,0.0198165137614679,0.552110091743119,0.428073394495413,0,0
158773.411807,2562866.126422,0.000733810310034856,0.0818198495688864,0.510915428361769,0.391487800403596,0.00807191341038342,0.00697119794533113
159273.411807,2562866.126422,0.000549450549450549,0.0368131868131868,0.221794871794872,0.734065934065934,0.00677655677655678,0
159773.411807,2562866.126422,0,0.381651376146789,0.412110091743119,0.118715596330275,0.00642201834862385,0.0811009174311927
160273.411807,2562866.126422,0,0.303150525087515,0.597432905484247,0.0947491248541424,0.00256709451575263,0.00210035005834306
154273.411807,2562366.126422,0,0,0.580952380952381,0.419047619047619,0,0
154773.411807,2562366.126422,0,0,0,1,0,0
155273.411807,2562366.126422,0,0.0285714285714286,0.0664835164835165,0.904212454212454,0.000549450549450549,0.000183150183150183
155773.411807,2562366.126422,0,0,0.232417582417582,0.767582417582418,0,0
156273.411807,2562366.126422,0,0,0.564539787312065,0.435460212687935,0,0
156773.411807,2562366.126422,0,0.0399267399267399,0.695421245421245,0.257875457875458,0.00293040293040293,0.00384615384615385
157273.411807,2562366.126422,0,0.0518315018315018,0.497435897435897,0.435531135531136,0.000732600732600733,0.0144688644688645
157773.411807,2562366.126422,0,0.09002566923359,0.102493582691602,0.788228822882288,0.00605060506050605,0.0132013201320132
158273.411807,2562366.126422,0.00146520146520147,0.0501831501831502,0.0234432234432234,0.916483516483516,0.00274725274725275,0.00567765567765568
158773.411807,2562366.126422,0,0.134249084249084,0,0.82967032967033,0.00677655677655678,0.0293040293040293
159273.411807,2562366.126422,0,0.0540887422075541,0.372020535386872,0.556288962229556,0.0124679134580125,0.00513384671800513
159773.411807,2562366.126422,0.00567765567765568,0.291941391941392,0.47985347985348,0.11007326007326,0.0166666666666667,0.0957875457875458
160273.411807,2562366.126422,0.0116550116550117,0.393706293706294,0.517016317016317,0.0424242424242424,0.00116550116550117,0.034032634032634
154273.411807,2561866.126422,0,0,0.252338162479369,0.747661837520631,0,0
154773.411807,2561866.126422,0,0.089792926516401,0,0.910023822613157,0,0.000183250870441635
155273.411807,2561866.126422,0.00256927876674619,0.0256927876674619,0.106992108643788,0.852266470912094,0.000550559735731327,0.0119287942741787
155773.411807,2561866.126422,0,0,0.461764166513846,0.538235833486154,0,0
156273.411807,2561866.126422,0,0,0.334249587685542,0.665750412314459,0,0
156773.411807,2561866.126422,0.00293631859056708,0.0488162965681776,0.553863094145715,0.374380620297302,0.00880895577170123,0.011194714626537
157273.411807,2561866.126422,0.00330093526499175,0.0717036493673207,0.402163946451495,0.518613607188703,0.000733541169998166,0.00348432055749129
157773.411807,2561866.126422,0.0102620487447315,0.10536925050394,0.0613890415979476,0.777166941542972,0.0183250870441635,0.0274876305662452
158273.411807,2561866.126422,0.0133969535694623,0.164617360983667,0.0345017434391632,0.765461552578455,0.0110111947146265,0.0110111947146265
158773.411807,2561866.126422,0,0.1998899688245,0.0267742527049331,0.577847056666055,0.0647350082523382,0.130753713552173
159273.411807,2561866.126422,0,0.0536925050393989,0.403518416712479,0.536741799523548,0.00109950522264981,0.00494777350192413
159773.411807,2561866.126422,0,0.108276748027161,0.582308680491833,0.295283538263902,0.0133969535694623,0.000734079647641769
160273.411807,2561866.126422,0,0.0471191975740611,0.475857242827152,0.397480755773268,0.00816421740144623,0.0713785864240728
154273.411807,2561366.126422,0,0.00091726288754357,0.0297193175564117,0.969363419556045,0,0
154773.411807,2561366.126422,0,0,0.00164835164835165,0.998351648351648,0,0
155273.411807,2561366.126422,0.0201834862385321,0.0174311926605505,0.329357798165138,0.629724770642202,0.000917431192660551,0.00238532110091743
155773.411807,2561366.126422,0,0.098147128967162,0.102366538249862,0.792882039992662,0.00110071546505228,0.00550357732526142
156273.411807,2561366.126422,0,0.304761904761905,0.137545787545788,0.539010989010989,0.00641025641025641,0.0122710622710623
156773.411807,2561366.126422,0.00128440366972477,0.133577981651376,0.456146788990826,0.393761467889908,0.0122935779816514,0.00293577981651376
157273.411807,2561366.126422,0,0.133920381581361,0.45936525408182,0.402128049899101,0.002568336085122,0.00201797835259585
157773.411807,2561366.126422,0.0426739926739927,0.14010989010989,0.0847985347985348,0.702014652014652,0.0117216117216117,0.0186813186813187
158273.411807,2561366.126422,0.0845871559633028,0.214862385321101,0.00513761467889908,0.381284403669725,0.0557798165137615,0.258348623853211
158773.411807,2561366.126422,0.0238488350761328,0.303614015776922,0.0913593835993396,0.349293707576591,0.06989543203082,0.161988625940194
159273.411807,2561366.126422,0.0043956043956044,0.268864468864469,0.288278388278388,0.365567765567766,0.0144688644688645,0.0584249084249084
159773.411807,2561366.126422,0.00642201834862385,0.133211009174312,0.462018348623853,0.259449541284404,0.0647706422018349,0.0741284403669725
160273.411807,2561366.126422,0.0242707117852975,0.225904317386231,0.364060676779463,0.247841306884481,0.0284714119019837,0.109451575262544
154273.411807,2560866.126422,0,0,0,1,0,0
154773.411807,2560866.126422,0,0,0.373854052071874,0.626145947928126,0,0
155273.411807,2560866.126422,0,0.0338827838827839,0.436996336996337,0.529120879120879,0,0
155773.411807,2560866.126422,0,0.05,0.166300366300366,0.777655677655678,0.000549450549450549,0.00549450549450549
156273.411807,2560866.126422,0,0.160982764943161,0.258342500916758,0.576274294096076,0,0.0044004400440044
156773.411807,2560866.126422,0,0.091025641025641,0.597985347985348,0.302014652014652,0.000915750915750916,0.00805860805860806
157273.411807,2560866.126422,0,0.0432234432234432,0.576190476190476,0.38021978021978,0,0.000366300366300366
157773.411807,2560866.126422,0.0113678034470114,0.210671067106711,0.612761276127613,0.154565456545655,0.00366703337000367,0.00696736340300697
158273.411807,2560866.126422,0.127655677655678,0.298351648351648,0.335164835164835,0.0866300366300366,0.00989010989010989,0.142307692307692
158773.411807,2560866.126422,0.0265567765567766,0.34047619047619,0.157326007326007,0.125641025641026,0.0862637362637363,0.263736263736264
159273.411807,2560866.126422,0.0201686835350202,0.563989732306564,0.293179317931793,0.0485881921525486,0.00476714338100477,0.0693069306930693
159773.411807,2560866.126422,0.0838827838827839,0.355494505494506,0.197619047619048,0.0256410256410256,0.00897435897435897,0.328388278388278
160273.411807,2560866.126422,0.0296037296037296,0.161305361305361,0.309090909090909,0.0962703962703963,0.0773892773892774,0.326340326340326
154273.411807,2560366.126422,0,0.0128369704749679,0.0577663671373556,0.929029891802677,0.000366770584999083,0
154773.411807,2560366.126422,0,0,0.389224848818032,0.610775151181968,0,0
155273.411807,2560366.126422,0,0,0.856120389062213,0.143879610937787,0,0
155773.411807,2560366.126422,0,0.0240234733174399,0.819182101595452,0.153310104529617,0.00146708233999633,0.00201723821749496
156273.411807,2560366.126422,0,0.0525929998167491,0.707531610775151,0.238409382444567,0.000366501740883269,0.00109950522264981
156773.411807,2560366.126422,0,0.00642319691686548,0.70141310332171,0.292163699761424,0,0
157273.411807,2560366.126422,0,0.0390610673024023,0.835686777920411,0.124518613607189,0.000183385292499542,0.000550155877498625
157773.411807,2560366.126422,0,0.0800806303829943,0.637346527396005,0.27579256001466,0.00183250870441635,0.00494777350192413
158273.411807,2560366.126422,0.00770783630023858,0.163699761424115,0.596990273444669,0.216920535878143,0.00385391815011929,0.0108276748027161
158773.411807,2560366.126422,0,0.280946268109298,0.511094810196222,0.149459013387126,0.0124701998899688,0.0460297084173849
159273.411807,2560366.126422,0,0.372549019607843,0.354773685175005,0.190031152647975,0.0130108118013561,0.0696353307678211
159773.411807,2560366.126422,0.0121123141860892,0.303174894476051,0.28207010460635,0.0690034868783263,0.0934116351624151,0.240227564690769
160273.411807,2560366.126422,0,0.437368789363191,0.0349895031490553,0.0627478423139725,0.149755073477957,0.315138791695825
153773.411807,2559866.126422,0,0.0288073394495413,0.51743119266055,0.453577981651376,0.00018348623853211,0
154273.411807,2559866.126422,0,0,0.470188956154834,0.529811043845166,0,0
154773.411807,2559866.126422,0,0,0.728571428571429,0.271428571428571,0,0
155273.411807,2559866.126422,0,0,0.484220183486239,0.515779816513761,0,0
155773.411807,2559866.126422,0,0,0.415520088057237,0.584479911942763,0,0
156273.411807,2559866.126422,0,0.0315018315018315,0.917216117216117,0.0510989010989011,0,0.000183150183150183
156773.411807,2559866.126422,0,0.0225688073394495,0.872477064220183,0.104954128440367,0,0
157273.411807,2559866.126422,0,0.0875068794716566,0.743533296642818,0.168959823885526,0,0
157773.411807,2559866.126422,0,0.153663003663004,0.446336996336996,0.38992673992674,0.00256410256410256,0.00750915750915751
158273.411807,2559866.126422,0.018348623853211,0.244770642201835,0.551926605504587,0.157064220183486,0.011743119266055,0.0161467889908257
158773.411807,2559866.126422,0.109337736195194,0.186754723903871,0.512566501559347,0.146395156851954,0.0170610897083104,0.0278847917813245
159273.411807,2559866.126422,0.0527472527472527,0.175641025641026,0.0401098901098901,0.57051282051282,0.093040293040293,0.0679487179487179
159773.411807,2559866.126422,0.051743119266055,0.489357798165138,0.0502752293577982,0.119633027522936,0.0726605504587156,0.216330275229358
160273.411807,2559866.126422,0.0672112018669778,0.223103850641774,0,0.0459743290548425,0.104784130688448,0.558926487747958
153273.411807,2559366.126422,0.117345067840117,0.14961496149615,0.678951228456179,0.0535386872020535,0.00055005500550055,0
153773.411807,2559366.126422,0,0,0.744688644688645,0.255311355311355,0,0
154273.411807,2559366.126422,0,0,0.48040293040293,0.51959706959707,0,0
154773.411807,2559366.126422,0,0,0.381004767143381,0.618995232856619,0,0
155273.411807,2559366.126422,0,0,0,1,0,0
155773.411807,2559366.126422,0,0,0,1,0,0
156273.411807,2559366.126422,0,0.0495049504950495,0.165933259992666,0.784378437843784,0.000183351668500183,0
156773.411807,2559366.126422,0,0.0734432234432234,0.829120879120879,0.0967032967032967,0.000732600732600733,0
157273.411807,2559366.126422,0,0.0532967032967033,0.704761904761905,0.235897435897436,0.00421245421245421,0.00183150183150183
157773.411807,2559366.126422,0,0.0715071507150715,0.784378437843784,0.14008067473414,0.00128346167950128,0.00275027502750275
158273.411807,2559366.126422,0,0.0413919413919414,0.895238095238095,0.0564102564102564,0.00586080586080586,0.0010989010989011
158773.411807,2559366.126422,0.0256410256410256,0.166849816849817,0.637179487179487,0.110622710622711,0.00824175824175824,0.0514652014652015
159273.411807,2559366.126422,0.0485881921525486,0.404107077374404,0.112027869453612,0.145947928126146,0.0601393472680601,0.229189585625229
159773.411807,2559366.126422,0.0126373626373626,0.28974358974359,0.114468864468864,0.258791208791209,0.0470695970695971,0.277289377289377
160273.411807,2559366.126422,0.041958041958042,0.303496503496503,0.0941724941724942,0.151748251748252,0.0554778554778555,0.353146853146853
153273.411807,2558866.126422,0.175371083012644,0.170789811251603,0.516584203774968,0.112332783580722,0.0249221183800623,0
153773.411807,2558866.126422,0,0,0.864378785098183,0.135621214901817,0,0
154273.411807,2558866.126422,0,0,0.0755547405098111,0.924445259490189,0,0
154773.411807,2558866.126422,0,0,0,1,0,0
155273.411807,2558866.126422,0,0,0,1,0,0
155773.411807,2558866.126422,0,0,0.00861910874747845,0.991380891252522,0,0
156273.411807,2558866.126422,0,0.119479567527946,0.0573575224482316,0.820230896096756,0.000549752611324904,0.00238226131574125
156773.411807,2558866.126422,0,0.0923105156909525,0.807854652229767,0.092126995779042,0.00110111947146265,0.00660671682877592
157273.411807,2558866.126422,0.00238400880249404,0.057216211259857,0.673207408765817,0.267008985879332,0.000183385292499542,0
157773.411807,2558866.126422,0,0.207073483599047,0.641744548286604,0.146967198094191,0.00146600696353308,0.00274876305662452
158273.411807,2558866.126422,0.00293631859056708,0.153055606533309,0.730959809139292,0.0978161130482657,0.00440447788585061,0.0108276748027161
158773.411807,2558866.126422,0.059600220062351,0.246653218411883,0.461580781221346,0.110764716669723,0.0152209792774619,0.106180084357235
159273.411807,2558866.126422,0.00934579439252336,0.525929998167491,0.117280557082646,0.0985889682975994,0.026571376214037,0.222283305845703
159773.411807,2558866.126422,0.0456964580657001,0.3444668746559,0.142962011378235,0.155074325564324,0.126078179482474,0.185722150853368
160273.411807,2558866.126422,0.0317238161884768,0.35246092838815,0.0247259155586657,0.10940051317938,0.108700723116398,0.372988103568929
