"x","y","forest","agri","water","built","other","grass"
237773.411807,2654866.126422,0.853049529267294,0.00286532951289398,0,0.000409332787556283,0.000204666393778142,0.143471142038477
238273.411807,2654866.126422,0.864798527306198,0.00306811208836163,0,0.000818163223563101,0.0016363264471262,0.129678870934751
238773.411807,2654866.126422,0.92934449663059,0,0,0,0,0.0706555033694098
239273.411807,2654866.126422,0.919361440851412,0,0,0,0,0.0806385591485878
239773.411807,2654866.126422,0.931683370832481,0.00388627531192473,0,0.000613622417672326,0.00388627531192473,0.0599304561259971
240273.411807,2654866.126422,0.947110475801511,0.00163365325709618,0,0,0,0.0512558709413927
240773.411807,2654866.126422,0.951903397462137,0,0,0,0,0.0480966025378633
241273.411807,2654866.126422,0.798527306197586,0.0218858662303129,0,0.00286357128247085,0.00347719370014318,0.173246062589487
241773.411807,2654866.126422,0.866040432918113,0.0112313661425362,0,0.00102103328568511,0.00163365325709618,0.120073514396569
242273.411807,2654866.126422,0.524355300859599,0.11788784281621,0,0.0110519852640196,0.0149406467458043,0.331764224314368
242773.411807,2654866.126422,0.282675393741051,0.104315811004295,0.00040908161178155,0.042749028431172,0.0717938228676621,0.498056862344038
243273.411807,2654866.126422,0.403512354502757,0.253420461507045,0.00285889319991832,0.0204206657137023,0.0404329181131305,0.279354706963447
243773.411807,2654866.126422,0.275480966025379,0.146745804338928,0,0.0370446172738436,0.0990585345886205,0.44167007777323
244273.411807,2654866.126422,0.188995704643076,0.188382082225404,0,0.0535896911433831,0.0942933115156474,0.474739210472489
244773.411807,2654866.126422,0.35736164998979,0.0224627322850725,0,0.00939350622830304,0.0163365325709618,0.594445578925873
245273.411807,2654866.126422,0.180311092918543,0.0540319279574294,0,0.0149406467458043,0.0212853049529267,0.729431027425297
245773.411807,2654866.126422,0.158110042953569,0.164246267130293,0.0214767846185314,0.077316424626713,0.0787482102679485,0.500102270402945
246273.411807,2654866.126422,0.0412497447416786,0.27710843373494,0.000816826628548091,0.0859710026546865,0.0892383091688789,0.505615683071268
246773.411807,2654866.126422,0.106426524764634,0.242120343839542,0.00388866148178469,0.0810478919361441,0.0845272206303725,0.481989357347524
247273.411807,2654866.126422,0.120883616281448,0.208836162814482,0.00613622417672326,0.0767028022090407,0.0724074452853344,0.515033749232972
247773.411807,2654866.126422,0.158260159281193,0.288339799877476,0.000408413314274045,0.017765979170921,0.0298141719420053,0.505411476414131
248273.411807,2654866.126422,0.576135898485469,0.0130986492018011,0,0.0163733115022513,0.0311092918542775,0.363282848956201
248773.411807,2654866.126422,0.556146451217018,0.00429535692370628,0,0.00859071384741256,0.00695438740028636,0.424013090611577
249273.411807,2654866.126422,0.878701245660609,0.0287931386563202,0,0.000408413314274045,0.000612619971411068,0.0914845823973862
249773.411807,2654866.126422,0.964981351015334,0.0078740157480315,0,0,0,0.0271446332366349
237773.411807,2654366.126422,0.835596330275229,0.0188990825688073,0,0.00660550458715596,0.00899082568807339,0.129908256880734
238273.411807,2654366.126422,0.880755824619336,0.00550357732526142,0,0.00183452577508714,0.00348559897266557,0.10842047330765
238773.411807,2654366.126422,0.896153846153846,0,0,0,0,0.103846153846154
239273.411807,2654366.126422,0.957064220183486,0.00073394495412844,0,0,0,0.0422018348623853
239773.411807,2654366.126422,0.978902953586498,0.00348559897266557,0,0,0,0.0176114474408365
240273.411807,2654366.126422,0.683699633699634,0,0,0,0,0.316300366300366
240773.411807,2654366.126422,0.929908256880734,0,0,0.00018348623853211,0.00018348623853211,0.0697247706422018
241273.411807,2654366.126422,0.770867730691616,0.00110071546505228,0,0.00238488350761328,0.00091726288754357,0.224729407448175
241773.411807,2654366.126422,0.312271062271062,0.162454212454212,0,0.0227106227106227,0.0311355311355311,0.471428571428571
242273.411807,2654366.126422,0.82605504587156,0.0315596330275229,0,0.0018348623853211,0.00055045871559633,0.14
242773.411807,2654366.126422,0.695285268758026,0.0500825536598789,0,0.00587048248027885,0.00587048248027885,0.242891212621537
243273.411807,2654366.126422,0.363186813186813,0.115750915750916,0.000366300366300366,0.13040293040293,0.0606227106227106,0.32967032967033
243773.411807,2654366.126422,0.405504587155963,0.150825688073394,0.00018348623853211,0.056697247706422,0.0431192660550459,0.343669724770642
244273.411807,2654366.126422,0.151715281599706,0.214822968262704,0,0.0315538433314988,0.0247660979636764,0.577141808842414
244773.411807,2654366.126422,0.147985347985348,0.124175824175824,0.000366300366300366,0.028021978021978,0.0388278388278388,0.660622710622711
245273.411807,2654366.126422,0.103853211009174,0.160366972477064,0,0.0867889908256881,0.0699082568807339,0.579082568807339
245773.411807,2654366.126422,0.0744817464685379,0.102549990827371,0.0143093010456797,0.113740598055403,0.0731975784259769,0.621720785177032
246273.411807,2654366.126422,0.0934065934065934,0.0990842490842491,0.00256410256410256,0.0454212454212454,0.0611721611721612,0.698351648351648
246773.411807,2654366.126422,0.106788990825688,0.230642201834862,0.000917431192660551,0.0726605504587156,0.0807339449541284,0.508256880733945
247273.411807,2654366.126422,0.107870115575124,0.200880572372042,0.0117409649605577,0.107870115575124,0.114841313520455,0.456796917996698
247773.411807,2654366.126422,0.296703296703297,0.0941391941391941,0,0.0879120879120879,0.0633699633699634,0.457875457875458
248273.411807,2654366.126422,0.398532110091743,0.0440366972477064,0,0.118715596330275,0.0941284403669725,0.344587155963303
248773.411807,2654366.126422,0.508347092276647,0.0135754907356448,0,0.00642084021280499,0.0137589433131535,0.45789763346175
249273.411807,2654366.126422,0.917582417582418,0.013003663003663,0,0,0,0.0694139194139194
249773.411807,2654366.126422,0.944155844155844,0.0025974025974026,0,0,0,0.0532467532467532
237773.411807,2653866.126422,0.868498168498169,0.00622710622710623,0,0.000366300366300366,0.00164835164835165,0.123260073260073
238273.411807,2653866.126422,0.552747252747253,0.106410256410256,0.00860805860805861,0.0463369963369963,0.0144688644688645,0.271428571428571
238773.411807,2653866.126422,0.411991199119912,0.111844517785112,0.00238357169050238,0.0869086908690869,0.0216354968830216,0.365236523652365
239273.411807,2653866.126422,0.856776556776557,0.00805860805860806,0.000366300366300366,0.00402930402930403,0.00567765567765568,0.125091575091575
239773.411807,2653866.126422,0.98992673992674,0.0043956043956044,0,0,0,0.00567765567765568
240273.411807,2653866.126422,0.905207187385405,0,0,0,0,0.0947928126145948
240773.411807,2653866.126422,0.925824175824176,0.000732600732600733,0,0,0,0.0734432234432234
241273.411807,2653866.126422,0.637912087912088,0.00860805860805861,0,0.0157509157509158,0.0227106227106227,0.315018315018315
241773.411807,2653866.126422,0.349101576824349,0.0936927026035937,0,0.0348368170150348,0.0408874220755409,0.481481481481481
242273.411807,2653866.126422,0.484798534798535,0.0710622710622711,0,0.0595238095238095,0.0415750915750916,0.343040293040293
242773.411807,2653866.126422,0.194871794871795,0.0961538461538462,0.0010989010989011,0.0347985347985348,0.0399267399267399,0.633150183150183
243273.411807,2653866.126422,0.037037037037037,0.170883755042171,0.000183351668500183,0.0392372570590392,0.0482214888155482,0.704437110377704
243773.411807,2653866.126422,0.0730769230769231,0.248534798534799,0.0206959706959707,0.084981684981685,0.0426739926739927,0.53003663003663
244273.411807,2653866.126422,0.0542124542124542,0.157142857142857,0.0230769230769231,0.0296703296703297,0.0489010989010989,0.686996336996337
244773.411807,2653866.126422,0.0804913824715805,0.178951228456179,0.00935093509350935,0.0473047304730473,0.0500550055005501,0.633846718005134
245273.411807,2653866.126422,0.141391941391941,0.242490842490842,0.0102564102564103,0.0391941391941392,0.0463369963369963,0.52032967032967
245773.411807,2653866.126422,0.0824175824175824,0.235164835164835,0.00641025641025641,0.103846153846154,0.1003663003663,0.471794871794872
246273.411807,2653866.126422,0.0627062706270627,0.164466446644664,0.0209020902090209,0.254675467546755,0.115328199486615,0.381921525485882
246773.411807,2653866.126422,0.0765567765567766,0.196153846153846,0.0032967032967033,0.124358974358974,0.118864468864469,0.480769230769231
247273.411807,2653866.126422,0.139194139194139,0.162454212454212,0.0113553113553114,0.155311355311355,0.0946886446886447,0.436996336996337
247773.411807,2653866.126422,0.104693802713605,0.194169416941694,0.000183351668500183,0.0867253392005867,0.0760909424275761,0.538137147048038
248273.411807,2653866.126422,0.080952380952381,0.192673992673993,0.000183150183150183,0.0598901098901099,0.0860805860805861,0.58021978021978
248773.411807,2653866.126422,0.254761904761905,0.058974358974359,0,0.0675824175824176,0.0695970695970696,0.549084249084249
249273.411807,2653866.126422,0.887605427209388,0.00641730839750642,0,0,0,0.105977264393106
249773.411807,2653866.126422,0.961652463875509,0,0,0,0,0.0383475361244906
237773.411807,2653366.126422,0.893558451091943,0.0034868783262984,0,0.00220223894292531,0.00256927876674619,0.0981831528720866
238273.411807,2653366.126422,0.271043462314322,0.0856409315972859,0.000550155877498625,0.11186502842472,0.0487804878048781,0.482119933981295
238773.411807,2653366.126422,0.337364852483049,0.0645043063954554,0.000366501740883269,0.148249954187282,0.099321971779366,0.350192413413964
239273.411807,2653366.126422,0.635162415122041,0.0418425399155808,0.000183519911910442,0.0337676637915214,0.0205542301339695,0.268489631124977
239773.411807,2653366.126422,0.731707317073171,0.0216394645149459,0.000366770584999083,0.0467632495873831,0.0170548322024574,0.182468366037044
240273.411807,2653366.126422,0.655305112699285,0.0469122228330585,0,0.0296866410115448,0.0126443100604728,0.255451713395639
240773.411807,2653366.126422,0.641952651862727,0.0989172325197284,0.0201871903101487,0.0935951550743256,0.0143145531290145,0.131033217104056
241273.411807,2653366.126422,0.596735741793508,0.0452961672473868,0.00513478818998716,0.0275077938749312,0.0163212910324592,0.309004217861727
241773.411807,2653366.126422,0.180318856514568,0.126443100604728,0,0.0615722924683892,0.062671797691039,0.568993952721275
242273.411807,2653366.126422,0.0495503762158194,0.239126445219306,0,0.0308313452009543,0.0403743806202973,0.640117452743623
242773.411807,2653366.126422,0.0133871263524665,0.268659453511828,0,0.0258573262424354,0.0458463231248854,0.646249770768384
243273.411807,2653366.126422,0.0441634597764339,0.271577789994502,0.0425142019424592,0.0304196444933113,0.0463624702217336,0.56496243357156
243773.411807,2653366.126422,0.0357863828225362,0.210313819049367,0.00220223894292531,0.0205542301339695,0.0267939071389246,0.704349421912277
244273.411807,2653366.126422,0.075187969924812,0.196405648267009,0.000183385292499542,0.0726205758298184,0.0753713552173116,0.580231065468549
244773.411807,2653366.126422,0.110500274876306,0.121678577973245,0.0053142752428074,0.0458127176104087,0.0355506688656771,0.681143485431556
245273.411807,2653366.126422,0.113965865296385,0.235823086804918,0.0222059093411635,0.0963479537529822,0.0967149935768031,0.434942191227748
245773.411807,2653366.126422,0.15184302218962,0.166147075004585,0.000550155877498625,0.0827067669172932,0.114799193104713,0.48395378690629
246273.411807,2653366.126422,0.133956386292835,0.183067619571193,0.00604727872457394,0.0557082646142569,0.0998717243906908,0.52134872640645
246773.411807,2653366.126422,0.0783630023857589,0.104789869700863,0.012846393833731,0.19930262433474,0.13268489631125,0.472013213433658
247273.411807,2653366.126422,0.13185402530717,0.154043645699615,0.00513478818998716,0.150559325142124,0.0946268109297634,0.463781404731341
247773.411807,2653366.126422,0.0945574491478835,0.136521898479018,0.00659703133589885,0.16932380428807,0.0773318673263698,0.51566794942276
248273.411807,2653366.126422,0.0824004404477886,0.210680858873188,0.00917599559552211,0.0673518076711323,0.066801247935401,0.563589649476968
248773.411807,2653366.126422,0.0995782138272511,0.157711351549606,0.00256739409499358,0.142857142857143,0.0854575463047864,0.51182835136622
249273.411807,2653366.126422,0.509987172439069,0.142569177203592,0.000549752611324904,0.0544255085211655,0.0503939893714495,0.242074399853399
249773.411807,2653366.126422,0.365745036184821,0.0762664687326035,0,0.0593802189645574,0.0760809055483392,0.422527370569679
237773.411807,2652866.126422,0.510642201834862,0.0844036697247706,0.00110091743119266,0.0744954128440367,0.0372477064220183,0.292110091743119
238273.411807,2652866.126422,0.623188405797101,0.0530177949000183,0.00421940928270042,0.0240322876536415,0.0458631443771785,0.24967895798936
238773.411807,2652866.126422,0.539010989010989,0.0686813186813187,0.00494505494505494,0.0635531135531135,0.015018315018315,0.308791208791209
239273.411807,2652866.126422,0.325137614678899,0.142385321100917,0.0113761467889908,0.179266055045872,0.0455045871559633,0.296330275229358
239773.411807,2652866.126422,0.365070629242341,0.0746651990460466,0.00752155567785727,0.12548156301596,0.0557695835626491,0.371491469455146
240273.411807,2652866.126422,0.574725274725275,0.0769230769230769,0.000366300366300366,0.0818681318681319,0.0126373626373626,0.253479853479853
240773.411807,2652866.126422,0.774311926605505,0.0227522935779817,0,0.0260550458715596,0.0310091743119266,0.145871559633028
241273.411807,2652866.126422,0.413502109704641,0.116308934140525,0.00458631443771785,0.0823702073014126,0.0605393505778756,0.322693083837828
241773.411807,2652866.126422,0.0919413919413919,0.254029304029304,0.00586080586080586,0.0734432234432234,0.0265567765567766,0.548168498168498
242273.411807,2652866.126422,0.183853211009174,0.134311926605505,0.00642201834862385,0.0598165137614679,0.0394495412844037,0.576146788990826
242773.411807,2652866.126422,0.155384333149881,0.243441570354063,0.00183452577508714,0.0344890845716382,0.0394423041643735,0.525408181984957
243273.411807,2652866.126422,0.101831501831502,0.138644688644689,0.000549450549450549,0.0796703296703297,0.0822344322344322,0.597069597069597
243773.411807,2652866.126422,0.0875229357798165,0.188440366972477,0.00275229357798165,0.0988990825688073,0.0904587155963303,0.531926605504587
244273.411807,2652866.126422,0.09557879288204,0.178499357915979,0.00476976701522656,0.125298110438452,0.0722803155384333,0.52357365620987
244773.411807,2652866.126422,0.126923076923077,0.0968864468864469,0.000549450549450549,0.134981684981685,0.103846153846154,0.536813186813187
245273.411807,2652866.126422,0.159449541284404,0.150275229357798,0.00018348623853211,0.0669724770642202,0.0792660550458716,0.543853211009174
245773.411807,2652866.126422,0.108053568152633,0.120161438268208,0.00238488350761328,0.266373142542653,0.145110988809393,0.357915978719501
246273.411807,2652866.126422,0.112454212454212,0.183882783882784,0,0.0615384615384615,0.0824175824175824,0.55970695970696
246773.411807,2652866.126422,0.138348623853211,0.127889908256881,0.013394495412844,0.101834862385321,0.0941284403669725,0.524403669724771
247273.411807,2652866.126422,0.131718950651257,0.121445606310769,0.00440286186020914,0.121995964043295,0.0988809392771968,0.521555677857274
247773.411807,2652866.126422,0.0992673992673993,0.248901098901099,0.000915750915750916,0.151282051282051,0.0981684981684982,0.401465201465201
248273.411807,2652866.126422,0.128807339449541,0.161467889908257,0.00146788990825688,0.21743119266055,0.147522935779817,0.343302752293578
248773.411807,2652866.126422,0.0944780774169877,0.181801504311136,0.000733810310034856,0.131902403228765,0.0919097413318657,0.499174463401211
249273.411807,2652866.126422,0.103296703296703,0.13992673992674,0.00494505494505494,0.188278388278388,0.0901098901098901,0.473443223443223
249773.411807,2652866.126422,0.166233766233766,0.0790352504638219,0.0038961038961039,0.121706864564007,0.0515769944341373,0.577551020408163
237773.411807,2652366.126422,0.877655677655678,0.0021978021978022,0,0.0010989010989011,0.000732600732600733,0.118315018315018
238273.411807,2652366.126422,0.709157509157509,0.03003663003663,0,0.00457875457875458,0.0155677655677656,0.240659340659341
238773.411807,2652366.126422,0.84011734506784,0.000366703337000367,0,0,0,0.15951595159516
239273.411807,2652366.126422,0.928754578754579,0.0021978021978022,0,0,0,0.0690476190476191
239773.411807,2652366.126422,0.742857142857143,0.0501831501831502,0,0.0406593406593407,0.00567765567765568,0.160622710622711
240273.411807,2652366.126422,0.88008800880088,0.0207187385405207,0,0,0,0.0991932526585992
240773.411807,2652366.126422,0.958791208791209,0.000915750915750916,0,0,0,0.0402930402930403
241273.411807,2652366.126422,0.823260073260073,0.0238095238095238,0,0.00695970695970696,0.0119047619047619,0.134065934065934
241773.411807,2652366.126422,0.635863586358636,0.026952695269527,0,0.0759075907590759,0.0548221488815548,0.206453978731206
242273.411807,2652366.126422,0.158974358974359,0.204212454212454,0.00164835164835165,0.169047619047619,0.0743589743589744,0.391758241758242
242773.411807,2652366.126422,0.043956043956044,0.211721611721612,0.00347985347985348,0.0291208791208791,0.0258241758241758,0.685897435897436
243273.411807,2652366.126422,0.0834250091675834,0.266776677667767,0,0.0144847818115145,0.0161349468280161,0.619178584525119
243773.411807,2652366.126422,0.213919413919414,0.0628205128205128,0.0010989010989011,0.201831501831502,0.142124542124542,0.378205128205128
244273.411807,2652366.126422,0.13974358974359,0.131501831501832,0.0021978021978022,0.207509157509158,0.102930402930403,0.416117216117216
244773.411807,2652366.126422,0.135680234690136,0.083975064173084,0,0.103960396039604,0.0870920425375871,0.589292262559589
245273.411807,2652366.126422,0.0595238095238095,0.161904761904762,0.000732600732600733,0.0818681318681319,0.0752747252747253,0.620695970695971
245773.411807,2652366.126422,0.105677655677656,0.160805860805861,0.00311355311355311,0.176190476190476,0.13040293040293,0.423809523809524
246273.411807,2652366.126422,0.0995599559955996,0.149248258159149,0.00128346167950128,0.195819581958196,0.0999266593325999,0.454162082874954
246773.411807,2652366.126422,0.251465201465201,0.0677655677655678,0.00347985347985348,0.165934065934066,0.0661172161172161,0.445238095238095
247273.411807,2652366.126422,0.149450549450549,0.0954212454212454,0.00421245421245421,0.147069597069597,0.0998168498168498,0.504029304029304
247773.411807,2652366.126422,0.163916391639164,0.0907590759075908,0.00421708837550422,0.322332233223322,0.19050238357169,0.228272827282728
248273.411807,2652366.126422,0.246886446886447,0.0641025641025641,0.00366300366300366,0.208058608058608,0.121794871794872,0.355494505494506
248773.411807,2652366.126422,0.364835164835165,0.103296703296703,0.00293040293040293,0.191025641025641,0.108058608058608,0.22985347985348
249273.411807,2652366.126422,0.25009167583425,0.117345067840117,0.00165016501650165,0.2000366703337,0.152731939860653,0.278144481114778
249773.411807,2652366.126422,0.533160429788811,0.0568729158947758,0.00277880696554279,0.113190070396443,0.0842904779547981,0.20970729899963
237773.411807,2651866.126422,0.708203340062397,0.00403743806202973,0,0.00110111947146265,0.000367039823820885,0.28629106258029
238273.411807,2651866.126422,0.565927012653585,0.0597836053548505,0,0.0066018705299835,0.00880249403997799,0.358885017421603
238773.411807,2651866.126422,0.907275059556533,0.009529045262965,0,0,0,0.0831958951805021
239273.411807,2651866.126422,0.877775738667645,0.0106441548908057,0,0,0,0.111580106441549
239773.411807,2651866.126422,0.836603704382909,0.0260407115349349,0,0,0,0.137355584082157
240273.411807,2651866.126422,0.861645592816566,0.0298698918819864,0,0,0,0.108484515301448
240773.411807,2651866.126422,0.814461369058543,0.00238575885483575,0,0,0,0.183152872086621
241273.411807,2651866.126422,0.838804327892903,0.00458463231248854,0,0.000366770584999083,0.00183385292499542,0.154410416284614
241773.411807,2651866.126422,0.835990470954737,0.0337181601612608,0,0,0,0.130291368884002
242273.411807,2651866.126422,0.77170122958341,0.0110111947146265,0,0.00440447788585061,0.0106441548908057,0.202238942925307
242773.411807,2651866.126422,0.223730056849441,0.145607922244636,0,0.11589950485971,0.0695030258573262,0.445259490188887
243273.411807,2651866.126422,0.1456844420011,0.100054975261132,0.000916254352208173,0.0148433205057724,0.0236393622869709,0.714861645592817
243773.411807,2651866.126422,0.104239309965131,0.367039823820885,0.000550559735731327,0.0748761240594605,0.0422095797394017,0.411084602679391
244273.411807,2651866.126422,0.346964973409133,0.0608839171098478,0.000183385292499542,0.264991747661838,0.122684760682193,0.204291215844489
244773.411807,2651866.126422,0.188015393073117,0.0776983690672531,0.0120945574491479,0.39802089059923,0.120395821880154,0.203774967931098
245273.411807,2651866.126422,0.18663975041292,0.0701046063497889,0.00495503762158194,0.393466691135988,0.163149201688383,0.181684712791338
245773.411807,2651866.126422,0.1199339812947,0.0493306436823767,0.0231065468549422,0.576930130203558,0.125068769484687,0.105629928479736
246273.411807,2651866.126422,0.106652006597031,0.0610225398570643,0.00879604178119846,0.611874656404618,0.0956569543705333,0.115997800989555
246773.411807,2651866.126422,0.108460267939071,0.0546889337493118,0.00367039823820885,0.61809506331437,0.0976325931363553,0.117452743622683
247273.411807,2651866.126422,0.134421419402164,0.0438290849073904,0.00990280579497524,0.660737208875848,0.0768384375573079,0.0742710434623143
247773.411807,2651866.126422,0.136521898479018,0.0733003481766538,0.00366501740883269,0.466190214403518,0.115081546637347,0.205240974894631
248273.411807,2651866.126422,0.649476968251055,0.0359699027344467,0,0.0249587080198202,0.0332171040557901,0.256377316938888
248773.411807,2651866.126422,0.761782505043096,0.0392444525949019,0.000733541169998166,0.0121034293049697,0.0115532734274711,0.174582798459564
249273.411807,2651866.126422,0.498442367601246,0.101520982224666,0.00439802089059923,0.0872274143302181,0.0760491112332784,0.232362103719993
249773.411807,2651866.126422,0.320467619224346,0.115234737428094,0.0296901094822787,0.098905177212841,0.0985340508443125,0.337168305808128
237773.411807,2651366.126422,0.641467889908257,0.000917431192660551,0,0.000917431192660551,0.00146788990825688,0.355229357798165
238273.411807,2651366.126422,0.816547422491286,0.0113740598055403,0,0.00110071546505228,0.00421940928270042,0.166758392955421
238773.411807,2651366.126422,0.891575091575092,0.00604395604395604,0,0,0.000915750915750916,0.101465201465201
239273.411807,2651366.126422,0.881834862385321,0,0,0,0,0.118165137614679
239773.411807,2651366.126422,0.776921665749404,0.0476976701522656,0,0.00385250412768299,0.00605393505778756,0.16547422491286
240273.411807,2651366.126422,0.854212454212454,0.00366300366300366,0,0.0010989010989011,0.00146520146520147,0.13956043956044
240773.411807,2651366.126422,0.918532110091743,0.0073394495412844,0,0,0,0.0741284403669725
241273.411807,2651366.126422,0.753990093560814,0.0299027701339204,0,0,0,0.216107136305265
241773.411807,2651366.126422,0.864102564102564,0.00641025641025641,0,0.0010989010989011,0.00128205128205128,0.127106227106227
242273.411807,2651366.126422,0.858532110091743,0.00422018348623853,0,0.00587155963302752,0.00642201834862385,0.124954128440367
242773.411807,2651366.126422,0.745184369840396,0.0544854155200881,0,0.00495321959273528,0.00733810310034856,0.188038891946432
243273.411807,2651366.126422,0.355494505494506,0.0507326007326007,0,0.109340659340659,0.056959706959707,0.427472527472527
243773.411807,2651366.126422,0.0732110091743119,0.147706422018349,0.00018348623853211,0.0812844036697248,0.0568807339449541,0.640733944954128
244273.411807,2651366.126422,0.232250963126032,0.16694184553293,0.00183452577508714,0.149146945514584,0.0541185103650706,0.395707209686296
244773.411807,2651366.126422,0.128754578754579,0.18021978021978,0.00402930402930403,0.179487179487179,0.0866300366300366,0.420879120879121
245273.411807,2651366.126422,0.125688073394495,0.160366972477064,0.00146788990825688,0.262018348623853,0.0726605504587156,0.377798165137615
245773.411807,2651366.126422,0.148229682627041,0.0577875619152449,0.00220143093010457,0.358833241607045,0.0876903320491653,0.3452577508714
246273.411807,2651366.126422,0.0635531135531135,0.0318681318681319,0.00494505494505494,0.804761904761905,0.0620879120879121,0.0327838827838828
246773.411807,2651366.126422,0.121467889908257,0.0521100917431193,0.00697247706422018,0.634495412844037,0.108990825688073,0.0759633027522936
247273.411807,2651366.126422,0.0506329113924051,0.0311869381764814,0.0078884608328747,0.836543753439736,0.0427444505595304,0.0310034855989727
247773.411807,2651366.126422,0.0875457875457875,0.047985347985348,0,0.464285714285714,0.0734432234432234,0.326739926739927
248273.411807,2651366.126422,0.317614678899083,0.0555963302752294,0.00018348623853211,0.0444036697247706,0.0581651376146789,0.524036697247706
248773.411807,2651366.126422,0.746835443037975,0.0170610897083104,0,0.00770500825536599,0.00843881856540084,0.219959640432948
249273.411807,2651366.126422,0.744139194139194,0.00549450549450549,0,0,0.000549450549450549,0.24981684981685
249773.411807,2651366.126422,0.387569573283859,0.0573283858998145,0.0038961038961039,0.143970315398887,0.0938775510204082,0.313358070500928
237773.411807,2650866.126422,0.808791208791209,0.00714285714285714,0,0.000915750915750916,0.000366300366300366,0.182783882783883
238273.411807,2650866.126422,0.891575091575092,0.00824175824175824,0,0.000366300366300366,0.000732600732600733,0.0990842490842491
238773.411807,2650866.126422,0.736707004033737,0.026035936927026,0,0.00421708837550422,0.0066006600660066,0.226439310597726
239273.411807,2650866.126422,0.804395604395604,0.0195970695970696,0,0.00128205128205128,0.00201465201465201,0.172710622710623
239773.411807,2650866.126422,0.806959706959707,0.0141025641025641,0,0.0342490842490843,0.0173992673992674,0.127289377289377
240273.411807,2650866.126422,0.746424642464246,0.00458379171250458,0,0.00128346167950128,0.00256692335900257,0.245141180784745
240773.411807,2650866.126422,0.767399267399267,0.0152014652014652,0,0.000732600732600733,0.0010989010989011,0.215567765567766
241273.411807,2650866.126422,0.731135531135531,0.00879120879120879,0.000183150183150183,0.0108058608058608,0.0032967032967033,0.245787545787546
241773.411807,2650866.126422,0.819398606527319,0.0115511551155116,0,0,0.00128346167950128,0.167766776677668
242273.411807,2650866.126422,0.747802197802198,0.041025641025641,0,0.000183150183150183,0.000366300366300366,0.210622710622711
242773.411807,2650866.126422,0.595238095238095,0.0375457875457875,0,0.0032967032967033,0.00421245421245421,0.35970695970696
243273.411807,2650866.126422,0.801063439677301,0.0022002200220022,0,0,0.000183351668500183,0.196552988632197
243773.411807,2650866.126422,0.591575091575092,0.0399267399267399,0,0.0461538461538462,0.0380952380952381,0.284249084249084
244273.411807,2650866.126422,0.554945054945055,0.026007326007326,0.00201465201465201,0.110622710622711,0.0683150183150183,0.238095238095238
244773.411807,2650866.126422,0.530986431976531,0.0715071507150715,0.000183351668500183,0.0471213788045471,0.0243857719105244,0.325815914924826
245273.411807,2650866.126422,0.0972527472527473,0.232600732600733,0,0.0771062271062271,0.0701465201465201,0.522893772893773
245773.411807,2650866.126422,0.0961538461538462,0.206410256410256,0.0124542124542125,0.22967032967033,0.0906593406593407,0.364652014652015
246273.411807,2650866.126422,0.0856252291895856,0.0487715438210488,0.00403373670700403,0.706637330399707,0.0760909424275761,0.0788412174550788
246773.411807,2650866.126422,0.0584249084249084,0.0249084249084249,0.000549450549450549,0.837728937728938,0.052014652014652,0.0263736263736264
247273.411807,2650866.126422,0.147619047619048,0.0527472527472527,0.00128205128205128,0.515201465201465,0.103479853479853,0.17967032967033
247773.411807,2650866.126422,0.206453978731206,0.0724239090575724,0.0033003300330033,0.227906123945728,0.063989732306564,0.425925925925926
248273.411807,2650866.126422,0.191025641025641,0.116849816849817,0.000183150183150183,0.045970695970696,0.0652014652014652,0.580769230769231
248773.411807,2650866.126422,0.698534798534798,0.00750915750915751,0,0.00476190476190476,0.00476190476190476,0.284432234432234
249273.411807,2650866.126422,0.854052071873854,0.00165016501650165,0,0.00055005500550055,0.00128346167950128,0.142464246424642
249773.411807,2650866.126422,0.342904779547981,0.0870692849203409,0.313449425713227,0.088180807706558,0.0431641348647647,0.125231567247129
237773.411807,2650366.126422,0.879060378051019,0.00110111947146265,0,0,0,0.119838502477519
238273.411807,2650366.126422,0.920410783055199,0.00110031175499725,0,0,0.000183385292499542,0.0783055198973042
238773.411807,2650366.126422,0.804288070368334,0.00219901044529962,0,0.00439802089059923,0.00604727872457394,0.183067619571193
239273.411807,2650366.126422,0.372545421178198,0.0434942191227748,0,0.0256927876674619,0.0317489447605065,0.526518627271059
239773.411807,2650366.126422,0.872363836420319,0.0022006235099945,0,0.000183385292499542,0.000550155877498625,0.124701998899688
240273.411807,2650366.126422,0.883635697269562,0.00384826827927433,0,0.000183250870441635,0.000183250870441635,0.11214953271028
240773.411807,2650366.126422,0.582125160579923,0.0568911726922371,0,0.019086070838686,0.0306478252890439,0.31124977060011
241273.411807,2650366.126422,0.343664038144141,0.0753713552173116,0,0.0872913992297818,0.0535485054098661,0.4401247019989
241773.411807,2650366.126422,0.666483415796225,0.0296866410115448,0,0.0042147700201576,0.013560564412681,0.286054608759392
242273.411807,2650366.126422,0.703431822352725,0.00568911726922371,0,0.000183519911910442,0.000183519911910442,0.29051202055423
242773.411807,2650366.126422,0.545571245186136,0.00458463231248854,0,0.0205391527599487,0.0275077938749312,0.401797175866495
243273.411807,2650366.126422,0.768004398020891,0.0126443100604728,0,0.000916254352208173,0.0042147700201576,0.214220267546271
243773.411807,2650366.126422,0.732795008258396,0.046063497889521,0,0.00715727656450725,0.00403743806202973,0.209946779225546
244273.411807,2650366.126422,0.58389877131854,0.0702365670273244,0.000183385292499542,0.024390243902439,0.0346598202824134,0.286631212176783
244773.411807,2650366.126422,0.576873740150266,0.101154480483782,0,0.00201575957485798,0.00751328568810702,0.312442734102987
245273.411807,2650366.126422,0.195999265920352,0.190493668563039,0,0.0655166085520279,0.0594604514589833,0.488530005505597
245773.411807,2650366.126422,0.255455712451861,0.0700531817348249,0.000366770584999083,0.142490372272144,0.0929763432972676,0.438657619658903
246273.411807,2650366.126422,0.180318856514568,0.105919003115265,0.0047645226314825,0.183067619571193,0.10646875572659,0.419461242440902
246773.411807,2650366.126422,0.173609836667278,0.102954670581758,0.0047715177096715,0.451275463387778,0.101302991374564,0.16608552027895
247273.411807,2650366.126422,0.119383825417202,0.0625343847423437,0.00275077938749312,0.637080506143407,0.108747478452228,0.0695030258573262
247773.411807,2650366.126422,0.183067619571193,0.0740333516584204,0.00128275609309144,0.260032985156679,0.126076598863845,0.355506688656771
248273.411807,2650366.126422,0.218755734997247,0.0583593319875206,0.0012846393833731,0.108460267939071,0.0926775555147734,0.520462470178014
248773.411807,2650366.126422,0.725105446543187,0.0262240968274344,0,0.0075187969924812,0.00550155877498625,0.235650100861911
249273.411807,2650366.126422,0.77808319589518,0.023089609675646,0.00366501740883269,0.000183250870441635,0.000183250870441635,0.194795675279458
249773.411807,2650366.126422,0.390239376507701,0.0964928558174058,0.153089627018,0.0347003154574132,0.0382260159584338,0.287251809241047
237773.411807,2649866.126422,0.900550458715596,0.00458715596330275,0,0,0,0.0948623853211009
238273.411807,2649866.126422,0.896349293707577,0,0,0,0,0.103650706292423
238773.411807,2649866.126422,0.833699633699634,0.00146520146520147,0,0.000366300366300366,0.000549450549450549,0.163919413919414
239273.411807,2649866.126422,0.349357798165138,0.0911926605504587,0,0.00623853211009174,0.00862385321100917,0.544587155963303
239773.411807,2649866.126422,0.826086956521739,0.00275178866263071,0,0.000550357732526142,0.000366905155017428,0.170243991928087
240273.411807,2649866.126422,0.895604395604396,0.00384615384615385,0,0.00128205128205128,0.00183150183150183,0.0974358974358974
240773.411807,2649866.126422,0.717614678899083,0.0185321100917431,0,0.0165137614678899,0.0201834862385321,0.227155963302752
241273.411807,2649866.126422,0.721702439919281,0.00385250412768299,0,0.001284168042561,0.00293524124013942,0.270225646670336
241773.411807,2649866.126422,0.64981684981685,0.157326007326007,0,0.0032967032967033,0.0184981684981685,0.171062271062271
242273.411807,2649866.126422,0.638348623853211,0.00311926605504587,0,0.0113761467889908,0.0137614678899083,0.333394495412844
242773.411807,2649866.126422,0.436617134470739,0.0146762062006971,0.000183452577508714,0.032104201064025,0.0541185103650706,0.462300495321959
243273.411807,2649866.126422,0.561355311355311,0.00311355311355311,0,0.00897435897435897,0.00641025641025641,0.42014652014652
243773.411807,2649866.126422,0.38348623853211,0.0574311926605505,0,0.0326605504587156,0.0409174311926606,0.485504587155963
244273.411807,2649866.126422,0.511649238671803,0.128600256833609,0,0.0370574206567602,0.0392588515868648,0.283434232250963
244773.411807,2649866.126422,0.191208791208791,0.0716117216117216,0.000366300366300366,0.0554945054945055,0.056959706959707,0.624358974358974
245273.411807,2649866.126422,0.103853211009174,0.0851376146788991,0,0.073394495412844,0.0998165137614679,0.637798165137615
245773.411807,2649866.126422,0.0731975784259769,0.176664832140892,0.000366905155017428,0.109154283617685,0.0722803155384333,0.568336085121996
246273.411807,2649866.126422,0.218864468864469,0.0677655677655678,0.000549450549450549,0.111355311355311,0.08003663003663,0.521428571428571
246773.411807,2649866.126422,0.132477064220183,0.182752293577982,0.00055045871559633,0.108807339449541,0.124036697247706,0.451376146788991
247273.411807,2649866.126422,0.155017427994863,0.130434782608696,0.000550357732526142,0.113740598055403,0.0974133186571271,0.502843514951385
247773.411807,2649866.126422,0.0923076923076923,0.174175824175824,0.0276556776556777,0.161721611721612,0.137728937728938,0.406410256410256
248273.411807,2649866.126422,0.251926605504587,0.0544954128440367,0.0073394495412844,0.140733944954128,0.113761467889908,0.431743119266055
248773.411807,2649866.126422,0.70757659145111,0.0137589433131535,0,0.0161438268207668,0.0223812144560631,0.240139423958907
249273.411807,2649866.126422,0.861172161172161,0.00128205128205128,0,0,0,0.137545787545788
249773.411807,2649866.126422,0.614656771799629,0.0293135435992579,0,0.00500927643784787,0.00705009276437848,0.343970315398887
237773.411807,2649366.126422,0.81978021978022,0.0417582417582418,0,0,0,0.138461538461538
238273.411807,2649366.126422,0.861538461538462,0.000183150183150183,0,0.000366300366300366,0.000915750915750916,0.136996336996337
238773.411807,2649366.126422,0.746057939127246,0.0724239090575724,0,0.00201686835350202,0.0055005500550055,0.174000733406674
239273.411807,2649366.126422,0.894322344322344,0.000183150183150183,0,0.000183150183150183,0.000915750915750916,0.104395604395604
239773.411807,2649366.126422,0.665567765567766,0.0564102564102564,0,0.000183150183150183,0,0.277838827838828
240273.411807,2649366.126422,0.854602126879355,0.0124679134580125,0,0.00165016501650165,0.00256692335900257,0.128712871287129
240773.411807,2649366.126422,0.862087912087912,0.000732600732600733,0,0,0,0.137179487179487
241273.411807,2649366.126422,0.502380952380952,0.0230769230769231,0,0.00531135531135531,0.00677655677655678,0.462454212454212
241773.411807,2649366.126422,0.513201320132013,0.114411441144114,0,0.0106343967730106,0.0117345067840117,0.35001833516685
242273.411807,2649366.126422,0.564468864468864,0.0353479853479853,0.000183150183150183,0.0412087912087912,0.0357142857142857,0.323076923076923
242773.411807,2649366.126422,0.403846153846154,0.0137362637362637,0.00146520146520147,0.0895604395604396,0.0448717948717949,0.446520146520147
243273.411807,2649366.126422,0.508067473414008,0.0119178584525119,0,0.0243857719105244,0.0320865419875321,0.423542354235424
243773.411807,2649366.126422,0.242857142857143,0.144505494505494,0.00402930402930403,0.0483516483516484,0.0655677655677656,0.494688644688645
244273.411807,2649366.126422,0.455494505494505,0.0736263736263736,0,0.017032967032967,0.0249084249084249,0.428937728937729
244773.411807,2649366.126422,0.343784378437844,0.0540887422075541,0,0.0033003300330033,0.00183351668500183,0.596993032636597
245273.411807,2649366.126422,0.134432234432234,0.111721611721612,0.000366300366300366,0.0206959706959707,0.0362637362637363,0.696520146520146
245773.411807,2649366.126422,0.19047619047619,0.0868131868131868,0.00512820512820513,0.20989010989011,0.0818681318681319,0.425824175824176
246273.411807,2649366.126422,0.128896222955629,0.161349468280161,0.00605060506050605,0.119361936193619,0.0751741840850752,0.509167583425009
246773.411807,2649366.126422,0.0901098901098901,0.142490842490842,0.00695970695970696,0.0305860805860806,0.0692307692307692,0.660622710622711
247273.411807,2649366.126422,0.17014652014652,0.135164835164835,0.00952380952380952,0.141758241758242,0.11007326007326,0.433333333333333
247773.411807,2649366.126422,0.129262926292629,0.136596993032637,0.0177851118445178,0.133113311331133,0.112944627796113,0.47029702970297
248273.411807,2649366.126422,0.126373626373626,0.153479853479853,0.000366300366300366,0.140659340659341,0.0716117216117216,0.507509157509157
248773.411807,2649366.126422,0.183333333333333,0.131318681318681,0.000366300366300366,0.0880952380952381,0.0846153846153846,0.512271062271062
249273.411807,2649366.126422,0.814264759809314,0.00476714338100477,0,0.0011001100110011,0.00275027502750275,0.177117711771177
249773.411807,2649366.126422,0.795665061133753,0.0244535012967766,0,0,0,0.17988143756947
237773.411807,2648866.126422,0.371627821618646,0.20334006239677,0,0.0266103872270141,0.0299137456414021,0.368507983116168
238273.411807,2648866.126422,0.616908123968458,0.00293416467999266,0,0.00641848523748395,0.00733541169998166,0.366403814414084
238773.411807,2648866.126422,0.822063404801173,0.0725673446948873,0,0,0,0.10536925050394
239273.411807,2648866.126422,0.754083318040007,0.0673518076711323,0,0,0,0.17856487428886
239773.411807,2648866.126422,0.720520814230699,0.0075187969924812,0,0,0,0.27196038877682
240273.411807,2648866.126422,0.597764339380612,0.0271211288253619,0,0.00934579439252336,0.0100787978742899,0.355689939527213
240773.411807,2648866.126422,0.764910992842723,0.00293631859056708,0,0.00146815929528354,0.00110111947146265,0.229583409799963
241273.411807,2648866.126422,0.752796625710618,0.00843572345497891,0,0.00238400880249404,0.00238400880249404,0.233999633229415
241773.411807,2648866.126422,0.664101154480484,0.0172255818215137,0,0.00806303829943192,0.0120945574491479,0.298515667949423
242273.411807,2648866.126422,0.702697742705083,0.00513855753349238,0.000917599559552211,0.0139475133051936,0.0137639933932832,0.263534593503395
242773.411807,2648866.126422,0.573812580231066,0.037593984962406,0.00403447643498991,0.0737208875848157,0.0515312671923712,0.259306803594352
243273.411807,2648866.126422,0.453729155213487,0.0776983690672531,0.00678028220634048,0.0480117280557083,0.0498442367601246,0.363936228697086
243773.411807,2648866.126422,0.461552578454762,0.131950816663608,0,0.00715727656450725,0.0126628739218205,0.386676454395302
