"x","y","forest","agri","water","built","other","grass"
313273.411807,2779366.126422,0.745644599303136,0.0106363469649734,0.000366770584999083,0.0201723821749496,0.0271410232899321,0.19603887768201
313773.411807,2779366.126422,0.873190397654389,0.00164925783397471,0,0.00842954004031519,0.0241891148982958,0.0925416895730255
314273.411807,2779366.126422,0.916131400256928,0,0,0.000550559735731327,0.000183519911910442,0.0831345200954303
314773.411807,2779366.126422,0.797359251788007,0.0214560792224464,0,0.0185219145424537,0.0284247203374289,0.134238034109664
315273.411807,2779366.126422,0.863844603261866,0.00934579439252336,0,0.000549752611324904,0.000733003481766538,0.12552684625252
315773.411807,2779366.126422,0.91723251972839,0.0211047898697009,0,0,0.000183519911910442,0.0614791704899982
316273.411807,2779366.126422,0.849990830735375,0.00256739409499358,0.00146708233999633,0.0066018705299835,0.0128369704749679,0.126535851824684
316773.411807,2779366.126422,0.647242074399853,0.045629466739967,0.0100787978742899,0.0111783030969397,0.0124610591900312,0.273410298698919
317273.411807,2779366.126422,0.679390713892457,0.0135804734813727,0.00256927876674619,0.0879060378051019,0.0466140576252523,0.16993943842907
317773.411807,2779366.126422,0.945167797542637,0.0097194205024757,0,0.00421786172748946,0.00421786172748946,0.0366770584999083
318273.411807,2779366.126422,0.777716694154297,0.0694520798973795,0,0.0137438152831226,0.0130108118013561,0.126076598863845
318773.411807,2779366.126422,0.718296935217471,0.173059276931547,0,0.0135804734813727,0.0143145531290145,0.0807487612405946
319273.411807,2779366.126422,0.934164679992665,0,0,0,0,0.0658353200073354
319773.411807,2779366.126422,0.698369067253069,0,0,0.000549752611324904,0,0.301081180135606
320273.411807,2779366.126422,0.337126078179482,0.0405579005322077,0.138557533492384,0.0833180400073408,0.0427601394751331,0.357680308313452
320773.411807,2779366.126422,0.729323308270677,0.013203741059967,0.00403447643498991,0.0456629378323858,0.0489638730973776,0.158811663304603
321273.411807,2779366.126422,0.603811618105186,0.00806303829943192,0.00439802089059923,0.00806303829943192,0.0201575957485798,0.355506688656771
321773.411807,2779366.126422,0.559919251238759,0.00642319691686548,0.0238575885483575,0.0317489447605065,0.0203707102220591,0.357680308313452
322273.411807,2779366.126422,0.199523198239501,0.0320924261874198,0.246653218411883,0.165963689712085,0.0698697964423253,0.285897671006785
322773.411807,2779366.126422,0.14238592633315,0.0337181601612608,0.186732636980026,0.502840388491845,0.051676745464541,0.0826461425691772
323273.411807,2779366.126422,0.678840154156726,0.129748577720683,0.0012846393833731,0.102404110846027,0.0343182235272527,0.0534042943659387
323773.411807,2779366.126422,0.6400146708234,0.336512011736659,0.000550155877498625,0.0181551439574546,0.00385109114249037,0.000916926462497708
324273.411807,2779366.126422,0.496060106285505,0.0881436686824262,0.011544804837823,0.109217518783214,0.0524097489463075,0.242624152464724
324773.411807,2779366.126422,0.265186272710589,0.0185355111029547,0.0989172325197284,0.42741787483942,0.0411084602679391,0.148834648559369
325273.411807,2779366.126422,0.546671556941133,0.0526315789473684,0.035209976159912,0.134971575279663,0.0803227581147992,0.150192554557125
313273.411807,2778866.126422,0.6547422491286,0.0185287103283801,0.00403595670519171,0.0583379196477711,0.0365070629242341,0.227848101265823
313773.411807,2778866.126422,0.818498168498168,0.00274725274725275,0.00586080586080586,0.0177655677655678,0.015018315018315,0.14010989010989
314273.411807,2778866.126422,0.821467889908257,0.00128440366972477,0,0.00311926605504587,0.0264220183486239,0.147706422018349
314773.411807,2778866.126422,0.853237937993029,0.00568702990277013,0.000366905155017428,0.0148596587782058,0.0135754907356448,0.112272977435333
315273.411807,2778866.126422,0.874725274725275,0.00274725274725275,0,0.0131868131868132,0.00842490842490842,0.100915750915751
315773.411807,2778866.126422,0.843853211009174,0.00275229357798165,0,0.00587155963302752,0.00348623853211009,0.144036697247706
316273.411807,2778866.126422,0.744450559530361,0.0161438268207668,0.00275178866263071,0.0288020546688681,0.078884608328747,0.128967161988626
316773.411807,2778866.126422,0.719047619047619,0.0106227106227106,0.000366300366300366,0.0228937728937729,0.0241758241758242,0.222893772893773
317273.411807,2778866.126422,0.80348623853211,0.00220183486238532,0,0.0768807339449541,0.0295412844036697,0.0878899082568807
317773.411807,2778866.126422,0.903137039075399,0.00220143093010457,0,0.000366905155017428,0.002568336085122,0.091726288754357
318273.411807,2778866.126422,0.83974358974359,0.000549450549450549,0,0.00384615384615385,0.00641025641025641,0.149450549450549
318773.411807,2778866.126422,0.784036697247706,0.00440366972477064,0.00055045871559633,0.0234862385321101,0.0247706422018349,0.162752293577982
319273.411807,2778866.126422,0.633461750137589,0.0104567969179967,0.000550357732526142,0.0528343423225096,0.0350394423041644,0.267657310585214
319773.411807,2778866.126422,0.569047619047619,0.0408424908424908,0.0675824175824176,0.0774725274725275,0.0531135531135531,0.191941391941392
320273.411807,2778866.126422,0.492110091743119,0.0460550458715596,0.00862385321100917,0.0765137614678899,0.0603669724770642,0.316330275229358
320773.411807,2778866.126422,0.599706475875986,0.021830856723537,0.00238488350761328,0.0434782608695652,0.0335718216840947,0.299027701339204
321273.411807,2778866.126422,0.673260073260073,0.00256410256410256,0,0.0148351648351648,0.013003663003663,0.296336996336996
321773.411807,2778866.126422,0.668623853211009,0.00440366972477064,0.00220183486238532,0.0251376146788991,0.0188990825688073,0.280733944954128
322273.411807,2778866.126422,0.271693267290405,0.0253164556962025,0.0990643918547056,0.166391487800404,0.0387084938543387,0.398825903503944
322773.411807,2778866.126422,0.487362637362637,0.0104395604395604,0.0119047619047619,0.0401098901098901,0.0252747252747253,0.424908424908425
323273.411807,2778866.126422,0.303302752293578,0.0748623853211009,0.110825688073394,0.210275229357798,0.0814678899082569,0.219266055045872
323773.411807,2778866.126422,0.623555310952119,0.0376077783892864,0.0354063474591818,0.0526508897450009,0.0489818381948266,0.201797835259585
324273.411807,2778866.126422,0.736446886446886,0.00146520146520147,0,0,0.000183150183150183,0.261904761904762
324773.411807,2778866.126422,0.525871559633028,0.0289908256880734,0.0922935779816514,0.114678899082569,0.0502752293577982,0.187889908256881
325273.411807,2778866.126422,0.570720968629609,0.0543019629425793,0.0465969546872134,0.13410383415887,0.0948449825720051,0.099431297009723
313273.411807,2778366.126422,0.791208791208791,0.00860805860805861,0.00531135531135531,0.0195970695970696,0.0137362637362637,0.161538461538462
313773.411807,2778366.126422,0.581591492482582,0.00715071507150715,0.0022002200220022,0.0779244591125779,0.0504217088375504,0.280711404473781
314273.411807,2778366.126422,0.817765567765568,0.00860805860805861,0.0106227106227106,0.010989010989011,0.0104395604395604,0.141575091575092
314773.411807,2778366.126422,0.755128205128205,0.00586080586080586,0.00146520146520147,0.0232600732600733,0.0313186813186813,0.182967032967033
315273.411807,2778366.126422,0.678767876787679,0.0113678034470114,0.00476714338100477,0.0806747341400807,0.0544554455445545,0.16996699669967
315773.411807,2778366.126422,0.773809523809524,0.00476190476190476,0.0010989010989011,0.0201465201465201,0.0183150183150183,0.181868131868132
316273.411807,2778366.126422,0.866483516483517,0.019047619047619,0,0.000732600732600733,0.00659340659340659,0.107142857142857
316773.411807,2778366.126422,0.783645031169784,0.00531719838650532,0.000183351668500183,0.0144847818115145,0.0066006600660066,0.18976897689769
317273.411807,2778366.126422,0.857875457875458,0.0135531135531136,0.000183150183150183,0.0254578754578755,0.0173992673992674,0.0855311355311355
317773.411807,2778366.126422,0.793589743589744,0.05,0,0.0351648351648352,0.0406593406593407,0.0805860805860806
318273.411807,2778366.126422,0.878071140447378,0.00201686835350202,0,0.00128346167950128,0.00788412174550788,0.110744407774111
318773.411807,2778366.126422,0.796520146520146,0.00622710622710623,0.000549450549450549,0.0322344322344322,0.0230769230769231,0.141391941391941
319273.411807,2778366.126422,0.433516483516484,0.0441391941391941,0.082967032967033,0.102930402930403,0.058974358974359,0.277472527472527
319773.411807,2778366.126422,0.354235423542354,0.0716905023835717,0.0786578657865787,0.113311331133113,0.101943527686102,0.28016134946828
320273.411807,2778366.126422,0.701831501831502,0.0104395604395604,0.00183150183150183,0.0131868131868132,0.0375457875457875,0.235164835164835
320773.411807,2778366.126422,0.803296703296703,0.0221611721611722,0,0.00604395604395604,0.0115384615384615,0.156959706959707
321273.411807,2778366.126422,0.728089475614228,0.00861752841950862,0,0.00843417675100843,0.0245691235790246,0.23028969563623
321773.411807,2778366.126422,0.597252747252747,0.013003663003663,0.00934065934065934,0.0571428571428571,0.0265567765567766,0.296703296703297
322273.411807,2778366.126422,0.366300366300366,0.00457875457875458,0.000915750915750916,0.0168498168498168,0.015018315018315,0.596336996336996
322773.411807,2778366.126422,0.286762009534287,0.0372203887055372,0.0713237990465713,0.107444077741107,0.0456545654565457,0.451595159515952
323273.411807,2778366.126422,0.38003663003663,0.0291208791208791,0.129487179487179,0.145238095238095,0.0619047619047619,0.254212454212454
323773.411807,2778366.126422,0.403296703296703,0.0293040293040293,0.0882783882783883,0.133699633699634,0.0628205128205128,0.282600732600733
324273.411807,2778366.126422,0.545287862119545,0.0621562156215622,0.024019068573524,0.175834250091676,0.057022368903557,0.135680234690136
324773.411807,2778366.126422,0.254945054945055,0.0408424908424908,0.0478021978021978,0.211721611721612,0.120879120879121,0.323809523809524
325273.411807,2778366.126422,0.451098901098901,0.0287545787545788,0.0267399267399267,0.165201465201465,0.107692307692308,0.220512820512821
313273.411807,2777866.126422,0.628278012103429,0.0533651201173666,0,0.0342930496974143,0.0221896203924445,0.261874197689345
313773.411807,2777866.126422,0.846069268829027,0.00714678394722375,0.000183250870441635,0.0179585853032802,0.021073850100788,0.10756826094924
314273.411807,2777866.126422,0.827307762892274,0.00201871903101487,0.000550559735731327,0.0229399889888053,0.0357863828225362,0.111396586529638
314773.411807,2777866.126422,0.620942600403448,0.00935264991747662,0.00825233816247937,0.0564826700898588,0.0302585732624244,0.274711168164313
315273.411807,2777866.126422,0.777899945024739,0.00806303829943192,0.00623052959501558,0.045629466739967,0.0289536375297783,0.133223382811068
315773.411807,2777866.126422,0.941457148100569,0.000550559735731327,0,0.00110111947146265,0.00293631859056708,0.05395485410167
316273.411807,2777866.126422,0.884650651017788,0,0,0.00146708233999633,0.000916926462497708,0.112965340179718
316773.411807,2777866.126422,0.919369617005681,0.000733003481766538,0,0.00219901044529962,0.00164925783397471,0.0760491112332784
317273.411807,2777866.126422,0.748761240594604,0.0124793540099101,0.00220223894292531,0.0394567810607451,0.0506514956872821,0.146448889704533
317773.411807,2777866.126422,0.853658536585366,0.0273244085824317,0,0.0066018705299835,0.0141206675224647,0.0982945167797543
318273.411807,2777866.126422,0.76342312625985,0.00623052959501558,0.0042147700201576,0.0353674179952355,0.0298698918819864,0.160894264247755
318773.411807,2777866.126422,0.612222426133235,0.0133969535694623,0.0124793540099101,0.0846026793907139,0.0280785465222977,0.249220040374381
319273.411807,2777866.126422,0.514028974876215,0.0377773702549056,0.010819732257473,0.0651017788373372,0.075187969924812,0.297084173849257
319773.411807,2777866.126422,0.323437786329485,0.0701850833791461,0.0399486897562763,0.146050943741983,0.101520982224666,0.318856514568444
320273.411807,2777866.126422,0.757570196366306,0.00935951550743256,0,0.0082583960359699,0.0240411084602679,0.200770783630024
320773.411807,2777866.126422,0.689712085090776,0.00385109114249037,0.0122868145974693,0.0385109114249037,0.0225563909774436,0.233082706766917
321273.411807,2777866.126422,0.671797691039032,0.0130108118013561,0.000916254352208173,0.0126443100604728,0.034084661902144,0.267546270844786
321773.411807,2777866.126422,0.574967884015416,0.0154156726004772,0.00972655533125344,0.0429436593870435,0.0357863828225362,0.321159845843274
322273.411807,2777866.126422,0.481019622226297,0.0185219145424537,0.104529616724739,0.144507610489639,0.0418118466898955,0.209609389326976
322773.411807,2777866.126422,0.507971412864211,0.0971229613340663,0.0324354040681693,0.0652373098772219,0.0322521531977277,0.264980758658604
323273.411807,2777866.126422,0.117819783446504,0.0469810974490732,0.273444668746559,0.274178748394201,0.0772618829142962,0.210313819049367
323773.411807,2777866.126422,0.187052998349532,0.0553823583348615,0.182468366037044,0.270493306436824,0.0775719787273061,0.227030992114432
324273.411807,2777866.126422,0.280007330034818,0.0296866410115448,0.114715044896463,0.315374748030053,0.0727505955653289,0.187465640461792
324773.411807,2777866.126422,0.367590383556616,0.0247751881079097,0.0247751881079097,0.136171774637548,0.0557900532207745,0.390897412369242
325273.411807,2777866.126422,0.470750045846323,0.028791490922428,0.00641848523748395,0.120484137172199,0.102695763799743,0.270860077021823
313273.411807,2777366.126422,0.69326729040543,0.00825536598789213,0.00366905155017428,0.0464135021097046,0.0220143093010457,0.226380480645753
313773.411807,2777366.126422,0.716117216117216,0.00677655677655678,0.00238095238095238,0.0353479853479853,0.0236263736263736,0.215750915750916
314273.411807,2777366.126422,0.931192660550459,0,0,0.000917431192660551,0.00403669724770642,0.0638532110091743
314773.411807,2777366.126422,0.589983489268024,0.0143093010456797,0.0168776371308017,0.060906255732893,0.0346725371491469,0.283250779673454
315273.411807,2777366.126422,0.751098901098901,0.00366300366300366,0.0250915750915751,0.107875457875458,0.0575091575091575,0.0547619047619048
315773.411807,2777366.126422,0.892110091743119,0,0.00146788990825688,0.0172477064220183,0.0194495412844037,0.0697247706422018
316273.411807,2777366.126422,0.887727022564667,0.00165107319757843,0,0.00476976701522656,0.00935608145294441,0.0964960557695836
316773.411807,2777366.126422,0.888827838827839,0.000915750915750916,0.00164835164835165,0.00659340659340659,0.00934065934065934,0.0926739926739927
317273.411807,2777366.126422,0.802201834862385,0.00422018348623853,0.00055045871559633,0.0275229357798165,0.0253211009174312,0.140183486238532
317773.411807,2777366.126422,0.872867363786461,0.000183452577508714,0.000183452577508714,0.00843881856540084,0.0139423958906623,0.104384516602458
318273.411807,2777366.126422,0.776373626373626,0.0152014652014652,0.000732600732600733,0.0120879120879121,0.0282051282051282,0.167399267399267
318773.411807,2777366.126422,0.51045871559633,0.0214678899082569,0.0159633027522936,0.0932110091743119,0.0557798165137615,0.303119266055046
319273.411807,2777366.126422,0.801504311135571,0.00421940928270042,0,0.00293524124013942,0.00605393505778756,0.185287103283801
319773.411807,2777366.126422,0.595421245421245,0.0234432234432234,0.0313186813186813,0.0836996336996337,0.0600732600732601,0.206043956043956
320273.411807,2777366.126422,0.520183486238532,0.0422018348623853,0.0302752293577982,0.0994495412844037,0.0537614678899083,0.254128440366972
320773.411807,2777366.126422,0.738580077050083,0.002568336085122,0.000183452577508714,0.0203632361034673,0.0484314804623005,0.189873417721519
321273.411807,2777366.126422,0.717032967032967,0.00586080586080586,0.000366300366300366,0.0139194139194139,0.00805860805860806,0.254761904761905
321773.411807,2777366.126422,0.447706422018349,0.0315596330275229,0.107706422018349,0.140183486238532,0.0752293577981651,0.197614678899083
322273.411807,2777366.126422,0.31095211887727,0.0546688680975968,0.124747752705926,0.18400293524124,0.0612731608879105,0.264355164190057
322773.411807,2777366.126422,0.073992673992674,0.0899267399267399,0.242490842490842,0.318864468864469,0.0868131868131868,0.187912087912088
323273.411807,2777366.126422,0.346788990825688,0.0291743119266055,0.232110091743119,0.182752293577982,0.0515596330275229,0.157614678899083
323773.411807,2777366.126422,0.469638598422308,0.0431113557145478,0.0684278114107503,0.0155934690882407,0.0258668134287287,0.377361951935425
324273.411807,2777366.126422,0.162820512820513,0.0399267399267399,0.245787545787546,0.303663003663004,0.0653846153846154,0.182417582417582
324773.411807,2777366.126422,0.294311926605505,0.0614678899082569,0.240733944954128,0.203302752293578,0.0785321100917431,0.121651376146789
325273.411807,2777366.126422,0.390753990093561,0.0530177949000183,0.200513667217024,0.086589616584113,0.0495321959273528,0.219592735277931
313273.411807,2776866.126422,0.77014652014652,0.00476190476190476,0.00128205128205128,0.0223443223443223,0.0351648351648352,0.166300366300366
313773.411807,2776866.126422,0.622478914558122,0.00293362669600293,0.0011001100110011,0.0245691235790246,0.017968463513018,0.330949761642831
314273.411807,2776866.126422,0.688644688644689,0.00586080586080586,0.0243589743589744,0.095970695970696,0.0547619047619048,0.13040293040293
314773.411807,2776866.126422,0.505494505494505,0.0159340659340659,0.0413919413919414,0.173809523809524,0.0683150183150183,0.195054945054945
315273.411807,2776866.126422,0.783645031169784,0.00385038503850385,0.00256692335900257,0.0579391272460579,0.0408874220755409,0.111111111111111
315773.411807,2776866.126422,0.875824175824176,0.000549450549450549,0,0.00293040293040293,0.00695970695970696,0.113736263736264
316273.411807,2776866.126422,0.748351648351648,0.00549450549450549,0.000366300366300366,0.0195970695970696,0.0285714285714286,0.197619047619048
316773.411807,2776866.126422,0.764759809314265,0.00733406674000733,0.00311697836450312,0.0262192885955262,0.0348368170150348,0.163733039970664
317273.411807,2776866.126422,0.684249084249084,0.0172161172161172,0.0263736263736264,0.0452380952380952,0.0384615384615385,0.188461538461538
317773.411807,2776866.126422,0.621611721611722,0.0228937728937729,0.0208791208791209,0.0694139194139194,0.0564102564102564,0.208791208791209
318273.411807,2776866.126422,0.714154748808214,0.00861752841950862,0.0066006600660066,0.0275027502750275,0.0287862119545288,0.214338100476714
318773.411807,2776866.126422,0.730769230769231,0.00402930402930403,0.00238095238095238,0.0265567765567766,0.0201465201465201,0.216117216117216
319273.411807,2776866.126422,0.754578754578755,0.00934065934065934,0,0.0194139194139194,0.036996336996337,0.17967032967033
319773.411807,2776866.126422,0.50990099009901,0.00311697836450312,0,0.00788412174550788,0.00916758342500917,0.46993032636597
320273.411807,2776866.126422,0.477655677655678,0.0148351648351648,0.0377289377289377,0.0421245421245421,0.036996336996337,0.390659340659341
320773.411807,2776866.126422,0.258974358974359,0.0358974358974359,0.191208791208791,0.0877289377289377,0.0732600732600733,0.352930402930403
321273.411807,2776866.126422,0.216721672167217,0.0724239090575724,0.15969930326366,0.096993032636597,0.0823248991565823,0.371837183718372
321773.411807,2776866.126422,0.0402930402930403,0.0507326007326007,0.143040293040293,0.674725274725275,0.058974358974359,0.0322344322344322
322273.411807,2776866.126422,0.00677655677655678,0.00915750915750916,0.105860805860806,0.820879120879121,0.0322344322344322,0.0250915750915751
322773.411807,2776866.126422,0.275944261092776,0.0925925925925926,0.207370737073707,0.327282728272827,0.0229189585625229,0.0738907224055739
323273.411807,2776866.126422,0.783699633699634,0.00512820512820513,0.000549450549450549,0.0285714285714286,0.0256410256410256,0.156410256410256
323773.411807,2776866.126422,0.614652014652015,0.0126373626373626,0.036996336996337,0.0675824175824176,0.0335164835164835,0.234615384615385
324273.411807,2776866.126422,0.187385405207187,0.0313531353135314,0.226072607260726,0.292262559589292,0.0621562156215622,0.200770077007701
324773.411807,2776866.126422,0.377655677655678,0.0485347985347985,0.0553113553113553,0.115018315018315,0.0578754578754579,0.345604395604396
325273.411807,2776866.126422,0.206410256410256,0.0388278388278388,0.0644688644688645,0.45018315018315,0.0666666666666667,0.173443223443223
313273.411807,2776366.126422,0.86392811296534,0.00146708233999633,0,0.00770218228498074,0.0100861910874748,0.116816431322208
313773.411807,2776366.126422,0.733919736118747,0.00916254352208173,0.00329851566794942,0.0426974528129009,0.040131940626718,0.170789811251603
314273.411807,2776366.126422,0.752615158744724,0.00385391815011929,0.000917599559552211,0.022389429253074,0.02073775004588,0.199486144246651
314773.411807,2776366.126422,0.602970841738493,0.00550155877498625,0.00183385292499542,0.0416284613973959,0.0313588850174216,0.316706400146708
315273.411807,2776366.126422,0.702217335532344,0.00494777350192413,0.00256551218618288,0.0384826827927433,0.0282206340480117,0.223566061938794
315773.411807,2776366.126422,0.530189025509268,0.015782712424298,0.0543218939254909,0.030280785465223,0.025325747843641,0.344099834832079
316273.411807,2776366.126422,0.788373372455529,0.00201723821749496,0.000183385292499542,0.0185219145424537,0.0141206675224647,0.176783421969558
316773.411807,2776366.126422,0.642111050027488,0.0111783030969397,0.0491112332783581,0.0276708814366868,0.0309693971046362,0.238959135055892
317273.411807,2776366.126422,0.425399155808405,0.0321159845843274,0.125527619746743,0.0985501926959075,0.0596439713708937,0.258763075793724
317773.411807,2776366.126422,0.820832569227948,0.00256739409499358,0,0.00806895286997983,0.00806895286997983,0.160462130937099
318273.411807,2776366.126422,0.721825178669599,0.0042147700201576,0,0.0142935678944475,0.0229063588052043,0.236760124610592
318773.411807,2776366.126422,0.583042760139475,0.0313819049366856,0.00660671682877592,0.0445953385942375,0.0196366305744173,0.314736648926409
319273.411807,2776366.126422,0.57601320374106,0.0511644966073721,0.0291582615074271,0.111131487254722,0.0524481936548689,0.18008435723455
319773.411807,2776366.126422,0.557632398753894,0.0527762506871908,0.0450797141286421,0.0771486164559282,0.0683525746747297,0.199010445299615
320273.411807,2776366.126422,0.332171040557901,0.038172141677372,0.160396403009727,0.0800146815929528,0.0222059093411635,0.367039823820885
320773.411807,2776366.126422,0.207775536401981,0.0383275261324042,0.115532734274711,0.381624793691546,0.0649183935448377,0.19182101595452
321273.411807,2776366.126422,0.0276708814366868,0.0324354040681693,0.0852116547553601,0.618288436870075,0.0630382994319223,0.173355323437786
321773.411807,2776366.126422,0.0159662323362085,0.025325747843641,0.218021655349605,0.61809506331437,0.0396403009726555,0.0829510001835199
322273.411807,2776366.126422,0.145424536952136,0.0348432055749129,0.139739592884651,0.513295433706217,0.0689528699798276,0.0977443609022556
322773.411807,2776366.126422,0.451896646509071,0.0350009162543522,0.0885101704233095,0.153014476818765,0.0602895363752978,0.211288253619205
323273.411807,2776366.126422,0.735731326848963,0.0012846393833731,0,0.0245916681959993,0.0209212699577904,0.217471095613874
323773.411807,2776366.126422,0.630295250320924,0.00806895286997983,0.00935264991747662,0.0823399963322941,0.0269576379974326,0.242985512561893
324273.411807,2776366.126422,0.190947407000183,0.0524097489463075,0.234377863294851,0.25563496426608,0.0656038116181052,0.201026204874473
324773.411807,2776366.126422,0.503578638282254,0.0271609469627455,0.0251422279317306,0.0994677922554597,0.0693705267021472,0.275279867865663
325273.411807,2776366.126422,0.572528883183569,0.0249403997799376,0.0278745644599303,0.100861910874748,0.0293416467999266,0.244452594901889
313273.411807,2775866.126422,0.737662814162539,0.00110071546505228,0.00146762062006971,0.00348559897266557,0.00605393505778756,0.250229315721886
313773.411807,2775866.126422,0.811721611721612,0.00128205128205128,0,0.00421245421245421,0.0104395604395604,0.172344322344322
314273.411807,2775866.126422,0.757064220183486,0.00073394495412844,0,0.00422018348623853,0.00954128440366972,0.228440366972477
314773.411807,2775866.126422,0.612731608879105,0.0267840763162722,0.0155934690882407,0.0304531278664465,0.0383415886993212,0.276096129150615
315273.411807,2775866.126422,0.197252747252747,0.030952380952381,0.0767399267399267,0.378021978021978,0.0970695970695971,0.21996336996337
315773.411807,2775866.126422,0.575045871559633,0.0172477064220183,0.0343119266055046,0.0838532110091743,0.0559633027522936,0.233577981651376
316273.411807,2775866.126422,0.779306549257017,0,0,0,0.000366905155017428,0.220326545587966
316773.411807,2775866.126422,0.69981684981685,0.0021978021978022,0.00989010989010989,0.00750915750915751,0.00586080586080586,0.274725274725275
317273.411807,2775866.126422,0.224770642201835,0.0277064220183486,0.0603669724770642,0.226422018348624,0.134862385321101,0.325871559633027
317773.411807,2775866.126422,0.679508347092277,0.017978352595854,0.00201797835259585,0.00880572372041827,0.0247660979636764,0.266923500275179
318273.411807,2775866.126422,0.702930402930403,0.0010989010989011,0.000366300366300366,0.0106227106227106,0.00695970695970696,0.278021978021978
318773.411807,2775866.126422,0.654128440366972,0.00990825688073394,0.0418348623853211,0.00917431192660551,0.00825688073394495,0.276697247706422
319273.411807,2775866.126422,0.487616951018162,0.0385250412768299,0.0570537516052101,0.156301596037424,0.0574206567602275,0.203082003302146
319773.411807,2775866.126422,0.476190476190476,0.0496336996336996,0.0710622710622711,0.0756410256410256,0.0586080586080586,0.268864468864469
320273.411807,2775866.126422,0.068256880733945,0.066605504587156,0.204587155963303,0.256880733944954,0.0570642201834862,0.346605504587156
320773.411807,2775866.126422,0.190607228031554,0.0271509814712897,0.15263254448725,0.442304164373509,0.0796184186387819,0.107686662997615
321273.411807,2775866.126422,0.222893772893773,0.0347985347985348,0.215201465201465,0.331501831501831,0.0481684981684982,0.147435897435897
321773.411807,2775866.126422,0.307706422018349,0.0440366972477064,0.0888073394495413,0.075045871559633,0.0656880733944954,0.418715596330275
322273.411807,2775866.126422,0.610163272793983,0.0122913226930838,0.00495321959273528,0.0280682443588332,0.0216474041460283,0.322876536415337
322773.411807,2775866.126422,0.537912087912088,0.0238095238095238,0.00567765567765568,0.0543956043956044,0.0402930402930403,0.337912087912088
323273.411807,2775866.126422,0.624220183486239,0.0644036697247706,0.00275229357798165,0.0548623853211009,0.0455045871559633,0.208256880733945
323773.411807,2775866.126422,0.462117042744451,0.0662263804806457,0.00752155567785727,0.157402311502477,0.131352045496239,0.175380664098331
324273.411807,2775866.126422,0.545604395604396,0.0864468864468864,0.0327838827838828,0.0957875457875458,0.0688644688644689,0.170512820512821
324773.411807,2775866.126422,0.541100917431193,0.0163302752293578,0.00275229357798165,0.0603669724770642,0.0436697247706422,0.335779816513761
325273.411807,2775866.126422,0.736929003852504,0.0752155567785727,0,0.0310034855989727,0.029535864978903,0.127316088791048
313273.411807,2775366.126422,0.787728937728938,0.00805860805860806,0.00750915750915751,0.021978021978022,0.026007326007326,0.148717948717949
313773.411807,2775366.126422,0.786578657865787,0.000183351668500183,0,0.00403373670700403,0.00421708837550422,0.204987165383205
314273.411807,2775366.126422,0.432783882783883,0.0124542124542125,0.0663003663003663,0.153663003663004,0.0432234432234432,0.291575091575092
314773.411807,2775366.126422,0.572710622710623,0.0111721611721612,0.0139194139194139,0.104395604395604,0.028021978021978,0.26978021978022
315273.411807,2775366.126422,0.333700036670334,0.0243857719105244,0.101760176017602,0.22020535386872,0.0487715438210488,0.271177117711771
315773.411807,2775366.126422,0.742673992673993,0.013003663003663,0.030952380952381,0.0606227106227106,0.0210622710622711,0.131684981684982
316273.411807,2775366.126422,0.771245421245421,0.00311355311355311,0.000183150183150183,0.034981684981685,0.0326007326007326,0.157875457875458
316773.411807,2775366.126422,0.634580124679135,0.0115511551155116,0.00055005500550055,0.0201686835350202,0.0242024202420242,0.308947561422809
317273.411807,2775366.126422,0.456410256410256,0.0227106227106227,0.0864468864468864,0.106593406593407,0.0534798534798535,0.274358974358974
317773.411807,2775366.126422,0.270695970695971,0.0437728937728938,0.146886446886447,0.12014652014652,0.0807692307692308,0.337728937728938
318273.411807,2775366.126422,0.101943527686102,0.0645397873120645,0.301063439677301,0.215071507150715,0.0581224789145581,0.259259259259259
318773.411807,2775366.126422,0.154761904761905,0.0591575091575092,0.180586080586081,0.23974358974359,0.073992673992674,0.291758241758242
319273.411807,2775366.126422,0.0558608058608059,0.0463369963369963,0.15970695970696,0.38040293040293,0.095970695970696,0.261721611721612
319773.411807,2775366.126422,0.0535386872020535,0.037953795379538,0.166666666666667,0.47029702970297,0.0786578657865787,0.192885955262193
320273.411807,2775366.126422,0.0206959706959707,0.0192307692307692,0.103479853479853,0.781868131868132,0.0457875457875458,0.0289377289377289
320773.411807,2775366.126422,0.0223443223443223,0.0426739926739927,0.109340659340659,0.567765567765568,0.0703296703296703,0.187545787545788
321273.411807,2775366.126422,0.375870920425376,0.0192519251925193,0.0577557755775578,0.171800513384672,0.0430876420975431,0.332233223322332
321773.411807,2775366.126422,0.38956043956044,0.0397435897435897,0.0175824175824176,0.146153846153846,0.0683150183150183,0.338644688644689
322273.411807,2775366.126422,0.692124542124542,0.00494505494505494,0,0.0108058608058608,0.0201465201465201,0.271978021978022
322773.411807,2775366.126422,0.614228089475614,0.00898423175650898,0.000183351668500183,0.0344701136780345,0.0346534653465347,0.307480748074807
323273.411807,2775366.126422,0.807875457875458,0.0102564102564103,0,0.0216117216117216,0.0287545787545788,0.131501831501832
323773.411807,2775366.126422,0.656593406593407,0.0648351648351648,0,0.123076923076923,0.12014652014652,0.0353479853479853
324273.411807,2775366.126422,0.445177851118445,0.0496883021635497,0.262559589292263,0.134763476347635,0.0821415474880821,0.0256692335900257
324773.411807,2775366.126422,0.546520146520146,0.0141025641025641,0.000366300366300366,0.196153846153846,0.163736263736264,0.0791208791208791
325273.411807,2775366.126422,0.432600732600733,0.093956043956044,0.0228937728937729,0.104212454212454,0.0840659340659341,0.262271062271062
313273.411807,2774866.126422,0.428754813863928,0.0194388410049514,0.0682193288098294,0.234916559691913,0.0832569227947919,0.165413533834586
313773.411807,2774866.126422,0.589518050210739,0.0047645226314825,0,0.0663368150998717,0.0251053692505039,0.314275242807403
314273.411807,2774866.126422,0.368324463204258,0.015782712424298,0.101119471462654,0.202973022572949,0.0512020554230134,0.260598274912828
314773.411807,2774866.126422,0.21987896570695,0.0599669906473501,0.160278745644599,0.326609205941683,0.0871080139372822,0.146158078122135
315273.411807,2774866.126422,0.209089243173905,0.0342679127725857,0.124793842770753,0.180685358255452,0.0696353307678211,0.381528312259483
315773.411807,2774866.126422,0.649476968251055,0.0141310332171041,0.0187190310148651,0.0631308496971921,0.0447788585061479,0.209763259313636
316273.411807,2774866.126422,0.742527049330644,0.000916926462497708,0.000366770584999083,0.0196222262974509,0.0113698881349716,0.225197139189437
316773.411807,2774866.126422,0.57852299798424,0.01905809052593,0.0159428257284222,0.0641378046545721,0.0450797141286421,0.277258566978193
317273.411807,2774866.126422,0.138006973756653,0.0519361350706552,0.168104239309965,0.270691870067902,0.0853367590383557,0.285924022756469
317773.411807,2774866.126422,0.0302585732624244,0.0618008435723455,0.248303686044379,0.435356684393912,0.0715202640748212,0.152759948652118
318273.411807,2774866.126422,0.626901227780832,0.00751328568810702,0.0459959684808503,0.101337731354224,0.0164925783397471,0.20175920835624
318773.411807,2774866.126422,0.33180400073408,0.031932464672417,0.0831345200954303,0.184437511469994,0.0545054138374014,0.314186089190677
319273.411807,2774866.126422,0.04401247019989,0.0361269026224097,0.0498807995598753,0.715019255455712,0.0922428021272694,0.0627177700348432
319773.411807,2774866.126422,0.0754993586219534,0.0357339197361187,0.161260765988638,0.369067253069452,0.0714678394722375,0.2869708631116
320273.411807,2774866.126422,0.0699210864378785,0.0497338961277299,0.180767113231786,0.481923288676821,0.0609286107542668,0.156726004771518
320773.411807,2774866.126422,0.172748945534568,0.10397946084724,0.250871080139373,0.11608289015221,0.0687694846873281,0.287548138639281
321273.411807,2774866.126422,0.524830492944842,0.0304196444933113,0.00604727872457394,0.0698185816382628,0.0771486164559282,0.291735385743082
321773.411807,2774866.126422,0.586346118553863,0.0168838318957607,0.00220223894292531,0.0385391815011929,0.0242246283721784,0.33180400073408
322273.411807,2774866.126422,0.653035026590867,0.0075187969924812,0.000183385292499542,0.094810196222263,0.118833669539703,0.125618925362186
322773.411807,2774866.126422,0.666116914055342,0.0089792926516401,0,0.124060839288987,0.105735752244823,0.0951072017592084
323273.411807,2774866.126422,0.876124059460451,0.000917599559552211,0,0.00623967700495504,0.00403743806202973,0.112681225913012
323773.411807,2774866.126422,0.706033376123235,0.000366770584999083,0,0.150926095727123,0.0579497524298551,0.0847240051347882
324273.411807,2774866.126422,0.74326553051127,0.0298698918819864,0,0.0599230346344145,0.0447132123877588,0.12222833058457
324773.411807,2774866.126422,0.847861993026243,0.0475316571848046,0,0.038172141677372,0.0260598274912828,0.0403743806202973
325273.411807,2774866.126422,0.600220062350999,0.0289748762149276,0.00623509994498441,0.0746378140473134,0.0717036493673207,0.218228498074454
313273.411807,2774366.126422,0.46358466336452,0.0135754907356448,0.0908090258668134,0.117776554760594,0.0486149330398092,0.265639332232618
313773.411807,2774366.126422,0.376373626373626,0.0302197802197802,0.137179487179487,0.103113553113553,0.0972527472527473,0.255860805860806
314273.411807,2774366.126422,0.388256880733945,0.0377981651376147,0.0987155963302752,0.181284403669725,0.0645871559633028,0.229357798165138
314773.411807,2774366.126422,0.124380847550908,0.0654925701706109,0.222344523940561,0.261970280682444,0.0731975784259769,0.252614199229499
315273.411807,2774366.126422,0.112454212454212,0.0521978021978022,0.242307692307692,0.208058608058608,0.0906593406593407,0.294322344322344
315773.411807,2774366.126422,0.475045871559633,0.0205504587155963,0.0722935779816514,0.13302752293578,0.0506422018348624,0.248440366972477
316273.411807,2774366.126422,0.416437350944781,0.0242157402311502,0.0590717299578059,0.0469638598422308,0.0390753990093561,0.414235920014676
316773.411807,2774366.126422,0.113919413919414,0.131684981684982,0.257692307692308,0.107142857142857,0.0858974358974359,0.303663003663004
317273.411807,2774366.126422,0.215779816513761,0.0489908256880734,0.31651376146789,0.222935779816514,0.0642201834862385,0.131559633027523
317773.411807,2774366.126422,0.316455696202532,0.0387084938543387,0.0792515134837644,0.237754540451293,0.0491652907723353,0.278664465235737
318273.411807,2774366.126422,0.167216117216117,0.0641025641025641,0.135347985347985,0.426007326007326,0.0734432234432234,0.133882783882784
318773.411807,2774366.126422,0.115779816513761,0.036697247706422,0.197064220183486,0.448990825688073,0.081651376146789,0.119816513761468
319273.411807,2774366.126422,0.0838378279214823,0.0332049165290772,0.132269308383783,0.636396991377729,0.0555861309851403,0.0587048248027885
319773.411807,2774366.126422,0.117948717948718,0.0501831501831502,0.160805860805861,0.402197802197802,0.0672161172161172,0.201648351648352
320273.411807,2774366.126422,0.268990825688073,0.0427522935779817,0.0548623853211009,0.288807339449541,0.0710091743119266,0.273577981651376
320773.411807,2774366.126422,0.611814345991561,0.0267840763162722,0.001284168042561,0.0291689598238855,0.0214639515685195,0.309484498257201
321273.411807,2774366.126422,0.65952380952381,0.0206959706959707,0.00293040293040293,0.0205128205128205,0.0173992673992674,0.278937728937729
321773.411807,2774366.126422,0.751559633027523,0.00954128440366972,0,0.031743119266055,0.043302752293578,0.163853211009174
322273.411807,2774366.126422,0.700788846083288,0.0337552742616034,0,0.0232984773436067,0.0355898000366905,0.206567602274812
322773.411807,2774366.126422,0.794688644688645,0.0142857142857143,0,0.0467032967032967,0.0159340659340659,0.128388278388278
323273.411807,2774366.126422,0.887706422018349,0.00311926605504587,0,0.0161467889908257,0.0055045871559633,0.0875229357798165
323773.411807,2774366.126422,0.84589983489268,0.00293524124013942,0,0.02568336085122,0.0427444505595304,0.08273711245643
324273.411807,2774366.126422,0.825457875457875,0.00805860805860806,0,0.000549450549450549,0.0021978021978022,0.163736263736264
324773.411807,2774366.126422,0.900917431192661,0.0647706422018349,0,0.0141284403669725,0.0126605504587156,0.00752293577981651
325273.411807,2774366.126422,0.819115758576408,0.115758576407999,0,0.01284168042561,0.00843881856540084,0.0438451660245826
313273.411807,2773866.126422,0.425824175824176,0.0100732600732601,0.0256410256410256,0.195970695970696,0.0485347985347985,0.293956043956044
313773.411807,2773866.126422,0.103410341034103,0.0410707737440411,0.374404107077374,0.31958195819582,0.0546387972130546,0.106894022735607
314273.411807,2773866.126422,0.157326007326007,0.0421245421245421,0.165201465201465,0.315750915750916,0.109157509157509,0.21043956043956
314773.411807,2773866.126422,0.080952380952381,0.0915750915750916,0.235531135531136,0.165934065934066,0.0774725274725275,0.348534798534799
315273.411807,2773866.126422,0.201686835350202,0.0539053905390539,0.141180784745141,0.074990832416575,0.0498716538320499,0.478364503116978
315773.411807,2773866.126422,0.141758241758242,0.03003663003663,0.0815018315018315,0.286996336996337,0.0835164835164835,0.376190476190476
316273.411807,2773866.126422,0.208791208791209,0.063003663003663,0.0934065934065934,0.273260073260073,0.0503663003663004,0.311172161172161
316773.411807,2773866.126422,0.0469380271360469,0.0638063806380638,0.200770077007701,0.487898789878988,0.052988632196553,0.147598093142648
317273.411807,2773866.126422,0.198351648351648,0.0692307692307692,0.200732600732601,0.345421245421245,0.0518315018315018,0.134432234432234
317773.411807,2773866.126422,0.334065934065934,0.0177655677655678,0.0296703296703297,0.310622710622711,0.0423076923076923,0.265567765567766
318273.411807,2773866.126422,0.0815914924825816,0.022002200220022,0.0625229189585625,0.658782544921159,0.0704070407040704,0.104693802713605
318773.411807,2773866.126422,0.11959706959707,0.0565934065934066,0.103113553113553,0.427289377289377,0.0847985347985348,0.208608058608059
319273.411807,2773866.126422,0.123260073260073,0.041025641025641,0.0576923076923077,0.537545787545788,0.0873626373626374,0.153113553113553
319773.411807,2773866.126422,0.512101210121012,0.0273193986065273,0.0302530253025303,0.137697103043638,0.0190685735240191,0.273560689402274
320273.411807,2773866.126422,0.478205128205128,0.067032967032967,0.0322344322344322,0.148168498168498,0.0338827838827839,0.24047619047619
320773.411807,2773866.126422,0.894505494505495,0.0424908424908425,0,0,0,0.063003663003663
321273.411807,2773866.126422,0.888705537220389,0.0100843417675101,0,0,0,0.101210121012101
321773.411807,2773866.126422,0.71959706959707,0.211355311355311,0,0.000732600732600733,0.00183150183150183,0.0664835164835165
