"x","y","forest","agri","water","built","other","grass"
295773.411807,2793366.126422,0.141044310380695,0.0476388599958394,0.000624089868941127,0.040773871437487,0.0424381110879967,0.727480757229041
296273.411807,2793366.126422,0.0444998960282803,0.11956747764608,0.0303597421501352,0.357870659180703,0.081929715117488,0.365772509877313
296773.411807,2793366.126422,0.0798502807236432,0.0447078394676648,0.0295279683925972,0.241838220004159,0.0894156789353296,0.514660012476606
297273.411807,2793366.126422,0.220511753692532,0.0332847930101935,0.0264198044518411,0.0501352194716039,0.0486790097774079,0.620969419596422
297773.411807,2793366.126422,0.13204408400915,0.0442919525888958,0.102516115616552,0.180494905385735,0.185901434809732,0.354751507589936
298273.411807,2793366.126422,0.744021626117696,0.00270326471199834,0,0.00249532127261385,0.0099812850904554,0.240798502807236
298773.411807,2793366.126422,0.546702725192428,0.00395256916996047,0.00395256916996047,0.0160183066361556,0.0195548158934887,0.409819013938007
299273.411807,2793366.126422,0.328758577666875,0.0526096901642753,0.00977334165107091,0.0611353711790393,0.0794343938448742,0.468288625493866
299773.411807,2793366.126422,0.566853815762113,0.024745269286754,0.000415886878768975,0.0147639841962986,0.0226658348929091,0.370555208983157
300273.411807,2793366.126422,0.553883495145631,0.0305825242718447,0.0169902912621359,0.0451456310679612,0.0330097087378641,0.320388349514563
295273.411807,2792866.126422,0.053181734824867,0.0861910874747845,0.154960572162113,0.325875664771685,0.0326425820649184,0.347148358701632
295773.411807,2792866.126422,0.0588235294117647,0.0978559648158329,0.0201575957485798,0.108484515301448,0.167124793842771,0.547553600879604
296273.411807,2792866.126422,0.0486327766562672,0.0583593319875206,0.0304643053771334,0.164433841071756,0.117085703798862,0.58102404110846
296773.411807,2792866.126422,0.233266092059417,0.0610673024023473,0.00403447643498991,0.0557491289198606,0.0641848523748395,0.581698147808546
297273.411807,2792866.126422,0.455011911306579,0.0298698918819864,0,0.0142935678944475,0.0318856514568444,0.468938977460143
297773.411807,2792866.126422,0.481556248853001,0.0255092677555515,0.0998348320792806,0.0871719581574601,0.0679023674068636,0.238025325747844
298273.411807,2792866.126422,0.598569594718504,0.00495140289748762,0.000550155877498625,0.00256739409499358,0.00513478818998716,0.388226664221529
298773.411807,2792866.126422,0.684258750229064,0.0139270661535642,0.000183250870441635,0.00769653655854865,0.00806303829943192,0.28587135788895
299273.411807,2792866.126422,0.494035602862911,0.00789135621214902,0.00367039823820885,0.0278950266103872,0.0267939071389246,0.43971370893742
299773.411807,2792866.126422,0.255639097744361,0.0746378140473134,0.00201723821749496,0.0392444525949019,0.0651017788373372,0.563359618558592
300273.411807,2792866.126422,0.507682593138287,0.037676278678173,0.00168385603030941,0.0157861502841507,0.0176804883182488,0.419490633550831
295273.411807,2792366.126422,0.0798018712162906,0.163272793982755,0.0897083104017612,0.129884424876169,0.140524674371675,0.396807925151348
295773.411807,2792366.126422,0.168681318681319,0.0822344322344322,0.0172161172161172,0.0934065934065934,0.114652014652015,0.523809523809524
296273.411807,2792366.126422,0.0322935779816514,0.219449541284404,0.0220183486238532,0.139816513761468,0.153761467889908,0.432660550458716
296773.411807,2792366.126422,0.0405430196294258,0.154833975417355,0.00935608145294441,0.137222527976518,0.0952118877270226,0.562832507796735
297273.411807,2792366.126422,0.305494505494506,0.0802197802197802,0.0115384615384615,0.0556776556776557,0.063003663003663,0.484065934065934
297773.411807,2792366.126422,0.672660550458716,0.00532110091743119,0.00110091743119266,0.00568807339449541,0.0137614678899083,0.301467889908257
298273.411807,2792366.126422,0.614015776921666,0.0146762062006971,0,0.0203632361034673,0.0227481196110805,0.328196661163089
298773.411807,2792366.126422,0.662637362637363,0.0168498168498168,0,0.00622710622710623,0.0181318681318681,0.296153846153846
299273.411807,2792366.126422,0.540183486238532,0.00513761467889908,0.00513761467889908,0.0330275229357798,0.0295412844036697,0.38697247706422
299773.411807,2792366.126422,0.341038341588699,0.0297193175564117,0.00550357732526142,0.0742982938910292,0.0731975784259769,0.476242891212622
300273.411807,2792366.126422,0.351988217967599,0.0326109825373448,0.00231432779297286,0.0429202608878603,0.0565958342099726,0.51357037660425
295273.411807,2791866.126422,0.274908424908425,0.0932234432234432,0.0111721611721612,0.0119047619047619,0.0358974358974359,0.572893772893773
295773.411807,2791866.126422,0.111111111111111,0.0661899523285662,0.0447378071140447,0.151265126512651,0.0980931426475981,0.528602860286029
296273.411807,2791866.126422,0.0717948717948718,0.179120879120879,0.0216117216117216,0.0851648351648352,0.136446886446886,0.505860805860806
296773.411807,2791866.126422,0.172893772893773,0.125641025641026,0.0274725274725275,0.167582417582418,0.148351648351648,0.358058608058608
297273.411807,2791866.126422,0.0375870920425376,0.137697103043638,0.00935093509350935,0.0595892922625596,0.0793912724605794,0.676384305097176
297773.411807,2791866.126422,0.132234432234432,0.0793040293040293,0.0119047619047619,0.110805860805861,0.136813186813187,0.528937728937729
298273.411807,2791866.126422,0.438644688644689,0.0571428571428571,0.0115384615384615,0.0472527472527473,0.08003663003663,0.365384615384615
298773.411807,2791866.126422,0.672533920058673,0.0205353868720205,0.00293362669600293,0.0161349468280161,0.0155848918225156,0.272277227722772
299273.411807,2791866.126422,0.612637362637363,0.00714285714285714,0.000732600732600733,0.00970695970695971,0.0100732600732601,0.35970695970696
299773.411807,2791866.126422,0.538278388278388,0.0126373626373626,0.00183150183150183,0.0188644688644689,0.0241758241758242,0.404212454212454
300273.411807,2791866.126422,0.35753367003367,0.00694444444444444,0.00420875420875421,0.0435606060606061,0.0523989898989899,0.535353535353535
294773.411807,2791366.126422,0.0565241328684162,0.0324830244081483,0.294182418792439,0.372728941090108,0.02073775004588,0.223343732795008
295273.411807,2791366.126422,0.358334861544104,0.0146708233999633,0.015587749862461,0.0792224463598019,0.0471300201723822,0.485054098661287
295773.411807,2791366.126422,0.0874106652006597,0.083745647791827,0.0370166758292102,0.188198643943559,0.190214403518417,0.413413963716328
296273.411807,2791366.126422,0.46907689484309,0.0200036703982382,0.0121123141860892,0.0574417324279684,0.0501009359515507,0.391264452193063
296773.411807,2791366.126422,0.366403814414084,0.0223730056849441,0.00861910874747845,0.0559325142123602,0.0662020905923345,0.480469466348799
297273.411807,2791366.126422,0.128275609309144,0.0844786512735936,0.0199743448781382,0.0808136338647609,0.159611508154664,0.5268462525197
297773.411807,2791366.126422,0.426683795191778,0.0545054138374014,0.00770783630023858,0.0403743806202973,0.0691870067902367,0.401541567260048
298273.411807,2791366.126422,0.25985695947185,0.0456629378323858,0.0113698881349716,0.0537318907023657,0.0682193288098294,0.561158995048597
298773.411807,2791366.126422,0.0888766721641928,0.108667766171889,0.0139270661535642,0.072200842954004,0.0853949056258017,0.630932746930548
299273.411807,2791366.126422,0.431088273077629,0.0047715177096715,0.00183519911910442,0.0247751881079097,0.0244081482840888,0.513121673701597
299773.411807,2791366.126422,0.59196772418852,0.00788556757748029,0.000366770584999083,0.0187052998349532,0.0284247203374289,0.352649917476618
300273.411807,2791366.126422,0.521574405388339,0.00905072616291307,0.00147337402652073,0.0216796463902336,0.0244159124394864,0.421805935592507
294773.411807,2790866.126422,0.305688073394495,0.0526605504587156,0.00880733944954129,0.0722935779816514,0.100733944954128,0.459816513761468
295273.411807,2790866.126422,0.247477527059255,0.0462300495321959,0.0324711062190424,0.278297560080719,0.118877270225647,0.276646486883141
295773.411807,2790866.126422,0.0683150183150183,0.118315018315018,0.0457875457875458,0.230769230769231,0.212820512820513,0.323992673992674
296273.411807,2790866.126422,0.0488073394495413,0.196697247706422,0.0319266055045872,0.114678899082569,0.195045871559633,0.412844036697248
296773.411807,2790866.126422,0.170427444505595,0.093010456796918,0.0357732526141992,0.111355714547789,0.177765547605944,0.411667583929554
297273.411807,2790866.126422,0.421611721611722,0.0915750915750916,0.00897435897435897,0.0686813186813187,0.0794871794871795,0.32967032967033
297773.411807,2790866.126422,0.665688073394495,0.0311926605504587,0.00587155963302752,0.0119266055045872,0.0146788990825688,0.270642201834862
298273.411807,2790866.126422,0.399926618968997,0.0172445422858191,0.0288020546688681,0.0709961474958723,0.0733810310034856,0.409649605576958
298773.411807,2790866.126422,0.47032967032967,0.041025641025641,0.00531135531135531,0.0331501831501832,0.0437728937728938,0.406410256410256
299273.411807,2790866.126422,0.240733944954128,0.0847706422018349,0.0207339449541284,0.0396330275229358,0.0702752293577982,0.543853211009174
299773.411807,2790866.126422,0.432397725188039,0.0442120711796001,0.021830856723537,0.0363236103467254,0.0532012474775271,0.412034489084572
300273.411807,2790866.126422,0.732800336629497,0.0225120976225542,0.00673258994319377,0.0515463917525773,0.0201977698295813,0.166210814222596
294773.411807,2790366.126422,0.361172161172161,0.0639194139194139,0.00805860805860806,0.0452380952380952,0.0593406593406593,0.462271062271062
295273.411807,2790366.126422,0.350549450549451,0.017032967032967,0.0283882783882784,0.0855311355311355,0.0514652014652015,0.467032967032967
295773.411807,2790366.126422,0.261276127612761,0.0837917125045838,0.0185185185185185,0.0581224789145581,0.137880454712138,0.44041070773744
296273.411807,2790366.126422,0.542124542124542,0.00952380952380952,0.00238095238095238,0.021978021978022,0.0421245421245421,0.381868131868132
296773.411807,2790366.126422,0.511904761904762,0.0146520146520147,0.00347985347985348,0.0228937728937729,0.0208791208791209,0.426190476190476
297273.411807,2790366.126422,0.108910891089109,0.172533920058673,0.00568390172350568,0.061972863953062,0.0764576457645765,0.574440777411074
297773.411807,2790366.126422,0.24010989010989,0.0446886446886447,0.0115384615384615,0.0587912087912088,0.0562271062271062,0.588644688644689
298273.411807,2790366.126422,0.291025641025641,0.0816849816849817,0.0291208791208791,0.0371794871794872,0.0554945054945055,0.505494505494505
298773.411807,2790366.126422,0.165383204987165,0.158049138247158,0.0163182984965163,0.0815914924825816,0.0847084708470847,0.493949394939494
299273.411807,2790366.126422,0.272527472527473,0.0935897435897436,0.00256410256410256,0.0419413919413919,0.0831501831501831,0.506227106227106
299773.411807,2790366.126422,0.231868131868132,0.0787545787545788,0.0335164835164835,0.0606227106227106,0.0880952380952381,0.507142857142857
300273.411807,2790366.126422,0.442760942760943,0.0292508417508417,0.0021043771043771,0.0237794612794613,0.0246212121212121,0.477483164983165
294273.411807,2789866.126422,0.131574124977094,0.0839288986622686,0.145134689389775,0.172255818215137,0.0465457210921752,0.420560747663551
294773.411807,2789866.126422,0.242796843457515,0.0653330886401175,0.000917599559552211,0.0363369425582676,0.0299137456414021,0.624701780143145
295273.411807,2789866.126422,0.318356867779204,0.0293416467999266,0.0258573262424354,0.153676875114616,0.104346231432239,0.368421052631579
295773.411807,2789866.126422,0.271944291735386,0.032618654938611,0.0126443100604728,0.170789811251603,0.0729338464357706,0.439069085578156
296273.411807,2789866.126422,0.205542301339695,0.0627638098733713,0.0534042943659387,0.208662139842173,0.139658652963847,0.329968801614975
296773.411807,2789866.126422,0.267559141756831,0.0438290849073904,0.0408949202273978,0.18393544837704,0.157527966257106,0.306253438474234
297273.411807,2789866.126422,0.368334249587686,0.0404984423676012,0.00164925783397471,0.0155763239875389,0.0404984423676012,0.533443283855598
297773.411807,2789866.126422,0.575518443751147,0.0172508717195816,0.00367039823820885,0.0102771150669848,0.0155991925123876,0.37768397871169
298273.411807,2789866.126422,0.543370621676142,0.0456629378323858,0.0022006235099945,0.0451127819548872,0.0324591967724189,0.331193838254172
298773.411807,2789866.126422,0.625251969946857,0.0197910940076965,0.00201575957485798,0.0249221183800623,0.0322521531977277,0.295766904892798
299273.411807,2789866.126422,0.519911910442283,0.0442282987704166,0.00495503762158194,0.0201871903101487,0.0280785465222977,0.382639016333272
299773.411807,2789866.126422,0.121584448927196,0.122317990097194,0.0177883733724555,0.0788556757748029,0.134054648817165,0.525398863011187
300273.411807,2789866.126422,0.179330667227952,0.083140391496527,0.0231530204167544,0.0919806356556514,0.101241843822353,0.521153441380762
293773.411807,2789366.126422,0.152815997064759,0.0210970464135021,0.00330214639515685,0.066042927903137,0.0695285268758026,0.687213355347643
294273.411807,2789366.126422,0.343040293040293,0.0490842490842491,0.0243589743589744,0.14010989010989,0.0758241758241758,0.367582417582418
294773.411807,2789366.126422,0.542935779816514,0.00513761467889908,0.00330275229357798,0.0895412844036697,0.051743119266055,0.307339449541284
295273.411807,2789366.126422,0.392955421023665,0.0143093010456797,0.0113740598055403,0.139240506329114,0.0810860392588516,0.361034672537149
295773.411807,2789366.126422,0.561355311355311,0.032967032967033,0.000549450549450549,0.0153846153846154,0.039010989010989,0.350732600732601
296273.411807,2789366.126422,0.583302752293578,0.0161467889908257,0.00458715596330275,0.0620183486238532,0.0695412844036697,0.264403669724771
296773.411807,2789366.126422,0.437350944780774,0.0730141258484682,0.0124747752705926,0.0554026784076316,0.0812694918363603,0.340487983856173
297273.411807,2789366.126422,0.687545787545788,0.00531135531135531,0.00128205128205128,0.0126373626373626,0.0243589743589744,0.268864468864469
297773.411807,2789366.126422,0.578715596330275,0.0170642201834862,0.00605504587155963,0.0394495412844037,0.0519266055045872,0.306788990825688
298273.411807,2789366.126422,0.579710144927536,0.0363236103467254,0.00348559897266557,0.0209135938359934,0.0328380113740598,0.32672904054302
298773.411807,2789366.126422,0.498168498168498,0.0115384615384615,0.00531135531135531,0.0194139194139194,0.0241758241758242,0.441391941391941
299273.411807,2789366.126422,0.490642201834862,0.0423853211009174,0.00055045871559633,0.073394495412844,0.101100917431193,0.291926605504587
299773.411807,2789366.126422,0.545221060355898,0.0220143093010457,0.00165107319757843,0.024399192808659,0.0354063474591818,0.371308016877637
300273.411807,2789366.126422,0.386913528297917,0.0342941300231433,0.000420786871449611,0.0332421628445193,0.0572270145171471,0.487902377445824
293273.411807,2788866.126422,0.190659340659341,0.034981684981685,0.110989010989011,0.266483516483516,0.0362637362637363,0.360622710622711
293773.411807,2788866.126422,0.192857142857143,0.145787545787546,0.0131868131868132,0.0249084249084249,0.0298534798534799,0.593406593406593
294273.411807,2788866.126422,0.113311331133113,0.123945727906124,0.0022002200220022,0.0139347268060139,0.0278694536120279,0.718738540520719
294773.411807,2788866.126422,0.373260073260073,0.0282051282051282,0.0236263736263736,0.19047619047619,0.0721611721611722,0.312271062271062
295273.411807,2788866.126422,0.139194139194139,0.0587912087912088,0.0402930402930403,0.462271062271062,0.063003663003663,0.236446886446886
295773.411807,2788866.126422,0.307480748074807,0.0344701136780345,0.0183351668500183,0.0988265493215988,0.0658232489915658,0.475064173083975
296273.411807,2788866.126422,0.481501831501832,0.132967032967033,0.00256410256410256,0.0373626373626374,0.0313186813186813,0.314285714285714
296773.411807,2788866.126422,0.569230769230769,0.0344322344322344,0.00824175824175824,0.032967032967033,0.039010989010989,0.316117216117216
297273.411807,2788866.126422,0.764209754308764,0.00256692335900257,0,0,0.000366703337000367,0.232856618995233
297773.411807,2788866.126422,0.561721611721612,0.0043956043956044,0.00274725274725275,0.0243589743589744,0.0184981684981685,0.388278388278388
298273.411807,2788866.126422,0.701648351648352,0.0148351648351648,0.00769230769230769,0.0148351648351648,0.0236263736263736,0.237362637362637
298773.411807,2788866.126422,0.734140080674734,0.00403373670700403,0.00146681334800147,0.0601393472680601,0.0335533553355336,0.166666666666667
299273.411807,2788866.126422,0.493589743589744,0.0133699633699634,0.00128205128205128,0.0263736263736264,0.0331501831501832,0.432234432234432
299773.411807,2788866.126422,0.546153846153846,0.0137362637362637,0.0124542124542125,0.0827838827838828,0.0505494505494506,0.294322344322344
300273.411807,2788866.126422,0.421506734006734,0.0149410774410774,0.00168350168350168,0.055976430976431,0.0566077441077441,0.449284511784512
292773.411807,2788366.126422,0.0868609125893348,0.0793476269012278,0.103353490929082,0.397287887117464,0.0672530694520799,0.265897013010812
293273.411807,2788366.126422,0.388328133602496,0.0189025509267756,0.0179849513672233,0.101302991374564,0.0554230133969536,0.418058359331988
293773.411807,2788366.126422,0.21602787456446,0.0733541169998166,0.00953603520997616,0.0803227581147992,0.0693196405648267,0.551439574546121
294273.411807,2788366.126422,0.284038849184534,0.0357339197361187,0.00971229613340663,0.0492944841487997,0.0577240241891149,0.563496426608026
294773.411807,2788366.126422,0.170673518076711,0.0409249403560286,0.0405579005322077,0.0901082767480272,0.090475316571848,0.567260047715177
295273.411807,2788366.126422,0.209609389326976,0.0253071703649367,0.0161379057399597,0.240418118466899,0.0753713552173116,0.433156060883917
295773.411807,2788366.126422,0.29485065054059,0.11544804837823,0.0201575957485798,0.0527762506871908,0.0850284038849184,0.431739050760491
296273.411807,2788366.126422,0.188291429620114,0.0434942191227748,0.00972655533125344,0.119654982565608,0.0895577170122958,0.549275096347954
296773.411807,2788366.126422,0.125618925362186,0.0432789290298918,0.0066018705299835,0.110214560792224,0.112598569594719,0.601687144690996
297273.411807,2788366.126422,0.2847718526663,0.0223566061938794,0.00806303829943192,0.0830126443100605,0.0798973795125527,0.521898479017775
297773.411807,2788366.126422,0.171958157460084,0.0570746926041475,0.00403743806202973,0.0851532391264452,0.104422829877042,0.577353642870251
298273.411807,2788366.126422,0.25618925362186,0.0654685494223363,0.00935264991747662,0.0645516229598386,0.112231799009719,0.492206125068769
298773.411807,2788366.126422,0.437786329485065,0.0370166758292102,0.00219901044529962,0.0298698918819864,0.0241891148982958,0.468938977460143
299273.411807,2788366.126422,0.308496971921453,0.0143145531290145,0.0012846393833731,0.0194531106625069,0.0194531106625069,0.636997614241145
299773.411807,2788366.126422,0.251604621309371,0.0667522464698331,0.0174216027874564,0.105996699064735,0.0900421786172749,0.46818265175133
300273.411807,2788366.126422,0.286886971163965,0.0387286886971164,0.00799831614396969,0.0629341191328141,0.0770364133866554,0.526415491475479
292773.411807,2787866.126422,0.013003663003663,0.0254578754578755,0.0104395604395604,0.192673992673993,0.126923076923077,0.631501831501831
293273.411807,2787866.126422,0.0381651376146789,0.0737614678899083,0.0785321100917431,0.236146788990826,0.115596330275229,0.457798165137615
293773.411807,2787866.126422,0.00880572372041827,0.0715465052283985,0.0310034855989727,0.163089341405247,0.145844799119428,0.579710144927536
294273.411807,2787866.126422,0.102380952380952,0.0783882783882784,0.0322344322344322,0.180586080586081,0.122527472527473,0.483882783882784
294773.411807,2787866.126422,0.442752293577982,0.00954128440366972,0.0214678899082569,0.10256880733945,0.0581651376146789,0.365504587155963
295273.411807,2787866.126422,0.168959823885526,0.0702623371858375,0.0561364887176665,0.252063841496973,0.0957622454595487,0.356815263254449
295773.411807,2787866.126422,0.202014652014652,0.0763736263736264,0.0340659340659341,0.232600732600733,0.0750915750915751,0.37985347985348
296273.411807,2787866.126422,0.215596330275229,0.0667889908256881,0.0218348623853211,0.115229357798165,0.118899082568807,0.461651376146789
296773.411807,2787866.126422,0.477710511832691,0.0214639515685195,0.00733810310034856,0.0519170794349661,0.0311869381764814,0.410383415886993
297273.411807,2787866.126422,0.396886446886447,0.0104395604395604,0.00274725274725275,0.0432234432234432,0.036996336996337,0.50970695970696
297773.411807,2787866.126422,0.260550458715596,0.0300917431192661,0.00293577981651376,0.0823853211009174,0.127706422018349,0.496330275229358
298273.411807,2787866.126422,0.294808292056503,0.0513667217024399,0.00568702990277013,0.0722803155384333,0.0695285268758026,0.506329113924051
298773.411807,2787866.126422,0.467948717948718,0.0197802197802198,0.00164835164835165,0.0287545787545788,0.0395604395604396,0.442307692307692
299273.411807,2787866.126422,0.448256880733945,0.0267889908256881,0.00165137614678899,0.0187155963302752,0.0486238532110092,0.455963302752294
299773.411807,2787866.126422,0.544487250045863,0.0187121629058888,0.00532012474775271,0.032104201064025,0.0482480278847918,0.351128233351679
300273.411807,2787866.126422,0.542394277298548,0.0187250157795077,0.000841573742899221,0.0178834420366085,0.0174626551651588,0.402693035977278
292273.411807,2787366.126422,0.00714285714285714,0.122710622710623,0.0954212454212454,0.296886446886447,0.113553113553114,0.364285714285714
292773.411807,2787366.126422,0.213421342134213,0.0727906123945728,0.0581224789145581,0.0889255592225889,0.0559222588925559,0.510817748441511
293273.411807,2787366.126422,0.147252747252747,0.0445054945054945,0.0467032967032967,0.157875457875458,0.0547619047619048,0.548901098901099
293773.411807,2787366.126422,0.00915750915750916,0.223443223443223,0.0432234432234432,0.255677655677656,0.138461538461538,0.33003663003663
294273.411807,2787366.126422,0.0540887422075541,0.099009900990099,0.0452878621195453,0.182251558489182,0.0938760542720939,0.525485881921525
294773.411807,2787366.126422,0.213186813186813,0.0252747252747253,0.0243589743589744,0.201465201465201,0.122344322344322,0.413369963369963
295273.411807,2787366.126422,0.303663003663004,0.0234432234432234,0.000732600732600733,0.00860805860805861,0.0184981684981685,0.645054945054945
295773.411807,2787366.126422,0.473597359735974,0.0128346167950128,0.00183351668500183,0.0300696736340301,0.0258525852585259,0.455812247891456
296273.411807,2787366.126422,0.26978021978022,0.0648351648351648,0.00549450549450549,0.0727106227106227,0.117582417582418,0.46959706959707
296773.411807,2787366.126422,0.380586080586081,0.110622710622711,0.0043956043956044,0.0315018315018315,0.0728937728937729,0.4
297273.411807,2787366.126422,0.335166850018335,0.0559222588925559,0.00861752841950862,0.0436376971030436,0.07004033736707,0.486615328199487
297773.411807,2787366.126422,0.158974358974359,0.0357142857142857,0.00897435897435897,0.103479853479853,0.145054945054945,0.547802197802198
298273.411807,2787366.126422,0.268498168498168,0.0305860805860806,0.000915750915750916,0.0340659340659341,0.0633699633699634,0.602564102564103
298773.411807,2787366.126422,0.151631829849652,0.0627062706270627,0.00238357169050238,0.0678401173450678,0.148881554822149,0.566556655665567
299273.411807,2787366.126422,0.274908424908425,0.0804029304029304,0.00293040293040293,0.032051282051282,0.056959706959707,0.552747252747253
299773.411807,2787366.126422,0.451831501831502,0.0232600732600733,0.0316849816849817,0.12985347985348,0.0998168498168498,0.263553113553114
300273.411807,2787366.126422,0.720959595959596,0.0101010101010101,0,0.00252525252525253,0.00484006734006734,0.261574074074074
292273.411807,2786866.126422,0.0810562992847974,0.0474967907573813,0.122684760682193,0.35613423803411,0.119017054832202,0.273610856409316
292773.411807,2786866.126422,0.101154480483782,0.237126626351475,0.0139270661535642,0.126076598863845,0.0938244456661169,0.427890782481217
293273.411807,2786866.126422,0.0467975775371628,0.214534777023307,0.0517526151587447,0.285189943108827,0.116535144063131,0.285189943108827
293773.411807,2786866.126422,0.0711534934898221,0.0680359435173299,0.0878415551072804,0.274711168164313,0.0852741610122868,0.412983678708968
294273.411807,2786866.126422,0.0249221183800623,0.120579072750596,0.209089243173905,0.259666483415796,0.0802638812534359,0.305479201026205
294773.411807,2786866.126422,0.0361534226463571,0.160579922921637,0.0719398054688934,0.224628372178381,0.153239126445219,0.353459350339512
295273.411807,2786866.126422,0.331743994131671,0.0165046763249587,0.0102695763799743,0.127452778287181,0.0673024023473317,0.446726572528883
295773.411807,2786866.126422,0.282939343961884,0.00623052959501558,0.0089792926516401,0.0324354040681693,0.0335349092908191,0.635880520432472
296273.411807,2786866.126422,0.405395485410167,0.00734079647641769,0,0.0178014314553129,0.0163332721600294,0.553129014498073
296773.411807,2786866.126422,0.269759765266826,0.0915092609572712,0.0121034293049697,0.0381441408399046,0.0909591050797726,0.497524298551256
297273.411807,2786866.126422,0.349459409932197,0.045629466739967,0.000183250870441635,0.0223566061938794,0.0447132123877588,0.537658053875756
297773.411807,2786866.126422,0.470178014314553,0.00587263718113415,0.00715727656450725,0.0484492567443568,0.0565241328684162,0.411818682327033
298273.411807,2786866.126422,0.196772418852008,0.0436456996148909,0.0137538969374656,0.0894920227397763,0.0878415551072804,0.568494406748579
298773.411807,2786866.126422,0.119296316657504,0.0267546270844787,0.0463624702217336,0.0853949056258017,0.0749496060106286,0.647242074399853
299273.411807,2786866.126422,0.502844558634612,0.0332171040557901,0.02073775004588,0.063497889521013,0.0800146815929528,0.299688016149752
299773.411807,2786866.126422,0.524665321841188,0.0104529616724739,0.0022006235099945,0.00880249403997799,0.0181551439574546,0.435723454978911
300273.411807,2786866.126422,0.631446011366028,0.0260997684697958,0.000631446011366028,0.00673542412123763,0.00926120816670175,0.325826141864871
291273.411807,2786366.126422,0.174358974358974,0.0697802197802198,0.0785714285714286,0.392857142857143,0.0820512820512821,0.202380952380952
291773.411807,2786366.126422,0.175045871559633,0.0968807339449541,0.0363302752293578,0.231743119266055,0.149174311926606,0.310825688073395
292273.411807,2786366.126422,0.149146945514584,0.0410933773619519,0.0766831773986425,0.373325995230233,0.137589433131535,0.222161071363053
292773.411807,2786366.126422,0.0836996336996337,0.0747252747252747,0.102014652014652,0.215567765567766,0.0998168498168498,0.424175824175824
293273.411807,2786366.126422,0.324220183486239,0.0772477064220184,0.114862385321101,0.0937614678899083,0.0372477064220183,0.352660550458716
293773.411807,2786366.126422,0.0974133186571271,0.126031920748487,0.124197394973399,0.272977435332966,0.124197394973399,0.255182535314621
294273.411807,2786366.126422,0.203479853479853,0.0584249084249084,0.0926739926739927,0.117582417582418,0.0717948717948718,0.456043956043956
294773.411807,2786366.126422,0.0218348623853211,0.124036697247706,0.272844036697248,0.310642201834862,0.122018348623853,0.148623853211009
295273.411807,2786366.126422,0.303247110621904,0.0361401577692167,0.0198128783709411,0.18547055586131,0.118143459915612,0.337185837461016
295773.411807,2786366.126422,0.529304029304029,0.00805860805860806,0.00586080586080586,0.0461538461538462,0.0391941391941392,0.371428571428571
296273.411807,2786366.126422,0.506605504587156,0.00532110091743119,0.00807339449541284,0.0453211009174312,0.0319266055045872,0.402752293577982
296773.411807,2786366.126422,0.243441570354063,0.0390753990093561,0.00220143093010457,0.0335718216840947,0.0574206567602275,0.624289121262154
297273.411807,2786366.126422,0.437362637362637,0.0543956043956044,0.00677655677655678,0.0293040293040293,0.0624542124542125,0.40970695970696
297773.411807,2786366.126422,0.349174311926606,0.0577981651376147,0.00495412844036697,0.107522935779817,0.0721100917431193,0.408440366972477
298273.411807,2786366.126422,0.397908640616401,0.0818198495688864,0.0212804989910108,0.117409649605577,0.0517336268574573,0.329847734360668
298773.411807,2786366.126422,0.350915750915751,0.182600732600733,0.0663003663003663,0.123076923076923,0.0434065934065934,0.233699633699634
299273.411807,2786366.126422,0.586238532110092,0.0530275229357798,0.0036697247706422,0.0225688073394495,0.0258715596330275,0.308623853211009
299773.411807,2786366.126422,0.645753072830673,0.13557145477894,0.001284168042561,0.00366905155017428,0.00862227114290956,0.205099981654742
300273.411807,2786366.126422,0.595413423101199,0.23248474647591,0.000210393435724805,0.000210393435724805,0.00126236061434883,0.170418682937092
291273.411807,2785866.126422,0,0,0.764576457645765,0.235423542354235,0,0
291773.411807,2785866.126422,0.00128205128205128,0.00659340659340659,0.53992673992674,0.430769230769231,0.0172161172161172,0.00421245421245421
292273.411807,2785866.126422,0.0728937728937729,0.0355311355311355,0.161172161172161,0.505311355311355,0.0888278388278388,0.136263736263736
292773.411807,2785866.126422,0.0848918225155849,0.110561056105611,0.083975064173084,0.267143381004767,0.117161716171617,0.336266960029336
293273.411807,2785866.126422,0.27985347985348,0.0254578754578755,0.0336996336996337,0.0600732600732601,0.0467032967032967,0.554212454212454
293773.411807,2785866.126422,0.237912087912088,0.0315018315018315,0.0527472527472527,0.0619047619047619,0.026007326007326,0.58992673992674
294273.411807,2785866.126422,0.122662266226623,0.0605060506050605,0.211221122112211,0.412724605793913,0.106894022735607,0.085991932526586
294773.411807,2785866.126422,0.0721611721611722,0.0703296703296703,0.199084249084249,0.415201465201465,0.0820512820512821,0.161172161172161
295273.411807,2785866.126422,0.0945054945054945,0.119413919413919,0.221978021978022,0.282967032967033,0.120512820512821,0.160622710622711
295773.411807,2785866.126422,0.12962962962963,0.0366703337000367,0.0559222588925559,0.31958195819582,0.134396773010634,0.323799046571324
296273.411807,2785866.126422,0.165750915750916,0.0163003663003663,0.00531135531135531,0.060989010989011,0.0628205128205128,0.688827838827839
296773.411807,2785866.126422,0.361538461538462,0.00641025641025641,0,0.0263736263736264,0.0338827838827839,0.571794871794872
297273.411807,2785866.126422,0.548771543821049,0.0102676934360103,0.00348368170150348,0.0298863219655299,0.0245691235790246,0.383021635496883
297773.411807,2785866.126422,0.466849816849817,0.0659340659340659,0,0.017032967032967,0.0324175824175824,0.417765567765568
298273.411807,2785866.126422,0.690659340659341,0.0377289377289377,0.00128205128205128,0.00421245421245421,0.0124542124542125,0.253663003663004
298773.411807,2785866.126422,0.595342867620095,0.0537220388705537,0.0133846718005134,0.0462046204620462,0.0555555555555556,0.235790245691236
299273.411807,2785866.126422,0.784615384615385,0.0181318681318681,0,0.000549450549450549,0.00274725274725275,0.193956043956044
299773.411807,2785866.126422,0.921062271062271,0.0278388278388278,0,0,0.000183150183150183,0.0509157509157509
300273.411807,2785866.126422,0.860900673400673,0.0355639730639731,0,0.0021043771043771,0.00568181818181818,0.0957491582491583
291273.411807,2785366.126422,0,0,1,0,0,0
291773.411807,2785366.126422,0,0,1,0,0,0
292273.411807,2785366.126422,0.0306253438474234,0.00770218228498074,0.25215477718687,0.635063267925912,0.0381441408399046,0.0363102879149092
292773.411807,2785366.126422,0.0608392889866227,0.0355506688656771,0.128458860179586,0.552134872640645,0.083745647791827,0.139270661535642
293273.411807,2785366.126422,0.246283721783814,0.015782712424298,0.101486511286475,0.284822903285006,0.0691870067902367,0.282437144430171
293773.411807,2785366.126422,0.315055932514212,0.0454795525398863,0.0627177700348432,0.163212910324592,0.132770951769668,0.280762882816798
294273.411807,2785366.126422,0.120212571009712,0.028587135788895,0.109767271394539,0.528862012094557,0.0874106652006597,0.125160344511636
294773.411807,2785366.126422,0.0912093962194898,0.0334006239677005,0.0757937236190127,0.637364654064966,0.0590934116351624,0.103138190493669
295273.411807,2785366.126422,0.188703465982028,0.0403447643498991,0.132404181184669,0.389510361269026,0.120667522464698,0.128369704749679
295773.411807,2785366.126422,0.192046912222833,0.0789811251603445,0.0593732820230896,0.31610775151182,0.111783030969397,0.241707898112516
296273.411807,2785366.126422,0.256010277115067,0.0159662323362085,0.00844191594788034,0.0908423563956689,0.0534042943659387,0.575334923839237
296773.411807,2785366.126422,0.449110581331377,0.0286081056299285,0.00513478818998716,0.0221896203924445,0.0368604437924078,0.458096460663855
297273.411807,2785366.126422,0.923034634414513,0.000733003481766538,0,0,0,0.07623236210372
297773.411807,2785366.126422,0.709304459533859,0.0614791704899982,0,0.0132134336575518,0.0220223894292531,0.193980546889337
298273.411807,2785366.126422,0.492389510361269,0.0399779937649001,0.000366770584999083,0.0830735375022923,0.124701998899688,0.259490188886851
298773.411807,2785366.126422,0.457210921751878,0.0483782297965915,0.00329851566794942,0.059190031152648,0.0936411947956753,0.338281106835257
299273.411807,2785366.126422,0.645623050100936,0.191961827858323,0,0.0192695907505964,0.0383556615892824,0.104789869700863
299773.411807,2785366.126422,0.88813497157528,0.0126535851824684,0,0.0143040528149642,0.0564826700898588,0.0284247203374289
300273.411807,2785366.126422,0.849926331298674,0.0694590612502631,0,0.00463060408335087,0.00547253209850558,0.0705114712692065
291273.411807,2784866.126422,0,0,1,0,0,0
291773.411807,2784866.126422,0,0,0.576146788990826,0.423853211009174,0,0
292273.411807,2784866.126422,0,0,0.0651256650155935,0.934874334984407,0,0
292773.411807,2784866.126422,0,0,0.000549450549450549,0.999450549450549,0,0
293273.411807,2784866.126422,0,0,0,1,0,0
293773.411807,2784866.126422,0.011557512383049,0.0130251330031187,0.0700788846083287,0.870482480278848,0.0229315721885892,0.0119244175380664
294273.411807,2784866.126422,0.0597069597069597,0.0230769230769231,0.173260073260073,0.612637362637363,0.0882783882783883,0.043040293040293
294773.411807,2784866.126422,0.0697247706422018,0.00770642201834862,0.0229357798165138,0.829174311926606,0.0308256880733945,0.0396330275229358
295273.411807,2784866.126422,0.127866446523574,0.0443955237571088,0.117409649605577,0.490552192258301,0.0979636763896533,0.121812511465786
295773.411807,2784866.126422,0.196336996336996,0.0335164835164835,0.084981684981685,0.277289377289377,0.0652014652014652,0.342673992673993
296273.411807,2784866.126422,0.343669724770642,0.0132110091743119,0.00018348623853211,0.0689908256880734,0.06,0.51394495412844
296773.411807,2784866.126422,0.860942946248395,0.0066042927903137,0,0.000550357732526142,0.00201797835259585,0.129884424876169
297273.411807,2784866.126422,0.812637362637363,0.000732600732600733,0,0.00146520146520147,0.0010989010989011,0.184065934065934
297773.411807,2784866.126422,0.797247706422018,0.00678899082568807,0.000917431192660551,0.0113761467889908,0.0159633027522936,0.167706422018349
298273.411807,2784866.126422,0.742799486332783,0.0286186020913594,0,0.0254999082737112,0.028251696936342,0.174830306365804
298773.411807,2784866.126422,0.533150183150183,0.239194139194139,0,0.0510989010989011,0.0509157509157509,0.125641025641026
299273.411807,2784866.126422,0.830091743119266,0.0935779816513762,0.00036697247706422,0.0124770642201835,0.0194495412844037,0.0440366972477064
299773.411807,2784866.126422,0.919831223628692,0.0515501742799486,0,0,0,0.0286186020913594
300273.411807,2784866.126422,0.839890595413423,0.0925731117189144,0,0,0,0.0675362928676625
291773.411807,2784366.126422,0.238827838827839,0.034981684981685,0.188644688644689,0.106227106227106,0.0514652014652015,0.37985347985348
292273.411807,2784366.126422,0.0437728937728938,0.0232600732600733,0.587545787545788,0.179487179487179,0.0315018315018315,0.134432234432234
292773.411807,2784366.126422,0,0,0.185551888522186,0.814448111477814,0,0
293273.411807,2784366.126422,0,0,0,1,0,0
293773.411807,2784366.126422,0,0,0,1,0,0
294273.411807,2784366.126422,0,0,0.0311697836450312,0.968830216354969,0,0
294773.411807,2784366.126422,0.0221611721611722,0.0135531135531136,0.119413919413919,0.694139194139194,0.0888278388278388,0.0619047619047619
295273.411807,2784366.126422,0.318315018315018,0.056959706959707,0.123443223443223,0.195421245421245,0.0686813186813187,0.237179487179487
295773.411807,2784366.126422,0.465346534653465,0.0218188485515218,0.0155848918225156,0.0768243491015768,0.0592225889255592,0.361202786945361
296273.411807,2784366.126422,0.346520146520147,0.0113553113553114,0.0357142857142857,0.179120879120879,0.0970695970695971,0.33021978021978
296773.411807,2784366.126422,0.67051282051282,0,0,0.00677655677655678,0.00677655677655678,0.315934065934066
297273.411807,2784366.126422,0.433443344334433,0.00366703337000367,0,0.0192519251925193,0.0251191785845251,0.518518518518518
297773.411807,2784366.126422,0.425457875457875,0.0412087912087912,0,0.0261904761904762,0.0238095238095238,0.483333333333333
298273.411807,2784366.126422,0.691391941391941,0.0353479853479853,0.000183150183150183,0.0221611721611722,0.0289377289377289,0.221978021978022
298773.411807,2784366.126422,0.756692335900257,0.0432709937660433,0.0115511551155116,0.048038137147048,0.0672900623395673,0.0731573157315732
299273.411807,2784366.126422,0.647252747252747,0.156227106227106,0,0.00531135531135531,0.0214285714285714,0.16978021978022
299773.411807,2784366.126422,0.822344322344322,0.144322344322344,0,0.00293040293040293,0.0032967032967033,0.0271062271062271
300273.411807,2784366.126422,0.90530303030303,0.0576599326599327,0,0,0,0.037037037037037
291273.411807,2783866.126422,0.11654755360088,0.0406816932380429,0.0452629649990837,0.242624152464724,0.132856881070185,0.422026754627084
291773.411807,2783866.126422,0.0585428518994311,0.0552394934850431,0.0324830244081483,0.359882547256377,0.138741053404294,0.355111029546706
292273.411807,2783866.126422,0.129836787089675,0.0491472583898771,0.118833669539703,0.310654685494223,0.086007702182285,0.305519897304236
292773.411807,2783866.126422,0.0399486897562763,0.0432472054242258,0.318490012827561,0.315191497159612,0.0753161077515118,0.207806487080814
293273.411807,2783866.126422,0.00422095797394017,0.0119287942741787,0.240961644338411,0.658102404110846,0.0385391815011929,0.0462470178014315
293773.411807,2783866.126422,0,0,0.118833669539703,0.881166330460297,0,0
294273.411807,2783866.126422,0,0,0,1,0,0
294773.411807,2783866.126422,0,0,0.00458799779776106,0.995412002202239,0,0
295273.411807,2783866.126422,0.348248670456629,0.0154043645699615,0.146891619292133,0.231248853841922,0.0379607555474051,0.220245736291949
295773.411807,2783866.126422,0.155396738134506,0.100238226131574,0.212021257100971,0.25673446948873,0.108851017042331,0.166758292101887
296273.411807,2783866.126422,0.396953569462287,0.0543218939254909,0.118370343182235,0.149752248118921,0.0690034868783263,0.21159845843274
296773.411807,2783866.126422,0.711351549605722,0.011186502842472,0.0124701998899688,0.0249403997799376,0.0383275261324042,0.201723821749496
297273.411807,2783866.126422,0.568627450980392,0.0219901044529962,0.00274876305662452,0.0196078431372549,0.0450797141286421,0.34194612424409
297773.411807,2783866.126422,0.54780693705267,0.0185355111029547,0.00532207744540283,0.0280785465222977,0.0310148651128647,0.36924206276381
298273.411807,2783866.126422,0.77186869613057,0.00843572345497891,0.00550155877498625,0.0201723821749496,0.0407115349348982,0.153310104529617
298773.411807,2783866.126422,0.415246472420744,0.0892431739050761,0.0564412680960235,0.186732636980026,0.093274693054792,0.159061755543339
