"x","y","forest","agri","water","built","other","grass"
224773.411807,2557866.126422,0.917216117216117,0.0230769230769231,0,0,0,0.0597069597069597
225273.411807,2557866.126422,0.904107077374404,0.000916758342500917,0,0,0.000366703337000367,0.0946094609460946
225773.411807,2557866.126422,0.881135531135531,0.00952380952380952,0.000366300366300366,0.0010989010989011,0.00714285714285714,0.100732600732601
226273.411807,2557866.126422,0.707326007326007,0.0891941391941392,0.000915750915750916,0.080952380952381,0.00402930402930403,0.117582417582418
226773.411807,2557866.126422,0.901906857352402,0.0672900623395673,0,0.0293362669600293,0.000183351668500183,0.00128346167950128
227273.411807,2557866.126422,0.882600732600733,0.0556776556776557,0,0.0183150183150183,0.000732600732600733,0.0426739926739927
227773.411807,2557866.126422,0.77032967032967,0.0562271062271062,0.00146520146520147,0.113553113553114,0.00677655677655678,0.0516483516483516
228273.411807,2557866.126422,0.513384671800513,0.0284195086175284,0.0128346167950128,0.299229922992299,0.00971763843050972,0.136413641364136
228773.411807,2557866.126422,0.680586080586081,0.0573260073260073,0.00750915750915751,0.0866300366300366,0.00402930402930403,0.163919413919414
229273.411807,2557866.126422,0.650549450549451,0.109340659340659,0.00421245421245421,0.167582417582418,0.00641025641025641,0.0619047619047619
229773.411807,2557866.126422,0.4998166483315,0.186285295196186,0.00898423175650898,0.12981298129813,0.0425375870920425,0.132563256325633
230273.411807,2557866.126422,0.80970695970696,0.101648351648352,0.00879120879120879,0.0043956043956044,0,0.0754578754578755
230773.411807,2557866.126422,0.988827838827839,0.00769230769230769,0,0,0,0.00347985347985348
231273.411807,2557866.126422,0.939310597726439,0.0366703337000367,0,0,0,0.024019068573524
231773.411807,2557866.126422,0.673260073260073,0.129304029304029,0.0271062271062271,0.101098901098901,0.0131868131868132,0.056043956043956
232273.411807,2557866.126422,0.573809523809524,0.0728937728937729,0.0549450549450549,0.174358974358974,0.0461538461538462,0.0778388278388278
232773.411807,2557866.126422,0.894756142280895,0.0889255592225889,0,0.000183351668500183,0.0011001100110011,0.015034836817015
233273.411807,2557866.126422,0.910805860805861,0.0747252747252747,0,0.000366300366300366,0.000915750915750916,0.0131868131868132
233773.411807,2557866.126422,0.974358974358974,0,0,0,0,0.0256410256410256
234273.411807,2557866.126422,0.995782911624496,0.00201686835350202,0,0,0,0.0022002200220022
234773.411807,2557866.126422,0.996153846153846,0,0,0,0,0.00384615384615385
235273.411807,2557866.126422,0.785347985347985,0.0316849816849817,0,0.0450549450549451,0.0532967032967033,0.0846153846153846
235773.411807,2557866.126422,0.90979097909791,0.00183351668500183,0,0.00165016501650165,0.0044004400440044,0.0823248991565823
236273.411807,2557866.126422,0.754761904761905,0.086996336996337,0.00677655677655678,0.0113553113553114,0.0179487179487179,0.122161172161172
236773.411807,2557866.126422,0.901282051282051,0.0895604395604396,0.00787545787545788,0,0,0.00128205128205128
224773.411807,2557366.126422,0.712635246653218,0,0,0,0,0.287364753346782
225273.411807,2557366.126422,0.847168774051677,0.0183250870441635,0,0.00293201392706615,0.0042147700201576,0.127359354956936
225773.411807,2557366.126422,0.888236373646541,0.0275279867865663,0,0.000550559735731327,0.00330335841438796,0.0803817214167737
226273.411807,2557366.126422,0.869796442325325,0.0718870346598203,0.000733541169998166,0.0322758114799193,0.000916926462497708,0.024390243902439
226773.411807,2557366.126422,0.98204141469672,0.0157595748579806,0,0,0,0.00219901044529962
227273.411807,2557366.126422,0.956689300789136,0.0392732611488346,0,0,0,0.00403743806202973
227773.411807,2557366.126422,0.963689712085091,0.0174216027874564,0,0,0,0.0188886851274528
228273.411807,2557366.126422,0.541323071284589,0.110500274876306,0,0.143118929814917,0.0390324354040682,0.166025288620121
228773.411807,2557366.126422,0.314002569278767,0.133969535694623,0.0299137456414021,0.49366856303909,0.0222059093411635,0.00623967700495504
229273.411807,2557366.126422,0.553640198056116,0.348432055749129,0.0348432055749129,0.0097194205024757,0.00293416467999266,0.0504309554373739
229773.411807,2557366.126422,0.84863478101521,0.0758658603628367,0,0,0.000366501740883269,0.0751328568810702
230273.411807,2557366.126422,0.790787300422096,0.142962011378235,0.00605615709304459,0.0047715177096715,0.0102771150669848,0.0451458983299688
230773.411807,2557366.126422,0.962956170915093,0.0357601320374106,0,0,0,0.00128369704749679
231273.411807,2557366.126422,0.973978376397288,0.0243723657687374,0,0,0,0.00164925783397471
231773.411807,2557366.126422,0.928427234354927,0.0616626904019086,0,0,0,0.00991007524316388
232273.411807,2557366.126422,0.808178984045479,0.0629011553273428,0.000366770584999083,0.000550155877498625,0.00385109114249037,0.12415184302219
232773.411807,2557366.126422,0.870991387209089,0.118746564046179,0,0,0,0.0102620487447315
233273.411807,2557366.126422,0.89612772985869,0.000917599559552211,0,0,0,0.102954670581758
233773.411807,2557366.126422,0.925912341830185,0.000916926462497708,0,0,0,0.0731707317073171
234273.411807,2557366.126422,1,0,0,0,0,0
234773.411807,2557366.126422,0.993209763259314,0,0,0,0,0.00679023674068636
235273.411807,2557366.126422,0.918393544837704,0.00733541169998166,0,0.00128369704749679,0.0148542086924629,0.0581331377223547
235773.411807,2557366.126422,0.624518966465091,0.0152098222466557,0.000183250870441635,0.102803738317757,0.089792926516401,0.167491295583654
236273.411807,2557366.126422,0.849146632409616,0.0926775555147734,0.000734079647641769,0.00880895577170123,0.0218388695173426,0.0267939071389246
236773.411807,2557366.126422,0.765266825600587,0.183385292499542,0.0216394645149459,0.00110031175499725,0.00311754997249221,0.0254905556574363
224773.411807,2556866.126422,0.877086773069162,0.0126582278481013,0,0,0.000183452577508714,0.110071546505228
225273.411807,2556866.126422,0.928205128205128,0.0137362637362637,0,0,0,0.0580586080586081
225773.411807,2556866.126422,0.520550458715596,0.162935779816514,0.00825688073394495,0.194128440366972,0.0256880733944954,0.0884403669724771
226273.411807,2556866.126422,0.949550541185104,0.0170610897083104,0,0,0,0.0333883691065859
226773.411807,2556866.126422,0.893223443223443,0.0695970695970696,0,0,0.000183150183150183,0.036996336996337
227273.411807,2556866.126422,0.882935779816514,0.0548623853211009,0.0132110091743119,0.0036697247706422,0.00293577981651376,0.0423853211009174
227773.411807,2556866.126422,0.920931939093744,0.0163272793982755,0,0.000550357732526142,0.00275178866263071,0.0594386351128233
228273.411807,2556866.126422,0.725091575091575,0.0833333333333333,0.0327838827838828,0.0765567765567766,0.00512820512820513,0.0771062271062271
228773.411807,2556866.126422,0.634311926605505,0.317981651376147,0.00036697247706422,0.00146788990825688,0.00238532110091743,0.0434862385321101
229273.411807,2556866.126422,0.774720234819299,0.225279765180701,0,0,0,0
229773.411807,2556866.126422,0.832417582417582,0.154395604395604,0,0,0,0.0131868131868132
230273.411807,2556866.126422,0.864587155963303,0.126422018348624,0,0,0,0.00899082568807339
230773.411807,2556866.126422,0.947899467987525,0.0521005320124748,0,0,0,0
231273.411807,2556866.126422,0.985531135531136,0,0,0,0,0.0144688644688645
231773.411807,2556866.126422,0.882201834862385,0.075045871559633,0,0.00036697247706422,0.00201834862385321,0.0403669724770642
232273.411807,2556866.126422,0.917813245276096,0.0291689598238855,0,0.000183452577508714,0.000183452577508714,0.0526508897450009
232773.411807,2556866.126422,0.807509157509158,0.168681318681319,0.0021978021978022,0.0010989010989011,0,0.0205128205128205
233273.411807,2556866.126422,0.77045871559633,0.0977981651376147,0.00477064220183486,0.0222018348623853,0.0181651376146789,0.086605504587156
233773.411807,2556866.126422,0.941111722619703,0.00807191341038342,0,0,0,0.0508163639699138
234273.411807,2556866.126422,0.986263736263736,0,0,0,0,0.0137362637362637
234773.411807,2556866.126422,0.99394495412844,0,0,0,0,0.00605504587155963
235273.411807,2556866.126422,0.852871032838011,0.0221977618785544,0.000183452577508714,0.00532012474775271,0.028251696936342,0.0911759310218309
235773.411807,2556866.126422,0.423992673992674,0.0573260073260073,0.00531135531135531,0.295054945054945,0.054029304029304,0.164285714285714
236273.411807,2556866.126422,0.991192660550459,0.00385321100917431,0,0,0,0.00495412844036697
236773.411807,2556866.126422,0.802971931755641,0.0676940011007155,0.00421940928270042,0.0150431113557145,0.0221977618785544,0.087873784626674
224773.411807,2556366.126422,0.773076923076923,0.0291208791208791,0.000549450549450549,0.028021978021978,0.019047619047619,0.15018315018315
225273.411807,2556366.126422,0.492299229922992,0.158965896589659,0.000733406674000733,0.23028969563623,0.0469380271360469,0.0707737440410708
225773.411807,2556366.126422,0.66007326007326,0.181501831501831,0.00567765567765568,0.105311355311355,0.0043956043956044,0.043040293040293
226273.411807,2556366.126422,0.721245421245421,0.210622710622711,0,0.00842490842490842,0.00238095238095238,0.0573260073260073
226773.411807,2556366.126422,0.974514118078475,0.0210854418775211,0,0,0,0.0044004400440044
227273.411807,2556366.126422,0.845054945054945,0.10018315018315,0.0186813186813187,0,0,0.0360805860805861
227773.411807,2556366.126422,0.805860805860806,0.128754578754579,0.00384615384615385,0.00402930402930403,0.00274725274725275,0.0547619047619048
228273.411807,2556366.126422,0.926292629262926,0.0561056105610561,0,0,0.00055005500550055,0.0170517051705171
228773.411807,2556366.126422,0.924175824175824,0.030952380952381,0,0,0,0.0448717948717949
229273.411807,2556366.126422,0.891941391941392,0.0567765567765568,0,0,0,0.0512820512820513
229773.411807,2556366.126422,0.876787678767877,0.104327099376604,0,0,0,0.0188852218555189
230273.411807,2556366.126422,0.823626373626374,0.156959706959707,0,0.000183150183150183,0.00183150183150183,0.0173992673992674
230773.411807,2556366.126422,0.931868131868132,0.0641025641025641,0,0,0,0.00402930402930403
231273.411807,2556366.126422,0.985331866519985,0.00311697836450312,0,0,0,0.0115511551155116
231773.411807,2556366.126422,0.996336996336996,0.00256410256410256,0,0,0,0.0010989010989011
232273.411807,2556366.126422,0.952014652014652,0.0335164835164835,0,0,0,0.0144688644688645
232773.411807,2556366.126422,0.894022735606894,0.0115511551155116,0,0.00183351668500183,0.00403373670700403,0.0885588558855886
233273.411807,2556366.126422,0.833333333333333,0.0144688644688645,0,0.000549450549450549,0.00476190476190476,0.146886446886447
233773.411807,2556366.126422,0.823809523809524,0.0472527472527473,0.0179487179487179,0.0272893772893773,0.0225274725274725,0.0611721611721612
234273.411807,2556366.126422,0.959479281261459,0,0,0,0,0.0405207187385405
234773.411807,2556366.126422,0.66043956043956,0.151282051282051,0.0203296703296703,0.0785714285714286,0.0525641025641026,0.0368131868131868
235273.411807,2556366.126422,0.703663003663004,0.130769230769231,0.00293040293040293,0.162454212454212,0,0.000183150183150183
235773.411807,2556366.126422,0.536853685368537,0.183901723505684,0.000366703337000367,0.182068206820682,0.00696736340300697,0.0898423175650898
236273.411807,2556366.126422,0.574908424908425,0.0893772893772894,0.0507326007326007,0.189377289377289,0.0186813186813187,0.0769230769230769
236773.411807,2556366.126422,0.817582417582418,0.129487179487179,0.0133699633699634,0.00842490842490842,0.00183150183150183,0.0293040293040293
224773.411807,2555866.126422,0.434439757931414,0.125985695947185,0.000183385292499542,0.3200073354117,0.0249403997799376,0.0944434256372639
225273.411807,2555866.126422,0.704233095107202,0.205973978376397,0,0.0142935678944475,0.0142935678944475,0.061205790727506
225773.411807,2555866.126422,0.87135254175078,0.0420260598274913,0,0,0.000367039823820885,0.0862543585979079
226273.411807,2555866.126422,0.860260407115349,0.0887584815697781,0,0,0,0.0509811113148725
226773.411807,2555866.126422,0.963349825911673,0.0133773135422393,0,0,0,0.0232728605460876
227273.411807,2555866.126422,0.738851165351441,0.0895577170122958,0.0012846393833731,0.00146815929528354,0.00679023674068636,0.162048082216921
227773.411807,2555866.126422,0.947185035760132,0.0194388410049514,0,0,0,0.0333761232349166
228273.411807,2555866.126422,0.954187282389591,0.0214403518416712,0,0,0,0.0243723657687374
228773.411807,2555866.126422,0.934116351624151,0.0552394934850431,0,0,0,0.0106441548908057
229273.411807,2555866.126422,0.803227581147992,0.145424536952136,0,0.000183385292499542,0.00641848523748395,0.0447460113698881
229773.411807,2555866.126422,0.8094190947407,0.0690855781564962,0,0,0.00109950522264981,0.120395821880154
230273.411807,2555866.126422,0.871903101486511,0.0675353275830428,0,0,0,0.060561570930446
230773.411807,2555866.126422,0.989547038327526,0.00880249403997799,0,0,0,0.00165046763249587
231273.411807,2555866.126422,0.958585303280191,0.0164925783397471,0,0,0,0.0249221183800623
231773.411807,2555866.126422,0.998348320792806,0.000734079647641769,0,0,0,0.000917599559552211
232273.411807,2555866.126422,0.933797909407665,0.0322758114799193,0,0,0,0.0339262791124152
232773.411807,2555866.126422,0.984240425142019,0.00549752611324904,0,0,0,0.0102620487447315
233273.411807,2555866.126422,0.963479537529822,0.0172508717195816,0,0,0,0.0192695907505964
233773.411807,2555866.126422,0.843388960205392,0.113515496057216,0.000733541169998166,0.00128369704749679,0.00366770584999083,0.0374105996699065
234273.411807,2555866.126422,0.791094007696537,0.197910940076965,0,0.000366501740883269,0,0.0106285504856148
234773.411807,2555866.126422,0.906404844925674,0.0935951550743256,0,0,0,0
235273.411807,2555866.126422,0.939666238767651,0.059600220062351,0,0,0,0.000733541169998166
235773.411807,2555866.126422,0.838922484881803,0.0366501740883269,0,0.0546087593916071,0.0219901044529962,0.0478284771852666
236273.411807,2555866.126422,0.209946779225546,0.0968985134887135,0.2864745824922,0.304826573683245,0.0403743806202973,0.0614791704899982
236773.411807,2555866.126422,0.902622409682743,0.075187969924812,0,0.000733541169998166,0,0.0214560792224464
224773.411807,2555366.126422,0.843698403962576,0.0880572372041827,0,0.00715465052283985,0.0066042927903137,0.0544854155200881
225273.411807,2555366.126422,0.971245421245421,0.0272893772893773,0,0,0,0.00146520146520147
225773.411807,2555366.126422,0.964587155963303,0.0346788990825688,0,0,0,0.00073394495412844
226273.411807,2555366.126422,0.953769950467804,0.0436617134470739,0,0,0,0.002568336085122
226773.411807,2555366.126422,0.912087912087912,0.0864468864468864,0,0,0,0.00146520146520147
227273.411807,2555366.126422,0.85394495412844,0.0365137614678899,0,0.00018348623853211,0.00128440366972477,0.108073394495413
227773.411807,2555366.126422,0.893414052467437,0.0731975784259769,0,0,0,0.0333883691065859
228273.411807,2555366.126422,0.951648351648352,0.0245421245421245,0,0,0,0.0238095238095238
228773.411807,2555366.126422,0.970091743119266,0.0192660550458716,0,0,0,0.0106422018348624
229273.411807,2555366.126422,0.9557879288204,0.0442120711796001,0,0,0,0
229773.411807,2555366.126422,0.936080586080586,0.0587912087912088,0,0,0,0.00512820512820513
230273.411807,2555366.126422,0.926422018348624,0.0598165137614679,0,0,0,0.0137614678899083
230773.411807,2555366.126422,0.98715831957439,0.000733810310034856,0,0,0,0.0121078701155751
231273.411807,2555366.126422,0.956776556776557,0.0216117216117216,0,0,0,0.0216117216117216
231773.411807,2555366.126422,0.993394495412844,0.00165137614678899,0,0,0,0.00495412844036697
232273.411807,2555366.126422,0.866813428728674,0.0599889928453495,0,0.00146762062006971,0.00623738763529628,0.0654925701706109
232773.411807,2555366.126422,0.998901098901099,0.0010989010989011,0,0,0,0
233273.411807,2555366.126422,0.924587155963303,0.0486238532110092,0.00146788990825688,0.00018348623853211,0.00110091743119266,0.0240366972477064
233773.411807,2555366.126422,0.963492937075766,0.0319207484865162,0,0,0,0.00458631443771785
234273.411807,2555366.126422,0.808424908424908,0.18992673992674,0.00164835164835165,0,0,0
234773.411807,2555366.126422,0.919633027522936,0.0746788990825688,0,0,0,0.00568807339449541
235273.411807,2555366.126422,0.968262704090992,0.0278847917813245,0,0,0,0.00385250412768299
235773.411807,2555366.126422,0.848168498168498,0.0283882783882784,0.00695970695970696,0.05,0.0142857142857143,0.0521978021978022
236273.411807,2555366.126422,0.852844036697248,0.0708256880733945,0.018348623853211,0.00899082568807339,0.00458715596330275,0.0444036697247706
236773.411807,2555366.126422,0.623555310952119,0.16400660429279,0.0664098330581545,0.10273344340488,0.00825536598789213,0.0350394423041644
224773.411807,2554866.126422,0.829304029304029,0.0833333333333333,0,0,0.00238095238095238,0.084981684981685
225273.411807,2554866.126422,0.911991199119912,0.0381371470480381,0,0,0,0.0498716538320499
225773.411807,2554866.126422,0.954945054945055,0.00531135531135531,0,0,0,0.0397435897435897
226273.411807,2554866.126422,0.839194139194139,0.0705128205128205,0,0.000183150183150183,0.00641025641025641,0.0836996336996337
226773.411807,2554866.126422,0.989365603226989,0.00293362669600293,0,0,0,0.0077007700770077
227273.411807,2554866.126422,0.946703296703297,0.0397435897435897,0,0,0,0.0135531135531136
227773.411807,2554866.126422,0.962454212454212,0.0271062271062271,0,0,0,0.0104395604395604
228273.411807,2554866.126422,0.984048404840484,0.00495049504950495,0,0,0,0.011001100110011
228773.411807,2554866.126422,0.986263736263736,0.00842490842490842,0,0,0,0.00531135531135531
229273.411807,2554866.126422,0.988095238095238,0.0102564102564103,0,0,0,0.00164835164835165
229773.411807,2554866.126422,0.989365603226989,0.0106343967730106,0,0,0,0
230273.411807,2554866.126422,0.984981684981685,0.0124542124542125,0,0,0,0.00256410256410256
230773.411807,2554866.126422,0.965567765567766,0.0021978021978022,0,0.000915750915750916,0.00293040293040293,0.0283882783882784
231273.411807,2554866.126422,0.934360102676934,0.0311697836450312,0,0.000183351668500183,0.000183351668500183,0.0341034103410341
231773.411807,2554866.126422,0.968498168498168,0.0141025641025641,0,0,0,0.0173992673992674
232273.411807,2554866.126422,0.84981684981685,0.0155677655677656,0,0.00366300366300366,0.00934065934065934,0.121611721611722
232773.411807,2554866.126422,0.861569490282362,0.0355702236890356,0,0.0788412174550788,0.00751741840850752,0.0165016501650165
233273.411807,2554866.126422,0.531318681318681,0.0968864468864469,0.0203296703296703,0.257142857142857,0.0379120879120879,0.0564102564102564
233773.411807,2554866.126422,0.937728937728938,0.0386446886446886,0,0.00604395604395604,0.00512820512820513,0.0124542124542125
234273.411807,2554866.126422,0.944444444444444,0.0555555555555556,0,0,0,0
234773.411807,2554866.126422,0.980586080586081,0.0148351648351648,0,0,0,0.00457875457875458
235273.411807,2554866.126422,0.982967032967033,0.017032967032967,0,0,0,0
235773.411807,2554866.126422,0.956729006233957,0.0185185185185185,0,0,0,0.0247524752475248
236273.411807,2554866.126422,0.904029304029304,0.0274725274725275,0.00128205128205128,0.000549450549450549,0.0104395604395604,0.0562271062271062
236773.411807,2554866.126422,0.643406593406593,0.224542124542125,0.00641025641025641,0.0391941391941392,0.0133699633699634,0.0730769230769231
224773.411807,2554366.126422,0.902622409682743,0.0810562992847974,0,0,0,0.0163212910324592
225273.411807,2554366.126422,0.952171522814733,0.0478284771852666,0,0,0,0
225773.411807,2554366.126422,0.952651862727106,0.0469810974490732,0,0,0,0.000367039823820885
226273.411807,2554366.126422,0.935448377040161,0.050797726022373,0,0,0,0.0137538969374656
226773.411807,2554366.126422,0.964999083745648,0.0282206340480117,0,0,0,0.00678028220634048
227273.411807,2554366.126422,0.900715727656451,0.0194531106625069,0,0.00238575885483575,0.00165167920719398,0.0757937236190127
227773.411807,2554366.126422,0.925178800660187,0.000366770584999083,0,0,0,0.0744544287548139
228273.411807,2554366.126422,0.984973428623786,0.000183250870441635,0,0,0,0.0148433205057724
228773.411807,2554366.126422,1,0,0,0,0,0
229273.411807,2554366.126422,0.983311938382542,0,0,0,0,0.0166880616174583
229773.411807,2554366.126422,0.995052226498076,0,0,0,0,0.00494777350192413
230273.411807,2554366.126422,0.977427050835016,0.000183519911910442,0,0,0,0.022389429253074
230773.411807,2554366.126422,0.959288465065102,0.00458463231248854,0.00256739409499358,0.000550155877498625,0.000733541169998166,0.0322758114799193
231273.411807,2554366.126422,0.952538024555617,0.00879604178119846,0.00678028220634048,0,0.00201575957485798,0.0298698918819864
231773.411807,2554366.126422,0.937052670214718,0.00311983850247752,0,0,0,0.0598274912828042
232273.411807,2554366.126422,0.927379424170182,0.0368604437924078,0,0.00128369704749679,0.004401247019989,0.0300751879699248
232773.411807,2554366.126422,0.915521348726406,0.0348176653839106,0,0.0042147700201576,0.0124610591900312,0.0329851566794942
233273.411807,2554366.126422,0.996146081849881,0.00275279867865663,0,0,0,0.00110111947146265
233773.411807,2554366.126422,0.911058133137722,0.0452961672473868,0.000183385292499542,0.0022006235099945,0.00678525582248304,0.0344764349899138
234273.411807,2554366.126422,0.958585303280191,0.034084661902144,0,0,0,0.00733003481766538
234773.411807,2554366.126422,0.973022572949165,0.00697375665259681,0,0,0,0.0200036703982382
235273.411807,2554366.126422,0.973775903172566,0.0113698881349716,0,0,0,0.0148542086924629
235773.411807,2554366.126422,0.839105735752245,0.0199743448781382,0,0,0,0.140919919369617
236273.411807,2554366.126422,0.934299871536062,0.0306478252890439,0,0.00311983850247752,0.00256927876674619,0.0293631859056708
236773.411807,2554366.126422,0.78800660187053,0.104529616724739,0.0320924261874198,0.00550155877498625,0.00843572345497891,0.0614340729873464
224773.411807,2553866.126422,0.949550541185104,0.0066042927903137,0,0,0,0.0438451660245826
225273.411807,2553866.126422,0.993406593406593,0.0032967032967033,0,0,0,0.0032967032967033
225773.411807,2553866.126422,0.992293577981651,0.00165137614678899,0,0,0,0.00605504587155963
226273.411807,2553866.126422,0.980920931939094,0.00348559897266557,0,0,0.000183452577508714,0.015410016510732
226773.411807,2553866.126422,0.931684981684982,0.00915750915750916,0,0.0291208791208791,0.00695970695970696,0.0230769230769231
227273.411807,2553866.126422,0.635779816513761,0.0671559633027523,0,0.0198165137614679,0.0335779816513761,0.243669724770642
227773.411807,2553866.126422,0.83452577508714,0.0187121629058888,0,0.000366905155017428,0.000733810310034856,0.145661346541919
228273.411807,2553866.126422,0.986630036630037,0.000732600732600733,0,0,0.000183150183150183,0.0124542124542125
228773.411807,2553866.126422,0.879633027522936,0.0488073394495413,0.0073394495412844,0.00238532110091743,0.00422018348623853,0.0576146788990826
229273.411807,2553866.126422,0.888827738029719,0.0126582278481013,0.000183452577508714,0.00165107319757843,0.00935608145294441,0.0873234268941479
229773.411807,2553866.126422,0.762454212454212,0.0873626373626374,0.000549450549450549,0.0595238095238095,0.0452380952380952,0.0448717948717949
230273.411807,2553866.126422,0.974495412844037,0,0,0,0,0.0255045871559633
230773.411807,2553866.126422,0.990277013392038,0,0,0,0,0.00972298660796184
231273.411807,2553866.126422,0.990842490842491,0.0021978021978022,0,0,0,0.00695970695970696
231773.411807,2553866.126422,0.937798165137615,0.0036697247706422,0,0.00146788990825688,0.00220183486238532,0.0548623853211009
232273.411807,2553866.126422,0.934874334984407,0.00201797835259585,0,0,0,0.0631076866629976
232773.411807,2553866.126422,0.977655677655678,0.0146520146520147,0,0,0,0.00769230769230769
233273.411807,2553866.126422,0.971009174311927,0.0168807339449541,0,0,0,0.0121100917431193
233773.411807,2553866.126422,0.895065125665016,0.0489818381948266,0.00898917629792699,0.0100898917629793,0.00458631443771785,0.0322876536415337
234273.411807,2553866.126422,0.825091575091575,0.117032967032967,0.000183150183150183,0.0021978021978022,0.00531135531135531,0.0501831501831502
234773.411807,2553866.126422,0.988623853211009,0.00954128440366972,0,0,0,0.0018348623853211
235273.411807,2553866.126422,0.881122729774353,0.0209135938359934,0.000733810310034856,0.00935608145294441,0.023115024766098,0.064758759860576
235773.411807,2553866.126422,0.810622710622711,0.0168498168498168,0.00128205128205128,0.015018315018315,0.026007326007326,0.13021978021978
236273.411807,2553866.126422,0.954495412844037,0.015045871559633,0,0.000917431192660551,0.00403669724770642,0.0255045871559633
236773.411807,2553866.126422,0.671803338836911,0.215006420840213,0.0324711062190424,0.0394423041643735,0.00862227114290956,0.0326545587965511
224773.411807,2553366.126422,0.645787545787546,0.116666666666667,0.00146520146520147,0.0289377289377289,0.0263736263736264,0.180769230769231
225273.411807,2553366.126422,0.521452145214521,0.154015401540154,0.0137513751375138,0.0627062706270627,0.0597726439310598,0.188302163549688
225773.411807,2553366.126422,0.880952380952381,0.0752747252747253,0,0,0.000549450549450549,0.0432234432234432
226273.411807,2553366.126422,0.975641025641026,0.017032967032967,0,0,0,0.00732600732600733
226773.411807,2553366.126422,0.874587458745875,0.0172350568390172,0,0.000366703337000367,0.00458379171250458,0.103226989365603
227273.411807,2553366.126422,0.708974358974359,0.0681318681318681,0,0.043956043956044,0.0360805860805861,0.142857142857143
227773.411807,2553366.126422,0.633150183150183,0.0181318681318681,0,0.089010989010989,0.0307692307692308,0.228937728937729
228273.411807,2553366.126422,0.853502016868353,0.0187018701870187,0.00055005500550055,0.00128346167950128,0.00898423175650898,0.116978364503117
228773.411807,2553366.126422,0.633882783882784,0.0941391941391941,0.0483516483516484,0.0767399267399267,0.0293040293040293,0.117582417582418
229273.411807,2553366.126422,0.372527472527473,0.132051282051282,0.0835164835164835,0.136996336996337,0.0961538461538462,0.178754578754579
229773.411807,2553366.126422,0.693802713604694,0.114044737807114,0.0606894022735607,0.0298863219655299,0.0306197286395306,0.070957095709571
230273.411807,2553366.126422,0.908058608058608,0.000915750915750916,0,0,0,0.091025641025641
230773.411807,2553366.126422,0.975457875457875,0,0,0,0,0.0245421245421245
231273.411807,2553366.126422,0.959479281261459,0.000183351668500183,0,0,0,0.0403373670700403
231773.411807,2553366.126422,0.93974358974359,0.0043956043956044,0,0,0.000183150183150183,0.0556776556776557
232273.411807,2553366.126422,0.903479853479853,0.000915750915750916,0,0,0,0.0956043956043956
232773.411807,2553366.126422,0.80986431976531,0.0108177484415108,0,0,0,0.179317931793179
233273.411807,2553366.126422,0.897619047619048,0.000366300366300366,0,0,0,0.102014652014652
233773.411807,2553366.126422,0.894688644688645,0.0547619047619048,0,0.00549450549450549,0.00549450549450549,0.0395604395604396
234273.411807,2553366.126422,0.803630363036304,0.142097543087642,0,0.00586725339200587,0.0055005500550055,0.0429042904290429
234773.411807,2553366.126422,0.896153846153846,0.0672161172161172,0,0,0,0.0366300366300366
235273.411807,2553366.126422,0.852564102564103,0.0294871794871795,0,0.00641025641025641,0.015018315018315,0.0965201465201465
235773.411807,2553366.126422,0.861569490282362,0.0317198386505317,0,0.0346534653465347,0.0196186285295196,0.0524385771910524
236273.411807,2553366.126422,0.732783882783883,0.0723443223443224,0,0.0663003663003663,0.0474358974358974,0.0811355311355311
236773.411807,2553366.126422,0.534798534798535,0.4003663003663,0.00714285714285714,0.0188644688644689,0.00641025641025641,0.0324175824175824
224773.411807,2552866.126422,0.878965706950303,0.117733357784706,0,0,0,0.00330093526499175
225273.411807,2552866.126422,0.940260216236027,0.0577240241891149,0,0,0,0.00201575957485798
225773.411807,2552866.126422,0.948430904753166,0.0482657368324463,0,0,0,0.00330335841438796
226273.411807,2552866.126422,0.903539336145241,0.0053181734824867,0,0,0,0.0911424903722722
226773.411807,2552866.126422,0.870258383727323,0.00586402785413231,0,0,0.000549752611324904,0.12332783580722
227273.411807,2552866.126422,0.750229399889888,0.00734079647641769,0,0.000183519911910442,0.0082583960359699,0.233987887685814
227773.411807,2552866.126422,0.48780487804878,0.0641848523748395,0.00696864111498258,0.0458463231248854,0.0394278378874014,0.355767467449111
228273.411807,2552866.126422,0.532343778632948,0.0767821147150449,0.00604727872457394,0.0835623969213854,0.0251053692505039,0.276159061755543
228773.411807,2552866.126422,0.716645256010277,0.150853367590384,0.0082583960359699,0.0370710222059093,0.0225729491649844,0.0645990089924757
229273.411807,2552866.126422,0.910874747845223,0.0544654318723638,0,0,0,0.0346598202824134
229773.411807,2552866.126422,0.726589701301081,0.03811618105186,0.000366501740883269,0.0481949789261499,0.0747663551401869,0.111966281839839
230273.411807,2552866.126422,0.939438429069554,0.000550559735731327,0,0,0.000183519911910442,0.0598274912828042
230773.411807,2552866.126422,0.942783788740143,0.00586832935998533,0,0,0.000183385292499542,0.0511644966073721
231273.411807,2552866.126422,0.981674912955837,0.00403151914971596,0,0,0,0.0142935678944475
231773.411807,2552866.126422,0.959809139291613,0.0102771150669848,0,0,0.00238575885483575,0.0275279867865663
232273.411807,2552866.126422,0.926462497707684,0.0229231615624427,0,0,0,0.0506143407298735
232773.411807,2552866.126422,0.812351108667766,0.0386659336631849,0,0.00513102437236577,0.0124610591900312,0.131390874106652
233273.411807,2552866.126422,0.706368140943292,0.0524866948063865,0.000183519911910442,0.0102771150669848,0.0322995044962378,0.198385024775188
233773.411807,2552866.126422,0.939116082890152,0.00825233816247937,0.000366770584999083,0.00128369704749679,0.00605171465248487,0.0449293966623877
234273.411807,2552866.126422,0.939710463624702,0.0155763239875389,0,0.0192413413963716,0.00879604178119846,0.0166758292101887
234773.411807,2552866.126422,0.750229399889888,0.0196366305744173,0.00330335841438796,0.119654982565608,0.0368875022939989,0.0702881262616994
235273.411807,2552866.126422,0.833302769117917,0.0454795525398863,0.000366770584999083,0.00183385292499542,0.00165046763249587,0.117366587199707
235773.411807,2552866.126422,0.882719442917354,0.0698185816382628,0,0.000549752611324904,0.00384826827927433,0.0430639545537841
236273.411807,2552866.126422,0.78840154156726,0.106074509084236,0.00623967700495504,0.0313819049366856,0.0167003119838502,0.0512020554230134
236773.411807,2552866.126422,0.369888134971575,0.453328443058867,0.0922428021272694,0.0794058316523015,0.00146708233999633,0.00366770584999083
224773.411807,2552366.126422,0.856540084388186,0.0665932856356632,0,0,0,0.0768666299761512
225273.411807,2552366.126422,0.879487179487179,0.0351648351648352,0,0,0.00128205128205128,0.0840659340659341
225773.411807,2552366.126422,0.923669724770642,0.0106422018348624,0,0.00293577981651376,0.00568807339449541,0.0570642201834862
226273.411807,2552366.126422,0.94147862777472,0.00513667217024399,0,0,0,0.0533847000550358
226773.411807,2552366.126422,0.795054945054945,0.0223443223443223,0,0,0.0010989010989011,0.181501831501831
227273.411807,2552366.126422,0.765504587155963,0.0196330275229358,0,0,0.00385321100917431,0.211009174311927
227773.411807,2552366.126422,0.250779673454412,0.109154283617685,0.00220143093010457,0.118143459915612,0.0550357732526142,0.464685378829573
228273.411807,2552366.126422,0.716117216117216,0.100732600732601,0,0.00311355311355311,0.0194139194139194,0.160622710622711
228773.411807,2552366.126422,0.711743119266055,0.056697247706422,0.0137614678899083,0.0247706422018349,0.0359633027522936,0.157064220183486
229273.411807,2552366.126422,0.960374243258118,0.0106402494955054,0.00972298660796184,0.00587048248027885,0.00550357732526142,0.0078884608328747
229773.411807,2552366.126422,0.647435897435897,0.0256410256410256,0.00256410256410256,0.0346153846153846,0.0754578754578755,0.214285714285714
230273.411807,2552366.126422,0.896146788990826,0.0212844036697248,0,0.00110091743119266,0.0115596330275229,0.0699082568807339
230773.411807,2552366.126422,0.954503760777839,0.0271509814712897,0,0,0,0.0183452577508714
231273.411807,2552366.126422,0.90989010989011,0.0157509157509158,0,0.0228937728937729,0.0119047619047619,0.0395604395604396
231773.411807,2552366.126422,0.910275229357798,0.00256880733944954,0,0.00018348623853211,0.00605504587155963,0.0809174311926606
232273.411807,2552366.126422,0.935057787561915,0.00862227114290956,0,0.00330214639515685,0.00403595670519171,0.0489818381948266
232773.411807,2552366.126422,0.683882783882784,0.0483516483516484,0,0.000915750915750916,0.00695970695970696,0.25989010989011
233273.411807,2552366.126422,0.613394495412844,0.0777981651376147,0.00458715596330275,0.0515596330275229,0.0455045871559633,0.207155963302752
233773.411807,2552366.126422,0.973949733993763,0.00752155567785727,0,0.000550357732526142,0.001284168042561,0.016694184553293
234273.411807,2552366.126422,0.737912087912088,0.0294871794871795,0.00183150183150183,0.0604395604395604,0.05,0.12032967032967
234773.411807,2552366.126422,0.735779816513761,0.0669724770642202,0.0464220183486239,0.0524770642201835,0.0255045871559633,0.0728440366972477
235273.411807,2552366.126422,0.891396074114841,0.0300862227114291,0,0,0,0.0785177031737296
235773.411807,2552366.126422,0.653479853479853,0.278937728937729,0,0,0,0.0675824175824176
236273.411807,2552366.126422,0.54954128440367,0.148807339449541,0.0891743119266055,0.103302752293578,0.016697247706422,0.0924770642201835
236773.411807,2552366.126422,0.814345991561181,0.126215373325995,0.0451293340671436,0.0143093010456797,0,0
224773.411807,2551866.126422,0.8,0.157692307692308,0,0.00567765567765568,0.00824175824175824,0.0283882783882784
225273.411807,2551866.126422,0.844884488448845,0.0762742940960763,0.0011001100110011,0.00458379171250458,0.0141180784745141,0.059039237257059
225773.411807,2551866.126422,0.842490842490842,0.0177655677655678,0,0.00512820512820513,0.0216117216117216,0.113003663003663
226273.411807,2551866.126422,0.632967032967033,0.034981684981685,0,0.013003663003663,0.0336996336996337,0.285347985347985
226773.411807,2551866.126422,0.76971030436377,0.0154015401540154,0,0.0126512651265127,0.0212687935460213,0.180968096809681
227273.411807,2551866.126422,0.854029304029304,0.0192307692307692,0,0,0.00128205128205128,0.125457875457875
227773.411807,2551866.126422,0.682967032967033,0.0813186813186813,0.00274725274725275,0.0413919413919414,0.0152014652014652,0.176373626373626
228273.411807,2551866.126422,0.703153648698203,0.0837917125045838,0.0113678034470114,0.0616061606160616,0.0320865419875321,0.107994132746608
228773.411807,2551866.126422,0.920695970695971,0.0485347985347985,0,0,0.000549450549450549,0.0302197802197802
229273.411807,2551866.126422,1,0,0,0,0,0
229773.411807,2551866.126422,0.742024202420242,0.00348368170150348,0,0.00641730839750642,0.0190685735240191,0.229006233956729
230273.411807,2551866.126422,0.848534798534799,0.0298534798534799,0,0.00842490842490842,0.0232600732600733,0.0899267399267399
230773.411807,2551866.126422,0.856410256410256,0.0117216117216117,0.000915750915750916,0.0357142857142857,0.0353479853479853,0.0598901098901099
231273.411807,2551866.126422,0.741474147414741,0.0608727539420609,0.00183351668500183,0.0559222588925559,0.0542720938760543,0.0856252291895856
231773.411807,2551866.126422,0.791941391941392,0.00824175824175824,0,0.0351648351648352,0.047985347985348,0.116666666666667
232273.411807,2551866.126422,0.441025641025641,0.0857142857142857,0.0336996336996337,0.175091575091575,0.089010989010989,0.175457875457875
232773.411807,2551866.126422,0.812247891455812,0.015951595159516,0,0.00953428676200953,0.0194352768610194,0.142830949761643
233273.411807,2551866.126422,0.63021978021978,0.0873626373626374,0.0424908424908425,0.0417582417582418,0.0282051282051282,0.16996336996337
233773.411807,2551866.126422,0.88003663003663,0.0565934065934066,0.00201465201465201,0.00311355311355311,0.00842490842490842,0.0498168498168498
234273.411807,2551866.126422,0.857352401906857,0.101393472680601,0.0044004400440044,0.00476714338100477,0.00403373670700403,0.0280528052805281
234773.411807,2551866.126422,0.811721611721612,0.0961538461538462,0.00714285714285714,0.0380952380952381,0.0157509157509158,0.0311355311355311
235273.411807,2551866.126422,0.764102564102564,0.222344322344322,0.00384615384615385,0.00860805860805861,0,0.0010989010989011
235773.411807,2551866.126422,0.667766776677668,0.0997433076640997,0.000183351668500183,0.0203520352035204,0.00696736340300697,0.204987165383205
236273.411807,2551866.126422,0.636996336996337,0.14010989010989,0.0261904761904762,0.132600732600733,0.0164835164835165,0.0476190476190476
236773.411807,2551866.126422,0.642857142857143,0.24981684981685,0.0326007326007326,0.0738095238095238,0.000366300366300366,0.000549450549450549
224773.411807,2551366.126422,0.615624426920961,0.306803594351733,0,0.0075187969924812,0.00990280579497524,0.0601503759398496
225273.411807,2551366.126422,0.769836906725307,0.145867692871541,0.000733003481766538,0.00842954004031519,0.013560564412681,0.0615722924683892
225773.411807,2551366.126422,0.831345200954304,0.0690034868783263,0,0,0.00293631859056708,0.0967149935768031
226273.411807,2551366.126422,0.880982945167798,0.0513478818998716,0,0.00201723821749496,0.0148542086924629,0.050797726022373
226773.411807,2551366.126422,0.844786512735936,0.0141103170240059,0,0.00183250870441635,0.0152098222466557,0.124060839288987
227273.411807,2551366.126422,0.79684345751514,0.0293631859056708,0,0.0139475133051936,0.0113782345384474,0.148467608735548
227773.411807,2551366.126422,0.822299651567944,0.0832569227947919,0,0.00953603520997616,0.00861910874747845,0.0762882816798093
228273.411807,2551366.126422,0.717793659519883,0.139453912406084,0.000183250870441635,0.011544804837823,0.0181418361737218,0.112882536192047
228773.411807,2551366.126422,0.817214167737199,0.0242246283721784,0.00935951550743256,0.0471646173609837,0.0233070288126262,0.0787300422095797
229273.411807,2551366.126422,0.983311938382542,0.00275077938749312,0,0,0,0.0139372822299652
229773.411807,2551366.126422,0.450064137804655,0.111966281839839,0.00256551218618288,0.172805570826461,0.0557082646142569,0.206890232728605
230273.411807,2551366.126422,0.729124610020187,0.139842172875757,0,0.00660671682877592,0.0258763075793724,0.0985501926959075
230773.411807,2551366.126422,0.827801210342931,0.106546854942234,0.00385109114249037,0.00568494406748579,0.0212726939299468,0.0348432055749129
231273.411807,2551366.126422,0.956386292834891,0.0163093274693055,0,0,0,0.0273043796958036
231773.411807,2551366.126422,0.795558818131767,0.0144980730409249,0.00495503762158194,0.0113782345384474,0.0240411084602679,0.14956872820701
232273.411807,2551366.126422,0.856776086557858,0.0221896203924445,0.00696864111498258,0.0188886851274528,0.0234733174399413,0.0717036493673207
232773.411807,2551366.126422,0.588785046728972,0.0174088326919553,0.00403151914971596,0.034084661902144,0.051676745464541,0.304013194062672
233273.411807,2551366.126422,0.585795558818132,0.0985501926959075,0.0154156726004772,0.0436777390346853,0.068452927142595,0.188107909708203
233773.411807,2551366.126422,0.739226114065652,0.149275628094627,0.0432789290298918,0.00623509994498441,0.00715202640748212,0.0548322024573629
234273.411807,2551366.126422,0.962800073300348,0.0175920835623969,0,0,0.000549752611324904,0.01905809052593
234773.411807,2551366.126422,0.977977610570747,0.00568911726922371,0,0.000183519911910442,0.00201871903101487,0.0141310332171041
235273.411807,2551366.126422,0.717770034843206,0.125802310654686,0.000183385292499542,0.00146708233999633,0.0102695763799743,0.144507610489639
235773.411807,2551366.126422,0.632215503023639,0.135972145867693,0.00568077698369067,0.0344511636430273,0.0157595748579806,0.175920835623969
