"x","y","forest","agri","water","built","other","grass"
300773.411807,2779366.126422,0.221875573499725,0.0587263718113415,0.052303174894476,0.447788585061479,0.0968985134887135,0.122407781244265
301273.411807,2779366.126422,0.336328626444159,0.0276911791674308,0.0168714469099578,0.331377223546672,0.0843572345497891,0.203374289381992
301773.411807,2779366.126422,0.411947956752795,0.0304196444933113,0.0197910940076965,0.219534542789078,0.129741616272677,0.188565145684442
302273.411807,2779366.126422,0.495320242246284,0.0315654248485961,0.0644154890805652,0.146999449440264,0.0563406129565058,0.205358781427785
302773.411807,2779366.126422,0.191270860077022,0.061984228864845,0.0951769668072621,0.450577663671374,0.122134604804695,0.0788556757748029
303273.411807,2779366.126422,0.217335532343779,0.0650540590067803,0.0879604178119846,0.415246472420744,0.11544804837823,0.0989554700384827
303773.411807,2779366.126422,0.269407230684529,0.0614791704899982,0.0368875022939989,0.395301890255093,0.09543035419343,0.141493852082951
304273.411807,2779366.126422,0.635246653218412,0.00861910874747845,0.00403447643498991,0.0768384375573079,0.0542820465798643,0.220979277461948
304773.411807,2779366.126422,0.676928715411398,0.00293201392706615,0.000366501740883269,0.0181418361737218,0.0366501740883269,0.264980758658604
305273.411807,2779366.126422,0.778307946412186,0.00146815929528354,0.000183519911910442,0.00844191594788034,0.0106441548908057,0.200954303541934
305773.411807,2779366.126422,0.368971208509078,0.0115532734274711,0.00256739409499358,0.105996699064735,0.112781954887218,0.398129470016505
306273.411807,2779366.126422,0.359721458676929,0.0234561114165292,0.00293201392706615,0.0613890415979476,0.0648708081363387,0.48763056624519
306773.411807,2779366.126422,0.378051018535511,0.0161497522481189,0,0.0488162965681776,0.0600110111947146,0.496971921453478
307273.411807,2779366.126422,0.726755914175683,0.00110031175499725,0,0.00586832935998533,0.00788556757748029,0.258389877131854
307773.411807,2779366.126422,0.468205973978376,0.040131940626718,0,0.0236393622869709,0.0414146967198094,0.426608026388125
308273.411807,2779366.126422,0.53110662506882,0.0910258763075794,0.00165167920719398,0.0431271792989539,0.0385391815011929,0.29454945861626
308773.411807,2779366.126422,0.734274711168164,0.000733541169998166,0,0.0278745644599303,0.0249403997799376,0.21217678342197
309273.411807,2779366.126422,0.670148433205058,0.0263881253435954,0.000183250870441635,0.0296866410115448,0.0397654388858347,0.233828110683526
309773.411807,2779366.126422,0.834832079280602,0.0489998164800881,0,0.0012846393833731,0.00293631859056708,0.11194714626537
310273.411807,2779366.126422,0.962406015037594,0.0260407115349349,0,0,0.000183385292499542,0.0113698881349716
310773.411807,2779366.126422,0.889866226864578,0.0111783030969397,0,0.000549752611324904,0.00293201392706615,0.0954737035000916
311273.411807,2779366.126422,0.909524683428152,0.0249587080198202,0,0,0.000367039823820885,0.065149568728207
311773.411807,2779366.126422,0.924261874197689,0.070786722904823,0,0,0.000183385292499542,0.00476801760498808
312273.411807,2779366.126422,0.932563679677478,0.0630382994319223,0,0.000183250870441635,0.000549752611324904,0.00366501740883269
312773.411807,2779366.126422,0.935400991007524,0.0183519911910442,0,0.000183519911910442,0.000550559735731327,0.0455129381537897
300773.411807,2778866.126422,0.117247706422018,0.0884403669724771,0.0374311926605505,0.397247706422018,0.115412844036697,0.244220183486239
301273.411807,2778866.126422,0.0854889011190607,0.0271509814712897,0.0111906072280316,0.816180517336269,0.0344890845716382,0.0254999082737112
301773.411807,2778866.126422,0.128205128205128,0.0465201465201465,0.0485347985347985,0.603113553113553,0.0937728937728938,0.0798534798534798
302273.411807,2778866.126422,0.120917431192661,0.0387155963302752,0.0289908256880734,0.633211009174312,0.0673394495412844,0.110825688073394
302773.411807,2778866.126422,0.184553292973766,0.0939277196844616,0.0886075949367089,0.304714731241974,0.128783709411117,0.199412951751972
303273.411807,2778866.126422,0.0954212454212454,0.0611721611721612,0.0377289377289377,0.652380952380952,0.0941391941391941,0.0591575091575092
303773.411807,2778866.126422,0.114678899082569,0.0577981651376147,0.0851376146788991,0.582935779816514,0.093394495412844,0.0660550458715596
304273.411807,2778866.126422,0.230416437350945,0.0554026784076316,0.0526508897450009,0.279214822968263,0.111722619702807,0.270592551825353
304773.411807,2778866.126422,0.491208791208791,0.0159340659340659,0.000366300366300366,0.0778388278388278,0.0882783882783883,0.326373626373626
305273.411807,2778866.126422,0.666422018348624,0.0073394495412844,0.00256880733944954,0.0126605504587156,0.0238532110091743,0.287155963302752
305773.411807,2778866.126422,0.433131535498074,0.0106402494955054,0.000366905155017428,0.123830489818382,0.0946615299944964,0.337369290038525
306273.411807,2778866.126422,0.436263736263736,0.00769230769230769,0.000732600732600733,0.0347985347985348,0.0379120879120879,0.482600732600733
306773.411807,2778866.126422,0.71045871559633,0.00513761467889908,0,0.00330275229357798,0.00568807339449541,0.275412844036697
307273.411807,2778866.126422,0.57494037791231,0.0122913226930838,0,0.0379746835443038,0.0543019629425793,0.320491652907723
307773.411807,2778866.126422,0.664285714285714,0.0021978021978022,0,0.0122710622710623,0.0302197802197802,0.291025641025641
308273.411807,2778866.126422,0.644220183486239,0.011743119266055,0.000917431192660551,0.0155963302752294,0.0223853211009174,0.305137614678899
308773.411807,2778866.126422,0.741148413135205,0.0247660979636764,0.000366905155017428,0.0183452577508714,0.0106402494955054,0.204733076499725
309273.411807,2778866.126422,0.925274725274725,0.00402930402930403,0,0.000915750915750916,0.00274725274725275,0.067032967032967
309773.411807,2778866.126422,0.936880733944954,0.0313761467889908,0,0,0,0.031743119266055
310273.411807,2778866.126422,0.920014676206201,0.0119244175380664,0,0.000183452577508714,0.000183452577508714,0.0676940011007155
310773.411807,2778866.126422,0.919413919413919,0.0282051282051282,0,0.000366300366300366,0.000549450549450549,0.0514652014652015
311273.411807,2778866.126422,0.878532110091743,0.0911926605504587,0,0.00146788990825688,0.00311926605504587,0.0256880733944954
311773.411807,2778866.126422,0.739680792515135,0.00311869381764814,0,0.0100898917629793,0.026967528893781,0.220143093010457
312273.411807,2778866.126422,0.833699633699634,0.010989010989011,0.000183150183150183,0.00970695970695971,0.0272893772893773,0.118131868131868
312773.411807,2778866.126422,0.884770642201835,0.00458715596330275,0,0.00036697247706422,0.00128440366972477,0.108990825688073
300773.411807,2778366.126422,0.0772893772893773,0.15,0.00750915750915751,0.215018315018315,0.0985347985347985,0.451648351648352
301273.411807,2778366.126422,0.0754578754578755,0.0503663003663004,0.0197802197802198,0.522344322344322,0.0637362637362637,0.268315018315018
301773.411807,2778366.126422,0.070957095709571,0.022002200220022,0.00916758342500917,0.808764209754309,0.0630729739640631,0.026035936927026
302273.411807,2778366.126422,0.0716117216117216,0.0611721611721612,0.0644688644688645,0.703663003663004,0.0527472527472527,0.0463369963369963
302773.411807,2778366.126422,0.171062271062271,0.0932234432234432,0.0478021978021978,0.397985347985348,0.109157509157509,0.180769230769231
303273.411807,2778366.126422,0.0931426475980931,0.0315364869820315,0.0275027502750275,0.743857719105244,0.0658232489915658,0.0381371470480381
303773.411807,2778366.126422,0.0913919413919414,0.0580586080586081,0.0505494505494506,0.511904761904762,0.10970695970696,0.178388278388278
304273.411807,2778366.126422,0.105494505494505,0.0393772893772894,0.0527472527472527,0.584981684981685,0.0972527472527473,0.12014652014652
304773.411807,2778366.126422,0.651081774844151,0.00935093509350935,0.00055005500550055,0.00751741840850752,0.00971763843050972,0.321782178217822
305273.411807,2778366.126422,0.552380952380952,0.0115384615384615,0.00238095238095238,0.01996336996337,0.0315018315018315,0.382234432234432
305773.411807,2778366.126422,0.393956043956044,0.0144688644688645,0.000732600732600733,0.0976190476190476,0.0987179487179487,0.394505494505494
306273.411807,2778366.126422,0.617345067840117,0.00733406674000733,0.000366703337000367,0.0403373670700403,0.0559222588925559,0.278694536120279
306773.411807,2778366.126422,0.362820512820513,0.0245421245421245,0.0010989010989011,0.0919413919413919,0.0791208791208791,0.44047619047619
307273.411807,2778366.126422,0.646153846153846,0.0124542124542125,0.0141025641025641,0.0525641025641026,0.0611721611721612,0.213553113553114
307773.411807,2778366.126422,0.751558489182252,0.033003300330033,0.000183351668500183,0.00128346167950128,0.00238357169050238,0.211587825449212
308273.411807,2778366.126422,0.678021978021978,0.0195970695970696,0.000732600732600733,0.0010989010989011,0.00531135531135531,0.295238095238095
308773.411807,2778366.126422,0.844688644688645,0.0159340659340659,0,0.000183150183150183,0.000732600732600733,0.138461538461538
309273.411807,2778366.126422,0.937843784378438,0.00458379171250458,0.000366703337000367,0,0.0011001100110011,0.0561056105610561
309773.411807,2778366.126422,0.924725274725275,0.00915750915750916,0,0,0,0.0661172161172161
310273.411807,2778366.126422,0.802014652014652,0.000549450549450549,0,0.00293040293040293,0.0106227106227106,0.183882783882784
310773.411807,2778366.126422,0.685185185185185,0.0154015401540154,0.00055005500550055,0.0478547854785479,0.0782911624495783,0.172717271727173
311273.411807,2778366.126422,0.567032967032967,0.0408424908424908,0.000732600732600733,0.0967032967032967,0.122893772893773,0.171794871794872
311773.411807,2778366.126422,0.70018315018315,0.00970695970695971,0.00201465201465201,0.0470695970695971,0.0551282051282051,0.185897435897436
312273.411807,2778366.126422,0.765859919325266,0.01998533186652,0.000916758342500917,0.0275027502750275,0.0231023102310231,0.162632929959663
312773.411807,2778366.126422,0.764102564102564,0.000183150183150183,0,0.00549450549450549,0.00934065934065934,0.220879120879121
300773.411807,2777866.126422,0.105340429436594,0.226647091209396,0.0121123141860892,0.049366856303909,0.0567076527803267,0.549825656083685
301273.411807,2777866.126422,0.152943333944618,0.0847240051347882,0.0115532734274711,0.168347698514579,0.0799559875298001,0.502475701448744
301773.411807,2777866.126422,0.210371999266997,0.026571376214037,0.0324354040681693,0.449331134322888,0.0974894630749496,0.183800623052959
302273.411807,2777866.126422,0.0704716461736098,0.034868783262984,0.0335841438796109,0.711873738300606,0.0908423563956689,0.0583593319875206
302773.411807,2777866.126422,0.152576563359619,0.0838070786722905,0.0599669906473501,0.525765633596186,0.0977443609022556,0.0801393728222996
303273.411807,2777866.126422,0.0890599230346344,0.0509437419827744,0.0584570276708814,0.710830126443101,0.0602895363752978,0.0304196444933113
303773.411807,2777866.126422,0.155991925123876,0.0528537346302074,0.0669847678473114,0.594788034501743,0.0409249403560286,0.0884565975408332
304273.411807,2777866.126422,0.483587016321291,0.0309921144324225,0.0361269026224097,0.171648633779571,0.092792958004768,0.184852374839538
304773.411807,2777866.126422,0.628367234744365,0.0278541323071285,0.00146600696353308,0.0350009162543522,0.0447132123877588,0.262598497342862
305273.411807,2777866.126422,0.466874655900165,0.00880895577170123,0.000183519911910442,0.0585428518994311,0.0695540466140576,0.396035969902734
305773.411807,2777866.126422,0.438290849073904,0.00788556757748029,0,0.0179717586649551,0.0260407115349349,0.509811113148726
306273.411807,2777866.126422,0.485798057540773,0.0208905992303463,0.00568077698369067,0.107201759208356,0.14238592633315,0.238042880703683
306773.411807,2777866.126422,0.579372361901266,0.0203707102220591,0.0012846393833731,0.057258212516058,0.0814828408882364,0.260231235089007
307273.411807,2777866.126422,0.637447276728406,0.0401613790573996,0.0022006235099945,0.0489638730973776,0.0570328259673574,0.214194021639465
307773.411807,2777866.126422,0.810701850833791,0.0278541323071285,0.000366501740883269,0.00109950522264981,0.00183250870441635,0.158145501191131
308273.411807,2777866.126422,0.797394017250872,0.00697375665259681,0,0,0,0.195632226096531
308773.411807,2777866.126422,0.831102145607922,0.00623509994498441,0.00146708233999633,0.000366770584999083,0.00201723821749496,0.158811663304603
309273.411807,2777866.126422,0.766904892798241,0.0831958951805021,0,0.00458127176104087,0.0131940626717977,0.132123877588419
309773.411807,2777866.126422,0.872270141310332,0.000550559735731327,0,0.000367039823820885,0.00183519911910442,0.124977060011011
310273.411807,2777866.126422,0.901522097927746,0.0148542086924629,0,0,0,0.0836236933797909
310773.411807,2777866.126422,0.869708631115998,0.0238226131574125,0,0,0,0.10646875572659
311273.411807,2777866.126422,0.797944576986603,0.00587263718113415,0,0.0225729491649844,0.0212883097816113,0.152321526885667
311773.411807,2777866.126422,0.874931230515313,0.00403447643498991,0,0,0.000733541169998166,0.120300751879699
312273.411807,2777866.126422,0.754810335349093,0.00494777350192413,0,0.00787978742899029,0.0119113065787062,0.220450797141286
312773.411807,2777866.126422,0.882180216553496,0.00513855753349238,0,0.00110111947146265,0.00110111947146265,0.110478986970086
300773.411807,2777366.126422,0.111743119266055,0.375596330275229,0.00018348623853211,0.0948623853211009,0.0594495412844037,0.358165137614679
301273.411807,2777366.126422,0.202715098147129,0.121445606310769,0.00110071546505228,0.0532012474775271,0.0333883691065859,0.588148963492937
301773.411807,2777366.126422,0.0664835164835165,0.175641025641026,0.0208791208791209,0.388461538461538,0.100915750915751,0.247619047619048
302273.411807,2777366.126422,0.0732110091743119,0.0932110091743119,0.0708256880733945,0.567522935779816,0.11651376146789,0.0787155963302752
302773.411807,2777366.126422,0.0843881856540084,0.0555861309851403,0.0849385433865346,0.667217024399193,0.0680609062557329,0.0398092093193909
303273.411807,2777366.126422,0.223809523809524,0.0653846153846154,0.0576923076923077,0.493956043956044,0.0954212454212454,0.0637362637362637
303773.411807,2777366.126422,0.364954128440367,0.0264220183486239,0.0222018348623853,0.324954128440367,0.105321100917431,0.156146788990826
304273.411807,2777366.126422,0.490552192258301,0.0278847917813245,0.00862227114290956,0.178682810493487,0.0970464135021097,0.197211520821868
304773.411807,2777366.126422,0.426373626373626,0.0139194139194139,0.000366300366300366,0.0653846153846154,0.0736263736263736,0.42032967032967
305273.411807,2777366.126422,0.700550458715596,0.00752293577981651,0.00220183486238532,0.0765137614678899,0.0642201834862385,0.148990825688073
305773.411807,2777366.126422,0.564667033571822,0.015410016510732,0.0119244175380664,0.0920931939093744,0.108237020730141,0.207668317739864
306273.411807,2777366.126422,0.509157509157509,0.00787545787545788,0.00128205128205128,0.0448717948717949,0.0641025641025641,0.372710622710623
306773.411807,2777366.126422,0.78605504587156,0.00458715596330275,0,0,0.00036697247706422,0.208990825688073
307273.411807,2777366.126422,0.810493487433498,0.00623738763529628,0,0.002568336085122,0.00165107319757843,0.179049715648505
307773.411807,2777366.126422,0.852747252747253,0,0,0,0,0.147252747252747
308273.411807,2777366.126422,0.779449541284404,0,0,0.00532110091743119,0.00642201834862385,0.208807339449541
308773.411807,2777366.126422,0.753806640983306,0.00678774536782242,0.00146762062006971,0.0333883691065859,0.0475142175747569,0.157035406347459
309273.411807,2777366.126422,0.478388278388278,0.0327838827838828,0,0.0386446886446886,0.112454212454212,0.337728937728938
309773.411807,2777366.126422,0.673211009174312,0.00220183486238532,0,0.00495412844036697,0.00899082568807339,0.310642201834862
310273.411807,2777366.126422,0.811961108053568,0.0190790680609063,0,0.0143093010456797,0.0143093010456797,0.140341221794166
310773.411807,2777366.126422,0.823809523809524,0.00402930402930403,0.0010989010989011,0.00128205128205128,0.00824175824175824,0.161538461538462
311273.411807,2777366.126422,0.682935779816514,0.0102752293577982,0,0.00495412844036697,0.0124770642201835,0.289357798165138
311773.411807,2777366.126422,0.828471840029352,0.00440286186020914,0,0.001284168042561,0.00385250412768299,0.161988625940194
312273.411807,2777366.126422,0.836630036630037,0.00347985347985348,0,0,0.0010989010989011,0.158791208791209
312773.411807,2777366.126422,0.74256880733945,0.0444036697247706,0,0.000917431192660551,0.00422018348623853,0.207889908256881
300773.411807,2776866.126422,0.211172161172161,0.109157509157509,0.0252747252747253,0.334981684981685,0.116300366300366,0.203113553113553
301273.411807,2776866.126422,0.0798534798534798,0.157509157509158,0.0010989010989011,0.443040293040293,0.102747252747253,0.215750915750916
301773.411807,2776866.126422,0.0856252291895856,0.226622662266227,0.092959295929593,0.261276127612761,0.101943527686102,0.231573157315732
302273.411807,2776866.126422,0.0992673992673993,0.054029304029304,0.135164835164835,0.288461538461538,0.132783882783883,0.29029304029304
302773.411807,2776866.126422,0.0675824175824176,0.0523809523809524,0.0844322344322344,0.583516483516484,0.105677655677656,0.106410256410256
303273.411807,2776866.126422,0.09002566923359,0.0498716538320499,0.0575724239090576,0.495966263292996,0.126696002933627,0.17986798679868
303773.411807,2776866.126422,0.144139194139194,0.0355311355311355,0.0358974358974359,0.442490842490842,0.138461538461538,0.203479853479853
304273.411807,2776866.126422,0.410805860805861,0.0316849816849817,0.0113553113553114,0.147985347985348,0.117948717948718,0.28021978021978
304773.411807,2776866.126422,0.578841217455079,0.0077007700770077,0.00256692335900257,0.0863586358635864,0.0881921525485882,0.236340300696736
305273.411807,2776866.126422,0.297069597069597,0.0238095238095238,0.0188644688644689,0.280586080586081,0.134249084249084,0.245421245421245
305773.411807,2776866.126422,0.694139194139194,0.0188644688644689,0.0104395604395604,0.0525641025641026,0.0487179487179487,0.175274725274725
306273.411807,2776866.126422,0.765309864319765,0.0221855518885222,0.000366703337000367,0.0111844517785112,0.0137513751375138,0.187202053538687
306773.411807,2776866.126422,0.866849816849817,0.000183150183150183,0,0,0,0.132967032967033
307273.411807,2776866.126422,0.801098901098901,0.000183150183150183,0,0.00293040293040293,0.0032967032967033,0.192490842490843
307773.411807,2776866.126422,0.807847451411808,0,0,0,0,0.192152548588192
308273.411807,2776866.126422,0.824542124542124,0,0,0,0,0.175457875457875
308773.411807,2776866.126422,0.811721611721612,0.00256410256410256,0.000366300366300366,0.00494505494505494,0.00695970695970696,0.173443223443223
309273.411807,2776866.126422,0.59039237257059,0.0141180784745141,0.00403373670700403,0.0242024202420242,0.0531719838650532,0.314081408140814
309773.411807,2776866.126422,0.778754578754579,0.0864468864468864,0,0.00476190476190476,0.0104395604395604,0.11959706959707
310273.411807,2776866.126422,0.882600732600733,0.0626373626373626,0,0.000183150183150183,0,0.0545787545787546
310773.411807,2776866.126422,0.852585258525853,0.0243857719105244,0,0.00311697836450312,0.00806747341400807,0.111844517785112
311273.411807,2776866.126422,0.781318681318681,0.000915750915750916,0,0.000366300366300366,0.00128205128205128,0.216117216117216
311773.411807,2776866.126422,0.794688644688645,0.000732600732600733,0,0.000915750915750916,0.00238095238095238,0.201282051282051
312273.411807,2776866.126422,0.761092775944261,0,0,0.00055005500550055,0.00055005500550055,0.237807114044738
312773.411807,2776866.126422,0.815201465201465,0.133882783882784,0,0,0,0.0509157509157509
300773.411807,2776366.126422,0.0102771150669848,0.0126628739218205,0.229950449623784,0.266837951917783,0.100752431638833,0.379519177830795
301273.411807,2776366.126422,0.00916926462497708,0.0357601320374106,0.389510361269026,0.13203741059967,0.0586832935998533,0.374839537869063
301773.411807,2776366.126422,0.0793476269012278,0.0426974528129009,0.14018691588785,0.377496793109767,0.14238592633315,0.217885284955104
302273.411807,2776366.126422,0.143145531290145,0.0838685997430721,0.0899247568361167,0.465406496604882,0.135804734813727,0.0818498807120573
302773.411807,2776366.126422,0.0586832935998533,0.0190720704199523,0.00880249403997799,0.77608655785806,0.110031175499725,0.0273244085824317
303273.411807,2776366.126422,0.113798790544255,0.0300531427524281,0.0423309510720176,0.541872823895914,0.110317024005864,0.161627267729522
303773.411807,2776366.126422,0.532941824187924,0.0227564690768948,0.0297302257294917,0.134703615342265,0.0776289227381171,0.202238942925307
304273.411807,2776366.126422,0.66385475884834,0.0187052998349532,0,0.0214560792224464,0.0170548322024574,0.278929029891803
304773.411807,2776366.126422,0.635514018691589,0.0126443100604728,0.00384826827927433,0.0947407000183251,0.0775151181968114,0.175737584753528
305273.411807,2776366.126422,0.407230684529271,0.0405579005322077,0.0126628739218205,0.168287759221876,0.108093228115251,0.263167553679574
305773.411807,2776366.126422,0.813130386942967,0.0022006235099945,0.000366770584999083,0.00605171465248487,0.00550155877498625,0.172748945534568
306273.411807,2776366.126422,0.895363752977827,0,0,0,0,0.104636247022173
306773.411807,2776366.126422,0.754817397687649,0.000183519911910442,0,0.00220223894292531,0.00385391815011929,0.238942925307396
307273.411807,2776366.126422,0.872913992297818,0.000733541169998166,0,0,0.000183385292499542,0.126169081239685
307773.411807,2776366.126422,0.706615356422943,0,0,0.00274876305662452,0.00439802089059923,0.286237859629833
308273.411807,2776366.126422,0.748944760506515,0.00238575885483575,0,0.00642319691686548,0.0161497522481189,0.226096531473665
308773.411807,2776366.126422,0.703649367320741,0.000916926462497708,0,0.00201723821749496,0.00330093526499175,0.290115532734275
309273.411807,2776366.126422,0.726039948689756,0.011544804837823,0,0.00678028220634048,0.01905809052593,0.23657687374015
309773.411807,2776366.126422,0.770967149935768,0.146815929528354,0,0,0,0.0822169205358781
310273.411807,2776366.126422,0.781404731340546,0.044379240784889,0,0,0.000550155877498625,0.173665871997066
310773.411807,2776366.126422,0.728422210005498,0.0164925783397471,0,0.00384826827927433,0.00787978742899029,0.243357155946491
311273.411807,2776366.126422,0.769131950816664,0.00275279867865663,0,0.00183519911910442,0.00146815929528354,0.224811892090292
311773.411807,2776366.126422,0.894920227397763,0.0249403997799376,0,0,0,0.0801393728222996
312273.411807,2776366.126422,0.796958035550669,0.00128275609309144,0,0.00274876305662452,0.0100787978742899,0.188931647425325
312773.411807,2776366.126422,0.695540466140576,0.0144980730409249,0.00110111947146265,0.00367039823820885,0.00770783630023858,0.277482106808589
300773.411807,2775866.126422,0.0748623853211009,0.0295412844036697,0.0299082568807339,0.692477064220184,0.0924770642201835,0.0807339449541284
301273.411807,2775866.126422,0.0478811227297744,0.0121078701155751,0.00715465052283985,0.865529260686113,0.0361401577692167,0.0311869381764814
301773.411807,2775866.126422,0.0250915750915751,0.0353479853479853,0.286630036630037,0.335897435897436,0.0840659340659341,0.232967032967033
302273.411807,2775866.126422,0.0526605504587156,0.0475229357798165,0.0592660550458716,0.762201834862385,0.053394495412844,0.024954128440367
302773.411807,2775866.126422,0.11557512383049,0.0656760227481196,0.0447624289121262,0.591451109888094,0.116308934140525,0.0662263804806457
303273.411807,2775866.126422,0.282417582417582,0.0401098901098901,0.0172161172161172,0.345787545787546,0.0976190476190476,0.216849816849817
303773.411807,2775866.126422,0.832477064220184,0.00935779816513761,0.00220183486238532,0.00825688073394495,0.0108256880733945,0.136880733944954
304273.411807,2775866.126422,0.790497156485049,0.00476976701522656,0,0.00495321959273528,0.00935608145294441,0.190423775454045
304773.411807,2775866.126422,0.678937728937729,0.000366300366300366,0,0.000183150183150183,0.0021978021978022,0.318315018315018
305273.411807,2775866.126422,0.753761467889908,0.00220183486238532,0,0.00458715596330275,0.00770642201834862,0.231743119266055
305773.411807,2775866.126422,0.789579893597505,0.00165107319757843,0,0.0104567969179967,0.0221977618785544,0.176114474408365
306273.411807,2775866.126422,0.794505494505494,0.00805860805860806,0.00604395604395604,0.0490842490842491,0.0269230769230769,0.115384615384615
306773.411807,2775866.126422,0.496880733944954,0.00752293577981651,0.0170642201834862,0.104220183486239,0.0526605504587156,0.321651376146789
307273.411807,2775866.126422,0.61768482847184,0.002568336085122,0.001284168042561,0.0319207484865162,0.014125848468171,0.33241607044579
307773.411807,2775866.126422,0.752380952380952,0.00146520146520147,0,0.013003663003663,0.0144688644688645,0.218681318681319
308273.411807,2775866.126422,0.802752293577982,0.00972477064220183,0,0,0,0.187522935779817
308773.411807,2775866.126422,0.660612731608879,0.0275178866263071,0.00513667217024399,0.148963492937076,0.0421940928270042,0.11557512383049
309273.411807,2775866.126422,0.637179487179487,0.0133699633699634,0.0113553113553114,0.116117216117216,0.0547619047619048,0.167216117216117
309773.411807,2775866.126422,0.687339449541284,0.0155963302752294,0.00238532110091743,0.144954128440367,0.0326605504587156,0.117064220183486
310273.411807,2775866.126422,0.476976701522656,0.0163272793982755,0.00110071546505228,0.0561364887176665,0.0845716382315172,0.364887176664832
310773.411807,2775866.126422,0.794871794871795,0.0346153846153846,0.000183150183150183,0.0412087912087912,0.0402930402930403,0.0888278388278388
311273.411807,2775866.126422,0.785504587155963,0.00568807339449541,0,0,0.000917431192660551,0.207889908256881
311773.411807,2775866.126422,0.714914694551458,0.002568336085122,0,0.00513667217024399,0.0124747752705926,0.264905521922583
312273.411807,2775866.126422,0.822710622710623,0.000366300366300366,0,0.000549450549450549,0.00347985347985348,0.172893772893773
312773.411807,2775866.126422,0.645137614678899,0.0271559633027523,0.00055045871559633,0.0190825688073394,0.0444036697247706,0.263669724770642
300773.411807,2775366.126422,0.0452380952380952,0.0201465201465201,0.0791208791208791,0.663736263736264,0.0216117216117216,0.17014652014652
301273.411807,2775366.126422,0.0545787545787546,0.0362637362637363,0.0531135531135531,0.796886446886447,0.0478021978021978,0.0113553113553114
301773.411807,2775366.126422,0.015951595159516,0.0432709937660433,0.223689035570224,0.426475980931426,0.0960762742940961,0.194536120278695
302273.411807,2775366.126422,0.106776556776557,0.0186813186813187,0.0155677655677656,0.70952380952381,0.0684981684981685,0.080952380952381
302773.411807,2775366.126422,0.120879120879121,0.0525641025641026,0.112087912087912,0.510622710622711,0.132417582417582,0.0714285714285714
303273.411807,2775366.126422,0.581408140814081,0.0234690135680235,0.0181518151815182,0.107627429409608,0.0682068206820682,0.201136780344701
303773.411807,2775366.126422,0.867582417582418,0.00494505494505494,0,0,0,0.127472527472527
304273.411807,2775366.126422,0.403113553113553,0.0250915750915751,0.00970695970695971,0.117216117216117,0.156776556776557,0.288095238095238
304773.411807,2775366.126422,0.415108177484415,0.0275027502750275,0.0229189585625229,0.220755408874221,0.0392372570590392,0.274477447744774
305273.411807,2775366.126422,0.299450549450549,0.0818681318681319,0.00732600732600733,0.325641025641026,0.113186813186813,0.172527472527473
305773.411807,2775366.126422,0.267582417582418,0.103663003663004,0.0584249084249084,0.262820512820513,0.131135531135531,0.176373626373626
306273.411807,2775366.126422,0.219471947194719,0.0388705537220389,0.0654565456545655,0.418225155848918,0.129079574624129,0.128896222955629
306773.411807,2775366.126422,0.0576923076923077,0.058974358974359,0.0946886446886447,0.667032967032967,0.0747252747252747,0.0468864468864469
307273.411807,2775366.126422,0.176373626373626,0.0423076923076923,0.0148351648351648,0.568131868131868,0.103663003663004,0.0946886446886447
307773.411807,2775366.126422,0.281628162816282,0.0337367070040337,0.0474880821415475,0.444994499449945,0.0878254492115878,0.104327099376604
308273.411807,2775366.126422,0.50018315018315,0.0355311355311355,0.0232600732600733,0.243772893772894,0.0681318681318681,0.129120879120879
308773.411807,2775366.126422,0.50970695970696,0.0117216117216117,0.0225274725274725,0.174725274725275,0.0567765567765568,0.224542124542125
309273.411807,2775366.126422,0.660799413274661,0.0201686835350202,0.00825082508250825,0.170883755042171,0.0407040704070407,0.0991932526585992
309773.411807,2775366.126422,0.282417582417582,0.0285714285714286,0.0468864468864469,0.509157509157509,0.0774725274725275,0.0554945054945055
310273.411807,2775366.126422,0.314285714285714,0.028021978021978,0.0346153846153846,0.385714285714286,0.129487179487179,0.107875457875458
310773.411807,2775366.126422,0.205170517051705,0.0511551155115512,0.0383204987165383,0.373303997066373,0.173450678401173,0.158599193252659
311273.411807,2775366.126422,0.703479853479854,0.00952380952380952,0,0.0243589743589744,0.0117216117216117,0.250915750915751
311773.411807,2775366.126422,0.774358974358974,0.0141025641025641,0,0.0032967032967033,0.00805860805860806,0.20018315018315
312273.411807,2775366.126422,0.868903557022369,0.0278694536120279,0,0.00128346167950128,0.000916758342500917,0.101026769343601
312773.411807,2775366.126422,0.687362637362637,0.0556776556776557,0,0.0128205128205128,0.0326007326007326,0.211538461538462
300773.411807,2774866.126422,0.0034868783262984,0.00880895577170123,0.249954120022022,0.604514589832997,0.0196366305744173,0.113598825472564
301273.411807,2774866.126422,0.0612506876948469,0.0280579497524299,0.0814230698697964,0.670640014670823,0.0555657436273611,0.103062534384742
301773.411807,2774866.126422,0.0395821880153931,0.0540590067802822,0.167491295583654,0.507421660252886,0.0905259299981675,0.140919919369617
302273.411807,2774866.126422,0.0440447788585061,0.02073775004588,0.0623967700495504,0.7012295834098,0.0770783630023858,0.0945127546338778
302773.411807,2774866.126422,0.162295983862094,0.0498807995598753,0.0775719787273061,0.534017971758665,0.097194205024757,0.0790390610673024
303273.411807,2774866.126422,0.736851750045813,0.0128275609309144,0.00384826827927433,0.0423309510720176,0.0302363936228697,0.173905076049111
303773.411807,2774866.126422,0.565057808772252,0.0168838318957607,0.0113782345384474,0.183336391998532,0.0851532391264452,0.138190493668563
304273.411807,2774866.126422,0.217128186319457,0.0438290849073904,0.141023289932147,0.290298918026774,0.130203557674674,0.177516963139556
304773.411807,2774866.126422,0.0582737768004398,0.0459959684808503,0.0337181601612608,0.487447315374748,0.183067619571193,0.191497159611508
305273.411807,2774866.126422,0.0649660488162966,0.0407414204441182,0.0728574050284456,0.691503028078547,0.082583960359699,0.0473481372728941
305773.411807,2774866.126422,0.0775719787273061,0.166330460297084,0.172382174949569,0.396295617091509,0.0878415551072804,0.0995782138272511
306273.411807,2774866.126422,0.0643210555250137,0.11544804837823,0.132123877588419,0.507604911123328,0.0995052226498076,0.0809968847352025
306773.411807,2774866.126422,0.071389245733162,0.139108093228115,0.134703615342265,0.483574967884015,0.109928427234355,0.0612956505780877
307273.411807,2774866.126422,0.0570328259673574,0.0678525582248304,0.159178433889602,0.670273244085824,0.0267742527049331,0.0188886851274528
307773.411807,2774866.126422,0.0371999266996518,0.0454462158695254,0.0529595015576324,0.785596481583288,0.0439802089059923,0.0348176653839106
308273.411807,2774866.126422,0.0383556615892824,0.0343182235272527,0.0545054138374014,0.767113231785649,0.0662506881996697,0.0394567810607451
308773.411807,2774866.126422,0.242985512561893,0.0673024023473317,0.337795708784155,0.233816247936915,0.0364936732074088,0.081606455162296
309273.411807,2774866.126422,0.393073117097306,0.0271211288253619,0.0470954737035001,0.293018141836174,0.0764156129741616,0.163276525563496
309773.411807,2774866.126422,0.115434024591668,0.02073775004588,0.0552394934850431,0.718296935217471,0.0418425399155808,0.0484492567443568
310273.411807,2774866.126422,0.150009169264625,0.0777553640198056,0.118650284247203,0.436273610856409,0.118833669539703,0.0984779020722538
310773.411807,2774866.126422,0.422759758108851,0.0311526479750779,0.138171156312992,0.127359354956936,0.0921751878321422,0.188381894814
311273.411807,2774866.126422,0.484125527619747,0.0833180400073408,0.233804367773903,0.0343182235272527,0.0458799779776106,0.118553863094146
311773.411807,2774866.126422,0.879699248120301,0.0319090408949202,0,0,0,0.088391710984779
312273.411807,2774866.126422,0.724573941726223,0.0122778083195895,0.000366501740883269,0.00403151914971596,0.00733003481766538,0.251420194245923
312773.411807,2774866.126422,0.756652596806754,0.00991007524316388,0,0.0372545421178198,0.0293631859056708,0.166819599926592
300773.411807,2774366.126422,0.023302752293578,0.0346788990825688,0.207155963302752,0.579266055045872,0.0796330275229358,0.0759633027522936
301273.411807,2774366.126422,0.0753990093560815,0.0654925701706109,0.0343056319941295,0.697853604843148,0.0541185103650706,0.0728306732709595
301773.411807,2774366.126422,0.148168498168498,0.0584249084249084,0.0679487179487179,0.494505494505495,0.117765567765568,0.113186813186813
302273.411807,2774366.126422,0.121100917431193,0.0724770642201835,0.144954128440367,0.449908256880734,0.100917431192661,0.110642201834862
302773.411807,2774366.126422,0.129150614566135,0.0590717299578059,0.148963492937076,0.407081269491836,0.106585947532563,0.149146945514584
303273.411807,2774366.126422,0.185164835164835,0.0395604395604396,0.269413919413919,0.165201465201465,0.0778388278388278,0.262820512820513
303773.411807,2774366.126422,0.0341284403669725,0.0357798165137615,0.363302752293578,0.188440366972477,0.121834862385321,0.25651376146789
304273.411807,2774366.126422,0.0460465969546872,0.0254999082737112,0.259218492019813,0.331682260135755,0.110988809392772,0.226563933223262
304773.411807,2774366.126422,0.0593406593406593,0.0201465201465201,0.242307692307692,0.315384615384615,0.0996336996336996,0.263186813186813
305273.411807,2774366.126422,0.0343119266055046,0.0557798165137615,0.333211009174312,0.191192660550459,0.0636697247706422,0.321834862385321
305773.411807,2774366.126422,0.0425609979820216,0.0598055402678408,0.318840579710145,0.174646853788296,0.130251330031187,0.27389469822051
306273.411807,2774366.126422,0.0712454212454212,0.0489010989010989,0.100549450549451,0.181135531135531,0.176556776556777,0.421611721611722
306773.411807,2774366.126422,0.0913761467889908,0.0688073394495413,0.0434862385321101,0.253761467889908,0.164403669724771,0.378165137614679
307273.411807,2774366.126422,0.076316272243625,0.303614015776922,0.287653641533664,0.102549990827371,0.0539350577875619,0.175931021830857
307773.411807,2774366.126422,0.0534798534798535,0.0554945054945055,0.126007326007326,0.628205128205128,0.0884615384615385,0.0483516483516484
308273.411807,2774366.126422,0.0979816513761468,0.0515596330275229,0.108990825688073,0.61743119266055,0.0796330275229358,0.0444036697247706
308773.411807,2774366.126422,0.136305265088975,0.0524674371674922,0.150064208402128,0.49073564483581,0.094294624839479,0.0761328196661163
309273.411807,2774366.126422,0.379487179487179,0.082967032967033,0.0274725274725275,0.267216117216117,0.107509157509158,0.135347985347985
309773.411807,2774366.126422,0.573761467889908,0.0368807339449541,0.00899082568807339,0.174862385321101,0.0519266055045872,0.153577981651376
310273.411807,2774366.126422,0.753623188405797,0.0277013392038158,0.00403595670519171,0.0288020546688681,0.0133920381581361,0.172445422858191
310773.411807,2774366.126422,0.672710622710623,0.204945054945055,0,0.0102564102564103,0.0133699633699634,0.0987179487179487
311273.411807,2774366.126422,0.576330275229358,0.0790825688073395,0.0407339449541284,0.0743119266055046,0.0858715596330275,0.143669724770642
311773.411807,2774366.126422,0.3494771601541,0.118143459915612,0.00532012474775271,0.236470372408732,0.190790680609063,0.0997982021647404
312273.411807,2774366.126422,0.497252747252747,0.137545787545788,0.0201465201465201,0.215750915750916,0.0648351648351648,0.0644688644688645
312773.411807,2774366.126422,0.271926605504587,0.0673394495412844,0.0405504587155963,0.27045871559633,0.172844036697248,0.176880733944954
300773.411807,2773866.126422,0.0494505494505494,0.034981684981685,0.144322344322344,0.54029304029304,0.119230769230769,0.111721611721612
301273.411807,2773866.126422,0.0267399267399267,0.0166666666666667,0.0913919413919414,0.79047619047619,0.045970695970696,0.0287545787545788
301773.411807,2773866.126422,0.0432709937660433,0.0188852218555189,0.0528052805280528,0.852585258525853,0.0218188485515218,0.0106343967730106
302273.411807,2773866.126422,0.0932234432234432,0.0313186813186813,0.0587912087912088,0.652014652014652,0.102564102564103,0.0620879120879121
302773.411807,2773866.126422,0.173809523809524,0.0305860805860806,0.015018315018315,0.355860805860806,0.181318681318681,0.243406593406593
303273.411807,2773866.126422,0.125962596259626,0.0408874220755409,0.182618261826183,0.356985698569857,0.127062706270627,0.166483314998166
303773.411807,2773866.126422,0.171611721611722,0.0628205128205128,0.0628205128205128,0.32014652014652,0.117032967032967,0.265567765567766
304273.411807,2773866.126422,0.091025641025641,0.0386446886446886,0.0274725274725275,0.45952380952381,0.138644688644689,0.244688644688645
304773.411807,2773866.126422,0.0210854418775211,0.0432709937660433,0.0245691235790246,0.579391272460579,0.0788412174550788,0.252841950861753
305273.411807,2773866.126422,0.0298534798534799,0.060989010989011,0.0201465201465201,0.544871794871795,0.0730769230769231,0.271062271062271
305773.411807,2773866.126422,0.0576923076923077,0.119047619047619,0.0443223443223443,0.270879120879121,0.106043956043956,0.402014652014652
306273.411807,2773866.126422,0.0308030803080308,0.0438210487715438,0.146681334800147,0.418958562522919,0.116061606160616,0.243674367436744
306773.411807,2773866.126422,0.0296703296703297,0.0518315018315018,0.286813186813187,0.257509157509157,0.105128205128205,0.269047619047619
307273.411807,2773866.126422,0.0141025641025641,0.0934065934065934,0.0163003663003663,0.284432234432234,0.0844322344322344,0.507326007326007
307773.411807,2773866.126422,0.0390539053905391,0.0500550055005501,0.227539420608728,0.443160982764943,0.0614228089475614,0.178767876787679
308273.411807,2773866.126422,0.0697802197802198,0.0294871794871795,0.0580586080586081,0.62967032967033,0.0948717948717949,0.118131868131868
308773.411807,2773866.126422,0.556959706959707,0.0289377289377289,0.0106227106227106,0.205128205128205,0.0441391941391941,0.154212454212454
309273.411807,2773866.126422,0.608544187752109,0.0397873120645398,0.0044004400440044,0.183535020168684,0.0597726439310598,0.103960396039604
309773.411807,2773866.126422,0.253846153846154,0.0668498168498168,0.0333333333333333,0.456227106227106,0.0732600732600733,0.116483516483516
310273.411807,2773866.126422,0.143589743589744,0.191941391941392,0.0611721611721612,0.243040293040293,0.152380952380952,0.207875457875458
310773.411807,2773866.126422,0.396773010634397,0.0540887422075541,0.0601393472680601,0.218005133846718,0.125045837917125,0.145947928126146
311273.411807,2773866.126422,0.219047619047619,0.0957875457875458,0.0565934065934066,0.452197802197802,0.119413919413919,0.056959706959707
311773.411807,2773866.126422,0.237912087912088,0.0395604395604396,0.0135531135531136,0.569047619047619,0.0875457875457875,0.0523809523809524
312273.411807,2773866.126422,0.150898423175651,0.0231023102310231,0.0185185185185185,0.677301063439677,0.0544554455445545,0.0757242390905757
