"x","y","forest","agri","water","built","other","grass"
207273.411807,2474866.126422,0.00384826827927433,0.0392156862745098,0.28807036833425,0.577423492761591,0.053142752428074,0.0382994319223016
207773.411807,2474866.126422,0.0625802899614608,0.0623967700495504,0.169021838869517,0.255459717379336,0.140759772435309,0.309781611304827
208273.411807,2474866.126422,0.046396479002384,0.0482303319273794,0.0399779937649001,0.228498074454429,0.143590684027141,0.493306436823767
208773.411807,2474866.126422,0.0502107385010079,0.0212571009712296,0.0787978742899029,0.0053142752428074,0.0775151181968114,0.766904892798241
209273.411807,2474866.126422,0.0592769315470729,0.0361534226463571,0.00422095797394017,0.102220590934116,0.131400256927877,0.666727839970637
209773.411807,2474866.126422,0.0739042728773152,0.0201723821749496,0,0.0196222262974509,0.103429304969741,0.782871813680543
210273.411807,2474866.126422,0.0712845886017959,0.0333516584203775,0,0.00641378046545721,0.097306212204508,0.791643760307861
210773.411807,2474866.126422,0.109194347586713,0.00183519911910442,0,0.000550559735731327,0.0192695907505964,0.869150302807855
211273.411807,2474866.126422,0.104939851548503,0.0435116457640133,0,0.000255950857435372,0.0122856411568979,0.839006910673151
207773.411807,2474366.126422,0.0587155963302752,0.0299082568807339,0.369357798165138,0.278899082568807,0.11743119266055,0.145688073394495
208273.411807,2474366.126422,0.0790680609062557,0.0152265639332233,0.00311869381764814,0.567418822234452,0.160521005320125,0.174646853788296
208773.411807,2474366.126422,0.0948717948717949,0.0194139194139194,0.0010989010989011,0.154029304029304,0.0961538461538462,0.634432234432234
209273.411807,2474366.126422,0.0502752293577982,0.0264220183486239,0,0.0988990825688073,0.137247706422018,0.687155963302752
209773.411807,2474366.126422,0.0469638598422308,0.0209135938359934,0,0.0944780774169877,0.0847550908090259,0.752889378095762
210273.411807,2474366.126422,0.0434065934065934,0.0307692307692308,0,0.0238095238095238,0.0965201465201465,0.805494505494506
210773.411807,2474366.126422,0.252477064220184,0,0,0.00807339449541284,0.0222018348623853,0.717247706422018
211273.411807,2474366.126422,0.238668373879641,0.00230473751600512,0,0.0857874519846351,0.124455825864277,0.548783610755442
208273.411807,2473866.126422,0.0382783882783883,0.0141025641025641,0.151465201465201,0.622527472527473,0.132967032967033,0.0406593406593407
208773.411807,2473866.126422,0.0896589658965897,0.0139347268060139,0,0.535386872020535,0.173817381738174,0.187202053538687
209273.411807,2473866.126422,0.0921245421245421,0.00970695970695971,0,0.0862637362637363,0.0838827838827839,0.728021978021978
209773.411807,2473866.126422,0.0256410256410256,0.0128205128205128,0.000366300366300366,0.100915750915751,0.108974358974359,0.751282051282051
210273.411807,2473866.126422,0.0592225889255592,0.00513384671800513,0,0.00055005500550055,0.0265859919325266,0.908507517418409
210773.411807,2473866.126422,0.134615384615385,0.00256410256410256,0,0.0010989010989011,0.0413919413919414,0.82032967032967
211273.411807,2473866.126422,0.501151189562548,0.000255819902788437,0,0.000511639805576874,0.0309542082374009,0.467127142491686
208773.411807,2473366.126422,0.0403151914971596,0.0117280557082646,0,0.729338464357706,0.136338647608576,0.0822796408282939
209273.411807,2473366.126422,0.0601945311066251,0.030280785465223,0.0161497522481189,0.0880895577170123,0.136538814461369,0.668746559001652
209773.411807,2473366.126422,0.0381441408399046,0.00348432055749129,0,0.0394278378874014,0.112231799009719,0.806711901705483
210273.411807,2473366.126422,0.0208905992303463,0.0120945574491479,0,0.0119113065787062,0.045629466739967,0.909474070001833
210773.411807,2473366.126422,0.0383556615892824,0.00991007524316388,0,0.00367039823820885,0.0264268673151037,0.921636997614241
211273.411807,2473366.126422,0.0540056309188636,0.000255950857435372,0,0.00409521371896596,0.0529818274891221,0.888661377015613
209273.411807,2472866.126422,0.0165137614678899,0.0939449541284404,0.312844036697248,0.109357798165138,0.0871559633027523,0.380183486238532
209773.411807,2472866.126422,0.016694184553293,0.0132085855806274,0.002568336085122,0.0293524124013942,0.081452944413869,0.856723536965694
210273.411807,2472866.126422,0.0254578754578755,0.0228937728937729,0,0.00457875457875458,0.0380952380952381,0.908974358974359
210773.411807,2472866.126422,0.0264220183486239,0.00036697247706422,0,0.00385321100917431,0.0244036697247706,0.944954128440367
211273.411807,2472866.126422,0.08348271446863,0,0,0,0.00537772087067862,0.911139564660691
209273.411807,2472366.126422,0.0256410256410256,0.0946886446886447,0.485714285714286,0.0827838827838828,0.0893772893772894,0.221794871794872
209773.411807,2472366.126422,0.0261904761904762,0.0296703296703297,0.0166666666666667,0.097985347985348,0.10989010989011,0.71959706959707
210273.411807,2472366.126422,0.00825082508250825,0.00513384671800513,0,0.00183351668500183,0.0231023102310231,0.961679501283462
210773.411807,2472366.126422,0.0366300366300366,0,0,0.000183150183150183,0.00915750915750916,0.954029304029304
211273.411807,2472366.126422,0.0411870043489383,0.0670248145305705,0,0.00153491941673062,0.0754668713225889,0.814786390381172
209273.411807,2471866.126422,0.0102771150669848,0.0330335841438796,0.600660671682878,0.134520095430354,0.0423930996513122,0.179115434024592
209773.411807,2471866.126422,0.0509811113148725,0.0174216027874564,0.344947735191638,0.140473134054649,0.104896387309738,0.341280029341647
210273.411807,2471866.126422,0.0166758292101887,0.162726772952172,0.00641378046545721,0.0963899578522998,0.0731170973062122,0.644676562213671
210773.411807,2471866.126422,0.00807487612405946,0.090475316571848,0,0.0110111947146265,0.131033217104056,0.75940539548541
211273.411807,2471866.126422,0.0314819554645508,0,0,0.000255950857435372,0.00614282057844894,0.962119273099565
209773.411807,2471366.126422,0.0155934690882407,0.213355347642634,0.12272977435333,0.186204366171345,0.0741148413135205,0.38800220143093
210273.411807,2471366.126422,0.0287545787545788,0.0311355311355311,0.00659340659340659,0.0805860805860806,0.0489010989010989,0.804029304029304
210773.411807,2471366.126422,0.0368807339449541,0.0102752293577982,0.00770642201834862,0.056697247706422,0.0368807339449541,0.851559633027523
211273.411807,2471366.126422,0.0829705505761844,0.00409731113956466,0,0.00640204865556978,0.157490396927017,0.749039692701664
210273.411807,2470866.126422,0.0141180784745141,0.0762742940960763,0.273560689402274,0.213604693802714,0.101760176017602,0.320682068206821
210773.411807,2470866.126422,0.0276556776556777,0.0227106227106227,0.129487179487179,0.0307692307692308,0.0937728937728938,0.695604395604396
211273.411807,2470866.126422,0.099513942184702,0.0184190330007675,0,0.0734203121002814,0.22588897416219,0.582757738552059
210773.411807,2470366.126422,0.0258763075793724,0.00605615709304459,0.0653330886401175,0.254542117819783,0.170857037988622,0.47733529087906
211273.411807,2470366.126422,0.0317379063219862,0.0273867417455848,0,0.0811364218070131,0.176350140772972,0.683388789352444
211273.411807,2469866.126422,0.0087067861715749,0.0145966709346991,0.229449423815621,0.227400768245839,0.0903969270166453,0.429449423815621
