"x","y","forest","agri","water","built","other","grass"
300773.411807,2765866.126422,0.0668036998972251,0.0208975676601576,0.00753682768071257,0.775265501884207,0.11031175059952,0.0191846522781775
301273.411807,2765866.126422,0.0507196710075394,0.0205620287868403,0.0267306374228924,0.796435915010281,0.0654557916381083,0.0400959561343386
301773.411807,2765866.126422,0.150666211137684,0.0194738640245986,0.0058079945336522,0.630679877007175,0.0683293474547318,0.125042705842159
302273.411807,2765866.126422,0.0219253168893457,0.0154162384378212,0.000685166152792052,0.822199383350462,0.11031175059952,0.0294621445700582
302773.411807,2765866.126422,0.151816312542838,0.0373543522960932,0.000685400959561343,0.569910897875257,0.161069225496916,0.0791638108293352
303273.411807,2765866.126422,0.045097369320123,0.0427058421592074,0,0.759822343696618,0.0789203963102152,0.0734540485138367
303773.411807,2765866.126422,0.155532716683796,0.0681740322028092,0.13018156903049,0.000342583076396026,0.00479616306954436,0.640972935936965
304273.411807,2765866.126422,0.204592186429061,0.0486634681288554,0.0102810143934202,0.360178204249486,0.187799862919808,0.188485263879369
304773.411807,2765866.126422,0.058079945336522,0.0392893747864708,0.00512470105910489,0.722924496071063,0.148957977451315,0.0256235052955244
305273.411807,2765866.126422,0.114765330592669,0.0404248030147311,0.0198698184309695,0.57416923603974,0.182596779719082,0.0681740322028092
305773.411807,2765866.126422,0.106237148732008,0.0387251542152159,0.0106237148732008,0.572309801233722,0.218642906100069,0.0534612748457848
306273.411807,2765866.126422,0.148274683976768,0.0133242227536727,0.00478305432183123,0.5032456440041,0.195763580457807,0.134608814485822
306773.411807,2765866.126422,0.573826652963344,0.0301473107228503,0.00411099691675231,0.105515587529976,0.151079136690647,0.13532031517643
307273.411807,2765866.126422,0.516449623029472,0.0305003427004798,0.00137080191912269,0.0579163810829335,0.131596984235778,0.262165867032214
307773.411807,2765866.126422,0.374103177314657,0.0273317389818927,0.00785787495729416,0.157499145883157,0.215579091219679,0.217628971643321
308273.411807,2765866.126422,0.0359712230215827,0.0698869475847893,0.00205549845837616,0.328537170263789,0.127783487495718,0.435765673175745
308773.411807,2765866.126422,0.487662782727896,0.00788211103495545,0,0.0791638108293352,0.12268677176148,0.302604523646333
309273.411807,2765866.126422,0.659378202938162,0.0136658694909464,0.0058079945336522,0.012982576016399,0.0632046463956269,0.244960710625214
309773.411807,2765866.126422,0.251113394998287,0.110654333675916,0.0102774922918808,0.092154847550531,0.125385405960946,0.410414525522439
310273.411807,2765866.126422,0.535298149417409,0.0113091158327622,0.00445510623714873,0.0143934201507882,0.0322138450993831,0.402330363262509
310773.411807,2765866.126422,0.864707892039631,0.000683293474547318,0,0.00136658694909464,0.0126409292791254,0.120601298257602
311273.411807,2765866.126422,0.410071942446043,0.0387118876327509,0.00890715998629668,0.0489893799246317,0.0966084275436793,0.396711202466598
311773.411807,2765866.126422,0.272789581905415,0.0226182316655243,0,0.117888965044551,0.21932830705963,0.36737491432488
312273.411807,2765866.126422,0.430816535702084,0.0358729074137342,0.000683293474547318,0.0515886573283225,0.0700375811411001,0.411001024940212
312773.411807,2765866.126422,0.444330250085646,0.0243233984241178,0.0078794107571086,0.241863651935594,0.110996916752312,0.170606372045221
300773.411807,2765366.126422,0.0491743119266055,0.0332110091743119,0.0269724770642202,0.805137614678899,0.0693577981651376,0.0161467889908257
301273.411807,2765366.126422,0.0355898000366905,0.0266006237387635,0.00715465052283985,0.804989910108237,0.0697119794533113,0.0559530361401578
301773.411807,2765366.126422,0.0463369963369963,0.0446886446886447,0.00146520146520147,0.777289377289377,0.0954212454212454,0.0347985347985348
302273.411807,2765366.126422,0.0453211009174312,0.0455045871559633,0.0111926605504587,0.769174311926605,0.0853211009174312,0.0434862385321101
302773.411807,2765366.126422,0.110988809392772,0.0343056319941295,0.0121078701155751,0.651073197578426,0.0964960557695836,0.0950284351495139
303273.411807,2765366.126422,0.0501831501831502,0.0543956043956044,0.00494505494505494,0.396886446886447,0.132783882783883,0.360805860805861
303773.411807,2765366.126422,0.0699082568807339,0.0438532110091743,0.117981651376147,0.0581651376146789,0.0968807339449541,0.613211009174312
304273.411807,2765366.126422,0.170977802238121,0.075032104201064,0.0247660979636764,0.356081452944414,0.160154100165107,0.212988442487617
304773.411807,2765366.126422,0.155311355311355,0.0362637362637363,0.0128205128205128,0.500915750915751,0.166666666666667,0.128021978021978
305273.411807,2765366.126422,0.380917431192661,0.0231192660550459,0.00055045871559633,0.400733944954128,0.126788990825688,0.0678899082568807
305773.411807,2765366.126422,0.693450742982939,0.00843881856540084,0,0.0304531278664465,0.0473307649972482,0.220326545587966
306273.411807,2765366.126422,0.462637362637363,0.0142857142857143,0.00879120879120879,0.0783882783882784,0.193406593406593,0.242490842490842
306773.411807,2765366.126422,0.41743119266055,0.0286238532110092,0.00642201834862385,0.28697247706422,0.119449541284404,0.141100917431193
307273.411807,2765366.126422,0.801871216290589,0.00678774536782242,0,0.0148596587782058,0.0372408732342689,0.139240506329114
307773.411807,2765366.126422,0.134065934065934,0.0774725274725275,0.00879120879120879,0.139010989010989,0.175457875457875,0.465201465201465
308273.411807,2765366.126422,0.734311926605505,0.00899082568807339,0,0.0722935779816514,0.0611009174311927,0.123302752293578
308773.411807,2765366.126422,0.771968446156668,0.00183452577508714,0.00311869381764814,0.00403595670519171,0.0240322876536415,0.195010089891763
309273.411807,2765366.126422,0.66959706959707,0.00201465201465201,0,0.0119047619047619,0.0344322344322344,0.282051282051282
309773.411807,2765366.126422,0.692477064220184,0.0154128440366972,0.00073394495412844,0.0122935779816514,0.0420183486238532,0.237064220183486
310273.411807,2765366.126422,0.870849385433865,0.000366905155017428,0,0.000366905155017428,0.001284168042561,0.127132636213539
310773.411807,2765366.126422,0.857692307692308,0,0,0,0,0.142307692307692
311273.411807,2765366.126422,0.706422018348624,0.0144954128440367,0,0.00018348623853211,0.00440366972477064,0.274495412844037
311773.411807,2765366.126422,0.57769216657494,0.00403595670519171,0.000366905155017428,0.0108237020730141,0.0658594753256283,0.341221794166208
312273.411807,2765366.126422,0.694139194139194,0.000732600732600733,0,0.00128205128205128,0.0043956043956044,0.299450549450549
312773.411807,2765366.126422,0.931009174311927,0,0,0,0,0.0689908256880734
300773.411807,2764866.126422,0.111172161172161,0.0228937728937729,0.00860805860805861,0.667216117216117,0.125274725274725,0.0648351648351648
301273.411807,2764866.126422,0.0534798534798535,0.0243589743589744,0.00641025641025641,0.798351648351648,0.0882783882783883,0.0291208791208791
301773.411807,2764866.126422,0.0348368170150348,0.0212687935460213,0.00128346167950128,0.871470480381371,0.066006600660066,0.00513384671800513
302273.411807,2764866.126422,0.192857142857143,0.0382783882783883,0.00531135531135531,0.525457875457875,0.130586080586081,0.107509157509158
302773.411807,2764866.126422,0.10018315018315,0.0175824175824176,0.00860805860805861,0.710805860805861,0.0893772893772894,0.0734432234432234
303273.411807,2764866.126422,0.0795746241290796,0.0592225889255592,0.0975430876420975,0.263109644297763,0.0953428676200953,0.405207187385405
303773.411807,2764866.126422,0.131135531135531,0.0602564102564103,0.154945054945055,0.306776556776557,0.158608058608059,0.188278388278388
304273.411807,2764866.126422,0.156410256410256,0.0353479853479853,0.0434065934065934,0.318498168498168,0.127472527472527,0.318864468864469
304773.411807,2764866.126422,0.2995966263293,0.0258525852585259,0.0324532453245325,0.511001100110011,0.0762742940960763,0.0548221488815548
305273.411807,2764866.126422,0.591575091575092,0.0230769230769231,0.00494505494505494,0.0897435897435897,0.169413919413919,0.121245421245421
305773.411807,2764866.126422,0.713186813186813,0.0195970695970696,0.00201465201465201,0.0443223443223443,0.105128205128205,0.115750915750916
306273.411807,2764866.126422,0.450861752841951,0.0397873120645398,0.0196186285295196,0.167950128346168,0.15034836817015,0.171433810047671
306773.411807,2764866.126422,0.323626373626374,0.0232600732600733,0.00274725274725275,0.293956043956044,0.207509157509158,0.148901098901099
307273.411807,2764866.126422,0.165201465201465,0.0472527472527473,0.0139194139194139,0.406227106227106,0.248717948717949,0.118681318681319
307773.411807,2764866.126422,0.1002933626696,0.0562889622295563,0.0111844517785112,0.224239090575724,0.199486615328199,0.408507517418409
308273.411807,2764866.126422,0.467948717948718,0.0298534798534799,0.000732600732600733,0.120512820512821,0.204578754578755,0.176373626373626
308773.411807,2764866.126422,0.864835164835165,0.00238095238095238,0.000183150183150183,0.00897435897435897,0.0175824175824176,0.106043956043956
309273.411807,2764866.126422,0.715621562156216,0.00788412174550788,0,0.0293362669600293,0.0682068206820682,0.178951228456179
309773.411807,2764866.126422,0.756959706959707,0.00183150183150183,0,0.0021978021978022,0.0104395604395604,0.228571428571429
310273.411807,2764866.126422,0.611538461538462,0.0021978021978022,0,0.000732600732600733,0.00512820512820513,0.38040293040293
310773.411807,2764866.126422,0.916758342500917,0.00055005500550055,0,0.00201686835350202,0.00568390172350568,0.074990832416575
311273.411807,2764866.126422,0.720879120879121,0.00512820512820513,0,0.00421245421245421,0.0168498168498168,0.252930402930403
311773.411807,2764866.126422,0.921611721611722,0,0,0,0,0.0783882783882784
312273.411807,2764866.126422,0.800880088008801,0.00238357169050238,0,0.0044004400440044,0.00788412174550788,0.184451778511184
312773.411807,2764866.126422,0.776739926739927,0.00879120879120879,0,0.000732600732600733,0.00604395604395604,0.207692307692308
300773.411807,2764366.126422,0.590750596439714,0.00972655533125344,0.000917599559552211,0.186272710589099,0.0807487612405946,0.131583776839787
301273.411807,2764366.126422,0.201723821749496,0.0300751879699248,0.004401247019989,0.528516412983679,0.1599119750596,0.0753713552173116
301773.411807,2764366.126422,0.133773135422393,0.0153930731170973,0.00256551218618288,0.715594649074583,0.116730804471321,0.0159428257284222
302273.411807,2764366.126422,0.325931363552945,0.0273444668746559,0.00311983850247752,0.436043310699211,0.109744907322444,0.0978161130482657
302773.411807,2764366.126422,0.210709701081973,0.0517146524848707,0.122317990097194,0.225563909774436,0.0773885934348065,0.312305153126719
303273.411807,2764366.126422,0.0254718709913872,0.07623236210372,0.124793842770753,0.206523730987722,0.193512919186366,0.373465273960051
303773.411807,2764366.126422,0.232152688566709,0.0367039823820885,0.0121123141860892,0.384841255276197,0.144063130849697,0.190126628739218
304273.411807,2764366.126422,0.172382174949569,0.0570328259673574,0.0240234733174399,0.338345864661654,0.181184668989547,0.227030992114432
304773.411807,2764366.126422,0.074216602528862,0.110866776617189,0.0579072750595565,0.532893531244273,0.108118013560564,0.115997800989555
305273.411807,2764366.126422,0.267572031565425,0.0484492567443568,0.0126628739218205,0.343916314920169,0.238759405395485,0.0886401174527436
305773.411807,2764366.126422,0.118466898954704,0.0601503759398496,0.0546488171648634,0.278745644599303,0.161012286814597,0.326975976526683
306273.411807,2764366.126422,0.263514751695071,0.0238226131574125,0.00329851566794942,0.340663368150999,0.187282389591351,0.181418361737218
306773.411807,2764366.126422,0.160579922921637,0.0458799779776106,0.0117452743622683,0.411818682327033,0.25325747843641,0.116718663975041
307273.411807,2764366.126422,0.13992297817715,0.0342930496974143,0.0172382174949569,0.410416284613974,0.210159545204475,0.18796992481203
307773.411807,2764366.126422,0.130108118013561,0.0527762506871908,0.0168590800806304,0.185633131757376,0.18948140003665,0.425142019424592
308273.411807,2764366.126422,0.338777757386676,0.0280785465222977,0.0012846393833731,0.188107909708203,0.222426133235456,0.221325013763993
308773.411807,2764366.126422,0.528516412983679,0.0154043645699615,0.000733541169998166,0.0513478818998716,0.180451127819549,0.223546671556941
309273.411807,2764366.126422,0.433388308594466,0.0329851566794942,0.00146600696353308,0.0423309510720176,0.17830309693971,0.311526479750779
309773.411807,2764366.126422,0.812442650027528,0.000917599559552211,0,0.00330335841438796,0.0113782345384474,0.171958157460084
310273.411807,2764366.126422,0.860810562992848,0.00183385292499542,0,0.00146708233999633,0.00513478818998716,0.130753713552173
310773.411807,2764366.126422,0.728605460875939,0.000183250870441635,0,0.000366501740883269,0.00183250870441635,0.26901227780832
311273.411807,2764366.126422,0.769682510552395,0,0,0,0.0012846393833731,0.229032850064232
311773.411807,2764366.126422,0.880616174582799,0.000916926462497708,0,0.000550155877498625,0.00366770584999083,0.114249037227214
312273.411807,2764366.126422,0.724024189114898,0.000916254352208173,0,0.00109950522264981,0.00586402785413231,0.268096023456111
312773.411807,2764366.126422,0.710222059093412,0.000917599559552211,0,0.00311983850247752,0.0130299137456414,0.272710589098917
300773.411807,2763866.126422,0.251743119266055,0.0163302752293578,0.00128440366972477,0.382201834862385,0.212477064220183,0.135963302752294
301273.411807,2763866.126422,0.0977802238121446,0.0379746835443038,0.0177949000183453,0.613098514034122,0.205833791964777,0.0275178866263071
301773.411807,2763866.126422,0.654029304029304,0.0100732600732601,0.000549450549450549,0.137545787545788,0.0860805860805861,0.111721611721612
302273.411807,2763866.126422,0.264220183486239,0.0412844036697248,0.00752293577981651,0.345321100917431,0.15394495412844,0.187706422018349
302773.411807,2763866.126422,0.077600440286186,0.0728306732709595,0.134287286736379,0.17409649605577,0.130434782608696,0.410750321042011
303273.411807,2763866.126422,0.179120879120879,0.0527472527472527,0.00494505494505494,0.323076923076923,0.149450549450549,0.290659340659341
303773.411807,2763866.126422,0.304220183486239,0.0185321100917431,0.00513761467889908,0.210825688073394,0.124587155963303,0.336697247706422
304273.411807,2763866.126422,0.110438451660246,0.0471473124197395,0.0124747752705926,0.695285268758026,0.113006787745368,0.0216474041460283
304773.411807,2763866.126422,0.0228937728937729,0.0223443223443223,0.00512820512820513,0.856593406593407,0.086996336996337,0.00604395604395604
305273.411807,2763866.126422,0.0959633027522936,0.0337614678899083,0.028256880733945,0.489174311926605,0.178532110091743,0.174311926605505
305773.411807,2763866.126422,0.11979453311319,0.0572372041827188,0.0344890845716382,0.419922949917446,0.184736745551275,0.183819482663731
306273.411807,2763866.126422,0.115934065934066,0.0313186813186813,0.00842490842490842,0.493772893772894,0.206410256410256,0.144139194139194
306773.411807,2763866.126422,0.0807339449541284,0.0377981651376147,0.0328440366972477,0.441834862385321,0.184954128440367,0.221834862385321
307273.411807,2763866.126422,0.0803522289488167,0.0346725371491469,0.0258668134287287,0.333149880755825,0.157952669235003,0.36800587048248
307773.411807,2763866.126422,0.405311355311355,0.0492673992673993,0.0221611721611722,0.0492673992673993,0.0851648351648352,0.388827838827839
308273.411807,2763866.126422,0.664587155963303,0.00275229357798165,0,0.0104587155963303,0.0346788990825688,0.287522935779817
308773.411807,2763866.126422,0.685929187305082,0.00642084021280499,0.000366905155017428,0.00550357732526142,0.0387084938543387,0.263070996147496
309273.411807,2763866.126422,0.808974358974359,0.00659340659340659,0,0.00641025641025641,0.0234432234432234,0.154578754578755
309773.411807,2763866.126422,0.872477064220183,0,0,0,0.00165137614678899,0.125871559633028
310273.411807,2763866.126422,0.88442487616951,0.00110071546505228,0,0,0,0.114474408365438
310773.411807,2763866.126422,0.953113553113553,0,0,0,0,0.0468864468864469
311273.411807,2763866.126422,0.915045871559633,0,0,0,0,0.084954128440367
311773.411807,2763866.126422,0.89157952669235,0.0078884608328747,0,0,0,0.100532012474775
312273.411807,2763866.126422,0.866666666666667,0.000915750915750916,0,0,0.0021978021978022,0.13021978021978
312773.411807,2763866.126422,0.983119266055046,0,0,0,0,0.0168807339449541
300773.411807,2763366.126422,0.547985347985348,0.0166666666666667,0,0.0728937728937729,0.0793040293040293,0.283150183150183
301273.411807,2763366.126422,0.553296703296703,0.0474358974358974,0.00128205128205128,0.108241758241758,0.056043956043956,0.233699633699634
301773.411807,2763366.126422,0.555922258892556,0.015034836817015,0.000366703337000367,0.0746241290795746,0.102126879354602,0.251925192519252
302273.411807,2763366.126422,0.071978021978022,0.0271062271062271,0.00659340659340659,0.314835164835165,0.134432234432234,0.445054945054945
302773.411807,2763366.126422,0.0384615384615385,0.0423076923076923,0.265567765567766,0.146153846153846,0.0888278388278388,0.418681318681319
303273.411807,2763366.126422,0.153465346534653,0.0830583058305831,0.0214521452145215,0.392922625595893,0.224789145581225,0.124312431243124
303773.411807,2763366.126422,0.0875457875457875,0.0600732600732601,0.0283882783882784,0.609340659340659,0.14029304029304,0.0743589743589744
304273.411807,2763366.126422,0.143223443223443,0.0315018315018315,0.00659340659340659,0.543589743589744,0.172710622710623,0.102380952380952
304773.411807,2763366.126422,0.0759075907590759,0.0561056105610561,0.0225522552255226,0.702970297029703,0.108727539420609,0.0337367070040337
305273.411807,2763366.126422,0.106043956043956,0.144871794871795,0.0250915750915751,0.392857142857143,0.182234432234432,0.148901098901099
305773.411807,2763366.126422,0.0897435897435897,0.058974358974359,0.0261904761904762,0.287545787545788,0.172344322344322,0.365201465201465
306273.411807,2763366.126422,0.262926292629263,0.0522552255225523,0.0517051705170517,0.137513751375138,0.156032269893656,0.33956729006234
306773.411807,2763366.126422,0.517216117216117,0.0221611721611722,0.000366300366300366,0.00805860805860806,0.0344322344322344,0.417765567765568
307273.411807,2763366.126422,0.573076923076923,0.0197802197802198,0,0.0032967032967033,0.0254578754578755,0.378388278388278
307773.411807,2763366.126422,0.388338833883388,0.0148514851485149,0,0.00311697836450312,0.0319031903190319,0.561789512284562
308273.411807,2763366.126422,0.91007326007326,0.00274725274725275,0,0.00549450549450549,0.00659340659340659,0.0750915750915751
308773.411807,2763366.126422,0.592307692307692,0.00347985347985348,0,0.00421245421245421,0.0324175824175824,0.367582417582418
309273.411807,2763366.126422,0.802713604693803,0.000733406674000733,0,0.00146681334800147,0.0196186285295196,0.175467546754675
309773.411807,2763366.126422,0.924542124542125,0.000183150183150183,0,0,0.0010989010989011,0.0741758241758242
310273.411807,2763366.126422,0.958974358974359,0.00164835164835165,0,0,0.000915750915750916,0.0384615384615385
310773.411807,2763366.126422,0.978547854785479,0.0022002200220022,0,0,0,0.0192519251925193
311273.411807,2763366.126422,0.927106227106227,0.000366300366300366,0,0,0,0.0725274725274725
311773.411807,2763366.126422,0.885531135531135,0,0,0,0.00183150183150183,0.112637362637363
312273.411807,2763366.126422,0.919141914191419,0.00055005500550055,0,0.000366703337000367,0.0115511551155116,0.0683901723505684
312773.411807,2763366.126422,0.954578754578755,0,0,0,0,0.0454212454212454
300773.411807,2762866.126422,0.86731510368875,0.00458799779776106,0,0.00385391815011929,0.0216553496054322,0.102587630757937
301273.411807,2762866.126422,0.822483036860444,0,0,0,0.000733541169998166,0.176783421969558
301773.411807,2762866.126422,0.812534359538208,0.0141103170240059,0.000183250870441635,0.0337181601612608,0.0291368884002199,0.110317024005864
302273.411807,2762866.126422,0.0992842723435493,0.0201871903101487,0.00403743806202973,0.621765461552579,0.168654799045696,0.0860708386859974
302773.411807,2762866.126422,0.0689528699798276,0.0337428938199156,0.0662020905923345,0.351549605721621,0.163763066202091,0.315789473684211
303273.411807,2762866.126422,0.114898295766905,0.0568077698369067,0.148433205057724,0.254901960784314,0.110683525746747,0.314275242807403
303773.411807,2762866.126422,0.142778491466324,0.0352358230868049,0.00513855753349238,0.593686915030281,0.159478803450174,0.0636814094329235
304273.411807,2762866.126422,0.161195672107097,0.033192737942417,0.00806895286997983,0.511278195488722,0.204291215844489,0.0819732257472951
304773.411807,2762866.126422,0.105002748763057,0.0278541323071285,0.0111783030969397,0.652556349642661,0.128275609309144,0.0751328568810702
305273.411807,2762866.126422,0.170857037988622,0.05395485410167,0.0750596439713709,0.512204074142044,0.123141860891907,0.0647825289043861
305773.411807,2762866.126422,0.345497891069136,0.0718870346598203,0.0315422703099211,0.123234916559692,0.0913258756647717,0.336512011736659
306273.411807,2762866.126422,0.698918819864394,0.00201575957485798,0,0.00164925783397471,0.00458127176104087,0.292834890965732
306773.411807,2762866.126422,0.660671682877592,0.00550559735731327,0.000734079647641769,0.0159662323362085,0.0288126261699394,0.288309781611305
307273.411807,2762866.126422,0.608472400513479,0.000183385292499542,0,0,0.00330093526499175,0.38804327892903
307773.411807,2762866.126422,0.706981858163826,0.00934579439252336,0,0.00348176653839106,0.0108118013560564,0.269378779549203
308273.411807,2762866.126422,0.651128647458249,0.000550559735731327,0,0.000917599559552211,0.00513855753349238,0.342264635712975
308773.411807,2762866.126422,0.683476985145791,0.000366770584999083,0,0.00238400880249404,0.00568494406748579,0.30808729139923
309273.411807,2762866.126422,0.777533443283856,0.000549752611324904,0,0.00164925783397471,0.00623052959501558,0.214037016675829
309773.411807,2762866.126422,0.718480455129382,0.0102771150669848,0,0.00330335841438796,0.00880895577170123,0.259130115617545
310273.411807,2762866.126422,0.68384375573079,0.000550155877498625,0,0.000733541169998166,0.004401247019989,0.310471300201724
310773.411807,2762866.126422,0.887667216419278,0.000183250870441635,0,0.000366501740883269,0.00311526479750779,0.108667766171889
311273.411807,2762866.126422,0.959809139291613,0,0,0,0.000367039823820885,0.039823820884566
311773.411807,2762866.126422,0.974142673757565,0.000550155877498625,0,0,0,0.0253071703649367
312273.411807,2762866.126422,0.969946857247572,0,0,0,0,0.0300531427524281
312773.411807,2762866.126422,0.955221141493852,0.000550559735731327,0,0,0,0.0442282987704166
300773.411807,2762366.126422,0.948256880733945,0,0,0,0,0.051743119266055
301273.411807,2762366.126422,0.944964226747386,0,0,0,0,0.0550357732526142
301773.411807,2762366.126422,0.621794871794872,0.0287545787545788,0.000183150183150183,0.0206959706959707,0.0970695970695971,0.231501831501832
302273.411807,2762366.126422,0.112844036697248,0.0231192660550459,0.00770642201834862,0.607339449541284,0.18954128440367,0.0594495412844037
302773.411807,2762366.126422,0.170427444505595,0.0159603742432581,0.00220143093010457,0.0757659145110989,0.11704274445056,0.618602091359384
303273.411807,2762366.126422,0.120512820512821,0.0750915750915751,0.0672161172161172,0.106410256410256,0.113553113553114,0.517216117216117
303773.411807,2762366.126422,0.162201834862385,0.055045871559633,0.131926605504587,0.0451376146788991,0.0691743119266055,0.53651376146789
304273.411807,2762366.126422,0.19262520638415,0.0379746835443038,0.00495321959273528,0.404879838561732,0.20253164556962,0.157035406347459
304773.411807,2762366.126422,0.158241758241758,0.0595238095238095,0.0311355311355311,0.500732600732601,0.152380952380952,0.097985347985348
305273.411807,2762366.126422,0.483302752293578,0.0255045871559633,0.00605504587155963,0.211376146788991,0.144036697247706,0.129724770642202
305773.411807,2762366.126422,0.784993579159787,0.00201797835259585,0,0.000366905155017428,0.00330214639515685,0.209319390937443
306273.411807,2762366.126422,0.668315018315018,0,0,0,0,0.331684981684982
306773.411807,2762366.126422,0.751559633027523,0,0,0,0,0.248440366972477
307273.411807,2762366.126422,0.518620436617134,0.00275178866263071,0,0.00201797835259585,0.0146762062006971,0.461933590166942
307773.411807,2762366.126422,0.93003663003663,0,0,0,0,0.06996336996337
308273.411807,2762366.126422,0.721834862385321,0.00055045871559633,0,0.00073394495412844,0.0036697247706422,0.273211009174312
308773.411807,2762366.126422,0.478444322142726,0.00275178866263071,0,0.00476976701522656,0.0190790680609063,0.49495505411851
309273.411807,2762366.126422,0.542307692307692,0.00421245421245421,0,0.0111721611721612,0.0326007326007326,0.40970695970696
309773.411807,2762366.126422,0.709724770642202,0.00220183486238532,0,0.00293577981651376,0.0122935779816514,0.272844036697248
310273.411807,2762366.126422,0.691249312052834,0.00348559897266557,0,0.00385250412768299,0.0155934690882407,0.285819115758576
310773.411807,2762366.126422,0.96978021978022,0.0021978021978022,0,0,0,0.028021978021978
311273.411807,2762366.126422,0.945688073394495,0,0,0,0,0.0543119266055046
311773.411807,2762366.126422,0.993946064942212,0,0,0,0,0.00605393505778756
312273.411807,2762366.126422,0.996153846153846,0,0,0,0,0.00384615384615385
312773.411807,2762366.126422,0.963669724770642,0,0,0,0,0.0363302752293578
300773.411807,2761866.126422,0.943040293040293,0,0,0,0,0.056959706959707
301273.411807,2761866.126422,0.821245421245421,0.00732600732600733,0.000183150183150183,0.0128205128205128,0.0505494505494506,0.107875457875458
301773.411807,2761866.126422,0.134396773010634,0.0731573157315732,0.0172350568390172,0.338650531719839,0.272277227722772,0.164283094976164
302273.411807,2761866.126422,0.112820512820513,0.0188644688644689,0.0119047619047619,0.476556776556777,0.16025641025641,0.21959706959707
302773.411807,2761866.126422,0.113553113553114,0.0142857142857143,0,0.376373626373626,0.197619047619048,0.298168498168498
303273.411807,2761866.126422,0.234873487348735,0.0128346167950128,0,0.272460579391272,0.158415841584158,0.321415474880821
303773.411807,2761866.126422,0.110989010989011,0.0291208791208791,0.0853479853479854,0.18021978021978,0.163736263736264,0.430586080586081
304273.411807,2761866.126422,0.158608058608059,0.0498168498168498,0.0684981684981685,0.285714285714286,0.175824175824176,0.261538461538462
304773.411807,2761866.126422,0.403557022368904,0.0221855518885222,0.00256692335900257,0.374587458745875,0.148148148148148,0.048954895489549
305273.411807,2761866.126422,0.677838827838828,0.0172161172161172,0.000732600732600733,0.0113553113553114,0.0657509157509158,0.227106227106227
305773.411807,2761866.126422,0.692673992673993,0.0120879120879121,0.000183150183150183,0.000183150183150183,0.00934065934065934,0.285531135531136
306273.411807,2761866.126422,0.337183718371837,0.000733406674000733,0,0.0210854418775211,0.0253025302530253,0.615694902823616
306773.411807,2761866.126422,0.510622710622711,0.00164835164835165,0,0,0.00201465201465201,0.485714285714286
307273.411807,2761866.126422,0.833150183150183,0.000915750915750916,0,0,0.000183150183150183,0.165750915750916
307773.411807,2761866.126422,0.847818115144848,0.000733406674000733,0,0,0.00055005500550055,0.150898423175651
308273.411807,2761866.126422,0.914835164835165,0.000366300366300366,0,0.000366300366300366,0.000732600732600733,0.0836996336996337
308773.411807,2761866.126422,0.777655677655678,0.000183150183150183,0,0.000183150183150183,0.000366300366300366,0.221611721611722
309273.411807,2761866.126422,0.947561422808948,0.00275027502750275,0,0,0,0.0496883021635497
309773.411807,2761866.126422,0.994322344322344,0,0,0,0,0.00567765567765568
310273.411807,2761866.126422,0.931868131868132,0,0,0,0,0.0681318681318681
310773.411807,2761866.126422,0.988815548221489,0,0,0,0,0.0111844517785112
311273.411807,2761866.126422,0.904029304029304,0,0,0,0.000183150183150183,0.0957875457875458
311773.411807,2761866.126422,0.984065934065934,0,0,0,0,0.0159340659340659
312273.411807,2761866.126422,0.949394939493949,0,0,0.0011001100110011,0.00256692335900257,0.0469380271360469
312773.411807,2761866.126422,0.954212454212454,0.000183150183150183,0,0,0.000183150183150183,0.0454212454212454
300773.411807,2761366.126422,0.595155074325564,0.0108276748027161,0,0.0946962745457882,0.10387227014131,0.195448706184621
301273.411807,2761366.126422,0.17604988079956,0.0223730056849441,0.000366770584999083,0.342380341096644,0.228864845039428,0.229965156794425
301773.411807,2761366.126422,0.278174821330401,0.0483782297965915,0.00568077698369067,0.267179769103903,0.223749312809236,0.176837089976177
302273.411807,2761366.126422,0.344099834832079,0.0159662323362085,0.0012846393833731,0.0416590200036704,0.09543035419343,0.501559919251239
302773.411807,2761366.126422,0.373739226114066,0.0330093526499175,0.00183385292499542,0.118283513662204,0.192371171832019,0.280762882816798
303273.411807,2761366.126422,0.287520615722925,0.0225398570643211,0,0.0353674179952355,0.0423309510720176,0.612241158145501
303773.411807,2761366.126422,0.224628372178381,0.0295467058175812,0.022389429253074,0.330886401174527,0.166269040190861,0.226280051385575
304273.411807,2761366.126422,0.115349348982212,0.0449293966623877,0.134054648817165,0.484503942783789,0.102879149092243,0.118283513662204
304773.411807,2761366.126422,0.935312442734103,0.0104452996151732,0,0.0053142752428074,0.0130108118013561,0.0359171706065604
305273.411807,2761366.126422,0.792989539365021,0.000550559735731327,0,0.000367039823820885,0.00715727656450725,0.198935584510919
305773.411807,2761366.126422,0.747478452228131,0.0102695763799743,0.00128369704749679,0.0229231615624427,0.04401247019989,0.174032642582065
306273.411807,2761366.126422,0.765622136705149,0.000183250870441635,0,0,0.000916254352208173,0.233278358072201
306773.411807,2761366.126422,0.977060011011195,0,0,0,0,0.0229399889888053
307273.411807,2761366.126422,0.647350082523382,0.00183385292499542,0,0.000733541169998166,0.0124701998899688,0.337612323491656
307773.411807,2761366.126422,0.902144035184167,0,0,0,0.00604727872457394,0.0918086860912589
308273.411807,2761366.126422,0.88364837584878,0,0,0.000183519911910442,0.00422095797394017,0.11194714626537
308773.411807,2761366.126422,0.883366953970292,0.0196222262974509,0,0.000183385292499542,0.004401247019989,0.0924261874197689
309273.411807,2761366.126422,0.979292651640095,0,0,0,0,0.0207073483599047
309773.411807,2761366.126422,0.990640484492567,0,0,0,0,0.00935951550743256
310273.411807,2761366.126422,0.937465615257656,0,0,0.000183385292499542,0.000550155877498625,0.0618008435723455
310773.411807,2761366.126422,0.976360637713029,0,0,0,0,0.0236393622869709
311273.411807,2761366.126422,0.827124242980363,0.00110111947146265,0,0.00256927876674619,0.0356028629106258,0.133602495870802
311773.411807,2761366.126422,0.845589583715386,0,0,0.00110031175499725,0.00916926462497708,0.14414083990464
312273.411807,2761366.126422,0.862928348909657,0,0,0,0.00219901044529962,0.134872640645043
312773.411807,2761366.126422,0.88383189576069,0.00642319691686548,0,0.000183519911910442,0.00440447788585061,0.105156909524683
300773.411807,2760866.126422,0.361467889908257,0.0207339449541284,0.000917431192660551,0.0902752293577982,0.119816513761468,0.406788990825688
301273.411807,2760866.126422,0.396807925151348,0.0108237020730141,0,0.0662263804806457,0.101449275362319,0.424692716932673
301773.411807,2760866.126422,0.415384615384615,0.00879120879120879,0,0.0443223443223443,0.157326007326007,0.374175824175824
302273.411807,2760866.126422,0.488256880733945,0.0194495412844037,0.00660550458715596,0.0278899082568807,0.140917431192661,0.316880733944954
302773.411807,2760866.126422,0.420656760227481,0.00935608145294441,0.000550357732526142,0.0572372041827188,0.136855622821501,0.375343973582829
303273.411807,2760866.126422,0.584249084249084,0.00695970695970696,0,0.0703296703296703,0.0961538461538462,0.242307692307692
303773.411807,2760866.126422,0.645504587155963,0.00605504587155963,0,0.0377981651376147,0.0779816513761468,0.232660550458716
304273.411807,2760866.126422,0.150431113557145,0.0225646670335718,0.151898734177215,0.286552926068611,0.231884057971014,0.156668501192442
304773.411807,2760866.126422,0.618681318681319,0.0100732600732601,0.00659340659340659,0.0470695970695971,0.0983516483516483,0.219230769230769
305273.411807,2760866.126422,0.603302752293578,0.00587155963302752,0,0.0963302752293578,0.11394495412844,0.180550458715596
305773.411807,2760866.126422,0.610163272793983,0.0216474041460283,0.00165107319757843,0.0654925701706109,0.10842047330765,0.19262520638415
306273.411807,2760866.126422,0.621245421245421,0.0104395604395604,0.00201465201465201,0.0785714285714286,0.173260073260073,0.114468864468864
306773.411807,2760866.126422,0.531192660550459,0.0148623853211009,0.00036697247706422,0.0805504587155963,0.172477064220183,0.200550458715596
307273.411807,2760866.126422,0.700238488350761,0.00513667217024399,0,0.0159603742432581,0.0726472206934507,0.206017244542286
307773.411807,2760866.126422,0.966300366300366,0.00183150183150183,0,0,0.0010989010989011,0.0307692307692308
308273.411807,2760866.126422,0.990275229357798,0.00055045871559633,0,0,0,0.00917431192660551
308773.411807,2760866.126422,0.946982205099982,0,0,0,0,0.0530177949000183
309273.411807,2760866.126422,0.811904761904762,0,0,0.00183150183150183,0.00805860805860806,0.178205128205128
309773.411807,2760866.126422,0.802385321100917,0.000917431192660551,0,0,0.00385321100917431,0.192844036697248
310273.411807,2760866.126422,0.918547055586131,0,0,0,0,0.081452944413869
310773.411807,2760866.126422,0.792124542124542,0.0043956043956044,0,0.00201465201465201,0.0163003663003663,0.185164835164835
311273.411807,2760866.126422,0.944954128440367,0,0,0.00018348623853211,0.00036697247706422,0.0544954128440367
311773.411807,2760866.126422,0.987892129884425,0,0,0,0,0.0121078701155751
312273.411807,2760866.126422,0.983333333333333,0,0,0,0,0.0166666666666667
312773.411807,2760866.126422,0.985688073394495,0.00385321100917431,0,0,0,0.0104587155963303
300773.411807,2760366.126422,0.469230769230769,0.00879120879120879,0,0.113369963369963,0.116849816849817,0.291758241758242
301273.411807,2760366.126422,0.481501831501832,0.0137362637362637,0.00238095238095238,0.0580586080586081,0.128021978021978,0.316300366300366
301773.411807,2760366.126422,0.385588558855886,0.0146681334800147,0.0165016501650165,0.0938760542720939,0.228089475614228,0.261276127612761
302273.411807,2760366.126422,0.52967032967033,0.010989010989011,0.0177655677655678,0.0518315018315018,0.127472527472527,0.262271062271062
302773.411807,2760366.126422,0.530586080586081,0.0102564102564103,0,0.0289377289377289,0.105311355311355,0.324908424908425
303273.411807,2760366.126422,0.71965529886322,0.00715071507150715,0.000366703337000367,0.0502383571690502,0.09002566923359,0.132563256325633
303773.411807,2760366.126422,0.768315018315018,0.00421245421245421,0.000732600732600733,0.0732600732600733,0.0487179487179487,0.104761904761905
304273.411807,2760366.126422,0.515201465201465,0.0238095238095238,0.13003663003663,0.0157509157509158,0.0375457875457875,0.277655677655678
304773.411807,2760366.126422,0.371837183718372,0.03997066373304,0.155665566556656,0.0381371470480381,0.0210854418775211,0.373303997066373
305273.411807,2760366.126422,0.493589743589744,0.0124542124542125,0.00622710622710623,0.10989010989011,0.13974358974359,0.238095238095238
305773.411807,2760366.126422,0.494139194139194,0.0247252747252747,0.00164835164835165,0.0738095238095238,0.146703296703297,0.258974358974359
306273.411807,2760366.126422,0.771177117711771,0.0066006600660066,0,0.0441877521085442,0.0302530253025303,0.147781444811148
306773.411807,2760366.126422,0.874175824175824,0.000732600732600733,0,0.00256410256410256,0.00586080586080586,0.116666666666667
307273.411807,2760366.126422,0.711721611721612,0.0010989010989011,0,0.00293040293040293,0.0122710622710623,0.271978021978022
307773.411807,2760366.126422,0.815548221488816,0.00935093509350935,0,0.00275027502750275,0.0163182984965163,0.156032269893656
308273.411807,2760366.126422,0.691391941391941,0.00531135531135531,0.00183150183150183,0.00384615384615385,0.030952380952381,0.266666666666667
308773.411807,2760366.126422,0.865201465201465,0,0,0.000732600732600733,0.0021978021978022,0.131868131868132
309273.411807,2760366.126422,0.83975064173084,0.00128346167950128,0,0.000366703337000367,0.0113678034470114,0.147231389805647
309773.411807,2760366.126422,0.902014652014652,0.000366300366300366,0,0.000915750915750916,0.00238095238095238,0.0943223443223443
310273.411807,2760366.126422,0.860989010989011,0.000366300366300366,0,0,0,0.138644688644689
310773.411807,2760366.126422,0.875137513751375,0.000183351668500183,0,0,0,0.124679134580125
311273.411807,2760366.126422,0.913553113553114,0,0,0,0,0.0864468864468864
311773.411807,2760366.126422,0.984432234432234,0.00164835164835165,0,0,0,0.0139194139194139
312273.411807,2760366.126422,0.996149614961496,0,0,0,0,0.00385038503850385
312773.411807,2760366.126422,0.907326007326007,0.000549450549450549,0,0,0.000549450549450549,0.0915750915750916
300773.411807,2759866.126422,0.418058359331988,0.0350523031748945,0.00146815929528354,0.192145347770233,0.180216553496054,0.173059276931547
301273.411807,2759866.126422,0.882633412800293,0.000916926462497708,0,0.00183385292499542,0.0053181734824867,0.109297634329727
301773.411807,2759866.126422,0.87447315374748,0.00934579439252336,0,0.0113615539673813,0.0406816932380429,0.0641378046545721
302273.411807,2759866.126422,0.644705450541384,0.0034868783262984,0,0.0273444668746559,0.0880895577170123,0.23637364654065
302773.411807,2759866.126422,0.59196772418852,0.00605171465248487,0.0236567027324409,0.0181551439574546,0.0469466348798826,0.313222079589217
303273.411807,2759866.126422,0.328202308960968,0.0188748396554884,0.110866776617189,0.129191863661352,0.0943741982774418,0.318490012827561
303773.411807,2759866.126422,0.168654799045696,0.0357863828225362,0.123508900715728,0.134703615342265,0.111763626353459,0.425582675720316
304273.411807,2759866.126422,0.583348615441042,0.035209976159912,0.0944434256372639,0.00165046763249587,0.0157711351549606,0.269576379974326
304773.411807,2759866.126422,0.606010628550486,0.0102620487447315,0.000916254352208173,0.00787978742899029,0.0273043796958036,0.347626901227781
305273.411807,2759866.126422,0.77610570746926,0.0100935951550743,0.0679023674068636,0.019086070838686,0.00679023674068636,0.120022022389429
305773.411807,2759866.126422,0.925912341830185,0,0,0,0,0.0740876581698148
306273.411807,2759866.126422,0.940443467106469,0.000916254352208173,0,0.000549752611324904,0.000366501740883269,0.0577240241891149
306773.411807,2759866.126422,0.935217471095614,0.00183519911910442,0,0,0.000367039823820885,0.0625802899614608
307273.411807,2759866.126422,0.908490739042729,0.00128369704749679,0,0.000366770584999083,0.00146708233999633,0.088391710984779
307773.411807,2759866.126422,0.842770753161078,0.000916254352208173,0,0.000183250870441635,0.00201575957485798,0.154113982041415
308273.411807,2759866.126422,0.966232336208479,0.000183519911910442,0,0,0,0.0335841438796109
308773.411807,2759866.126422,0.951586282780121,0,0,0,0,0.048413717219879
309273.411807,2759866.126422,0.962800073300348,0.00201575957485798,0,0,0,0.0351841671247938
309773.411807,2759866.126422,0.961460818498807,0.000367039823820885,0,0,0,0.038172141677372
310273.411807,2759866.126422,0.922978177150193,0.00403447643498991,0,0,0,0.0729873464148175
310773.411807,2759866.126422,0.818215136521898,0,0,0,0,0.181784863478102
311273.411807,2759866.126422,0.981280968985135,0,0,0,0,0.0187190310148651
311773.411807,2759866.126422,0.994681826517513,0,0,0,0,0.0053181734824867
312273.411807,2759866.126422,0.994685724757193,0,0,0,0,0.0053142752428074
