"x","y","forest","agri","water","built","other","grass"
288273.411807,2765366.126422,0.861172161172161,0.00805860805860806,0,0,0.000915750915750916,0.12985347985348
288773.411807,2765366.126422,0.882385321100917,0.00146788990825688,0,0,0.00128440366972477,0.114862385321101
289273.411807,2765366.126422,0.840579710144927,0,0,0,0,0.159420289855072
289773.411807,2765366.126422,0.878937728937729,0.000183150183150183,0,0,0.000549450549450549,0.12032967032967
290273.411807,2765366.126422,0.897064220183486,0,0,0,0.00018348623853211,0.102752293577982
290773.411807,2765366.126422,0.827187671986791,0.00330214639515685,0,0.000366905155017428,0.00697119794533113,0.162172078517703
291273.411807,2765366.126422,0.746336996336996,0.00201465201465201,0,0.000732600732600733,0.00787545787545788,0.243040293040293
291773.411807,2765366.126422,0.648073394495413,0.00220183486238532,0,0.0181651376146789,0.0205504587155963,0.311009174311927
292273.411807,2765366.126422,0.161071363052651,0.0201797835259585,0.00275178866263071,0.393322326178683,0.19684461566685,0.225830122913227
292773.411807,2765366.126422,0.0408424908424908,0.0227106227106227,0.0043956043956044,0.797985347985348,0.114468864468864,0.0195970695970696
293273.411807,2765366.126422,0.0932110091743119,0.0522935779816514,0.00917431192660551,0.538165137614679,0.146422018348624,0.160733944954128
293773.411807,2765366.126422,0.138139790864062,0.0339387268391121,0.0135754907356448,0.433314988075582,0.194826637314254,0.186204366171345
294273.411807,2765366.126422,0.0826007326007326,0.0868131868131868,0.135164835164835,0.0769230769230769,0.0478021978021978,0.570695970695971
294773.411807,2765366.126422,0.109908256880734,0.104587155963303,0.0264220183486239,0.372293577981651,0.204770642201835,0.182018348623853
295273.411807,2765366.126422,0.123647037240873,0.0731975784259769,0.00825536598789213,0.390570537516052,0.194826637314254,0.209502843514951
295773.411807,2765366.126422,0.120879120879121,0.0666666666666667,0.0368131868131868,0.55970695970696,0.142857142857143,0.0730769230769231
296273.411807,2765366.126422,0.0836697247706422,0.0627522935779816,0.0159633027522936,0.661284403669725,0.108256880733945,0.0680733944954128
296773.411807,2765366.126422,0.165107319757843,0.0755824619335902,0.0190790680609063,0.539900935608145,0.124931205283434,0.0753990093560815
297273.411807,2765366.126422,0.100732600732601,0.0575091575091575,0.00201465201465201,0.59010989010989,0.136996336996337,0.112637362637363
297773.411807,2765366.126422,0.315045871559633,0.0113761467889908,0,0.255229357798165,0.0891743119266055,0.329174311926606
298273.411807,2765366.126422,0.375343973582829,0.0139423958906623,0.0066042927903137,0.328563566318107,0.118693817648138,0.15685195376995
298773.411807,2765366.126422,0.0168498168498168,0.0221611721611722,0.00641025641025641,0.815018315018315,0.0880952380952381,0.0514652014652015
299273.411807,2765366.126422,0.0552293577981651,0.0385321100917431,0.0108256880733945,0.78697247706422,0.0625688073394495,0.0458715596330275
299773.411807,2765366.126422,0.063474591818015,0.0515501742799486,0.0111906072280316,0.696385984223078,0.124380847550908,0.0530177949000183
300273.411807,2765366.126422,0.127289377289377,0.0501831501831502,0.00384615384615385,0.572710622710623,0.14981684981685,0.0961538461538462
288273.411807,2764866.126422,0.772827282728273,0.000916758342500917,0,0.00201686835350202,0.0249358269160249,0.199303263659699
288773.411807,2764866.126422,0.698351648351648,0.0139194139194139,0,0.000183150183150183,0.00915750915750916,0.278388278388278
289273.411807,2764866.126422,0.772893772893773,0.00842490842490842,0,0,0.00128205128205128,0.217399267399267
289773.411807,2764866.126422,0.89035570223689,0.000183351668500183,0,0,0.000733406674000733,0.108727539420609
290273.411807,2764866.126422,0.871062271062271,0,0,0,0,0.128937728937729
290773.411807,2764866.126422,0.796153846153846,0.00146520146520147,0,0.00201465201465201,0.0144688644688645,0.185897435897436
291273.411807,2764866.126422,0.606343967730106,0.00605060506050605,0,0.0960762742940961,0.118445177851118,0.173083975064173
291773.411807,2764866.126422,0.758058608058608,0.00256410256410256,0,0.00989010989010989,0.045970695970696,0.183516483516484
292273.411807,2764866.126422,0.127106227106227,0.0274725274725275,0.0137362637362637,0.566483516483516,0.193040293040293,0.0721611721611722
292773.411807,2764866.126422,0.0925925925925926,0.0412541254125413,0.0188852218555189,0.657315731573157,0.137697103043638,0.0522552255225523
293273.411807,2764866.126422,0.0791208791208791,0.0261904761904762,0.00970695970695971,0.69981684981685,0.128571428571429,0.0565934065934066
293773.411807,2764866.126422,0.0467032967032967,0.0441391941391941,0.00934065934065934,0.612637362637363,0.164468864468864,0.122710622710623
294273.411807,2764866.126422,0.00256692335900257,0.0163182984965163,0.133480014668133,0.0154015401540154,0.0553722038870554,0.776861019435277
294773.411807,2764866.126422,0.167582417582418,0.041025641025641,0.013003663003663,0.242673992673993,0.188827838827839,0.346886446886447
295273.411807,2764866.126422,0.17032967032967,0.0468864468864469,0.00677655677655678,0.342673992673993,0.128388278388278,0.304945054945055
295773.411807,2764866.126422,0.175284195086175,0.0496883021635497,0.0192519251925193,0.362669600293363,0.157132379904657,0.235973597359736
296273.411807,2764866.126422,0.0767399267399267,0.0252747252747253,0.0043956043956044,0.614285714285714,0.17032967032967,0.108974358974359
296773.411807,2764866.126422,0.175274725274725,0.0564102564102564,0.000915750915750916,0.389194139194139,0.155128205128205,0.223076923076923
297273.411807,2764866.126422,0.0517051705170517,0.0143014301430143,0.0066006600660066,0.785295196186285,0.108360836083608,0.0337367070040337
297773.411807,2764866.126422,0.104945054945055,0.0128205128205128,0.00128205128205128,0.614468864468865,0.148168498168498,0.118315018315018
298273.411807,2764866.126422,0.360805860805861,0.01996336996337,0.000183150183150183,0.164285714285714,0.138827838827839,0.315934065934066
298773.411807,2764866.126422,0.162266226622662,0.0253025302530253,0.0022002200220022,0.25999266593326,0.162632929959663,0.387605427209388
299273.411807,2764866.126422,0.404212454212454,0.0261904761904762,0.0117216117216117,0.164835164835165,0.124908424908425,0.268131868131868
299773.411807,2764866.126422,0.150915750915751,0.0514652014652015,0.0124542124542125,0.512820512820513,0.208608058608059,0.0637362637362637
300273.411807,2764866.126422,0.501283461679501,0.0328199486615328,0.00275027502750275,0.257975797579758,0.119361936193619,0.0858085808580858
288273.411807,2764366.126422,0.87447315374748,0.0104452996151732,0,0,0.00146600696353308,0.113615539673813
288773.411807,2764366.126422,0.924022756469077,0.00330335841438796,0,0,0,0.0726738851165352
289273.411807,2764366.126422,0.864661654135338,0.075187969924812,0,0.000183385292499542,0.00293416467999266,0.0570328259673574
289773.411807,2764366.126422,0.789628000733003,0.0293201392706615,0,0.000183250870441635,0.00384826827927433,0.177020340846619
290273.411807,2764366.126422,0.828592402275647,0,0,0.00110111947146265,0.00440447788585061,0.16590200036704
290773.411807,2764366.126422,0.915275994865212,0,0,0,0.00128369704749679,0.0834403080872914
291273.411807,2764366.126422,0.840021990104453,0,0,0.000183250870441635,0.00201575957485798,0.157778999450247
291773.411807,2764366.126422,0.311616810423931,0.0203707102220591,0.0168838318957607,0.37750045879978,0.184621031381905,0.0890071572765645
292273.411807,2764366.126422,0.0317256556024207,0.0139372822299652,0.0209059233449477,0.760315422703099,0.154227030992114,0.0188886851274528
292773.411807,2764366.126422,0.106285504856148,0.0485614806670332,0.023089609675646,0.523364485981308,0.176104086494411,0.122594832325454
293273.411807,2764366.126422,0.0952468342815195,0.0229399889888053,0.0122958340979996,0.710772618829143,0.126078179482474,0.0326665443200587
293773.411807,2764366.126422,0.109664404914726,0.0533651201173666,0.123785072437191,0.248487071336879,0.200256739409499,0.264441591784339
294273.411807,2764366.126422,0.0240058640278541,0.0262048744731537,0.0668865677111966,0.0414146967198094,0.0674363203225215,0.774051676745464
294773.411807,2764366.126422,0.0506514956872821,0.0359699027344467,0.00238575885483575,0.672416957239861,0.161130482657368,0.0774454028262066
295273.411807,2764366.126422,0.0865578580597836,0.0269576379974326,0.00623509994498441,0.654135338345865,0.129103245919677,0.0970108197322575
295773.411807,2764366.126422,0.130108118013561,0.0634048011728056,0.0174088326919553,0.59299981674913,0.147516950705516,0.0485614806670332
296273.411807,2764366.126422,0.179298953936502,0.0616626904019086,0.0187190310148651,0.45641402092127,0.162965681776473,0.120939621948981
296773.411807,2764366.126422,0.129653401797176,0.0495140289748762,0.0330093526499175,0.501008619108747,0.185402530717036,0.101412066752246
297273.411807,2764366.126422,0.0386659336631849,0.0328019058090526,0.0146600696353308,0.76122411581455,0.131390874106652,0.0212571009712296
297773.411807,2764366.126422,0.179849513672233,0.0317489447605065,0.00568911726922371,0.409249403560286,0.229583409799963,0.143879610937787
298273.411807,2764366.126422,0.656519347148359,0.0100861910874748,0,0.0163212910324592,0.0803227581147992,0.236750412616908
298773.411807,2764366.126422,0.347626901227781,0.0153930731170973,0,0.149899212021257,0.157412497709364,0.329668315924501
299273.411807,2764366.126422,0.437878509818315,0.0352358230868049,0.000183519911910442,0.0965314736648926,0.117636263534593,0.312534409983483
299773.411807,2764366.126422,0.598019438841005,0.0159545204474601,0,0.0781221346048047,0.103062534384742,0.204841371721988
300273.411807,2764366.126422,0.802272310793476,0.00384826827927433,0,0.0280373831775701,0.0406816932380429,0.125160344511636
288273.411807,2763866.126422,0.899084249084249,0.000183150183150183,0,0.000366300366300366,0.0032967032967033,0.0970695970695971
288773.411807,2763866.126422,0.941651376146789,0,0,0,0.00055045871559633,0.0577981651376147
289273.411807,2763866.126422,0.832324344157035,0,0,0.00550357732526142,0.0196294257934324,0.142542652724271
289773.411807,2763866.126422,0.978021978021978,0.000183150183150183,0,0,0,0.0217948717948718
290273.411807,2763866.126422,0.84,0.00036697247706422,0,0.00201834862385321,0.00899082568807339,0.148623853211009
290773.411807,2763866.126422,0.778022381214456,0.00238488350761328,0,0.0640249495505412,0.0497156485048615,0.105852137222528
291273.411807,2763866.126422,0.48956043956044,0.00805860805860806,0.00769230769230769,0.275824175824176,0.0846153846153846,0.134249084249084
291773.411807,2763866.126422,0.0622018348623853,0.0231192660550459,0.026605504587156,0.66697247706422,0.193211009174312,0.0278899082568807
292273.411807,2763866.126422,0.127316088791048,0.0258668134287287,0.00770500825536599,0.576591451109888,0.194459732159237,0.0680609062557329
292773.411807,2763866.126422,0.124908424908425,0.0498168498168498,0.0135531135531136,0.528571428571429,0.166849816849817,0.116300366300366
293273.411807,2763866.126422,0.205321100917431,0.0242201834862385,0.0141284403669725,0.288256880733945,0.179082568807339,0.288990825688073
293773.411807,2763866.126422,0.0618235186204366,0.129700972298661,0.295175197211521,0.0130251330031187,0.0541185103650706,0.446156668501192
294273.411807,2763866.126422,0.0738095238095238,0.067032967032967,0.0304029304029304,0.136996336996337,0.120512820512821,0.571245421245421
294773.411807,2763866.126422,0.0944954128440367,0.116880733944954,0.0510091743119266,0.503302752293578,0.158348623853211,0.0759633027522936
295273.411807,2763866.126422,0.115024766097964,0.100165107319758,0.0478811227297744,0.482847184002935,0.164190056870299,0.0898917629792699
295773.411807,2763866.126422,0.126923076923077,0.0888278388278388,0.0305860805860806,0.488095238095238,0.191025641025641,0.0745421245421245
296273.411807,2763866.126422,0.169908256880734,0.0825688073394495,0.051743119266055,0.456330275229358,0.146788990825688,0.0926605504587156
296773.411807,2763866.126422,0.257934323977252,0.0587048248027885,0.0117409649605577,0.294074481746469,0.127682993946065,0.249862410566868
297273.411807,2763866.126422,0.217948717948718,0.0313186813186813,0.0166666666666667,0.354945054945055,0.168315018315018,0.210805860805861
297773.411807,2763866.126422,0.577614678899083,0.0113761467889908,0.00036697247706422,0.0779816513761468,0.0748623853211009,0.257798165137615
298273.411807,2763866.126422,0.745918180150431,0.00201797835259585,0,0.00403595670519171,0.0132085855806274,0.234819299211154
298773.411807,2763866.126422,0.67051282051282,0.00293040293040293,0,0.0122710622710623,0.0507326007326007,0.263553113553114
299273.411807,2763866.126422,0.672477064220183,0.0218348623853211,0,0.0267889908256881,0.13045871559633,0.148440366972477
299773.411807,2763866.126422,0.655292606861126,0.00587048248027885,0,0.0135754907356448,0.0651256650155935,0.260135754907356
300273.411807,2763866.126422,0.815567765567766,0.00146520146520147,0,0.00311355311355311,0.0221611721611722,0.157692307692308
288273.411807,2763366.126422,0.904840484048405,0,0,0,0.000183351668500183,0.094976164283095
288773.411807,2763366.126422,0.946520146520146,0,0,0,0,0.0534798534798535
289273.411807,2763366.126422,0.862087912087912,0.000366300366300366,0,0,0.00567765567765568,0.131868131868132
289773.411807,2763366.126422,0.907407407407407,0,0,0,0.000183351668500183,0.0924092409240924
290273.411807,2763366.126422,0.36996336996337,0.00714285714285714,0,0.021978021978022,0.0873626373626374,0.513553113553114
290773.411807,2763366.126422,0.171245421245421,0.0214285714285714,0.00952380952380952,0.486630036630037,0.14981684981685,0.161355311355311
291273.411807,2763366.126422,0.0333700036670334,0.00861752841950862,0.00421708837550422,0.793546021268794,0.126329299596626,0.0339200586725339
291773.411807,2763366.126422,0.0395604395604396,0.015018315018315,0.00146520146520147,0.688461538461538,0.15952380952381,0.095970695970696
292273.411807,2763366.126422,0.0347985347985348,0.0461538461538462,0.00128205128205128,0.683516483516484,0.1503663003663,0.0838827838827839
292773.411807,2763366.126422,0.111661166116612,0.0852585258525853,0.000916758342500917,0.312981298129813,0.187202053538687,0.301980198019802
293273.411807,2763366.126422,0.132600732600733,0.0377289377289377,0.242124542124542,0.0490842490842491,0.0915750915750916,0.446886446886447
293773.411807,2763366.126422,0.0840659340659341,0.0445054945054945,0.01996336996337,0.0360805860805861,0.03003663003663,0.785347985347985
294273.411807,2763366.126422,0.143197653098643,0.081958195819582,0.0478547854785479,0.311147781444811,0.211037770443711,0.204803813714705
294773.411807,2763366.126422,0.089010989010989,0.162820512820513,0.0139194139194139,0.500549450549451,0.165567765567766,0.0681318681318681
295273.411807,2763366.126422,0.221978021978022,0.125457875457875,0.0148351648351648,0.132051282051282,0.192673992673993,0.313003663003663
295773.411807,2763366.126422,0.313164649798313,0.0231023102310231,0.00806747341400807,0.263659699303264,0.179134580124679,0.212871287128713
296273.411807,2763366.126422,0.144139194139194,0.084981684981685,0.0157509157509158,0.370512820512821,0.174358974358974,0.21025641025641
296773.411807,2763366.126422,0.292490842490843,0.0263736263736264,0.00384615384615385,0.291025641025641,0.169230769230769,0.217032967032967
297273.411807,2763366.126422,0.378254492115878,0.0207187385405207,0.00916758342500917,0.228639530619729,0.186101943527686,0.177117711771177
297773.411807,2763366.126422,0.464652014652015,0.0106227106227106,0,0.18003663003663,0.149267399267399,0.195421245421245
298273.411807,2763366.126422,0.882967032967033,0,0,0,0.000183150183150183,0.116849816849817
298773.411807,2763366.126422,0.715254858819215,0.000183351668500183,0,0.00183351668500183,0.0201686835350202,0.262559589292263
299273.411807,2763366.126422,0.807142857142857,0.00201465201465201,0,0.00238095238095238,0.0181318681318681,0.17032967032967
299773.411807,2763366.126422,0.485531135531136,0.013003663003663,0,0.01996336996337,0.147252747252747,0.334249084249084
300273.411807,2763366.126422,0.605977264393106,0.0033003300330033,0,0.0405207187385405,0.099009900990099,0.251191785845251
288273.411807,2762866.126422,0.82957669048928,0.00384826827927433,0,0.000366501740883269,0.00861279091075683,0.157595748579806
288773.411807,2762866.126422,0.90053220774454,0,0,0,0,0.0994677922554597
289273.411807,2762866.126422,0.672290482303319,0.00641848523748395,0,0.0172382174949569,0.0977443609022556,0.206308454061984
289773.411807,2762866.126422,0.383910573575224,0.0166758292101887,0.00348176653839106,0.209455744914788,0.201942459226681,0.184533626534726
290273.411807,2762866.126422,0.122040741420444,0.0170673518076711,0.000550559735731327,0.582859240227565,0.182051752615159,0.09543035419343
290773.411807,2762866.126422,0.0781221346048047,0.0256739409499358,0.0154043645699615,0.68787823216578,0.137905739959655,0.0550155877498625
291273.411807,2762866.126422,0.0568077698369067,0.0287703866593366,0.00733003481766538,0.720908924317391,0.10536925050394,0.0808136338647609
291773.411807,2762866.126422,0.131033217104056,0.0247751881079097,0.00991007524316388,0.355661589282437,0.133786015782712,0.344833914479721
292273.411807,2762866.126422,0.126719237117183,0.0210893086374473,0.00348432055749129,0.363102879149092,0.169448010269576,0.31615624426921
292773.411807,2762866.126422,0.121312076232362,0.134322888033718,0.0547920102620487,0.0489279824079164,0.0214403518416712,0.619204691222283
293273.411807,2762866.126422,0.0919434758671316,0.1493852082951,0.153789686180951,0.0379886217654616,0.0082583960359699,0.558634611855386
293773.411807,2762866.126422,0.0669356317623327,0.0401613790573996,0.0254905556574363,0.505776636713736,0.125618925362186,0.23601687144691
294273.411807,2762866.126422,0.0441634597764339,0.0177753344328386,0.00366501740883269,0.805021073850101,0.111050027487631,0.0183250870441635
294773.411807,2762866.126422,0.224995412002202,0.0374380620297302,0.0135804734813727,0.328317122407781,0.212516057992292,0.183152872086621
295273.411807,2762866.126422,0.500825233816248,0.0137538969374656,0.00110031175499725,0.0761048963873097,0.109114249037227,0.299101412066752
295773.411807,2762866.126422,0.522631482499542,0.00806303829943192,0.000549752611324904,0.0274876305662452,0.0621220450797141,0.379146050943742
296273.411807,2762866.126422,0.303725454211782,0.0234905487245366,0.00568911726922371,0.286658102404111,0.179665993760323,0.200770783630024
296773.411807,2762866.126422,0.792774619475518,0.00165046763249587,0,0.0124701998899688,0.0249403997799376,0.16816431322208
297273.411807,2762866.126422,0.879787428990288,0.00183250870441635,0,0.00201575957485798,0.00384826827927433,0.112516034451164
297773.411807,2762866.126422,0.822352725270692,0.000367039823820885,0,0.00605615709304459,0.0163332721600294,0.154890805652413
298273.411807,2762866.126422,0.786906290115533,0.00256739409499358,0,0.0282413350449294,0.0183385292499542,0.16394645149459
298773.411807,2762866.126422,0.756093091442184,0.000549752611324904,0,0.00183250870441635,0.0131940626717977,0.228330584570277
299273.411807,2762866.126422,0.759038355661589,0.00458799779776106,0,0.00110111947146265,0.0236740686364471,0.21159845843274
299773.411807,2762866.126422,0.718503576013204,0.000733541169998166,0,0.00806895286997983,0.0240234733174399,0.248670456629378
300273.411807,2762866.126422,0.671614440168591,0.0133773135422393,0,0.0430639545537841,0.0450797141286421,0.226864577606744
288273.411807,2762366.126422,0.663369963369963,0.0043956043956044,0,0.00805860805860806,0.0525641025641026,0.271611721611722
288773.411807,2762366.126422,0.579449541284404,0.00917431192660551,0,0.0376146788990826,0.0941284403669725,0.279633027522936
289273.411807,2762366.126422,0.208585580627408,0.0194459732159237,0.000183452577508714,0.10126582278481,0.164556962025316,0.505962208769033
289773.411807,2762366.126422,0.0774725274725275,0.0467032967032967,0.0210622710622711,0.281868131868132,0.194322344322344,0.378571428571429
290273.411807,2762366.126422,0.061651376146789,0.12256880733945,0.0196330275229358,0.364403669724771,0.149357798165138,0.282385321100917
290773.411807,2762366.126422,0.0366905155017428,0.106035589800037,0.0625573289304715,0.388369106585948,0.138690148596588,0.267657310585214
291273.411807,2762366.126422,0.0619047619047619,0.0734432234432234,0.0250915750915751,0.405677655677656,0.129487179487179,0.304395604395604
291773.411807,2762366.126422,0.00385321100917431,0.199449541284404,0.0418348623853211,0.164220183486239,0.0772477064220184,0.513394495412844
292273.411807,2762366.126422,0.0199963309484498,0.0616400660429279,0.208035222894882,0.0198128783709411,0.0117409649605577,0.678774536782242
292773.411807,2762366.126422,0.115750915750916,0.110989010989011,0.114285714285714,0.224175824175824,0.0783882783882784,0.356410256410256
293273.411807,2762366.126422,0.0689908256880734,0.0181651376146789,0.0111926605504587,0.6,0.163669724770642,0.137981651376147
293773.411807,2762366.126422,0.255732893047147,0.0344890845716382,0.00532012474775271,0.362502293157219,0.158869932122546,0.183085672353697
294273.411807,2762366.126422,0.122344322344322,0.0283882783882784,0.00915750915750916,0.566666666666667,0.22032967032967,0.0531135531135531
294773.411807,2762366.126422,0.184403669724771,0.0434862385321101,0.0168807339449541,0.268256880733945,0.151743119266055,0.335229357798165
295273.411807,2762366.126422,0.32526141992295,0.0143093010456797,0.000733810310034856,0.094294624839479,0.120528343423225,0.444872500458631
295773.411807,2762366.126422,0.707875457875458,0.00311355311355311,0,0.0043956043956044,0.0245421245421245,0.26007326007326
296273.411807,2762366.126422,0.519082568807339,0.0201834862385321,0.00073394495412844,0.0822018348623853,0.128807339449541,0.248990825688073
296773.411807,2762366.126422,0.77178499357916,0.000550357732526142,0,0,0.00623738763529628,0.221427261053018
297273.411807,2762366.126422,0.932967032967033,0,0,0,0,0.067032967032967
297773.411807,2762366.126422,0.854678899082569,0.00036697247706422,0,0,0,0.144954128440367
298273.411807,2762366.126422,0.827554577141809,0.000550357732526142,0,0.000183452577508714,0.00220143093010457,0.169510181618052
298773.411807,2762366.126422,0.855311355311355,0,0,0,0.00164835164835165,0.143040293040293
299273.411807,2762366.126422,0.752844036697248,0.00715596330275229,0,0.00018348623853211,0.00513761467889908,0.234678899082569
299773.411807,2762366.126422,0.933590166941845,0.000183452577508714,0,0.00220143093010457,0.00733810310034856,0.0566868464501926
300273.411807,2762366.126422,0.930769230769231,0,0,0,0,0.0692307692307692
288273.411807,2761866.126422,0.40997433076641,0.0144847818115145,0.000733406674000733,0.00751741840850752,0.0520718738540521,0.515218188485515
288773.411807,2761866.126422,0.0677655677655678,0.000549450549450549,0,0.000366300366300366,0.0124542124542125,0.918864468864469
289273.411807,2761866.126422,0.0512820512820513,0.0567765567765568,0.111355311355311,0.0404761904761905,0.0445054945054945,0.695604395604396
289773.411807,2761866.126422,0.0469380271360469,0.037953795379538,0.0786578657865787,0.425742574257426,0.116611661166117,0.294096076274294
290273.411807,2761866.126422,0.0913919413919414,0.0483516483516484,0.000732600732600733,0.302747252747253,0.113369963369963,0.443406593406593
290773.411807,2761866.126422,0.1,0.0489010989010989,0.0100732600732601,0.228937728937729,0.119413919413919,0.492673992673993
291273.411807,2761866.126422,0.167216721672167,0.079024569123579,0.0456545654565457,0.0372203887055372,0.0982764943160983,0.572607260726073
291773.411807,2761866.126422,0.0177655677655678,0.0371794871794872,0.00183150183150183,0.251098901098901,0.0998168498168498,0.592307692307692
292273.411807,2761866.126422,0.0404761904761905,0.0472527472527473,0.0124542124542125,0.563186813186813,0.208424908424908,0.128205128205128
292773.411807,2761866.126422,0.0870920425375871,0.0385038503850385,0.0209020902090209,0.631279794646131,0.182984965163183,0.0392372570590392
293273.411807,2761866.126422,0.11043956043956,0.0564102564102564,0.0131868131868132,0.487362637362637,0.192124542124542,0.14047619047619
293773.411807,2761866.126422,0.128388278388278,0.0362637362637363,0.0188644688644689,0.533333333333333,0.154395604395604,0.128754578754579
294273.411807,2761866.126422,0.133846718005134,0.0258525852585259,0.0172350568390172,0.545287862119545,0.166483314998166,0.111294462779611
294773.411807,2761866.126422,0.262271062271062,0.0172161172161172,0.000549450549450549,0.0793040293040293,0.101831501831502,0.538827838827839
295273.411807,2761866.126422,0.615384615384615,0.00201465201465201,0.000366300366300366,0.0567765567765568,0.0452380952380952,0.28021978021978
295773.411807,2761866.126422,0.947194719471947,0.000366703337000367,0,0,0,0.0524385771910524
296273.411807,2761866.126422,0.650915750915751,0.00805860805860806,0.00347985347985348,0.0291208791208791,0.112454212454212,0.195970695970696
296773.411807,2761866.126422,0.889377289377289,0.000366300366300366,0,0.000366300366300366,0.00549450549450549,0.104395604395604
297273.411807,2761866.126422,0.742024202420242,0.00366703337000367,0,0.0146681334800147,0.0311697836450312,0.208470847084708
297773.411807,2761866.126422,0.85018315018315,0.00183150183150183,0,0.00164835164835165,0.0128205128205128,0.133516483516484
298273.411807,2761866.126422,0.79981684981685,0.00494505494505494,0.000183150183150183,0.0141025641025641,0.0714285714285714,0.10952380952381
298773.411807,2761866.126422,0.573524019068574,0.0111844517785112,0,0.0465713237990466,0.172533920058673,0.196186285295196
299273.411807,2761866.126422,0.752930402930403,0.00586080586080586,0,0.0197802197802198,0.0882783882783883,0.133150183150183
299773.411807,2761866.126422,0.879304029304029,0.00293040293040293,0,0.000183150183150183,0.0108058608058608,0.106776556776557
300273.411807,2761866.126422,0.933993399339934,0,0,0,0,0.066006600660066
288273.411807,2761366.126422,0.0579072750595565,0.216236027121129,0.0606560381161811,0.0826461425691772,0.0298698918819864,0.55268462525197
288773.411807,2761366.126422,0.117636263534593,0.0295467058175812,0.0924940356028629,0.234721967333456,0.105523949348504,0.420077078363002
289273.411807,2761366.126422,0.070419952319824,0.0207225380524482,0.000550155877498625,0.405831652301485,0.162112598569595,0.340363102879149
289773.411807,2761366.126422,0.0751328568810702,0.0188748396554884,0.00109950522264981,0.536558548653106,0.168957302547187,0.199376947040498
290273.411807,2761366.126422,0.114699944944026,0.0433106992108644,0.000734079647641769,0.207928060194531,0.165167920719398,0.468159295283538
290773.411807,2761366.126422,0.207592151109481,0.0146708233999633,0.00165046763249587,0.221346048046947,0.159545204474601,0.395195305336512
291273.411807,2761366.126422,0.152831225948323,0.0225398570643211,0.0194245922668133,0.203958218801539,0.126076598863845,0.475169507055159
291773.411807,2761366.126422,0.132317856487429,0.0372545421178198,0.0372545421178198,0.493301523215269,0.214718296935217,0.0851532391264452
292273.411807,2761366.126422,0.132770951769668,0.0654685494223363,0.022006235099945,0.445809646066385,0.186686227764533,0.147258389877132
292773.411807,2761366.126422,0.3833608209639,0.0269378779549203,0.0102620487447315,0.251053692505039,0.151548469855232,0.176837089976177
293273.411807,2761366.126422,0.274545788218022,0.0297302257294917,0.00293631859056708,0.232152688566709,0.142594971554414,0.318040007340796
293773.411807,2761366.126422,0.317623326609206,0.0190720704199523,0.000366770584999083,0.171465248487071,0.140839904639648,0.350632679259123
294273.411807,2761366.126422,0.614073666849917,0.00366501740883269,0.000916254352208173,0.0518599963349826,0.0584570276708814,0.271028037383178
294773.411807,2761366.126422,0.625802899614608,0.00440447788585061,0,0.077995962561938,0.0855202789502661,0.206276380987337
295273.411807,2761366.126422,0.5200806895287,0.00110031175499725,0,0.000366770584999083,0.00715202640748212,0.471300201723822
295773.411807,2761366.126422,0.812534359538208,0.00183250870441635,0,0.00164925783397471,0.009529045262965,0.174454828660436
296273.411807,2761366.126422,0.685813910809323,0.00311983850247752,0.00238575885483575,0.0245916681959993,0.0552394934850431,0.228849330152322
296773.411807,2761366.126422,0.65193471483587,0.00330093526499175,0,0.00568494406748579,0.0366770584999083,0.302402347331744
297273.411807,2761366.126422,0.789994502473887,0.00733003481766538,0.00274876305662452,0.0130108118013561,0.0260216236027121,0.160894264247755
297773.411807,2761366.126422,0.700679023674069,0.00770783630023858,0,0.0106441548908057,0.0869884382455496,0.193980546889337
298273.411807,2761366.126422,0.478635613423803,0.0157711351549606,0,0.0344764349899138,0.229781771501926,0.241335044929397
298773.411807,2761366.126422,0.550852116547554,0.0120945574491479,0,0.0665200659703134,0.18160161260766,0.188931647425325
299273.411807,2761366.126422,0.72178381354377,0.0291796659937603,0,0.000917599559552211,0.0267939071389246,0.221325013763993
299773.411807,2761366.126422,0.925728956537686,0.000550155877498625,0,0,0.000366770584999083,0.0733541169998166
300273.411807,2761366.126422,0.746747297049661,0.0146600696353308,0,0.000366501740883269,0.051126992853216,0.187099138720909
288273.411807,2760866.126422,0.155494505494505,0.0120879120879121,0.000183150183150183,0.0842490842490843,0.0822344322344322,0.665750915750916
288773.411807,2760866.126422,0.104587155963303,0.0392660550458716,0.00055045871559633,0.224036697247706,0.219449541284404,0.412110091743119
289273.411807,2760866.126422,0.107503210420106,0.0126582278481013,0.00091726288754357,0.268024215740231,0.159236837277564,0.451660245826454
289773.411807,2760866.126422,0.0727106227106227,0.0864468864468864,0,0.186996336996337,0.109340659340659,0.544505494505494
290273.411807,2760866.126422,0.134128440366972,0.0508256880733945,0,0.252660550458716,0.11394495412844,0.448440366972477
290773.411807,2760866.126422,0.0820033021463952,0.0495321959273528,0,0.354246927169327,0.127866446523574,0.386351128233352
291273.411807,2760866.126422,0.118864468864469,0.0192307692307692,0.0366300366300366,0.213736263736264,0.104945054945055,0.506593406593407
291773.411807,2760866.126422,0.160917431192661,0.0477064220183486,0.0242201834862385,0.349174311926606,0.211743119266055,0.206238532110092
292273.411807,2760866.126422,0.379563382865529,0.0486149330398092,0.00330214639515685,0.085305448541552,0.134837644468905,0.348376444689048
292773.411807,2760866.126422,0.663003663003663,0.00164835164835165,0.000183150183150183,0.0853479853479854,0.0578754578754579,0.191941391941392
293273.411807,2760866.126422,0.685321100917431,0,0,0.00330275229357798,0.00605504587155963,0.305321100917431
293773.411807,2760866.126422,0.77600440286186,0.000550357732526142,0,0.00201797835259585,0.00550357732526142,0.215923683727756
294273.411807,2760866.126422,0.815934065934066,0.0021978021978022,0,0,0.000366300366300366,0.181501831501831
294773.411807,2760866.126422,0.879266055045872,0,0,0.00073394495412844,0.0055045871559633,0.114495412844037
295273.411807,2760866.126422,0.550724637681159,0.015410016510732,0.00110071546505228,0.0251330031186938,0.166574940377912,0.24105668684645
295773.411807,2760866.126422,0.914102564102564,0.00256410256410256,0,0,0.00164835164835165,0.0816849816849817
296273.411807,2760866.126422,0.861651376146789,0.00311926605504587,0,0.00073394495412844,0.00532110091743119,0.129174311926606
296773.411807,2760866.126422,0.984039625756742,0.00110071546505228,0,0,0,0.0148596587782058
297273.411807,2760866.126422,0.92051282051282,0.00494505494505494,0.000915750915750916,0.000549450549450549,0.00347985347985348,0.0695970695970696
297773.411807,2760866.126422,0.637614678899083,0.0361467889908257,0,0.0368807339449541,0.125871559633028,0.16348623853211
298273.411807,2760866.126422,0.682076683177399,0.0245826453861677,0.000366905155017428,0.00678774536782242,0.0790680609062557,0.207117960007338
298773.411807,2760866.126422,0.936630036630037,0.000915750915750916,0,0,0.00201465201465201,0.0604395604395604
299273.411807,2760866.126422,0.920733944954128,0,0,0,0,0.0792660550458716
299773.411807,2760866.126422,0.659145110988809,0.0108237020730141,0,0.0381581361218125,0.0869565217391304,0.204916529077234
300273.411807,2760866.126422,0.312637362637363,0.045970695970696,0.00274725274725275,0.190659340659341,0.283150183150183,0.164835164835165
288273.411807,2760366.126422,0.20993766043271,0.0892922625595893,0.0634396773010634,0.165383204987165,0.168316831683168,0.303630363036304
288773.411807,2760366.126422,0.210989010989011,0.0580586080586081,0.0230769230769231,0.0701465201465201,0.184249084249084,0.453479853479853
289273.411807,2760366.126422,0.116117216117216,0.0419413919413919,0.00641025641025641,0.302747252747253,0.220512820512821,0.312271062271062
289773.411807,2760366.126422,0.123579024569124,0.0209020902090209,0.000183351668500183,0.297396406307297,0.182618261826183,0.375320865419875
290273.411807,2760366.126422,0.132600732600733,0.017032967032967,0.0021978021978022,0.23040293040293,0.136446886446886,0.481318681318681
290773.411807,2760366.126422,0.164835164835165,0.0402930402930403,0.0747252747252747,0.264285714285714,0.116666666666667,0.339194139194139
291273.411807,2760366.126422,0.233956729006234,0.0355702236890356,0.0328199486615328,0.161166116611661,0.156949028236157,0.37953795379538
291773.411807,2760366.126422,0.454578754578755,0.0192307692307692,0.00201465201465201,0.0353479853479853,0.111538461538462,0.377289377289377
292273.411807,2760366.126422,0.823809523809524,0.00384615384615385,0,0.000549450549450549,0.00476190476190476,0.167032967032967
292773.411807,2760366.126422,0.891455812247891,0.0077007700770077,0,0,0,0.100843417675101
293273.411807,2760366.126422,0.83003663003663,0.000366300366300366,0,0,0.000915750915750916,0.168681318681319
293773.411807,2760366.126422,0.839377289377289,0.0010989010989011,0,0,0,0.15952380952381
294273.411807,2760366.126422,0.821598826549322,0.00293362669600293,0,0.000366703337000367,0.0146681334800147,0.16043270993766
294773.411807,2760366.126422,0.858791208791209,0.000183150183150183,0,0,0.000183150183150183,0.140842490842491
295273.411807,2760366.126422,0.698901098901099,0.00549450549450549,0,0.00347985347985348,0.0648351648351648,0.227289377289377
295773.411807,2760366.126422,0.948294829482948,0,0,0,0,0.0517051705170517
296273.411807,2760366.126422,0.907692307692308,0.000366300366300366,0,0,0.00164835164835165,0.0902930402930403
296773.411807,2760366.126422,0.977289377289377,0.000549450549450549,0,0,0,0.0221611721611722
297273.411807,2760366.126422,0.963513017968464,0.000183351668500183,0,0,0.000366703337000367,0.0359369270260359
297773.411807,2760366.126422,0.895970695970696,0.000183150183150183,0,0.000183150183150183,0.0043956043956044,0.0992673992673993
298273.411807,2760366.126422,0.956776556776557,0,0,0,0.000183150183150183,0.043040293040293
298773.411807,2760366.126422,0.527136046938027,0.011001100110011,0.000183351668500183,0.122112211221122,0.148698203153649,0.190869086908691
299273.411807,2760366.126422,0.257509157509157,0.00989010989010989,0,0.19029304029304,0.295604395604396,0.246703296703297
299773.411807,2760366.126422,0.306593406593407,0.0133699633699634,0,0.238644688644689,0.217765567765568,0.223626373626374
300273.411807,2760366.126422,0.436927026035937,0.0077007700770077,0,0.145764576457646,0.152915291529153,0.256692335900257
288273.411807,2759866.126422,0.118380062305296,0.163276525563496,0.109217518783214,0.314824995418728,0.155396738134506,0.138904159794759
288773.411807,2759866.126422,0.191594788034502,0.115801064415489,0.0504679757753716,0.238759405395485,0.177463754817398,0.225913011561754
289273.411807,2759866.126422,0.108380707867229,0.0504309554373739,0,0.0995782138272511,0.106546854942234,0.635063267925912
289773.411807,2759866.126422,0.0982224665567161,0.0258383727322705,0,0.390324354040682,0.141469671980942,0.34414513468939
290273.411807,2759866.126422,0.090475316571848,0.0844191594788034,0.137456414020921,0.242062763809873,0.0968985134887135,0.34868783262984
290773.411807,2759866.126422,0.264991747661838,0.0830735375022923,0.0812396845772969,0.101595452044746,0.113698881349716,0.355400696864112
291273.411807,2759866.126422,0.90690855781565,0.00201575957485798,0,0.00109950522264981,0.00494777350192413,0.0850284038849184
291773.411807,2759866.126422,0.688199669664159,0.00403743806202973,0,0.0218388695173426,0.049366856303909,0.23655716645256
292273.411807,2759866.126422,0.90408949202274,0.0022006235099945,0,0,0.000183385292499542,0.0935264991747662
292773.411807,2759866.126422,0.935312442734103,0,0,0,0.000916254352208173,0.0637713029136888
293273.411807,2759866.126422,0.98329968801615,0.000183519911910442,0,0,0,0.0165167920719398
293773.411807,2759866.126422,0.940766550522648,0,0,0,0.000366770584999083,0.0588666788923528
294273.411807,2759866.126422,0.927799157045996,0.00201575957485798,0,0,0.000183250870441635,0.0700018325087044
294773.411807,2759866.126422,0.931180033033584,0,0,0,0,0.0688199669664159
295273.411807,2759866.126422,0.851274527782872,0.000916926462497708,0,0,0.00183385292499542,0.145974692829635
295773.411807,2759866.126422,0.936595198827194,0.00201575957485798,0,0,0,0.0613890415979476
296273.411807,2759866.126422,0.957973940172509,0,0,0,0,0.0420260598274913
296773.411807,2759866.126422,0.618741976893453,0,0,0.00165046763249587,0.00256739409499358,0.377040161379057
297273.411807,2759866.126422,0.887667216419278,0,0,0,0,0.112332783580722
297773.411807,2759866.126422,0.920902917966599,0,0,0,0,0.0790970820334006
298273.411807,2759866.126422,0.488721804511278,0.00825233816247937,0.000366770584999083,0.0557491289198606,0.122868145974693,0.32404181184669
298773.411807,2759866.126422,0.407366684991754,0.0053142752428074,0,0.172255818215137,0.194795675279458,0.220267546270845
299273.411807,2759866.126422,0.465590016516792,0.00605615709304459,0.000917599559552211,0.216737015966232,0.0976325931363553,0.213066617728023
299773.411807,2759866.126422,0.708967540803228,0.00403447643498991,0,0.0764716669723088,0.0715202640748212,0.139006051714652
300273.411807,2759866.126422,0.331684075499359,0.0329851566794942,0,0.261682242990654,0.287154113982041,0.0864944108484515
288273.411807,2759366.126422,0.147069597069597,0.0498168498168498,0.0283882783882784,0.288095238095238,0.205860805860806,0.280769230769231
288773.411807,2759366.126422,0.107522935779817,0.021651376146789,0.00055045871559633,0.116330275229358,0.155045871559633,0.598899082568807
289273.411807,2759366.126422,0.0909924784443221,0.115758576407999,0,0.113190240322877,0.0871399743166392,0.592918730508164
289773.411807,2759366.126422,0.164285714285714,0.0435897435897436,0.0358974358974359,0.191391941391941,0.116849816849817,0.447985347985348
290273.411807,2759366.126422,0.311192660550459,0.0295412844036697,0.00697247706422018,0.148807339449541,0.0889908256880734,0.414495412844037
290773.411807,2759366.126422,0.628691983122363,0.0066042927903137,0,0.0497156485048615,0.0623738763529628,0.252614199229499
291273.411807,2759366.126422,0.933333333333333,0.000183150183150183,0,0,0.00146520146520147,0.065018315018315
291773.411807,2759366.126422,0.897247706422018,0.0018348623853211,0,0.00220183486238532,0.00862385321100917,0.0900917431192661
292273.411807,2759366.126422,0.910658594753256,0.000366905155017428,0,0,0.00421940928270042,0.0847550908090259
292773.411807,2759366.126422,0.895421245421245,0.00347985347985348,0,0,0.000183150183150183,0.100915750915751
293273.411807,2759366.126422,0.914311926605505,0.00018348623853211,0,0,0.00220183486238532,0.083302752293578
293773.411807,2759366.126422,0.890295358649789,0.002568336085122,0,0.000366905155017428,0.00348559897266557,0.103283801137406
294273.411807,2759366.126422,0.877655677655678,0.000183150183150183,0,0.000366300366300366,0.00311355311355311,0.118681318681319
294773.411807,2759366.126422,0.939633027522936,0,0,0,0,0.0603669724770642
