"x","y","forest","agri","water","built","other","grass"
166273.411807,2627366.126422,0,0.0245826453861677,0.144193725921849,0.818748853421391,0.0119244175380664,0.000550357732526142
166773.411807,2627366.126422,0,0.0509157509157509,0.787362637362637,0.147619047619048,0.0139194139194139,0.000183150183150183
167273.411807,2627366.126422,0,0.0308256880733945,0.869908256880734,0.0678899082568807,0.0302752293577982,0.00110091743119266
167773.411807,2627366.126422,0,0.0498991010823702,0.860759493670886,0.0568702990277013,0.029535864978903,0.00293524124013942
168273.411807,2627366.126422,0,0.0747252747252747,0.817765567765568,0.0347985347985348,0.0424908424908425,0.0302197802197802
168773.411807,2627366.126422,0,0.0772477064220184,0.80256880733945,0.0420183486238532,0.0308256880733945,0.0473394495412844
169273.411807,2627366.126422,0,0.0812694918363603,0.636396991377729,0.0579710144927536,0.0390753990093561,0.185287103283801
169773.411807,2627366.126422,0,0.0382783882783883,0.861721611721612,0.0377289377289377,0.0542124542124542,0.00805860805860806
170273.411807,2627366.126422,0.00623853211009174,0.0875229357798165,0.481467889908257,0.088256880733945,0.112110091743119,0.224403669724771
170773.411807,2627366.126422,0.0684278114107503,0.130251330031187,0.011557512383049,0.0425609979820216,0.107319757842598,0.639882590350394
171273.411807,2627366.126422,0.228205128205128,0.0476190476190476,0.00732600732600733,0.163736263736264,0.196336996336996,0.356776556776557
171773.411807,2627366.126422,0.171743119266055,0.211192660550459,0,0.0220183486238532,0.111926605504587,0.483119266055046
172273.411807,2627366.126422,0.206567602274812,0.264538616767566,0.010273344340488,0.0203632361034673,0.0687947165657677,0.429462483947899
172773.411807,2627366.126422,0.100732600732601,0.182234432234432,0.0324175824175824,0.104395604395604,0.104029304029304,0.476190476190476
173273.411807,2627366.126422,0.196790217806649,0.0464272067252579,0,0.184180359189912,0.180168131448223,0.392434084829958
166273.411807,2626866.126422,0,0.0032967032967033,0.384615384615385,0.583882783882784,0.0282051282051282,0
166773.411807,2626866.126422,0,0.0117345067840117,0.593876054272094,0.353135313531353,0.0412541254125413,0
167273.411807,2626866.126422,0,0.00146520146520147,0.566483516483516,0.414468864468864,0.0175824175824176,0
167773.411807,2626866.126422,0,0.0245421245421245,0.734981684981685,0.194322344322344,0.043956043956044,0.0021978021978022
168273.411807,2626866.126422,0.000366703337000367,0.0606894022735607,0.766043270993766,0.112761276127613,0.0357535753575358,0.0243857719105244
168773.411807,2626866.126422,0,0.0272893772893773,0.898717948717949,0.0532967032967033,0.0164835164835165,0.00421245421245421
169273.411807,2626866.126422,0.00512820512820513,0.0705128205128205,0.694688644688645,0.0721611721611722,0.0772893772893773,0.0802197802197802
169773.411807,2626866.126422,0,0.0933259992665933,0.588192152548588,0.0353868720205354,0.127796112944628,0.155298863219655
170273.411807,2626866.126422,0.0587912087912088,0.0483516483516484,0.152380952380952,0.0238095238095238,0.102930402930403,0.613736263736264
170773.411807,2626866.126422,0.14010989010989,0.202014652014652,0,0.0108058608058608,0.0507326007326007,0.596336996336996
171273.411807,2626866.126422,0.081958195819582,0.349468280161349,0.00348368170150348,0.0102676934360103,0.0410707737440411,0.513751375137514
171773.411807,2626866.126422,0.128388278388278,0.311721611721612,0,0.0294871794871795,0.0470695970695971,0.483333333333333
172273.411807,2626866.126422,0.157142857142857,0.413003663003663,0,0.0238095238095238,0.0727106227106227,0.333333333333333
172773.411807,2626866.126422,0.13036303630363,0.205720572057206,0.0649064906490649,0.0451045104510451,0.0955262192885955,0.458379171250458
173273.411807,2626866.126422,0.117893933613125,0.283098054177795,0,0.0719191148416635,0.107020221289584,0.420068676077833
166273.411807,2626366.126422,0,0.0278745644599303,0.467082339996332,0.45589583715386,0.0361269026224097,0.0130203557674674
166773.411807,2626366.126422,0,0.0317024005864028,0.720359171706066,0.217702034084662,0.017042330951072,0.0131940626717977
167273.411807,2626366.126422,0,0.00880895577170123,0.349238392365572,0.5975408331804,0.026977427050835,0.017434391631492
167773.411807,2626366.126422,0.000733541169998166,0.0361269026224097,0.514212360168715,0.378140473134055,0.0506143407298735,0.0201723821749496
168273.411807,2626366.126422,0,0.0318856514568444,0.810335349092908,0.131390874106652,0.0218068535825545,0.00458127176104087
168773.411807,2626366.126422,0,0.0227564690768948,0.859240227564691,0.0930445953385942,0.0150486327766563,0.00991007524316388
169273.411807,2626366.126422,0.000550155877498625,0.0526315789473684,0.758298184485604,0.0473134054648817,0.0339262791124152,0.107280396112232
169773.411807,2626366.126422,0.00568077698369067,0.0547920102620487,0.774967931097673,0.0822796408282939,0.0441634597764339,0.03811618105186
170273.411807,2626366.126422,0.110295467058176,0.0433106992108644,0.0750596439713709,0.19104422829877,0.13690585428519,0.443384107175629
170773.411807,2626366.126422,0.094810196222263,0.205758298184486,0.00201723821749496,0.0695030258573262,0.106913625527233,0.520997615991198
171273.411807,2626366.126422,0.120395821880154,0.303463441451347,0.00128275609309144,0.0307861462341946,0.0428807036833425,0.501191130657871
171773.411807,2626366.126422,0.166269040190861,0.325380803817214,0,0.0150486327766563,0.0482657368324463,0.445035786382823
172273.411807,2626366.126422,0.175499724922061,0.227764533284431,0,0.0480469466348799,0.0792224463598019,0.469466348798826
172773.411807,2626366.126422,0.179952354773685,0.130291368884002,0,0.126076598863845,0.124060839288987,0.439618838189481
173273.411807,2626366.126422,0.0903879227976304,0.254156315688897,0.0313395757691573,0.0615325816931015,0.108350850372635,0.454232753678578
165273.411807,2625866.126422,0,0.0727106227106227,0.285531135531136,0.445421245421245,0.0492673992673993,0.147069597069597
165773.411807,2625866.126422,0.00458715596330275,0.0464220183486239,0.425504587155963,0.254862385321101,0.0388990825688073,0.229724770642202
166273.411807,2625866.126422,0.0271509814712897,0.0339387268391121,0.655109154283618,0.0908090258668134,0.0278847917813245,0.165107319757843
166773.411807,2625866.126422,0.0358974358974359,0.0265567765567766,0.670879120879121,0.0723443223443224,0.0166666666666667,0.177655677655678
167273.411807,2625866.126422,0.0146788990825688,0.0321100917431193,0.653577981651376,0.0667889908256881,0.0143119266055046,0.218532110091743
167773.411807,2625866.126422,0.0139423958906623,0.0425609979820216,0.74041460282517,0.0974133186571271,0.0199963309484498,0.0856723536965694
168273.411807,2625866.126422,0,0.0351648351648352,0.876556776556777,0.0697802197802198,0.0142857142857143,0.00421245421245421
168773.411807,2625866.126422,0,0.0658715596330275,0.694311926605505,0.174862385321101,0.038348623853211,0.026605504587156
169273.411807,2625866.126422,0.00110071546505228,0.0574206567602275,0.696019079068061,0.128233351678591,0.0787011557512383,0.0385250412768299
169773.411807,2625866.126422,0.0115384615384615,0.0838827838827839,0.527838827838828,0.0987179487179487,0.0913919413919414,0.186630036630037
170273.411807,2625866.126422,0.0521100917431193,0.0719266055045872,0.0897247706422018,0.248073394495413,0.168807339449541,0.369357798165138
170773.411807,2625866.126422,0.134837644468905,0.215556778572739,0.0291689598238855,0.0632911392405063,0.0616400660429279,0.495505411851037
171273.411807,2625866.126422,0.089010989010989,0.323443223443223,0.00989010989010989,0.0562271062271062,0.0811355311355311,0.44029304029304
171773.411807,2625866.126422,0.0563302752293578,0.356330275229358,0,0.0774311926605505,0.06,0.449908256880734
172273.411807,2625866.126422,0.109704641350211,0.380664098330582,0.00366905155017428,0.0963126031920749,0.0799853237937993,0.329664281783159
172773.411807,2625866.126422,0.106959706959707,0.370879120879121,0,0.0558608058608059,0.041025641025641,0.425274725274725
173273.411807,2625866.126422,0.109476499808942,0.455101260985862,0,0.0431792128391288,0.023118074130684,0.369124952235384
164773.411807,2625366.126422,0.0602564102564103,0.135897435897436,0.123076923076923,0.178388278388278,0.116483516483516,0.385897435897436
165773.411807,2625366.126422,0,0.132600732600733,0.564652014652015,0.114468864468864,0.0895604395604396,0.0987179487179487
166273.411807,2625366.126422,0,0.0188644688644689,0.923260073260073,0.0494505494505494,0.00201465201465201,0.00641025641025641
166773.411807,2625366.126422,0,0.0320865419875321,0.902090209020902,0.0471213788045471,0.00275027502750275,0.015951595159516
167273.411807,2625366.126422,0,0.00714285714285714,0.946703296703297,0.0428571428571429,0.0032967032967033,0
167773.411807,2625366.126422,0,0.0102564102564103,0.928571428571429,0.0490842490842491,0.0113553113553114,0.000732600732600733
168273.411807,2625366.126422,0.00165016501650165,0.0658232489915658,0.860836083608361,0.0544554455445545,0.0166850018335167,0.00055005500550055
168773.411807,2625366.126422,0.00183150183150183,0.0626373626373626,0.784432234432234,0.0758241758241758,0.047985347985348,0.0272893772893773
169273.411807,2625366.126422,0.000549450549450549,0.117399267399267,0.682783882783883,0.0446886446886447,0.0754578754578755,0.0791208791208791
169773.411807,2625366.126422,0.0315364869820315,0.0804913824715805,0.339017235056839,0.0713237990465713,0.128529519618629,0.349101576824349
170273.411807,2625366.126422,0.023992673992674,0.349450549450549,0.00256410256410256,0.0100732600732601,0.032967032967033,0.580952380952381
170773.411807,2625366.126422,0.0518315018315018,0.352197802197802,0.000549450549450549,0.108608058608059,0.118864468864469,0.367948717948718
171273.411807,2625366.126422,0.050971763843051,0.243491015768244,0.0300696736340301,0.186101943527686,0.154198753208654,0.335166850018335
171773.411807,2625366.126422,0.0446886446886447,0.472527472527473,0.0637362637362637,0.0428571428571429,0.0664835164835165,0.30970695970696
172273.411807,2625366.126422,0.0912087912087912,0.203479853479853,0.0318681318681319,0.0873626373626374,0.134065934065934,0.452014652014652
172773.411807,2625366.126422,0.0799413274660799,0.419141914191419,0.0506050605060506,0.0295196186285295,0.0755408874220755,0.345251191785845
173273.411807,2625366.126422,0.122853872567722,0.350629530713468,0.0351011064479206,0.0375810759252194,0.081266692102251,0.372567722243419
165773.411807,2624866.126422,0,0.0594604514589833,0.393833730959809,0.229583409799963,0.135804734813727,0.181317672967517
166273.411807,2624866.126422,0,0.0309921144324225,0.937282229965157,0.0280579497524299,0.00366770584999083,0
166773.411807,2624866.126422,0,0.0199743448781382,0.702217335532344,0.268462525196995,0.0089792926516401,0.000366501740883269
167273.411807,2624866.126422,0,0.0104606349788952,0.789502661038723,0.192145347770233,0.00789135621214902,0
167773.411807,2624866.126422,0,0.0225563909774436,0.886301118650284,0.0706033376123235,0.0154043645699615,0.00513478818998716
168273.411807,2624866.126422,0.000366501740883269,0.0144768187648891,0.862561847168774,0.0945574491478835,0.024555616639179,0.00348176653839106
168773.411807,2624866.126422,0.000183519911910442,0.0644154890805652,0.770049550376216,0.0992842723435493,0.0352358230868049,0.0308313452009543
169273.411807,2624866.126422,0.0275077938749312,0.0869246286447827,0.365853658536585,0.16394645149459,0.110581331377224,0.245186136071887
169773.411807,2624866.126422,0.0544255085211655,0.0309693971046362,0.0192413413963716,0.301814183617372,0.153747480300531,0.439802089059923
170273.411807,2624866.126422,0.106441548908057,0.237291246100202,0,0.0513855753349238,0.107359148467609,0.497522481189209
170773.411807,2624866.126422,0.0460297084173849,0.530900421786173,0,0.022006235099945,0.0462130937098845,0.354850540986613
171273.411807,2624866.126422,0.0714678394722375,0.360271211288254,0.000549752611324904,0.0615722924683892,0.0960234561114165,0.410115448048378
171773.411807,2624866.126422,0.0585428518994311,0.507983116168104,0.000183519911910442,0.0189025509267756,0.0702881262616994,0.344099834832079
172273.411807,2624866.126422,0.0445626260773886,0.362552723271594,0,0.0128369704749679,0.0216394645149459,0.558408215661104
172773.411807,2624866.126422,0.0916254352208173,0.299798424042514,0,0.0806303829943192,0.108118013560564,0.419827744181785
173273.411807,2624866.126422,0.0693674756353908,0.503726351996942,0,0.0147143130135677,0.0485381234473533,0.363653735906746
164273.411807,2624366.126422,0.0321100917431193,0.504954128440367,0.00660550458715596,0.399082568807339,0.0332110091743119,0.0240366972477064
165773.411807,2624366.126422,0.00844036697247706,0.0420183486238532,0.408440366972477,0.230275229357798,0.0695412844036697,0.241284403669725
166273.411807,2624366.126422,0.0198128783709411,0.0522839845899835,0.617317923316823,0.0598055402678408,0.0627407815079802,0.188038891946432
166773.411807,2624366.126422,0.00567765567765568,0.036996336996337,0.560622710622711,0.12967032967033,0.0481684981684982,0.218864468864469
167273.411807,2624366.126422,0.00201834862385321,0.0467889908256881,0.614128440366972,0.167706422018349,0.0499082568807339,0.119449541284404
167773.411807,2624366.126422,0,0.0344890845716382,0.677857273894698,0.210603558980004,0.0262337185837461,0.0508163639699138
168273.411807,2624366.126422,0.00164835164835165,0.0525641025641026,0.527106227106227,0.0402930402930403,0.047985347985348,0.33040293040293
168773.411807,2624366.126422,0.00165137614678899,0.0647706422018349,0.230091743119266,0.0521100917431193,0.0759633027522936,0.575412844036697
169273.411807,2624366.126422,0.0706292423408549,0.0623738763529628,0.157952669235003,0.259035039442304,0.137956338286553,0.312052834342323
169773.411807,2624366.126422,0.0595238095238095,0.0172161172161172,0.00384615384615385,0.441575091575092,0.229304029304029,0.248534798534799
170273.411807,2624366.126422,0.0794495412844037,0.197247706422018,0.00073394495412844,0.0838532110091743,0.0803669724770642,0.558348623853211
170773.411807,2624366.126422,0.06989543203082,0.392405063291139,0.00146762062006971,0.0311869381764814,0.0719134103834159,0.433131535498074
171273.411807,2624366.126422,0.0666666666666667,0.417765567765568,0.000549450549450549,0.0155677655677656,0.0485347985347985,0.450915750915751
171773.411807,2624366.126422,0.0631192660550459,0.302201834862385,0.0018348623853211,0.120733944954128,0.148440366972477,0.363669724770642
172273.411807,2624366.126422,0.105852137222528,0.308383782792148,0,0.0493487433498441,0.0728306732709595,0.46358466336452
172773.411807,2624366.126422,0.0771062271062271,0.191391941391941,0,0.259157509157509,0.195970695970696,0.276373626373626
173273.411807,2624366.126422,0.0689721054642721,0.359189912113107,0,0.106419564386702,0.11711883836454,0.348299579671379
165773.411807,2623866.126422,0,0.0265567765567766,0.806227106227106,0.146703296703297,0.0195970695970696,0.000915750915750916
166273.411807,2623866.126422,0,0.0518315018315018,0.890659340659341,0.0201465201465201,0.0214285714285714,0.0159340659340659
166773.411807,2623866.126422,0,0.0207187385405207,0.934543454345435,0.0317198386505317,0.0119178584525119,0.0011001100110011
167273.411807,2623866.126422,0.00256410256410256,0.0917582417582418,0.61978021978022,0.202747252747253,0.0606227106227106,0.0225274725274725
167773.411807,2623866.126422,0,0.0657509157509158,0.634798534798535,0.207875457875458,0.0509157509157509,0.0406593406593407
168273.411807,2623866.126422,0.0111844517785112,0.0434543454345435,0.0786578657865787,0.467180051338467,0.127796112944628,0.271727172717272
168773.411807,2623866.126422,0.0104395604395604,0.0547619047619048,0.00970695970695971,0.215934065934066,0.131868131868132,0.577289377289377
169273.411807,2623866.126422,0.0331501831501832,0.0945054945054945,0.0236263736263736,0.308241758241758,0.213186813186813,0.327289377289377
169773.411807,2623866.126422,0.035020168683535,0.32966629996333,0.000366703337000367,0.0573890722405574,0.143564356435644,0.433993399339934
170273.411807,2623866.126422,0.0558608058608059,0.393040293040293,0,0.00695970695970696,0.0445054945054945,0.4996336996337
170773.411807,2623866.126422,0.0928571428571429,0.439194139194139,0,0.00641025641025641,0.0472527472527473,0.414285714285714
171273.411807,2623866.126422,0.135313531353135,0.41987532086542,0,0.0148514851485149,0.0407040704070407,0.389255592225889
171773.411807,2623866.126422,0.0619047619047619,0.547069597069597,0,0.0514652014652015,0.0853479853479854,0.254212454212454
172273.411807,2623866.126422,0.0796703296703297,0.512087912087912,0,0.0393772893772894,0.0672161172161172,0.301648351648352
172773.411807,2623866.126422,0.206637330399707,0.216905023835717,0,0.0742574257425743,0.0854418775210854,0.416758342500917
173273.411807,2623866.126422,0.0990080122090805,0.44944677603968,0,0.0604731018695155,0.0839374284624189,0.307134681419306
165773.411807,2623366.126422,0,0.0288126261699394,0.732795008258396,0.205358781427785,0.0330335841438796,0
166273.411807,2623366.126422,0,0.035209976159912,0.840638180817898,0.109481019622226,0.0141206675224647,0.000550155877498625
166773.411807,2623366.126422,0,0.0260216236027121,0.917537108301264,0.0454462158695254,0.00641378046545721,0.00458127176104087
167273.411807,2623366.126422,0.0130299137456414,0.0455129381537897,0.683428151954487,0.162782161864562,0.0255092677555515,0.0697375665259681
167773.411807,2623366.126422,0.00550155877498625,0.102695763799743,0.256372638914359,0.290115532734275,0.0647350082523382,0.280579497524299
168273.411807,2623366.126422,0.0131940626717977,0.074216602528862,0.023089609675646,0.108484515301448,0.140736668499175,0.640278541323071
168773.411807,2623366.126422,0.00550559735731327,0.0568911726922371,0.00568911726922371,0.0888236373646541,0.049366856303909,0.793723619012663
169273.411807,2623366.126422,0.0452961672473868,0.224280212726939,0.000183385292499542,0.106363469649734,0.136438657619659,0.487438107463781
169773.411807,2623366.126422,0.0408649441084845,0.351291918636614,0,0.0130108118013561,0.0718343412131208,0.522997984240425
170273.411807,2623366.126422,0.0550559735731327,0.289043861258947,0,0.0879060378051019,0.0985501926959075,0.469443934666911
170773.411807,2623366.126422,0.0348432055749129,0.323308270676692,0,0.0553823583348615,0.116633046029708,0.469833119383825
171273.411807,2623366.126422,0.0615722924683892,0.300348176653839,0,0.0861279091075683,0.0919919369617006,0.459959684808503
171773.411807,2623366.126422,0.0906588364837585,0.383373095980914,0,0.0403743806202973,0.0712057258212516,0.414387961093779
172273.411807,2623366.126422,0.0636346964973409,0.309554373739226,0,0.0913258756647717,0.0843572345497891,0.451127819548872
172773.411807,2623366.126422,0.0733003481766538,0.438885834707715,0.024555616639179,0.0665200659703134,0.081729888216969,0.31500824628917
173273.411807,2623366.126422,0.0244601566978788,0.489585323905981,0.00993693865851328,0.0426141792470858,0.0580928721574623,0.375310529333079
165773.411807,2622866.126422,0,0.0315596330275229,0.711559633027523,0.237247706422018,0.0188990825688073,0.00073394495412844
166273.411807,2622866.126422,0,0.0278847917813245,0.431113557145478,0.534764263437901,0.00605393505778756,0.000183452577508714
166773.411807,2622866.126422,0.00622710622710623,0.0478021978021978,0.383882783882784,0.532783882783883,0.0216117216117216,0.00769230769230769
167273.411807,2622866.126422,0.000917431192660551,0.0855045871559633,0.684220183486239,0.0256880733944954,0.0322935779816514,0.171376146788991
167773.411807,2622866.126422,0.001284168042561,0.0517336268574573,0.206017244542286,0.0462300495321959,0.0377912309667951,0.656943680058705
168273.411807,2622866.126422,0.0195970695970696,0.0730769230769231,0.00421245421245421,0.0663003663003663,0.0736263736263736,0.763186813186813
168773.411807,2622866.126422,0.00403669724770642,0.239633027522936,0.00018348623853211,0.0286238532110092,0.0708256880733945,0.656697247706422
169273.411807,2622866.126422,0.00550357732526142,0.324160704457898,0,0.0144927536231884,0.0372408732342689,0.618602091359384
169773.411807,2622866.126422,0.0412087912087912,0.344505494505495,0,0.00586080586080586,0.0338827838827839,0.574542124542124
170273.411807,2622866.126422,0.0346788990825688,0.230825688073394,0.000917431192660551,0.172477064220183,0.134678899082569,0.426422018348624
170773.411807,2622866.126422,0.121629058888277,0.292056503393873,0,0.0717299578059072,0.0884241423592002,0.426160337552743
171273.411807,2622866.126422,0.0463369963369963,0.370879120879121,0,0.0304029304029304,0.0822344322344322,0.47014652014652
171773.411807,2622866.126422,0.0110091743119266,0.606788990825688,0,0.00788990825688073,0.0176146788990826,0.356697247706422
172273.411807,2622866.126422,0.0379746835443038,0.456796917996698,0.0332049165290772,0.0465969546872134,0.0926435516419006,0.332782975600807
172773.411807,2622866.126422,0.0527472527472527,0.227838827838828,0.0238095238095238,0.0963369963369963,0.0593406593406593,0.53992673992674
173273.411807,2622866.126422,0.0416507451280092,0.42300343905235,0.0022927015666794,0.0599923576614444,0.0607565915170042,0.412304165074513
166773.411807,2622366.126422,0,0.00935093509350935,0.684451778511184,0.304547121378805,0.00165016501650165,0
167273.411807,2622366.126422,0.00659340659340659,0.0921245421245421,0.389010989010989,0.186630036630037,0.0725274725274725,0.253113553113553
167773.411807,2622366.126422,0.039010989010989,0.0304029304029304,0.00164835164835165,0.150549450549451,0.132417582417582,0.645970695970696
168273.411807,2622366.126422,0.0313531353135314,0.0141180784745141,0.00055005500550055,0.234140080674734,0.178951228456179,0.540887422075541
168773.411807,2622366.126422,0.00366300366300366,0.158791208791209,0,0.0186813186813187,0.0606227106227106,0.758241758241758
169273.411807,2622366.126422,0.0624542124542125,0.310805860805861,0,0.00512820512820513,0.0263736263736264,0.595238095238095
169773.411807,2622366.126422,0.0416208287495416,0.371837183718372,0,0.0478547854785479,0.0825082508250825,0.456178951228456
170273.411807,2622366.126422,0.113186813186813,0.228388278388278,0.000549450549450549,0.0738095238095238,0.121245421245421,0.462820512820513
170773.411807,2622366.126422,0.0461538461538462,0.35952380952381,0,0.0624542124542125,0.0582417582417582,0.473626373626374
171273.411807,2622366.126422,0.0335533553355336,0.461496149614961,0.000183351668500183,0.0192519251925193,0.0396039603960396,0.445911257792446
171773.411807,2622366.126422,0.0304029304029304,0.396336996336996,0,0.0326007326007326,0.0421245421245421,0.498534798534799
172273.411807,2622366.126422,0.0503663003663004,0.513553113553114,0.00952380952380952,0.0811355311355311,0.0494505494505494,0.295970695970696
172773.411807,2622366.126422,0.0430876420975431,0.437293729372937,0.000733406674000733,0.0977264393105977,0.100660066006601,0.320498716538321
173273.411807,2622366.126422,0.0644792064097673,0.390118275467379,0.0152613506295307,0.0486455551316292,0.117321632964517,0.364173979397177
166273.411807,2621866.126422,0.00348432055749129,0.0887584815697781,0.590867412433523,0.115165963689712,0.0465798642948836,0.155143957454612
166773.411807,2621866.126422,0,0.0311526479750779,0.749862561847169,0.187465640461792,0.0304196444933113,0.00109950522264981
167273.411807,2621866.126422,0.0212883097816113,0.0627638098733713,0.439163149201688,0.251972839053037,0.090475316571848,0.134336575518444
167773.411807,2621866.126422,0.0445626260773886,0.0700531817348249,0.0320924261874198,0.363469649734091,0.171465248487071,0.318356867779204
168273.411807,2621866.126422,0.0610225398570643,0.030602895363753,0.000733003481766538,0.461242440901594,0.258017225581821,0.188381894814
168773.411807,2621866.126422,0.046063497889521,0.0836850798311617,0.00311983850247752,0.16590200036704,0.110846026793907,0.590383556615893
169273.411807,2621866.126422,0.0429121584448927,0.225563909774436,0,0.141756831102146,0.180817898404548,0.408949202273978
169773.411807,2621866.126422,0.0590067802822063,0.357522448231629,0,0.0304196444933113,0.0864944108484515,0.466556716144402
170273.411807,2621866.126422,0.0868049183336392,0.265002752798679,0,0.0787300422095797,0.10772618829143,0.461736098366673
170773.411807,2621866.126422,0.0205391527599487,0.435723454978911,0.00330093526499175,0.0135705116449661,0.0416284613973959,0.485237483953787
171273.411807,2621866.126422,0.0269378779549203,0.499725123694338,0,0.0335349092908191,0.0513102437236577,0.388491845336265
171773.411807,2621866.126422,0.0400073407964764,0.335290879060378,0,0.0864378785098183,0.0598274912828042,0.478436410350523
172273.411807,2621866.126422,0.0430955437373923,0.367504126169081,0.000733541169998166,0.121217678342197,0.138272510544654,0.329176600036677
172773.411807,2621866.126422,0.0142935678944475,0.638446032618655,0,0.0053142752428074,0.0331684075499359,0.308777716694154
173273.411807,2621866.126422,0.0147143130135677,0.555513090005733,0,0.00133766481941525,0.0252245365946876,0.403210395566597
165773.411807,2621366.126422,0.0376146788990826,0.08,0.637798165137615,0.0480733944954128,0.0455045871559633,0.151009174311927
166273.411807,2621366.126422,0.00220143093010457,0.106219042377545,0.516785910842047,0.0845716382315172,0.0700788846083287,0.220143093010457
166773.411807,2621366.126422,0.00586080586080586,0.0507326007326007,0.671978021978022,0.0840659340659341,0.0340659340659341,0.153296703296703
167273.411807,2621366.126422,0.0286238532110092,0.0396330275229358,0.0902752293577982,0.0754128440366972,0.098348623853211,0.667706422018349
167773.411807,2621366.126422,0.0278847917813245,0.115391671252981,0.292056503393873,0.078884608328747,0.0983305815446707,0.387451843698404
168273.411807,2621366.126422,0.0756410256410256,0.105494505494505,0,0.026007326007326,0.0987179487179487,0.694139194139194
168773.411807,2621366.126422,0.0451376146788991,0.361284403669725,0.000917431192660551,0.0357798165137615,0.0862385321100917,0.470642201834862
169273.411807,2621366.126422,0.128233351678591,0.128049899101082,0,0.102366538249862,0.164190056870299,0.477160154100165
169773.411807,2621366.126422,0.0855311355311355,0.170512820512821,0.00274725274725275,0.0591575091575092,0.0912087912087912,0.590842490842491
170273.411807,2621366.126422,0.109908256880734,0.259082568807339,0,0.0157798165137615,0.0535779816513761,0.561651376146789
170773.411807,2621366.126422,0.0385250412768299,0.421940928270042,0.00440286186020914,0.0370574206567602,0.0598055402678408,0.438268207668318
171273.411807,2621366.126422,0.0619047619047619,0.454578754578755,0,0.0287545787545788,0.045970695970696,0.408791208791209
171773.411807,2621366.126422,0.105321100917431,0.453394495412844,0,0.00110091743119266,0.0177981651376147,0.422385321100917
172273.411807,2621366.126422,0.0842047330764997,0.353513116859292,0,0.0832874701889562,0.110071546505228,0.368923133370024
172773.411807,2621366.126422,0.0424908424908425,0.445421245421245,0,0.0161172161172161,0.0428571428571429,0.453113553113553
173273.411807,2621366.126422,0.0263660680168131,0.541650745128009,0.000382116927779901,0.0240733664501337,0.0441345051585785,0.363393198318685
165273.411807,2620866.126422,0.193986065273194,0.0506050605060506,0.302713604693803,0.244774477447745,0.0100843417675101,0.197836450311698
165773.411807,2620866.126422,0.00293040293040293,0.102197802197802,0.276007326007326,0.0282051282051282,0.0432234432234432,0.547435897435897
166273.411807,2620866.126422,0.000183150183150183,0.102197802197802,0.601648351648352,0.0657509157509158,0.0708791208791209,0.159340659340659
166773.411807,2620866.126422,0.0394206087275394,0.0551888522185552,0.143197653098643,0.0903923725705904,0.0826916024935827,0.589108910891089
167273.411807,2620866.126422,0.0573260073260073,0.0642857142857143,0.0697802197802198,0.0624542124542125,0.110622710622711,0.635531135531135
167773.411807,2620866.126422,0.0428571428571429,0.108424908424908,0.253113553113553,0.0710622710622711,0.0794871794871795,0.445054945054945
168273.411807,2620866.126422,0.0397873120645398,0.150531719838651,0.0674734140080675,0.0927759442610928,0.122478914558122,0.526952695269527
168773.411807,2620866.126422,0.0831501831501831,0.173809523809524,0.000183150183150183,0.0267399267399267,0.086996336996337,0.629120879120879
169273.411807,2620866.126422,0.0864468864468864,0.298168498168498,0,0.0741758241758242,0.11025641025641,0.430952380952381
169773.411807,2620866.126422,0.173267326732673,0.341034103410341,0,0.00605060506050605,0.024019068573524,0.455628896222956
170273.411807,2620866.126422,0.139010989010989,0.205860805860806,0,0.00274725274725275,0.0115384615384615,0.640842490842491
170773.411807,2620866.126422,0.0725274725274725,0.257692307692308,0,0.093956043956044,0.0820512820512821,0.493772893772894
171273.411807,2620866.126422,0.122112211221122,0.167583425009168,0.00861752841950862,0.145214521452145,0.148881554822149,0.407590759075908
171773.411807,2620866.126422,0.15970695970696,0.397069597069597,0,0.0886446886446886,0.0695970695970696,0.284981684981685
172273.411807,2620866.126422,0.0758241758241758,0.363369963369963,0.00860805860805861,0.176923076923077,0.121611721611722,0.253663003663004
172773.411807,2620866.126422,0.168866886688669,0.177484415108177,0.00715071507150715,0.175284195086175,0.160982764943161,0.31023102310231
173273.411807,2620866.126422,0.0745898512018314,0.552460892789012,0,0.0188859214040443,0.0490270888973674,0.305036245707745
165273.411807,2620366.126422,0.161260765988638,0.304562946673997,0.00183250870441635,0.0676195711929632,0.0645043063954554,0.40021990104453
165773.411807,2620366.126422,0.00330335841438796,0.409616443384107,0.0132134336575518,0.162231602128831,0.0829510001835199,0.328684162231602
166273.411807,2620366.126422,0.0150375939849624,0.0432789290298918,0.513112048413717,0.0643682376673391,0.0544654318723638,0.309737759031726
166773.411807,2620366.126422,0.0665200659703134,0.0795308777716694,0,0.0907091808686091,0.13230712845886,0.630932746930548
167273.411807,2620366.126422,0.0917599559552211,0.110111947146265,0,0.144613690585429,0.154156726004772,0.499357680308313
167773.411807,2620366.126422,0.0797726022373006,0.298918026774253,0.00385109114249037,0.0717036493673207,0.0937098844672657,0.45204474601137
168273.411807,2620366.126422,0.10317024005864,0.138354407183434,0.0382994319223016,0.0366501740883269,0.0995052226498076,0.58402052409749
168773.411807,2620366.126422,0.12864745824922,0.04147550009176,0.0422095797394017,0.0416590200036704,0.0778124426500275,0.66819599926592
169273.411807,2620366.126422,0.0893086374472767,0.12396845772969,0.0408949202273978,0.0430955437373923,0.0966440491472584,0.606088391710985
169773.411807,2620366.126422,0.0483782297965915,0.194978926149899,0.045629466739967,0.0293201392706615,0.128458860179586,0.553234377863295
170273.411807,2620366.126422,0.122407781244265,0.232703248302441,0.0409249403560286,0.0282620664342081,0.0578087722517893,0.517893191411268
170773.411807,2620366.126422,0.105996699064735,0.18815331010453,0.00586832935998533,0.0284247203374289,0.086007702182285,0.585549238951036
171273.411807,2620366.126422,0.0791643760307861,0.289353124427341,0,0.0318856514568444,0.0555250137438153,0.544071834341213
171773.411807,2620366.126422,0.0256927876674619,0.585428518994311,0,0.0233070288126262,0.0379886217654616,0.327583042760139
172273.411807,2620366.126422,0.0485971025123785,0.343113882266642,0.0152209792774619,0.0496974142673758,0.0982945167797543,0.445076104896387
172773.411807,2620366.126422,0.0943741982774418,0.278174821330401,0.000183250870441635,0.103719992669965,0.136155396738135,0.387392340113616
173273.411807,2620366.126422,0.120389833747372,0.34913051786738,0,0.0242690617236767,0.065354481177145,0.440856105484426
164773.411807,2619866.126422,0.324527609612915,0.0642084021280499,0,0.0451293340671436,0.0722803155384333,0.493854338653458
165273.411807,2619866.126422,0.0148351648351648,0.562454212454212,0,0.0135531135531136,0.0102564102564103,0.398901098901099
165773.411807,2619866.126422,0.00422018348623853,0.511559633027523,0,0.0992660550458716,0.033394495412844,0.351559633027523
166273.411807,2619866.126422,0.00495321959273528,0.125298110438452,0.158136121812511,0.0702623371858375,0.0843881856540084,0.556962025316456
166773.411807,2619866.126422,0.0611721611721612,0.176556776556777,0.000183150183150183,0.0858974358974359,0.0996336996336996,0.576556776556777
167273.411807,2619866.126422,0.120183486238532,0.0625688073394495,0.00385321100917431,0.141834862385321,0.164954128440367,0.506605504587156
167773.411807,2619866.126422,0.0330214639515685,0.466336452027151,0,0.0126582278481013,0.067327095945698,0.420656760227481
168273.411807,2619866.126422,0.0542124542124542,0.328388278388278,0,0.0153846153846154,0.0606227106227106,0.541391941391941
168773.411807,2619866.126422,0.0913761467889908,0.288256880733945,0,0.0499082568807339,0.064954128440367,0.505504587155963
169273.411807,2619866.126422,0.100348559897267,0.389469822051,0,0.0302696752889378,0.0662263804806457,0.41368556228215
169773.411807,2619866.126422,0.125091575091575,0.165567765567766,0.000183150183150183,0.128571428571429,0.145238095238095,0.435347985347985
170273.411807,2619866.126422,0.0735779816513761,0.466422018348624,0.00807339449541284,0.0686238532110092,0.0759633027522936,0.307339449541284
170773.411807,2619866.126422,0.0939277196844616,0.299211153916713,0.0449458814896349,0.0632911392405063,0.123647037240873,0.374977068427811
171273.411807,2619866.126422,0.0750915750915751,0.400915750915751,0.0402930402930403,0.0833333333333333,0.0846153846153846,0.315750915750916
171773.411807,2619866.126422,0.068256880733945,0.253211009174312,0.0409174311926606,0.142935779816514,0.135412844036697,0.359266055045872
172273.411807,2619866.126422,0.0508163639699138,0.34379013025133,0.0214639515685195,0.0779673454412034,0.114290955787929,0.391671252981104
172773.411807,2619866.126422,0.0485347985347985,0.595238095238095,0,0.0183150183150183,0.0743589743589744,0.263553113553114
173273.411807,2619866.126422,0.0917080626671762,0.288689338937715,0,0.15227359572029,0.111769201375621,0.355559801299198
164773.411807,2619366.126422,0.100732600732601,0.40970695970696,0,0.0141025641025641,0.0441391941391941,0.431318681318681
165273.411807,2619366.126422,0.0144847818115145,0.574807480748075,0,0.0247524752475248,0.0375870920425376,0.348368170150348
165773.411807,2619366.126422,0.0102564102564103,0.524908424908425,0,0.0807692307692308,0.0901098901098901,0.293956043956044
166273.411807,2619366.126422,0.0373626373626374,0.21996336996337,0,0.191941391941392,0.143772893772894,0.406959706959707
166773.411807,2619366.126422,0.0693069306930693,0.208104143747708,0.0533553355335534,0.175650898423176,0.153098643197653,0.34048404840484
167273.411807,2619366.126422,0.0434065934065934,0.318681318681319,0,0.0547619047619048,0.111355311355311,0.471794871794872
167773.411807,2619366.126422,0.0377289377289377,0.507326007326007,0.0139194139194139,0.0483516483516484,0.0641025641025641,0.328571428571429
168273.411807,2619366.126422,0.0496883021635497,0.507334066740007,0,0.0128346167950128,0.0513384671800513,0.378804547121379
168773.411807,2619366.126422,0.0937728937728938,0.25989010989011,0.0102564102564103,0.0987179487179487,0.131868131868132,0.405494505494505
169273.411807,2619366.126422,0.0531135531135531,0.452564102564103,0,0.00457875457875458,0.0186813186813187,0.471062271062271
169773.411807,2619366.126422,0.0163182984965163,0.360836083608361,0,0.0407040704070407,0.0711404473780711,0.511001100110011
170273.411807,2619366.126422,0.0937728937728938,0.379304029304029,0,0.00897435897435897,0.0304029304029304,0.487545787545788
170773.411807,2619366.126422,0.0512820512820513,0.395238095238095,0.019047619047619,0.0336996336996337,0.0695970695970696,0.431135531135531
171273.411807,2619366.126422,0.0044004400440044,0.738173817381738,0.00806747341400807,0.0066006600660066,0.0458379171250458,0.196919691969197
171773.411807,2619366.126422,0.0873626373626374,0.393223443223443,0.0010989010989011,0.126923076923077,0.131318681318681,0.26007326007326
172273.411807,2619366.126422,0.032967032967033,0.705311355311355,0.0043956043956044,0.0322344322344322,0.0919413919413919,0.133150183150183
172773.411807,2619366.126422,0.0364869820315365,0.57040704070407,0.0108177484415108,0.0740740740740741,0.0447378071140447,0.263476347634763
173273.411807,2619366.126422,0.094048073254483,0.395650515070584,0,0.0410148798168638,0.0597100343380389,0.409576497520031
164273.411807,2618866.126422,0.152505046797578,0.108276748027161,0.193797026977427,0.0495503762158194,0.0519361350706552,0.44393466691136
164773.411807,2618866.126422,0.00201723821749496,0.539519530533651,0.198056115899505,0.00953603520997616,0.0520814230698698,0.198789657069503
165273.411807,2618866.126422,0.0106285504856148,0.451163643027304,0.0287703866593366,0.0430639545537841,0.059190031152648,0.407183434121312
165773.411807,2618866.126422,0.049366856303909,0.272527069187007,0,0.148651128647458,0.12038906221325,0.409065883648376
166273.411807,2618866.126422,0.0330093526499175,0.0526315789473684,0,0.409866128736475,0.257106180084357,0.247386759581882
166773.411807,2618866.126422,0.032618654938611,0.682242990654206,0,0.0240058640278541,0.030602895363753,0.230529595015576
167273.411807,2618866.126422,0.085887318774087,0.229766929711874,0.114883464855937,0.0686364470545054,0.0979996329601762,0.402826206643421
167773.411807,2618866.126422,0.0792224463598019,0.417201540436457,0.000366770584999083,0.0550155877498625,0.061617458279846,0.386576196589034
168273.411807,2618866.126422,0.0820963899578523,0.338647608576141,0,0.0593732820230896,0.108301264431006,0.411581455011911
168773.411807,2618866.126422,0.0293631859056708,0.439530189025509,0,0.00495503762158194,0.0422095797394017,0.483942007707836
169273.411807,2618866.126422,0.0306253438474234,0.464881716486338,0,0.0608839171098478,0.0905923344947735,0.353016688061617
169773.411807,2618866.126422,0.0328019058090526,0.5695437053326,0.000366501740883269,0.0648708081363387,0.0892431739050761,0.243173905076049
170273.411807,2618866.126422,0.0658836483758488,0.415305560653331,0.0300972655533125,0.0974490732244448,0.0370710222059093,0.354193429987154
170773.411807,2618866.126422,0.0682193288098294,0.314322391344214,0.00146708233999633,0.0713368787823217,0.0902255639097744,0.454428754813864
171273.411807,2618866.126422,0.0139270661535642,0.566428440535093,0.00824628916987356,0.062671797691039,0.0908924317390508,0.25783397471138
171773.411807,2618866.126422,0.0662506881996697,0.576436043310699,0.0455129381537897,0.0273444668746559,0.0583593319875206,0.226096531473665
172273.411807,2618866.126422,0.00916926462497708,0.686044379240785,0.0188886851274528,0.0240234733174399,0.068402714102329,0.193471483587016
172773.411807,2618866.126422,0.212571009712296,0.538024555616639,0,0.0258383727322705,0.0328019058090526,0.190764156129742
173273.411807,2618866.126422,0.0298108159755398,0.714121918593541,0,0.0080259889164915,0.0298108159755398,0.218230460538888
164273.411807,2618366.126422,0.0777981651376147,0.241467889908257,0.00036697247706422,0.105504587155963,0.0948623853211009,0.48
164773.411807,2618366.126422,0.00458631443771785,0.139974316639149,0.332599523023298,0.0568702990277013,0.08273711245643,0.383232434415704
165273.411807,2618366.126422,0.0164835164835165,0.188095238095238,0.125457875457875,0.0646520146520147,0.0976190476190476,0.507692307692308
165773.411807,2618366.126422,0.0190825688073394,0.437981651376147,0.00018348623853211,0.0220183486238532,0.0423853211009174,0.478348623853211
166273.411807,2618366.126422,0.0487983856173179,0.427261053017795,0,0.0354063474591818,0.0691616217207852,0.41937259218492
166773.411807,2618366.126422,0.0424908424908425,0.603296703296703,0,0.0686813186813187,0.0652014652014652,0.22032967032967
167273.411807,2618366.126422,0.0726605504587156,0.667889908256881,0,0.0018348623853211,0.0214678899082569,0.236146788990826
167773.411807,2618366.126422,0.09557879288204,0.465969546872134,0.00293524124013942,0.00366905155017428,0.0346725371491469,0.397174830306366
