"x","y","forest","agri","water","built","other","grass"
199273.411807,2627366.126422,0.0434310532030402,0.299674267100977,0,0.221226927252986,0.118621064060803,0.317046688382193
199773.411807,2627366.126422,0.143205858421481,0.40330892324383,0,0.0553295362082994,0.110930295633306,0.287225386493084
200273.411807,2627366.126422,0.071758630062517,0.385702636586029,0,0.0796412068496874,0.093775482468062,0.369122044033705
200773.411807,2627366.126422,0.0751900108577633,0.450325732899023,0,0.00570032573289902,0.0570032573289902,0.411780673181325
201273.411807,2627366.126422,0.0276647681041497,0.598860862489829,0,0,0.0037971250339029,0.369677244372118
201773.411807,2627366.126422,0.0296276162000544,0.389236205490622,0,0.0402283229138353,0.0964936123946725,0.444414243000815
202273.411807,2627366.126422,0.00787187839305103,0.384364820846906,0.00135722041259501,0.0779044516829533,0.0483170466883822,0.480184581976113
202773.411807,2627366.126422,0.0623813398426905,0.403037700027122,0,0.0135611608353675,0.0686194738269596,0.45240032546786
203273.411807,2627366.126422,0.0649633052459908,0.355531394400652,0,0,0.00924164175047567,0.570263658602881
203773.411807,2627366.126422,0.0979913137893594,0.330618892508143,0,0.0838762214983713,0.0529315960912052,0.434581976112921
204273.411807,2627366.126422,0.0669921345267155,0.365880119338215,0.0010848928668294,0.0895036615134256,0.0886899918633035,0.387849199891511
204773.411807,2627366.126422,0.0375101929872248,0.367219353085077,0,0.0010872519706442,0.0179396575156292,0.576243544441424
205273.411807,2627366.126422,0.0228013029315961,0.287459283387622,0,0.0890336590662324,0.0732899022801303,0.527415852334419
205773.411807,2627366.126422,0.0398698128559805,0.428532682397613,0,0.0341741253051261,0.0347165717385408,0.462706807702739
206273.411807,2627366.126422,0.0932318564827399,0.157651535743409,0.00190269094862734,0.226420222886654,0.100298994291927,0.420494699646643
206773.411807,2627366.126422,0.0306731813246471,0.595276872964169,0,0.00135722041259501,0.00515743756786102,0.367535287730727
207273.411807,2627366.126422,0.0572280987252509,0.28966639544345,0,0.0279359913208571,0.0458367236235422,0.5793327908869
207773.411807,2627366.126422,0.0888828486001631,0.330524599075836,0,0.0016308779559663,0.0293558032073933,0.549605871160642
208273.411807,2627366.126422,0.0656894679695983,0.521444082519001,0,0,0.00298588490770901,0.409880564603692
208773.411807,2627366.126422,0.129915920802821,0.292378627610523,0,0.0233251966368321,0.0368863574721996,0.517493897477624
209273.411807,2627366.126422,0.22533297091601,0.163359608589291,0,0.00244631693394944,0.0184832835009513,0.590377820059799
209773.411807,2627366.126422,0.319218241042345,0.0648751357220413,0,0.0187296416938111,0.0502171552660152,0.546959826275787
210273.411807,2627366.126422,0.346080824518579,0.0103064822348793,0,0.138052617304041,0.118253322484405,0.387306753458096
210773.411807,2627366.126422,0.855395487904322,0,0,0,0,0.144604512095678
211273.411807,2627366.126422,0.833876221498371,0,0,0,0,0.166123778501629
199273.411807,2626866.126422,0.0415750915750916,0.459340659340659,0,0.0276556776556777,0.0756410256410256,0.395787545787546
199773.411807,2626866.126422,0.0377704437110378,0.475247524752475,0,0.0126512651265127,0.0731573157315732,0.401173450678401
200273.411807,2626866.126422,0.0723443223443224,0.346886446886447,0,0.0639194139194139,0.0895604395604396,0.427289377289377
200773.411807,2626866.126422,0.0360805860805861,0.336813186813187,0,0.00238095238095238,0.0465201465201465,0.578205128205128
201273.411807,2626866.126422,0.077007700770077,0.189035570223689,0.0214521452145215,0.115144847818115,0.157315731573157,0.44004400440044
201773.411807,2626866.126422,0.0904761904761905,0.23040293040293,0,0.144505494505494,0.151282051282051,0.383333333333333
202273.411807,2626866.126422,0.0419413919413919,0.355494505494506,0.00128205128205128,0.0681318681318681,0.12014652014652,0.413003663003663
202773.411807,2626866.126422,0.128712871287129,0.222588925559223,0,0.0808580858085809,0.0678401173450678,0.5
203273.411807,2626866.126422,0.0249084249084249,0.471794871794872,0,0.00531135531135531,0.0311355311355311,0.466849816849817
203773.411807,2626866.126422,0.08003663003663,0.523076923076923,0,0.043040293040293,0.0358974358974359,0.317948717948718
204273.411807,2626866.126422,0.072973964063073,0.276861019435277,0.0828749541620829,0.0414374770810414,0.0676567656765677,0.458195819581958
204773.411807,2626866.126422,0.0664835164835165,0.356776556776557,0,0.0785714285714286,0.0974358974358974,0.400732600732601
205273.411807,2626866.126422,0.06996336996337,0.362271062271062,0,0.0950549450549451,0.0791208791208791,0.393589743589744
205773.411807,2626866.126422,0.18005133846718,0.130729739640631,0,0.185001833516685,0.183718371837184,0.320498716538321
206273.411807,2626866.126422,0.142857142857143,0.277472527472527,0,0.00512820512820513,0.021978021978022,0.552564102564103
206773.411807,2626866.126422,0.111904761904762,0.452564102564103,0,0.0380952380952381,0.0108058608058608,0.386630036630037
207273.411807,2626866.126422,0.0671067106710671,0.428859552621929,0,0.00348368170150348,0.0044004400440044,0.496149614961496
207773.411807,2626866.126422,0.127472527472527,0.373443223443223,0,0.00201465201465201,0.00915750915750916,0.487912087912088
208273.411807,2626866.126422,0.118315018315018,0.415567765567766,0,0.0426739926739927,0.0437728937728938,0.37967032967033
208773.411807,2626866.126422,0.130546387972131,0.328932893289329,0,0.00055005500550055,0.0022002200220022,0.537770443711038
209273.411807,2626866.126422,0.261538461538462,0.0448717948717949,0,0.134065934065934,0.136080586080586,0.423443223443223
209773.411807,2626866.126422,0.321794871794872,0.0161172161172161,0,0.230586080586081,0.152380952380952,0.279120879120879
210273.411807,2626866.126422,0.308947561422809,0.0363036303630363,0,0.044004400440044,0.0572057205720572,0.553538687202054
210773.411807,2626866.126422,0.601648351648352,0.00695970695970696,0,0.034981684981685,0.0761904761904762,0.28021978021978
211273.411807,2626866.126422,0.822527472527472,0.000549450549450549,0,0.00586080586080586,0.0195970695970696,0.151465201465201
199273.411807,2626366.126422,0.0849073904272877,0.298918026774253,0,0.00421786172748946,0.0564826700898588,0.555474050981111
199773.411807,2626366.126422,0.0307861462341946,0.262415246472421,0.000549752611324904,0.0218068535825545,0.0676195711929632,0.616822429906542
200273.411807,2626366.126422,0.0868049183336392,0.198568544687099,0.000734079647641769,0.146999449440264,0.119471462653698,0.447421545237658
200773.411807,2626366.126422,0.0430955437373923,0.237850724371905,0,0.208875848156978,0.16798092792958,0.342196955804144
201273.411807,2626366.126422,0.07623236210372,0.338281106835257,0,0.0353674179952355,0.0808136338647609,0.469305479201026
201773.411807,2626366.126422,0.0328500642319692,0.325197283905304,0,0.0222059093411635,0.0609286107542668,0.558818131767297
202273.411807,2626366.126422,0.109664404914726,0.2398679625894,0,0.0234733174399413,0.0416284613973959,0.585365853658537
202773.411807,2626366.126422,0.2376763789628,0.099321971779366,0,0.203591717060656,0.118563313175738,0.34084661902144
203273.411807,2626366.126422,0.0961644338410718,0.121673701596623,0.0012846393833731,0.262249954120022,0.148467608735548,0.370159662323362
203773.411807,2626366.126422,0.129103245919677,0.107097010819732,0,0.245552906656886,0.117366587199707,0.400880249403998
204273.411807,2626366.126422,0.165658786879238,0.1412864211105,0.00256551218618288,0.248121678577973,0.0914421843503757,0.35092541689573
204773.411807,2626366.126422,0.175995595522114,0.103138190493669,0,0.175261515874472,0.168471279133786,0.377133418975959
205273.411807,2626366.126422,0.122684760682193,0.306070053181735,0,0.0154043645699615,0.0297084173849257,0.526132404181185
205773.411807,2626366.126422,0.107385010078798,0.319772768920652,0.00109950522264981,0.0419644493311343,0.055158512002932,0.474619754443834
206273.411807,2626366.126422,0.229216369976142,0.209396219489815,0,0.000734079647641769,0.00844191594788034,0.552211414938521
206773.411807,2626366.126422,0.0676691729323308,0.34788189987163,0,0.0370438290849074,0.0254905556574363,0.521914542453695
207273.411807,2626366.126422,0.0300531427524281,0.499725123694338,0,0.0106285504856148,0.032618654938611,0.426974528129009
207773.411807,2626366.126422,0.0148651128647458,0.611671866397504,0,0.00550559735731327,0.0218388695173426,0.346118553863094
208273.411807,2626366.126422,0.277828718136805,0.242618741976893,0,0.0298918026774253,0.0254905556574363,0.42417018155144
208773.411807,2626366.126422,0.465823712662635,0.0406816932380429,0,0.0186915887850467,0.0205240974894631,0.454278907824812
209273.411807,2626366.126422,0.0790970820334006,0.0658836483758488,0.000734079647641769,0.127913378601578,0.122407781244265,0.603964030097266
209773.411807,2626366.126422,0.18393544837704,0.0137538969374656,0,0.0986612873647534,0.0790390610673024,0.624610306253438
210273.411807,2626366.126422,0.36430273043797,0.0329851566794942,0,0.0157595748579806,0.0454462158695254,0.54150632215503
210773.411807,2626366.126422,0.808038172141677,0.00311983850247752,0,0.0012846393833731,0.00495503762158194,0.18260231235089
211273.411807,2626366.126422,0.707683843755731,0.00366770584999083,0,0.0372272143774069,0.0689528699798276,0.182468366037044
199273.411807,2625866.126422,0.0161438268207668,0.521555677857274,0,0.00146762062006971,0.020546688680976,0.440286186020914
199773.411807,2625866.126422,0.0448717948717949,0.163186813186813,0.000183150183150183,0.271611721611722,0.226190476190476,0.293956043956044
200273.411807,2625866.126422,0.131559633027523,0.177247706422018,0.00036697247706422,0.183853211009174,0.11651376146789,0.39045871559633
200773.411807,2625866.126422,0.0911759310218309,0.201614382682077,0,0.226930838378279,0.161071363052651,0.319207484865162
201273.411807,2625866.126422,0.0434065934065934,0.355677655677656,0.000366300366300366,0.127289377289377,0.104395604395604,0.368864468864469
201773.411807,2625866.126422,0.0853211009174312,0.375779816513761,0.00055045871559633,0.0363302752293578,0.051743119266055,0.450275229357798
202273.411807,2625866.126422,0.15685195376995,0.173546138323243,0,0.111539167125298,0.0886075949367089,0.469455145844799
202773.411807,2625866.126422,0.163919413919414,0.0805860805860806,0,0.175457875457875,0.18992673992674,0.39010989010989
203273.411807,2625866.126422,0.118348623853211,0.200366972477064,0,0.198715596330275,0.169174311926606,0.313394495412844
203773.411807,2625866.126422,0.0772335351311686,0.0759493670886076,0,0.438084755090809,0.187855439368923,0.220876903320492
204273.411807,2625866.126422,0.107875457875458,0.0970695970695971,0.00183150183150183,0.365018315018315,0.125457875457875,0.302747252747253
204773.411807,2625866.126422,0.120366972477064,0.0844036697247706,0,0.285871559633028,0.131926605504587,0.37743119266055
205273.411807,2625866.126422,0.166391487800404,0.157402311502477,0,0.189506512566502,0.113740598055403,0.372959090075216
205773.411807,2625866.126422,0.115018315018315,0.155677655677656,0,0.0532967032967033,0.0710622710622711,0.604945054945055
206273.411807,2625866.126422,0.0601834862385321,0.336880733944954,0,0.0904587155963303,0.0788990825688073,0.433577981651376
206773.411807,2625866.126422,0.0858558062740782,0.234268941478628,0,0.019262520638415,0.0388919464318474,0.621720785177032
207273.411807,2625866.126422,0.0860805860805861,0.325457875457875,0,0.0216117216117216,0.0212454212454212,0.545604395604396
207773.411807,2625866.126422,0.0768807339449541,0.189908256880734,0.00293577981651376,0,0.00275229357798165,0.727522935779817
208273.411807,2625866.126422,0.234268941478628,0.139974316639149,0,0.0946615299944964,0.086589616584113,0.444505595303614
208773.411807,2625866.126422,0.354578754578755,0.0298534798534799,0.00128205128205128,0.0769230769230769,0.0822344322344322,0.455128205128205
209273.411807,2625866.126422,0.306422018348624,0.00440366972477064,0,0.101284403669725,0.0436697247706422,0.544220183486239
209773.411807,2625866.126422,0.177215189873418,0.0229315721885892,0,0.0174279948633278,0.0532012474775271,0.729223995597138
210273.411807,2625866.126422,0.47985347985348,0.013003663003663,0,0.0815018315018315,0.0858974358974359,0.33974358974359
210773.411807,2625866.126422,0.88954128440367,0.00018348623853211,0,0,0.0018348623853211,0.108440366972477
211273.411807,2625866.126422,0.908090258668134,0,0,0,0,0.0919097413318657
199273.411807,2625366.126422,0.0783882783882784,0.400732600732601,0,0.0516483516483516,0.0769230769230769,0.392307692307692
199773.411807,2625366.126422,0.156215621562156,0.165749908324166,0.00055005500550055,0.0704070407040704,0.0913091309130913,0.515768243491016
200273.411807,2625366.126422,0.144139194139194,0.205128205128205,0.00586080586080586,0.144871794871795,0.0793040293040293,0.420695970695971
200773.411807,2625366.126422,0.129120879120879,0.166483516483516,0.00128205128205128,0.0331501831501832,0.0527472527472527,0.617216117216117
201273.411807,2625366.126422,0.0616061606160616,0.163916391639164,0.0077007700770077,0.0654565456545655,0.0878254492115878,0.613494682801613
201773.411807,2625366.126422,0.0408424908424908,0.148717948717949,0.0184981684981685,0.102747252747253,0.130952380952381,0.558241758241758
202273.411807,2625366.126422,0.163003663003663,0.0509157509157509,0.202930402930403,0.0496336996336996,0.0406593406593407,0.492857142857143
202773.411807,2625366.126422,0.136963696369637,0.0196186285295196,0.00586725339200587,0.211954528786212,0.134946828016135,0.490649064906491
203273.411807,2625366.126422,0.151831501831502,0.0133699633699634,0,0.387179487179487,0.0628205128205128,0.384798534798535
203773.411807,2625366.126422,0.141575091575092,0.0234432234432234,0.0272893772893773,0.106043956043956,0.0895604395604396,0.612087912087912
204273.411807,2625366.126422,0.154748808214155,0.092042537587092,0,0.188668866886689,0.164649798313165,0.3998899889989
204773.411807,2625366.126422,0.0734432234432234,0.237179487179487,0,0.131135531135531,0.0943223443223443,0.463919413919414
205273.411807,2625366.126422,0.115384615384615,0.0987179487179487,0,0.310805860805861,0.106776556776557,0.368315018315018
205773.411807,2625366.126422,0.0493215988265493,0.0661899523285662,0.00183351668500183,0.194902823615695,0.131096442977631,0.556655665566557
206273.411807,2625366.126422,0.10952380952381,0.11043956043956,0,0.0368131868131868,0.0847985347985348,0.658424908424908
206773.411807,2625366.126422,0.0901098901098901,0.373260073260073,0,0.0032967032967033,0.0311355311355311,0.502197802197802
207273.411807,2625366.126422,0.117895122845618,0.136963696369637,0,0.0194352768610194,0.0722405573890722,0.653465346534653
207773.411807,2625366.126422,0.095970695970696,0.123626373626374,0.00183150183150183,0.385714285714286,0.0743589743589744,0.318498168498168
208273.411807,2625366.126422,0.308608058608059,0.0586080586080586,0.000366300366300366,0.208974358974359,0.126190476190476,0.297252747252747
208773.411807,2625366.126422,0.133663366336634,0.0663733039970664,0.000183351668500183,0.14044737807114,0.169233590025669,0.49009900990099
209273.411807,2625366.126422,0.308424908424908,0.0446886446886447,0,0.0241758241758242,0.0622710622710623,0.56043956043956
209773.411807,2625366.126422,0.367399267399267,0.0600732600732601,0,0.00384615384615385,0.0424908424908425,0.526190476190476
210273.411807,2625366.126422,0.429042904290429,0.0304363769710304,0,0.0275027502750275,0.0815914924825816,0.431426475980931
210773.411807,2625366.126422,0.902930402930403,0,0,0,0,0.0970695970695971
211273.411807,2625366.126422,0.934249084249084,0,0,0,0,0.0657509157509158
199273.411807,2624866.126422,0.0986612873647534,0.18815331010453,0,0.0110031175499725,0.0258573262424354,0.676324958738309
199773.411807,2624866.126422,0.0487447315374748,0.53362653472604,0,0.0645043063954554,0.0804471321238776,0.272677295217152
200273.411807,2624866.126422,0.233620847861993,0.153973206092861,0,0.289410901082767,0.122224261332355,0.200770783630024
200773.411807,2624866.126422,0.204291215844489,0.0621676141573446,0.00293416467999266,0.402897487621493,0.173115716119567,0.154593801577114
201273.411807,2624866.126422,0.121495327102804,0.27799157045996,0,0.223199560197911,0.0965732087227414,0.280740333516584
201773.411807,2624866.126422,0.0326665443200587,0.429069554046614,0,0.191961827858323,0.0480822169205359,0.298219856854469
202273.411807,2624866.126422,0.035209976159912,0.479185769301302,0,0,0,0.485604254538786
202773.411807,2624866.126422,0.078248121678578,0.110500274876306,0,0.224482316291002,0.0951072017592084,0.491662085394906
203273.411807,2624866.126422,0.154890805652413,0.0530372545421178,0.0012846393833731,0.0972655533125344,0.120572582125161,0.572949164984401
203773.411807,2624866.126422,0.146341463414634,0.0548322024573629,0.00330093526499175,0.0515312671923712,0.0524481936548689,0.691545938015771
204273.411807,2624866.126422,0.153197727689207,0.117463807953088,0,0.1434854315558,0.0694520798973795,0.516400952904526
204773.411807,2624866.126422,0.0824004404477886,0.138741053404294,0,0.116535144063131,0.101302991374564,0.561020370710222
205273.411807,2624866.126422,0.00825233816247937,0.0385109114249037,0,0.277645332844306,0.107647166697231,0.56794425087108
205773.411807,2624866.126422,0.0404984423676012,0.0408649441084845,0.000916254352208173,0.314641744548287,0.10317024005864,0.499908374564779
206273.411807,2624866.126422,0.0677188474949532,0.1370893741971,0,0.0159662323362085,0.0220223894292531,0.757203156542485
206773.411807,2624866.126422,0.102879149092243,0.0737208875848157,0,0.192921327709518,0.159361819182102,0.471116816431322
207273.411807,2624866.126422,0.0443467106468756,0.206523730987722,0.00494777350192413,0.222833058457028,0.0815466373465274,0.439802089059923
207773.411807,2624866.126422,0.0141310332171041,0.00458799779776106,0.00715727656450725,0.832262800513856,0.129565057808772,0.0122958340979996
208273.411807,2624866.126422,0.171648633779571,0.0583165230148542,0,0.220795892169448,0.154227030992114,0.395011920044012
208773.411807,2624866.126422,0.198094190947407,0.0219901044529962,0.000733003481766538,0.211471504489646,0.127909107568261,0.439802089059923
209273.411807,2624866.126422,0.293998898880529,0.0339511837034318,0,0.0491833363919985,0.0521196549825656,0.570746926041475
209773.411807,2624866.126422,0.321657803044196,0.00568494406748579,0,0.0234733174399413,0.0374105996699065,0.611773335778471
210273.411807,2624866.126422,0.459959684808503,0.0216236027121129,0,0.0428807036833425,0.0579072750595565,0.417628733736485
210773.411807,2624866.126422,0.529454945861626,0.00275279867865663,0,0.0451458983299688,0.0458799779776106,0.376766379152138
211273.411807,2624866.126422,0.508710801393728,0.00275077938749312,0,0.022006235099945,0.0594168347698515,0.407115349348982
199273.411807,2624366.126422,0.241240139423959,0.0669601907906806,0.00532012474775271,0.181434599156118,0.221794166208035,0.283250779673454
199773.411807,2624366.126422,0.206593406593407,0.0100732600732601,0.000732600732600733,0.524358974358974,0.125274725274725,0.132967032967033
200273.411807,2624366.126422,0.115963302752294,0.0159633027522936,0,0.651743119266055,0.115229357798165,0.101100917431193
200773.411807,2624366.126422,0.121078701155751,0.250596220876903,0.000366905155017428,0.2610530177949,0.0687947165657677,0.29811043845166
201273.411807,2624366.126422,0.0602564102564103,0.303113553113553,0,0.245970695970696,0.177472527472527,0.213186813186813
201773.411807,2624366.126422,0.0394495412844037,0.239633027522936,0.00256880733944954,0.338715596330275,0.11651376146789,0.263119266055046
202273.411807,2624366.126422,0.015410016510732,0.434782608695652,0,0.000183452577508714,0.00165107319757843,0.547972849018529
202773.411807,2624366.126422,0.108608058608059,0.126190476190476,0,0.034981684981685,0.0730769230769231,0.657142857142857
203273.411807,2624366.126422,0.110275229357798,0.195779816513761,0,0.0853211009174312,0.0838532110091743,0.524770642201835
203773.411807,2624366.126422,0.123830489818382,0.021830856723537,0,0.131902403228765,0.0515501742799486,0.670886075949367
204273.411807,2624366.126422,0.127106227106227,0.258974358974359,0,0.0267399267399267,0.100915750915751,0.486263736263736
204773.411807,2624366.126422,0.0943119266055046,0.14697247706422,0.00055045871559633,0.0688073394495413,0.0858715596330275,0.60348623853211
205273.411807,2624366.126422,0.0895248578242524,0.091726288754357,0,0,0,0.818748853421391
205773.411807,2624366.126422,0.132234432234432,0.137728937728938,0,0.000732600732600733,0.00714285714285714,0.722161172161172
206273.411807,2624366.126422,0.0998165137614679,0.0855045871559633,0.000917431192660551,0.0277064220183486,0.0401834862385321,0.745871559633028
206773.411807,2624366.126422,0.118143459915612,0.064758759860576,0,0.181618051733627,0.142175747569253,0.493303980920932
207273.411807,2624366.126422,0.103846153846154,0.0269230769230769,0,0.334065934065934,0.172161172161172,0.363003663003663
207773.411807,2624366.126422,0.200550458715596,0.0146788990825688,0.00018348623853211,0.32697247706422,0.184770642201835,0.272844036697248
208273.411807,2624366.126422,0.101999633094845,0.0317372959090075,0.00091726288754357,0.517519721152082,0.247660979636764,0.100165107319758
208773.411807,2624366.126422,0.0225274725274725,0.0139194139194139,0.00347985347985348,0.756593406593407,0.154029304029304,0.0494505494505494
209273.411807,2624366.126422,0.224954128440367,0.0100917431192661,0.0073394495412844,0.415963302752294,0.144220183486239,0.19743119266055
209773.411807,2624366.126422,0.39093744267107,0.00330214639515685,0,0.0111906072280316,0.019262520638415,0.575307283067327
210273.411807,2624366.126422,0.904945054945055,0,0,0,0,0.0950549450549451
210773.411807,2624366.126422,0.798899082568807,0.00018348623853211,0,0,0,0.200917431192661
211273.411807,2624366.126422,0.875619152449092,0.000183452577508714,0,0,0,0.124197394973399
199273.411807,2623866.126422,0.173260073260073,0.0285714285714286,0.000183150183150183,0.496520146520147,0.193406593406593,0.108058608058608
199773.411807,2623866.126422,0.285111844517785,0.0539053905390539,0.000183351668500183,0.241840850751742,0.146497983131646,0.272460579391272
200273.411807,2623866.126422,0.203663003663004,0.097985347985348,0.000183150183150183,0.0659340659340659,0.11025641025641,0.521978021978022
200773.411807,2623866.126422,0.063003663003663,0.502197802197802,0,0.045970695970696,0.0380952380952381,0.350732600732601
201273.411807,2623866.126422,0.0955262192885955,0.143564356435644,0,0.196552988632197,0.0951595159515952,0.469196919691969
201773.411807,2623866.126422,0.0934065934065934,0.361538461538462,0,0.147802197802198,0.0972527472527473,0.3
202273.411807,2623866.126422,0.052014652014652,0.145238095238095,0.00293040293040293,0.338461538461538,0.160805860805861,0.300549450549451
202773.411807,2623866.126422,0.102676934360103,0.0247524752475248,0.000916758342500917,0.246791345801247,0.27007700770077,0.354785478547855
203273.411807,2623866.126422,0.129120879120879,0.0331501831501832,0.000183150183150183,0.445238095238095,0.222161172161172,0.17014652014652
203773.411807,2623866.126422,0.29010989010989,0.00879120879120879,0,0.0851648351648352,0.107509157509158,0.508424908424908
204273.411807,2623866.126422,0.112211221122112,0.0608727539420609,0.000916758342500917,0.384305097176384,0.142647598093143,0.299046571323799
204773.411807,2623866.126422,0.091025641025641,0.147619047619048,0.000915750915750916,0.169047619047619,0.115750915750916,0.475641025641026
205273.411807,2623866.126422,0.323260073260073,0.0141025641025641,0,0.123809523809524,0.0690476190476191,0.46978021978022
205773.411807,2623866.126422,0.128346167950128,0.0630729739640631,0.000733406674000733,0.373854052071874,0.145947928126146,0.288045471213788
206273.411807,2623866.126422,0.110805860805861,0.116300366300366,0.00256410256410256,0.165934065934066,0.122161172161172,0.482234432234432
206773.411807,2623866.126422,0.0970695970695971,0.0710622710622711,0.000366300366300366,0.108424908424908,0.0917582417582418,0.631318681318681
207273.411807,2623866.126422,0.151631829849652,0.0295196186285295,0.00201686835350202,0.0625229189585625,0.0885588558855886,0.665749908324166
207773.411807,2623866.126422,0.176190476190476,0.0586080586080586,0.000549450549450549,0.160622710622711,0.155128205128205,0.448901098901099
208273.411807,2623866.126422,0.0913919413919414,0.0340659340659341,0.000183150183150183,0.497252747252747,0.149267399267399,0.227838827838828
208773.411807,2623866.126422,0.0669233590025669,0.0141180784745141,0.0011001100110011,0.606343967730106,0.184085075174184,0.127429409607627
209273.411807,2623866.126422,0.216300366300366,0.0225274725274725,0,0.277106227106227,0.132967032967033,0.351098901098901
209773.411807,2623866.126422,0.396153846153846,0.00805860805860806,0,0.0346153846153846,0.0769230769230769,0.484249084249084
210273.411807,2623866.126422,0.713054638797213,0,0,0.0033003300330033,0.0124679134580125,0.271177117711771
210773.411807,2623866.126422,0.752197802197802,0.000732600732600733,0.000183150183150183,0,0.000366300366300366,0.246520146520147
211273.411807,2623866.126422,0.749084249084249,0,0,0,0,0.250915750915751
199273.411807,2623366.126422,0.186319457179534,0.157711351549606,0,0.132220795892169,0.0836236933797909,0.4401247019989
199773.411807,2623366.126422,0.0712845886017959,0.0461792193512919,0,0.142202675462708,0.105735752244823,0.634597764339381
200273.411807,2623366.126422,0.0596439713708937,0.100752431638833,0,0.315837768397871,0.195999265920352,0.32776656267205
200773.411807,2623366.126422,0.133321107647167,0.598202824133504,0,0.0465798642948836,0.0885750962772786,0.133321107647167
201273.411807,2623366.126422,0.117647058823529,0.423126259849734,0,0.00824628916987356,0.0240058640278541,0.426974528129009
201773.411807,2623366.126422,0.183519911910442,0.111763626353459,0.000367039823820885,0.170489998164801,0.171591117636264,0.362268306111213
202273.411807,2623366.126422,0.108564093159729,0.0458463231248854,0.0115532734274711,0.423620025673941,0.218962039244453,0.191454245369521
202773.411807,2623366.126422,0.0569910207073484,0.0315191497159611,0,0.663551401869159,0.175004581271761,0.0729338464357706
203273.411807,2623366.126422,0.0524866948063865,0.038172141677372,0.00587263718113415,0.778674986236007,0.107542668379519,0.0172508717195816
203773.411807,2623366.126422,0.158811663304603,0.0377773702549056,0,0.295800476801761,0.18393544837704,0.323675041261691
204273.411807,2623366.126422,0.0809968847352025,0.0403151914971596,0.00164925783397471,0.466556716144402,0.226314824995419,0.184167124793843
204773.411807,2623366.126422,0.0787300422095797,0.0882730776289227,0.000183519911910442,0.39401725087172,0.1493852082951,0.289410901082767
205273.411807,2623366.126422,0.126535851824684,0.0649183935448377,0.000550155877498625,0.306436823766734,0.104346231432239,0.397212543554007
205773.411807,2623366.126422,0.239692138537658,0.0254718709913872,0,0.0830126443100605,0.0868609125893348,0.56496243357156
206273.411807,2623366.126422,0.0890071572765645,0.166452560102771,0.0012846393833731,0.0864378785098183,0.0748761240594605,0.581941640668012
206773.411807,2623366.126422,0.102512378507244,0.0485971025123785,0.0190720704199523,0.402347331743994,0.143040528149642,0.284430588666789
207273.411807,2623366.126422,0.187832142202675,0.036100421477002,0.000733003481766538,0.0903426791277259,0.0335349092908191,0.651456844420011
207773.411807,2623366.126422,0.223160212883098,0.034868783262984,0,0.108643787850982,0.109194347586713,0.524132868416223
208273.411807,2623366.126422,0.263157894736842,0.0249403997799376,0.000183385292499542,0.270309921144324,0.193288098294517,0.24812030075188
208773.411807,2623366.126422,0.206523730987722,0.0507604911123328,0.0152098222466557,0.437603078614623,0.166575041231446,0.12332783580722
209273.411807,2623366.126422,0.254542117819783,0.0677188474949532,0,0.138924573316205,0.0869884382455496,0.451826023123509
209773.411807,2623366.126422,0.508894186686228,0.00586832935998533,0,0.0324591967724189,0.0733541169998166,0.379424170181551
210273.411807,2623366.126422,0.620487447315375,0.00109950522264981,0,0.00678028220634048,0.0258383727322705,0.345794392523364
210773.411807,2623366.126422,0.659387043494219,0.00110111947146265,0,0.000183519911910442,0.00367039823820885,0.335657918884199
211273.411807,2623366.126422,0.890885750962773,0,0,0,0,0.109114249037227
199273.411807,2622866.126422,0.0407264722069345,0.505962208769033,0,0.000550357732526142,0.00403595670519171,0.448725004586314
199773.411807,2622866.126422,0.0234432234432234,0.472344322344322,0,0.0608058608058608,0.0457875457875458,0.397619047619048
200273.411807,2622866.126422,0.0177981651376147,0.755045871559633,0,0.00477064220183486,0.0159633027522936,0.206422018348624
200773.411807,2622866.126422,0.0928270042194093,0.502476609796368,0,0.0335718216840947,0.0832874701889562,0.287837094111172
201273.411807,2622866.126422,0.0377289377289377,0.434981684981685,0,0.116483516483516,0.0989010989010989,0.311904761904762
201773.411807,2622866.126422,0.0862385321100917,0.148256880733945,0,0.27045871559633,0.162018348623853,0.33302752293578
202273.411807,2622866.126422,0.13410383415887,0.0552192258301229,0.000183452577508714,0.417721518987342,0.210787011557512,0.181984956888644
202773.411807,2622866.126422,0.15989010989011,0.0338827838827839,0.0032967032967033,0.46007326007326,0.13992673992674,0.202930402930403
203273.411807,2622866.126422,0.0444036697247706,0.00660550458715596,0.00055045871559633,0.837247706422018,0.0801834862385321,0.0310091743119266
203773.411807,2622866.126422,0.0779673454412034,0.0150431113557145,0.00110071546505228,0.794349660612732,0.096862960924601,0.0146762062006971
204273.411807,2622866.126422,0.0747252747252747,0.0293040293040293,0,0.606227106227106,0.179304029304029,0.11043956043956
204773.411807,2622866.126422,0.163302752293578,0.0757798165137615,0.00036697247706422,0.101467889908257,0.108073394495413,0.551009174311927
205273.411807,2622866.126422,0.108603925885159,0.155200880572372,0.000550357732526142,0.102549990827371,0.126215373325995,0.506879471656577
205773.411807,2622866.126422,0.242857142857143,0.0355311355311355,0.00128205128205128,0.0637362637362637,0.0615384615384615,0.595054945054945
206273.411807,2622866.126422,0.118532110091743,0.0524770642201835,0.00055045871559633,0.0146788990825688,0.0475229357798165,0.766238532110092
206773.411807,2622866.126422,0.161071363052651,0.108970831040176,0.00110071546505228,0.0920931939093744,0.0368739680792515,0.599889928453495
207273.411807,2622866.126422,0.0608058608058608,0.0261904761904762,0.00347985347985348,0.0159340659340659,0.0346153846153846,0.858974358974359
207773.411807,2622866.126422,0.0511926605504587,0.122752293577982,0.00513761467889908,0.130642201834862,0.148256880733945,0.542018348623853
208273.411807,2622866.126422,0.192808658961658,0.0161438268207668,0,0.118693817648138,0.112272977435333,0.560080719134104
208773.411807,2622866.126422,0.217948717948718,0.00659340659340659,0,0.405128205128205,0.119413919413919,0.250915750915751
209273.411807,2622866.126422,0.252110091743119,0.00862385321100917,0,0.165688073394495,0.160733944954128,0.412844036697248
209773.411807,2622866.126422,0.605760410933774,0.0176114474408365,0.00220143093010457,0.0460465969546872,0.0831040176114474,0.245276096129151
210273.411807,2622866.126422,0.801098901098901,0,0,0.00128205128205128,0.00549450549450549,0.192124542124542
210773.411807,2622866.126422,0.79651376146789,0,0,0,0,0.20348623853211
211273.411807,2622866.126422,0.820583379196478,0,0,0,0,0.179416620803522
199273.411807,2622366.126422,0.0470695970695971,0.267399267399267,0,0.22032967032967,0.149450549450549,0.315750915750916
199773.411807,2622366.126422,0.0960762742940961,0.207187385405207,0,0.123945727906124,0.138430509717638,0.434360102676934
200273.411807,2622366.126422,0.146703296703297,0.492490842490843,0,0.0225274725274725,0.0249084249084249,0.313369963369963
200773.411807,2622366.126422,0.172893772893773,0.317582417582418,0,0.0245421245421245,0.05,0.434981684981685
201273.411807,2622366.126422,0.096993032636597,0.354418775210854,0,0.118261826182618,0.0795746241290796,0.350751741840851
201773.411807,2622366.126422,0.102747252747253,0.103113553113553,0.00347985347985348,0.30952380952381,0.191941391941392,0.289194139194139
202273.411807,2622366.126422,0.0851648351648352,0.0613553113553114,0.00256410256410256,0.618131868131868,0.128388278388278,0.104395604395604
202773.411807,2622366.126422,0.0434543454345435,0.0187018701870187,0.00513384671800513,0.817931793179318,0.0889255592225889,0.0258525852585259
203273.411807,2622366.126422,0.195421245421245,0.0485347985347985,0.000366300366300366,0.411904761904762,0.185164835164835,0.158608058608059
203773.411807,2622366.126422,0.154761904761905,0.0205128205128205,0.00201465201465201,0.483699633699634,0.183516483516484,0.155494505494505
204273.411807,2622366.126422,0.0698569856985699,0.0392372570590392,0.00183351668500183,0.646497983131647,0.141914191419142,0.100660066006601
204773.411807,2622366.126422,0.106227106227106,0.0252747252747253,0.000183150183150183,0.456593406593407,0.200732600732601,0.210989010989011
205273.411807,2622366.126422,0.117216117216117,0.108058608058608,0.0010989010989011,0.135531135531136,0.122161172161172,0.515934065934066
205773.411807,2622366.126422,0.315364869820315,0.0451045104510451,0,0.0135680234690136,0.0353868720205354,0.590575724239091
206273.411807,2622366.126422,0.246153846153846,0.00146520146520147,0.000366300366300366,0.0322344322344322,0.0531135531135531,0.666666666666667
206773.411807,2622366.126422,0.164652014652015,0.0358974358974359,0,0.021978021978022,0.0424908424908425,0.734981684981685
207273.411807,2622366.126422,0.0308030803080308,0.033003300330033,0,0.0196186285295196,0.0209020902090209,0.895672900623396
207773.411807,2622366.126422,0.0957875457875458,0.0673992673992674,0,0.0032967032967033,0.0250915750915751,0.808424908424908
208273.411807,2622366.126422,0.243956043956044,0.0227106227106227,0,0.0269230769230769,0.0342490842490843,0.672161172161172
208773.411807,2622366.126422,0.374954162082875,0.0165016501650165,0,0.0421708837550422,0.0650898423175651,0.501283461679501
209273.411807,2622366.126422,0.374725274725275,0.00622710622710623,0,0.0496336996336996,0.0708791208791209,0.498534798534799
209773.411807,2622366.126422,0.415567765567766,0.0032967032967033,0.000549450549450549,0.0276556776556777,0.100732600732601,0.452197802197802
210273.411807,2622366.126422,0.522185551888522,0.00183351668500183,0,0.0055005500550055,0.0476714338100477,0.422808947561423
210773.411807,2622366.126422,0.902564102564103,0,0,0,0,0.0974358974358974
211273.411807,2622366.126422,0.948534798534798,0,0,0,0,0.0514652014652015
199273.411807,2621866.126422,0.0110031175499725,0.709334311388227,0,0,0,0.279662571061801
199773.411807,2621866.126422,0.0223566061938794,0.599230346344145,0,0.0172255818215137,0.0459959684808503,0.315191497159612
200273.411807,2621866.126422,0.0262433474031932,0.69719214534777,0,0.000734079647641769,0.00844191594788034,0.267388511653514
200773.411807,2621866.126422,0.0344764349899138,0.635063267925912,0,0.00568494406748579,0.0181551439574546,0.306620209059233
201273.411807,2621866.126422,0.139453912406084,0.0621220450797141,0,0.259116730804471,0.144035184167125,0.395272127542606
201773.411807,2621866.126422,0.0838685997430721,0.0423930996513122,0.000183519911910442,0.503211598458433,0.167920719398055,0.202422462837218
202273.411807,2621866.126422,0.187786539519531,0.0500641848523748,0.000183385292499542,0.280212726939299,0.179534201357051,0.302218962039244
202773.411807,2621866.126422,0.0703683342495877,0.0251053692505039,0.00164925783397471,0.741249770936412,0.101704233095107,0.0599230346344145
203273.411807,2621866.126422,0.0535878142778491,0.0440447788585061,0,0.341163516241512,0.175077995962562,0.386125894659571
203773.411807,2621866.126422,0.106363469649734,0.0618008435723455,0.000183385292499542,0.137905739959655,0.219512195121951,0.474234366403814
204273.411807,2621866.126422,0.0558915154846986,0.0652373098772219,0,0.0685358255451713,0.0800806303829943,0.730254718709914
204773.411807,2621866.126422,0.109561387410534,0.0546889337493118,0,0.384290695540466,0.140209212699578,0.31124977060011
205273.411807,2621866.126422,0.111131487254722,0.0766550522648084,0,0.0933431138822666,0.0887584815697781,0.630111865028425
205773.411807,2621866.126422,0.212937511453179,0.0580905259299982,0,0.021073850100788,0.0487447315374748,0.65915338097856
206273.411807,2621866.126422,0.331069921086438,0.000367039823820885,0,0.00293631859056708,0.00311983850247752,0.662506881996697
206773.411807,2621866.126422,0.250320924261874,0.0566660553823583,0,0.0911424903722722,0.024390243902439,0.577480286081056
207273.411807,2621866.126422,0.245006413780465,0.0930914421843504,0,0.0377496793109767,0.0489279824079164,0.575224482316291
207773.411807,2621866.126422,0.198017984951367,0.0339511837034318,0,0.0012846393833731,0.00238575885483575,0.764360433106992
208273.411807,2621866.126422,0.26004034476435,0.0282413350449294,0,0.0146708233999633,0.0161379057399597,0.680909591050798
208773.411807,2621866.126422,0.173355323437786,0.0370166758292102,0.0113615539673813,0.0934579439252336,0.070734835990471,0.614073666849917
209273.411807,2621866.126422,0.258028996146082,0.0205542301339695,0,0.0732244448522665,0.0908423563956689,0.557349972472013
209773.411807,2621866.126422,0.280396112231799,0.01998899688245,0,0.00825233816247937,0.0441958554923895,0.647166697230882
210273.411807,2621866.126422,0.335898845519516,0.0126443100604728,0,0.00769653655854865,0.034084661902144,0.609675645959318
210773.411807,2621866.126422,0.637181134153056,0.000734079647641769,0,0.000550559735731327,0.00422095797394017,0.357313268489631
211273.411807,2621866.126422,0.860810562992848,0,0,0,0,0.139189437007152
199273.411807,2621366.126422,0.00440286186020914,0.844065309117593,0,0,0.00623738763529628,0.145294441386901
199773.411807,2621366.126422,0.0434065934065934,0.492124542124542,0,0.126373626373626,0.152014652014652,0.186080586080586
200273.411807,2621366.126422,0.0304587155963303,0.566788990825688,0,0.0539449541284404,0.0726605504587156,0.276146788990826
200773.411807,2621366.126422,0.0462300495321959,0.402678407631627,0,0.108603925885159,0.102366538249862,0.340121078701156
201273.411807,2621366.126422,0.201648351648352,0.0893772893772894,0,0.204395604395604,0.172344322344322,0.332234432234432
201773.411807,2621366.126422,0.198532110091743,0.0315596330275229,0.00165137614678899,0.428623853211009,0.218899082568807,0.120733944954128
202273.411807,2621366.126422,0.393872683911209,0.01284168042561,0.000366905155017428,0.0631076866629976,0.0849385433865346,0.444872500458631
202773.411807,2621366.126422,0.392490842490842,0.0168498168498168,0,0.204395604395604,0.179304029304029,0.206959706959707
203273.411807,2621366.126422,0.134311926605505,0.0462385321100917,0,0.172110091743119,0.155596330275229,0.491743119266055
203773.411807,2621366.126422,0.176297926985874,0.0311869381764814,0,0.114657860942946,0.0515501742799486,0.62630709961475
204273.411807,2621366.126422,0.166483516483516,0.0377289377289377,0,0.00787545787545788,0.0263736263736264,0.761538461538461
204773.411807,2621366.126422,0.172293577981651,0.0306422018348624,0,0.106605504587156,0.0932110091743119,0.597247706422018
205273.411807,2621366.126422,0.184736745551275,0.0286186020913594,0,0.0548523206751055,0.0812694918363603,0.6505228398459
205773.411807,2621366.126422,0.0747252747252747,0.142673992673993,0,0.196153846153846,0.166117216117216,0.42032967032967
206273.411807,2621366.126422,0.253394495412844,0.0122935779816514,0,0.00201834862385321,0.00954128440366972,0.722752293577982
206773.411807,2621366.126422,0.331315354980737,0.0416437350944781,0,0.000183452577508714,0.00678774536782242,0.620069711979453
207273.411807,2621366.126422,0.173809523809524,0.00402930402930403,0,0.000732600732600733,0.00842490842490842,0.813003663003663
