"x","y","forest","agri","water","built","other","grass"
206773.411807,2696366.126422,0,0,0.351128233351679,0.648871766648321,0,0
207273.411807,2696366.126422,0.0838827838827839,0.0214285714285714,0.563369963369963,0.247435897435897,0.0131868131868132,0.0706959706959707
207773.411807,2696366.126422,0.0401834862385321,0.14954128440367,0.11045871559633,0.192110091743119,0.12256880733945,0.385137614678899
208273.411807,2696366.126422,0.0225646670335718,0.370757659145111,0.01284168042561,0.189506512566502,0.106219042377545,0.29811043845166
208773.411807,2696366.126422,0.0254578754578755,0.492307692307692,0.00805860805860806,0.0747252747252747,0.0575091575091575,0.341941391941392
209273.411807,2696366.126422,0.0185321100917431,0.498348623853211,0,0.254678899082569,0.0629357798165138,0.165504587155963
209773.411807,2696366.126422,0.0346725371491469,0.528343423225096,0.00183452577508714,0.187671986791414,0.110071546505228,0.137405980554027
210273.411807,2696366.126422,0.0192307692307692,0.702930402930403,0,0.0767399267399267,0.0558608058608059,0.145238095238095
210773.411807,2696366.126422,0.0271559633027523,0.671926605504587,0.00568807339449541,0.0455045871559633,0.0691743119266055,0.180550458715596
211273.411807,2696366.126422,0.0242157402311502,0.636030086222711,0,0.12694918363603,0.0618235186204366,0.150981471289672
211773.411807,2696366.126422,0.0275615400799495,0.612244897959184,0,0.11382284872712,0.0452345886808332,0.201136124552914
206773.411807,2695866.126422,0,0,0.390842490842491,0.609157509157509,0,0
207273.411807,2695866.126422,0,0.132013201320132,0.657865786578658,0.199303263659699,0,0.0108177484415108
207773.411807,2695866.126422,0.0456043956043956,0.317399267399267,0.032967032967033,0.0948717948717949,0.084981684981685,0.424175824175824
208273.411807,2695866.126422,0.0192307692307692,0.514468864468864,0.00201465201465201,0.0393772893772894,0.0487179487179487,0.376190476190476
208773.411807,2695866.126422,0.00898423175650898,0.483865053171984,0.022002200220022,0.0898423175650898,0.0766409974330766,0.318665199853319
209273.411807,2695866.126422,0.0166666666666667,0.568864468864469,0.000183150183150183,0.0593406593406593,0.0598901098901099,0.295054945054945
209773.411807,2695866.126422,0.0380952380952381,0.506776556776557,0.000183150183150183,0.107509157509158,0.0873626373626374,0.26007326007326
210273.411807,2695866.126422,0.022002200220022,0.697469746974697,0,0.0808580858085809,0.0429042904290429,0.156765676567657
210773.411807,2695866.126422,0.0195970695970696,0.741575091575092,0,0.0496336996336996,0.0324175824175824,0.156776556776557
211273.411807,2695866.126422,0.0289377289377289,0.707509157509158,0,0.0820512820512821,0.0344322344322344,0.147069597069597
211773.411807,2695866.126422,0.0427188552188552,0.6121632996633,0.00021043771043771,0.086489898989899,0.0591329966329966,0.199284511784512
206273.411807,2695366.126422,0,0,0.391080932281152,0.608919067718848,0,0
206773.411807,2695366.126422,0,0,0.746011369888135,0.253988630111865,0,0
207273.411807,2695366.126422,0.0126443100604728,0.293018141836174,0.313358988455195,0.108118013560564,0.0331684075499359,0.239692138537658
207773.411807,2695366.126422,0.0238575885483575,0.699394384290696,0,0.0906588364837585,0.00587263718113415,0.180216553496054
208273.411807,2695366.126422,0.0216394645149459,0.558958371538603,0.00733541169998166,0.114065651934715,0.0849073904272877,0.213093709884467
208773.411807,2695366.126422,0.0386659336631849,0.498992120212571,0.0262048744731537,0.0586402785413231,0.0824628916987356,0.295033901411032
209273.411807,2695366.126422,0.0100935951550743,0.555698293264819,0.0110111947146265,0.0458799779776106,0.0616626904019086,0.315654248485961
209773.411807,2695366.126422,0.0407115349348982,0.310287914909224,0,0.264441591784339,0.116266275444709,0.268292682926829
210273.411807,2695366.126422,0.0452629649990837,0.593549569360454,0,0.0267546270844787,0.0350009162543522,0.299431922301631
210773.411807,2695366.126422,0.0363369425582676,0.583960359699027,0,0.0326665443200587,0.0618462103138191,0.285189943108827
211273.411807,2695366.126422,0.0126535851824684,0.660553823583349,0,0.0291582615074271,0.01998899688245,0.277645332844306
211773.411807,2695366.126422,0.0888234055988213,0.425805093664492,0.000210482003788676,0.139339086508104,0.0924015996632288,0.253420332561566
205773.411807,2694866.126422,0,0,0.528388278388278,0.471611721611722,0,0
206273.411807,2694866.126422,0,0,0.416330275229358,0.583669724770642,0,0
206773.411807,2694866.126422,0.00385250412768299,0.0933773619519354,0.0526508897450009,0.726472206934507,0.0429279031370391,0.0807191341038342
207273.411807,2694866.126422,0.0173992673992674,0.543406593406593,0.000183150183150183,0.0750915750915751,0.0562271062271062,0.307692307692308
207773.411807,2694866.126422,0.0293577981651376,0.568073394495413,0.00697247706422018,0.0759633027522936,0.033394495412844,0.286238532110092
208273.411807,2694866.126422,0.0381581361218125,0.634195560447624,0,0.0515501742799486,0.0719134103834159,0.204182718767199
208773.411807,2694866.126422,0.0120879120879121,0.541391941391941,0,0.0576923076923077,0.0318681318681319,0.356959706959707
209273.411807,2694866.126422,0.035045871559633,0.416697247706422,0.00293577981651376,0.0451376146788991,0.0702752293577982,0.429908256880734
209773.411807,2694866.126422,0.0210970464135021,0.413502109704641,0.0066042927903137,0.154467070262337,0.119427627958173,0.284901852871033
210273.411807,2694866.126422,0.028021978021978,0.441941391941392,0.00183150183150183,0.113736263736264,0.0593406593406593,0.355128205128205
210773.411807,2694866.126422,0.0396330275229358,0.377614678899083,0.00055045871559633,0.113211009174312,0.0642201834862385,0.404770642201835
211273.411807,2694866.126422,0.0266006237387635,0.654008438818565,0,0.0201797835259585,0.0286186020913594,0.270592551825353
211773.411807,2694866.126422,0.0608037029244688,0.361876709446665,0.00105196717862403,0.223437828739743,0.131706290763728,0.22112350094677
205773.411807,2694366.126422,0,0.00128346167950128,0.568390172350568,0.42959295929593,0,0.000733406674000733
206273.411807,2694366.126422,0.0457875457875458,0.0756410256410256,0.0166666666666667,0.552747252747253,0.0380952380952381,0.271062271062271
206773.411807,2694366.126422,0.0417582417582418,0.452197802197802,0,0.0232600732600733,0.043956043956044,0.438827838827839
207273.411807,2694366.126422,0.0128346167950128,0.72020535386872,0,0.0753575357535754,0.037037037037037,0.154565456545655
207773.411807,2694366.126422,0.0221611721611722,0.554212454212454,0.00641025641025641,0.109157509157509,0.041025641025641,0.267032967032967
208273.411807,2694366.126422,0.0119047619047619,0.647069597069597,0.00128205128205128,0.0421245421245421,0.0210622710622711,0.276556776556777
208773.411807,2694366.126422,0.0242024202420242,0.530803080308031,0,0.0247524752475248,0.0185185185185185,0.401723505683902
209273.411807,2694366.126422,0.0395604395604396,0.366300366300366,0.000366300366300366,0.152014652014652,0.0893772893772894,0.352380952380952
209773.411807,2694366.126422,0.0128205128205128,0.491208791208791,0.00531135531135531,0.0985347985347985,0.0657509157509158,0.326373626373626
210273.411807,2694366.126422,0.0513384671800513,0.38027136046938,0.00476714338100477,0.237440410707737,0.0986431976530986,0.227539420608728
210773.411807,2694366.126422,0.0380952380952381,0.185347985347985,0,0.315384615384615,0.13992673992674,0.321245421245421
211273.411807,2694366.126422,0.0681318681318681,0.185714285714286,0.0120879120879121,0.413186813186813,0.0741758241758242,0.246703296703297
211773.411807,2694366.126422,0.0585016835016835,0.0837542087542087,0.00168350168350168,0.523358585858586,0.144149831649832,0.188552188552189
205773.411807,2693866.126422,0.189664650907092,0.0753161077515118,0.277075316107751,0.126259849734286,0.0359171706065604,0.295766904892798
206273.411807,2693866.126422,0.0434942191227748,0.213250137639934,0.000183519911910442,0.0409249403560286,0.0330335841438796,0.669113598825473
206773.411807,2693866.126422,0.0300751879699248,0.441958554923895,0,0.12415184302219,0.0790390610673024,0.324775353016688
207273.411807,2693866.126422,0.0254718709913872,0.481033534909291,0.0117280557082646,0.141103170240059,0.0778816199376947,0.262781748213304
207773.411807,2693866.126422,0.0403743806202973,0.309598091392916,0,0.195815746008442,0.122958340979996,0.331253440998348
208273.411807,2693866.126422,0.0262240968274344,0.447460113698881,0,0.0894920227397763,0.0520814230698698,0.384742343664038
208773.411807,2693866.126422,0.0247388675096207,0.564229430089793,0,0.0833791460509437,0.0564412680960235,0.271211288253619
209273.411807,2693866.126422,0.0139475133051936,0.566342448155625,0,0.0322995044962378,0.0293631859056708,0.358047348137273
209773.411807,2693866.126422,0.0265908674124335,0.530900421786173,0,0.0599669906473501,0.0489638730973776,0.333577847056666
210273.411807,2693866.126422,0.0412314458493678,0.235110866776617,0,0.103903243540407,0.0890599230346344,0.530694520798974
210773.411807,2693866.126422,0.0798311616810424,0.031932464672417,0.00697375665259681,0.557166452560103,0.164617360983667,0.159478803450174
211273.411807,2693866.126422,0.0341096644049147,0.0333761232349166,0.00293416467999266,0.753530166880616,0.0803227581147992,0.0957271226847607
211773.411807,2693866.126422,0.0416754367501579,0.0273626604925279,0.000420964007577352,0.743632919385393,0.103978109871606,0.0829299094927384
205273.411807,2693366.126422,0,0.0454962392221611,0.753072830673271,0.130067877453678,0.0196294257934324,0.0517336268574573
205773.411807,2693366.126422,0.0163003663003663,0.368681318681319,0,0.0534798534798535,0.0498168498168498,0.511721611721612
206273.411807,2693366.126422,0.00954128440366972,0.412110091743119,0,0.0018348623853211,0.0192660550458716,0.557247706422018
206773.411807,2693366.126422,0.0275178866263071,0.438451660245826,0.0146762062006971,0.146762062006971,0.0810860392588516,0.291506145661347
207273.411807,2693366.126422,0.0247252747252747,0.483882783882784,0,0.0230769230769231,0.0347985347985348,0.433516483516484
207773.411807,2693366.126422,0.0335779816513761,0.495779816513761,0.00018348623853211,0.102385321100917,0.0587155963302752,0.309357798165138
208273.411807,2693366.126422,0.0625573289304715,0.199046046596955,0.00366905155017428,0.341772151898734,0.164740414602825,0.22821500642084
208773.411807,2693366.126422,0.0184981684981685,0.413369963369963,0,0.0774725274725275,0.0527472527472527,0.437912087912088
209273.411807,2693366.126422,0.0464220183486239,0.409174311926606,0,0.169174311926606,0.098348623853211,0.276880733944954
209773.411807,2693366.126422,0.0680609062557329,0.45367822417905,0,0.160704457897633,0.091726288754357,0.225830122913227
210273.411807,2693366.126422,0.0701465201465201,0.3003663003663,0.00347985347985348,0.177106227106227,0.10018315018315,0.348717948717949
210773.411807,2693366.126422,0.0489908256880734,0.452293577981651,0,0.12697247706422,0.056697247706422,0.315045871559633
211273.411807,2693366.126422,0.0420106402494955,0.0720968629609246,0.00165107319757843,0.678040726472207,0.108970831040176,0.0972298660796184
211773.411807,2693366.126422,0.0359772775089417,0.0138859667578372,0.0039974752787713,0.883021249737008,0.0536503261098254,0.00946770460761624
205273.411807,2692866.126422,0.00256410256410256,0.0923076923076923,0.182600732600733,0.0935897435897436,0.0655677655677656,0.563369963369963
205773.411807,2692866.126422,0.0251191785845251,0.325265859919325,0.00055005500550055,0.0355702236890356,0.0562889622295563,0.557205720572057
206273.411807,2692866.126422,0.0291208791208791,0.273443223443223,0.00366300366300366,0.212087912087912,0.146520146520147,0.335164835164835
206773.411807,2692866.126422,0.0161172161172161,0.391208791208791,0,0.0608058608058608,0.0641025641025641,0.467765567765568
207273.411807,2692866.126422,0.0317198386505317,0.485148514851485,0,0.0232856618995233,0.030986431976531,0.428859552621929
207773.411807,2692866.126422,0.0111721611721612,0.536813186813187,0,0.0353479853479853,0.0531135531135531,0.363553113553114
208273.411807,2692866.126422,0.0333333333333333,0.45952380952381,0,0.0675824175824176,0.0683150183150183,0.371245421245421
208773.411807,2692866.126422,0.0214521452145215,0.456729006233957,0,0.022002200220022,0.0374037403740374,0.462412907957462
209273.411807,2692866.126422,0.0113553113553114,0.489010989010989,0,0.0368131868131868,0.0412087912087912,0.421611721611722
209773.411807,2692866.126422,0.0155677655677656,0.603113553113553,0.000183150183150183,0.0844322344322344,0.0177655677655678,0.278937728937729
210273.411807,2692866.126422,0.0363036303630363,0.368536853685369,0,0.09002566923359,0.148148148148148,0.356985698569857
210773.411807,2692866.126422,0.0562271062271062,0.308424908424908,0,0.215384615384615,0.106959706959707,0.313003663003663
211273.411807,2692866.126422,0.0388278388278388,0.0967032967032967,0.000183150183150183,0.537179487179487,0.11978021978022,0.207326007326007
211773.411807,2692866.126422,0.145412457912458,0.0391414141414141,0.000420875420875421,0.424031986531987,0.186237373737374,0.204755892255892
204773.411807,2692366.126422,0,0.087538997981281,0.479904569645807,0.37327950082584,0.0102771150669848,0.0489998164800881
205273.411807,2692366.126422,0,0.039611223179901,0.000366770584999083,0.00696864111498258,0.0148542086924629,0.938199156427655
205773.411807,2692366.126422,0.0282206340480117,0.324170789811252,0.000183250870441635,0.0322521531977277,0.03811618105186,0.577056991020707
206273.411807,2692366.126422,0.0411084602679391,0.363736465406497,0.000183519911910442,0.127179298953937,0.0598274912828042,0.407964764176913
206773.411807,2692366.126422,0.0119200440124702,0.41995231982395,0,0.0658353200073354,0.0750045846323125,0.427287731523932
207273.411807,2692366.126422,0.0111783030969397,0.502840388491845,0,0.00879604178119846,0.0247388675096207,0.452446399120396
207773.411807,2692366.126422,0.0194531106625069,0.490732244448523,0,0.0337676637915214,0.0508350155991925,0.405211965498257
208273.411807,2692366.126422,0.0148542086924629,0.57216211259857,0,0.0922428021272694,0.0267742527049331,0.293966623876765
208773.411807,2692366.126422,0.0452629649990837,0.49331134322888,0,0.0665200659703134,0.0630382994319223,0.3318673263698
209273.411807,2692366.126422,0.0317489447605065,0.483024408148284,0,0.0660671682877592,0.0649660488162966,0.354193429987154
209773.411807,2692366.126422,0.0515312671923712,0.389877131854025,0,0.125252154777187,0.12818631945718,0.305153126719237
210273.411807,2692366.126422,0.0324354040681693,0.675645959318307,0,0.0124610591900312,0.0208905992303463,0.258566978193146
210773.411807,2692366.126422,0.0313819049366856,0.438796109377868,0.00311983850247752,0.188841989355845,0.0677188474949532,0.270141310332171
211273.411807,2692366.126422,0.0623509994498441,0.114799193104713,0.000733541169998166,0.386759581881533,0.130203557674674,0.305153126719237
211773.411807,2692366.126422,0.216796463902336,0.051357608924437,0.000210482003788676,0.231951168175121,0.125026310250474,0.374657966743843
204773.411807,2691866.126422,0,0.167155963302752,0.167889908256881,0.271743119266055,0.0480733944954128,0.345137614678899
205273.411807,2691866.126422,0,0.183819482663731,0.0232984773436067,0.158869932122546,0.136121812511466,0.49789029535865
205773.411807,2691866.126422,0,0.168498168498169,0.0221611721611722,0.141025641025641,0.161721611721612,0.506593406593407
206273.411807,2691866.126422,0.0115596330275229,0.385321100917431,0.00844036697247706,0.218532110091743,0.0662385321100917,0.309908256880734
206773.411807,2691866.126422,0.00953953403045313,0.351862043661713,0,0,0.0361401577692167,0.602458264538617
207273.411807,2691866.126422,0.0333333333333333,0.4503663003663,0,0.000183150183150183,0.0249084249084249,0.491208791208791
207773.411807,2691866.126422,0.0177981651376147,0.52697247706422,0,0.00073394495412844,0.038348623853211,0.416146788990826
208273.411807,2691866.126422,0.0368739680792515,0.521005320124748,0,0.0299027701339204,0.0607228031553843,0.351495138506696
208773.411807,2691866.126422,0.0108058608058608,0.503663003663004,0,0.00860805860805861,0.0106227106227106,0.466300366300366
209273.411807,2691866.126422,0.0284403669724771,0.515229357798165,0,0.0761467889908257,0.0526605504587156,0.327522935779817
209773.411807,2691866.126422,0.0177949000183453,0.60062373876353,0,0.0174279948633278,0.0277013392038158,0.336452027150981
210273.411807,2691866.126422,0.0289377289377289,0.577655677655678,0.000183150183150183,0.110805860805861,0.0549450549450549,0.227472527472527
210773.411807,2691866.126422,0.0838532110091743,0.205688073394495,0.00275229357798165,0.334128440366972,0.137614678899083,0.235963302752294
211273.411807,2691866.126422,0.300311869381765,0.0504494588148963,0,0.0889745000917263,0.113006787745368,0.447257383966245
211773.411807,2691866.126422,0.263622974963181,0.0330317694087944,0.000420786871449611,0.115295602777193,0.100778455712182,0.4868504102672
204773.411807,2691366.126422,0.00164835164835165,0.0919413919413919,0.000732600732600733,0.0117216117216117,0.0315018315018315,0.862454212454212
205273.411807,2691366.126422,0.00293040293040293,0.026007326007326,0.0137362637362637,0.0128205128205128,0.0989010989010989,0.845604395604396
205773.411807,2691366.126422,0.0022002200220022,0.117161716171617,0.0207187385405207,0.0201686835350202,0.0227356068940227,0.817015034836817
206273.411807,2691366.126422,0.0108058608058608,0.412820512820513,0.0501831501831502,0.161904761904762,0.0395604395604396,0.324725274725275
206773.411807,2691366.126422,0,0.134065934065934,0.0371794871794872,0.28956043956044,0.102014652014652,0.437179487179487
207273.411807,2691366.126422,0,0.432159882654932,0.0121012101210121,0.154748808214155,0.0903923725705904,0.310597726439311
207773.411807,2691366.126422,0.0111721611721612,0.272893772893773,0.0106227106227106,0.0866300366300366,0.207142857142857,0.411538461538462
208273.411807,2691366.126422,0.0146520146520147,0.474725274725275,0.000366300366300366,0.0857142857142857,0.0655677655677656,0.358974358974359
208773.411807,2691366.126422,0.0210854418775211,0.415108177484415,0,0.00311697836450312,0.0216354968830216,0.539053905390539
209273.411807,2691366.126422,0.047985347985348,0.416117216117216,0,0.000366300366300366,0.0401098901098901,0.495421245421245
209773.411807,2691366.126422,0.0732600732600733,0.315201465201465,0.000366300366300366,0.154395604395604,0.0895604395604396,0.367216117216117
210273.411807,2691366.126422,0.0537220388705537,0.280528052805281,0.000366703337000367,0.214888155482215,0.13017968463513,0.32031536486982
210773.411807,2691366.126422,0.217582417582418,0.35,0,0.0126373626373626,0.0173992673992674,0.402380952380952
211273.411807,2691366.126422,0.459157509157509,0.00531135531135531,0,0.000549450549450549,0.0195970695970696,0.515384615384615
211773.411807,2691366.126422,0.344276094276094,0.136574074074074,0,0.0185185185185185,0.0648148148148148,0.435816498316498
203773.411807,2690866.126422,0,0.000550155877498625,0.892536218595269,0.106180084357235,0.000733541169998166,0
204273.411807,2690866.126422,0,0.128642111050027,0.529595015576324,0.117647058823529,0.0864944108484515,0.137621403701668
204773.411807,2690866.126422,0.0447788585061479,0.0442282987704166,0.0165167920719398,0.00697375665259681,0.0436777390346853,0.843824554964214
205273.411807,2690866.126422,0.0529983495323675,0.0968274344397579,0.00513478818998716,0.0269576379974326,0.0764716669723088,0.741610122868146
205773.411807,2690866.126422,0.0205240974894631,0.188381894814,0,0.0809968847352025,0.0751328568810702,0.634964266080264
206273.411807,2690866.126422,0.00256927876674619,0.501743439163149,0,0.0354193429987154,0.0669847678473114,0.393283171224078
206773.411807,2690866.126422,0.0194388410049514,0.454245369521364,0.000183385292499542,0.024390243902439,0.0849073904272877,0.416834769851458
207273.411807,2690866.126422,0.0124610591900312,0.379879054425509,0.00311526479750779,0.149899212021257,0.040131940626718,0.414513468938977
207773.411807,2690866.126422,0,0.218939254909158,0.00495503762158194,0.235639566893008,0.197100385391815,0.343365755184438
208273.411807,2690866.126422,0.0022006235099945,0.201357051164497,0.00715202640748212,0.385842655419035,0.12800293416468,0.275444709334311
208773.411807,2690866.126422,0,0.335715594649075,0.0146600696353308,0.341762873373649,0.116730804471321,0.191130657870625
209273.411807,2690866.126422,0.00220223894292531,0.138741053404294,0.00935951550743256,0.183152872086621,0.0345017434391632,0.632042576619563
209773.411807,2690866.126422,0.0187052998349532,0.146341463414634,0,0.000550155877498625,0.0163212910324592,0.818081789840455
210273.411807,2690866.126422,0.0586402785413231,0.199743448781382,0,0.0485614806670332,0.0991387209089243,0.593916071101338
210773.411807,2690866.126422,0.0346852633510736,0.47733529087906,0.000183519911910442,0.00734079647641769,0.0238575885483575,0.45659754083318
211273.411807,2690866.126422,0.288831835686778,0.289198606271777,0,0.000550155877498625,0.0174216027874564,0.40399779937649
211773.411807,2690866.126422,0.428541359713744,0.0311513365607241,0,0.0938749736897495,0.0555672490002105,0.390865081035571
204273.411807,2690366.126422,0.00128205128205128,0.110622710622711,0.523626373626374,0.127838827838828,0.0245421245421245,0.212087912087912
204773.411807,2690366.126422,0.0357798165137615,0.122752293577982,0.0036697247706422,0.109174311926606,0.100366972477064,0.628256880733945
205273.411807,2690366.126422,0.0354063474591818,0.369106585947533,0,0.0937442671069529,0.0684278114107503,0.433314988075582
205773.411807,2690366.126422,0.0375457875457875,0.346336996336996,0.00183150183150183,0.188095238095238,0.113736263736264,0.312454212454212
206273.411807,2690366.126422,0.0445871559633028,0.436330275229358,0,0.0904587155963303,0.0669724770642202,0.361651376146789
206773.411807,2690366.126422,0.026967528893781,0.325628325077967,0.00366905155017428,0.029535864978903,0.0543019629425793,0.559897266556595
207273.411807,2690366.126422,0.0322344322344322,0.313369963369963,0,0.0100732600732601,0.041025641025641,0.603296703296703
207773.411807,2690366.126422,0.00972477064220183,0.375412844036697,0,0.0073394495412844,0.0398165137614679,0.567706422018349
208273.411807,2690366.126422,0.00935608145294441,0.0884241423592002,0.000550357732526142,0.0970464135021097,0.0535681526325445,0.751054852320675
208773.411807,2690366.126422,0.00659340659340659,0.0972527472527473,0,0.191575091575092,0.261904761904762,0.442673992673993
209273.411807,2690366.126422,0,0.228990825688073,0,0.370825688073394,0.181100917431193,0.219082568807339
209773.411807,2690366.126422,0.0361401577692167,0.173362685745735,0.00733810310034856,0.164373509447808,0.085305448541552,0.53348009539534
210273.411807,2690366.126422,0.0217948717948718,0.164835164835165,0.00347985347985348,0.0406593406593407,0.0710622710622711,0.698168498168498
210773.411807,2690366.126422,0.00642201834862385,0.165871559633028,0.00055045871559633,0.0293577981651376,0.0445871559633028,0.753211009174312
211273.411807,2690366.126422,0.0135754907356448,0.42230783342506,0.000733810310034856,0.0370574206567602,0.0286186020913594,0.497706842781141
211773.411807,2690366.126422,0.0925731117189144,0.494003787081843,0,0.00967809804334105,0.0460761624237324,0.357668840732169
202773.411807,2689866.126422,0,0,0.901723505683902,0.0982764943160983,0,0
204273.411807,2689866.126422,0.00678401173450678,0.124862486248625,0.516501650165016,0.0902090209020902,0.112394572790612,0.149248258159149
204773.411807,2689866.126422,0.0124542124542125,0.426373626373626,0.0010989010989011,0.0135531135531136,0.0172161172161172,0.529304029304029
205273.411807,2689866.126422,0.0163003663003663,0.312271062271062,0,0.043040293040293,0.0177655677655678,0.610622710622711
205773.411807,2689866.126422,0.0518885221855519,0.319398606527319,0.0011001100110011,0.141180784745141,0.111661166116612,0.374770810414375
206273.411807,2689866.126422,0.0661172161172161,0.45018315018315,0,0.00641025641025641,0.00970695970695971,0.467582417582418
206773.411807,2689866.126422,0.021978021978022,0.542857142857143,0,0.0258241758241758,0.0505494505494506,0.358791208791209
207273.411807,2689866.126422,0.0645397873120645,0.578841217455079,0,0.022002200220022,0.0177851118445178,0.316831683168317
207773.411807,2689866.126422,0.026007326007326,0.604212454212454,0,0.00293040293040293,0.0672161172161172,0.2996336996337
208273.411807,2689866.126422,0.0217948717948718,0.452014652014652,0,0.0311355311355311,0.0461538461538462,0.448901098901099
208773.411807,2689866.126422,0.033003300330033,0.253575357535754,0,0.0940594059405941,0.0650898423175651,0.554272093876054
209273.411807,2689866.126422,0.0351648351648352,0.135164835164835,0,0.0146520146520147,0.0523809523809524,0.762637362637363
209773.411807,2689866.126422,0.063003663003663,0.234615384615385,0.00714285714285714,0.26996336996337,0.104029304029304,0.321245421245421
210273.411807,2689866.126422,0.00641730839750642,0.224422442244224,0.0256692335900257,0.374037403740374,0.121195452878621,0.248258159149248
210773.411807,2689866.126422,0.00476190476190476,0.145787545787546,0.00915750915750916,0.339194139194139,0.262820512820513,0.238278388278388
211273.411807,2689866.126422,0.00641025641025641,0.133333333333333,0.039010989010989,0.433516483516484,0.11959706959707,0.268131868131868
211773.411807,2689866.126422,0.00168350168350168,0.170664983164983,0.0138888888888889,0.137205387205387,0.110058922558923,0.566498316498317
202273.411807,2689366.126422,0.08399046396479,0.0291582615074271,0,0.0157711351549606,0.0177883733724555,0.853291766000367
202773.411807,2689366.126422,0.176470588235294,0.036100421477002,0.344511636430273,0.101337731354224,0.0120945574491479,0.329485065054059
204273.411807,2689366.126422,0.0104452996151732,0.136705149349459,0.288436870075133,0.184350375664284,0.224482316291002,0.155579989004948
204773.411807,2689366.126422,0.047715177096715,0.313819049366856,0,0.17030647825289,0.126261699394384,0.341897595889154
205273.411807,2689366.126422,0.0344764349899138,0.254905556574363,0.000550155877498625,0.209976159911975,0.132404181184669,0.367687511461581
205773.411807,2689366.126422,0.051126992853216,0.334249587685542,0,0.143118929814917,0.111050027487631,0.360454462158695
206273.411807,2689366.126422,0.0631308496971921,0.349421912277482,0.000917599559552211,0.065149568728207,0.0645990089924757,0.456781060745091
206773.411807,2689366.126422,0.0412616908123968,0.461764166513846,0,0.0729873464148175,0.0891252521547772,0.334861544104163
207273.411807,2689366.126422,0.0311526479750779,0.495327102803738,0,0.0632215503023639,0.0771486164559282,0.333150082462892
207773.411807,2689366.126422,0.0271609469627455,0.438429069554047,0.00403743806202973,0.00862543585979079,0.0647825289043861,0.456964580657001
208273.411807,2689366.126422,0.010819732257473,0.451127819548872,0,0.0254905556574363,0.0618008435723455,0.450761048963873
208773.411807,2689366.126422,0.0117280557082646,0.457760674363203,0.0042147700201576,0.0672530694520799,0.0628550485614807,0.396188381894814
209273.411807,2689366.126422,0.0886401174527436,0.185355111029547,0.000734079647641769,0.238575885483575,0.137456414020921,0.349238392365572
209773.411807,2689366.126422,0.0559325142123602,0.283330276911792,0,0.118283513662204,0.0766550522648084,0.465798642948835
210273.411807,2689366.126422,0.0430639545537841,0.549752611324904,0,0.00861279091075683,0.0348176653839106,0.363752977826645
210773.411807,2689366.126422,0.151954487061846,0.360066067168288,0.00862543585979079,0.0512020554230134,0.0425766195632226,0.385575334923839
211273.411807,2689366.126422,0.0753713552173116,0.42802127269393,0.00311754997249221,0.0429121584448927,0.0788556757748029,0.371721987896571
211773.411807,2689366.126422,0.0145232582614186,0.32266891180804,0.0265207324773732,0.185434645337824,0.0875605135760892,0.363291938539255
201773.411807,2688866.126422,0.538165137614679,0.0935779816513762,0,0.0693577981651376,0.0278899082568807,0.271009174311927
202273.411807,2688866.126422,0.693817648137956,0.00605393505778756,0,0,0,0.300128416804256
202773.411807,2688866.126422,0.643406593406593,0.00421245421245421,0,0.000183150183150183,0.00952380952380952,0.342673992673993
203273.411807,2688866.126422,0.660366972477064,0.00972477064220183,0.0036697247706422,0.0355963302752294,0.00917431192660551,0.281467889908257
203773.411807,2688866.126422,0.196477710511833,0.0392588515868648,0.493487433498441,0.130434782608696,0.0352228948816731,0.105118326912493
204273.411807,2688866.126422,0.032051282051282,0.321245421245421,0.000366300366300366,0.166483516483516,0.128388278388278,0.351465201465201
204773.411807,2688866.126422,0.0267889908256881,0.427706422018349,0.00073394495412844,0.0746788990825688,0.0513761467889908,0.418715596330275
205273.411807,2688866.126422,0.0177949000183453,0.386351128233352,0,0.026967528893781,0.0416437350944781,0.527242707760044
205773.411807,2688866.126422,0.0565934065934066,0.266849816849817,0,0.146703296703297,0.105494505494505,0.424358974358974
206273.411807,2688866.126422,0.0170642201834862,0.416697247706422,0,0.00311926605504587,0.0177981651376147,0.545321100917431
206773.411807,2688866.126422,0.0654925701706109,0.387268391120895,0,0.0344890845716382,0.0695285268758026,0.443221427261053
207273.411807,2688866.126422,0.0412087912087912,0.539194139194139,0,0.0043956043956044,0.0470695970695971,0.368131868131868
207773.411807,2688866.126422,0.021651376146789,0.518899082568807,0,0.011743119266055,0.0781651376146789,0.36954128440367
208273.411807,2688866.126422,0.0304531278664465,0.382498624105669,0,0.0627407815079802,0.157585764079985,0.366721702439919
208773.411807,2688866.126422,0.0472527472527473,0.22985347985348,0.00146520146520147,0.154945054945055,0.214285714285714,0.352197802197802
209273.411807,2688866.126422,0.0735779816513761,0.221834862385321,0.00385321100917431,0.284954128440367,0.139816513761468,0.275963302752294
209773.411807,2688866.126422,0.0735644835809943,0.316088791047514,0.000733810310034856,0.151348376444689,0.0897083104017612,0.368556228215006
210273.411807,2688866.126422,0.178754578754579,0.173443223443223,0.015018315018315,0.221978021978022,0.111538461538462,0.299267399267399
210773.411807,2688866.126422,0.373211009174312,0.0834862385321101,0.0113761467889908,0.0291743119266055,0.0477064220183486,0.455045871559633
211273.411807,2688866.126422,0.301962942579343,0.248027884791781,0,0.0201797835259585,0.0322876536415337,0.397541735461383
211773.411807,2688866.126422,0.202819272038712,0.359562381653692,0,0.0435514411950347,0.117820324005891,0.276246581106669
201773.411807,2688366.126422,0.644139194139194,0.0108058608058608,0,0.00164835164835165,0.00860805860805861,0.334798534798535
202273.411807,2688366.126422,0.648534798534799,0,0,0,0,0.351465201465201
202773.411807,2688366.126422,0.605977264393106,0.00128346167950128,0,0,0.000183351668500183,0.392555922258893
203273.411807,2688366.126422,0.282967032967033,0.0269230769230769,0.0111721611721612,0.433516483516484,0.047985347985348,0.197435897435897
203773.411807,2688366.126422,0.185897435897436,0.0745421245421245,0.0815018315018315,0.367948717948718,0.0866300366300366,0.203479853479853
204273.411807,2688366.126422,0.0122845617895123,0.505133846718005,0,0.0308030803080308,0.0533553355335534,0.398423175650898
204773.411807,2688366.126422,0.0481684981684982,0.336080586080586,0.00769230769230769,0.188644688644689,0.0717948717948718,0.347619047619048
205273.411807,2688366.126422,0.0289377289377289,0.315934065934066,0.000183150183150183,0.0159340659340659,0.0443223443223443,0.594688644688645
205773.411807,2688366.126422,0.0311697836450312,0.305280528052805,0.00293362669600293,0.135496883021635,0.118261826182618,0.406857352401907
206273.411807,2688366.126422,0.0238095238095238,0.473076923076923,0.000915750915750916,0.0115384615384615,0.076007326007326,0.414652014652015
206773.411807,2688366.126422,0.0201465201465201,0.394139194139194,0,0.0703296703296703,0.124358974358974,0.391025641025641
207273.411807,2688366.126422,0.055005500550055,0.287128712871287,0.0011001100110011,0.234873487348735,0.183168316831683,0.238723872387239
207773.411807,2688366.126422,0.0567765567765568,0.493772893772894,0,0.0282051282051282,0.0679487179487179,0.353296703296703
208273.411807,2688366.126422,0.0824175824175824,0.460805860805861,0.000732600732600733,0.0443223443223443,0.05,0.361721611721612
208773.411807,2688366.126422,0.0832416574990832,0.313348001466813,0.000366703337000367,0.116244957829116,0.0968096809680968,0.38998899889989
209273.411807,2688366.126422,0.0820512820512821,0.286813186813187,0.0010989010989011,0.0534798534798535,0.107326007326007,0.469230769230769
209773.411807,2688366.126422,0.312454212454212,0.138095238095238,0.000183150183150183,0.0644688644688645,0.047985347985348,0.436813186813187
210273.411807,2688366.126422,0.160616061606161,0.125779244591126,0,0.00605060506050605,0.0264026402640264,0.681151448478181
210773.411807,2688366.126422,0.117582417582418,0.283150183150183,0,0.00842490842490842,0.0179487179487179,0.572893772893773
211273.411807,2688366.126422,0.041025641025641,0.419047619047619,0.00531135531135531,0.0305860805860806,0.104212454212454,0.39981684981685
211773.411807,2688366.126422,0.0776515151515152,0.660353535353535,0,0.0324074074074074,0.00673400673400673,0.222853535353535
201273.411807,2687866.126422,0.259483232545355,0.0678028220634048,0.0185083379146051,0.221550302363936,0.0916254352208173,0.341029869891882
201773.411807,2687866.126422,0.415672600477152,0.0686364470545054,0,0.0258763075793724,0.0835015599192512,0.406313084969719
202273.411807,2687866.126422,0.584448927196039,0,0,0,0,0.415551072803961
202773.411807,2687866.126422,0.677661718893165,0.000549752611324904,0,0.000183250870441635,0,0.321605277625069
203273.411807,2687866.126422,0.38594237474766,0.0172508717195816,0.0405579005322077,0.063497889521013,0.0244081482840888,0.468342815195449
203773.411807,2687866.126422,0.312305153126719,0.0172382174949569,0.00788556757748029,0.092792958004768,0.163763066202091,0.406015037593985
204273.411807,2687866.126422,0.0300531427524281,0.444016859080081,0.0536925050393989,0.0709180868609126,0.0738501007879787,0.327469305479201
204773.411807,2687866.126422,0.0354193429987154,0.310332171040558,0.00935951550743256,0.182051752615159,0.121490181684713,0.341347036153423
205273.411807,2687866.126422,0.0269576379974326,0.329359985329177,0.000916926462497708,0.183201907207042,0.110948101962223,0.348615441041628
205773.411807,2687866.126422,0.0643210555250137,0.340113615539674,0.000183250870441635,0.127909107568261,0.135972145867693,0.331500824628917
206273.411807,2687866.126422,0.0266103872270141,0.440814828408882,0,0.0216553496054322,0.0888236373646541,0.422095797394017
206773.411807,2687866.126422,0.0674857876398313,0.338529249954154,0.00146708233999633,0.0993948285347515,0.0814230698697964,0.411699981661471
207273.411807,2687866.126422,0.0549752611324904,0.331317573758475,0.00164925783397471,0.191497159611508,0.0892431739050761,0.331317573758475
207773.411807,2687866.126422,0.0282620664342081,0.407047164617361,0.000183519911910442,0.097082033400624,0.0647825289043861,0.40264268673151
208273.411807,2687866.126422,0.0561158995048597,0.156611039794608,0.00385109114249037,0.300935264991748,0.166697230882083,0.315789473684211
208773.411807,2687866.126422,0.0822796408282939,0.26791277258567,0.000183250870441635,0.0947407000183251,0.0943741982774418,0.460509437419828
209273.411807,2687866.126422,0.122040741420444,0.322995044962378,0,0.00899247568361167,0.0203707102220591,0.525601027711507
209773.411807,2687866.126422,0.266092059416835,0.0522648083623693,0,0.00476801760498808,0.0260407115349349,0.650834403080873
210273.411807,2687866.126422,0.229613340663368,0.0494777350192413,0,0.000549752611324904,0.0188748396554884,0.701484332050577
210773.411807,2687866.126422,0.126995779042026,0.139842172875757,0,0.085887318774087,0.332354560469811,0.314920168838319
211273.411807,2687866.126422,0.0379607555474051,0.228864845039428,0,0.0273244085824317,0.101778837337246,0.60407115349349
211773.411807,2687866.126422,0.0793517154283309,0.519680067354241,0,0.0313618185645127,0.0444117027994107,0.325194695853505
199273.411807,2687366.126422,0,0,0.99963924963925,0.000360750360750361,0,0
199773.411807,2687366.126422,0,0,1,0,0,0
200273.411807,2687366.126422,0,0.0299082568807339,0.751926605504587,0.135412844036697,0.0181651376146789,0.0645871559633028
200773.411807,2687366.126422,0.000183452577508714,0.0262337185837461,0.677306916162172,0.282700421940928,0.0130251330031187,0.000550357732526142
201273.411807,2687366.126422,0.0152014652014652,0.0254578754578755,0.407875457875458,0.478205128205128,0.0254578754578755,0.0478021978021978
201773.411807,2687366.126422,0.0300917431192661,0.073394495412844,0.038348623853211,0.645321100917431,0.118532110091743,0.0943119266055046
202273.411807,2687366.126422,0.188038891946432,0.0720968629609246,0.0387084938543387,0.388185654008439,0.0719134103834159,0.24105668684645
202773.411807,2687366.126422,0.215384615384615,0.0741758241758242,0.01996336996337,0.33992673992674,0.0690476190476191,0.281501831501832
203273.411807,2687366.126422,0.0658715596330275,0.0464220183486239,0.0073394495412844,0.595963302752294,0.141834862385321,0.14256880733945
203773.411807,2687366.126422,0.0684278114107503,0.280682443588332,0.000366905155017428,0.214822968262704,0.139423958906623,0.296275912676573
204273.411807,2687366.126422,0.0573260073260073,0.23003663003663,0.0106227106227106,0.265201465201465,0.150549450549451,0.286263736263736
204773.411807,2687366.126422,0.053394495412844,0.248623853211009,0.0664220183486239,0.195045871559633,0.147706422018349,0.288807339449541
205273.411807,2687366.126422,0.026967528893781,0.490919097413319,0,0.129700972298661,0.0787011557512383,0.273711245643001
205773.411807,2687366.126422,0.039010989010989,0.386080586080586,0,0.212637362637363,0.124175824175824,0.238095238095238
206273.411807,2687366.126422,0.056697247706422,0.251376146788991,0.00055045871559633,0.261834862385321,0.132660550458716,0.296880733944954
206773.411807,2687366.126422,0.0695285268758026,0.344340487983856,0.00421940928270042,0.20546688680976,0.102183085672354,0.274261603375527
207273.411807,2687366.126422,0.0452380952380952,0.47985347985348,0,0.110989010989011,0.091025641025641,0.272893772893773
207773.411807,2687366.126422,0.0510091743119266,0.482201834862385,0.00146788990825688,0.171926605504587,0.0954128440366973,0.197981651376147
208273.411807,2687366.126422,0.0508163639699138,0.259035039442304,0.00220143093010457,0.297376628141625,0.152082186754724,0.238488350761328
208773.411807,2687366.126422,0.0494505494505494,0.450732600732601,0,0.00531135531135531,0.013003663003663,0.481501831501832
209273.411807,2687366.126422,0.0757798165137615,0.0315596330275229,0,0.00018348623853211,0.00660550458715596,0.885871559633028
209773.411807,2687366.126422,0.202715098147129,0.0809025866813429,0,0.0194459732159237,0.0148596587782058,0.682076683177399
210273.411807,2687366.126422,0.174542124542125,0.13974358974359,0,0.0163003663003663,0.0545787545787546,0.614835164835165
210773.411807,2687366.126422,0.0796330275229358,0.10348623853211,0.00073394495412844,0.313577981651376,0.246605504587156,0.255963302752294
211273.411807,2687366.126422,0.131902403228765,0.163089341405247,0,0.0842047330764997,0.108787378462667,0.512016143826821
211773.411807,2687366.126422,0.314748579844309,0.0319798022301704,0.00168314748579844,0.0629076372817168,0.0648011782032401,0.523879654954765
199773.411807,2686866.126422,0,0,0.975797579757976,0.0242024202420242,0,0
200273.411807,2686866.126422,0,0,0.817948717948718,0.182051282051282,0,0
200773.411807,2686866.126422,0,0.000183150183150183,0.443040293040293,0.556776556776557,0,0
201273.411807,2686866.126422,0.00586725339200587,0.00366703337000367,0.348001466813348,0.628162816281628,0.0122845617895123,0.00201686835350202
201773.411807,2686866.126422,0.00970695970695971,0.0157509157509158,0.173809523809524,0.774358974358974,0.0208791208791209,0.00549450549450549
