"x","y","forest","agri","water","built","other","grass"
173273.411807,2571866.126422,0.0523066926575698,0.412280701754386,0,0.043859649122807,0.0188434048083171,0.47270955165692
173773.411807,2571866.126422,0.078884608328747,0.274261603375527,0,0.096862960924601,0.0511832691249312,0.498807558246193
174273.411807,2571866.126422,0.0263736263736264,0.413003663003663,0,0.0217948717948718,0.0505494505494506,0.488278388278388
174773.411807,2571866.126422,0.0513761467889908,0.179449541284404,0,0.17394495412844,0.211559633027523,0.383669724770642
175273.411807,2571866.126422,0.0486149330398092,0.213171895065126,0,0.156485048614933,0.140891579526692,0.44083654375344
175773.411807,2571866.126422,0.0542124542124542,0.37014652014652,0,0.0435897435897436,0.0734432234432234,0.458608058608059
176273.411807,2571866.126422,0.0322935779816514,0.265504587155963,0.0376146788990826,0.0211009174311927,0.109908256880734,0.533577981651376
176773.411807,2571866.126422,0.0491652907723353,0.353513116859292,0,0.0515501742799486,0.110071546505228,0.435699871583196
177273.411807,2571866.126422,0.0296703296703297,0.136996336996337,0.036996336996337,0.108058608058608,0.187912087912088,0.5003663003663
177773.411807,2571866.126422,0.0319266055045872,0.197981651376147,0.0548623853211009,0.0735779816513761,0.167339449541284,0.474311926605505
178273.411807,2571866.126422,0.103467253714915,0.1284168042561,0.00642084021280499,0.0223812144560631,0.0842047330764997,0.655109154283618
178773.411807,2571866.126422,0.0661172161172161,0.267582417582418,0.019047619047619,0.00659340659340659,0.032967032967033,0.607692307692308
179273.411807,2571866.126422,0.0684403669724771,0.495779816513761,0.0110091743119266,0.0163302752293578,0.100733944954128,0.307706422018349
179773.411807,2571866.126422,0.188772702256467,0.177765547605944,0.010273344340488,0.15978719501009,0.183636030086223,0.279765180700789
180273.411807,2571866.126422,0.0421245421245421,0.547802197802198,0,0.00531135531135531,0.0961538461538462,0.308608058608059
180773.411807,2571866.126422,0.00165137614678899,0.60954128440367,0,0,0.00330275229357798,0.385504587155963
181273.411807,2571866.126422,0.0242157402311502,0.518253531462117,0,0.00091726288754357,0.0297193175564117,0.426894147862777
181773.411807,2571866.126422,0.00293040293040293,0.806410256410256,0,0,0.000732600732600733,0.18992673992674
182273.411807,2571866.126422,0.106238532110092,0.107155963302752,0,0,0.0273394495412844,0.759266055045872
182773.411807,2571866.126422,0.0478811227297744,0.496239222161071,0.000183452577508714,0,0.00587048248027885,0.449825720051367
183273.411807,2571866.126422,0.00366300366300366,0.637912087912088,0,0.00256410256410256,0.0201465201465201,0.335714285714286
183773.411807,2571866.126422,0.131192660550459,0.208256880733945,0.0174311926605505,0.00752293577981651,0.118899082568807,0.516697247706422
184273.411807,2571866.126422,0.431113557145478,0.0684278114107503,0,0.00550357732526142,0.0106402494955054,0.484314804623005
184773.411807,2571866.126422,0.343589743589744,0.124908424908425,0,0.0148351648351648,0.0516483516483516,0.465018315018315
185273.411807,2571866.126422,0.126422018348624,0.370275229357798,0,0,0.036697247706422,0.466605504587156
185773.411807,2571866.126422,0.382759910246821,0.0617053103964099,0.00056095736724009,0.00037397157816006,0.0514210919970082,0.503178758414361
173273.411807,2571366.126422,0.0670553935860058,0.260770975056689,0.000323939099449304,0.0897311305474571,0.0482669258179462,0.533851635892452
173773.411807,2571366.126422,0.0492673992673993,0.477655677655678,0.0210622710622711,0.0553113553113553,0.0750915750915751,0.321611721611722
174273.411807,2571366.126422,0.141914191419142,0.200770077007701,0,0.055005500550055,0.0837917125045838,0.518518518518518
174773.411807,2571366.126422,0.06996336996337,0.223626373626374,0,0.154395604395604,0.132600732600733,0.419413919413919
175273.411807,2571366.126422,0.0489010989010989,0.262271062271062,0,0.123260073260073,0.156776556776557,0.408791208791209
175773.411807,2571366.126422,0.126145947928126,0.167400073340667,0,0.108544187752109,0.1002933626696,0.497616428309498
176273.411807,2571366.126422,0.13021978021978,0.241391941391941,0,0.0549450549450549,0.0807692307692308,0.492673992673993
176773.411807,2571366.126422,0.0461538461538462,0.352747252747253,0.000366300366300366,0.023992673992674,0.0840659340659341,0.492673992673993
177273.411807,2571366.126422,0.0531719838650532,0.175467546754675,0.0216354968830216,0.0104510451045105,0.143014301430143,0.596259625962596
177773.411807,2571366.126422,0.0747252747252747,0.11007326007326,0.0271062271062271,0.0593406593406593,0.113736263736264,0.615018315018315
178273.411807,2571366.126422,0.0368131868131868,0.363186813186813,0.00402930402930403,0.0139194139194139,0.11025641025641,0.471794871794872
178773.411807,2571366.126422,0.0647231389805647,0.307847451411808,0.0170517051705171,0.0155848918225156,0.0716905023835717,0.523102310231023
179273.411807,2571366.126422,0.0703296703296703,0.523443223443223,0.0302197802197802,0.0163003663003663,0.0454212454212454,0.314285714285714
179773.411807,2571366.126422,0.150549450549451,0.335531135531136,0,0.0423076923076923,0.141575091575092,0.33003663003663
180273.411807,2571366.126422,0.123212321232123,0.352768610194353,0,0.0579391272460579,0.183535020168684,0.282544921158783
180773.411807,2571366.126422,0.0745421245421245,0.386446886446886,0,0.0315018315018315,0.093956043956044,0.413553113553114
181273.411807,2571366.126422,0.0404761904761905,0.518131868131868,0.000732600732600733,0.000366300366300366,0.0340659340659341,0.406227106227106
181773.411807,2571366.126422,0.0313531353135314,0.611294462779611,0,0,0.0011001100110011,0.356252291895856
182273.411807,2571366.126422,0.0796703296703297,0.506776556776557,0.0124542124542125,0.0201465201465201,0.00641025641025641,0.374542124542125
182773.411807,2571366.126422,0.0141025641025641,0.767948717948718,0,0,0.00256410256410256,0.215384615384615
183273.411807,2571366.126422,0.0443711037770444,0.548771543821049,0,0.00971763843050972,0.0207187385405207,0.376420975430876
183773.411807,2571366.126422,0.122527472527473,0.204029304029304,0.0875457875457875,0.0326007326007326,0.0844322344322344,0.468864468864469
184273.411807,2571366.126422,0.0289377289377289,0.592307692307692,0,0.00366300366300366,0.043956043956044,0.331135531135531
184773.411807,2571366.126422,0.0984598459845985,0.383388338833883,0.0132013201320132,0.0044004400440044,0.0491382471580491,0.451411807847451
185273.411807,2571366.126422,0.328388278388278,0.054029304029304,0.000549450549450549,0.000732600732600733,0.0523809523809524,0.563919413919414
185773.411807,2571366.126422,0.310306198655713,0.092419716206124,0,0,0.000933532486930545,0.596340552651232
173273.411807,2570866.126422,0.0155844155844156,0.637337662337662,0,0.0165584415584416,0.0136363636363636,0.316883116883117
173773.411807,2570866.126422,0.0473134054648817,0.365853658536585,0,0.0671190170548322,0.0959105079772602,0.42380341096644
174273.411807,2570866.126422,0.0804471321238776,0.0665200659703134,0,0.450613890415979,0.196811434854316,0.205607476635514
174773.411807,2570866.126422,0.0383556615892824,0.0332171040557901,0.0012846393833731,0.578638282253625,0.189025509267756,0.159478803450174
175273.411807,2570866.126422,0.105629928479736,0.088391710984779,0,0.245369521364387,0.195305336512012,0.365303502659087
175773.411807,2570866.126422,0.0665200659703134,0.231445849367785,0.0102620487447315,0.062671797691039,0.0954737035000916,0.53362653472604
176273.411807,2570866.126422,0.0324830244081483,0.37768397871169,0,0.0216553496054322,0.0330335841438796,0.53514406313085
176773.411807,2570866.126422,0.0097194205024757,0.310471300201724,0,0.0223730056849441,0.0711534934898221,0.586282780121034
177273.411807,2570866.126422,0.042147700201576,0.16254352208173,0.000549752611324904,0.0109950522264981,0.0355506688656771,0.748213304013194
177773.411807,2570866.126422,0.0623967700495504,0.130482657368324,0.00587263718113415,0.000183519911910442,0.0152321526885667,0.785832262800514
178273.411807,2570866.126422,0.0841738492572896,0.16798092792958,0.053181734824867,0.0254905556574363,0.0667522464698331,0.602420685860994
178773.411807,2570866.126422,0.138354407183434,0.116181051859996,0.0529595015576324,0.0216236027121129,0.112699285321605,0.558182151365219
179273.411807,2570866.126422,0.0919434758671316,0.221508533675904,0.00605615709304459,0.134153055606533,0.192695907505964,0.353642870251422
179773.411807,2570866.126422,0.0665688611773336,0.262424353566844,0.0317256556024207,0.0267742527049331,0.0898587933247754,0.522648083623693
180273.411807,2570866.126422,0.0580905259299982,0.503573391973612,0.00842954004031519,0.0212571009712296,0.0487447315374748,0.35990470954737
180773.411807,2570866.126422,0.0633143696091026,0.325380803817214,0,0.044411818682327,0.2073775004588,0.359515507432556
181273.411807,2570866.126422,0.0550155877498625,0.364569961489089,0,0.0374105996699065,0.165413533834586,0.377590317256556
181773.411807,2570866.126422,0.0630382994319223,0.616455928165659,0,0,0.00458127176104087,0.315924500641378
182273.411807,2570866.126422,0.011194714626537,0.561020370710222,0,0.000734079647641769,0.00623967700495504,0.420811158010644
182773.411807,2570866.126422,0.0126535851824684,0.723088208325692,0,0.00348432055749129,0.0126535851824684,0.24812030075188
183273.411807,2570866.126422,0.0284038849184534,0.57284222100055,0,0,0.0267546270844787,0.371999266996518
183773.411807,2570866.126422,0.101119471462654,0.475133051936135,0.00789135621214902,0.000917599559552211,0.0368875022939989,0.378051018535511
184273.411807,2570866.126422,0.0786722904823033,0.261690812396846,0.000366770584999083,0.000550155877498625,0.0353933614524115,0.623326609205942
184773.411807,2570866.126422,0.123694337548103,0.282756093091442,0.00219901044529962,0.00348176653839106,0.0835623969213854,0.504306395455378
185273.411807,2570866.126422,0.184621031381905,0.129565057808772,0,0,0.00311983850247752,0.682694072306845
185773.411807,2570866.126422,0.30323424939241,0.0224340998317443,0,0.00579547578986726,0.183024864460647,0.485511310525332
173273.411807,2570366.126422,0.0344379467186485,0.309941520467836,0,0.157244964262508,0.120857699805068,0.377517868745939
173773.411807,2570366.126422,0.0385250412768299,0.101082370207301,0,0.360484314804623,0.194826637314254,0.305081636396991
174273.411807,2570366.126422,0.0564102564102564,0.0201465201465201,0.00915750915750916,0.634249084249084,0.204395604395604,0.0756410256410256
174773.411807,2570366.126422,0.044954128440367,0.0119266055045872,0,0.641834862385321,0.208256880733945,0.0930275229357798
175273.411807,2570366.126422,0.0662263804806457,0.140891579526692,0,0.257567418822234,0.19977985690699,0.335534764263438
175773.411807,2570366.126422,0.0401098901098901,0.282600732600733,0,0.0443223443223443,0.0681318681318681,0.564835164835165
176273.411807,2570366.126422,0.046605504587156,0.283119266055046,0.00403669724770642,0.028256880733945,0.0680733944954128,0.569908256880734
176773.411807,2570366.126422,0.0497156485048615,0.335901669418455,0,0.0607228031553843,0.176297926985874,0.377361951935425
177273.411807,2570366.126422,0.0194139194139194,0.428937728937729,0,0.00677655677655678,0.0580586080586081,0.486813186813187
177773.411807,2570366.126422,0.0227522935779817,0.528990825688073,0.00605504587155963,0.00495412844036697,0.0638532110091743,0.373394495412844
178273.411807,2570366.126422,0.0420106402494955,0.28251696936342,0.108603925885159,0.0284351495138507,0.128049899101082,0.410383415886993
178773.411807,2570366.126422,0.0426739926739927,0.255860805860806,0.0935897435897436,0.0454212454212454,0.189377289377289,0.373076923076923
179273.411807,2570366.126422,0.0170642201834862,0.512844036697248,0.00605504587155963,0.105137614678899,0.0774311926605505,0.281467889908257
179773.411807,2570366.126422,0.128049899101082,0.297926985874152,0,0.0341221794166208,0.147862777472023,0.392038158136122
180273.411807,2570366.126422,0.140659340659341,0.124175824175824,0,0.123626373626374,0.149450549450549,0.462087912087912
180773.411807,2570366.126422,0.0256880733944954,0.543119266055046,0.0108256880733945,0.00697247706422018,0.0484403669724771,0.364954128440367
181273.411807,2570366.126422,0.075032104201064,0.612548156301596,0.00183452577508714,0.00550357732526142,0.0467804072647221,0.258301229132269
181773.411807,2570366.126422,0.0725274725274725,0.416666666666667,0,0.0324175824175824,0.0703296703296703,0.408058608058608
182273.411807,2570366.126422,0.106605504587156,0.34697247706422,0.00018348623853211,0.0315596330275229,0.124954128440367,0.389724770642202
182773.411807,2570366.126422,0.0577875619152449,0.305815446707026,0,0.0961291506145661,0.250045863144377,0.290221977618786
183273.411807,2570366.126422,0.0543956043956044,0.221978021978022,0,0.224908424908425,0.239194139194139,0.25952380952381
183773.411807,2570366.126422,0.0671559633027523,0.212110091743119,0,0.253577981651376,0.171192660550459,0.295963302752294
184273.411807,2570366.126422,0.0854889011190607,0.181434599156118,0.00311869381764814,0.0299027701339204,0.155017427994863,0.545037607778389
184773.411807,2570366.126422,0.399267399267399,0.0556776556776557,0,0.000366300366300366,0.0509157509157509,0.493772893772894
185273.411807,2570366.126422,0.174678899082569,0.16954128440367,0,0.000917431192660551,0.0423853211009174,0.612477064220183
185773.411807,2570366.126422,0.708676140613313,0.00710545998504114,0,0,0.00112191473448018,0.283096484667165
173273.411807,2569866.126422,0.0612244897959184,0.340783932620667,0,0.110139293812763,0.13022351797862,0.357628765792031
173773.411807,2569866.126422,0.0326007326007326,0.467765567765568,0,0.0712454212454212,0.0917582417582418,0.336630036630037
174273.411807,2569866.126422,0.0777411074440777,0.0572057205720572,0,0.367986798679868,0.24990832416575,0.247158049138247
174773.411807,2569866.126422,0.0525641025641026,0.136630036630037,0,0.351831501831502,0.162454212454212,0.296520146520147
175273.411807,2569866.126422,0.0382783882783883,0.226739926739927,0.0111721611721612,0.0613553113553114,0.117948717948718,0.544505494505494
175773.411807,2569866.126422,0.0507884121745508,0.289328932893289,0.0366703337000367,0.037953795379538,0.0869086908690869,0.498349834983498
176273.411807,2569866.126422,0.0203296703296703,0.25970695970696,0.00347985347985348,0.0210622710622711,0.0305860805860806,0.664835164835165
176773.411807,2569866.126422,0.0717948717948718,0.245604395604396,0,0.0302197802197802,0.104395604395604,0.547985347985348
177273.411807,2569866.126422,0.0328199486615328,0.375320865419875,0.0251191785845251,0.0174184085075174,0.063989732306564,0.485331866519985
177773.411807,2569866.126422,0.0368131868131868,0.384249084249084,0.0271062271062271,0.0122710622710623,0.0452380952380952,0.494322344322344
178273.411807,2569866.126422,0.0424908424908425,0.395238095238095,0.0646520146520147,0.0402930402930403,0.0987179487179487,0.358608058608059
178773.411807,2569866.126422,0.0518885221855519,0.301980198019802,0.0344701136780345,0.145214521452145,0.199119911991199,0.267326732673267
179273.411807,2569866.126422,0.0450549450549451,0.426373626373626,0.00238095238095238,0.0523809523809524,0.179120879120879,0.294688644688645
179773.411807,2569866.126422,0.141208791208791,0.341758241758242,0.0322344322344322,0.0926739926739927,0.0523809523809524,0.33974358974359
180273.411807,2569866.126422,0.0733406674000733,0.0832416574990832,0,0.0964429776310964,0.0544554455445545,0.692519251925192
180773.411807,2569866.126422,0.0534798534798535,0.415384615384615,0.00256410256410256,0,0.0423076923076923,0.486263736263736
181273.411807,2569866.126422,0.0236263736263736,0.512087912087912,0,0.0133699633699634,0.0428571428571429,0.408058608058608
181773.411807,2569866.126422,0.0243857719105244,0.596809680968097,0.0174184085075174,0.0135680234690136,0.0227356068940227,0.325082508250825
182273.411807,2569866.126422,0.0333333333333333,0.622161172161172,0.00402930402930403,0.00989010989010989,0.0384615384615385,0.292124542124542
182773.411807,2569866.126422,0.0600732600732601,0.212271062271062,0,0.167765567765568,0.235714285714286,0.324175824175824
183273.411807,2569866.126422,0.0652731939860653,0.0531719838650532,0,0.517601760176018,0.24037403740374,0.123579024569124
183773.411807,2569866.126422,0.0454212454212454,0.019047619047619,0,0.697435897435897,0.195970695970696,0.0421245421245421
184273.411807,2569866.126422,0.0663003663003663,0.109157509157509,0,0.173443223443223,0.1996336996337,0.451465201465201
184773.411807,2569866.126422,0.122295562889622,0.248808214154749,0.00623395672900623,0.0099009900990099,0.118445177851118,0.494316098276494
185273.411807,2569866.126422,0.493040293040293,0.0582417582417582,0,0.0021978021978022,0.0183150183150183,0.428205128205128
185773.411807,2569866.126422,0.632188200149365,0.034167289021658,0.00877520537714713,0.00802837938760269,0.0511575802837939,0.265683345780433
173273.411807,2569366.126422,0.0100649350649351,0.611038961038961,0,0.0425324675324675,0.0603896103896104,0.275974025974026
173773.411807,2569366.126422,0.0146708233999633,0.515679442508711,0,0.0337428938199156,0.0458463231248854,0.390060517146525
174273.411807,2569366.126422,0.023089609675646,0.539124060839289,0,0.0474619754443834,0.0549752611324904,0.335349092908191
174773.411807,2569366.126422,0.0690034868783263,0.239860524866948,0.00550559735731327,0.100201871903101,0.12038906221325,0.465039456781061
175273.411807,2569366.126422,0.0805061434072987,0.178433889602054,0.00476801760498808,0.0790390610673024,0.149459013387126,0.507793874931231
175773.411807,2569366.126422,0.0368334249587686,0.300164925783397,0.0599230346344145,0.0694520798973795,0.0894264247755177,0.444200109950522
176273.411807,2569366.126422,0.0440447788585061,0.483207928060195,0,0.0359699027344467,0.0697375665259681,0.367039823820885
176773.411807,2569366.126422,0.0348432055749129,0.389510361269026,0,0.0487804878048781,0.181734824867046,0.345131120484137
177273.411807,2569366.126422,0.0472787245739417,0.448231629100238,0.0183250870441635,0.0236393622869709,0.0432472054242258,0.41927799157046
177773.411807,2569366.126422,0.0376215819416407,0.315654248485961,0.0688199669664159,0.0236740686364471,0.0941457148100569,0.460084419159479
178273.411807,2569366.126422,0.0632679259123418,0.21217678342197,0.0465798642948836,0.0850907757197873,0.114799193104713,0.478085457546305
178773.411807,2569366.126422,0.028587135788895,0.193146417445483,0.160894264247755,0.0982224665567161,0.131757375847535,0.387392340113616
179273.411807,2569366.126422,0.0831345200954303,0.098733712607818,0.0181684712791338,0.298403376766379,0.138741053404294,0.362818865846944
179773.411807,2569366.126422,0.0231065468549422,0.401797175866495,0.000550155877498625,0.302585732624244,0.0773885934348065,0.194571795342014
180273.411807,2569366.126422,0.123694337548103,0.237859629833242,0.00274876305662452,0.137621403701668,0.109034267912773,0.38904159794759
180773.411807,2569366.126422,0.0403743806202973,0.389612772985869,0.00110111947146265,0,0.00880895577170123,0.56010277115067
181273.411807,2569366.126422,0.0724371905373189,0.459380157711352,0.00275077938749312,0.00110031175499725,0.0157711351549606,0.448560425453879
181773.411807,2569366.126422,0.0342679127725857,0.360637713029137,0.125893347993403,0.0218068535825545,0.0641378046545721,0.393256367967748
182273.411807,2569366.126422,0.102954670581758,0.198935584510919,0.0548724536612222,0.0266103872270141,0.154156726004772,0.462470178014315
182773.411807,2569366.126422,0.121951219512195,0.127086007702182,0.0075187969924812,0.189070236567027,0.259490188886851,0.294883550339263
183273.411807,2569366.126422,0.0991387209089243,0.0610225398570643,0,0.367784496976361,0.319406267179769,0.152647975077882
183773.411807,2569366.126422,0.0662506881996697,0.0974490732244448,0,0.360249587080198,0.26151587447238,0.214534777023307
184273.411807,2569366.126422,0.0284247203374289,0.466348798826334,0,0.0097194205024757,0.0794058316523015,0.41610122868146
184773.411807,2569366.126422,0.206157229246839,0.13560564412681,0,0.00604727872457394,0.0547920102620487,0.597397837639729
185273.411807,2569366.126422,0.725270691870068,0.00165167920719398,0,0.000917599559552211,0.0185355111029547,0.253624518260231
185773.411807,2569366.126422,0.785006543279118,0.0960927276126379,0.00186950831931202,0.000934754159656011,0.00168255748738082,0.114413909141896
173273.411807,2568866.126422,0.00909681611435997,0.544184535412606,0,0.00032488628979857,0.0243664717348928,0.422027290448343
173773.411807,2568866.126422,0.0414602825169694,0.528526875802605,0,0.00183452577508714,0.0216474041460283,0.40653091175931
174273.411807,2568866.126422,0.0139194139194139,0.473076923076923,0.0335164835164835,0.0021978021978022,0.0192307692307692,0.458058608058608
174773.411807,2568866.126422,0.0535779816513761,0.338532110091743,0.023302752293578,0.0963302752293578,0.103669724770642,0.384587155963303
175273.411807,2568866.126422,0.0456796917996698,0.28104934874335,0.0108237020730141,0.0627407815079802,0.125665015593469,0.474041460282517
175773.411807,2568866.126422,0.0571428571428571,0.462271062271062,0,0.0137362637362637,0.0597069597069597,0.407142857142857
176273.411807,2568866.126422,0.0500917431192661,0.368990825688073,0.00018348623853211,0.0772477064220184,0.0987155963302752,0.404770642201835
176773.411807,2568866.126422,0.0278847917813245,0.395707209686296,0,0.0581544670702623,0.117409649605577,0.40084388185654
177273.411807,2568866.126422,0.0485347985347985,0.393406593406593,0.00293040293040293,0.0212454212454212,0.102380952380952,0.431501831501832
177773.411807,2568866.126422,0.0814678899082569,0.331926605504587,0.00844036697247706,0.0394495412844037,0.0543119266055046,0.484403669724771
178273.411807,2568866.126422,0.0755824619335902,0.31241973949734,0.0416437350944781,0.0766831773986425,0.0858558062740782,0.407815079801871
178773.411807,2568866.126422,0.168681318681319,0.148351648351648,0.0205128205128205,0.224542124542125,0.104761904761905,0.333150183150183
179273.411807,2568866.126422,0.0761467889908257,0.544954128440367,0,0.0561467889908257,0.0809174311926606,0.241834862385321
179773.411807,2568866.126422,0.0377912309667951,0.600990643918547,0.0216474041460283,0.12126215373326,0.029535864978903,0.188772702256467
180273.411807,2568866.126422,0.0454212454212454,0.505311355311355,0.00494505494505494,0.00164835164835165,0.0364468864468864,0.406227106227106
180773.411807,2568866.126422,0.154495412844037,0.151743119266055,0,0.0965137614678899,0.160366972477064,0.436880733944954
181273.411807,2568866.126422,0.121078701155751,0.192808658961658,0,0.149880755824619,0.226197028068244,0.310034855989727
181773.411807,2568866.126422,0.0545787545787546,0.487362637362637,0.000183150183150183,0.00732600732600733,0.0556776556776557,0.394871794871795
182273.411807,2568866.126422,0.0994495412844037,0.196330275229358,0.00385321100917431,0.0704587155963303,0.075045871559633,0.554862385321101
182773.411807,2568866.126422,0.110071546505228,0.11704274445056,0.0245826453861677,0.0708126949183636,0.173362685745735,0.504127682993946
183273.411807,2568866.126422,0.0728937728937729,0.173443223443223,0,0.155860805860806,0.251831501831502,0.345970695970696
183773.411807,2568866.126422,0.0623853211009174,0.421284403669725,0,0.0154128440366972,0.101284403669725,0.399633027522936
184273.411807,2568866.126422,0.149880755824619,0.2610530177949,0,0.00311869381764814,0.0860392588515869,0.499908273711246
184773.411807,2568866.126422,0.16007326007326,0.277838827838828,0,0,0.000915750915750916,0.561172161172161
185273.411807,2568866.126422,0.871009174311927,0.0122935779816514,0.00220183486238532,0.00036697247706422,0.0324770642201835,0.081651376146789
185773.411807,2568866.126422,0.68941660433807,0.183433059087509,0.0478683620044877,0,0,0.0792819745699327
173273.411807,2568366.126422,0.0229996760609006,0.206673145448656,0.19047619047619,0.0790411402656301,0.0589569160997732,0.44185293164885
173773.411807,2568366.126422,0.041025641025641,0.418131868131868,0.0225274725274725,0.0104395604395604,0.0490842490842491,0.458791208791209
174273.411807,2568366.126422,0.0163182984965163,0.378804547121379,0.022002200220022,0.00495049504950495,0.0297029702970297,0.548221488815548
174773.411807,2568366.126422,0.0527472527472527,0.380769230769231,0,0.0124542124542125,0.0602564102564103,0.493772893772894
175273.411807,2568366.126422,0.0644688644688645,0.232967032967033,0,0.122344322344322,0.141758241758242,0.438461538461538
175773.411807,2568366.126422,0.0713237990465713,0.0966263292995966,0.000916758342500917,0.374037403740374,0.310597726439311,0.146497983131646
176273.411807,2568366.126422,0.0912087912087912,0.0738095238095238,0,0.334981684981685,0.27985347985348,0.22014652014652
176773.411807,2568366.126422,0.0694139194139194,0.221794871794872,0.000366300366300366,0.0728937728937729,0.105311355311355,0.53021978021978
177273.411807,2568366.126422,0.0727906123945728,0.313898056472314,0.00146681334800147,0.0614228089475614,0.028969563623029,0.521452145214521
177773.411807,2568366.126422,0.0701465201465201,0.196520146520147,0.00805860805860806,0.0686813186813187,0.169047619047619,0.487545787545788
178273.411807,2568366.126422,0.140842490842491,0.299084249084249,0.0529304029304029,0.0576923076923077,0.0510989010989011,0.398351648351648
178773.411807,2568366.126422,0.0672900623395673,0.379354602126879,0.000183351668500183,0.116061606160616,0.0696736340300697,0.367436743674367
179273.411807,2568366.126422,0.0228937728937729,0.517399267399267,0,0.0305860805860806,0.0582417582417582,0.370879120879121
179773.411807,2568366.126422,0.0697802197802198,0.461538461538462,0.00952380952380952,0.0113553113553114,0.071978021978022,0.375824175824176
180273.411807,2568366.126422,0.0704070407040704,0.313531353135314,0.0507884121745508,0.12009534286762,0.122845617895123,0.322332233223322
180773.411807,2568366.126422,0.226556776556777,0.0553113553113553,0.000183150183150183,0.289010989010989,0.179304029304029,0.2496336996337
181273.411807,2568366.126422,0.11043956043956,0.0672161172161172,0,0.291208791208791,0.320879120879121,0.21025641025641
181773.411807,2568366.126422,0.0238357169050238,0.466446644664466,0.0011001100110011,0.0366703337000367,0.100660066006601,0.371287128712871
182273.411807,2568366.126422,0.0205128205128205,0.607509157509157,0,0.00238095238095238,0.0203296703296703,0.349267399267399
182773.411807,2568366.126422,0.0205128205128205,0.636630036630037,0.00293040293040293,0.00311355311355311,0.045970695970696,0.290842490842491
183273.411807,2568366.126422,0.0751741840850752,0.373120645397873,0.00861752841950862,0.0313531353135314,0.153281994866153,0.358452511917858
183773.411807,2568366.126422,0.0457875457875458,0.444322344322344,0.00421245421245421,0.00512820512820513,0.0336996336996337,0.466849816849817
184273.411807,2568366.126422,0.106410256410256,0.263369963369963,0.0272893772893773,0.0247252747252747,0.107692307692308,0.470512820512821
184773.411807,2568366.126422,0.425742574257426,0.0335533553355336,0.0698569856985699,0.0066006600660066,0.129262926292629,0.334983498349835
185273.411807,2568366.126422,0.872344322344322,0.000366300366300366,0,0.000732600732600733,0.0197802197802198,0.106776556776557
185773.411807,2568366.126422,0.569454817027633,0.175690814040329,0.189320388349515,0,0,0.0655339805825243
173273.411807,2567866.126422,0.0649350649350649,0.212662337662338,0.0155844155844156,0.0204545454545455,0.0448051948051948,0.641558441558442
173773.411807,2567866.126422,0.0339262791124152,0.413900605171465,0.0053181734824867,0.0181551439574546,0.0408949202273978,0.48780487804878
174273.411807,2567866.126422,0.0258383727322705,0.326736301997434,0,0.00384826827927433,0.0428807036833425,0.600696353307678
174773.411807,2567866.126422,0.0534042943659387,0.273444668746559,0,0.0822169205358781,0.207744540282621,0.383189576069004
175273.411807,2567866.126422,0.11589950485971,0.248303686044379,0.00293416467999266,0.041995231982395,0.158628278012103,0.432239134421419
175773.411807,2567866.126422,0.105919003115265,0.198277441817849,0.0104452996151732,0.0874106652006597,0.231629100238226,0.366318490012828
176273.411807,2567866.126422,0.0732244448522665,0.36520462470178,0.000917599559552211,0.0317489447605065,0.146632409616443,0.382271976509451
176773.411807,2567866.126422,0.0372272143774069,0.37997432605905,0.00476801760498808,0.0148542086924629,0.0722538052448194,0.490922428021273
177273.411807,2567866.126422,0.0549752611324904,0.360637713029137,0.116730804471321,0.0661535642294301,0.0232728605460876,0.378229796591534
177773.411807,2567866.126422,0.0462470178014315,0.381170857037989,0.112864745824922,0.0601945311066251,0.0155991925123876,0.383923655716645
178273.411807,2567866.126422,0.0990280579497524,0.376673390794058,0.00788556757748029,0.0357601320374106,0.0825233816247937,0.398129470016505
178773.411807,2567866.126422,0.199376947040498,0.129008612790911,0,0.0492944841487997,0.204691222283306,0.417628733736485
179273.411807,2567866.126422,0.167920719398055,0.271792989539365,0.00311983850247752,0.0583593319875206,0.117819783446504,0.380987337126078
179773.411807,2567866.126422,0.0425453878598936,0.644966073720888,0,0.00696864111498258,0.066018705299835,0.239501192004401
180273.411807,2567866.126422,0.112516034451164,0.27579256001466,0.000183250870441635,0.258383727322705,0.102437236576874,0.250687190764156
180773.411807,2567866.126422,0.118370343182235,0.077995962561938,0.000183519911910442,0.424665076160763,0.153973206092861,0.224811892090292
181273.411807,2567866.126422,0.0729873464148175,0.0673024023473317,0.000366770584999083,0.510361269026224,0.15587749862461,0.193104713002017
181773.411807,2567866.126422,0.0320689023272861,0.608576140736669,0.000366501740883269,0.0295033901411032,0.0522264980758659,0.277258566978193
182273.411807,2567866.126422,0.0159662323362085,0.481923288676821,0,0.0082583960359699,0.0515690952468343,0.442282987704166
182773.411807,2567866.126422,0.0379607555474051,0.341280029341647,0,0.00495140289748762,0.0506143407298735,0.565193471483587
183273.411807,2567866.126422,0.181235110866777,0.121495327102804,0,0.0437969580355507,0.183983873923401,0.469488730071468
183773.411807,2567866.126422,0.0653330886401175,0.266837951917783,0,0.0574417324279684,0.171774637548174,0.438612589465957
184273.411807,2567866.126422,0.0905923344947735,0.218595268659454,0.000916926462497708,0.0258573262424354,0.185769301302036,0.478268842838804
184773.411807,2567866.126422,0.16364302730438,0.0903426791277259,0.000549752611324904,0.0203408466190214,0.164009529045263,0.561114165292285
185273.411807,2567866.126422,0.603780510185355,0.009543035419343,0,0.00146815929528354,0.0545054138374014,0.330702881262617
185773.411807,2567866.126422,0.499719573752103,0.117965974948589,0.263600673022995,0.0386988222097588,0.000186950831931202,0.0798280052346233
173273.411807,2567366.126422,0.0175438596491228,0.467511371020143,0.00259909031838856,0,0.00422352176738142,0.508122157244964
173773.411807,2567366.126422,0.0781507980187122,0.281783159053385,0,0.0225646670335718,0.0643918547055586,0.553109521188773
174273.411807,2567366.126422,0.0534798534798535,0.24010989010989,0,0.0177655677655678,0.0728937728937729,0.615750915750916
174773.411807,2567366.126422,0.0644036697247706,0.205504587155963,0,0.101834862385321,0.189724770642202,0.438532110091743
175273.411807,2567366.126422,0.0447624289121262,0.390753990093561,0,0.0108237020730141,0.0689781691432765,0.484681709778022
175773.411807,2567366.126422,0.0181318681318681,0.555860805860806,0,0.00604395604395604,0.0115384615384615,0.408424908424908
176273.411807,2567366.126422,0.0537614678899083,0.468256880733945,0.00311926605504587,0.0190825688073394,0.0256880733944954,0.430091743119266
176773.411807,2567366.126422,0.00898917629792699,0.43514951385067,0,0.0199963309484498,0.0332049165290772,0.502660062373876
177273.411807,2567366.126422,0.0725274725274725,0.267765567765568,0,0.0272893772893773,0.0932234432234432,0.539194139194139
177773.411807,2567366.126422,0.131743119266055,0.29743119266055,0.00440366972477064,0.00862385321100917,0.0847706422018349,0.47302752293578
178273.411807,2567366.126422,0.0719134103834159,0.401944597321592,0.0344890845716382,0.0427444505595304,0.0260502660062374,0.422858191157586
178773.411807,2567366.126422,0.13992673992674,0.378937728937729,0.126190476190476,0.0371794871794872,0.0580586080586081,0.25970695970696
179273.411807,2567366.126422,0.14,0.237981651376147,0.0172477064220183,0.0335779816513761,0.0405504587155963,0.530642201834862
179773.411807,2567366.126422,0.0288020546688681,0.657127132636214,0,0.0240322876536415,0.0440286186020914,0.246009906439185
180273.411807,2567366.126422,0.0553113553113553,0.325824175824176,0,0.27967032967033,0.187362637362637,0.151831501831502
180773.411807,2567366.126422,0.0598165137614679,0.0403669724770642,0,0.664587155963303,0.178899082568807,0.0563302752293578
181273.411807,2567366.126422,0.0555861309851403,0.0383415886993212,0,0.600440286186021,0.260502660062374,0.0451293340671436
181773.411807,2567366.126422,0.0992673992673993,0.315018315018315,0,0.0857142857142857,0.0368131868131868,0.463186813186813
182273.411807,2567366.126422,0.188623853211009,0.203119266055046,0.00972477064220183,0.00055045871559633,0.0119266055045872,0.58605504587156
182773.411807,2567366.126422,0.0996147495872317,0.131718950651257,0.000183452577508714,0.00201797835259585,0.0174279948633278,0.749036873968079
183273.411807,2567366.126422,0.0816849816849817,0.316117216117216,0.00714285714285714,0.0413919413919414,0.197252747252747,0.356410256410256
183773.411807,2567366.126422,0.0704587155963303,0.468990825688073,0.00036697247706422,0,0.015045871559633,0.445137614678899
184273.411807,2567366.126422,0.0383415886993212,0.413502109704641,0.00183452577508714,0.0150431113557145,0.0335718216840947,0.497706842781141
184773.411807,2567366.126422,0.21996336996337,0.101282051282051,0.00659340659340659,0.0113553113553114,0.169413919413919,0.491391941391941
185273.411807,2567366.126422,0.320733944954128,0.023302752293578,0.0691743119266055,0.0355963302752294,0.0862385321100917,0.464954128440367
185773.411807,2567366.126422,0.18455497382199,0.0433807030665669,0.669783096484667,0.0443156320119671,0.00243081525804039,0.0555347793567689
173273.411807,2566866.126422,0.0411402656300615,0.154195011337868,0,0.00421120829284095,0.0855199222546161,0.714933592484613
173773.411807,2566866.126422,0.146153846153846,0.126923076923077,0,0.000732600732600733,0.0236263736263736,0.702564102564103
174273.411807,2566866.126422,0.161349468280161,0.138247158049138,0,0.0102676934360103,0.0665566556655666,0.623579024569124
174773.411807,2566866.126422,0.139377289377289,0.0996336996336996,0,0.00274725274725275,0.0532967032967033,0.704945054945055
175273.411807,2566866.126422,0.107509157509158,0.273076923076923,0,0.0179487179487179,0.0847985347985348,0.516666666666667
175773.411807,2566866.126422,0.0357535753575358,0.565823248991566,0,0.0011001100110011,0.0190685735240191,0.378254492115878
176273.411807,2566866.126422,0.0591575091575092,0.410805860805861,0,0.000366300366300366,0.00641025641025641,0.523260073260073
176773.411807,2566866.126422,0.043040293040293,0.456410256410256,0,0.00860805860805861,0.0501831501831502,0.441758241758242
177273.411807,2566866.126422,0.0737073707370737,0.369453612027869,0.0033003300330033,0.00385038503850385,0.0762742940960763,0.473414008067473
177773.411807,2566866.126422,0.0705128205128205,0.349084249084249,0.0776556776556777,0,0.000183150183150183,0.502564102564103
178273.411807,2566866.126422,0.0529304029304029,0.30952380952381,0.147802197802198,0.000366300366300366,0.0305860805860806,0.458791208791209
178773.411807,2566866.126422,0.0462046204620462,0.452511917858453,0,0.00623395672900623,0.0218188485515218,0.473230656398973
179273.411807,2566866.126422,0.0338827838827839,0.548168498168498,0,0,0.00586080586080586,0.412087912087912
179773.411807,2566866.126422,0.112087912087912,0.25018315018315,0.0177655677655678,0.133699633699634,0.182967032967033,0.303296703296703
180273.411807,2566866.126422,0.293729372937294,0.0474880821415475,0.00165016501650165,0.0869086908690869,0.135680234690136,0.434543454345435
180773.411807,2566866.126422,0.0681318681318681,0.0278388278388278,0,0.657692307692308,0.153113553113553,0.0932234432234432
181273.411807,2566866.126422,0.117582417582418,0.152747252747253,0,0.267032967032967,0.287179487179487,0.175457875457875
181773.411807,2566866.126422,0.122478914558122,0.382104877154382,0.00458379171250458,0.0234690135680235,0.0484048404840484,0.418958562522919
182273.411807,2566866.126422,0.156410256410256,0.430952380952381,0.0032967032967033,0.013003663003663,0.00457875457875458,0.391758241758242
182773.411807,2566866.126422,0.477472527472527,0.0443223443223443,0.0113553113553114,0.0137362637362637,0.00805860805860806,0.445054945054945
183273.411807,2566866.126422,0.0561056105610561,0.396406307297396,0.00348368170150348,0.00513384671800513,0.0315364869820315,0.507334066740007
183773.411807,2566866.126422,0.0249084249084249,0.527838827838828,0,0.000366300366300366,0.00860805860805861,0.438278388278388
184273.411807,2566866.126422,0.0263736263736264,0.539194139194139,0,0.000732600732600733,0.019047619047619,0.414652014652015
184773.411807,2566866.126422,0.200586725339201,0.269160249358269,0.0044004400440044,0.000366703337000367,0.017968463513018,0.507517418408508
185273.411807,2566866.126422,0.229304029304029,0.032051282051282,0.206410256410256,0,0.0217948717948718,0.51043956043956
185773.411807,2566866.126422,0,0.000186706497386109,0.951269604182226,0.0485436893203883,0,0
173273.411807,2566366.126422,0.107467532467532,0.0801948051948052,0,0.0214285714285714,0.191233766233766,0.599675324675325
173773.411807,2566366.126422,0.193471483587016,0.00880249403997799,0,0.0022006235099945,0.041995231982395,0.753530166880616
174273.411807,2566366.126422,0.234927615906176,0.0412314458493678,0,0.00439802089059923,0.0443467106468756,0.675096206706982
174773.411807,2566366.126422,0.221875573499725,0.0427601394751331,0,0.0880895577170123,0.13286841622316,0.51440631308497
175273.411807,2566366.126422,0.182284980744544,0.265908674124335,0,0.037593984962406,0.0506143407298735,0.463598019438841
175773.411807,2566366.126422,0.11544804837823,0.220267546270845,0,0.00458127176104087,0.045629466739967,0.614073666849917
176273.411807,2566366.126422,0.0592769315470729,0.371627821618646,0,0.0121123141860892,0.0236740686364471,0.533308864011745
176773.411807,2566366.126422,0.0216394645149459,0.394828534751513,0,0.0227397762699432,0.0986612873647534,0.462130937098845
177273.411807,2566366.126422,0.0978559648158329,0.249221183800623,0,0.00164925783397471,0.045629466739967,0.605644126809602
177773.411807,2566366.126422,0.0790970820334006,0.293631859056708,0.184804551293815,0.00550559735731327,0.0367039823820885,0.400256927876675
178273.411807,2566366.126422,0.105263157894737,0.347698514579131,0.0702365670273244,0.0152209792774619,0.107463781404731,0.354116999816615
178773.411807,2566366.126422,0.174638079530878,0.195162177020341,0.0509437419827744,0.00109950522264981,0.0322521531977277,0.54590434304563
179273.411807,2566366.126422,0.132134336575518,0.26133235456047,0.00568911726922371,0.0200036703982382,0.0341347036153423,0.546705817581208
179773.411807,2566366.126422,0.133871263524665,0.0629011553273428,0,0.226847606821933,0.173299101412067,0.403080872913992
180273.411807,2566366.126422,0.0776983690672531,0.0509437419827744,0.00183250870441635,0.367784496976361,0.256184716877405,0.24555616639179
180773.411807,2566366.126422,0.205909341163516,0.0598274912828042,0.0238575885483575,0.171958157460084,0.22811525050468,0.310332171040558
181273.411807,2566366.126422,0.068402714102329,0.101962222629745,0,0.1599119750596,0.181184668989547,0.488538419218779
181773.411807,2566366.126422,0.117280557082646,0.153197727689207,0,0.0276708814366868,0.119113065787062,0.582737768004398
182273.411807,2566366.126422,0.0912093962194898,0.414387961093779,0.0317489447605065,0.0236740686364471,0.00789135621214902,0.431088273077629
