"x","y","forest","agri","water","built","other","grass"
225773.411807,2723866.126422,0.0012846393833731,0.106258028996146,0.285740502844559,0.390530372545421,0.0805652413286842,0.135621214901817
226273.411807,2723866.126422,0.039611223179901,0.22006235099945,0,0.0408949202273978,0.077205208142307,0.622226297450944
226773.411807,2723866.126422,0.0223566061938794,0.404984423676012,0,0.0753161077515118,0.0582737768004398,0.439069085578156
227273.411807,2723866.126422,0.142594971554414,0.248302440814828,0,0.0768948430904753,0.106258028996146,0.425949715544137
227773.411807,2723866.126422,0.0559325142123602,0.177333577847057,0,0.24812030075188,0.153860260407115,0.364753346781588
228273.411807,2723866.126422,0.114715044896463,0.165475536008796,0,0.0557082646142569,0.0923584387025838,0.5717427157779
228773.411807,2723866.126422,0.121857221508534,0.21178197834465,0,0.0669847678473114,0.146448889704533,0.452927142594972
229273.411807,2723866.126422,0.12818631945718,0.133687878232166,0,0.0297084173849257,0.0715202640748212,0.636897120850908
229773.411807,2723866.126422,0.0859446582371266,0.0487447315374748,0,0.0784313725490196,0.0787978742899029,0.708081363386476
230273.411807,2723866.126422,0.0840521196549826,0.0530372545421178,0,0.129381537896862,0.138741053404294,0.594788034501743
230773.411807,2723866.126422,0.106546854942234,0.0533651201173666,0,0.150375939849624,0.163396295617092,0.526315789473684
231273.411807,2723866.126422,0.141469671980942,0.099321971779366,0,0.0529595015576324,0.0923584387025838,0.613890415979476
231773.411807,2723866.126422,0.43567627087539,0.0469810974490732,0,0.00256927876674619,0.0108276748027161,0.503945678106074
232273.411807,2723866.126422,0.392261140656519,0.0407115349348982,0,0.00348432055749129,0.0209059233449477,0.542637080506143
232773.411807,2723866.126422,0.502657137621404,0.00109950522264981,0,0.00109950522264981,0.00128275609309144,0.493861095840205
233273.411807,2723866.126422,0.515874472380253,0.00568911726922371,0.000917599559552211,0.00330335841438796,0.0150486327766563,0.459166819599927
233773.411807,2723866.126422,0.767100678525582,0.000916926462497708,0,0.00385109114249037,0.00733541169998166,0.220795892169448
234273.411807,2723866.126422,0.468938977460143,0.00678028220634048,0,0.00623052959501558,0.0538757559098406,0.46417445482866
234773.411807,2723866.126422,0.361534226463571,0.0467975775371628,0,0.16993943842907,0.0489998164800881,0.372728941090108
235273.411807,2723866.126422,0.457362919493857,0.0066018705299835,0,0.273060700531817,0.039611223179901,0.223363286264442
235773.411807,2723866.126422,0.570459959684808,0.0153930731170973,0,0.00329851566794942,0.0199743448781382,0.390874106652007
236273.411807,2723866.126422,0.671315837768398,0.00238575885483575,0,0.00532207744540283,0.0385391815011929,0.282437144430171
236773.411807,2723866.126422,0.583165230148542,0.0100861910874748,0,0.00146708233999633,0.00715202640748212,0.398129470016505
237273.411807,2723866.126422,0.800109829763866,0,0,0,0,0.199890170236134
225773.411807,2723366.126422,0,0,0.961467889908257,0.0385321100917431,0,0
226273.411807,2723366.126422,0.0286186020913594,0.119977985690699,0.261970280682444,0.271693267290405,0.104567969179967,0.213171895065126
226773.411807,2723366.126422,0.0437728937728938,0.223992673992674,0,0.135714285714286,0.102930402930403,0.493589743589744
227273.411807,2723366.126422,0.188990825688073,0.198715596330275,0,0.0218348623853211,0.08,0.51045871559633
227773.411807,2723366.126422,0.115942028985507,0.368372775637498,0,0.00623738763529628,0.0280682443588332,0.481379563382866
228273.411807,2723366.126422,0.133516483516484,0.135164835164835,0,0.191208791208791,0.142124542124542,0.397985347985348
228773.411807,2723366.126422,0.105688073394495,0.0319266055045872,0,0.471376146788991,0.209724770642202,0.181284403669725
229273.411807,2723366.126422,0.0656760227481196,0.0590717299578059,0.000183452577508714,0.225096312603192,0.177582095028435,0.472390387084939
229773.411807,2723366.126422,0.0807692307692308,0.116666666666667,0,0.0639194139194139,0.11996336996337,0.618681318681319
230273.411807,2723366.126422,0.0937614678899083,0.213211009174312,0.00018348623853211,0.0902752293577982,0.134678899082569,0.467889908256881
230773.411807,2723366.126422,0.0519170794349661,0.110621904237755,0,0.196477710511833,0.201797835259585,0.439185470555861
231273.411807,2723366.126422,0.0597069597069597,0.0679487179487179,0,0.163736263736264,0.18956043956044,0.519047619047619
231773.411807,2723366.126422,0.058348623853211,0.115229357798165,0,0.0361467889908257,0.0671559633027523,0.723119266055046
232273.411807,2723366.126422,0.0530177949000183,0.0528343423225096,0,0.0502660062373876,0.16400660429279,0.679875252247294
232773.411807,2723366.126422,0.599450549450549,0.000915750915750916,0,0.00183150183150183,0.0181318681318681,0.37967032967033
233273.411807,2723366.126422,0.768073394495413,0,0,0,0,0.231926605504587
233773.411807,2723366.126422,0.478444322142726,0.00697119794533113,0,0.0385250412768299,0.0834709227664649,0.392588515868648
234273.411807,2723366.126422,0.506776556776557,0.00146520146520147,0.000366300366300366,0.00476190476190476,0.0225274725274725,0.464102564102564
234773.411807,2723366.126422,0.542752293577982,0.00055045871559633,0.00055045871559633,0.00018348623853211,0.00422018348623853,0.451743119266055
235273.411807,2723366.126422,0.729407448174647,0.00091726288754357,0.000366905155017428,0.000733810310034856,0.00403595670519171,0.264538616767566
235773.411807,2723366.126422,0.726373626373626,0.00274725274725275,0.00293040293040293,0.00164835164835165,0.00457875457875458,0.261721611721612
236273.411807,2723366.126422,0.580917431192661,0.0146788990825688,0,0.00935779816513761,0.061651376146789,0.333394495412844
236773.411807,2723366.126422,0.654558796551092,0.032104201064025,0,0.000183452577508714,0.00165107319757843,0.311502476609796
237273.411807,2723366.126422,0.701701427003293,0,0,0,0,0.298298572996707
225273.411807,2722866.126422,0.131279794646131,0.0410707737440411,0.059039237257059,0.212137880454712,0.10982764943161,0.446644664466447
225773.411807,2722866.126422,0.0565934065934066,0.0302197802197802,0.278205128205128,0.381501831501831,0.137362637362637,0.116117216117216
226273.411807,2722866.126422,0.0355311355311355,0.032967032967033,0.386813186813187,0.188278388278388,0.0324175824175824,0.323992673992674
226773.411807,2722866.126422,0.0227356068940227,0.16996699669967,0.382838283828383,0.101576824349102,0.116428309497616,0.206453978731206
227273.411807,2722866.126422,0.0673992673992674,0.205860805860806,0.105128205128205,0.0490842490842491,0.0776556776556777,0.494871794871795
227773.411807,2722866.126422,0.0287545787545788,0.28992673992674,0,0.0188644688644689,0.0624542124542125,0.6
228273.411807,2722866.126422,0.0869086908690869,0.0674734140080675,0,0.425009167583425,0.244957829116245,0.175650898423176
228773.411807,2722866.126422,0.034981684981685,0.0611721611721612,0.000183150183150183,0.335347985347985,0.224908424908425,0.343406593406593
229273.411807,2722866.126422,0.0805860805860806,0.0311355311355311,0,0.409340659340659,0.182417582417582,0.296520146520147
229773.411807,2722866.126422,0.0698569856985699,0.177851118445178,0,0.144297763109644,0.132196552988632,0.475797579757976
230273.411807,2722866.126422,0.0340659340659341,0.518681318681319,0,0.058974358974359,0.056043956043956,0.332234432234432
230773.411807,2722866.126422,0.0461538461538462,0.323626373626374,0,0.0639194139194139,0.111355311355311,0.454945054945055
231273.411807,2722866.126422,0.0617895122845618,0.0817748441510818,0,0.291345801246791,0.257609094242758,0.307480748074807
231773.411807,2722866.126422,0.056043956043956,0.034981684981685,0,0.0778388278388278,0.146703296703297,0.684432234432234
232273.411807,2722866.126422,0.0010989010989011,0.0135531135531136,0.000366300366300366,0.178205128205128,0.2496336996337,0.557142857142857
232773.411807,2722866.126422,0.0135680234690136,0.0143014301430143,0,0.0782911624495783,0.122112211221122,0.771727172717272
233273.411807,2722866.126422,0.276190476190476,0.0148351648351648,0,0.0978021978021978,0.113003663003663,0.498168498168498
233773.411807,2722866.126422,0.260989010989011,0.0234432234432234,0,0.0194139194139194,0.0481684981684982,0.647985347985348
234273.411807,2722866.126422,0.333883388338834,0.00513384671800513,0,0.00275027502750275,0.0066006600660066,0.651631829849652
234773.411807,2722866.126422,0.548351648351648,0.00641025641025641,0,0.0331501831501832,0.0468864468864469,0.365201465201465
235273.411807,2722866.126422,0.652380952380952,0,0,0.000549450549450549,0.00476190476190476,0.342307692307692
235773.411807,2722866.126422,0.626512651265127,0.0100843417675101,0,0.000366703337000367,0.00183351668500183,0.361202786945361
236273.411807,2722866.126422,0.552014652014652,0.00952380952380952,0,0.00201465201465201,0.056043956043956,0.38040293040293
236773.411807,2722866.126422,0.562271062271062,0.0133699633699634,0,0.000366300366300366,0.00457875457875458,0.419413919413919
237273.411807,2722866.126422,0.542833607907743,0.00109829763866008,0,0.00109829763866008,0.0013728720483251,0.453596924766612
224773.411807,2722366.126422,0.415080160320641,0,0,0.0723947895791583,0.0503507014028056,0.462174348697395
225273.411807,2722366.126422,0.374564779182701,0.00458127176104087,0,0.00164925783397471,0.0047645226314825,0.614440168590801
225773.411807,2722366.126422,0.517709671499358,0.00146815929528354,0,0.00495503762158194,0.0115617544503579,0.464305377133419
226273.411807,2722366.126422,0.333944617641665,0.0282413350449294,0.114615807812213,0.0212726939299468,0.0339262791124152,0.46799926645883
226773.411807,2722366.126422,0.0802638812534359,0.0738501007879787,0.460142935678944,0.0251053692505039,0.0432472054242258,0.317390507604911
227273.411807,2722366.126422,0.0664342081115801,0.0950633143696091,0.230684529271426,0.0183519911910442,0.0300972655533125,0.559368691503028
227773.411807,2722366.126422,0.0717036493673207,0.0359435173299101,0.300201723821749,0.0940766550522648,0.110581331377224,0.387493123051531
228273.411807,2722366.126422,0.047645226314825,0.0371999266996518,0.240791643760308,0.0454462158695254,0.0443467106468756,0.584570276708814
228773.411807,2722366.126422,0.0271609469627455,0.141860891906772,0.1159845843274,0.0194531106625069,0.0754266837951918,0.620113782345385
229273.411807,2722366.126422,0.0471300201723822,0.0621676141573446,0.0102695763799743,0.0394278378874014,0.0557491289198606,0.785255822483037
229773.411807,2722366.126422,0.0806303829943192,0.191497159611508,0.000549752611324904,0.0767821147150449,0.105919003115265,0.544621586952538
230273.411807,2722366.126422,0.0212883097816113,0.695723986052487,0,0.0168838318957607,0.0247751881079097,0.241328684162232
230773.411807,2722366.126422,0.00623509994498441,0.506326792591234,0,0.00293416467999266,0.0346598202824134,0.449844122501375
231273.411807,2722366.126422,0.0175920835623969,0.238042880703683,0.00183250870441635,0.0580905259299982,0.118929814916621,0.565512186182884
231773.411807,2722366.126422,0.0211047898697009,0.0774454028262066,0,0.0345017434391632,0.0565241328684162,0.810423930996513
232273.411807,2722366.126422,0.0284247203374289,0.0130203557674674,0.004401247019989,0.135521731157161,0.182468366037044,0.63616357968091
232773.411807,2722366.126422,0.0597397837639729,0.0445299615173172,0,0.074216602528862,0.153197727689207,0.668315924500641
233273.411807,2722366.126422,0.296201137823454,0.0506514956872821,0,0.0512020554230134,0.110478986970086,0.491466324096164
233773.411807,2722366.126422,0.363469649734091,0.0777553640198056,0.000183385292499542,0.00586832935998533,0.0302585732624244,0.522464698331194
234273.411807,2722366.126422,0.615906175554334,0.00659703133589885,0,0.000549752611324904,0.00311526479750779,0.373831775700935
234773.411807,2722366.126422,0.480455129381538,0.0187190310148651,0.00715727656450725,0.0315654248485961,0.0478986970086254,0.414204441181868
235273.411807,2722366.126422,0.74399413167064,0.000183385292499542,0,0.000733541169998166,0.00256739409499358,0.252521547771869
235773.411807,2722366.126422,0.441451346893898,0.000366501740883269,0,0,0,0.558182151365219
236273.411807,2722366.126422,0.569095246834281,0.00642319691686548,0,0.00311983850247752,0.0563406129565058,0.36502110478987
236773.411807,2722366.126422,0.452778287181368,0.00256739409499358,0,0.013203741059967,0.0236567027324409,0.507793874931231
237273.411807,2722366.126422,0.597748489840747,0,0,0,0.000274574409665019,0.401976935749588
224773.411807,2721866.126422,0.272795591182365,0.030310621242485,0.203406813627255,0.0182865731462926,0.0235470941883768,0.451653306613226
225273.411807,2721866.126422,0.364835164835165,0.0021978021978022,0,0.00769230769230769,0.0115384615384615,0.613736263736264
225773.411807,2721866.126422,0.495045871559633,0,0,0,0,0.504954128440367
226273.411807,2721866.126422,0.503026967528894,0,0,0,0,0.496973032471106
226773.411807,2721866.126422,0.53021978021978,0.0104395604395604,0,0.00146520146520147,0.00659340659340659,0.451282051282051
227273.411807,2721866.126422,0.304220183486239,0.0311926605504587,0.00146788990825688,0.102752293577982,0.111743119266055,0.448623853211009
227773.411807,2721866.126422,0.105668684645019,0.0555861309851403,0.000550357732526142,0.120528343423225,0.200513667217024,0.517152815997065
228273.411807,2721866.126422,0.195238095238095,0.00897435897435897,0,0.028021978021978,0.0578754578754579,0.70989010989011
228773.411807,2721866.126422,0.141284403669725,0.0225688073394495,0,0.0603669724770642,0.0455045871559633,0.730275229357798
229273.411807,2721866.126422,0.160704457897633,0.0478811227297744,0.0511832691249312,0.00091726288754357,0.00752155567785727,0.73179233168226
229773.411807,2721866.126422,0.054029304029304,0.141391941391941,0.118131868131868,0.00787545787545788,0.030952380952381,0.647619047619048
230273.411807,2721866.126422,0.0247706422018349,0.355963302752294,0,0.04,0.0919266055045872,0.487339449541284
230773.411807,2721866.126422,0.0332049165290772,0.289855072463768,0,0.0383415886993212,0.108237020730141,0.530361401577692
231273.411807,2721866.126422,0.0148351648351648,0.289194139194139,0,0.0377289377289377,0.0996336996336996,0.558608058608059
231773.411807,2721866.126422,0.0214678899082569,0.0337614678899083,0.00532110091743119,0.125504587155963,0.170091743119266,0.643853211009174
232273.411807,2721866.126422,0.0399926618968997,0.0728306732709595,0.011557512383049,0.174279948633278,0.199963309484498,0.501375894331315
232773.411807,2721866.126422,0.0721611721611722,0.30952380952381,0,0.0923076923076923,0.116117216117216,0.40989010989011
233273.411807,2721866.126422,0.164770642201835,0.235412844036697,0,0.02,0.061651376146789,0.518165137614679
233773.411807,2721866.126422,0.545404512933407,0.0130251330031187,0.000733810310034856,0.00733810310034856,0.0221977618785544,0.411300678774537
234273.411807,2721866.126422,0.418498168498169,0.000366300366300366,0,0,0,0.581135531135531
234773.411807,2721866.126422,0.577614678899083,0.000917431192660551,0,0.00201834862385321,0.0148623853211009,0.404587155963303
235273.411807,2721866.126422,0.750504494588149,0,0,0,0.000183452577508714,0.249312052834342
235773.411807,2721866.126422,0.7003663003663,0,0,0,0,0.2996336996337
236273.411807,2721866.126422,0.59302752293578,0.0115596330275229,0.00055045871559633,0.00605504587155963,0.0708256880733945,0.317981651376147
236773.411807,2721866.126422,0.731241973949734,0.00421940928270042,0,0.000183452577508714,0.000366905155017428,0.263988259035039
237273.411807,2721866.126422,0.682766190998902,0.00301866081229418,0,0,0,0.314215148188804
224773.411807,2721366.126422,0.071535767883942,0.0417708854427214,0.208104052026013,0.162331165582791,0.108804402201101,0.407453726863432
225273.411807,2721366.126422,0.462046204620462,0.0104510451045105,0,0.0033003300330033,0.0141180784745141,0.51008434176751
225773.411807,2721366.126422,0.668315018315018,0,0,0.00494505494505494,0.0119047619047619,0.314835164835165
226273.411807,2721366.126422,0.551648351648352,0,0,0.00641025641025641,0.0032967032967033,0.438644688644689
226773.411807,2721366.126422,0.767693436010268,0,0,0,0.00128346167950128,0.231023102310231
227273.411807,2721366.126422,0.298168498168498,0.026007326007326,0.000549450549450549,0.0498168498168498,0.0862637362637363,0.539194139194139
227773.411807,2721366.126422,0.174358974358974,0.0573260073260073,0,0.0230769230769231,0.032051282051282,0.713186813186813
228273.411807,2721366.126422,0.221122112211221,0.0313531353135314,0,0.10982764943161,0.144114411441144,0.493582691602494
228773.411807,2721366.126422,0.41025641025641,0.00164835164835165,0,0.00549450549450549,0.0115384615384615,0.571062271062271
229273.411807,2721366.126422,0.328571428571429,0,0,0.00146520146520147,0.00164835164835165,0.668315018315018
229773.411807,2721366.126422,0.242574257425743,0.00238357169050238,0,0.000366703337000367,0.00403373670700403,0.750641730839751
230273.411807,2721366.126422,0.0672161172161172,0.0941391941391941,0.0294871794871795,0.0236263736263736,0.0461538461538462,0.739377289377289
230773.411807,2721366.126422,0.0954212454212454,0.192857142857143,0.0353479853479853,0.0470695970695971,0.0794871794871795,0.54981684981685
231273.411807,2721366.126422,0.110561056105611,0.079024569123579,0.0942427576090942,0.0381371470480381,0.0568390172350568,0.621195452878621
231773.411807,2721366.126422,0.0276556776556777,0.097985347985348,0.0446886446886447,0.106043956043956,0.102014652014652,0.621611721611722
232273.411807,2721366.126422,0.0424908424908425,0.237728937728938,0,0.102380952380952,0.0866300366300366,0.530769230769231
232773.411807,2721366.126422,0.0454712137880455,0.191969196919692,0,0.133663366336634,0.088008800880088,0.540887422075541
233273.411807,2721366.126422,0.0417582417582418,0.235164835164835,0.0032967032967033,0.0778388278388278,0.120512820512821,0.521428571428571
233773.411807,2721366.126422,0.017032967032967,0.51007326007326,0,0.032051282051282,0.0714285714285714,0.369413919413919
234273.411807,2721366.126422,0.413458012467913,0.157682434910158,0.000916758342500917,0.00183351668500183,0.0117345067840117,0.414374770810414
234773.411807,2721366.126422,0.801282051282051,0,0,0,0,0.198717948717949
235273.411807,2721366.126422,0.829120879120879,0,0,0,0,0.170879120879121
235773.411807,2721366.126422,0.772460579391272,0.000366703337000367,0,0.00165016501650165,0.0284195086175284,0.197103043637697
236273.411807,2721366.126422,0.604761904761905,0.00238095238095238,0.000366300366300366,0.00970695970695971,0.0487179487179487,0.334065934065934
236773.411807,2721366.126422,0.711721611721612,0.000183150183150183,0,0,0.00366300366300366,0.284432234432234
237273.411807,2721366.126422,0.693300384404174,0.00109829763866008,0,0.000549148819330038,0.0013728720483251,0.303679297089511
224773.411807,2720866.126422,0.0661322645290581,0.246492985971944,0.0190380761523046,0.0242985971943888,0.0976953907815631,0.546342685370741
225273.411807,2720866.126422,0.315191497159612,0.000549752611324904,0,0,0.000916254352208173,0.683342495876855
225773.411807,2720866.126422,0.53110662506882,0,0,0,0,0.46889337493118
226273.411807,2720866.126422,0.619658903355951,0.000183385292499542,0,0.0022006235099945,0.004401247019989,0.373555840821566
226773.411807,2720866.126422,0.461608942642478,0.0126443100604728,0,0.0654205607476635,0.0252886201209456,0.435037566428441
227273.411807,2720866.126422,0.232886768214351,0.0150486327766563,0.00623967700495504,0.179298953936502,0.133786015782712,0.432739952284823
227773.411807,2720866.126422,0.256556024206859,0.030808729139923,0,0.0871080139372822,0.0931597285897671,0.532367504126169
228273.411807,2720866.126422,0.142935678944475,0.206157229246839,0,0.0624885468205974,0.0558915154846986,0.53252702950339
228773.411807,2720866.126422,0.248485960726739,0.0179849513672233,0.0034868783262984,0.0322995044962378,0.0860708386859974,0.611671866397504
229273.411807,2720866.126422,0.334494773519164,0,0,0.0110031175499725,0.0157711351549606,0.638730973775903
229773.411807,2720866.126422,0.2354773685175,0.00128275609309144,0,0.000733003481766538,0.00696353307678211,0.755543338830859
230273.411807,2720866.126422,0.321710405579005,0.00991007524316388,0,0.14094329234722,0.028629106258029,0.498807120572582
230773.411807,2720866.126422,0.194021639464515,0.0130203557674674,0.000366770584999083,0.504309554373739,0.116266275444709,0.17201540436457
231273.411807,2720866.126422,0.196078431372549,0.0463624702217336,0.00696353307678211,0.355323437786329,0.126259849734286,0.26901227780832
231773.411807,2720866.126422,0.0868049183336392,0.0280785465222977,0.00880895577170123,0.544503578638282,0.119287942741787,0.212516057992292
232273.411807,2720866.126422,0.0647350082523382,0.0979277461947552,0.0146708233999633,0.201723821749496,0.17604988079956,0.444892719603888
232773.411807,2720866.126422,0.0639545537841305,0.0470954737035001,0.0498442367601246,0.170789811251603,0.104086494410848,0.564229430089793
233273.411807,2720866.126422,0.0297302257294917,0.0205542301339695,0,0.0895577170122958,0.0913929161314003,0.768764910992843
233773.411807,2720866.126422,0.0471300201723822,0.147258389877132,0,0.00898587933247754,0.0335595085274161,0.763066202090592
234273.411807,2720866.126422,0.074216602528862,0.381711563129925,0.00238226131574125,0.0465457210921752,0.110317024005864,0.384826827927433
234773.411807,2720866.126422,0.757570196366306,0.0165167920719398,0,0.000550559735731327,0.00972655533125344,0.21563589649477
235273.411807,2720866.126422,0.87584815697781,0,0,0,0,0.12415184302219
235773.411807,2720866.126422,0.652006597031336,0.00219901044529962,0,0.00568077698369067,0.0643210555250137,0.27579256001466
236273.411807,2720866.126422,0.650394567810607,0.00367039823820885,0,0.00367039823820885,0.0122958340979996,0.329968801614975
236773.411807,2720866.126422,0.851091142490372,0,0,0,0.000183385292499542,0.148725472217128
237273.411807,2720866.126422,0.874244920373421,0,0,0,0.000549148819330038,0.125205930807249
224773.411807,2720366.126422,0.0157815631262525,0.366983967935872,0,0.0110220440881764,0.0260521042084168,0.580160320641283
225273.411807,2720366.126422,0.177655677655678,0.0043956043956044,0,0.00989010989010989,0.0494505494505494,0.758608058608059
225773.411807,2720366.126422,0.656330275229358,0,0,0,0,0.343669724770642
226273.411807,2720366.126422,0.702990277013392,0.000183452577508714,0,0.00421940928270042,0.00898917629792699,0.283617684828472
226773.411807,2720366.126422,0.218681318681319,0.0373626373626374,0.000183150183150183,0.376556776556777,0.195787545787546,0.171428571428571
227273.411807,2720366.126422,0.196880733944954,0.0207339449541284,0,0.0785321100917431,0.0869724770642202,0.616880733944954
227773.411807,2720366.126422,0.694001100715465,0.002568336085122,0,0.0196294257934324,0.0148596587782058,0.268941478627775
228273.411807,2720366.126422,0.774175824175824,0,0,0,0,0.225824175824176
228773.411807,2720366.126422,0.298715596330275,0.155596330275229,0,0.00330275229357798,0.0475229357798165,0.494862385321101
229273.411807,2720366.126422,0.286002568336085,0.0315538433314988,0,0.0585213722252798,0.0906255732893047,0.533296642817832
229773.411807,2720366.126422,0.393040293040293,0.00769230769230769,0,0.013003663003663,0.0428571428571429,0.543406593406593
230273.411807,2720366.126422,0.20348623853211,0.00495412844036697,0,0.00477064220183486,0.036697247706422,0.750091743119266
230773.411807,2720366.126422,0.217758209502844,0.0199963309484498,0.00293524124013942,0.402861860209136,0.121995964043295,0.234452394056136
231273.411807,2720366.126422,0.216666666666667,0.0554945054945055,0,0.125457875457875,0.11978021978022,0.482600732600733
231773.411807,2720366.126422,0.0577981651376147,0.0625688073394495,0,0.219266055045872,0.119816513761468,0.540550458715596
232273.411807,2720366.126422,0.105485232067511,0.0106402494955054,0,0.291322693083838,0.162355531095212,0.430196294257934
232773.411807,2720366.126422,0.103296703296703,0.172710622710623,0.0157509157509158,0.0467032967032967,0.141575091575092,0.51996336996337
233273.411807,2720366.126422,0.0603669724770642,0.14605504587156,0.0462385321100917,0.0262385321100917,0.0862385321100917,0.634862385321101
233773.411807,2720366.126422,0.0431113557145478,0.0532012474775271,0.11410750321042,0.023115024766098,0.0449458814896349,0.721518987341772
234273.411807,2720366.126422,0.0485347985347985,0.274908424908425,0.00695970695970696,0.0206959706959707,0.0578754578754579,0.591025641025641
234773.411807,2720366.126422,0.589174311926606,0.0291743119266055,0.00073394495412844,0.00990825688073394,0.0357798165137615,0.335229357798165
235273.411807,2720366.126422,0.811043845166025,0,0,0,0,0.188956154833975
235773.411807,2720366.126422,0.595238095238095,0.00238095238095238,0,0.0131868131868132,0.0673992673992674,0.321794871794872
236273.411807,2720366.126422,0.762201834862385,0.00201834862385321,0,0.00110091743119266,0.0018348623853211,0.232844036697248
236773.411807,2720366.126422,0.73179233168226,0.00366905155017428,0,0.000366905155017428,0.00146762062006971,0.262704090992478
237273.411807,2720366.126422,0.809275521405049,0.000274423710208562,0,0.000274423710208562,0.00686059275521405,0.183315038419319
224773.411807,2719866.126422,0.0292646323161581,0.172086043021511,0.00100050025012506,0.00200100050025012,0.0247623811905953,0.770885442721361
225273.411807,2719866.126422,0.208287495416208,0.0515218188485515,0,0.00953428676200953,0.044004400440044,0.686651998533187
225773.411807,2719866.126422,0.478021978021978,0.0366300366300366,0.000183150183150183,0.00274725274725275,0.0142857142857143,0.468131868131868
226273.411807,2719866.126422,0.475091575091575,0.00183150183150183,0,0.0175824175824176,0.0587912087912088,0.446703296703297
226773.411807,2719866.126422,0.377337733773377,0.0033003300330033,0,0.0465713237990466,0.0319031903190319,0.540887422075541
227273.411807,2719866.126422,0.423076923076923,0.0206959706959707,0.000915750915750916,0.0137362637362637,0.0899267399267399,0.451648351648352
227773.411807,2719866.126422,0.802197802197802,0.000183150183150183,0,0.000183150183150183,0.000915750915750916,0.196520146520147
228273.411807,2719866.126422,0.433443344334433,0.00293362669600293,0.000366703337000367,0.00623395672900623,0.0427209387605427,0.514301430143014
228773.411807,2719866.126422,0.536813186813187,0.00567765567765568,0,0.000183150183150183,0.00879120879120879,0.448534798534799
229273.411807,2719866.126422,0.526556776556777,0.10018315018315,0,0.0267399267399267,0.0276556776556777,0.318864468864469
229773.411807,2719866.126422,0.406123945727906,0.0834250091675834,0,0.00366703337000367,0.0148514851485149,0.491932526585992
230273.411807,2719866.126422,0.297619047619048,0.00531135531135531,0,0.0188644688644689,0.0161172161172161,0.662087912087912
230773.411807,2719866.126422,0.412637362637363,0.0111721611721612,0,0.0690476190476191,0.0501831501831502,0.456959706959707
231273.411807,2719866.126422,0.232306563989732,0.0606894022735607,0,0.0650898423175651,0.138613861386139,0.503300330033003
231773.411807,2719866.126422,0.032051282051282,0.235897435897436,0,0.102564102564103,0.104761904761905,0.524725274725275
232273.411807,2719866.126422,0.0536630036630037,0.0591575091575092,0.000915750915750916,0.471794871794872,0.217582417582418,0.196886446886447
232773.411807,2719866.126422,0.0412541254125413,0.522918958562523,0.000733406674000733,0.0333700036670334,0.0685735240190686,0.333149981664833
233273.411807,2719866.126422,0.0611721611721612,0.343589743589744,0,0.0388278388278388,0.105128205128205,0.451282051282051
233773.411807,2719866.126422,0.0701465201465201,0.363003663003663,0,0.0353479853479853,0.0923076923076923,0.439194139194139
234273.411807,2719866.126422,0.0847084708470847,0.0938760542720939,0.0284195086175284,0.0414374770810414,0.0793912724605794,0.672167216721672
234773.411807,2719866.126422,0.502380952380952,0.017032967032967,0,0.0283882783882784,0.026007326007326,0.426190476190476
235273.411807,2719866.126422,0.825824175824176,0.000366300366300366,0,0,0,0.173809523809524
235773.411807,2719866.126422,0.740924092409241,0.00641730839750642,0,0.00971763843050972,0.0474880821415475,0.195452878621195
236273.411807,2719866.126422,0.708241758241758,0,0.000915750915750916,0.00164835164835165,0.00787545787545788,0.281318681318681
236773.411807,2719866.126422,0.613553113553114,0.00512820512820513,0,0.0428571428571429,0.0846153846153846,0.253846153846154
237273.411807,2719866.126422,0.544481054365733,0.0172981878088962,0.00329489291598023,0.00384404173531027,0.0211422295442065,0.409939593629874
224773.411807,2719366.126422,0.0197895791583166,0.139779559118236,0,0.0120240480961924,0.0703907815631263,0.758016032064128
225273.411807,2719366.126422,0.189847901777533,0.175187832142203,0.00201575957485798,0.0146600696353308,0.0663368150998717,0.551951621770203
225773.411807,2719366.126422,0.528537346302074,0.0115617544503579,0.000367039823820885,0.0295467058175812,0.0422095797394017,0.387777573866765
226273.411807,2719366.126422,0.479552539886301,0.00403447643498991,0,0.0667522464698331,0.0724371905373189,0.377223546671557
226773.411807,2719366.126422,0.386109584020524,0.00623052959501558,0.00274876305662452,0.00256551218618288,0.0161260765988638,0.586219534542789
227273.411807,2719366.126422,0.424298036336943,0.00201871903101487,0,0.000367039823820885,0.00458799779776106,0.568728207010461
227773.411807,2719366.126422,0.876948468732808,0,0,0,0,0.123051531267192
228273.411807,2719366.126422,0.538757559098406,0.00219901044529962,0,0.00678028220634048,0.0287703866593366,0.423492761590618
228773.411807,2719366.126422,0.804367773903468,0,0,0,0,0.195632226096531
229273.411807,2719366.126422,0.505226480836237,0.000366770584999083,0,0.00183385292499542,0.00458463231248854,0.48798826334128
229773.411807,2719366.126422,0.329485065054059,0.112516034451164,0,0.0357339197361187,0.0883269195528679,0.433938061205791
230273.411807,2719366.126422,0.480455129381538,0.0104606349788952,0,0.0247751881079097,0.0453294182418792,0.438979629289778
230773.411807,2719366.126422,0.538969374656153,0,0,0.000733541169998166,0.000550155877498625,0.459746928296351
231273.411807,2719366.126422,0.286787612241158,0.135055891515485,0,0.0527762506871908,0.0995052226498076,0.425875022906359
231773.411807,2719366.126422,0.1159845843274,0.230501009359516,0,0.0306478252890439,0.12461002018719,0.498256560836851
232273.411807,2719366.126422,0.0498807995598753,0.0405281496423987,0.000183385292499542,0.49990830735375,0.204657986429488,0.204841371721988
232773.411807,2719366.126422,0.0487447315374748,0.46637346527396,0.00146600696353308,0.0518599963349826,0.0980392156862745,0.333516584203775
233273.411807,2719366.126422,0.0345017434391632,0.484492567443568,0,0.0521196549825656,0.0880895577170123,0.340796476417691
233773.411807,2719366.126422,0.0379607555474051,0.37190537318907,0,0.0225563909774436,0.0748211993398129,0.492756280946268
234273.411807,2719366.126422,0.0751328568810702,0.0685358255451713,0.0388491845336265,0.0654205607476635,0.108851017042331,0.643210555250137
234773.411807,2719366.126422,0.205358781427785,0.0374380620297302,0.090475316571848,0.103138190493669,0.141677371994861,0.421912277482107
235273.411807,2719366.126422,0.200623509994498,0.028791490922428,0.0152209792774619,0.0832569227947919,0.0880249403997799,0.58408215661104
235773.411807,2719366.126422,0.268096023456111,0.0313358988455195,0.000183250870441635,0.0951072017592084,0.115631299248671,0.489646325820048
236273.411807,2719366.126422,0.404294365938704,0.0165167920719398,0,0.122958340979996,0.135621214901817,0.320609286107543
236773.411807,2719366.126422,0.319457179534201,0.0339262791124152,0,0.138822666422153,0.133137722354667,0.374656152576563
237273.411807,2719366.126422,0.366556836902801,0.0263591433278418,0,0.115046677649643,0.211971444261395,0.28006589785832
224773.411807,2718866.126422,0.031563126252505,0.249248496993988,0.0283066132264529,0.0242985971943888,0.0673847695390782,0.599198396793587
225273.411807,2718866.126422,0.039010989010989,0.331868131868132,0,0.0135531135531136,0.0529304029304029,0.562637362637363
225773.411807,2718866.126422,0.168990825688073,0.0721100917431193,0,0.0414678899082569,0.108256880733945,0.609174311926606
226273.411807,2718866.126422,0.531829022197762,0.000366905155017428,0,0,0.00091726288754357,0.466886809759677
226773.411807,2718866.126422,0.545970695970696,0,0,0,0,0.454029304029304
227273.411807,2718866.126422,0.44,0,0,0.00055045871559633,0.00275229357798165,0.556697247706422
227773.411807,2718866.126422,0.733810310034856,0.000183452577508714,0,0,0,0.266006237387635
228273.411807,2718866.126422,0.557142857142857,0.000549450549450549,0,0.0010989010989011,0.00128205128205128,0.43992673992674
228773.411807,2718866.126422,0.612844036697248,0,0,0.00128440366972477,0.00128440366972477,0.384587155963303
229273.411807,2718866.126422,0.62905888827738,0.000366905155017428,0,0.00201797835259585,0.00366905155017428,0.364887176664832
229773.411807,2718866.126422,0.461355311355311,0.0901098901098901,0.0010989010989011,0.00567765567765568,0.0315018315018315,0.41025641025641
230273.411807,2718866.126422,0.438899082568807,0.0258715596330275,0,0.0154128440366972,0.0519266055045872,0.467889908256881
230773.411807,2718866.126422,0.31957439002018,0.00733810310034856,0,0.0381581361218125,0.026967528893781,0.607961841863878
231273.411807,2718866.126422,0.0454212454212454,0.117032967032967,0.000183150183150183,0.296520146520147,0.158424908424908,0.382417582417582
231773.411807,2718866.126422,0.0803669724770642,0.0411009174311927,0.00073394495412844,0.276697247706422,0.208807339449541,0.392293577981651
232273.411807,2718866.126422,0.0963126031920749,0.0363236103467254,0.00862227114290956,0.524124013942396,0.184920198128784,0.149697303247111
232773.411807,2718866.126422,0.0492673992673993,0.0783882783882784,0,0.525091575091575,0.179487179487179,0.167765567765568
233273.411807,2718866.126422,0.0344954128440367,0.409174311926606,0,0.134862385321101,0.12954128440367,0.291926605504587
233773.411807,2718866.126422,0.0755824619335902,0.134470739313887,0.00110071546505228,0.215740231150248,0.185837461016327,0.387268391120895
234273.411807,2718866.126422,0.0437728937728938,0.0688644688644689,0.00732600732600733,0.133882783882784,0.107142857142857,0.639010989010989
234773.411807,2718866.126422,0.0891743119266055,0.0236697247706422,0,0.364587155963303,0.249357798165138,0.273211009174312
235273.411807,2718866.126422,0.231884057971014,0.0333883691065859,0.00733810310034856,0.198495688864429,0.173546138323243,0.355347642634379
235773.411807,2718866.126422,0.411904761904762,0.00842490842490842,0.0010989010989011,0.0957875457875458,0.0805860805860806,0.402197802197802
236273.411807,2718866.126422,0.46348623853211,0.00752293577981651,0,0.0376146788990826,0.0889908256880734,0.402385321100917
236773.411807,2718866.126422,0.76169510181618,0.00183452577508714,0,0.0198128783709411,0.0113740598055403,0.205283434232251
237273.411807,2718866.126422,0.78430296377607,0.00439077936333699,0,0.000548847420417124,0.000548847420417124,0.210208562019759
224773.411807,2718366.126422,0.0187593796898449,0.352176088044022,0,0.00675337668834417,0.0332666333166583,0.589044522261131
225273.411807,2718366.126422,0.183718371837184,0.204253758709204,0,0.015034836817015,0.0645397873120645,0.532453245324532
225773.411807,2718366.126422,0.303846153846154,0.0216117216117216,0,0.0613553113553114,0.0917582417582418,0.521428571428571
226273.411807,2718366.126422,0.419047619047619,0.000366300366300366,0,0,0.0021978021978022,0.578388278388278
226773.411807,2718366.126422,0.493032636596993,0.000183351668500183,0,0,0.0044004400440044,0.502383571690502
227273.411807,2718366.126422,0.549267399267399,0.000366300366300366,0,0,0.00402930402930403,0.446336996336996
227773.411807,2718366.126422,0.61996336996337,0,0,0.000549450549450549,0.00402930402930403,0.375457875457875
228273.411807,2718366.126422,0.692702603593693,0.00055005500550055,0,0,0.00055005500550055,0.306197286395306
228773.411807,2718366.126422,0.73021978021978,0,0,0.00164835164835165,0.00311355311355311,0.265018315018315
229273.411807,2718366.126422,0.687912087912088,0,0,0.000183150183150183,0.00274725274725275,0.309157509157509
229773.411807,2718366.126422,0.504583791712505,0.0033003300330033,0,0.00751741840850752,0.0152181884855152,0.469380271360469
230273.411807,2718366.126422,0.267216117216117,0.0294871794871795,0,0.0686813186813187,0.107692307692308,0.526923076923077
230773.411807,2718366.126422,0.189377289377289,0.0283882783882784,0,0.219230769230769,0.163003663003663,0.4
231273.411807,2718366.126422,0.0397873120645398,0.0531719838650532,0.00201686835350202,0.564356435643564,0.15969930326366,0.180968096809681
231773.411807,2718366.126422,0.0648351648351648,0.0355311355311355,0,0.589194139194139,0.17967032967033,0.130769230769231
232273.411807,2718366.126422,0.0514652014652015,0.0252747252747253,0.0032967032967033,0.748717948717949,0.11996336996337,0.0512820512820513
232773.411807,2718366.126422,0.0605060506050605,0.0421708837550422,0.00055005500550055,0.652731939860653,0.149064906490649,0.094976164283095
233273.411807,2718366.126422,0.0615384615384615,0.0897435897435897,0.000366300366300366,0.404945054945055,0.181684981684982,0.261721611721612
233773.411807,2718366.126422,0.0789377289377289,0.303296703296703,0,0.036996336996337,0.0782051282051282,0.502564102564103
234273.411807,2718366.126422,0.0911257792445911,0.0539053905390539,0.0474880821415475,0.0898423175650898,0.132746607994133,0.584891822515585
234773.411807,2718366.126422,0.27014652014652,0.0256410256410256,0,0.132417582417582,0.117399267399267,0.454395604395604
235273.411807,2718366.126422,0.507875457875458,0.013003663003663,0,0.0342490842490843,0.0851648351648352,0.35970695970696
235773.411807,2718366.126422,0.71965529886322,0.0044004400440044,0,0.00623395672900623,0.0174184085075174,0.252291895856252
236273.411807,2718366.126422,0.7503663003663,0.00494505494505494,0,0.0010989010989011,0.0141025641025641,0.229487179487179
236773.411807,2718366.126422,0.837912087912088,0,0,0,0,0.162087912087912
237273.411807,2718366.126422,0.920647995606809,0,0,0,0,0.0793520043931906
224773.411807,2717866.126422,0.0475951903807615,0.293587174348697,0.00175350701402806,0.0152805611222445,0.0340681362725451,0.607715430861723
225273.411807,2717866.126422,0.164376030786146,0.200842954004032,0,0.0793476269012278,0.111966281839839,0.443467106468756
225773.411807,2717866.126422,0.231235089007157,0.0282620664342081,0,0.113598825472564,0.111763626353459,0.515140392732611
226273.411807,2717866.126422,0.716853108380708,0,0,0,0,0.283146891619292
226773.411807,2717866.126422,0.63789628000733,0,0,0,0,0.36210371999267
227273.411807,2717866.126422,0.759038355661589,0,0,0,0,0.240961644338411
227773.411807,2717866.126422,0.522464698331194,0,0,0,0,0.477535301668806
228273.411807,2717866.126422,0.499725123694338,0.000183250870441635,0,0.00311526479750779,0.0109950522264981,0.485981308411215
228773.411807,2717866.126422,0.626904019086071,0.00367039823820885,0,0.000183519911910442,0.00146815929528354,0.367773903468526
229273.411807,2717866.126422,0.660553823583349,0,0,0.000733541169998166,0.00311754997249221,0.335595085274161
229773.411807,2717866.126422,0.468938977460143,0.00366501740883269,0,0.0186915887850467,0.0161260765988638,0.492578339747114
230273.411807,2717866.126422,0.4604514589833,0.0172508717195816,0,0.0585428518994311,0.077995962561938,0.38575885483575
230773.411807,2717866.126422,0.194938565927013,0.0311754997249221,0.00201723821749496,0.369888134971575,0.180634513112048,0.221346048046947
231273.411807,2717866.126422,0.051676745464541,0.0494777350192413,0.00219901044529962,0.555799890049478,0.230712845886018,0.110133773135422
231773.411807,2717866.126422,0.0512020554230134,0.055606533308864,0.000734079647641769,0.653881446136906,0.153055606533309,0.0855202789502661
232273.411807,2717866.126422,0.0649183935448377,0.0339262791124152,0.000183385292499542,0.653401797175867,0.151476251604621,0.0960938932697598
