"x","y","forest","agri","water","built","other","grass"
161773.411807,2544366.126422,0.0769984326018809,0.036833855799373,0.572492163009404,0.164184952978056,0.0211598746081505,0.128330721003135
162273.411807,2544366.126422,0.178823529411765,0.042156862745098,0.181764705882353,0.0884313725490196,0.0780392156862745,0.43078431372549
162773.411807,2544366.126422,0.0963949843260188,0.117358934169279,0.0144984326018809,0.203957680250784,0.157915360501567,0.40987460815047
163273.411807,2544366.126422,0.0321316614420063,0.13185736677116,0.167515673981191,0.277037617554859,0.148706896551724,0.24275078369906
163773.411807,2544366.126422,0.117450980392157,0.182549019607843,0.0615686274509804,0.284117647058824,0.120980392156863,0.233333333333333
164273.411807,2544366.126422,0.0591692789968652,0.0546630094043887,0.193377742946708,0.510775862068966,0.147139498432602,0.0348746081504702
164773.411807,2544366.126422,0.0885579937304075,0.0450626959247649,0.0170454545454545,0.737656739811912,0.070141065830721,0.0415360501567398
165273.411807,2544366.126422,0.0594117647058824,0.0703921568627451,0.0592156862745098,0.682745098039216,0.0741176470588235,0.0541176470588235
165773.411807,2544366.126422,0.0666144200626959,0.132836990595611,0.0703369905956113,0.634404388714734,0.0415360501567398,0.0542711598746081
166273.411807,2544366.126422,0.134208463949843,0.0783699059561129,0.0507445141065831,0.648706896551724,0.0503526645768025,0.0376175548589342
166773.411807,2544366.126422,0.102941176470588,0.097843137254902,0.0252941176470588,0.689607843137255,0.0380392156862745,0.0462745098039216
167273.411807,2544366.126422,0.0752351097178683,0.0246865203761755,0.00293887147335423,0.808581504702194,0.0636755485893417,0.0248824451410658
167773.411807,2544366.126422,0.0378134796238245,0.0144984326018809,0,0.89596394984326,0.0423197492163009,0.00940438871473354
168273.411807,2544366.126422,0.0627450980392157,0.0288235294117647,0.000980392156862745,0.805882352941176,0.0713725490196078,0.0301960784313725
168773.411807,2544366.126422,0.118926332288401,0.0350705329153605,0.00195924764890282,0.72903605015674,0.0811128526645768,0.0338949843260188
169273.411807,2544366.126422,0.108738244514107,0.0713166144200627,0.00176332288401254,0.651057993730408,0.108738244514107,0.0583855799373041
169773.411807,2544366.126422,0.514509803921569,0.0423529411764706,0,0.108039215686275,0.112156862745098,0.222941176470588
170273.411807,2544366.126422,0.313283699059561,0.0960031347962382,0.00391849529780564,0.151449843260188,0.170258620689655,0.265086206896552
170773.411807,2544366.126422,0.146355799373041,0.040948275862069,0.000979623824451411,0.703369905956113,0.0664184952978056,0.0419278996865204
171273.411807,2544366.126422,0.0745098039215686,0.0543137254901961,0.00490196078431373,0.79,0.0605882352941176,0.0156862745098039
171773.411807,2544366.126422,0.209443573667712,0.0264498432601881,0.00137147335423197,0.545258620689655,0.0495689655172414,0.167907523510972
172273.411807,2544366.126422,0.134992163009404,0.047217868338558,0,0.588753918495298,0.167123824451411,0.0619122257053292
172773.411807,2544366.126422,0.0990196078431373,0.0729411764705882,0,0.542156862745098,0.171372549019608,0.114509803921569
162273.411807,2543866.126422,0.0916254352208173,0.146234194612424,0.0853949056258017,0.0773318673263698,0.05717427157779,0.542239325636797
162773.411807,2543866.126422,0.0754266837951918,0.115434024591668,0.0655166085520279,0.278950266103872,0.122407781244265,0.342264635712975
163273.411807,2543866.126422,0.0350265908674124,0.0830735375022923,0.372822299651568,0.319640564826701,0.0764716669723088,0.112965340179718
163773.411807,2543866.126422,0.102437236576874,0.0881436686824262,0.196444933113432,0.311526479750779,0.0945574491478835,0.206890232728605
164273.411807,2543866.126422,0.150486327766563,0.104973389612773,0.0121123141860892,0.505046797577537,0.106808588731877,0.120572582125161
164773.411807,2543866.126422,0.173849257289565,0.0733541169998166,0.00330093526499175,0.381074637814047,0.0592334494773519,0.309187603154227
165273.411807,2543866.126422,0.0520432472054242,0.0388491845336265,0.00146600696353308,0.811984606926883,0.0461792193512919,0.0494777350192413
165773.411807,2543866.126422,0.119471462653698,0.0379886217654616,0.00183519911910442,0.631859056707653,0.101119471462654,0.10772618829143
166273.411807,2543866.126422,0.128919860627178,0.0986612873647534,0.00550155877498625,0.530533651201174,0.086007702182285,0.150375939849624
166773.411807,2543866.126422,0.0883269195528679,0.120029320139271,0.00274876305662452,0.434487813817116,0.0765988638446033,0.277808319589518
167273.411807,2543866.126422,0.0405579005322077,0.052303174894476,0.105707469260415,0.721233253808038,0.039823820884566,0.0403743806202973
167773.411807,2543866.126422,0.0326425820649184,0.0179717586649551,0.00256739409499358,0.912708600770218,0.0326425820649184,0.00146708233999633
168273.411807,2543866.126422,0.0350009162543522,0.0205240974894631,0.000366501740883269,0.909290819131391,0.0300531427524281,0.0047645226314825
168773.411807,2543866.126422,0.0627638098733713,0.0273444668746559,0.00238575885483575,0.837584877959259,0.0453294182418792,0.0245916681959993
169273.411807,2543866.126422,0.110397946084724,0.0434623143223913,0.00146708233999633,0.704566293783239,0.0984779020722538,0.0416284613973959
169773.411807,2543866.126422,0.215136521898479,0.0555250137438153,0.000366501740883269,0.503206890232729,0.140553417628734,0.0852116547553601
170273.411807,2543866.126422,0.348320792806019,0.0517526151587447,0.000550559735731327,0.351991191044228,0.140209212699578,0.107175628555698
170773.411807,2543866.126422,0.0542820465798643,0.0482303319273794,0.000366770584999083,0.749312305153127,0.0838070786722905,0.06400146708234
171273.411807,2543866.126422,0.0555250137438153,0.0582737768004398,0.000366501740883269,0.74326553051127,0.0408649441084845,0.101704233095107
171773.411807,2543866.126422,0.186456230501009,0.0910258763075794,0,0.0941457148100569,0.0877225178931914,0.540649660488163
172273.411807,2543866.126422,0.19200440124702,0.0449293966623877,0,0.188336695397029,0.228314689161929,0.346414817531634
172773.411807,2543866.126422,0.199926699651823,0.0727505955653289,0,0.239325636796775,0.165842037749679,0.322155030236394
162773.411807,2543366.126422,0.0612844036697248,0.0532110091743119,0.285504587155963,0.370275229357798,0.0438532110091743,0.185871559633028
163273.411807,2543366.126422,0.00385250412768299,0.0990643918547056,0.374977068427811,0.469638598422308,0.0348559897266557,0.0176114474408365
163773.411807,2543366.126422,0.42967032967033,0.0695970695970696,0.0032967032967033,0.185164835164835,0.0576923076923077,0.254578754578755
164273.411807,2543366.126422,0.147339449541284,0.125688073394495,0,0.454862385321101,0.105871559633028,0.166238532110092
164773.411807,2543366.126422,0.0933773619519354,0.0544854155200881,0.00733810310034856,0.709411117226197,0.0774169877086773,0.0579710144927536
165273.411807,2543366.126422,0.0858974358974359,0.117765567765568,0.036996336996337,0.620512820512821,0.0672161172161172,0.0716117216117216
165773.411807,2543366.126422,0.0781651376146789,0.0979816513761468,0.0128440366972477,0.727889908256881,0.053394495412844,0.0297247706422018
166273.411807,2543366.126422,0.126215373325995,0.0598055402678408,0.000183452577508714,0.569436800587048,0.113006787745368,0.131352045496239
166773.411807,2543366.126422,0.126007326007326,0.0767399267399267,0.047985347985348,0.584249084249084,0.0884615384615385,0.0765567765567766
167273.411807,2543366.126422,0.0620183486238532,0.0146788990825688,0.0036697247706422,0.87045871559633,0.0280733944954128,0.0211009174311927
167773.411807,2543366.126422,0.0682443588332416,0.0498991010823702,0.00165107319757843,0.817097780223812,0.0328380113740598,0.0302696752889378
168273.411807,2543366.126422,0.188278388278388,0.0421245421245421,0.000549450549450549,0.551648351648352,0.141575091575092,0.0758241758241758
168773.411807,2543366.126422,0.0877064220183486,0.0137614678899083,0,0.825688073394495,0.0588990825688073,0.0139449541284404
169273.411807,2543366.126422,0.116308934140525,0.0293524124013942,0.000733810310034856,0.740964960557696,0.0908090258668134,0.021830856723537
169773.411807,2543366.126422,0.146703296703297,0.0516483516483516,0,0.596886446886447,0.132051282051282,0.0727106227106227
170273.411807,2543366.126422,0.138715596330275,0.0611009174311927,0.00110091743119266,0.584954128440367,0.116146788990826,0.0979816513761468
170773.411807,2543366.126422,0.0262337185837461,0.0130251330031187,0.000733810310034856,0.924050632911392,0.0337552742616034,0.00220143093010457
171273.411807,2543366.126422,0.0712454212454212,0.065018315018315,0.000366300366300366,0.620879120879121,0.0842490842490843,0.158241758241758
171773.411807,2543366.126422,0.0205504587155963,0.036697247706422,0,0.734311926605505,0.0403669724770642,0.168073394495413
172273.411807,2543366.126422,0.13557145477894,0.0392588515868648,0.000183452577508714,0.502476609796368,0.110071546505228,0.212438084755091
172773.411807,2543366.126422,0.180769230769231,0.065018315018315,0,0.474908424908425,0.140842490842491,0.138461538461538
163273.411807,2542866.126422,0.412454212454212,0.0613553113553114,0.0434065934065934,0.0278388278388278,0.0250915750915751,0.42985347985348
163773.411807,2542866.126422,0.17033370003667,0.128346167950128,0.264209754308764,0.124679134580125,0.0564723138980565,0.255958929226256
164273.411807,2542866.126422,0.266300366300366,0.128754578754579,0.0388278388278388,0.298901098901099,0.0912087912087912,0.176007326007326
164773.411807,2542866.126422,0.164285714285714,0.14010989010989,0.00183150183150183,0.336630036630037,0.0794871794871795,0.277655677655678
165273.411807,2542866.126422,0.141914191419142,0.0852585258525853,0.0161349468280161,0.473414008067473,0.100660066006601,0.182618261826183
165773.411807,2542866.126422,0.171428571428571,0.0857142857142857,0.00201465201465201,0.357692307692308,0.158058608058608,0.225091575091575
166273.411807,2542866.126422,0.131318681318681,0.078021978021978,0.03003663003663,0.420695970695971,0.113919413919414,0.226007326007326
166773.411807,2542866.126422,0.0465713237990466,0.0201686835350202,0.0104510451045105,0.882104877154382,0.0229189585625229,0.0177851118445178
167273.411807,2542866.126422,0.228021978021978,0.0243589743589744,0.00146520146520147,0.611904761904762,0.0481684981684982,0.0860805860805861
167773.411807,2542866.126422,0.0653846153846154,0.0351648351648352,0.0043956043956044,0.80018315018315,0.0653846153846154,0.0294871794871795
168273.411807,2542866.126422,0.245691235790246,0.0429042904290429,0.000366703337000367,0.501466813348001,0.0988265493215988,0.110744407774111
168773.411807,2542866.126422,0.357326007326007,0.0626373626373626,0.000549450549450549,0.245054945054945,0.193956043956044,0.14047619047619
169273.411807,2542866.126422,0.0291208791208791,0.0159340659340659,0.000366300366300366,0.897619047619048,0.0382783882783883,0.0186813186813187
169773.411807,2542866.126422,0.108544187752109,0.0451045104510451,0.000366703337000367,0.750825082508251,0.0612394572790612,0.0339200586725339
170273.411807,2542866.126422,0.0917582417582418,0.047985347985348,0.0010989010989011,0.763003663003663,0.0485347985347985,0.0476190476190476
170773.411807,2542866.126422,0.0331501831501832,0.0157509157509158,0.000732600732600733,0.916117216117216,0.0282051282051282,0.00604395604395604
171273.411807,2542866.126422,0.0592225889255592,0.0392372570590392,0.000183351668500183,0.827649431609828,0.0531719838650532,0.0205353868720205
171773.411807,2542866.126422,0.0294871794871795,0.0267399267399267,0.000549450549450549,0.864468864468865,0.0608058608058608,0.0179487179487179
172273.411807,2542866.126422,0.0622710622710623,0.0619047619047619,0,0.703113553113553,0.120695970695971,0.052014652014652
172773.411807,2542866.126422,0.197286395306197,0.0977264393105977,0.000366703337000367,0.496516318298497,0.0828749541620829,0.125229189585625
163773.411807,2542366.126422,0.490929081913139,0.0465457210921752,0.0974894630749496,0.0197910940076965,0.0538757559098406,0.291368884002199
164273.411807,2542366.126422,0.243897962928978,0.0200036703982382,0.586346118553863,0.0767113231785649,0.00513855753349238,0.0679023674068636
164773.411807,2542366.126422,0.258756647716853,0.212360168714469,0.0434623143223913,0.162846139739593,0.0397946084724005,0.282780121034293
165273.411807,2542366.126422,0.135055891515485,0.0800806303829943,0.155213487264065,0.455011911306579,0.0423309510720176,0.13230712845886
165773.411807,2542366.126422,0.196916865479905,0.0642319691686548,0.0550559735731327,0.465039456781061,0.0888236373646541,0.129932097632593
166273.411807,2542366.126422,0.0638180817898405,0.0564826700898588,0.0183385292499542,0.757381258023107,0.0847240051347882,0.0192554557124519
166773.411807,2542366.126422,0.0569910207073484,0.0214403518416712,0.000733003481766538,0.889133223382811,0.0194245922668133,0.0122778083195895
167273.411807,2542366.126422,0.0289961460818499,0.00734079647641769,0.000550559735731327,0.935951550743256,0.0227564690768948,0.00440447788585061
167773.411807,2542366.126422,0.104896387309738,0.0366770584999083,0.00238400880249404,0.746378140473134,0.0794058316523015,0.0302585732624244
168273.411807,2542366.126422,0.16364302730438,0.0826461425691772,0.000183250870441635,0.401136155396738,0.163826278174821,0.188565145684442
168773.411807,2542366.126422,0.123141860891907,0.036520462470178,0,0.610937786749862,0.123692420627638,0.105707469260415
169273.411807,2542366.126422,0.12415184302219,0.0456629378323858,0.00183385292499542,0.677792041078305,0.0995782138272511,0.0509811113148725
169773.411807,2542366.126422,0.100604727872457,0.0430639545537841,0,0.645226314824995,0.128092358438703,0.0830126443100605
170273.411807,2542366.126422,0.120756102037071,0.0489998164800881,0,0.682510552394935,0.0851532391264452,0.0625802899614608
170773.411807,2542366.126422,0.0359435173299101,0.0113698881349716,0.00458463231248854,0.896754080322758,0.0456629378323858,0.00568494406748579
171273.411807,2542366.126422,0.0705515851200293,0.0251053692505039,0.000366501740883269,0.844420010995052,0.0491112332783581,0.0104452996151732
171773.411807,2542366.126422,0.0673518076711323,0.0341347036153423,0,0.801431455312901,0.0600110111947146,0.0370710222059093
172273.411807,2542366.126422,0.130386942967174,0.0544654318723638,0,0.523381624793692,0.134971575279663,0.156794425087108
172773.411807,2542366.126422,0.159061755543339,0.0864944108484515,0,0.548836356972696,0.127542605827378,0.0780648708081363
163773.411807,2541866.126422,0.452197802197802,0.0549450549450549,0,0.0201465201465201,0.0921245421245421,0.380586080586081
164273.411807,2541866.126422,0.273394495412844,0.0568807339449541,0.411009174311927,0.0100917431192661,0.0622018348623853,0.186422018348624
164773.411807,2541866.126422,0,0,0.994679875252247,0.00532012474775271,0,0
165273.411807,2541866.126422,0.00549450549450549,0.0032967032967033,0.752930402930403,0.233516483516484,0.00476190476190476,0
165773.411807,2541866.126422,0.0436697247706422,0.0291743119266055,0.00165137614678899,0.828990825688073,0.0864220183486239,0.0100917431192661
166273.411807,2541866.126422,0.152815997064759,0.0487983856173179,0.00495321959273528,0.606861126398826,0.0807191341038342,0.105852137222528
166773.411807,2541866.126422,0.0789377289377289,0.0311355311355311,0.0010989010989011,0.813736263736264,0.0598901098901099,0.0152014652014652
167273.411807,2541866.126422,0.0372477064220183,0.0172477064220183,0.00055045871559633,0.885871559633028,0.0508256880733945,0.00825688073394495
167773.411807,2541866.126422,0.0919097413318657,0.0961291506145661,0,0.61199779856907,0.105852137222528,0.0941111722619703
168273.411807,2541866.126422,0.390842490842491,0.0531135531135531,0,0.207142857142857,0.1496336996337,0.199267399267399
168773.411807,2541866.126422,0.325688073394495,0.0326605504587156,0,0.129357798165138,0.120917431192661,0.391376146788991
169273.411807,2541866.126422,0.155567785727389,0.0458631443771785,0,0.570170610897083,0.127132636213539,0.10126582278481
169773.411807,2541866.126422,0.147069597069597,0.0322344322344322,0,0.519047619047619,0.164468864468864,0.137179487179487
170273.411807,2541866.126422,0.0609174311926605,0.0176146788990826,0.00073394495412844,0.852844036697248,0.0412844036697248,0.026605504587156
170773.411807,2541866.126422,0.0508163639699138,0.0176114474408365,0.00110071546505228,0.881489634929371,0.0317372959090075,0.0172445422858191
171273.411807,2541866.126422,0.125091575091575,0.0445054945054945,0,0.677472527472528,0.0842490842490843,0.0686813186813187
171773.411807,2541866.126422,0.10256880733945,0.0735779816513761,0.00018348623853211,0.627889908256881,0.106238532110092,0.0895412844036697
172273.411807,2541866.126422,0.257017061089708,0.0388919464318474,0,0.278481012658228,0.197028068244359,0.228581911575858
172773.411807,2541866.126422,0.0688644688644689,0.0857142857142857,0.000183150183150183,0.645054945054945,0.111721611721612,0.0884615384615385
163273.411807,2541366.126422,0.00604395604395604,0.036996336996337,0.726373626373626,0.158791208791209,0.010989010989011,0.0608058608058608
163773.411807,2541366.126422,0.0473047304730473,0.31023102310231,0.264209754308764,0.0418041804180418,0.0168683535020169,0.31958195819582
164273.411807,2541366.126422,0.0807692307692308,0.0424908424908425,0.432417582417582,0.141025641025641,0.0415750915750916,0.261721611721612
164773.411807,2541366.126422,0,0,0.901648351648352,0.0981684981684982,0.000183150183150183,0
165273.411807,2541366.126422,0.0286028602860286,0.0262192885955262,0.33993399339934,0.53006967363403,0.0559222588925559,0.0192519251925193
165773.411807,2541366.126422,0.0351648351648352,0.0327838827838828,0.00732600732600733,0.849084249084249,0.0633699633699634,0.0122710622710623
166273.411807,2541366.126422,0.0756410256410256,0.0836996336996337,0.000915750915750916,0.72032967032967,0.0948717948717949,0.0245421245421245
166773.411807,2541366.126422,0.0623395672900623,0.0410707737440411,0.000183351668500183,0.767876787678768,0.0991932526585992,0.0293362669600293
167273.411807,2541366.126422,0.0269230769230769,0.0397435897435897,0,0.771062271062271,0.102930402930403,0.0593406593406593
167773.411807,2541366.126422,0.135531135531136,0.196336996336996,0,0.0379120879120879,0.0487179487179487,0.581501831501832
168273.411807,2541366.126422,0.424459112577924,0.0223689035570224,0,0.0392372570590392,0.0804913824715805,0.433443344334433
168773.411807,2541366.126422,0.1503663003663,0.0445054945054945,0,0.421794871794872,0.183333333333333,0.2
169273.411807,2541366.126422,0.0316849816849817,0.0144688644688645,0.000183150183150183,0.879487179487179,0.0712454212454212,0.00293040293040293
169773.411807,2541366.126422,0.0515218188485515,0.0661899523285662,0,0.535570223689036,0.0702236890355702,0.276494316098277
170273.411807,2541366.126422,0.273992673992674,0.110805860805861,0.000183150183150183,0.204212454212454,0.0804029304029304,0.33040293040293
170773.411807,2541366.126422,0.0166666666666667,0.00934065934065934,0.000366300366300366,0.922344322344322,0.039010989010989,0.0122710622710623
171273.411807,2541366.126422,0.017968463513018,0.015951595159516,0,0.912174550788412,0.0324532453245325,0.0214521452145215
171773.411807,2541366.126422,0.0778388278388278,0.0582417582417582,0,0.670695970695971,0.0690476190476191,0.124175824175824
172273.411807,2541366.126422,0.210989010989011,0.103113553113553,0.00128205128205128,0.411721611721612,0.117216117216117,0.155677655677656
172773.411807,2541366.126422,0.0575724239090576,0.0586725339200587,0,0.580858085808581,0.105793912724606,0.197103043637697
162773.411807,2540866.126422,0,0,0.947696825105524,0.052303174894476,0,0
163273.411807,2540866.126422,0,0,0.970108197322575,0.0286081056299285,0.00128369704749679,0
163773.411807,2540866.126422,0,0,1,0,0,0
164273.411807,2540866.126422,0.0532207744540283,0.068452927142595,0.382088456597541,0.180583593319875,0.0607450908423564,0.254909157643604
164773.411807,2540866.126422,0.0262240968274344,0.0273244085824317,0.287364753346782,0.473684210526316,0.0247570144874381,0.160645516229598
165273.411807,2540866.126422,0.0723840938244457,0.0428807036833425,0.0174088326919553,0.726772952171523,0.0703683342495877,0.0701850833791461
165773.411807,2540866.126422,0.0546889337493118,0.0458799779776106,0.00256927876674619,0.770783630023858,0.0820334006239677,0.0440447788585061
166273.411807,2540866.126422,0.163763066202091,0.0933431138822666,0.000183385292499542,0.573445809646066,0.0871080139372822,0.0821566110397946
166773.411807,2540866.126422,0.101154480483782,0.0736668499175371,0,0.554150632215503,0.142752428074033,0.128275609309144
167273.411807,2540866.126422,0.039823820884566,0.0183519911910442,0.000367039823820885,0.8506147917049,0.0449623784180584,0.0458799779776106
167773.411807,2540866.126422,0.182835136622043,0.0487804878048781,0,0.145241151659637,0.0894920227397763,0.533651201173666
168273.411807,2540866.126422,0.126076598863845,0.206157229246839,0,0.0207073483599047,0.110500274876306,0.536558548653106
168773.411807,2540866.126422,0.080932281152505,0.0783630023857589,0,0.113415305560653,0.191227748210681,0.536061662690402
169273.411807,2540866.126422,0.0513478818998716,0.0456629378323858,0,0.807262057582982,0.0456629378323858,0.0500641848523748
169773.411807,2540866.126422,0.0406816932380429,0.0397654388858347,0,0.299065420560748,0.107934762690123,0.512552684625252
170273.411807,2540866.126422,0.438245549642136,0.0227564690768948,0.000367039823820885,0.0214718296935217,0.0532207744540283,0.463938337309598
170773.411807,2540866.126422,0.0605171465248487,0.0687694846873281,0.000733541169998166,0.683660370438291,0.0629011553273428,0.123418301852191
171273.411807,2540866.126422,0.0175920835623969,0.0238226131574125,0.000366501740883269,0.906358805204325,0.042147700201576,0.00971229613340663
171773.411807,2540866.126422,0.179298953936502,0.0732244448522665,0,0.507983116168104,0.0893741971003854,0.150119287942742
172273.411807,2540866.126422,0.48798826334128,0.00348432055749129,0,0.0234733174399413,0.0399779937649001,0.445076104896387
172773.411807,2540866.126422,0.068719076415613,0.277258566978193,0.0296866410115448,0.0251053692505039,0.0351841671247938,0.564046179219351
162773.411807,2540366.126422,0,0,0.968807339449541,0.0258715596330275,0.00532110091743119,0
163273.411807,2540366.126422,0,0,0.955237571087874,0.0447624289121262,0,0
164773.411807,2540366.126422,0.125298110438452,0.0731975784259769,0,0.142175747569253,0.148963492937076,0.510365070629242
165273.411807,2540366.126422,0.023992673992674,0.236446886446886,0.041025641025641,0.196886446886447,0.0816849816849817,0.41996336996337
165773.411807,2540366.126422,0.0656880733944954,0.175229357798165,0.110091743119266,0.35394495412844,0.0726605504587156,0.222385321100917
166273.411807,2540366.126422,0.089157952669235,0.0812694918363603,0.0587048248027885,0.500825536598789,0.0922766464868831,0.177765547605944
166773.411807,2540366.126422,0.0946886446886447,0.0620879120879121,0.0128205128205128,0.688461538461538,0.0811355311355311,0.0608058608058608
167273.411807,2540366.126422,0.0207339449541284,0.016697247706422,0.0310091743119266,0.858899082568807,0.0499082568807339,0.0227522935779817
167773.411807,2540366.126422,0.27958172812328,0.0322876536415337,0,0.0348559897266557,0.130985140341222,0.522289488167309
168273.411807,2540366.126422,0.0915750915750916,0.0593406593406593,0,0.108608058608059,0.0514652014652015,0.689010989010989
168773.411807,2540366.126422,0.00165137614678899,0.180733944954128,0,0.137981651376147,0.0977981651376147,0.581834862385321
169273.411807,2540366.126422,0.159053384700055,0.0238488350761328,0,0.0429279031370391,0.0332049165290772,0.740964960557696
169773.411807,2540366.126422,0.129487179487179,0.112271062271062,0,0.25970695970696,0.123626373626374,0.374908424908425
170273.411807,2540366.126422,0.267522935779817,0.0790825688073395,0.0165137614678899,0.208073394495413,0.179082568807339,0.249724770642202
170773.411807,2540366.126422,0.0856723536965694,0.0654925701706109,0.00220143093010457,0.436066776738213,0.0825536598789213,0.328013208585581
171273.411807,2540366.126422,0.036996336996337,0.0318681318681319,0,0.851282051282051,0.0417582417582418,0.0380952380952381
171773.411807,2540366.126422,0.21743119266055,0.0603669724770642,0,0.202935779816514,0.145871559633028,0.373394495412844
172273.411807,2540366.126422,0.115942028985507,0.0458631443771785,0,0.177582095028435,0.169510181618052,0.491102549990827
172773.411807,2540366.126422,0.0842490842490843,0.203663003663004,0.0545787545787546,0.0333333333333333,0.080952380952381,0.543223443223443
164773.411807,2539866.126422,0.0302197802197802,0.0816849816849817,0,0.0672161172161172,0.116117216117216,0.704761904761905
165273.411807,2539866.126422,0.0293362669600293,0.21012101210121,0.0539053905390539,0.218005133846718,0.110927759442611,0.377704437110378
165773.411807,2539866.126422,0.0384615384615385,0.174358974358974,0.0611721611721612,0.427838827838828,0.0952380952380952,0.202930402930403
166273.411807,2539866.126422,0.0580586080586081,0.165567765567766,0.256593406593407,0.233882783882784,0.0518315018315018,0.234065934065934
166773.411807,2539866.126422,0.16024935826916,0.0669233590025669,0.0181518151815182,0.373854052071874,0.068023469013568,0.312797946461313
167273.411807,2539866.126422,0.0956043956043956,0.045970695970696,0,0.449267399267399,0.144139194139194,0.265018315018315
167773.411807,2539866.126422,0.141025641025641,0.0611721611721612,0,0.0327838827838828,0.113186813186813,0.651831501831502
168273.411807,2539866.126422,0.0705903923725706,0.111477814448111,0,0.085991932526586,0.0284195086175284,0.703520352035203
168773.411807,2539866.126422,0.00402930402930403,0.263553113553114,0,0.0712454212454212,0.0481684981684982,0.613003663003663
169273.411807,2539866.126422,0.194139194139194,0.0415750915750916,0,0.201831501831502,0.163919413919414,0.398534798534799
169773.411807,2539866.126422,0.10964429776311,0.0625229189585625,0,0.313714704803814,0.118445177851118,0.395672900623396
170273.411807,2539866.126422,0.208608058608059,0.105494505494505,0.000549450549450549,0.101098901098901,0.106959706959707,0.477289377289377
170773.411807,2539866.126422,0.0818681318681319,0.0468864468864469,0,0.591391941391941,0.138278388278388,0.141575091575092
171273.411807,2539866.126422,0.074990832416575,0.171983865053172,0,0.254675467546755,0.109277594426109,0.389072240557389
171773.411807,2539866.126422,0.321428571428571,0.106227106227106,0,0.0622710622710623,0.115567765567766,0.394505494505494
172273.411807,2539866.126422,0.137545787545788,0.052014652014652,0.000366300366300366,0.184981684981685,0.16043956043956,0.464652014652015
172773.411807,2539866.126422,0.0850751741840851,0.106160616061606,0.00366703337000367,0.127062706270627,0.138063806380638,0.53997066373304
165273.411807,2539366.126422,0.0317024005864028,0.166758292101887,0.100054975261132,0.098772219168041,0.128092358438703,0.474619754443834
165773.411807,2539366.126422,0.0266103872270141,0.247568361167187,0.308129932097633,0.111029546705818,0.0680858873187741,0.238575885483575
166273.411807,2539366.126422,0.105446543187236,0.166697230882083,0.18411883366954,0.129103245919677,0.0988446726572529,0.315789473684211
166773.411807,2539366.126422,0.25453545904343,0.0174088326919553,0,0.0274876305662452,0.0366501740883269,0.663917903610042
167273.411807,2539366.126422,0.218939254909158,0.0433106992108644,0,0.039823820884566,0.124977060011011,0.572949164984401
167773.411807,2539366.126422,0.111131487254722,0.0625343847423437,0,0.0485971025123785,0.116999816614707,0.660737208875848
168273.411807,2539366.126422,0.0628550485614807,0.0388491845336265,0,0.0861279091075683,0.0593732820230896,0.752794575774235
168773.411807,2539366.126422,0.000550559735731327,0.162231602128831,0,0.10790970820334,0.188841989355845,0.540466140576253
169273.411807,2539366.126422,0.242068586099395,0.0429121584448927,0,0.314689161929213,0.123785072437191,0.276545021089309
169773.411807,2539366.126422,0.196994685724757,0.0382994319223016,0,0.446765622136705,0.125893347993403,0.192046912222833
170273.411807,2539366.126422,0.422279317305928,0.022389429253074,0,0.0959809139291613,0.101670031198385,0.357680308313452
170773.411807,2539366.126422,0.424903722721438,0.0165046763249587,0,0.0940766550522648,0.0764716669723088,0.38804327892903
171273.411807,2539366.126422,0.576690489279824,0.0824628916987356,0,0.0797141286421111,0.0729338464357706,0.188198643943559
171773.411807,2539366.126422,0.501192879427418,0.0278950266103872,0,0.00623967700495504,0.0418425399155808,0.422829877041659
172273.411807,2539366.126422,0.0944434256372639,0.0984779020722538,0.000550155877498625,0.180634513112048,0.126719237117183,0.499174766183752
172773.411807,2539366.126422,0.0692688290269379,0.0359171706065604,0,0.184900128275609,0.185633131757376,0.524280740333517
165273.411807,2538866.126422,0.0217948717948718,0.117216117216117,0.0347985347985348,0.093956043956044,0.0866300366300366,0.645604395604396
165773.411807,2538866.126422,0.00752293577981651,0.244954128440367,0.108073394495413,0.180366972477064,0.0704587155963303,0.388623853211009
166273.411807,2538866.126422,0.0421940928270042,0.132085855806274,0.116308934140525,0.205650339387268,0.0449458814896349,0.458814896349294
166773.411807,2538866.126422,0.208974358974359,0.0631868131868132,0,0.0357142857142857,0.150915750915751,0.541208791208791
167273.411807,2538866.126422,0.234128440366972,0.0730275229357798,0,0.0394495412844037,0.0844036697247706,0.568990825688073
167773.411807,2538866.126422,0.155934690882407,0.0785177031737296,0,0.0913593835993396,0.104384516602458,0.569803705742066
168273.411807,2538866.126422,0.0694139194139194,0.0494505494505494,0,0.0705128205128205,0.0412087912087912,0.769413919413919
168773.411807,2538866.126422,0.00146788990825688,0.322201834862385,0,0.109174311926606,0.0856880733944954,0.481467889908257
169273.411807,2538866.126422,0.0860392588515869,0.0783342505962209,0,0.498257200513667,0.112089524857824,0.225279765180701
169773.411807,2538866.126422,0.0505494505494506,0.0463369963369963,0,0.608974358974359,0.178754578754579,0.115384615384615
170273.411807,2538866.126422,0.302935779816514,0.396146788990826,0,0.0188990825688073,0.0306422018348624,0.251376146788991
170773.411807,2538866.126422,0.61199779856907,0.102366538249862,0,0,0,0.285635663181068
171273.411807,2538866.126422,0.59047619047619,0.0157509157509158,0,0,0.0168498168498168,0.376923076923077
171773.411807,2538866.126422,0.295596330275229,0.0447706422018349,0,0,0.0143119266055046,0.645321100917431
172273.411807,2538866.126422,0.0431113557145478,0.195927352779307,0,0,0.0928270042194093,0.668134287286736
172773.411807,2538866.126422,0.0815018315018315,0.118131868131868,0,0.0804029304029304,0.14029304029304,0.57967032967033
165273.411807,2538366.126422,0.0066006600660066,0.0616061606160616,0.0869086908690869,0.174184085075174,0.0837917125045838,0.586908690869087
165773.411807,2538366.126422,0.0269230769230769,0.0882783882783883,0.026007326007326,0.49010989010989,0.0489010989010989,0.31978021978022
166273.411807,2538366.126422,0.166300366300366,0.0783882783882784,0.0221611721611722,0.0494505494505494,0.116666666666667,0.567032967032967
166773.411807,2538366.126422,0.243491015768244,0.0612394572790612,0,0.0227356068940227,0.11037770443711,0.562156215621562
167273.411807,2538366.126422,0.186446886446886,0.0919413919413919,0,0.0582417582417582,0.11959706959707,0.543772893772894
167773.411807,2538366.126422,0.295970695970696,0.060989010989011,0,0.0021978021978022,0.0565934065934066,0.584249084249084
168273.411807,2538366.126422,0.0227356068940227,0.221855518885222,0,0.0760909424275761,0.0407040704070407,0.638613861386139
168773.411807,2538366.126422,0,0.335897435897436,0,0.113553113553114,0.0798534798534798,0.470695970695971
169273.411807,2538366.126422,0.145970695970696,0.0725274725274725,0,0.0331501831501832,0.102380952380952,0.645970695970696
169773.411807,2538366.126422,0.278511184451779,0.100843417675101,0,0.0271360469380271,0.0863586358635864,0.507150715071507
170273.411807,2538366.126422,0.256227106227106,0.0836996336996337,0,0.158424908424908,0.134615384615385,0.367032967032967
170773.411807,2538366.126422,0.248901098901099,0.00238095238095238,0,0,0.0119047619047619,0.736813186813187
171273.411807,2538366.126422,0.558672533920059,0.0055005500550055,0,0.00953428676200953,0.0407040704070407,0.385588558855886
171773.411807,2538366.126422,0.521611721611722,0.0214285714285714,0,0,0.0021978021978022,0.454761904761905
172273.411807,2538366.126422,0.0324175824175824,0.15952380952381,0,0.000915750915750916,0.132783882783883,0.674358974358974
172773.411807,2538366.126422,0.391455812247891,0.083975064173084,0,0.0011001100110011,0.092959295929593,0.43050971763843
165773.411807,2537866.126422,0.0255092677555515,0.167003119838502,0.0154156726004772,0.54340245916682,0.113415305560653,0.135254175077996
166273.411807,2537866.126422,0.137172198789657,0.0605171465248487,0.000366770584999083,0.214010636346965,0.112231799009719,0.475701448743811
166773.411807,2537866.126422,0.24775517683709,0.0617555433388309,0,0.0692688290269379,0.138904159794759,0.482316291002382
167273.411807,2537866.126422,0.228482290328501,0.100935951550743,0,0.0704716461736098,0.171407597724353,0.428702514222793
167773.411807,2537866.126422,0.121034293049697,0.0643682376673391,0,0.0709701081973226,0.152209792774619,0.591417568311021
168273.411807,2537866.126422,0.0452629649990837,0.146967198094191,0,0.0811801356056441,0.0698185816382628,0.656771119662818
168773.411807,2537866.126422,0,0.0475316571848046,0,0.0943292347219673,0.0453294182418792,0.812809689851349
169273.411807,2537866.126422,0.129103245919677,0.0405281496423987,0,0.0075187969924812,0.0918760315422703,0.730973775903173
169773.411807,2537866.126422,0.15924500641378,0.16034451163643,0,0.000916254352208173,0.0320689023272861,0.647425325270295
170273.411807,2537866.126422,0.156909524683428,0.079647641769132,0,0.0288126261699394,0.147733529087906,0.586896678289594
170773.411807,2537866.126422,0.29194938565927,0.0656519347148359,0,0.00788556757748029,0.145424536952136,0.489088575096277
171273.411807,2537866.126422,0.345794392523364,0.0875939160711013,0.013560564412681,0.0831958951805021,0.308411214953271,0.16144401685908
171773.411807,2537866.126422,0.231418608919068,0.133418975958892,0.00110111947146265,0.0275279867865663,0.268673151036887,0.337860157827124
172273.411807,2537866.126422,0.125252154777187,0.0544654318723638,0.000366770584999083,0.0403447643498991,0.307353750229232,0.472217128186319
172773.411807,2537866.126422,0.0824628916987356,0.09529045262965,0,0.188198643943559,0.229979842404251,0.404068169323804
165773.411807,2537366.126422,0.0513761467889908,0.419816513761468,0.0018348623853211,0.191192660550459,0.0596330275229358,0.276146788990826
166273.411807,2537366.126422,0.11704274445056,0.110621904237755,0.00146762062006971,0.223078334250596,0.115024766097964,0.432764630343056
166773.411807,2537366.126422,0.146886446886447,0.113736263736264,0.00347985347985348,0.173809523809524,0.150915750915751,0.411172161172161
167273.411807,2537366.126422,0.135412844036697,0.134128440366972,0,0.0513761467889908,0.131009174311927,0.548073394495413
167773.411807,2537366.126422,0.0897083104017612,0.0829205650339387,0,0.00550357732526142,0.09557879288204,0.726288754356999
168273.411807,2537366.126422,0.0399267399267399,0.108241758241758,0,0.0591575091575092,0.0690476190476191,0.723626373626374
168773.411807,2537366.126422,0.00440366972477064,0.248990825688073,0,0.14954128440367,0.107706422018349,0.489357798165138
169273.411807,2537366.126422,0.209319390937443,0.0315538433314988,0,0.0332049165290772,0.0559530361401578,0.669968813061824
169773.411807,2537366.126422,0.251282051282051,0.0877289377289377,0,0.000915750915750916,0.0173992673992674,0.642673992673993
170273.411807,2537366.126422,0.220183486238532,0.146605504587156,0.0376146788990826,0.0341284403669725,0.122385321100917,0.439082568807339
170773.411807,2537366.126422,0.256099798202165,0.0504494588148963,0.00550357732526142,0.109704641350211,0.195193542469272,0.383048981838195
171273.411807,2537366.126422,0.395604395604396,0.0679487179487179,0.00787545787545788,0.10989010989011,0.11043956043956,0.308241758241758
171773.411807,2537366.126422,0.224220183486239,0.0759633027522936,0,0.0842201834862385,0.131743119266055,0.483853211009174
172273.411807,2537366.126422,0.0823702073014126,0.0667767382131719,0,0.0306365804439552,0.295909007521556,0.524307466519905
172773.411807,2537366.126422,0.0534798534798535,0.0305860805860806,0,0.460989010989011,0.21978021978022,0.235164835164835
165773.411807,2536866.126422,0.0467032967032967,0.0816849816849817,0.000549450549450549,0.518315018315018,0.126373626373626,0.226373626373626
166273.411807,2536866.126422,0.0582417582417582,0.152197802197802,0.00531135531135531,0.257692307692308,0.106776556776557,0.41978021978022
166773.411807,2536866.126422,0.0960762742940961,0.114411441144114,0.0088008800880088,0.216721672167217,0.186468646864686,0.377521085441878
167273.411807,2536866.126422,0.154029304029304,0.156959706959707,0,0.0586080586080586,0.0695970695970696,0.560805860805861
167773.411807,2536866.126422,0.060989010989011,0.147985347985348,0.0538461538461538,0.15970695970696,0.119047619047619,0.458424908424908
168273.411807,2536866.126422,0.0463879721305464,0.156032269893656,0.0559222588925559,0.0843417675100843,0.0594059405940594,0.597909790979098
168773.411807,2536866.126422,0.0258241758241758,0.166849816849817,0.0965201465201465,0.0893772893772894,0.0423076923076923,0.579120879120879
169273.411807,2536866.126422,0.0915750915750916,0.199450549450549,0.0875457875457875,0.28974358974359,0.121794871794872,0.20989010989011
169773.411807,2536866.126422,0.314448111477814,0.10964429776311,0.0517051705170517,0.0421708837550422,0.055005500550055,0.427026035936927
170273.411807,2536866.126422,0.342124542124542,0.0263736263736264,0.00531135531135531,0.0380952380952381,0.136080586080586,0.452014652014652
170773.411807,2536866.126422,0.286996336996337,0.0417582417582418,0.0505494505494506,0.217948717948718,0.126923076923077,0.275824175824176
171273.411807,2536866.126422,0.0649064906490649,0.134396773010634,0.122478914558122,0.206637330399707,0.173267326732673,0.298313164649798
171773.411807,2536866.126422,0.0384615384615385,0.126739926739927,0.147802197802198,0.178205128205128,0.183882783882784,0.324908424908425
172273.411807,2536866.126422,0.0952380952380952,0.218864468864469,0,0,0.00238095238095238,0.683516483516484
172773.411807,2536866.126422,0.0194352768610194,0.0214521452145215,0,0.697469746974697,0.12962962962963,0.132013201320132
165773.411807,2536366.126422,0.0835015599192512,0.0928610754266838,0.0271609469627455,0.376949899064048,0.14094329234722,0.278583226280051
166273.411807,2536366.126422,0.0170548322024574,0.0187052998349532,0.000366770584999083,0.856776086557858,0.0920594168347699,0.0150375939849624
166773.411807,2536366.126422,0.0883269195528679,0.119662818398387,0.00696353307678211,0.358255451713396,0.158328752061572,0.268462525196995
167273.411807,2536366.126422,0.13286841622316,0.158377683978712,0.0447788585061479,0.33620847861993,0.111396586529638,0.216369976142411
167773.411807,2536366.126422,0.0588666788923528,0.337979094076655,0.126169081239685,0.214377406931964,0.0902255639097744,0.172382174949569
168273.411807,2536366.126422,0.0428807036833425,0.311526479750779,0.0370166758292102,0.0853949056258017,0.0903426791277259,0.432838555983141
168773.411807,2536366.126422,0.0824004404477886,0.0994677922554597,0.028629106258029,0.112681225913012,0.110478986970086,0.566342448155625
169273.411807,2536366.126422,0.0194388410049514,0.134971575279663,0.227397762699432,0.458830001833853,0.0920594168347699,0.0673024023473317
169773.411807,2536366.126422,0.103719992669965,0.133589884551952,0.178852849551035,0.242807403335166,0.104086494410848,0.236943375481034
170273.411807,2536366.126422,0.0923105156909525,0.138557533492384,0.0297302257294917,0.371811341530556,0.136171774637548,0.231418608919068
