"x","y","forest","agri","water","built","other","grass"
251773.411807,2765366.126422,0.0798018712162906,0.0829205650339387,0.453861676756558,0.348559897266557,0.011557512383049,0.0232984773436067
252273.411807,2765366.126422,0.341941391941392,0.161721611721612,0.0340659340659341,0.0639194139194139,0.0360805860805861,0.362271062271062
252773.411807,2765366.126422,0.150825688073394,0.216697247706422,0,0.0141284403669725,0.0315596330275229,0.586788990825688
253273.411807,2765366.126422,0.175013758943313,0.087873784626674,0.142359200146762,0.0302696752889378,0.0632911392405063,0.501192441753807
253773.411807,2765366.126422,0.151465201465201,0.442857142857143,0,0.015018315018315,0.0443223443223443,0.346336996336996
254273.411807,2765366.126422,0.0236697247706422,0.596330275229358,0,0.0313761467889908,0.0458715596330275,0.302752293577982
254773.411807,2765366.126422,0.0521005320124748,0.600073381031003,0,0.00605393505778756,0.026967528893781,0.314804623004953
255273.411807,2765366.126422,0.0230769230769231,0.239010989010989,0.453663003663004,0.00989010989010989,0.019047619047619,0.255311355311355
255773.411807,2765366.126422,0.0658715596330275,0.314678899082569,0.0328440366972477,0.00458715596330275,0.0302752293577982,0.551743119266055
256273.411807,2765366.126422,0.0544854155200881,0.414969730324711,0,0.0159603742432581,0.0299027701339204,0.484681709778022
256773.411807,2765366.126422,0.0516483516483516,0.518131868131868,0,0.0278388278388278,0.0344322344322344,0.367948717948718
257273.411807,2765366.126422,0.102935779816514,0.188990825688073,0.20605504587156,0.00678899082568807,0.0343119266055046,0.460917431192661
257773.411807,2765366.126422,0.0733810310034856,0.240689781691433,0,0.0249495505411851,0.0473307649972482,0.613648871766648
258273.411807,2765366.126422,0.102930402930403,0.218131868131868,0.121611721611722,0.0120879120879121,0.0393772893772894,0.505860805860806
258773.411807,2765366.126422,0.0812844036697248,0.261100917431193,0.104587155963303,0.0458715596330275,0.0818348623853211,0.425321100917431
259273.411807,2765366.126422,0.0572372041827188,0.427627958172812,0.00238488350761328,0.110071546505228,0.0909924784443221,0.311685929187305
259773.411807,2765366.126422,0.0635531135531135,0.513186813186813,0.0446886446886447,0.00787545787545788,0.026007326007326,0.344688644688645
260273.411807,2765366.126422,0.0988990825688073,0.278532110091743,0.21743119266055,0.0141284403669725,0.0576146788990826,0.333394495412844
260773.411807,2765366.126422,0.0944780774169877,0.338836910658595,0.00110071546505228,0.0509998165474225,0.0361401577692167,0.478444322142726
261273.411807,2765366.126422,0.091025641025641,0.440842490842491,0,0.0206959706959707,0.0697802197802198,0.377655677655678
261773.411807,2765366.126422,0.0511926605504587,0.331926605504587,0,0.0851376146788991,0.116880733944954,0.414862385321101
262273.411807,2765366.126422,0.080168776371308,0.0886075949367089,0,0.0753990093560815,0.160521005320125,0.595303614015777
251773.411807,2764866.126422,0.233516483516484,0.0424908424908425,0.125457875457875,0.261172161172161,0.0798534798534798,0.257509157509157
252273.411807,2764866.126422,0.124129079574624,0.224239090575724,0.00183351668500183,0.119361936193619,0.0491382471580491,0.481298129812981
252773.411807,2764866.126422,0.10952380952381,0.178754578754579,0,0.101465201465201,0.11978021978022,0.49047619047619
253273.411807,2764866.126422,0.032051282051282,0.112087912087912,0.332967032967033,0.0371794871794872,0.0725274725274725,0.413186813186813
253773.411807,2764866.126422,0.108177484415108,0.358819215254859,0,0.0174184085075174,0.0368536853685369,0.478731206453979
254273.411807,2764866.126422,0.169047619047619,0.244322344322344,0.145054945054945,0.00421245421245421,0.0241758241758242,0.413186813186813
254773.411807,2764866.126422,0.0602564102564103,0.513003663003663,0.000549450549450549,0.00732600732600733,0.0203296703296703,0.398534798534799
255273.411807,2764866.126422,0.0645397873120645,0.410707737440411,0,0.0308030803080308,0.0401540154015402,0.453795379537954
255773.411807,2764866.126422,0.0582417582417582,0.285347985347985,0.241208791208791,0.010989010989011,0.0302197802197802,0.373992673992674
256273.411807,2764866.126422,0.0703296703296703,0.433516483516484,0,0.0141025641025641,0.0296703296703297,0.452380952380952
256773.411807,2764866.126422,0.0694902823615695,0.449028236156949,0,0.0361202786945361,0.0473047304730473,0.398056472313898
257273.411807,2764866.126422,0.0461538461538462,0.343772893772894,0.274908424908425,0.0183150183150183,0.0417582417582418,0.275091575091575
257773.411807,2764866.126422,0.151831501831502,0.311172161172161,0,0.0148351648351648,0.0644688644688645,0.457692307692308
258273.411807,2764866.126422,0.0218188485515218,0.37037037037037,0.115328199486615,0.0177851118445178,0.0447378071140447,0.42995966263293
258773.411807,2764866.126422,0.114835164835165,0.455494505494505,0,0.000915750915750916,0.0188644688644689,0.40989010989011
259273.411807,2764866.126422,0.0386446886446886,0.644688644688645,0,0.0157509157509158,0.034981684981685,0.265934065934066
259773.411807,2764866.126422,0.0671067106710671,0.370737073707371,0,0.0784745141180785,0.0801246791345801,0.403557022368904
260273.411807,2764866.126422,0.0655677655677656,0.360805860805861,0,0.15970695970696,0.117582417582418,0.296336996336996
260773.411807,2764866.126422,0.0514652014652015,0.317948717948718,0,0.0355311355311355,0.0620879120879121,0.532967032967033
261273.411807,2764866.126422,0.083975064173084,0.363219655298863,0,0.0955262192885955,0.094976164283095,0.362302896956362
261773.411807,2764866.126422,0.0428571428571429,0.468498168498168,0,0.0749084249084249,0.0556776556776557,0.358058608058608
262273.411807,2764866.126422,0.0525641025641026,0.387912087912088,0,0.0835164835164835,0.107509157509158,0.368498168498169
251273.411807,2764366.126422,0,0.000550559735731327,0.216737015966232,0.776472747293081,0.00623967700495504,0
251773.411807,2764366.126422,0.107097010819732,0.0544654318723638,0.0700531817348249,0.448743810746378,0.111131487254722,0.208509077571979
252273.411807,2764366.126422,0.189664650907092,0.0639545537841305,0.0161260765988638,0.114531794026022,0.110683525746747,0.505039398937145
252773.411807,2764366.126422,0.084235639566893,0.100201871903101,0.0165167920719398,0.332721600293632,0.134703615342265,0.331620480822169
253273.411807,2764366.126422,0.101595452044746,0.0533651201173666,0.00165046763249587,0.336878782321658,0.128919860627178,0.377590317256556
253773.411807,2764366.126422,0.111599780098955,0.123144584936778,0,0.0388491845336265,0.072200842954004,0.654205607476635
254273.411807,2764366.126422,0.14112681225913,0.218755734997247,0,0.0950633143696091,0.169572398605249,0.375481739768765
254773.411807,2764366.126422,0.117366587199707,0.262974509444343,0,0.130937098844673,0.159545204474601,0.329176600036677
255273.411807,2764366.126422,0.0318856514568444,0.478834524463991,0,0.0388491845336265,0.0492944841487997,0.401136155396738
255773.411807,2764366.126422,0.0576252523398789,0.378601578271242,0,0.00605615709304459,0.0570746926041475,0.500642319691687
256273.411807,2764366.126422,0.0689528699798276,0.375389693746562,0.0267742527049331,0.00953603520997616,0.0441958554923895,0.475151292866312
256773.411807,2764366.126422,0.0613890415979476,0.274143302180685,0.322704782847719,0.00183250870441635,0.0371999266996518,0.30273043796958
257273.411807,2764366.126422,0.0701046063497889,0.438612589465957,0.130482657368324,0.0311983850247752,0.0447788585061479,0.284822903285006
257773.411807,2764366.126422,0.0718870346598203,0.37997432605905,0,0.0161379057399597,0.0460297084173849,0.485971025123785
258273.411807,2764366.126422,0.0441634597764339,0.492761590617555,0,0.0247388675096207,0.0502107385010079,0.388125343595382
258773.411807,2764366.126422,0.102587630757937,0.414571481005689,0.000367039823820885,0.0278950266103872,0.0467975775371628,0.407781244265003
259273.411807,2764366.126422,0.0550155877498625,0.428571428571429,0,0.0269576379974326,0.0441958554923895,0.445259490188887
259773.411807,2764366.126422,0.043613707165109,0.373648524830493,0,0.042147700201576,0.0549752611324904,0.485614806670332
260273.411807,2764366.126422,0.0367039823820885,0.454028262066434,0,0.0436777390346853,0.0679023674068636,0.397687649109928
260773.411807,2764366.126422,0.0819732257472951,0.218595268659454,0.000366770584999083,0.354483770401614,0.142306986979644,0.202273977626994
261273.411807,2764366.126422,0.0780648708081363,0.257467472970497,0.0780648708081363,0.110683525746747,0.0824628916987356,0.393256367967748
261773.411807,2764366.126422,0.0559735731326849,0.388878693338227,0.121123141860892,0.0436777390346853,0.0611121306661773,0.329234721967333
262273.411807,2764366.126422,0.0469466348798826,0.143040528149642,0.211443242251971,0.0790390610673024,0.104713002017238,0.414817531633963
251273.411807,2763866.126422,0,0.00697247706422018,0.411376146788991,0.581651376146789,0,0
251773.411807,2763866.126422,0.26820766831774,0.0297193175564117,0.0654925701706109,0.175747569253348,0.123096679508347,0.337736195193542
252273.411807,2763866.126422,0.184981684981685,0.0857142857142857,0.00641025641025641,0.0855311355311355,0.106043956043956,0.531318681318681
252773.411807,2763866.126422,0.0787155963302752,0.0801834862385321,0,0.285137614678899,0.132844036697248,0.423119266055046
253273.411807,2763866.126422,0.118326912493121,0.151715281599706,0,0.0913593835993396,0.0816363969913777,0.556962025316456
253773.411807,2763866.126422,0.0683150183150183,0.176190476190476,0.00586080586080586,0.397619047619048,0.095970695970696,0.256043956043956
254273.411807,2763866.126422,0.0499082568807339,0.367889908256881,0.00073394495412844,0.287155963302752,0.0724770642201835,0.221834862385321
254773.411807,2763866.126422,0.0537516052100532,0.491652907723354,0,0.0135754907356448,0.0288020546688681,0.41221794166208
255273.411807,2763866.126422,0.0705128205128205,0.497802197802198,0,0.0558608058608059,0.0490842490842491,0.326739926739927
255773.411807,2763866.126422,0.0438532110091743,0.510091743119266,0,0.0231192660550459,0.0697247706422018,0.353211009174312
256273.411807,2763866.126422,0.0482480278847918,0.459915611814346,0,0.0214639515685195,0.0794349660612732,0.39093744267107
256773.411807,2763866.126422,0.0728937728937729,0.303479853479853,0,0.00256410256410256,0.0624542124542125,0.558608058608059
257273.411807,2763866.126422,0.0390825688073395,0.599266055045872,0,0.0445871559633028,0.0319266055045872,0.285137614678899
257773.411807,2763866.126422,0.0651256650155935,0.436617134470739,0.028251696936342,0.0693450742982939,0.0590717299578059,0.341588699321225
258273.411807,2763866.126422,0.0785714285714286,0.415750915750916,0,0.0445054945054945,0.0963369963369963,0.364835164835165
258773.411807,2763866.126422,0.0899082568807339,0.418899082568807,0,0.0319266055045872,0.0710091743119266,0.388256880733945
259273.411807,2763866.126422,0.0616400660429279,0.210603558980004,0.335901669418455,0.021830856723537,0.0530177949000183,0.317006053935058
259773.411807,2763866.126422,0.0985347985347985,0.166849816849817,0.197802197802198,0.0404761904761905,0.0721611721611722,0.424175824175824
260273.411807,2763866.126422,0.0510091743119266,0.352293577981651,0.00422018348623853,0.00678899082568807,0.0359633027522936,0.549724770642202
260773.411807,2763866.126422,0.067327095945698,0.203448908457164,0.00898917629792699,0.291139240506329,0.176297926985874,0.252797651807008
261273.411807,2763866.126422,0.0701465201465201,0.337545787545788,0.285347985347985,0.00531135531135531,0.0428571428571429,0.258791208791209
261773.411807,2763866.126422,0.053394495412844,0.351559633027523,0.228256880733945,0.0247706422018349,0.0434862385321101,0.298532110091743
262273.411807,2763866.126422,0.0557695835626491,0.356815263254449,0.000183452577508714,0.166024582645386,0.147679324894515,0.273527793065493
251773.411807,2763366.126422,0.220879120879121,0.155860805860806,0.0282051282051282,0.097985347985348,0.0886446886446886,0.408424908424908
252273.411807,2763366.126422,0.0606894022735607,0.464979831316465,0,0.00183351668500183,0.0322698936560323,0.44022735606894
252773.411807,2763366.126422,0.0915750915750916,0.315934065934066,0,0.0141025641025641,0.10970695970696,0.468681318681319
253273.411807,2763366.126422,0.0617216117216117,0.485714285714286,0,0.000366300366300366,0.0201465201465201,0.432051282051282
253773.411807,2763366.126422,0.0561056105610561,0.297946461312798,0.00421708837550422,0.0188852218555189,0.0291529152915292,0.593692702603594
254273.411807,2763366.126422,0.0758241758241758,0.132051282051282,0,0.333516483516483,0.065018315018315,0.393589743589744
254773.411807,2763366.126422,0.120512820512821,0.104578754578755,0.0221611721611722,0.0032967032967033,0.0468864468864469,0.702564102564103
255273.411807,2763366.126422,0.0654565456545655,0.35955262192886,0.00348368170150348,0.00788412174550788,0.0234690135680235,0.54015401540154
255773.411807,2763366.126422,0.0553113553113553,0.503113553113553,0,0.0142857142857143,0.0316849816849817,0.395604395604396
256273.411807,2763366.126422,0.0478021978021978,0.498168498168498,0.00238095238095238,0.00879120879120879,0.0443223443223443,0.398534798534799
256773.411807,2763366.126422,0.0788412174550788,0.433076640997433,0,0.0011001100110011,0.0176017601760176,0.469380271360469
257273.411807,2763366.126422,0.105677655677656,0.33040293040293,0,0.0847985347985348,0.108058608058608,0.371062271062271
257773.411807,2763366.126422,0.0750915750915751,0.196153846153846,0.334065934065934,0.0712454212454212,0.0851648351648352,0.238278388278388
258273.411807,2763366.126422,0.0795746241290796,0.437477081041437,0,0.0977264393105977,0.0731573157315732,0.312064539787312
258773.411807,2763366.126422,0.115201465201465,0.313186813186813,0,0.0294871794871795,0.0406593406593407,0.501465201465201
259273.411807,2763366.126422,0.104395604395604,0.234798534798535,0.100549450549451,0.0181318681318681,0.0730769230769231,0.469047619047619
259773.411807,2763366.126422,0.0632563256325633,0.353685368536854,0,0.0238357169050238,0.0834250091675834,0.475797579757976
260273.411807,2763366.126422,0.0785714285714286,0.454945054945055,0,0.00347985347985348,0.0404761904761905,0.422527472527473
260773.411807,2763366.126422,0.0847985347985348,0.0974358974358974,0.00146520146520147,0.108058608058608,0.136630036630037,0.571611721611722
261273.411807,2763366.126422,0.0814081408140814,0.31004767143381,0,0.00403373670700403,0.0436376971030436,0.560872753942061
261773.411807,2763366.126422,0.118498168498168,0.291941391941392,0.0721611721611722,0.0377289377289377,0.0844322344322344,0.395238095238095
262273.411807,2763366.126422,0.0342490842490843,0.346520146520147,0.261721611721612,0.0305860805860806,0.0315018315018315,0.295421245421245
251273.411807,2762866.126422,0.0299137456414021,0.00422095797394017,0.263901633327216,0.620480822169205,0.0168838318957607,0.0645990089924757
251773.411807,2762866.126422,0.0979277461947552,0.243535668439391,0.00146708233999633,0.0913258756647717,0.0847240051347882,0.481019622226297
252273.411807,2762866.126422,0.0632215503023639,0.446582371266263,0.0141103170240059,0.00806303829943192,0.0520432472054242,0.415979475902511
252773.411807,2762866.126422,0.0794641218572215,0.337309598091393,0.0475316571848046,0.0322995044962378,0.137639933932832,0.365755184437511
253273.411807,2762866.126422,0.177150192554557,0.276728406381808,0,0.0157711351549606,0.0634513112048414,0.466898954703833
253773.411807,2762866.126422,0.0929081913139087,0.493494594099322,0,0.00696353307678211,0.0120945574491479,0.394539124060839
254273.411807,2762866.126422,0.113965865296385,0.372728941090108,0.000550559735731327,0.0216553496054322,0.0592769315470729,0.431822352725271
254773.411807,2762866.126422,0.0718870346598203,0.233816247936915,0.0124701998899688,0.00825233816247937,0.0242068586099395,0.649367320740877
255273.411807,2762866.126422,0.122778083195895,0.353857430822796,0.000366501740883269,0.0342679127725857,0.0529595015576324,0.435770569910207
255773.411807,2762866.126422,0.085887318774087,0.344833914479721,0.00623967700495504,0.00642319691686548,0.0233070288126262,0.533308864011745
256273.411807,2762866.126422,0.0858243168897854,0.377590317256556,0.00110031175499725,0.010819732257473,0.0405281496423987,0.48413717219879
256773.411807,2762866.126422,0.0621220450797141,0.381894814000367,0.017042330951072,0.0185083379146051,0.0414146967198094,0.479017775334433
257273.411807,2762866.126422,0.0451458983299688,0.356028629106258,0,0.0504679757753716,0.0480822169205359,0.500275279867866
257773.411807,2762866.126422,0.0592334494773519,0.392811296534018,0,0.0194388410049514,0.0441958554923895,0.484320557491289
258273.411807,2762866.126422,0.125160344511636,0.370899761773868,0,0.0621220450797141,0.105735752244823,0.336082096389958
258773.411807,2762866.126422,0.115617544503579,0.386859974307212,0,0.0666177280234905,0.0601945311066251,0.370710222059093
259273.411807,2762866.126422,0.0814230698697964,0.371721987896571,0,0.122134604804695,0.0867412433522831,0.337979094076655
259773.411807,2762866.126422,0.0914421843503757,0.114531794026022,0,0.199010445299615,0.11324903793293,0.481766538391057
260273.411807,2762866.126422,0.073040924940356,0.0185355111029547,0,0.550926775555148,0.152138006973757,0.205358781427785
260773.411807,2762866.126422,0.0682193288098294,0.0240234733174399,0,0.531633962956171,0.128553090042179,0.247570144874381
261273.411807,2762866.126422,0.0689023272860546,0.253069452079897,0,0.0388491845336265,0.0432472054242258,0.595931830676196
261773.411807,2762866.126422,0.0543218939254909,0.365938704349422,0,0.0310148651128647,0.0759772435309231,0.472747293081299
262273.411807,2762866.126422,0.0198056115899505,0.186136071887035,0.247019988996882,0.0372272143774069,0.0649183935448377,0.444892719603888
251273.411807,2762366.126422,0.327889908256881,0.0229357798165138,0.182201834862385,0.0845871559633028,0.0667889908256881,0.315596330275229
251773.411807,2762366.126422,0.0809025866813429,0.184553292973766,0,0.0926435516419006,0.1284168042561,0.51348376444689
252273.411807,2762366.126422,0.0668498168498168,0.266300366300366,0,0.0553113553113553,0.0783882783882784,0.533150183150183
252773.411807,2762366.126422,0.0442201834862385,0.461100917431193,0.00036697247706422,0.000917431192660551,0.0174311926605505,0.475963302752294
253273.411807,2762366.126422,0.0920931939093744,0.508897450009173,0,0.000183452577508714,0.00990643918547056,0.388919464318474
253773.411807,2762366.126422,0.078021978021978,0.357326007326007,0.225641025641026,0.00183150183150183,0.0338827838827839,0.303296703296703
254273.411807,2762366.126422,0.0462385321100917,0.33394495412844,0.296880733944954,0.00917431192660551,0.0339449541284404,0.279816513761468
254773.411807,2762366.126422,0.0374243258117777,0.0842047330764997,0.00532012474775271,0.0612731608879105,0.105668684645019,0.70610897083104
255273.411807,2762366.126422,0.0721611721611722,0.274175824175824,0.0913919413919414,0.0483516483516484,0.0880952380952381,0.425824175824176
255773.411807,2762366.126422,0.0622018348623853,0.376697247706422,0,0.00660550458715596,0.0306422018348624,0.523853211009174
256273.411807,2762366.126422,0.0831040176114474,0.451476793248945,0,0.00476976701522656,0.0216474041460283,0.439002017978353
256773.411807,2762366.126422,0.0673992673992674,0.312820512820513,0.0913919413919414,0.184249084249084,0.0523809523809524,0.291758241758242
257273.411807,2762366.126422,0.103119266055046,0.244587155963303,0,0.104220183486239,0.108440366972477,0.439633027522936
257773.411807,2762366.126422,0.0642084021280499,0.30673270959457,0.0183452577508714,0.0366905155017428,0.0370574206567602,0.536965694368006
258273.411807,2762366.126422,0.0771062271062271,0.32032967032967,0.000915750915750916,0.021978021978022,0.0468864468864469,0.532783882783883
258773.411807,2762366.126422,0.119633027522936,0.194311926605505,0.00201834862385321,0.1,0.0770642201834862,0.50697247706422
259273.411807,2762366.126422,0.0783342505962209,0.274628508530545,0.0232984773436067,0.0196294257934324,0.0431113557145478,0.560997982021647
259773.411807,2762366.126422,0.0681318681318681,0.147985347985348,0.370512820512821,0.175457875457875,0.0507326007326007,0.187179487179487
260273.411807,2762366.126422,0.110642201834862,0.168990825688073,0,0.317614678899083,0.128623853211009,0.274128440366972
260773.411807,2762366.126422,0.0715465052283985,0.159603742432581,0.20399926618969,0.113740598055403,0.136672170243992,0.314437717849936
261273.411807,2762366.126422,0.144871794871795,0.256959706959707,0,0.111538461538462,0.113369963369963,0.373260073260073
261773.411807,2762366.126422,0.0719266055045872,0.137064220183486,0.00036697247706422,0.391926605504587,0.124954128440367,0.273761467889908
262273.411807,2762366.126422,0.085305448541552,0.239222161071363,0.0798018712162906,0.213538800220143,0.114474408365438,0.267657310585214
250773.411807,2761866.126422,0.270993766043271,0.0825082508250825,0.177851118445178,0.121012101210121,0.0282361569490282,0.319398606527319
251273.411807,2761866.126422,0.0554945054945055,0.10018315018315,0,0.0461538461538462,0.0364468864468864,0.761721611721612
251773.411807,2761866.126422,0.150549450549451,0.259340659340659,0,0.0287545787545788,0.0545787545787546,0.506776556776557
252273.411807,2761866.126422,0.0803080308030803,0.236340300696736,0,0.0319031903190319,0.0496883021635497,0.601760176017602
252773.411807,2761866.126422,0.0487179487179487,0.181501831501831,0.342673992673993,0.000549450549450549,0.0100732600732601,0.416483516483517
253273.411807,2761866.126422,0.0531135531135531,0.407509157509158,0,0.0333333333333333,0.0393772893772894,0.466666666666667
253773.411807,2761866.126422,0.0484048404840484,0.420975430876421,0,0.0144847818115145,0.0363036303630363,0.47983131646498
254273.411807,2761866.126422,0.0710622710622711,0.458791208791209,0,0.010989010989011,0.0498168498168498,0.409340659340659
254773.411807,2761866.126422,0.0278388278388278,0.477289377289377,0.00860805860805861,0.0397435897435897,0.0957875457875458,0.350732600732601
255273.411807,2761866.126422,0.0759075907590759,0.455445544554455,0.0726072607260726,0.0392372570590392,0.0535386872020535,0.303263659699303
255773.411807,2761866.126422,0.023992673992674,0.587179487179487,0.000732600732600733,0.0487179487179487,0.0600732600732601,0.279304029304029
256273.411807,2761866.126422,0.0529304029304029,0.491391941391941,0,0.0296703296703297,0.0406593406593407,0.385347985347985
256773.411807,2761866.126422,0.0922258892555922,0.372203887055372,0,0.0183351668500183,0.0397873120645398,0.477447744774477
257273.411807,2761866.126422,0.0571428571428571,0.298168498168498,0,0.00567765567765568,0.0283882783882784,0.610622710622711
257773.411807,2761866.126422,0.127655677655678,0.338827838827839,0,0.00604395604395604,0.0287545787545788,0.498717948717949
258273.411807,2761866.126422,0.0964429776310964,0.213788045471214,0.106527319398607,0.00495049504950495,0.0315364869820315,0.546754675467547
258773.411807,2761866.126422,0.104029304029304,0.159157509157509,0.015018315018315,0.0615384615384615,0.0705128205128205,0.58974358974359
259273.411807,2761866.126422,0.119047619047619,0.0743589743589744,0.00183150183150183,0.34047619047619,0.0915750915750916,0.372710622710623
259773.411807,2761866.126422,0.094976164283095,0.208287495416208,0,0.185551888522186,0.137147048038137,0.374037403740374
260273.411807,2761866.126422,0.076007326007326,0.263003663003663,0,0.0126373626373626,0.0710622710622711,0.577289377289377
260773.411807,2761866.126422,0.0743589743589744,0.286630036630037,0,0.0164835164835165,0.03003663003663,0.592490842490842
261273.411807,2761866.126422,0.0621562156215622,0.317565089842318,0.0801246791345801,0.0601393472680601,0.070957095709571,0.409057572423909
261773.411807,2761866.126422,0.0666666666666667,0.371978021978022,0.204945054945055,0.00842490842490842,0.0221611721611722,0.325824175824176
262273.411807,2761866.126422,0.0600732600732601,0.378937728937729,0.0908424908424908,0.0249084249084249,0.0529304029304029,0.392307692307692
250773.411807,2761366.126422,0.0404984423676012,0.248121678577973,0.000183250870441635,0.0370166758292102,0.0236393622869709,0.650540590067803
251273.411807,2761366.126422,0.0816663608001468,0.267572031565425,0,0.0559735731326849,0.0899247568361167,0.504863277665627
251773.411807,2761366.126422,0.136438657619659,0.202273977626994,0.126169081239685,0.00201723821749496,0.0456629378323858,0.487438107463781
252273.411807,2761366.126422,0.0434304562946674,0.17830309693971,0,0.00311526479750779,0.0562580172255818,0.718893164742533
252773.411807,2761366.126422,0.104789869700863,0.198752064599009,0,0.011194714626537,0.0596439713708937,0.625619379702698
253273.411807,2761366.126422,0.0656519347148359,0.148908857509628,0,0.0130203557674674,0.0495140289748762,0.722904823033193
253773.411807,2761366.126422,0.0670698185816383,0.300531427524281,0,0.089792926516401,0.0775151181968114,0.465090709180869
254273.411807,2761366.126422,0.0570746926041475,0.325747843641035,0,0.058909891723252,0.0919434758671316,0.466324096164434
254773.411807,2761366.126422,0.0471300201723822,0.477902072253805,0.129103245919677,0.0260407115349349,0.0407115349348982,0.279112415184302
255273.411807,2761366.126422,0.0599230346344145,0.456111416529228,0.000733003481766538,0.0130108118013561,0.10207073483599,0.368150998717244
255773.411807,2761366.126422,0.0359699027344467,0.386309414571481,0.0504679757753716,0.00770783630023858,0.0291796659937603,0.490365204624702
256273.411807,2761366.126422,0.0196222262974509,0.448377040161379,0.152209792774619,0,0.00843572345497891,0.371355217311572
256773.411807,2761366.126422,0.051676745464541,0.512735935495694,0,0.0120945574491479,0.0240058640278541,0.399486897562763
257273.411807,2761366.126422,0.0545054138374014,0.330152321526886,0,0.0205542301339695,0.0288126261699394,0.565975408331804
257773.411807,2761366.126422,0.0911424903722722,0.271777003484321,0.0827067669172932,0.010819732257473,0.0713368787823217,0.472217128186319
258273.411807,2761366.126422,0.0580905259299982,0.359721458676929,0,0.0339014110317024,0.0580905259299982,0.490196078431373
258773.411807,2761366.126422,0.0545054138374014,0.26151587447238,0.0732244448522665,0.089190677188475,0.0851532391264452,0.436410350523032
259273.411807,2761366.126422,0.102145607922245,0.165780304419586,0.00330093526499175,0.216578030441959,0.109664404914726,0.402530717036494
259773.411807,2761366.126422,0.116364302730438,0.12112882536192,0.009529045262965,0.101887483965549,0.101520982224666,0.549569360454462
260273.411807,2761366.126422,0.0974490732244448,0.31547072857405,0,0.123508900715728,0.085887318774087,0.37768397871169
260773.411807,2761366.126422,0.0803227581147992,0.317439941316706,0,0.0146708233999633,0.0583165230148542,0.529249954153677
261273.411807,2761366.126422,0.0637713029136888,0.0976727139453912,0.000183250870441635,0.520432472054242,0.0454462158695254,0.272494044346711
261773.411807,2761366.126422,0.118737383006056,0.177096714993577,0.00550559735731327,0.198568544687099,0.163516241512204,0.336575518443751
262273.411807,2761366.126422,0.0597836053548505,0.546304786356134,0,0.0165046763249587,0.0377773702549056,0.339629561709151
250273.411807,2760866.126422,0.133736929003853,0.228765364153366,0.0491652907723353,0.0893414052467437,0.0576041093377362,0.441386901485966
250773.411807,2760866.126422,0.0434065934065934,0.397252747252747,0,0.0783882783882784,0.0505494505494506,0.43040293040293
251273.411807,2760866.126422,0.154495412844037,0.0871559633027523,0.0469724770642202,0.0603669724770642,0.104587155963303,0.546422018348624
251773.411807,2760866.126422,0.0770500825536599,0.249862410566868,0.000733810310034856,0.0779673454412034,0.250229315721886,0.344157035406347
252273.411807,2760866.126422,0.0503663003663004,0.352747252747253,0,0.00531135531135531,0.0265567765567766,0.565018315018315
252773.411807,2760866.126422,0.0511926605504587,0.195963302752294,0.378165137614679,0.0073394495412844,0.028256880733945,0.339082568807339
253273.411807,2760866.126422,0.0563199412951752,0.240322876536415,0.0113740598055403,0.0177949000183453,0.0288020546688681,0.645386167675656
253773.411807,2760866.126422,0.0597069597069597,0.333882783882784,0.219047619047619,0.00750915750915751,0.0291208791208791,0.350732600732601
254273.411807,2760866.126422,0.0928440366972477,0.470825688073394,0.0209174311926606,0.0165137614678899,0.0473394495412844,0.351559633027523
254773.411807,2760866.126422,0.0431113557145478,0.239955971381398,0.160521005320125,0.0133920381581361,0.0482480278847918,0.494771601541002
255273.411807,2760866.126422,0.0434065934065934,0.39029304029304,0,0.00512820512820513,0.0478021978021978,0.513369963369963
255773.411807,2760866.126422,0.0330275229357798,0.554311926605505,0,0.00990825688073394,0.0264220183486239,0.376330275229358
256273.411807,2760866.126422,0.0629242340854889,0.434966061273161,0.172261970280682,0.00146762062006971,0.020546688680976,0.307833425059622
256773.411807,2760866.126422,0.0476190476190476,0.326556776556777,0.246703296703297,0.00311355311355311,0.0205128205128205,0.355494505494506
257273.411807,2760866.126422,0.0669724770642202,0.334862385321101,0.00128440366972477,0.0152293577981651,0.058348623853211,0.523302752293578
257773.411807,2760866.126422,0.0753990093560815,0.198495688864429,0.172261970280682,0.00605393505778756,0.0199963309484498,0.52779306549257
258273.411807,2760866.126422,0.08003663003663,0.381684981684982,0,0.0265567765567766,0.0873626373626374,0.424358974358974
258773.411807,2760866.126422,0.174678899082569,0.222018348623853,0.00256880733944954,0.137798165137615,0.105137614678899,0.357798165137615
259273.411807,2760866.126422,0.0599889928453495,0.280865896165841,0.0836543753439736,0.0401761144744084,0.0577875619152449,0.477527059255183
259773.411807,2760866.126422,0.111538461538462,0.284432234432234,0.00659340659340659,0.0122710622710623,0.0391941391941392,0.545970695970696
260273.411807,2760866.126422,0.0860550458715596,0.285504587155963,0.111009174311927,0.00495412844036697,0.0218348623853211,0.490642201834862
260773.411807,2760866.126422,0.0867730691616217,0.498807558246193,0.00275178866263071,0.00440286186020914,0.0464135021097046,0.36085121995964
261273.411807,2760866.126422,0.139010989010989,0.118131868131868,0.105677655677656,0.141941391941392,0.129487179487179,0.365750915750916
261773.411807,2760866.126422,0.0572477064220183,0.220183486238532,0.145871559633028,0.0537614678899083,0.073394495412844,0.44954128440367
262273.411807,2760866.126422,0.251146578609429,0.140708126949184,0,0.112456430012842,0.0977802238121446,0.397908640616401
250273.411807,2760366.126422,0.103663003663004,0.152014652014652,0,0.0267399267399267,0.0516483516483516,0.665934065934066
250773.411807,2760366.126422,0.0308030803080308,0.299413274660799,0.344151081774844,0.0388705537220389,0.0271360469380271,0.25962596259626
251273.411807,2760366.126422,0.0421245421245421,0.296520146520147,0.16978021978022,0.0353479853479853,0.0393772893772894,0.416849816849817
251773.411807,2760366.126422,0.0547619047619048,0.232051282051282,0,0.0384615384615385,0.167582417582418,0.507142857142857
252273.411807,2760366.126422,0.0542720938760543,0.416208287495416,0,0.0144847818115145,0.0568390172350568,0.458195819581958
252773.411807,2760366.126422,0.086996336996337,0.187912087912088,0.0183150183150183,0.111172161172161,0.105494505494505,0.49010989010989
253273.411807,2760366.126422,0.0538461538461538,0.149084249084249,0.000732600732600733,0.104395604395604,0.141575091575092,0.5503663003663
253773.411807,2760366.126422,0.0517051705170517,0.35991932526586,0.0771910524385772,0.0121012101210121,0.0328199486615328,0.466263292995966
254273.411807,2760366.126422,0.0591575091575092,0.308424908424908,0.19029304029304,0.0153846153846154,0.0377289377289377,0.389010989010989
254773.411807,2760366.126422,0.032967032967033,0.402014652014652,0.0401098901098901,0.0276556776556777,0.0305860805860806,0.466666666666667
255273.411807,2760366.126422,0.0339200586725339,0.198386505317198,0.247341400806747,0.00256692335900257,0.0209020902090209,0.496883021635497
255773.411807,2760366.126422,0.041025641025641,0.532600732600733,0,0.00952380952380952,0.0278388278388278,0.389010989010989
256273.411807,2760366.126422,0.045970695970696,0.422161172161172,0.130952380952381,0.0113553113553114,0.0283882783882784,0.361172161172161
256773.411807,2760366.126422,0.0517051705170517,0.286395306197286,0,0.017968463513018,0.0462046204620462,0.597726439310598
257273.411807,2760366.126422,0.0587912087912088,0.275274725274725,0.154578754578755,0.030952380952381,0.0624542124542125,0.417948717948718
257773.411807,2760366.126422,0.0567765567765568,0.278754578754579,0.113553113553114,0.00659340659340659,0.0159340659340659,0.528388278388278
258273.411807,2760366.126422,0.0425375870920425,0.281078107810781,0,0.0155848918225156,0.0146681334800147,0.646131279794646
258773.411807,2760366.126422,0.0604395604395604,0.108974358974359,0.445604395604396,0.0457875457875458,0.0554945054945055,0.283699633699634
259273.411807,2760366.126422,0.0351648351648352,0.299084249084249,0.0282051282051282,0.021978021978022,0.111904761904762,0.503663003663004
259773.411807,2760366.126422,0.0603226989365603,0.423542354235424,0,0.00751741840850752,0.0302530253025303,0.478364503116978
260273.411807,2760366.126422,0.108608058608059,0.262637362637363,0.0032967032967033,0.0236263736263736,0.0456043956043956,0.556227106227106
260773.411807,2760366.126422,0.0465201465201465,0.383882783882784,0,0.00549450549450549,0.0179487179487179,0.546153846153846
261273.411807,2760366.126422,0.0830583058305831,0.200586725339201,0.138797213054639,0.0524385771910524,0.0777411074440777,0.447378071140447
261773.411807,2760366.126422,0.0642857142857143,0.322893772893773,0.0032967032967033,0.178754578754579,0.0822344322344322,0.348534798534799
262273.411807,2760366.126422,0.0882783882783883,0.199084249084249,0.000183150183150183,0.10989010989011,0.0633699633699634,0.539194139194139
250273.411807,2759866.126422,0.0423620025673941,0.368604437924078,0,0.0493306436823767,0.0973775903172566,0.442325325508894
250773.411807,2759866.126422,0.107934762690123,0.1927799157046,0.000366501740883269,0.0353674179952355,0.11654755360088,0.547003848268279
251273.411807,2759866.126422,0.117452743622683,0.29051202055423,0,0.0012846393833731,0.025325747843641,0.565424848596073
251773.411807,2759866.126422,0.0368604437924078,0.486704566293783,0,0.0227397762699432,0.112965340179718,0.340729873464148
252273.411807,2759866.126422,0.0681693238042881,0.460875939160711,0.00128275609309144,0.0168590800806304,0.0547920102620487,0.39802089059923
252773.411807,2759866.126422,0.0484492567443568,0.283538263901633,0.201688383189576,0.00605615709304459,0.0310148651128647,0.429253073958525
253273.411807,2759866.126422,0.0540986612873648,0.419768934531451,0.0066018705299835,0.004401247019989,0.0366770584999083,0.478452228131304
253773.411807,2759866.126422,0.0540590067802822,0.412131207623236,0,0.00842954004031519,0.0262048744731537,0.499175371083013
254273.411807,2759866.126422,0.0541383740135805,0.369058542851899,0.0284455863461186,0.0455129381537897,0.0660671682877592,0.436777390346853
254773.411807,2759866.126422,0.0513478818998716,0.424720337428938,0,0.0110031175499725,0.037593984962406,0.475334678158812
255273.411807,2759866.126422,0.062671797691039,0.356789444749863,0.000916254352208173,0.00696353307678211,0.0311526479750779,0.54150632215503
255773.411807,2759866.126422,0.0321159845843274,0.488162965681776,0,0.00201871903101487,0.0185355111029547,0.459166819599927
256273.411807,2759866.126422,0.0838070786722905,0.434806528516413,0,0.00165046763249587,0.0188886851274528,0.460847240051348
256773.411807,2759866.126422,0.0896096756459593,0.304746197544438,0,0.0166758292101887,0.0419644493311343,0.547003848268279
257273.411807,2759866.126422,0.152872086621398,0.330519361350707,0,0.000734079647641769,0.0258763075793724,0.489998164800881
257773.411807,2759866.126422,0.12415184302219,0.252704933064368,0,0.0165046763249587,0.0267742527049331,0.57986429488355
258273.411807,2759866.126422,0.0967564595931831,0.408282939343962,0,0.00494777350192413,0.0278541323071285,0.462158695253802
258773.411807,2759866.126422,0.0686364470545054,0.446870985501927,0.00220223894292531,0.036520462470178,0.0548724536612222,0.390897412369242
259273.411807,2759866.126422,0.0676691729323308,0.281129653401797,0.024390243902439,0.0192554557124519,0.048413717219879,0.559141756831102
259773.411807,2759866.126422,0.112699285321605,0.342679127725857,0.0808136338647609,0.00971229613340663,0.0148433205057724,0.439252336448598
260273.411807,2759866.126422,0.0829510001835199,0.37768397871169,0.000550559735731327,0.011194714626537,0.0484492567443568,0.479170489998165
260773.411807,2759866.126422,0.121034293049697,0.298367870896754,0.0022006235099945,0.0526315789473684,0.0597836053548505,0.465982028241335
261273.411807,2759866.126422,0.0923584387025838,0.128092358438703,0,0.0432472054242258,0.0696353307678211,0.666666666666667
261773.411807,2759866.126422,0.0546889337493118,0.434391631492017,0,0.028629106258029,0.0354193429987154,0.446870985501927
262273.411807,2759866.126422,0.0460297084173849,0.360535485054099,0.0298918026774253,0.017604988079956,0.035209976159912,0.510728039611223
250273.411807,2759366.126422,0.183452577508714,0.0656760227481196,0.0108237020730141,0.0456796917996698,0.0695285268758026,0.62483947899468
250773.411807,2759366.126422,0.121611721611722,0.202380952380952,0.000732600732600733,0.0818681318681319,0.0864468864468864,0.506959706959707
251273.411807,2759366.126422,0.0409174311926606,0.473761467889908,0,0.0203669724770642,0.0409174311926606,0.424036697247706
251773.411807,2759366.126422,0.060906255732893,0.448541552008806,0.000550357732526142,0.0139423958906623,0.0264171711612548,0.449642267473858
252273.411807,2759366.126422,0.0252747252747253,0.326739926739927,0.000183150183150183,0.0133699633699634,0.0413919413919414,0.593040293040293
252773.411807,2759366.126422,0.0508256880733945,0.442018348623853,0.00018348623853211,0.00146788990825688,0.0289908256880734,0.47651376146789
253273.411807,2759366.126422,0.0368739680792515,0.513850669601908,0,0.0091726288754357,0.0344890845716382,0.405613648871767
253773.411807,2759366.126422,0.0375457875457875,0.486630036630037,0,0.00769230769230769,0.0197802197802198,0.448351648351648
254273.411807,2759366.126422,0.0339449541284404,0.44954128440367,0.00055045871559633,0.0018348623853211,0.0357798165137615,0.478348623853211
254773.411807,2759366.126422,0.106219042377545,0.40799853237938,0.000183452577508714,0.0108237020730141,0.0370574206567602,0.437717849935792
255273.411807,2759366.126422,0.0212454212454212,0.280769230769231,0.00347985347985348,0.00128205128205128,0.0032967032967033,0.68992673992674
255773.411807,2759366.126422,0.044954128440367,0.625871559633028,0.0634862385321101,0.00201834862385321,0.00532110091743119,0.258348623853211
256273.411807,2759366.126422,0.115391671252981,0.366171344707393,0.020546688680976,0.0066042927903137,0.0341221794166208,0.457163823151715
256773.411807,2759366.126422,0.14010989010989,0.118315018315018,0.0783882783882784,0.212637362637363,0.0743589743589744,0.376190476190476
257273.411807,2759366.126422,0.210642201834862,0.023302752293578,0,0.271559633027523,0.215045871559633,0.279449541284404
257773.411807,2759366.126422,0.284168042560998,0.103650706292423,0,0.125298110438452,0.104934874334984,0.381948266373143
258273.411807,2759366.126422,0.117032967032967,0.376923076923077,0,0.00531135531135531,0.0353479853479853,0.465384615384615
258773.411807,2759366.126422,0.0530275229357798,0.278532110091743,0.169724770642202,0.0477064220183486,0.0910091743119266,0.36
259273.411807,2759366.126422,0.0807191341038342,0.449458814896349,0.0216474041460283,0.00880572372041827,0.0427444505595304,0.39662447257384
259773.411807,2759366.126422,0.108058608058608,0.251098901098901,0.0188644688644689,0.00952380952380952,0.0380952380952381,0.574358974358974
