"x","y","forest","agri","water","built","other","grass"
162273.411807,2613366.126422,0.00531719838650532,0.0198019801980198,0.438577191052439,0.369453612027869,0.0456545654565457,0.121195452878621
162773.411807,2613366.126422,0,0.0434065934065934,0.27967032967033,0.155311355311355,0.162637362637363,0.358974358974359
163273.411807,2613366.126422,0,0.0399267399267399,0.64047619047619,0.0923076923076923,0.133699633699634,0.0935897435897436
163773.411807,2613366.126422,0.00275027502750275,0.134946828016135,0.109460946094609,0.0753575357535754,0.148698203153649,0.528786211954529
164273.411807,2613366.126422,0.107509157509158,0.0919413919413919,0.0102564102564103,0.125824175824176,0.217948717948718,0.446520146520147
164773.411807,2613366.126422,0.123443223443223,0.0641025641025641,0,0.195054945054945,0.159157509157509,0.458241758241758
165273.411807,2613366.126422,0.106343967730106,0.175100843417675,0.00165016501650165,0.0122845617895123,0.0553722038870554,0.649248258159149
165773.411807,2613366.126422,0.0496336996336996,0.292490842490843,0.0212454212454212,0.0736263736263736,0.076007326007326,0.486996336996337
166273.411807,2613366.126422,0.0575091575091575,0.396336996336996,0.01996336996337,0.0631868131868132,0.0754578754578755,0.387545787545788
166773.411807,2613366.126422,0.0581224789145581,0.387788778877888,0.00513384671800513,0.105427209387605,0.132563256325633,0.310964429776311
167273.411807,2613366.126422,0.0690476190476191,0.334065934065934,0,0.0450549450549451,0.097985347985348,0.453846153846154
167773.411807,2613366.126422,0.0908424908424908,0.265567765567766,0.00201465201465201,0.0322344322344322,0.0996336996336996,0.50970695970696
168273.411807,2613366.126422,0.0814081408140814,0.284928492849285,0,0.0482214888155482,0.0837917125045838,0.501650165016502
168773.411807,2613366.126422,0.0267399267399267,0.630769230769231,0,0.000183150183150183,0.0100732600732601,0.332234432234432
169273.411807,2613366.126422,0.030952380952381,0.492307692307692,0,0.0205128205128205,0.0681318681318681,0.388095238095238
169773.411807,2613366.126422,0.0282361569490282,0.332966629996333,0,0,0.0033003300330033,0.635496883021636
170273.411807,2613366.126422,0.023992673992674,0.252564102564103,0,0,0.0100732600732601,0.713369963369963
170773.411807,2613366.126422,0.0106227106227106,0.527106227106227,0,0.00183150183150183,0.0256410256410256,0.434798534798535
171273.411807,2613366.126422,0.11991199119912,0.350568390172351,0.00586725339200587,0.107444077741107,0.112944627796113,0.303263659699303
171773.411807,2613366.126422,0.0294871794871795,0.533882783882784,0,0.0117216117216117,0.0401098901098901,0.384798534798535
172273.411807,2613366.126422,0.0347985347985348,0.603479853479853,0,0.0126373626373626,0.0366300366300366,0.312454212454212
172773.411807,2613366.126422,0.0606894022735607,0.538137147048038,0,0.0227356068940227,0.0537220388705537,0.324715804913825
173273.411807,2613366.126422,0.245524861878453,0.207513812154696,0.000220994475138122,0.0499447513812155,0.120441988950276,0.376353591160221
162273.411807,2612866.126422,0.00879604178119846,0.105002748763057,0.310426974528129,0.213670514934946,0.0491112332783581,0.312992486714312
162773.411807,2612866.126422,0.00183519911910442,0.0394567810607451,0.418425399155808,0.294916498440081,0.0880895577170123,0.157276564507249
163273.411807,2612866.126422,0,0.0407115349348982,0.682926829268293,0.100311754997249,0.0636346964973409,0.112415184302219
163773.411807,2612866.126422,0.0120945574491479,0.108667766171889,0.0212571009712296,0.338464357705699,0.215136521898479,0.304379695803555
164273.411807,2612866.126422,0.0967149935768031,0.038172141677372,0.00220223894292531,0.299320976325931,0.213800697375665,0.349788952101303
164773.411807,2612866.126422,0.075187969924812,0.0238400880249404,0.00586832935998533,0.543370621676142,0.204657986429488,0.147075004584632
165273.411807,2612866.126422,0.0502107385010079,0.115814550119113,0.00659703133589885,0.130108118013561,0.156129741616273,0.541139820414147
165773.411807,2612866.126422,0.0321159845843274,0.295283538263902,0.00513855753349238,0.0541383740135805,0.0836850798311617,0.529638465773536
166273.411807,2612866.126422,0.0768384375573079,0.271410232899321,0.0236567027324409,0.112598569594719,0.147625160462131,0.36787089675408
166773.411807,2612866.126422,0.0507604911123328,0.471870991387209,0,0.0518599963349826,0.0500274876305662,0.375481033534909
167273.411807,2612866.126422,0.0611121306661773,0.310882730776289,0.000734079647641769,0.00880895577170123,0.0985501926959075,0.519911910442283
167773.411807,2612866.126422,0.08399046396479,0.19218778653952,0.0273244085824317,0.124518613607189,0.195305336512012,0.376673390794058
168273.411807,2612866.126422,0.0430639545537841,0.525929998167491,0,0.0443467106468756,0.0630382994319223,0.323621037199927
168773.411807,2612866.126422,0.0310148651128647,0.507249036520462,0,0.0236740686364471,0.052303174894476,0.38575885483575
169273.411807,2612866.126422,0.0792224463598019,0.317623326609206,0.000366770584999083,0.10012836970475,0.167614157344581,0.335044929396662
169773.411807,2612866.126422,0.0175920835623969,0.493128092358439,0.00842954004031519,0.0293201392706615,0.0720175920835624,0.379512552684625
170273.411807,2612866.126422,0.0240411084602679,0.271425949715544,0,0.0475316571848046,0.0590934116351624,0.597907873004221
170773.411807,2612866.126422,0.0319090408949202,0.585916009536035,0,0.015587749862461,0.0583165230148542,0.308270676691729
171273.411807,2612866.126422,0.0595565328935312,0.484148799706799,0,0.0480117280557083,0.0443467106468756,0.363936228697086
171773.411807,2612866.126422,0.0222059093411635,0.43971370893742,0,0.0559735731326849,0.0989172325197284,0.383189576069004
172273.411807,2612866.126422,0.114982578397213,0.258573262424354,0,0.0489638730973776,0.153860260407115,0.423620025673941
172773.411807,2612866.126422,0.127359354956936,0.431006047278725,0.00164925783397471,0.00293201392706615,0.0467289719626168,0.390324354040682
173273.411807,2612866.126422,0.128982300884956,0.370353982300885,0.000663716814159292,0.000221238938053097,0.0243362831858407,0.475442477876106
162773.411807,2612366.126422,0,0.0236697247706422,0.75651376146789,0.117981651376147,0.0438532110091743,0.0579816513761468
163273.411807,2612366.126422,0,0.0113740598055403,0.881306182351862,0.0820033021463952,0.021830856723537,0.00348559897266557
163773.411807,2612366.126422,0.000183150183150183,0.105494505494505,0.371062271062271,0.185714285714286,0.203296703296703,0.134249084249084
164273.411807,2612366.126422,0.0607339449541284,0.104403669724771,0.0579816513761468,0.178348623853211,0.328440366972477,0.270091743119266
164773.411807,2612366.126422,0.0425609979820216,0.137039075399009,0.0454962392221611,0.165290772335351,0.250412768299395,0.359200146762062
165273.411807,2612366.126422,0.0736263736263736,0.0908424908424908,0.0324175824175824,0.0728937728937729,0.115384615384615,0.614835164835165
165773.411807,2612366.126422,0.0260550458715596,0.238165137614679,0.0930275229357798,0.107155963302752,0.164770642201835,0.370825688073394
166273.411807,2612366.126422,0.0456796917996698,0.384700055035773,0.00238488350761328,0.0649422124380847,0.063474591818015,0.438818565400844
166773.411807,2612366.126422,0.0355311355311355,0.404578754578755,0.00238095238095238,0.0287545787545788,0.0553113553113553,0.473443223443223
167273.411807,2612366.126422,0.0251376146788991,0.262018348623853,0.0128440366972477,0.0444036697247706,0.134128440366972,0.521467889908257
167773.411807,2612366.126422,0.0223812144560631,0.449825720051367,0.0113740598055403,0.0627407815079802,0.0979636763896533,0.355714547789396
168273.411807,2612366.126422,0.0794871794871795,0.372710622710623,0,0.0111721611721612,0.0558608058608059,0.480769230769231
168773.411807,2612366.126422,0.0231192660550459,0.46,0,0.00495412844036697,0.0236697247706422,0.488256880733945
169273.411807,2612366.126422,0.010273344340488,0.507062924234085,0.000550357732526142,0.019262520638415,0.0376077783892864,0.425243074665199
169773.411807,2612366.126422,0.0380952380952381,0.488095238095238,0.00384615384615385,0.0452380952380952,0.0567765567765568,0.367948717948718
170273.411807,2612366.126422,0.071743119266055,0.272293577981651,0,0.138899082568807,0.141834862385321,0.375229357798165
170773.411807,2612366.126422,0.0431113557145478,0.497523390203632,0,0.0590717299578059,0.0845716382315172,0.315721885892497
171273.411807,2612366.126422,0.0673992673992674,0.441575091575092,0.00347985347985348,0.0421245421245421,0.0783882783882784,0.367032967032967
171773.411807,2612366.126422,0.08,0.402935779816514,0,0.0344954128440367,0.0526605504587156,0.429908256880734
172273.411807,2612366.126422,0.108237020730141,0.265822784810127,0.00513667217024399,0.0528343423225096,0.120344890845716,0.447624289121262
172773.411807,2612366.126422,0.0565934065934066,0.556776556776557,0,0.0117216117216117,0.0457875457875458,0.329120879120879
173273.411807,2612366.126422,0.0168104401681044,0.625082946250829,0,0.0017695200176952,0.0210130502101305,0.33532404335324
162773.411807,2611866.126422,0,0.0302197802197802,0.863919413919414,0.0686813186813187,0.0269230769230769,0.0102564102564103
163273.411807,2611866.126422,0,0.00860805860805861,0.940659340659341,0.0338827838827839,0.0168498168498168,0
163773.411807,2611866.126422,0,0.0500550055005501,0.785661899523286,0.108177484415108,0.0396039603960396,0.0165016501650165
164273.411807,2611866.126422,0.00512820512820513,0.0778388278388278,0.567765567765568,0.24047619047619,0.086996336996337,0.0217948717948718
164773.411807,2611866.126422,0.00824175824175824,0.142307692307692,0.281501831501832,0.152747252747253,0.134065934065934,0.281135531135531
165273.411807,2611866.126422,0.0308030803080308,0.144481114778144,0.341767510084342,0.108544187752109,0.114411441144114,0.25999266593326
165773.411807,2611866.126422,0.0146520146520147,0.231135531135531,0.226739926739927,0.116300366300366,0.128937728937729,0.282234432234432
166273.411807,2611866.126422,0.0567765567765568,0.263186813186813,0.000183150183150183,0.000915750915750916,0.0146520146520147,0.664285714285714
166773.411807,2611866.126422,0.0403373670700403,0.31976530986432,0.030986431976531,0.048038137147048,0.083975064173084,0.476897689768977
167273.411807,2611866.126422,0.0968864468864469,0.138644688644689,0.0115384615384615,0.0932234432234432,0.153479853479853,0.506227106227106
167773.411807,2611866.126422,0.0117216117216117,0.363736263736264,0.0206959706959707,0.122710622710623,0.104212454212454,0.376923076923077
168273.411807,2611866.126422,0.050971763843051,0.356618995232857,0.133113311331133,0.0374037403740374,0.0251191785845251,0.396773010634397
168773.411807,2611866.126422,0.0315018315018315,0.456410256410256,0.0010989010989011,0.01996336996337,0.0318681318681319,0.459157509157509
169273.411807,2611866.126422,0.00769230769230769,0.653113553113553,0.0137362637362637,0.0183150183150183,0.0375457875457875,0.26959706959707
169773.411807,2611866.126422,0.0066006600660066,0.511917858452512,0,0.00751741840850752,0.0183351668500183,0.455628896222956
170273.411807,2611866.126422,0.0758241758241758,0.384065934065934,0.000183150183150183,0.0754578754578755,0.172161172161172,0.292307692307692
170773.411807,2611866.126422,0.00659340659340659,0.745238095238095,0,0,0.00586080586080586,0.242307692307692
171273.411807,2611866.126422,0.0682068206820682,0.357352401906857,0.0704070407040704,0.0337367070040337,0.0561056105610561,0.414191419141914
171773.411807,2611866.126422,0.0741758241758242,0.555860805860806,0.0514652014652015,0.0419413919413919,0.0432234432234432,0.233333333333333
172273.411807,2611866.126422,0.137912087912088,0.281501831501832,0,0.113003663003663,0.168681318681319,0.298901098901099
172773.411807,2611866.126422,0.0991932526585992,0.583425009167583,0,0.015951595159516,0.0229189585625229,0.278511184451779
173273.411807,2611866.126422,0.0092817679558011,0.760220994475138,0,0.000220994475138122,0.00707182320441989,0.223204419889503
162773.411807,2611366.126422,0,0.0383556615892824,0.802165534960543,0.133235456046981,0.0214718296935217,0.0047715177096715
163273.411807,2611366.126422,0,0.0386942967174033,0.877498624610306,0.0627177700348432,0.0187052998349532,0.00238400880249404
163773.411807,2611366.126422,0.000366501740883269,0.0483782297965915,0.777350192413414,0.123511086677662,0.040131940626718,0.0102620487447315
164273.411807,2611366.126422,0.0124793540099101,0.0603780510185355,0.677739034685263,0.149752248118921,0.0691870067902367,0.0304643053771334
164773.411807,2611366.126422,0,0.110397946084724,0.505226480836237,0.0537318907023657,0.135338345864662,0.195305336512012
165273.411807,2611366.126422,0.0113615539673813,0.281106835257467,0.2869708631116,0.123144584936778,0.125893347993403,0.17152281473337
165773.411807,2611366.126422,0.017434391631492,0.17030647825289,0.0234905487245366,0.0488162965681776,0.10772618829143,0.632226096531474
166273.411807,2611366.126422,0.0273244085824317,0.26407482119934,0.00458463231248854,0.0823399963322941,0.101595452044746,0.5200806895287
166773.411807,2611366.126422,0.0304196444933113,0.406633681509987,0.0108118013560564,0.0379329301814184,0.0648708081363387,0.449331134322888
167273.411807,2611366.126422,0.0543218939254909,0.267572031565425,0.0132134336575518,0.0535878142778491,0.115617544503579,0.495687282070105
167773.411807,2611366.126422,0.0238400880249404,0.13588850174216,0.0434623143223913,0.123051531267192,0.0871080139372822,0.586649550706033
168273.411807,2611366.126422,0.179585853032802,0.168041048194979,0.000733003481766538,0.0313358988455195,0.0568077698369067,0.563496426608026
168773.411807,2611366.126422,0.14956872820701,0.134153055606533,0.0179849513672233,0.0170673518076711,0.0209212699577904,0.660304643053771
169273.411807,2611366.126422,0.0542820465798643,0.141023289932147,0,0.10801393728223,0.125252154777187,0.571428571428571
169773.411807,2611366.126422,0.0756826094923951,0.300714678394722,0,0.000183250870441635,0.00861279091075683,0.614806670331684
170273.411807,2611366.126422,0.0187190310148651,0.521747109561387,0.00642319691686548,0.0144980730409249,0.0701046063497889,0.368507983116168
170773.411807,2611366.126422,0.0104529616724739,0.616357968090959,0.0236567027324409,0.00825233816247937,0.0473134054648817,0.293966623876765
171273.411807,2611366.126422,0.00751328568810702,0.62891698735569,0.0392156862745098,0.0152098222466557,0.036100421477002,0.273043796958036
171773.411807,2611366.126422,0.0800146815929528,0.487612405946045,0,0.047715177096715,0.0972655533125344,0.287392182051753
172273.411807,2611366.126422,0.0924261874197689,0.176233266092059,0,0.166147075004585,0.226664221529433,0.338529249954154
172773.411807,2611366.126422,0.151548469855232,0.22869708631116,0.000366501740883269,0.0509437419827744,0.13560564412681,0.432838555983141
173273.411807,2611366.126422,0.0196902654867257,0.771017699115044,0,0.000884955752212389,0.0150442477876106,0.193362831858407
162773.411807,2610866.126422,0,0.0822018348623853,0.698532110091743,0.196697247706422,0.0209174311926606,0.00165137614678899
163273.411807,2610866.126422,0.00165107319757843,0.01284168042561,0.842964593652541,0.117776554760594,0.0157769216657494,0.00898917629792699
163773.411807,2610866.126422,0,0.0668498168498168,0.753846153846154,0.0434065934065934,0.0448717948717949,0.091025641025641
164273.411807,2610866.126422,0.0240366972477064,0.0937614678899083,0.410275229357798,0.152477064220183,0.15651376146789,0.162935779816514
164773.411807,2610866.126422,0.0517336268574573,0.0849385433865346,0.10420106402495,0.0783342505962209,0.115942028985507,0.56485048614933
165273.411807,2610866.126422,0.00567765567765568,0.185164835164835,0.24047619047619,0.0463369963369963,0.144322344322344,0.378021978021978
165773.411807,2610866.126422,0.0310091743119266,0.0937614678899083,0.203853211009174,0.0985321100917431,0.160550458715596,0.412293577981651
166273.411807,2610866.126422,0.0429279031370391,0.361951935424693,0.00825536598789213,0.131168592918731,0.158869932122546,0.296826270409099
166773.411807,2610866.126422,0.0111721611721612,0.569413919413919,0,0.00714285714285714,0.00842490842490842,0.403846153846154
167273.411807,2610866.126422,0.123302752293578,0.0708256880733945,0.00458715596330275,0.0987155963302752,0.146605504587156,0.555963302752294
167773.411807,2610866.126422,0.0319207484865162,0.204366171344707,0.0577875619152449,0.174279948633278,0.2610530177949,0.270592551825353
168273.411807,2610866.126422,0.0657509157509158,0.241575091575092,0.00347985347985348,0.0163003663003663,0.0556776556776557,0.617216117216117
168773.411807,2610866.126422,0.283119266055046,0.00348623853211009,0,0.00018348623853211,0.0119266055045872,0.701284403669725
169273.411807,2610866.126422,0.0339387268391121,0.230599889928453,0,0.015410016510732,0.0383415886993212,0.681709778022381
169773.411807,2610866.126422,0.0203296703296703,0.552380952380952,0,0,0.00421245421245421,0.423076923076923
170273.411807,2610866.126422,0.0488073394495413,0.313394495412844,0.0744954128440367,0.0253211009174312,0.0429357798165138,0.495045871559633
170773.411807,2610866.126422,0.0429279031370391,0.683544303797468,0,0.00165107319757843,0.017978352595854,0.25389836727206
171273.411807,2610866.126422,0.0172161172161172,0.598901098901099,0,0.00934065934065934,0.047985347985348,0.326556776556777
171773.411807,2610866.126422,0.0605504587155963,0.621284403669725,0,0.00477064220183486,0.0132110091743119,0.300183486238532
172273.411807,2610866.126422,0.066042927903137,0.441570354063475,0,0.00183452577508714,0.0359567051917079,0.454595487066593
172773.411807,2610866.126422,0.0974358974358974,0.324725274725275,0.0142857142857143,0.00622710622710623,0.0551282051282051,0.502197802197802
173273.411807,2610866.126422,0.0223401902234019,0.714222517142225,0.0002211900022119,0.0444591904445919,0.0473346604733466,0.171422251714223
162773.411807,2610366.126422,0.00164835164835165,0.0276556776556777,0.734065934065934,0.193223443223443,0.0315018315018315,0.0119047619047619
163273.411807,2610366.126422,0,0.0820512820512821,0.713369963369963,0.187179487179487,0.0119047619047619,0.00549450549450549
163773.411807,2610366.126422,0.000366703337000367,0.063989732306564,0.65988265493216,0.153832049871654,0.0672900623395673,0.0546387972130546
164273.411807,2610366.126422,0.00311355311355311,0.0600732600732601,0.754578754578755,0.0706959706959707,0.0531135531135531,0.0584249084249084
164773.411807,2610366.126422,0.0424908424908425,0.101098901098901,0.0644688644688645,0.159340659340659,0.126190476190476,0.506410256410256
165273.411807,2610366.126422,0.00861752841950862,0.127429409607627,0.265859919325266,0.26971030436377,0.181518151815182,0.146864686468647
165773.411807,2610366.126422,0.0043956043956044,0.121245421245421,0.297619047619048,0.353479853479854,0.097985347985348,0.125274725274725
166273.411807,2610366.126422,0.0331501831501832,0.0928571428571429,0.0197802197802198,0.0827838827838828,0.132234432234432,0.639194139194139
166773.411807,2610366.126422,0.0282361569490282,0.185368536853685,0,0.0119178584525119,0.0357535753575358,0.738723872387239
167273.411807,2610366.126422,0.0415750915750916,0.185897435897436,0.0137362637362637,0.0637362637362637,0.144688644688645,0.5503663003663
167773.411807,2610366.126422,0.0225274725274725,0.190842490842491,0.0249084249084249,0.0708791208791209,0.171794871794872,0.519047619047619
168273.411807,2610366.126422,0.0196186285295196,0.103410341034103,0.015034836817015,0.0905757242390906,0.0740740740740741,0.697286395306197
168773.411807,2610366.126422,0.2496336996337,0.299084249084249,0.000366300366300366,0.00842490842490842,0.0228937728937729,0.41959706959707
169273.411807,2610366.126422,0.032967032967033,0.204578754578755,0,0.000366300366300366,0.0183150183150183,0.743772893772894
169773.411807,2610366.126422,0.0295196186285295,0.215804913824716,0,0,0,0.754675467546755
170273.411807,2610366.126422,0.0243589743589744,0.491758241758242,0.0421245421245421,0.000915750915750916,0.0212454212454212,0.41959706959707
170773.411807,2610366.126422,0.0450549450549451,0.56043956043956,0.0111721611721612,0.0679487179487179,0.102380952380952,0.213003663003663
171273.411807,2610366.126422,0.0212687935460213,0.623395672900623,0,0.0502383571690502,0.0826916024935827,0.222405573890722
171773.411807,2610366.126422,0.0787545787545788,0.57032967032967,0,0,0.00915750915750916,0.341758241758242
172273.411807,2610366.126422,0.0344322344322344,0.478021978021978,0.0338827838827839,0.0293040293040293,0.034981684981685,0.389377289377289
172773.411807,2610366.126422,0.0280528052805281,0.525302530253025,0.0216354968830216,0.00733406674000733,0.0341034103410341,0.383571690502384
173273.411807,2610366.126422,0.0388950276243094,0.762430939226519,0,0.0209944751381215,0.0209944751381215,0.156685082872928
162773.411807,2609866.126422,0,0.0291796659937603,0.80088089557717,0.156909524683428,0.0108276748027161,0.00220223894292531
163273.411807,2609866.126422,0.000183385292499542,0.0410783055198973,0.846139739592885,0.105263157894737,0.00330093526499175,0.00403447643498991
163773.411807,2609866.126422,0.00128275609309144,0.0711013377313542,0.577240241891149,0.226314824995419,0.0767821147150449,0.0472787245739417
164273.411807,2609866.126422,0.00660671682877592,0.0343182235272527,0.655349605432189,0.0488162965681776,0.0322995044962378,0.222609653147366
164773.411807,2609866.126422,0.00770218228498074,0.152576563359619,0.459380157711352,0.0618008435723455,0.101412066752246,0.217128186319457
165273.411807,2609866.126422,0.0142935678944475,0.167857797324537,0.243906908557816,0.0890599230346344,0.0775151181968114,0.407366684991754
165773.411807,2609866.126422,0.0293631859056708,0.149935768030831,0.0442282987704166,0.0550559735731327,0.121306661772802,0.600110111947146
166273.411807,2609866.126422,0.0915092609572712,0.131670640014671,0,0.0641848523748395,0.10819732257473,0.604437924078489
166773.411807,2609866.126422,0.0599230346344145,0.138354407183434,0,0.0302363936228697,0.0577240241891149,0.713762140370167
167273.411807,2609866.126422,0.0359699027344467,0.230684529271426,0.0047715177096715,0.0354193429987154,0.09543035419343,0.597724353092311
167773.411807,2609866.126422,0.0210893086374473,0.269576379974326,0.0124701998899688,0.0179717586649551,0.0940766550522648,0.584815697781038
168273.411807,2609866.126422,0.0229063588052043,0.307678211471504,0.0293201392706615,0.0262048744731537,0.0656038116181052,0.548286604361371
168773.411807,2609866.126422,0.00623967700495504,0.206826940723068,0.00734079647641769,0.0178014314553129,0.0420260598274913,0.719765094512755
169273.411807,2609866.126422,0.0383275261324042,0.17201540436457,0,0.00293416467999266,0.0306253438474234,0.75609756097561
169773.411807,2609866.126422,0.107385010078798,0.280190580905259,0.0582737768004398,0.00329851566794942,0.0307861462341946,0.520065970313359
170273.411807,2609866.126422,0.0154156726004772,0.686731510368875,0,0.0719398054688934,0.0324830244081483,0.193429987153606
170773.411807,2609866.126422,0.0100861910874748,0.663304602970842,0.0350265908674124,0.039611223179901,0.0423620025673941,0.209609389326976
171273.411807,2609866.126422,0.0219901044529962,0.564779182701118,0.000183250870441635,0.00311526479750779,0.0315191497159611,0.378413047461975
171773.411807,2609866.126422,0.0445953385942375,0.477518810790971,0.00110111947146265,0.0697375665259681,0.0620297302257295,0.345017434391632
172273.411807,2609866.126422,0.0372272143774069,0.625527232715936,0.00165046763249587,0.0885750962772786,0.06400146708234,0.183018521914542
172773.411807,2609866.126422,0.0351841671247938,0.716877405167675,0,0.00641378046545721,0.0415979475902511,0.199926699651823
173273.411807,2609866.126422,0.0192477876106195,0.722566371681416,0,0.00398230088495575,0.0389380530973451,0.215265486725664
162773.411807,2609366.126422,0.00018348623853211,0.095045871559633,0.639266055045872,0.212110091743119,0.0225688073394495,0.0308256880733945
163273.411807,2609366.126422,0,0.0722803155384333,0.700055035773253,0.153733259952302,0.0302696752889378,0.0436617134470739
163773.411807,2609366.126422,0,0.0587912087912088,0.798901098901099,0.107142857142857,0.0250915750915751,0.0100732600732601
164273.411807,2609366.126422,0.0018348623853211,0.0889908256880734,0.638165137614679,0.0704587155963303,0.0559633027522936,0.144587155963303
164773.411807,2609366.126422,0.00953953403045313,0.105668684645019,0.460649422124381,0.155200880572372,0.122362869198312,0.146578609429462
165273.411807,2609366.126422,0.00384615384615385,0.107692307692308,0.421428571428571,0.0965201465201465,0.0996336996336996,0.270879120879121
165773.411807,2609366.126422,0.0146788990825688,0.294311926605505,0,0.0172477064220183,0.0568807339449541,0.616880733944954
166273.411807,2609366.126422,0.0999816547422491,0.0456796917996698,0.00275178866263071,0.171895065125665,0.149697303247111,0.529994496422675
166773.411807,2609366.126422,0.105677655677656,0.0274725274725275,0.0010989010989011,0.334615384615385,0.277838827838828,0.253296703296703
167273.411807,2609366.126422,0.0699082568807339,0.284036697247706,0.00678899082568807,0.0491743119266055,0.0508256880733945,0.539266055045872
167773.411807,2609366.126422,0.0223812144560631,0.385250412768299,0,0.00311869381764814,0.02568336085122,0.563566318106769
168273.411807,2609366.126422,0.0514652014652015,0.114102564102564,0.00549450549450549,0.124542124542125,0.145787545787546,0.558608058608059
168773.411807,2609366.126422,0.0484403669724771,0.25651376146789,0.0188990825688073,0.0269724770642202,0.0612844036697248,0.587889908256881
169273.411807,2609366.126422,0.116308934140525,0.381948266373143,0,0.00953953403045313,0.0392588515868648,0.452944413869015
169773.411807,2609366.126422,0.0340659340659341,0.245054945054945,0.0586080586080586,0.0283882783882784,0.0562271062271062,0.577655677655678
170273.411807,2609366.126422,0.0469724770642202,0.609174311926606,0,0.00311926605504587,0.0324770642201835,0.308256880733945
170773.411807,2609366.126422,0.0216474041460283,0.54356998715832,0,0.0286186020913594,0.0495321959273528,0.35663181067694
171273.411807,2609366.126422,0.0551282051282051,0.459340659340659,0.00238095238095238,0.0716117216117216,0.141025641025641,0.27051282051282
171773.411807,2609366.126422,0.0557798165137615,0.355779816513761,0.0141284403669725,0.11302752293578,0.136146788990826,0.325137614678899
172273.411807,2609366.126422,0.0498991010823702,0.338836910658595,0.00532012474775271,0.20821867547239,0.0928270042194093,0.304898183819483
172773.411807,2609366.126422,0.0406593406593407,0.748901098901099,0,0.000915750915750916,0.0258241758241758,0.183699633699634
173273.411807,2609366.126422,0.006635700066357,0.692988276929883,0,0.002211900022119,0.0643662906436629,0.233797832337978
162773.411807,2608866.126422,0,0.0631868131868132,0.693772893772894,0.185897435897436,0.0311355311355311,0.026007326007326
163273.411807,2608866.126422,0,0.0924908424908425,0.741575091575092,0.0937728937728938,0.0452380952380952,0.0269230769230769
163773.411807,2608866.126422,0.000733406674000733,0.163549688302164,0.532269893656032,0.0865419875320865,0.0647231389805647,0.152181884855152
164273.411807,2608866.126422,0.00622710622710623,0.148534798534799,0.615018315018315,0.0388278388278388,0.0428571428571429,0.148534798534799
164773.411807,2608866.126422,0.00512820512820513,0.152564102564103,0.476923076923077,0.0987179487179487,0.158241758241758,0.108424908424908
165273.411807,2608866.126422,0.0172350568390172,0.163366336633663,0.263659699303264,0.234506784011734,0.156582324899157,0.164649798313165
165773.411807,2608866.126422,0.00494505494505494,0.208241758241758,0.019047619047619,0.0769230769230769,0.113369963369963,0.577472527472527
166273.411807,2608866.126422,0.019047619047619,0.138827838827839,0.0470695970695971,0.0774725274725275,0.0987179487179487,0.618864468864469
166773.411807,2608866.126422,0.0286028602860286,0.180784745141181,0.0155848918225156,0.0863586358635864,0.092959295929593,0.595709570957096
167273.411807,2608866.126422,0.0250915750915751,0.414285714285714,0.0406593406593407,0.0371794871794872,0.0443223443223443,0.438461538461538
167773.411807,2608866.126422,0.0212454212454212,0.307875457875458,0.0010989010989011,0.0210622710622711,0.0512820512820513,0.597435897435897
168273.411807,2608866.126422,0.0108177484415108,0.184268426842684,0.0465713237990466,0.0172350568390172,0.0650898423175651,0.676017601760176
168773.411807,2608866.126422,0.0117216117216117,0.30018315018315,0.0412087912087912,0.0272893772893773,0.0655677655677656,0.554029304029304
169273.411807,2608866.126422,0.0302197802197802,0.128571428571429,0.0532967032967033,0.0705128205128205,0.0901098901098901,0.627289377289377
169773.411807,2608866.126422,0.0311697836450312,0.322698936560323,0.0696736340300697,0.0616061606160616,0.0654565456545655,0.449394939493949
170273.411807,2608866.126422,0.0210622710622711,0.636813186813187,0,0.00622710622710623,0.0124542124542125,0.323443223443223
170773.411807,2608866.126422,0.0397435897435897,0.677289377289377,0.000915750915750916,0.0448717948717949,0.0324175824175824,0.204761904761905
171273.411807,2608866.126422,0.0205353868720205,0.582691602493583,0.00641730839750642,0.0377704437110378,0.0647231389805647,0.287862119545288
171773.411807,2608866.126422,0.0571428571428571,0.478571428571429,0.0010989010989011,0.0968864468864469,0.125824175824176,0.24047619047619
172273.411807,2608866.126422,0.0366300366300366,0.6496336996337,0,0.0166666666666667,0.0384615384615385,0.258608058608059
172773.411807,2608866.126422,0.0355702236890356,0.664283094976164,0,0,0.00788412174550788,0.292262559589292
173273.411807,2608866.126422,0.0391160220994475,0.590276243093923,0,0.0866298342541436,0.112265193370166,0.17171270718232
161273.411807,2608366.126422,0,0,1,0,0,0
162773.411807,2608366.126422,0.0115617544503579,0.0508350155991925,0.698109744907322,0.126995779042026,0.0640484492567444,0.0484492567443568
163273.411807,2608366.126422,0.0144874381074638,0.0618008435723455,0.324225197139189,0.441041628461397,0.112415184302219,0.0460297084173849
163773.411807,2608366.126422,0.00109950522264981,0.17152281473337,0.352208172988822,0.187282389591351,0.0738501007879787,0.214037016675829
164273.411807,2608366.126422,0.00440447788585061,0.150486327766563,0.462103138190494,0.0919434758671316,0.0816663608001468,0.209396219489815
164773.411807,2608366.126422,0.000733541169998166,0.186502842472034,0.505593251421236,0.0849073904272877,0.0573995965523565,0.164863377957088
165273.411807,2608366.126422,0.0047645226314825,0.180685358255452,0.259666483415796,0.0357339197361187,0.133956386292835,0.385193329668316
165773.411807,2608366.126422,0.0196366305744173,0.210497338961277,0.000734079647641769,0.0231235089007157,0.0666177280234905,0.679390713892457
166273.411807,2608366.126422,0.0344764349899138,0.134421419402164,0.0115532734274711,0.0447460113698881,0.0845406198422887,0.690262240968274
166773.411807,2608366.126422,0.0227231079347627,0.322155030236394,0.0177753344328386,0.0492944841487997,0.150998717243907,0.437053326003298
167273.411807,2608366.126422,0.0706551660855203,0.242613323545605,0.02073775004588,0.122774821068086,0.17838135437695,0.364837584877959
167773.411807,2608366.126422,0.0282413350449294,0.11608289015221,0.0698697964423253,0.11589950485971,0.157894736842105,0.51201173665872
168273.411807,2608366.126422,0.0251053692505039,0.268096023456111,0.140736668499175,0.0441634597764339,0.121678577973245,0.40021990104453
168773.411807,2608366.126422,0.0337676637915214,0.545237658285924,0,0.00146815929528354,0.0308313452009543,0.388695173426317
169273.411807,2608366.126422,0.0326425820649184,0.57216211259857,0.0342930496974143,0.00953603520997616,0.0357601320374106,0.315606088391711
169773.411807,2608366.126422,0.0126443100604728,0.812351108667766,0.00842954004031519,0.00641378046545721,0.0208905992303463,0.139270661535642
170273.411807,2608366.126422,0.0121123141860892,0.58506147917049,0.0227564690768948,0.0238575885483575,0.0383556615892824,0.317856487428886
170773.411807,2608366.126422,0.0555657436273611,0.589400330093527,0.0282413350449294,0.0496974142673758,0.0473134054648817,0.229781771501926
171273.411807,2608366.126422,0.0613890415979476,0.54040681693238,0.00274876305662452,0.0298698918819864,0.0566245189664651,0.308960967564596
171773.411807,2608366.126422,0.0411084602679391,0.592952835382639,0,0.00734079647641769,0.028629106258029,0.329968801614975
172273.411807,2608366.126422,0.0874747845222813,0.461947551806345,0,0.0170548322024574,0.0473134054648817,0.386209426004034
172773.411807,2608366.126422,0.0623052959501558,0.453545904343046,0.000733003481766538,0.0569910207073484,0.103353490929082,0.323071284588602
173273.411807,2608366.126422,0.0918141592920354,0.503982300884956,0.000442477876106195,0.0504424778761062,0.0805309734513274,0.272787610619469
161273.411807,2607866.126422,0,0,0.769724770642202,0.230275229357798,0,0
162773.411807,2607866.126422,0.00055045871559633,0.0337614678899083,0.675596330275229,0.212660550458716,0.0489908256880734,0.0284403669724771
163273.411807,2607866.126422,0.00220143093010457,0.0610897083104018,0.47220693450743,0.394056136488718,0.0473307649972482,0.023115024766098
163773.411807,2607866.126422,0.0111721611721612,0.0868131868131868,0.221978021978022,0.227838827838828,0.060989010989011,0.391208791208791
164273.411807,2607866.126422,0.000917431192660551,0.148807339449541,0.635412844036697,0.0965137614678899,0.0499082568807339,0.0684403669724771
164773.411807,2607866.126422,0.00972298660796184,0.199596404329481,0.38378279214823,0.139607411484131,0.0742982938910292,0.192992111539167
165273.411807,2607866.126422,0.00586080586080586,0.124542124542125,0.0657509157509158,0.0978021978021978,0.184065934065934,0.521978021978022
165773.411807,2607866.126422,0.0401834862385321,0.0484403669724771,0.00348623853211009,0.222201834862385,0.174862385321101,0.510825688073394
166273.411807,2607866.126422,0.0467804072647221,0.0986974866996881,0.0410933773619519,0.220693450742983,0.171344707393139,0.421390570537516
166773.411807,2607866.126422,0.0186813186813187,0.17014652014652,0.18974358974359,0.0404761904761905,0.0904761904761905,0.49047619047619
167273.411807,2607866.126422,0.0308256880733945,0.272293577981651,0.144220183486239,0.0271559633027523,0.0655045871559633,0.46
167773.411807,2607866.126422,0.0436617134470739,0.341405246743717,0.0871399743166392,0.0746651990460466,0.119977985690699,0.333149880755825
168273.411807,2607866.126422,0.0128205128205128,0.63992673992674,0,0.0010989010989011,0.0104395604395604,0.335714285714286
168773.411807,2607866.126422,0.0273394495412844,0.717981651376147,0,0.00036697247706422,0.00678899082568807,0.247522935779817
169273.411807,2607866.126422,0.0502660062373876,0.480645753072831,0.0183452577508714,0.0289855072463768,0.0735644835809943,0.348192992111539
169773.411807,2607866.126422,0.0316849816849817,0.673443223443223,0,0.0141025641025641,0.0413919413919414,0.239377289377289
170273.411807,2607866.126422,0.0260550458715596,0.693211009174312,0.0108256880733945,0.00220183486238532,0.0343119266055046,0.233394495412844
170773.411807,2607866.126422,0.0262337185837461,0.454045129334067,0.001284168042561,0.130067877453678,0.130251330031187,0.258117776554761
171273.411807,2607866.126422,0.0802197802197802,0.568498168498168,0,0.0126373626373626,0.0333333333333333,0.305311355311355
171773.411807,2607866.126422,0.0493577981651376,0.483119266055046,0.0168807339449541,0.0875229357798165,0.0979816513761468,0.265137614678899
172273.411807,2607866.126422,0.102916895982389,0.225096312603192,0.00366905155017428,0.194276279581728,0.155384333149881,0.318657127132636
172773.411807,2607866.126422,0.0886446886446886,0.0305860805860806,0.000915750915750916,0.412820512820513,0.307875457875458,0.159157509157509
173273.411807,2607866.126422,0.184030081840301,0.0911302809113028,0.0037602300376023,0.212342402123424,0.221411192214112,0.287325812873258
162773.411807,2607366.126422,0,0.0879120879120879,0.749267399267399,0.114102564102564,0.0324175824175824,0.0163003663003663
163273.411807,2607366.126422,0.000366300366300366,0.0547619047619048,0.784249084249084,0.0620879120879121,0.0335164835164835,0.065018315018315
163773.411807,2607366.126422,0.000733406674000733,0.118078474514118,0.453428676200953,0.198019801980198,0.105610561056106,0.124129079574624
164273.411807,2607366.126422,0.00586080586080586,0.193223443223443,0.455860805860806,0.0208791208791209,0.0888278388278388,0.235347985347985
164773.411807,2607366.126422,0.000732600732600733,0.0672161172161172,0.588644688644689,0.0131868131868132,0.0597069597069597,0.27051282051282
165273.411807,2607366.126422,0.00366703337000367,0.183168316831683,0.0447378071140447,0.085991932526586,0.232123212321232,0.45031169783645
165773.411807,2607366.126422,0.0175824175824176,0.12014652014652,0.178937728937729,0.117216117216117,0.139194139194139,0.426923076923077
166273.411807,2607366.126422,0.00622710622710623,0.103296703296703,0.249450549450549,0.191208791208791,0.13021978021978,0.31959706959707
166773.411807,2607366.126422,0.00751741840850752,0.192519251925193,0.0353868720205354,0.00256692335900257,0.0133846718005134,0.748624862486249
167273.411807,2607366.126422,0.0461538461538462,0.392673992673993,0.0681318681318681,0.0512820512820513,0.0531135531135531,0.388644688644689
167773.411807,2607366.126422,0.0399267399267399,0.53974358974359,0.000183150183150183,0.0417582417582418,0.0639194139194139,0.314468864468864
168273.411807,2607366.126422,0.0363036303630363,0.683901723505684,0,0.00146681334800147,0.0135680234690136,0.264759809314265
168773.411807,2607366.126422,0.0424908424908425,0.636630036630037,0,0.0412087912087912,0.0673992673992674,0.212271062271062
169273.411807,2607366.126422,0.0586080586080586,0.218131868131868,0.00366300366300366,0.202747252747253,0.265201465201465,0.251648351648352
169773.411807,2607366.126422,0.0135680234690136,0.627612761276128,0,0.0144847818115145,0.0377704437110378,0.306563989732307
170273.411807,2607366.126422,0.023992673992674,0.759523809523809,0,0.00384615384615385,0.0131868131868132,0.199450549450549
170773.411807,2607366.126422,0.0598901098901099,0.491575091575092,0.000549450549450549,0.0371794871794872,0.117399267399267,0.293406593406593
171273.411807,2607366.126422,0.0381371470480381,0.526035936927026,0,0.0308030803080308,0.0865419875320865,0.318481848184819
171773.411807,2607366.126422,0.0553113553113553,0.677289377289377,0.00531135531135531,0.0115384615384615,0.0406593406593407,0.20989010989011
172273.411807,2607366.126422,0.0468864468864469,0.513003663003663,0,0.0644688644688645,0.126190476190476,0.249450549450549
172773.411807,2607366.126422,0.0586725339200587,0.460946094609461,0,0.0421708837550422,0.0658232489915658,0.372387238723872
173273.411807,2607366.126422,0.0196685082872928,0.70828729281768,0,0.0280662983425414,0.056353591160221,0.187624309392265
160773.411807,2606866.126422,0,0,1,0,0,0
161273.411807,2606866.126422,0,0,0.985685446870985,0.0143145531290145,0,0
162773.411807,2606866.126422,0.000550559735731327,0.0750596439713709,0.640117452743623,0.190126628739218,0.0526702147182969,0.04147550009176
163273.411807,2606866.126422,0.000183385292499542,0.0959105079772602,0.727489455345681,0.0759215110948102,0.0265908674124335,0.0739042728773152
163773.411807,2606866.126422,0,0.129558365402236,0.636430273043797,0.0811801356056441,0.0311526479750779,0.121678577973245
164273.411807,2606866.126422,0.0117452743622683,0.0996513121673702,0.590567076527803,0.158377683978712,0.0717562855569829,0.0679023674068636
164773.411807,2606866.126422,0.00788556757748029,0.138272510544654,0.431505593251421,0.0203557674674491,0.104896387309738,0.297084173849257
165273.411807,2606866.126422,0.0276708814366868,0.138537658053876,0.0765988638446033,0.091258933479934,0.0822796408282939,0.583654022356606
165773.411807,2606866.126422,0.00165167920719398,0.0607450908423564,0.57680308313452,0.0361534226463571,0.120756102037071,0.203890622132501
166273.411807,2606866.126422,0.00201723821749496,0.208875848156978,0.208875848156978,0.115349348982212,0.101595452044746,0.363286264441592
