"x","y","forest","agri","water","built","other","grass"
313273.411807,2737866.126422,0.94975556762629,0.00353068984247691,0,0,0,0.046713742531233
313773.411807,2737866.126422,0.715804913824716,0.0412541254125413,0,0.000183351668500183,0.000916758342500917,0.241840850751742
314273.411807,2737866.126422,0.906776556776557,0.017032967032967,0,0,0,0.0761904761904762
314773.411807,2737866.126422,0.581501831501832,0.0608058608058608,0.130769230769231,0.00457875457875458,0,0.222344322344322
315273.411807,2737866.126422,0.918408507517418,0.00201686835350202,0,0,0.000916758342500917,0.0786578657865787
315773.411807,2737866.126422,0.673443223443223,0.00970695970695971,0,0,0,0.316849816849817
316273.411807,2737866.126422,0.741208791208791,0.00256410256410256,0,0,0,0.256227106227106
316773.411807,2737866.126422,0.926842684268427,0.0242024202420242,0,0,0,0.048954895489549
317273.411807,2737866.126422,0.952930402930403,0.00293040293040293,0,0,0,0.0441391941391941
317773.411807,2737866.126422,0.765384615384615,0.00384615384615385,0,0.000549450549450549,0.0122710622710623,0.217948717948718
318273.411807,2737866.126422,0.533920058672534,0.136046938027136,0,0.0022002200220022,0.0055005500550055,0.322332233223322
318773.411807,2737866.126422,0.122527472527473,0.117399267399267,0,0.00128205128205128,0.013003663003663,0.745787545787546
319273.411807,2737866.126422,0.166666666666667,0.219047619047619,0.000366300366300366,0.0153846153846154,0.0507326007326007,0.547802197802198
319773.411807,2737866.126422,0.105610561056106,0.302530253025303,0.00201686835350202,0.0649064906490649,0.118445177851118,0.406490649064907
320273.411807,2737866.126422,0.0796703296703297,0.382967032967033,0.00824175824175824,0.0635531135531135,0.163369963369963,0.302197802197802
320773.411807,2737866.126422,0.104212454212454,0.442673992673993,0.00274725274725275,0.0346153846153846,0.0886446886446886,0.327106227106227
321273.411807,2737866.126422,0.0984598459845985,0.305280528052805,0.00146681334800147,0.0333700036670334,0.105610561056106,0.455812247891456
321773.411807,2737866.126422,0.109157509157509,0.247435897435897,0.000366300366300366,0.0659340659340659,0.128205128205128,0.448901098901099
322273.411807,2737866.126422,0.202014652014652,0.118681318681319,0,0.00567765567765568,0.0161172161172161,0.657509157509158
322773.411807,2737866.126422,0.32966629996333,0.0836083608360836,0.00055005500550055,0.055005500550055,0.0775577557755776,0.453612027869454
323273.411807,2737866.126422,0.198717948717949,0.0545787545787546,0.00604395604395604,0.218498168498168,0.201098901098901,0.321062271062271
323773.411807,2737866.126422,0.110805860805861,0.215567765567766,0.00512820512820513,0.344505494505495,0.159157509157509,0.164835164835165
324273.411807,2737866.126422,0.079024569123579,0.317748441510818,0.0172350568390172,0.348918225155849,0.126145947928126,0.110927759442611
324773.411807,2737866.126422,0.043040293040293,0.173260073260073,0.0153846153846154,0.579304029304029,0.1,0.089010989010989
325273.411807,2737866.126422,0.221245421245421,0.0822344322344322,0.0254578754578755,0.394322344322344,0.151282051282051,0.125457875457875
325773.411807,2737866.126422,0.136326363263633,0.0789257892578926,0.00861008610086101,0.478884788847888,0.158671586715867,0.138581385813858
313273.411807,2737366.126422,0.936887921653972,0.015233949945593,0,0,0,0.0478781284004353
313773.411807,2737366.126422,0.91588785046729,0.0214403518416712,0,0,0,0.062671797691039
314273.411807,2737366.126422,0.983666727839971,0.00165167920719398,0,0,0,0.0146815929528354
314773.411807,2737366.126422,0.979644232532551,0.00458463231248854,0,0,0,0.0157711351549606
315273.411807,2737366.126422,0.967014843320506,0.00751328568810702,0,0,0,0.0254718709913872
315773.411807,2737366.126422,0.854101670031198,0.0405579005322077,0,0,0.000183519911910442,0.105156909524683
316273.411807,2737366.126422,0.657619658903356,0.0504309554373739,0,0,0.000366770584999083,0.291582615074271
316773.411807,2737366.126422,0.8587135788895,0.0223566061938794,0,0,0,0.118929814916621
317273.411807,2737366.126422,0.967333455679941,0.00146815929528354,0,0,0,0.0311983850247752
317773.411807,2737366.126422,0.814597469282964,0.0584999083073537,0,0,0,0.126902622409683
318273.411807,2737366.126422,0.83965548836357,0.00439802089059923,0,0,0,0.155946490745831
318773.411807,2737366.126422,0.501192879427418,0.0647825289043861,0,0.00458799779776106,0.0132134336575518,0.416223160212883
319273.411807,2737366.126422,0.652851641298368,0.0172382174949569,0,0,0,0.329910141206675
319773.411807,2737366.126422,0.291735385743082,0.243173905076049,0.0251053692505039,0.00274876305662452,0.0216236027121129,0.415612974161627
320273.411807,2737366.126422,0.0778124426500275,0.459533859423747,0.000367039823820885,0.0216553496054322,0.0761607634428336,0.364470545054138
320773.411807,2737366.126422,0.0662020905923345,0.496790757381258,0.000733541169998166,0.0341096644049147,0.0482303319273794,0.353933614524115
321273.411807,2737366.126422,0.0740333516584204,0.518966465090709,0.000549752611324904,0.0146600696353308,0.0447132123877588,0.347077148616456
321773.411807,2737366.126422,0.0473481372728941,0.584510919434759,0.00935951550743256,0.00367039823820885,0.0387227014131033,0.316388328133603
322273.411807,2737366.126422,0.136988813497158,0.577480286081056,0,0.00275077938749312,0.0150375939849624,0.267742527049331
322773.411807,2737366.126422,0.157962250320689,0.198277441817849,0.00164925783397471,0.0104452996151732,0.00916254352208173,0.622503206890233
323273.411807,2737366.126422,0.0840521196549826,0.36098366672784,0.0108276748027161,0.268856670948798,0.108276748027161,0.167003119838502
323773.411807,2737366.126422,0.0555657436273611,0.785439207775536,0.000366770584999083,0.00806895286997983,0.026407482119934,0.12415184302219
324273.411807,2737366.126422,0.042147700201576,0.82059739783764,0.000183250870441635,0.0117280557082646,0.024555616639179,0.100787978742899
324773.411807,2737366.126422,0.0695540466140576,0.675903835566159,0.000550559735731327,0.00752431638832813,0.034868783262984,0.21159845843274
325273.411807,2737366.126422,0.0902255639097744,0.697964423253255,0.000183385292499542,0.0447460113698881,0.0467632495873831,0.1201173665872
325773.411807,2737366.126422,0.0653956539565396,0.243132431324313,0.00820008200082001,0.415334153341533,0.123411234112341,0.144526445264453
313273.411807,2736866.126422,0.984226271416916,0.00054392167527876,0,0,0,0.0152298069078053
313773.411807,2736866.126422,0.868131868131868,0.0862637362637363,0,0,0.000549450549450549,0.0450549450549451
314273.411807,2736866.126422,0.968623853211009,0.0211009174311927,0,0,0,0.0102752293577982
314773.411807,2736866.126422,0.989910108237021,0.00091726288754357,0,0,0,0.0091726288754357
315273.411807,2736866.126422,0.945787545787546,0.00293040293040293,0,0,0,0.0512820512820513
315773.411807,2736866.126422,0.917431192660551,0.00642201834862385,0,0,0,0.0761467889908257
316273.411807,2736866.126422,0.893964410199963,0.0106402494955054,0,0,0,0.0953953403045313
316773.411807,2736866.126422,0.688827838827839,0.0124542124542125,0,0,0,0.298717948717949
317273.411807,2736866.126422,0.699266055045872,0.0231192660550459,0,0,0,0.277614678899083
317773.411807,2736866.126422,0.766831773986425,0.00348559897266557,0,0,0,0.22968262704091
318273.411807,2736866.126422,0.856959706959707,0.00586080586080586,0,0,0,0.137179487179487
318773.411807,2736866.126422,0.727155963302752,0.00513761467889908,0,0,0,0.267706422018349
319273.411807,2736866.126422,0.594386351128233,0.00183452577508714,0,0.000183452577508714,0.00220143093010457,0.401394239589066
319773.411807,2736866.126422,0.645970695970696,0.0463369963369963,0.176373626373626,0.000183150183150183,0.0021978021978022,0.128937728937729
320273.411807,2736866.126422,0.0653211009174312,0.43651376146789,0.0190825688073394,0.00128440366972477,0.0176146788990826,0.460183486238532
320773.411807,2736866.126422,0.0555861309851403,0.713997431663915,0,0.00330214639515685,0.0172445422858191,0.209869748669969
321273.411807,2736866.126422,0.0467032967032967,0.56007326007326,0.000183150183150183,0.0126373626373626,0.0507326007326007,0.32967032967033
321773.411807,2736866.126422,0.0407339449541284,0.622935779816514,0.00110091743119266,0.00880733944954129,0.0396330275229358,0.286788990825688
322273.411807,2736866.126422,0.0407264722069345,0.55494404696386,0,0.00165107319757843,0.0150431113557145,0.387635296275913
322773.411807,2736866.126422,0.128021978021978,0.333516483516483,0.00714285714285714,0.0750915750915751,0.134615384615385,0.321611721611722
323273.411807,2736866.126422,0.083302752293578,0.650091743119266,0.00715596330275229,0.0284403669724771,0.0385321100917431,0.192477064220183
323773.411807,2736866.126422,0.0487983856173179,0.760594386351128,0,0.00990643918547056,0.0460465969546872,0.134654191891396
324273.411807,2736866.126422,0.125091575091575,0.521062271062271,0,0.00659340659340659,0.0580586080586081,0.289194139194139
324773.411807,2736866.126422,0.0590825688073394,0.608807339449541,0.00238532110091743,0.0759633027522936,0.0677064220183486,0.18605504587156
325273.411807,2736866.126422,0.098147128967162,0.582278481012658,0.00697119794533113,0.0576041093377362,0.0713630526508897,0.183636030086223
325773.411807,2736866.126422,0.0391393442622951,0.83155737704918,0.000204918032786885,0.0118852459016393,0.0262295081967213,0.0909836065573771
313273.411807,2736366.126422,0.881857686040196,0.0736013036393265,0,0,0,0.044541010320478
313773.411807,2736366.126422,0.96974697469747,0.00715071507150715,0,0,0,0.0231023102310231
314273.411807,2736366.126422,0.966849816849817,0.00201465201465201,0,0,0,0.0311355311355311
314773.411807,2736366.126422,0.974175824175824,0.0032967032967033,0,0,0,0.0225274725274725
315273.411807,2736366.126422,0.983314998166483,0.00311697836450312,0,0,0,0.0135680234690136
315773.411807,2736366.126422,0.822161172161172,0,0,0,0,0.177838827838828
316273.411807,2736366.126422,0.965750915750916,0,0,0,0,0.0342490842490843
316773.411807,2736366.126422,0.92977631096443,0.0022002200220022,0,0,0,0.068023469013568
317273.411807,2736366.126422,0.916849816849817,0.00879120879120879,0,0,0,0.0743589743589744
317773.411807,2736366.126422,0.577106227106227,0.000366300366300366,0,0,0,0.422527472527473
318273.411807,2736366.126422,0.352035203520352,0.00366703337000367,0,0,0.000733406674000733,0.643564356435644
318773.411807,2736366.126422,0.424908424908425,0.000915750915750916,0,0,0,0.574175824175824
319273.411807,2736366.126422,0.477289377289377,0,0,0,0.000183150183150183,0.522527472527473
319773.411807,2736366.126422,0.675650898423176,0.00806747341400807,0,0,0,0.316281628162816
320273.411807,2736366.126422,0.704945054945055,0.000732600732600733,0,0.000183150183150183,0.00164835164835165,0.292490842490843
320773.411807,2736366.126422,0.0992673992673993,0.4496336996337,0.0021978021978022,0.0166666666666667,0.0771062271062271,0.355128205128205
321273.411807,2736366.126422,0.059039237257059,0.548404840484048,0,0.00458379171250458,0.0308030803080308,0.357169050238357
321773.411807,2736366.126422,0.103663003663004,0.411538461538462,0.00311355311355311,0.00915750915750916,0.0456043956043956,0.426923076923077
322273.411807,2736366.126422,0.164468864468864,0.269230769230769,0.00622710622710623,0.0168498168498168,0.0613553113553114,0.481868131868132
322773.411807,2736366.126422,0.0612394572790612,0.687752108544188,0.000366703337000367,0.0280528052805281,0.0625229189585625,0.16006600660066
323273.411807,2736366.126422,0.0556776556776557,0.673076923076923,0.000732600732600733,0.00586080586080586,0.0423076923076923,0.222344322344322
323773.411807,2736366.126422,0.0833333333333333,0.494322344322344,0.0010989010989011,0.0965201465201465,0.102014652014652,0.222710622710623
324273.411807,2736366.126422,0.070957095709571,0.586358635863586,0.0055005500550055,0.0372203887055372,0.0793912724605794,0.220572057205721
324773.411807,2736366.126422,0.11007326007326,0.57967032967033,0.00146520146520147,0.0384615384615385,0.0767399267399267,0.193589743589744
325273.411807,2736366.126422,0.0525641025641026,0.701098901098901,0,0.00146520146520147,0.017032967032967,0.227838827838828
325773.411807,2736366.126422,0.0338253382533825,0.359983599835998,0.0018450184501845,0.0383353833538335,0.0574005740057401,0.508610086100861
313273.411807,2735866.126422,0.937159956474429,0.00244831338411317,0,0,0,0.0603917301414581
313773.411807,2735866.126422,0.984973428623786,0,0,0,0,0.015026571376214
314273.411807,2735866.126422,0.978528170306478,0,0,0,0,0.0214718296935217
314773.411807,2735866.126422,0.990463964790024,0,0,0,0,0.00953603520997616
315273.411807,2735866.126422,0.969397104636247,0,0,0,0,0.030602895363753
315773.411807,2735866.126422,0.965498256560837,0,0,0,0,0.0345017434391632
316273.411807,2735866.126422,0.953236750412617,0.00366770584999083,0,0,0,0.0430955437373923
316773.411807,2735866.126422,0.905076049111233,0.00439802089059923,0,0,0,0.0905259299981675
317273.411807,2735866.126422,0.932097632593136,0.0012846393833731,0,0,0,0.0666177280234905
317773.411807,2735866.126422,0.919677241885201,0.00165046763249587,0,0,0,0.0786722904823033
318273.411807,2735866.126422,0.709547370350009,0.0047645226314825,0,0,0,0.285688107018508
318773.411807,2735866.126422,0.854468709855019,0,0,0,0,0.145531290144981
319273.411807,2735866.126422,0.802310654685494,0.000183385292499542,0,0,0.000183385292499542,0.197322574729507
319773.411807,2735866.126422,0.277258566978193,0.212937511453179,0,0.00384826827927433,0.0346344145134689,0.471321238775884
320273.411807,2735866.126422,0.195999265920352,0.247568361167187,0,0.0137639933932832,0.060561570930446,0.482106808588732
320773.411807,2735866.126422,0.0579497524298551,0.475151292866312,0,0.0135705116449661,0.0401613790573996,0.413167064001467
321273.411807,2735866.126422,0.113798790544255,0.375114531794026,0.0199743448781382,0.00879604178119846,0.0426974528129009,0.439618838189481
321773.411807,2735866.126422,0.0871719581574601,0.237291246100202,0.0258763075793724,0.0317489447605065,0.0732244448522665,0.544687098550193
322273.411807,2735866.126422,0.0935264991747662,0.421786172748946,0.0075187969924812,0.0403447643498991,0.0713368787823217,0.365486887951586
322773.411807,2735866.126422,0.0366501740883269,0.712112882536192,0.00146600696353308,0.0113615539673813,0.0337181601612608,0.204691222283306
323273.411807,2735866.126422,0.0541383740135805,0.660855202789503,0.00238575885483575,0.0139475133051936,0.0530372545421178,0.21563589649477
323773.411807,2735866.126422,0.0926095727122685,0.425820649183935,0.00165046763249587,0.0529983495323675,0.110764716669723,0.31615624426921
324273.411807,2735866.126422,0.0663368150998717,0.617555433388309,0.000916254352208173,0.0179585853032802,0.0483782297965915,0.24885468205974
324773.411807,2735866.126422,0.0673518076711323,0.706368140943292,0.00110111947146265,0.0304643053771334,0.0521196549825656,0.142594971554414
325273.411807,2735866.126422,0.0267742527049331,0.315789473684211,0.0335595085274161,0.0278745644599303,0.0434623143223913,0.552539886301119
325773.411807,2735866.126422,0.030750307503075,0.379663796637966,0,0.04510045100451,0.0651906519065191,0.479294792947929
313273.411807,2735366.126422,0.971988033723144,0.00571117759042698,0,0,0,0.0223007886864292
313773.411807,2735366.126422,0.846703296703297,0.0210622710622711,0.000183150183150183,0.000915750915750916,0.0010989010989011,0.13003663003663
314273.411807,2735366.126422,0.92348623853211,0.0036697247706422,0,0,0.00055045871559633,0.0722935779816514
314773.411807,2735366.126422,0.913226930838378,0.00513667217024399,0,0.000366905155017428,0.00183452577508714,0.0794349660612732
315273.411807,2735366.126422,0.973626373626374,0.000549450549450549,0,0,0,0.0258241758241758
315773.411807,2735366.126422,0.955412844036697,0.0126605504587156,0,0,0,0.0319266055045872
316273.411807,2735366.126422,0.975050449458815,0,0,0,0,0.0249495505411851
316773.411807,2735366.126422,0.887728937728938,0.0122710622710623,0,0,0,0.1
317273.411807,2735366.126422,0.828807339449541,0,0,0,0,0.171192660550459
317773.411807,2735366.126422,0.953953403045313,0,0,0,0,0.0460465969546872
318273.411807,2735366.126422,0.71959706959707,0.01996336996337,0,0,0.00183150183150183,0.258608058608059
318773.411807,2735366.126422,0.271743119266055,0.257798165137615,0.00073394495412844,0.0055045871559633,0.0291743119266055,0.435045871559633
319273.411807,2735366.126422,0.369840396257567,0.13832324344157,0,0.0111906072280316,0.0458631443771785,0.434782608695652
319773.411807,2735366.126422,0.128571428571429,0.208058608058608,0.000549450549450549,0.0423076923076923,0.110989010989011,0.509523809523809
320273.411807,2735366.126422,0.0478899082568807,0.607522935779817,0,0.0036697247706422,0.0181651376146789,0.322752293577982
320773.411807,2735366.126422,0.0181618051733627,0.809943129700972,0,0,0.00091726288754357,0.170977802238121
321273.411807,2735366.126422,0.15989010989011,0.489377289377289,0.00695970695970696,0.00915750915750916,0.0717948717948718,0.262820512820513
321773.411807,2735366.126422,0.0880733944954128,0.378899082568807,0.00623853211009174,0.0337614678899083,0.0770642201834862,0.415963302752294
322273.411807,2735366.126422,0.063474591818015,0.590166941845533,0,0.010273344340488,0.0425609979820216,0.293524124013942
322773.411807,2735366.126422,0.103479853479853,0.542124542124542,0.000915750915750916,0.0225274725274725,0.0902930402930403,0.240659340659341
323273.411807,2735366.126422,0.123853211009174,0.377614678899083,0.00275229357798165,0.0625688073394495,0.128256880733945,0.304954128440367
323773.411807,2735366.126422,0.0559530361401578,0.568519537699505,0.000366905155017428,0.023115024766098,0.0867730691616217,0.2652724270776
324273.411807,2735366.126422,0.0657509157509158,0.596520146520147,0.000732600732600733,0.00512820512820513,0.0423076923076923,0.28956043956044
324773.411807,2735366.126422,0.0510091743119266,0.67302752293578,0.0159633027522936,0.00862385321100917,0.0493577981651376,0.202018348623853
325273.411807,2735366.126422,0.0550357732526142,0.412768299394607,0.0289855072463768,0.0207301412584847,0.0631076866629976,0.41937259218492
325773.411807,2735366.126422,0.0788934426229508,0.379918032786885,0.00040983606557377,0.0227459016393443,0.0280737704918033,0.489959016393443
313273.411807,2734866.126422,0.963878326996198,0.0141227593699077,0,0,0,0.0219989136338946
313773.411807,2734866.126422,0.963329666299963,0.00715071507150715,0,0,0,0.0295196186285295
314273.411807,2734866.126422,0.857692307692308,0.0586080586080586,0,0,0,0.0836996336996337
314773.411807,2734866.126422,0.716666666666667,0.0159340659340659,0,0.000549450549450549,0.0021978021978022,0.264652014652015
315273.411807,2734866.126422,0.952511917858452,0.0044004400440044,0,0,0,0.0430876420975431
315773.411807,2734866.126422,0.937728937728938,0,0,0,0,0.0622710622710623
316273.411807,2734866.126422,0.92032967032967,0.0100732600732601,0,0,0,0.0695970695970696
316773.411807,2734866.126422,0.856618995232857,0.0119178584525119,0,0,0,0.131463146314631
317273.411807,2734866.126422,0.966483516483516,0,0,0,0,0.0335164835164835
317773.411807,2734866.126422,0.926373626373626,0.0032967032967033,0,0,0,0.0703296703296703
318273.411807,2734866.126422,0.864503116978364,0.0181518151815182,0.000366703337000367,0,0.000366703337000367,0.116611661166117
318773.411807,2734866.126422,0.34047619047619,0.286813186813187,0.0472527472527473,0.00256410256410256,0.015018315018315,0.307875457875458
319273.411807,2734866.126422,0.0860805860805861,0.33956043956044,0,0.00787545787545788,0.0423076923076923,0.524175824175824
319773.411807,2734866.126422,0.13971397139714,0.285661899523286,0.00146681334800147,0.0885588558855886,0.115328199486615,0.369270260359369
320273.411807,2734866.126422,0.109340659340659,0.304029304029304,0.000366300366300366,0.00732600732600733,0.0293040293040293,0.5496336996337
320773.411807,2734866.126422,0.103479853479853,0.363736263736264,0.000183150183150183,0.00714285714285714,0.0261904761904762,0.499267399267399
321273.411807,2734866.126422,0.198386505317198,0.158782544921159,0.015951595159516,0.0177851118445178,0.0707737440410708,0.538320498716538
321773.411807,2734866.126422,0.0531135531135531,0.704212454212454,0.00311355311355311,0.0208791208791209,0.0542124542124542,0.164468864468864
322273.411807,2734866.126422,0.0481684981684982,0.722161172161172,0.000366300366300366,0.0137362637362637,0.0463369963369963,0.169230769230769
322773.411807,2734866.126422,0.0528052805280528,0.665566556655666,0.000183351668500183,0.0262192885955262,0.0429042904290429,0.212321232123212
323273.411807,2734866.126422,0.0804029304029304,0.528571428571429,0.000366300366300366,0.0205128205128205,0.0655677655677656,0.304578754578755
323773.411807,2734866.126422,0.0710622710622711,0.558791208791209,0.00183150183150183,0.00384615384615385,0.0305860805860806,0.333882783882784
324273.411807,2734866.126422,0.0441877521085442,0.506233956729006,0.00256692335900257,0.0165016501650165,0.092042537587092,0.338467180051338
324773.411807,2734866.126422,0.067032967032967,0.493956043956044,0.00274725274725275,0.0157509157509158,0.0672161172161172,0.353296703296703
325273.411807,2734866.126422,0.0998168498168498,0.259157509157509,0.000549450549450549,0.0606227106227106,0.108424908424908,0.471428571428571
325773.411807,2734866.126422,0.0428454284542845,0.275932759327593,0.0010250102501025,0.029930299302993,0.0582205822058221,0.592045920459205
313273.411807,2734366.126422,0.9069640914037,0.000544069640914037,0,0,0,0.0924918389553863
313773.411807,2734366.126422,0.935129191863661,0.00219901044529962,0,0,0,0.062671797691039
314273.411807,2734366.126422,0.980363369425583,0,0,0,0,0.0196366305744173
314773.411807,2734366.126422,0.498441225013754,0.0227397762699432,0.000550155877498625,0.0053181734824867,0.0282413350449294,0.444709334311388
315273.411807,2734366.126422,0.684808502840389,0.0161260765988638,0.0751328568810702,0.0733003481766538,0.034084661902144,0.11654755360088
315773.411807,2734366.126422,0.844925674435676,0.0108276748027161,0,0,0,0.144246650761608
316273.411807,2734366.126422,0.918393544837704,0.00165046763249587,0,0,0,0.0799559875298001
316773.411807,2734366.126422,0.929448414879971,0,0,0,0,0.0705515851200293
317273.411807,2734366.126422,0.65957056340613,0.00991007524316388,0,0,0.00440447788585061,0.326114883464856
317773.411807,2734366.126422,0.805061434072987,0.000733541169998166,0,0.000366770584999083,0.00183385292499542,0.19200440124702
318273.411807,2734366.126422,0.682426241524647,0.0778816199376947,0,0.00201575957485798,0.0104452996151732,0.227231079347627
318773.411807,2734366.126422,0.456046981097449,0.026977427050835,0.0967149935768031,0.00532207744540283,0.0126628739218205,0.402275646907689
319273.411807,2734366.126422,0.0931597285897671,0.344397579314139,0.000550155877498625,0.00953603520997616,0.0306253438474234,0.521731157161196
319773.411807,2734366.126422,0.139453912406084,0.0716510903426791,0.0414146967198094,0.214220267546271,0.172072567344695,0.361187465640462
320273.411807,2734366.126422,0.152138006973757,0.39438429069554,0.00275279867865663,0.0611121306661773,0.108643787850982,0.280968985134887
320773.411807,2734366.126422,0.0500641848523748,0.61195672107097,0.0188886851274528,0.0990280579497524,0.066018705299835,0.154043645699615
321273.411807,2734366.126422,0.089792926516401,0.368150998717244,0.00787978742899029,0.0868609125893348,0.0747663551401869,0.372549019607843
321773.411807,2734366.126422,0.0451458983299688,0.645623050100936,0.00201871903101487,0.00403743806202973,0.0293631859056708,0.27381170857038
322273.411807,2734366.126422,0.0564826700898588,0.624793691545938,0.0022006235099945,0.00916926462497708,0.0478635613423803,0.259490188886851
322773.411807,2734366.126422,0.0881436686824262,0.546820597397838,0.00183250870441635,0.0397654388858347,0.0758658603628367,0.247571925966648
323273.411807,2734366.126422,0.0488162965681776,0.740686364470545,0.000550559735731327,0.0227564690768948,0.0260598274912828,0.161130482657368
323773.411807,2734366.126422,0.0432789290298918,0.70805061434073,0.000183385292499542,0.0293416467999266,0.0487804878048781,0.170364936732074
324273.411807,2734366.126422,0.0540590067802822,0.530144768187649,0.000366501740883269,0.0207073483599047,0.0800806303829943,0.314641744548287
324773.411807,2734366.126422,0.0464305377133419,0.24059460451459,0.00752431638832813,0.0743255643237291,0.139842172875757,0.491282804184254
325273.411807,2734366.126422,0.0190720704199523,0.496423986796259,0.115349348982212,0.0513478818998716,0.00843572345497891,0.309370988446727
325773.411807,2734366.126422,0.00738007380073801,0.499179991799918,0.204387043870439,0.042640426404264,0.022140221402214,0.224272242722427
313273.411807,2733866.126422,0.975251563774816,0.00326353005167256,0,0,0,0.021484906173511
313773.411807,2733866.126422,0.97032967032967,0,0,0,0,0.0296703296703297
314273.411807,2733866.126422,0.960550458715596,0.00697247706422018,0,0,0,0.0324770642201835
314773.411807,2733866.126422,0.795083470922766,0.0616400660429279,0.000366905155017428,0.00238488350761328,0.00697119794533113,0.133553476426344
315273.411807,2733866.126422,0.373260073260073,0.0333333333333333,0,0.00879120879120879,0.0278388278388278,0.556776556776557
315773.411807,2733866.126422,0.259266055045872,0.0187155963302752,0,0.00642201834862385,0.04,0.675596330275229
316273.411807,2733866.126422,0.320124747752706,0.01284168042561,0,0.0078884608328747,0.0344890845716382,0.624656026417171
316773.411807,2733866.126422,0.807326007326007,0.0247252747252747,0.000183150183150183,0.00256410256410256,0.00183150183150183,0.163369963369963
317273.411807,2733866.126422,0.187522935779817,0.139633027522936,0.0401834862385321,0.0642201834862385,0.0555963302752294,0.512844036697248
317773.411807,2733866.126422,0.161621720785177,0.0106402494955054,0,0.00091726288754357,0.00385250412768299,0.822968262704091
318273.411807,2733866.126422,0.246520146520147,0.010989010989011,0,0.0164835164835165,0.056959706959707,0.669047619047619
318773.411807,2733866.126422,0.417064220183486,0.117247706422018,0.0302752293577982,0.0576146788990826,0.0330275229357798,0.344770642201835
319273.411807,2733866.126422,0.0873234268941479,0.444322142726105,0.000733810310034856,0.0590717299578059,0.0783342505962209,0.330214639515685
319773.411807,2733866.126422,0.0884615384615385,0.605677655677656,0.000366300366300366,0.028021978021978,0.0639194139194139,0.213553113553114
320273.411807,2733866.126422,0.0420183486238532,0.715229357798165,0,0.00917431192660551,0.0385321100917431,0.195045871559633
320773.411807,2733866.126422,0.0676940011007155,0.632544487250046,0.000550357732526142,0.0113740598055403,0.0495321959273528,0.238304898183819
321273.411807,2733866.126422,0.0461538461538462,0.520512820512821,0.0032967032967033,0.0194139194139194,0.0584249084249084,0.352197802197802
321773.411807,2733866.126422,0.0409174311926606,0.438348623853211,0.00642201834862385,0.0073394495412844,0.0409174311926606,0.46605504587156
322273.411807,2733866.126422,0.0640249495505412,0.586130985140341,0.000183452577508714,0.0152265639332233,0.0742982938910292,0.260135754907356
322773.411807,2733866.126422,0.0600732600732601,0.614102564102564,0.000183150183150183,0.0223443223443223,0.0677655677655678,0.235531135531136
323273.411807,2733866.126422,0.0469724770642202,0.54954128440367,0.00146788990825688,0.0348623853211009,0.0519266055045872,0.315229357798165
323773.411807,2733866.126422,0.0476976701522656,0.33810310034856,0.0596220876903321,0.0629242340854889,0.0735644835809943,0.418088424142359
324273.411807,2733866.126422,0.0214285714285714,0.262820512820513,0.149450549450549,0.2503663003663,0.039010989010989,0.276923076923077
324773.411807,2733866.126422,0,0.260733944954128,0.374128440366972,0.265871559633027,0.00036697247706422,0.0988990825688073
325273.411807,2733866.126422,0.017978352595854,0.460282516969363,0.0247660979636764,0.0066042927903137,0.00752155567785727,0.482847184002935
325773.411807,2733866.126422,0.0625,0.132377049180328,0.0706967213114754,0.0848360655737705,0.152254098360656,0.49733606557377
313273.411807,2733366.126422,0.971754481260185,0,0,0,0,0.0282455187398153
313773.411807,2733366.126422,0.967546754675468,0,0,0,0,0.0324532453245325
314273.411807,2733366.126422,0.549084249084249,0.017032967032967,0,0.00201465201465201,0.0117216117216117,0.42014652014652
314773.411807,2733366.126422,0.809157509157509,0.0152014652014652,0,0,0,0.175641025641026
315273.411807,2733366.126422,0.45031169783645,0.026952695269527,0,0.00311697836450312,0.0165016501650165,0.503116978364503
315773.411807,2733366.126422,0.727472527472527,0.0294871794871795,0.000732600732600733,0.00256410256410256,0.0155677655677656,0.224175824175824
316273.411807,2733366.126422,0.68003663003663,0.0250915750915751,0,0,0,0.294871794871795
316773.411807,2733366.126422,0.294646131279795,0.0232856618995233,0,0,0.00293362669600293,0.679134580124679
317273.411807,2733366.126422,0,0.080952380952381,0.00128205128205128,0.0362637362637363,0.0181318681318681,0.863369963369963
317773.411807,2733366.126422,0,0.030952380952381,0.039010989010989,0.325274725274725,0.0157509157509158,0.589010989010989
318273.411807,2733366.126422,0,0.23964063072974,0.0221855518885222,0.242574257425743,0.0126512651265127,0.482948294829483
318773.411807,2733366.126422,0.0043956043956044,0.240659340659341,0.0206959706959707,0.467216117216117,0.0146520146520147,0.252380952380952
319273.411807,2733366.126422,0.0139194139194139,0.263369963369963,0.0265567765567766,0.339010989010989,0.0364468864468864,0.320695970695971
319773.411807,2733366.126422,0.0155848918225156,0.414374770810414,0.0126512651265127,0.139163916391639,0.0214521452145215,0.396773010634397
320273.411807,2733366.126422,0.0316849816849817,0.241758241758242,0.0576923076923077,0.289377289377289,0.0188644688644689,0.360622710622711
320773.411807,2733366.126422,0.0437728937728938,0.239377289377289,0.060989010989011,0.473076923076923,0.0344322344322344,0.148351648351648
321273.411807,2733366.126422,0.0011001100110011,0.144664466446645,0.0337367070040337,0.337733773377338,0.0326365969930326,0.45012834616795
321773.411807,2733366.126422,0,0.174358974358974,0.0798534798534798,0.469230769230769,0.0368131868131868,0.23974358974359
322273.411807,2733366.126422,0.0195970695970696,0.27014652014652,0.108974358974359,0.342124542124542,0.0445054945054945,0.214652014652015
322773.411807,2733366.126422,0.00586725339200587,0.241474147414741,0.0485881921525486,0.328382838283828,0.0383204987165383,0.337367070040337
323273.411807,2733366.126422,0.0153846153846154,0.295421245421245,0.108608058608059,0.244871794871795,0.0386446886446886,0.297069597069597
323773.411807,2733366.126422,0,0.298534798534799,0.241575091575092,0.33003663003663,0.00659340659340659,0.123260073260073
324273.411807,2733366.126422,0,0.24954162082875,0.0155848918225156,0.35973597359736,0,0.375137513751375
324773.411807,2733366.126422,0.0311355311355311,0.445787545787546,0,0.00659340659340659,0.0256410256410256,0.490842490842491
325273.411807,2733366.126422,0.0503663003663004,0.712637362637363,0,0.0119047619047619,0.0413919413919414,0.183699633699634
325773.411807,2733366.126422,0.0953259532595326,0.522345223452235,0.0018450184501845,0.0832308323083231,0.108651086510865,0.18860188601886
313273.411807,2732866.126422,0.931175190424374,0,0,0,0,0.0688248095756257
313773.411807,2732866.126422,0.849001282756093,0.000916254352208173,0,0,0,0.150082462891699
314273.411807,2732866.126422,0.748944760506515,0.000183519911910442,0,0.000367039823820885,0.000734079647641769,0.249770600110112
314773.411807,2732866.126422,0.627544470933431,0.0128369704749679,0.0242068586099395,0.0157711351549606,0.026407482119934,0.293233082706767
315273.411807,2732866.126422,0.557449147883452,0.0142935678944475,0.013560564412681,0.0509437419827744,0.0249221183800623,0.338830859446582
315773.411807,2732866.126422,0.17838135437695,0.087538997981281,0.0137639933932832,0.089190677188475,0.0352358230868049,0.595889153973206
316273.411807,2732866.126422,0.00861910874747845,0.345131120484137,0.0385109114249037,0.260407115349349,0.00898587933247754,0.338345864661654
316773.411807,2732866.126422,0,0.331134322888034,0.0441634597764339,0.451896646509071,0.00128275609309144,0.17152281473337
317273.411807,2732866.126422,0,0.267939071389246,0.0879060378051019,0.58084052119655,0.0124793540099101,0.0508350155991925
317773.411807,2732866.126422,0,0.344580964606639,0.00513478818998716,0.381074637814047,0.0022006235099945,0.267008985879332
318273.411807,2732866.126422,0,0.529228513835441,0.0128275609309144,0.160894264247755,0.00659703133589885,0.290452629649991
318773.411807,2732866.126422,0.00660671682877592,0.614791704899982,0.0185355111029547,0.193613507065517,0.02073775004588,0.145714810056891
319273.411807,2732866.126422,0.0597836053548505,0.440858243168898,0.00641848523748395,0.205024757014487,0.0207225380524482,0.267192371171832
319773.411807,2732866.126422,0.0295033901411032,0.16034451163643,0.0390324354040682,0.248304929448415,0.0221733553234378,0.500641378046546
320273.411807,2732866.126422,0.129565057808772,0.246650761607634,0.00568911726922371,0.0387227014131033,0.0150486327766563,0.56432372912461
320773.411807,2732866.126422,0.0588666788923528,0.222996515679443,0.00715202640748212,0.0410783055198973,0.0053181734824867,0.664588300018339
321273.411807,2732866.126422,0.0465457210921752,0.321422026754627,0.053142752428074,0.0848451530144768,0.0221733553234378,0.471870991387209
321773.411807,2732866.126422,0.0249587080198202,0.381170857037989,0.00165167920719398,0.0146815929528354,0.0464305377133419,0.53110662506882
322273.411807,2732866.126422,0.0188886851274528,0.20795892169448,0.0289748762149276,0.0658353200073354,0.000733541169998166,0.677608655785806
322773.411807,2732866.126422,0.0223566061938794,0.468205973978376,0.0918086860912589,0.0448964632582005,0.0276708814366868,0.345061389041598
323273.411807,2732866.126422,0.0405579005322077,0.474766012112314,0.0629473297852817,0.110478986970086,0.0209212699577904,0.29032850064232
323773.411807,2732866.126422,0.0656519347148359,0.16779754263708,0.0973775903172566,0.1600953603521,0.0746378140473134,0.434439757931414
324273.411807,2732866.126422,0.0621220450797141,0.403518416712479,0,0.00348176653839106,0.0227231079347627,0.508154663734653
324773.411807,2732866.126422,0.0776289227381171,0.495687282070105,0.00403743806202973,0.0515690952468343,0.0923105156909525,0.278766746191962
325273.411807,2732866.126422,0.119567210709701,0.45186136071887,0.00513478818998716,0.0542820465798643,0.125435540069686,0.243719053731891
325773.411807,2732866.126422,0.0955309553095531,0.427429274292743,0.001230012300123,0.0795407954079541,0.108446084460845,0.287822878228782
313273.411807,2732366.126422,0.899374490073429,0,0,0,0,0.100625509926571
313773.411807,2732366.126422,0.738827838827839,0.000183150183150183,0,0.00915750915750916,0.0163003663003663,0.235531135531136
314273.411807,2732366.126422,0.320733944954128,0.0812844036697248,0,0.0104587155963303,0.0491743119266055,0.538348623853211
314773.411807,2732366.126422,0.28104934874335,0.02568336085122,0.00421940928270042,0.0108237020730141,0.00953953403045313,0.668684645019263
315273.411807,2732366.126422,0.00366300366300366,0.154029304029304,0.0183150183150183,0.193040293040293,0.0194139194139194,0.611538461538462
315773.411807,2732366.126422,0,0.314128440366972,0.063302752293578,0.488807339449541,0.00018348623853211,0.133577981651376
316273.411807,2732366.126422,0,0.229315721885892,0.0247660979636764,0.37369290038525,0.0563199412951752,0.315905338470006
316773.411807,2732366.126422,0.00970695970695971,0.286630036630037,0.0032967032967033,0.274175824175824,0.0122710622710623,0.413919413919414
317273.411807,2732366.126422,0.108807339449541,0.0957798165137615,0,0.0181651376146789,0.0229357798165138,0.754311926605505
317773.411807,2732366.126422,0.23536965694368,0.423408548890112,0,0,0.00752155567785727,0.333700238488351
318273.411807,2732366.126422,0.288827838827839,0.122527472527473,0.000732600732600733,0.00402930402930403,0.0144688644688645,0.569413919413919
318773.411807,2732366.126422,0.126788990825688,0.230275229357798,0,0.0018348623853211,0.0242201834862385,0.616880733944954
319273.411807,2732366.126422,0.139423958906623,0.311685929187305,0.000733810310034856,0.0100898917629793,0.0271509814712897,0.510915428361769
319773.411807,2732366.126422,0.0485347985347985,0.507509157509157,0,0.00293040293040293,0.00677655677655678,0.434249084249084
320273.411807,2732366.126422,0.0576146788990826,0.481651376146789,0.00036697247706422,0.00165137614678899,0.0139449541284404,0.444770642201835
320773.411807,2732366.126422,0.0739313887360117,0.504861493303981,0.00238488350761328,0.0254999082737112,0.0302696752889378,0.363052650889745
321273.411807,2732366.126422,0.0727106227106227,0.518681318681319,0.000183150183150183,0.0102564102564103,0.0296703296703297,0.368498168498169
321773.411807,2732366.126422,0.0706422018348624,0.434678899082569,0.0829357798165138,0.0834862385321101,0.0425688073394495,0.285688073394495
322273.411807,2732366.126422,0.0352228948816731,0.678591084204733,0.000550357732526142,0.0300862227114291,0.0431113557145478,0.212438084755091
322773.411807,2732366.126422,0.0761904761904762,0.601648351648352,0.000366300366300366,0.0153846153846154,0.0637362637362637,0.242673992673993
323273.411807,2732366.126422,0.0504587155963303,0.708623853211009,0.00055045871559633,0.00862385321100917,0.0188990825688073,0.212844036697248
323773.411807,2732366.126422,0.0280682443588332,0.795817281232801,0.000366905155017428,0.0066042927903137,0.0238488350761328,0.145294441386901
324273.411807,2732366.126422,0.113919413919414,0.372161172161172,0.00128205128205128,0.0644688644688645,0.100915750915751,0.347252747252747
324773.411807,2732366.126422,0.0834862385321101,0.638715596330275,0.00110091743119266,0.0115596330275229,0.0532110091743119,0.211926605504587
325273.411807,2732366.126422,0.0561364887176665,0.422124380847551,0.000733810310034856,0.01284168042561,0.0486149330398092,0.459548706659329
325773.411807,2732366.126422,0.0860655737704918,0.453073770491803,0.00122950819672131,0.00307377049180328,0.019672131147541,0.436885245901639
313273.411807,2731866.126422,0.876697447039652,0,0,0.00135795763172189,0.00325909831613254,0.118685497012493
313773.411807,2731866.126422,0.672533920058673,0.0108177484415108,0,0.0044004400440044,0.00953428676200953,0.302713604693803
314273.411807,2731866.126422,0.115934065934066,0.336813186813187,0,0.00274725274725275,0.00970695970695971,0.534798534798535
314773.411807,2731866.126422,0.00164835164835165,0.188095238095238,0.0304029304029304,0.387912087912088,0.0175824175824176,0.374358974358974
315273.411807,2731866.126422,0,0.361019435276861,0.0247524752475248,0.374954162082875,0.0055005500550055,0.233773377337734
315773.411807,2731866.126422,0.0111721611721612,0.38992673992674,0.0032967032967033,0.0529304029304029,0.0470695970695971,0.495604395604396
316273.411807,2731866.126422,0.0476190476190476,0.0842490842490843,0.0375457875457875,0.154945054945055,0.124725274725275,0.550915750915751
316773.411807,2731866.126422,0.0315364869820315,0.54033736707004,0.0852585258525853,0.0707737440410708,0.0342867620095343,0.237807114044738
317273.411807,2731866.126422,0.0598901098901099,0.00512820512820513,0,0.00897435897435897,0.0236263736263736,0.902380952380952
317773.411807,2731866.126422,0.0250915750915751,0.0490842490842491,0.032967032967033,0.162271062271062,0.167399267399267,0.563186813186813
318273.411807,2731866.126422,0.0804913824715805,0.337000366703337,0.00495049504950495,0.0412541254125413,0.0828749541620829,0.453428676200953
318773.411807,2731866.126422,0.028021978021978,0.78992673992674,0,0.000183150183150183,0.00586080586080586,0.176007326007326
319273.411807,2731866.126422,0.0379120879120879,0.734615384615385,0.00128205128205128,0.00989010989010989,0.0157509157509158,0.200549450549451
319773.411807,2731866.126422,0.0322698936560323,0.691235790245691,0,0.0135680234690136,0.0463879721305464,0.216538320498717
