"x","y","forest","agri","water","built","other","grass"
199273.411807,2613366.126422,0.350390770375884,0.0545217714923707,0.00483810941570525,0.0766654261257908,0.0742463714179382,0.439337551172311
199773.411807,2613366.126422,0.298248882265276,0.0230998509687034,0.000558867362146051,0.0216095380029806,0.0804769001490313,0.576005961251863
200273.411807,2613366.126422,0.388237483714871,0.000930578820026056,0,0.00874744090824493,0.00651405174018239,0.595570444816676
200773.411807,2613366.126422,0.0528470413100112,0.159657610718273,0.00539635280982508,0.0545217714923707,0.0599181243021958,0.667659099367324
201273.411807,2613366.126422,0.108233979135618,0.229135618479881,0,0.0003725782414307,0.003725782414307,0.658532041728763
201773.411807,2613366.126422,0.0195421552205472,0.0565791922575842,0,0.4321608040201,0.109249953471059,0.382467895030709
202273.411807,2613366.126422,0.123185708969111,0.0381466319315221,0,0.325083736509118,0.11462597692594,0.39895794566431
202773.411807,2613366.126422,0.538189269746647,0.0102459016393443,0.00707898658718331,0.160767511177347,0.0875558867362146,0.196162444113264
203273.411807,2613366.126422,0.333519449097339,0.0388981946770892,0.00111669458403127,0.0604876233016937,0.0441094360692351,0.521868602270612
203773.411807,2613366.126422,0.0710829921845925,0.0891328619278005,0.0217714923706736,0.138630442873093,0.069408262002233,0.609973948641608
204273.411807,2613366.126422,0.13543219076006,0.0283159463487332,0.0283159463487332,0.393070044709389,0.108606557377049,0.306259314456036
204773.411807,2613366.126422,0.0770519262981574,0.0686767169179229,0.0050251256281407,0.362925739810162,0.0746324213660897,0.411688069979527
205273.411807,2613366.126422,0.147748418310383,0.195943431336063,0.0165612206922218,0.0705247487904726,0.035355414960923,0.533866765909937
205773.411807,2613366.126422,0.189828614008942,0.196348733233979,0.00447093889716841,0.101900149031297,0.0268256333830104,0.480625931445604
206273.411807,2613366.126422,0.0833798622743346,0.289410013028103,0.000186115764005211,0.000744463056020845,0.0107947143123023,0.615484831565234
206773.411807,2613366.126422,0.620208410867138,0.00111648678823967,0,0.00148864905098623,0.00390770375883885,0.373278749534797
207273.411807,2613366.126422,0.74478390461997,0.0011177347242921,0,0.00670640834575261,0.0108047690014903,0.236587183308495
207773.411807,2613366.126422,0.840126558719524,0,0,0.000558347292015634,0.000744463056020845,0.15857063093244
208273.411807,2613366.126422,0.668589505024191,0.000558243394119836,0,0.0035355414960923,0.0026051358392259,0.324711574246371
208773.411807,2613366.126422,0.503166915052161,0.0014903129657228,0,0.0029806259314456,0.00670640834575261,0.485655737704918
209273.411807,2613366.126422,0.479806439605435,0.000558347292015634,0,0.0206588498045784,0.0230783547366462,0.475898008561325
209773.411807,2613366.126422,0.756047636769632,0.000558243394119836,0,0.000372162262746558,0.0026051358392259,0.240416821734276
210273.411807,2613366.126422,0.706035767511177,0.00763785394932936,0.000558867362146051,0.0316691505216095,0.0201192250372578,0.23397913561848
210773.411807,2613366.126422,0.631118555741671,0.00111669458403127,0.000186115764005211,0.0111669458403127,0.00837520938023451,0.348036478689745
211273.411807,2613366.126422,0.600297729810197,0.0200967621883141,0,0.0509862299962784,0.0290286564942315,0.299590621510979
199273.411807,2612866.126422,0.33614524115166,0.0709701081973226,0.0115532734274711,0.128736475334678,0.0662020905923345,0.386392811296534
199773.411807,2612866.126422,0.216969030602895,0.0650540590067803,0,0.0577240241891149,0.0965732087227414,0.563679677478468
200273.411807,2612866.126422,0.50192695907506,0.0222059093411635,0.00550559735731327,0.0273444668746559,0.0359699027344467,0.407047164617361
200773.411807,2612866.126422,0.206125068769485,0.119200440124702,0,0.00623509994498441,0.00128369704749679,0.667155694113332
201273.411807,2612866.126422,0.172439069085578,0.00513102437236577,0,0.00659703133589885,0.0047645226314825,0.811068352574675
201773.411807,2612866.126422,0.324279684345751,0.122774821068086,0,0.0222059093411635,0.051018535511103,0.479721049733896
202273.411807,2612866.126422,0.215661103979461,0.0187052998349532,0.00256739409499358,0.146341463414634,0.0689528699798276,0.547771868696131
202773.411807,2612866.126422,0.101704233095107,0.0634048011728056,0.0410481949789262,0.167491295583654,0.0753161077515118,0.551035367417995
203273.411807,2612866.126422,0.31950816663608,0.0211047898697009,0.0264268673151037,0.249220040374381,0.112497706001101,0.271242429803634
203773.411807,2612866.126422,0.266825600586833,0.0282413350449294,0.00403447643498991,0.10397946084724,0.0861910874747845,0.510728039611223
204273.411807,2612866.126422,0.244090159428257,0.152831225948323,0.000183250870441635,0.0514934945940993,0.0328019058090526,0.518599963349826
204773.411807,2612866.126422,0.1616810423931,0.0546889337493118,0.0370710222059093,0.108460267939071,0.0579922921636998,0.580106441548908
205273.411807,2612866.126422,0.0909591050797726,0.153493489822116,0.0326425820649184,0.147441775169631,0.0913258756647717,0.48413717219879
205773.411807,2612866.126422,0.0916254352208173,0.0954737035000916,0.000183250870441635,0.0412314458493678,0.0371999266996518,0.73428623785963
206273.411807,2612866.126422,0.139108093228115,0.0598274912828042,0.00403743806202973,0.0561570930445953,0.0407414204441182,0.700128463938337
206773.411807,2612866.126422,0.547221712818632,0.0194388410049514,0.00935264991747662,0.0957271226847607,0.110031175499725,0.218228498074454
207273.411807,2612866.126422,0.746747297049661,0.0042147700201576,0.000366501740883269,0.0503939893714495,0.0355506688656771,0.162726772952172
207773.411807,2612866.126422,0.584694439346669,0.00844191594788034,0,0.00367039823820885,0.0132134336575518,0.38997981280969
208273.411807,2612866.126422,0.730240234733174,0.0053181734824867,0,0.00421786172748946,0.00403447643498991,0.25618925362186
208773.411807,2612866.126422,0.557998900494777,0,0,0.00568077698369067,0.00494777350192413,0.431372549019608
209273.411807,2612866.126422,0.771517709671499,0,0,0,0,0.228482290328501
209773.411807,2612866.126422,0.729873464148175,0.00128369704749679,0,0.000916926462497708,0.00293416467999266,0.264991747661838
210273.411807,2612866.126422,0.802455561663918,0.00641378046545721,0.00348176653839106,0.0126443100604728,0.0284038849184534,0.146600696353308
210773.411807,2612866.126422,0.509267755551477,0.0234905487245366,0.0115617544503579,0.0170673518076711,0.0407414204441182,0.397871169021839
211273.411807,2612866.126422,0.58793324775353,0.0137538969374656,0.004401247019989,0.0634513112048414,0.0403447643498991,0.290115532734275
199273.411807,2612366.126422,0.155200880572372,0.286552926068611,0,0.021830856723537,0.0785177031737296,0.45789763346175
199773.411807,2612366.126422,0.0815018315018315,0.198717948717949,0.00164835164835165,0.0692307692307692,0.126739926739927,0.522161172161172
200273.411807,2612366.126422,0.338715596330275,0.0293577981651376,0.00018348623853211,0.0324770642201835,0.04,0.559266055045872
200773.411807,2612366.126422,0.410016510731976,0.10695285268758,0,0.0066042927903137,0.00587048248027885,0.470555861309851
201273.411807,2612366.126422,0.116300366300366,0.265384615384615,0.000549450549450549,0.0639194139194139,0.0721611721611722,0.481684981684982
201773.411807,2612366.126422,0,0.508807339449541,0,0.0614678899082569,0.0871559633027523,0.34256880733945
202273.411807,2612366.126422,0.00220143093010457,0.607044578976335,0,0.0170610897083104,0.0458631443771785,0.327829756008072
202773.411807,2612366.126422,0.166483516483516,0.00897435897435897,0.00677655677655678,0.114468864468864,0.0428571428571429,0.66043956043956
203273.411807,2612366.126422,0.234495412844037,0.00697247706422018,0.0128440366972477,0.111743119266055,0.038348623853211,0.595596330275229
203773.411807,2612366.126422,0.279765180700789,0.0137589433131535,0.00275178866263071,0.170427444505595,0.136488717666483,0.396807925151348
204273.411807,2612366.126422,0.379304029304029,0.0395604395604396,0.0386446886446886,0.0782051282051282,0.0258241758241758,0.438461538461538
204773.411807,2612366.126422,0.190275229357798,0.134128440366972,0.0146788990825688,0.0106422018348624,0.00935779816513761,0.640917431192661
205273.411807,2612366.126422,0.25389836727206,0.0842047330764997,0.00183452577508714,0.019262520638415,0.0137589433131535,0.627040909924784
205773.411807,2612366.126422,0.14047619047619,0.108424908424908,0.0172161172161172,0.0331501831501832,0.0401098901098901,0.660622710622711
206273.411807,2612366.126422,0.382201834862385,0.0838532110091743,0.00110091743119266,0.0284403669724771,0.0337614678899083,0.470642201834862
206773.411807,2612366.126422,0.461016327279398,0.0267840763162722,0.0554026784076316,0.077600440286186,0.0693450742982939,0.309851403412218
207273.411807,2612366.126422,0.523626373626374,0.00347985347985348,0.00714285714285714,0.116483516483516,0.0679487179487179,0.281318681318681
207773.411807,2612366.126422,0.35651376146789,0.0110091743119266,0.000917431192660551,0.0293577981651376,0.0365137614678899,0.565688073394495
208273.411807,2612366.126422,0.5263254448725,0.00697119794533113,0.000183452577508714,0.0144927536231884,0.0106402494955054,0.441386901485966
208773.411807,2612366.126422,0.58021978021978,0.00274725274725275,0.0010989010989011,0.0573260073260073,0.0340659340659341,0.324542124542125
209273.411807,2612366.126422,0.611009174311927,0.00201834862385321,0.00018348623853211,0.00458715596330275,0.00642201834862385,0.375779816513761
209773.411807,2612366.126422,0.532562832507797,0.00091726288754357,0.00146762062006971,0.0337552742616034,0.0183452577508714,0.412951751972115
210273.411807,2612366.126422,0.643040293040293,0.00934065934065934,0.000549450549450549,0.0340659340659341,0.0347985347985348,0.278205128205128
210773.411807,2612366.126422,0.812844036697248,0.0126605504587156,0.0212844036697248,0.00532110091743119,0.0121100917431193,0.135779816513761
211273.411807,2612366.126422,0.799486332782976,0.00825536598789213,0.00091726288754357,0.0122913226930838,0.0328380113740598,0.146211704274445
199273.411807,2611866.126422,0.114102564102564,0.213369963369963,0,0.0241758241758242,0.0340659340659341,0.614285714285714
199773.411807,2611866.126422,0.20993766043271,0.0647231389805647,0,0.00898423175650898,0.00311697836450312,0.713237990465713
200273.411807,2611866.126422,0.113369963369963,0.071978021978022,0,0.00293040293040293,0.000366300366300366,0.811355311355311
200773.411807,2611866.126422,0.266666666666667,0.0496336996336996,0.0163003663003663,0.0489010989010989,0.0100732600732601,0.608424908424908
201273.411807,2611866.126422,0.544187752108544,0.00055005500550055,0,0.00605060506050605,0.0044004400440044,0.444811147781445
201773.411807,2611866.126422,0.203663003663004,0.0813186813186813,0,0.161355311355311,0.0681318681318681,0.485531135531136
202273.411807,2611866.126422,0.0965201465201465,0.136080586080586,0.000549450549450549,0.323076923076923,0.20952380952381,0.234249084249084
202773.411807,2611866.126422,0.281811514484782,0.0870920425375871,0.0265859919325266,0.0797579757975798,0.0456545654565457,0.479097909790979
203273.411807,2611866.126422,0.153113553113553,0.0353479853479853,0.0578754578754579,0.176007326007326,0.193589743589744,0.384065934065934
203773.411807,2611866.126422,0.337912087912088,0.116666666666667,0.0265567765567766,0.082967032967033,0.0635531135531135,0.372344322344322
204273.411807,2611866.126422,0.337367070040337,0.0495049504950495,0,0.145581224789146,0.0346534653465347,0.432893289328933
204773.411807,2611866.126422,0.522161172161172,0.0234432234432234,0,0.0516483516483516,0.0195970695970696,0.383150183150183
205273.411807,2611866.126422,0.153479853479853,0.0172161172161172,0.000183150183150183,0.0148351648351648,0.00347985347985348,0.810805860805861
205773.411807,2611866.126422,0.184818481848185,0.117895122845618,0.00531719838650532,0.0152181884855152,0.0188852218555189,0.657865786578658
206273.411807,2611866.126422,0.490659340659341,0.00989010989010989,0.0021978021978022,0.0593406593406593,0.0415750915750916,0.396336996336996
206773.411807,2611866.126422,0.413553113553114,0.0021978021978022,0.000549450549450549,0.00860805860805861,0.0137362637362637,0.561355311355311
207273.411807,2611866.126422,0.733223322332233,0.00055005500550055,0.00055005500550055,0.013017968463513,0.0115511551155116,0.241107444077741
207773.411807,2611866.126422,0.799450549450549,0,0,0.000183150183150183,0.000549450549450549,0.19981684981685
208273.411807,2611866.126422,0.641025641025641,0.00476190476190476,0,0.00769230769230769,0.0175824175824176,0.328937728937729
208773.411807,2611866.126422,0.585258525852585,0.00531719838650532,0.000916758342500917,0.0328199486615328,0.0298863219655299,0.345801246791346
209273.411807,2611866.126422,0.756410256410256,0.00128205128205128,0,0.0102564102564103,0.0102564102564103,0.221794871794872
209773.411807,2611866.126422,0.717032967032967,0.000183150183150183,0,0.00402930402930403,0.00549450549450549,0.273260073260073
210273.411807,2611866.126422,0.781994866153282,0.00275027502750275,0.0066006600660066,0.0385038503850385,0.0247524752475248,0.145397873120645
210773.411807,2611866.126422,0.770695970695971,0.0113553113553114,0.00146520146520147,0.041025641025641,0.0340659340659341,0.141391941391941
211273.411807,2611866.126422,0.731868131868132,0.0201465201465201,0,0.023992673992674,0.0302197802197802,0.193772893772894
199273.411807,2611366.126422,0.131670640014671,0.0573995965523565,0.0166880616174583,0.253071703649367,0.102328993214744,0.438841004951403
199773.411807,2611366.126422,0.160527762506872,0.0853949056258017,0,0.00769653655854865,0.00696353307678211,0.739417262231996
200273.411807,2611366.126422,0.185905670765278,0.0745090842356396,0.0100935951550743,0.158561203890622,0.103321710405579,0.467608735547807
200773.411807,2611366.126422,0.325325508894187,0.0588666788923528,0.0022006235099945,0.113882266642215,0.0408949202273978,0.458830001833853
201273.411807,2611366.126422,0.310426974528129,0.0780648708081363,0,0.00109950522264981,0.000549752611324904,0.60985889682976
201773.411807,2611366.126422,0.471646173609837,0.0260598274912828,0.0416590200036704,0.0172508717195816,0.0256927876674619,0.417691319508167
202273.411807,2611366.126422,0.523748395378691,0.00825233816247937,0.0467632495873831,0.145974692829635,0.0605171465248487,0.214744177516963
202773.411807,2611366.126422,0.533809785596482,0.252336448598131,0,0.0131940626717977,0.00989554700384827,0.190764156129742
203273.411807,2611366.126422,0.140576252523399,0.138006973756653,0.000367039823820885,0.271609469627455,0.270324830244081,0.179115434024592
203773.411807,2611366.126422,0.287548138639281,0.210893086374473,0,0.0485971025123785,0.024390243902439,0.428571428571429
204273.411807,2611366.126422,0.201942459226681,0.180685358255452,0.000916254352208173,0.051676745464541,0.0498442367601246,0.514934945940993
204773.411807,2611366.126422,0.217654615525785,0.340612956505781,0,0.0873554780693705,0.0431271792989539,0.31124977060011
205273.411807,2611366.126422,0.627544470933431,0.0188886851274528,0.00550155877498625,0.110397946084724,0.0638180817898405,0.173849257289565
205773.411807,2611366.126422,0.328019058090526,0.0395821880153931,0,0.00293201392706615,0.0130108118013561,0.616455928165659
206273.411807,2611366.126422,0.330519361350707,0.0144980730409249,0.0100935951550743,0.0901082767480272,0.0985501926959075,0.45623050100936
206773.411807,2611366.126422,0.557674674491106,0.0053181734824867,0.00495140289748762,0.0482303319273794,0.06400146708234,0.3198239501192
207273.411807,2611366.126422,0.702217335532344,0.00348176653839106,0.000183250870441635,0.0192413413963716,0.00623052959501558,0.268645776067436
207773.411807,2611366.126422,0.599926592035236,0,0,0.00311983850247752,0.00330335841438796,0.393650211047899
208273.411807,2611366.126422,0.63194571795342,0.0159545204474601,0.00641848523748395,0.0205391527599487,0.0423620025673941,0.282780121034293
208773.411807,2611366.126422,0.758292101887484,0.00769653655854865,0.00311526479750779,0.0309693971046362,0.0489279824079164,0.150998717243907
209273.411807,2611366.126422,0.861442466507616,0,0,0.000550559735731327,0.000734079647641769,0.137272894109011
209773.411807,2611366.126422,0.640381441408399,0.00293416467999266,0.00770218228498074,0.0573995965523565,0.0454795525398863,0.246103062534385
210273.411807,2611366.126422,0.692138537658054,0.0053142752428074,0.00879604178119846,0.0399486897562763,0.0271211288253619,0.226681326736302
210773.411807,2611366.126422,0.795191778307946,0,0,0.0117452743622683,0.00587263718113415,0.187190310148651
211273.411807,2611366.126422,0.870713368787823,0,0,0.00770218228498074,0.00696864111498258,0.114615807812213
199273.411807,2610866.126422,0.288754356998716,0.0289855072463768,0.0181618051733627,0.238304898183819,0.124013942395891,0.301779490001835
199773.411807,2610866.126422,0.131868131868132,0.065018315018315,0.00402930402930403,0.225824175824176,0.0796703296703297,0.493589743589744
200273.411807,2610866.126422,0.0974311926605505,0.0785321100917431,0.0196330275229358,0.360366972477064,0.06,0.384036697247706
200773.411807,2610866.126422,0.289855072463768,0.0543019629425793,0,0.0407264722069345,0.0188956154833975,0.59622087690332
201273.411807,2610866.126422,0.43040293040293,0.0258241758241758,0.00622710622710623,0.0413919413919414,0.0173992673992674,0.478754578754579
201773.411807,2610866.126422,0.353761467889908,0.0390825688073395,0.0212844036697248,0.0574311926605505,0.0354128440366972,0.49302752293578
202273.411807,2610866.126422,0.329847734360668,0.0350394423041644,0.00605393505778756,0.099431297009723,0.0550357732526142,0.474591818015043
202773.411807,2610866.126422,0.782417582417582,0.00567765567765568,0,0.0212454212454212,0.00457875457875458,0.186080586080586
203273.411807,2610866.126422,0.857064220183486,0.00036697247706422,0,0.0110091743119266,0.00568807339449541,0.125871559633028
203773.411807,2610866.126422,0.478994679875252,0.00110071546505228,0.000183452577508714,0.0315538433314988,0.0121078701155751,0.476059438635113
204273.411807,2610866.126422,0.650549450549451,0.108241758241758,0.000183150183150183,0.0965201465201465,0.0230769230769231,0.121428571428571
204773.411807,2610866.126422,0.146605504587156,0.119266055045872,0,0.0438532110091743,0.015045871559633,0.675229357798165
205273.411807,2610866.126422,0.0988809392771968,0.002568336085122,0.000183452577508714,0.00880572372041827,0.00935608145294441,0.88020546688681
205773.411807,2610866.126422,0.522161172161172,0.0186813186813187,0,0.000732600732600733,0.00164835164835165,0.456776556776557
206273.411807,2610866.126422,0.732477064220183,0.00110091743119266,0.00311926605504587,0.0144954128440367,0.0165137614678899,0.232293577981651
206773.411807,2610866.126422,0.785910842047331,0.00311869381764814,0.00183452577508714,0.00752155567785727,0.0146762062006971,0.18693817648138
207273.411807,2610866.126422,0.546703296703297,0.0139194139194139,0.0104395604395604,0.0454212454212454,0.0296703296703297,0.353846153846154
207773.411807,2610866.126422,0.626422018348624,0.00422018348623853,0.00073394495412844,0.0510091743119266,0.0359633027522936,0.281651376146789
208273.411807,2610866.126422,0.749954136855623,0.000183452577508714,0.00091726288754357,0.0133920381581361,0.0121078701155751,0.223445239405614
208773.411807,2610866.126422,0.561355311355311,0.00860805860805861,0.00457875457875458,0.0575091575091575,0.0336996336996337,0.334249084249084
209273.411807,2610866.126422,0.726605504587156,0.00110091743119266,0.00238532110091743,0.02,0.0132110091743119,0.236697247706422
209773.411807,2610866.126422,0.769216657494038,0.000733810310034856,0.00330214639515685,0.0221977618785544,0.00972298660796184,0.194826637314254
210273.411807,2610866.126422,0.76959706959707,0.000366300366300366,0,0.00274725274725275,0.00494505494505494,0.222344322344322
210773.411807,2610866.126422,0.851192660550459,0.00073394495412844,0.00018348623853211,0.00495412844036697,0.00990825688073394,0.13302752293578
211273.411807,2610866.126422,0.782975600807191,0.00091726288754357,0.00183452577508714,0.00843881856540084,0.0130251330031187,0.192808658961658
199273.411807,2610366.126422,0.126373626373626,0.103113553113553,0.00128205128205128,0.086996336996337,0.0382783882783883,0.643956043956044
199773.411807,2610366.126422,0.103593692702604,0.168866886688669,0,0.116795012834617,0.0449211587825449,0.565823248991566
200273.411807,2610366.126422,0.0315018315018315,0.0305860805860806,0.0641025641025641,0.531135531135531,0.116300366300366,0.226373626373626
200773.411807,2610366.126422,0.0624542124542125,0.078021978021978,0.0245421245421245,0.453846153846154,0.11978021978022,0.261355311355311
201273.411807,2610366.126422,0.174184085075174,0.0368536853685369,0.0353868720205354,0.2995966263293,0.109094242757609,0.344884488448845
201773.411807,2610366.126422,0.27985347985348,0.0512820512820513,0.0131868131868132,0.166300366300366,0.123626373626374,0.365750915750916
202273.411807,2610366.126422,0.443956043956044,0.0223443223443223,0.0032967032967033,0.0844322344322344,0.0750915750915751,0.370879120879121
202773.411807,2610366.126422,0.389255592225889,0.0531719838650532,0.0044004400440044,0.0867253392005867,0.0691235790245691,0.397323065639897
203273.411807,2610366.126422,0.443589743589744,0.0401098901098901,0.000183150183150183,0.0184981684981685,0.0124542124542125,0.485164835164835
203773.411807,2610366.126422,0.563553113553114,0.000915750915750916,0.00567765567765568,0.0591575091575092,0.0192307692307692,0.351465201465201
204273.411807,2610366.126422,0.475064173083975,0.0022002200220022,0.00165016501650165,0.0315364869820315,0.0326365969930326,0.456912357902457
204773.411807,2610366.126422,0.434249084249084,0.000366300366300366,0.000915750915750916,0.00934065934065934,0.0043956043956044,0.550732600732601
205273.411807,2610366.126422,0.434065934065934,0.000366300366300366,0,0.00842490842490842,0.00677655677655678,0.5503663003663
205773.411807,2610366.126422,0.635496883021636,0.00165016501650165,0,0.0111844517785112,0.0099009900990099,0.341767510084342
206273.411807,2610366.126422,0.651465201465201,0.00695970695970696,0.000366300366300366,0.00897435897435897,0.00714285714285714,0.325091575091575
206773.411807,2610366.126422,0.681501831501832,0.00238095238095238,0.000366300366300366,0.0373626373626374,0.0271062271062271,0.251282051282051
207273.411807,2610366.126422,0.69050238357169,0.00256692335900257,0.00055005500550055,0.0155848918225156,0.013017968463513,0.277777777777778
207773.411807,2610366.126422,0.684798534798535,0.00128205128205128,0.000549450549450549,0.0351648351648352,0.032967032967033,0.245238095238095
208273.411807,2610366.126422,0.576556776556777,0.00347985347985348,0.00256410256410256,0.0551282051282051,0.0415750915750916,0.320695970695971
208773.411807,2610366.126422,0.621745507884122,0.00348368170150348,0.0022002200220022,0.0502383571690502,0.0386872020535387,0.283645031169784
209273.411807,2610366.126422,0.547435897435897,0.00311355311355311,0.00384615384615385,0.0635531135531135,0.0347985347985348,0.347252747252747
209773.411807,2610366.126422,0.652564102564103,0.00476190476190476,0,0.0111721611721612,0.0106227106227106,0.320879120879121
210273.411807,2610366.126422,0.770993766043271,0,0.000183351668500183,0.0102676934360103,0.00935093509350935,0.209204253758709
210773.411807,2610366.126422,0.882051282051282,0.0010989010989011,0,0.0100732600732601,0.00897435897435897,0.0978021978021978
211273.411807,2610366.126422,0.815567765567766,0.026007326007326,0.00989010989010989,0.0465201465201465,0.0586080586080586,0.0434065934065934
199273.411807,2609866.126422,0.189620392444526,0.0902255639097744,0,0.0513478818998716,0.0518980377773703,0.616908123968458
199773.411807,2609866.126422,0.07623236210372,0.0676195711929632,0.0318856514568444,0.376947040498442,0.0998717243906908,0.347443650357339
200273.411807,2609866.126422,0.0273444668746559,0.0218388695173426,0.115434024591668,0.329234721967333,0.115617544503579,0.390530372545421
200773.411807,2609866.126422,0.04401247019989,0.0232899321474418,0.00990280579497524,0.461764166513846,0.08399046396479,0.377040161379057
201273.411807,2609866.126422,0.053142752428074,0.18050210738501,0.0417811984606927,0.441268096023456,0.110683525746747,0.17262231995602
201773.411807,2609866.126422,0.071389245733162,0.144980730409249,0.0420260598274913,0.371077261882914,0.111763626353459,0.258763075793724
202273.411807,2609866.126422,0.137905739959655,0.0476801760498808,0.0319090408949202,0.401063634696497,0.138272510544654,0.243168897854392
202773.411807,2609866.126422,0.197544438336082,0.00714678394722375,0.0284038849184534,0.358438702583837,0.0586402785413231,0.34982591167308
203273.411807,2609866.126422,0.491099284272344,0.0304643053771334,0.000367039823820885,0.065149568728207,0.0361534226463571,0.376766379152138
203773.411807,2609866.126422,0.456812763616358,0.00293416467999266,0,0.0276911791674308,0.0196222262974509,0.492939666238768
204273.411807,2609866.126422,0.387209089243174,0.00586402785413231,0.00623052959501558,0.0980392156862745,0.0448964632582005,0.457760674363203
204773.411807,2609866.126422,0.447788585061479,0.000917599559552211,0.000367039823820885,0.0352358230868049,0.0172508717195816,0.498440080748761
205273.411807,2609866.126422,0.553823583348615,0.0168714469099578,0,0.00916926462497708,0.00513478818998716,0.415000916926463
205773.411807,2609866.126422,0.757192596664834,0.000366501740883269,0,0.00238226131574125,0.00183250870441635,0.238226131574125
206273.411807,2609866.126422,0.677739034685263,0.000367039823820885,0,0.00660671682877592,0.00862543585979079,0.306661772802349
206773.411807,2609866.126422,0.743627361085641,0,0,0.00238400880249404,0.00366770584999083,0.250320924261874
207273.411807,2609866.126422,0.708631115997801,0.00256551218618288,0,0.00403151914971596,0.0047645226314825,0.280007330034818
207773.411807,2609866.126422,0.678840154156726,0.00220223894292531,0.000183519911910442,0.00568911726922371,0.0047715177096715,0.308313452009543
208273.411807,2609866.126422,0.713368787823217,0.00293416467999266,0.00293416467999266,0.0166880616174583,0.0157711351549606,0.248303686044379
208773.411807,2609866.126422,0.780098955470038,0.000549752611324904,0.000549752611324904,0.0106285504856148,0.0119113065787062,0.196261682242991
209273.411807,2609866.126422,0.66819599926592,0.00679023674068636,0.00495503762158194,0.0532207744540283,0.0374380620297302,0.229399889888053
209773.411807,2609866.126422,0.662754447093343,0.00385109114249037,0,0.00935264991747662,0.0113698881349716,0.312671923711718
210273.411807,2609866.126422,0.82847718526663,0.00623052959501558,0,0.0042147700201576,0.0042147700201576,0.156862745098039
210773.411807,2609866.126422,0.934666911359883,0.00293631859056708,0,0.00238575885483575,0.00311983850247752,0.0568911726922371
211273.411807,2609866.126422,0.599303135888502,0.0225563909774436,0.004401247019989,0.0713368787823217,0.12800293416468,0.174399413167064
199273.411807,2609366.126422,0.0772335351311686,0.0454962392221611,0.0194459732159237,0.292056503393873,0.115758576407999,0.450009172628875
199773.411807,2609366.126422,0.0435897435897436,0.147252747252747,0.00860805860805861,0.304212454212454,0.120695970695971,0.375641025641026
200273.411807,2609366.126422,0.0444036697247706,0.0326605504587156,0.00935779816513761,0.568807339449541,0.076697247706422,0.268073394495413
200773.411807,2609366.126422,0.52063841496973,0.00990643918547056,0.011557512383049,0.110988809392772,0.0317372959090075,0.315171528159971
201273.411807,2609366.126422,0.571245421245421,0.0117216117216117,0.00311355311355311,0.0382783882783883,0.0161172161172161,0.35952380952381
201773.411807,2609366.126422,0.484403669724771,0.00862385321100917,0.0055045871559633,0.0493577981651376,0.0218348623853211,0.430275229357798
202273.411807,2609366.126422,0.178132452760961,0.0550357732526142,0.00513667217024399,0.181067694001101,0.0832874701889562,0.497339937626124
202773.411807,2609366.126422,0.313003663003663,0.0142857142857143,0.00293040293040293,0.195970695970696,0.0652014652014652,0.408608058608059
203273.411807,2609366.126422,0.404954128440367,0.00293577981651376,0.00036697247706422,0.0647706422018349,0.0311926605504587,0.495779816513761
203773.411807,2609366.126422,0.367272060172445,0.0113740598055403,0.00532012474775271,0.127316088791048,0.0574206567602275,0.431297009722987
204273.411807,2609366.126422,0.148351648351648,0.0139194139194139,0.0679487179487179,0.51959706959707,0.103846153846154,0.146336996336996
204773.411807,2609366.126422,0.303302752293578,0.00715596330275229,0.0513761467889908,0.412293577981651,0.0889908256880734,0.136880733944954
205273.411807,2609366.126422,0.293524124013942,0.010273344340488,0.0278847917813245,0.263254448725005,0.107319757842598,0.297743533296643
205773.411807,2609366.126422,0.536080586080586,0.0021978021978022,0.00164835164835165,0.0282051282051282,0.0267399267399267,0.405128205128205
206273.411807,2609366.126422,0.75394495412844,0,0,0.00018348623853211,0.00018348623853211,0.245688073394495
206773.411807,2609366.126422,0.773436066776738,0.000183452577508714,0,0.00385250412768299,0.00403595670519171,0.218492019812878
207273.411807,2609366.126422,0.712637362637363,0.000366300366300366,0,0.000183150183150183,0.00201465201465201,0.284798534798535
207773.411807,2609366.126422,0.809357798165138,0,0,0,0,0.190642201834862
208273.411807,2609366.126422,0.786094294624839,0.000366905155017428,0,0.0066042927903137,0.00715465052283985,0.19977985690699
208773.411807,2609366.126422,0.613919413919414,0.00256410256410256,0.00128205128205128,0.0175824175824176,0.0144688644688645,0.35018315018315
209273.411807,2609366.126422,0.78954128440367,0.00238532110091743,0.00146788990825688,0.0227522935779817,0.0177981651376147,0.16605504587156
209773.411807,2609366.126422,0.798202164740415,0.00293524124013942,0.00183452577508714,0.00752155567785727,0.0100898917629793,0.179416620803522
210273.411807,2609366.126422,0.71959706959707,0.00402930402930403,0.0122710622710623,0.0994505494505494,0.0967032967032967,0.0679487179487179
210773.411807,2609366.126422,0.621284403669725,0.0144954128440367,0.0631192660550459,0.106238532110092,0.187522935779817,0.0073394495412844
211273.411807,2609366.126422,0.326178682810494,0.00697119794533113,0.0700788846083287,0.135938359933957,0.335351311685929,0.12548156301596
199273.411807,2608866.126422,0.110805860805861,0.0234432234432234,0.0675824175824176,0.473992673992674,0.0957875457875458,0.228388278388278
199773.411807,2608866.126422,0.0198019801980198,0.061972863953062,0.0676567656765677,0.652731939860653,0.118811881188119,0.079024569123579
200273.411807,2608866.126422,0.292673992673993,0.0144688644688645,0.0461538461538462,0.0725274725274725,0.0510989010989011,0.523076923076923
200773.411807,2608866.126422,0.797252747252747,0.000366300366300366,0,0.00347985347985348,0.00238095238095238,0.196520146520147
201273.411807,2608866.126422,0.44022735606894,0.00348368170150348,0,0.00183351668500183,0.0011001100110011,0.553355335533553
201773.411807,2608866.126422,0.295421245421245,0.0043956043956044,0,0.00347985347985348,0.00421245421245421,0.692490842490842
202273.411807,2608866.126422,0.335897435897436,0.000183150183150183,0,0.00641025641025641,0.00366300366300366,0.653846153846154
202773.411807,2608866.126422,0.516868353502017,0,0,0.0011001100110011,0.000733406674000733,0.481298129812981
203273.411807,2608866.126422,0.672527472527473,0,0,0.00384615384615385,0.0021978021978022,0.321428571428571
203773.411807,2608866.126422,0.642307692307692,0.000183150183150183,0,0.000549450549450549,0.000183150183150183,0.356776556776557
204273.411807,2608866.126422,0.58965896589659,0.00403373670700403,0.0011001100110011,0.0366703337000367,0.0203520352035204,0.348184818481848
204773.411807,2608866.126422,0.197802197802198,0.00586080586080586,0.052014652014652,0.444322344322344,0.0679487179487179,0.232051282051282
205273.411807,2608866.126422,0.248717948717949,0.0153846153846154,0.0336996336996337,0.441208791208791,0.0901098901098901,0.170879120879121
205773.411807,2608866.126422,0.60964429776311,0.0099009900990099,0,0.0341034103410341,0.01998533186652,0.326365969930326
206273.411807,2608866.126422,0.719047619047619,0.000732600732600733,0,0.00128205128205128,0.00384615384615385,0.275091575091575
206773.411807,2608866.126422,0.824358974358974,0,0,0.0010989010989011,0.00146520146520147,0.173076923076923
207273.411807,2608866.126422,0.728639530619729,0,0,0.000733406674000733,0.00128346167950128,0.269343601026769
207773.411807,2608866.126422,0.823809523809524,0,0,0.00421245421245421,0.00256410256410256,0.169413919413919
208273.411807,2608866.126422,0.818315018315018,0,0,0.0142857142857143,0.00970695970695971,0.157692307692308
208773.411807,2608866.126422,0.887788778877888,0,0,0.0141180784745141,0.00293362669600293,0.0951595159515952
209273.411807,2608866.126422,0.856410256410256,0.000915750915750916,0,0.00769230769230769,0.00311355311355311,0.131868131868132
209773.411807,2608866.126422,0.838827838827839,0.00274725274725275,0,0.00238095238095238,0.00366300366300366,0.152380952380952
210273.411807,2608866.126422,0.800513384671801,0.0044004400440044,0,0.0958929226255959,0.0456545654565457,0.0535386872020535
210773.411807,2608866.126422,0.846336996336996,0.00677655677655678,0,0.03003663003663,0.056043956043956,0.0608058608058608
211273.411807,2608866.126422,0.36978021978022,0.00274725274725275,0.000183150183150183,0.0128205128205128,0.00641025641025641,0.608058608058608
199273.411807,2608366.126422,0.438107463781405,0.0267742527049331,0.0238400880249404,0.138272510544654,0.0786722904823033,0.294333394461764
199773.411807,2608366.126422,0.509437419827744,0.0252886201209456,0.013560564412681,0.115081546637347,0.0280373831775701,0.308594465823713
200273.411807,2608366.126422,0.602495870801982,0.00293631859056708,0,0.00532207744540283,0.0133969535694623,0.375848779592586
200773.411807,2608366.126422,0.638730973775903,0.00495140289748762,0,0.00165046763249587,0.0100861910874748,0.344580964606639
201273.411807,2608366.126422,0.501374381528312,0,0,0.000733003481766538,0.00128275609309144,0.49660985889683
201773.411807,2608366.126422,0.578271242429804,0.00330335841438796,0,0.00238575885483575,0.00146815929528354,0.414571481005689
202273.411807,2608366.126422,0.570878415551073,0.000183385292499542,0,0.00146708233999633,0.00146708233999633,0.426004034476435
202773.411807,2608366.126422,0.684808502840389,0,0,0.00256551218618288,0.00128275609309144,0.311343228880337
203273.411807,2608366.126422,0.603413470361534,0.00201871903101487,0,0.00165167920719398,0.000917599559552211,0.391998531840705
203773.411807,2608366.126422,0.641848523748395,0,0,0.00128369704749679,0.000366770584999083,0.356501008619109
204273.411807,2608366.126422,0.570276708814367,0.00146600696353308,0,0.000549752611324904,0.000549752611324904,0.42715777899945
204773.411807,2608366.126422,0.38190493668563,0.0113782345384474,0.0289961460818499,0.197467425215636,0.0655166085520279,0.314736648926409
205273.411807,2608366.126422,0.469649734091326,0.00586832935998533,0.0245736291949386,0.220979277461948,0.0671190170548322,0.21181001283697
205773.411807,2608366.126422,0.55946490745831,0.0229063588052043,0.00219901044529962,0.0289536375297783,0.0263881253435954,0.360087960417812
206273.411807,2608366.126422,0.61827858322628,0.000550559735731327,0.000367039823820885,0.0418425399155808,0.0258763075793724,0.313084969719215
206773.411807,2608366.126422,0.609389326975976,0.00128369704749679,0,0.0163212910324592,0.0100861910874748,0.362919493856593
207273.411807,2608366.126422,0.718893164742533,0.00109950522264981,0,0.00568077698369067,0.0042147700201576,0.270111783030969
207773.411807,2608366.126422,0.731143329051202,0.000183519911910442,0,0.00844191594788034,0.00623967700495504,0.253991558084052
208273.411807,2608366.126422,0.630845406198423,0.00458463231248854,0.00146708233999633,0.0320924261874198,0.0286081056299285,0.302402347331744
208773.411807,2608366.126422,0.778632948506505,0.000733003481766538,0,0.00494777350192413,0.00733003481766538,0.208356239692139
209273.411807,2608366.126422,0.782528904386126,0,0.000183519911910442,0.000734079647641769,0.00238575885483575,0.214167737199486
209773.411807,2608366.126422,0.690812396845773,0.00715202640748212,0.000916926462497708,0.0166880616174583,0.0282413350449294,0.25618925362186
210273.411807,2608366.126422,0.823529411764706,0.00787978742899029,0.00164925783397471,0.0527762506871908,0.0811801356056441,0.0329851566794942
210773.411807,2608366.126422,0.863461185538631,0.00165167920719398,0,0.0100935951550743,0.0159662323362085,0.108827307762892
211273.411807,2608366.126422,0.728406381808179,0.000916926462497708,0.000366770584999083,0.00476801760498808,0.00550155877498625,0.26004034476435
199273.411807,2607866.126422,0.697119794533113,0.0170610897083104,0,0.00697119794533113,0.00366905155017428,0.275178866263071
199773.411807,2607866.126422,0.695604395604396,0.00714285714285714,0.0399267399267399,0.0155677655677656,0.0225274725274725,0.219230769230769
200273.411807,2607866.126422,0.648807339449541,0.00311926605504587,0,0.00165137614678899,0.00110091743119266,0.345321100917431
200773.411807,2607866.126422,0.707026233718584,0.000183452577508714,0.000183452577508714,0.00623738763529628,0.00165107319757843,0.284718400293524
201273.411807,2607866.126422,0.745054945054945,0.000366300366300366,0,0.00586080586080586,0.00531135531135531,0.243406593406593
201773.411807,2607866.126422,0.677981651376147,0,0,0.00220183486238532,0.00165137614678899,0.318165137614679
202273.411807,2607866.126422,0.638965327462851,0.000550357732526142,0,0.00146762062006971,0.00110071546505228,0.357915978719501
202773.411807,2607866.126422,0.752014652014652,0.000366300366300366,0,0.00164835164835165,0.00183150183150183,0.244139194139194
203273.411807,2607866.126422,0.639816513761468,0.00018348623853211,0,0.00642201834862385,0.00422018348623853,0.349357798165138
203773.411807,2607866.126422,0.61199779856907,0.000550357732526142,0,0.0152265639332233,0.00623738763529628,0.365987892129884
204273.411807,2607866.126422,0.542857142857143,0.00201465201465201,0.000366300366300366,0.0838827838827839,0.0322344322344322,0.338644688644689
204773.411807,2607866.126422,0.47651376146789,0.0073394495412844,0.00018348623853211,0.0218348623853211,0.0111926605504587,0.482935779816514
205273.411807,2607866.126422,0.814345991561181,0.000366905155017428,0.000183452577508714,0.0091726288754357,0.0066042927903137,0.169326729040543
205773.411807,2607866.126422,0.645421245421245,0.000732600732600733,0.000183150183150183,0.0161172161172161,0.0131868131868132,0.324358974358974
206273.411807,2607866.126422,0.609724770642202,0.00110091743119266,0.00018348623853211,0.0141284403669725,0.00807339449541284,0.366788990825688
206773.411807,2607866.126422,0.652907723353513,0,0.000183452577508714,0.0122913226930838,0.0124747752705926,0.322142726105302
207273.411807,2607866.126422,0.607875457875458,0.000549450549450549,0.000732600732600733,0.00695970695970696,0.0113553113553114,0.372527472527473
207773.411807,2607866.126422,0.764403669724771,0,0,0.0073394495412844,0.0073394495412844,0.220917431192661
208273.411807,2607866.126422,0.663914878004036,0.000733810310034856,0,0.00972298660796184,0.015410016510732,0.310218308567235
208773.411807,2607866.126422,0.673260073260073,0.000183150183150183,0,0.00695970695970696,0.00897435897435897,0.310622710622711
209273.411807,2607866.126422,0.716146788990826,0.00146788990825688,0,0.0394495412844037,0.0447706422018349,0.198165137614679
209773.411807,2607866.126422,0.816547422491286,0.00862227114290956,0.000366905155017428,0.0438451660245826,0.0532012474775271,0.0774169877086773
210273.411807,2607866.126422,0.818681318681319,0.0106227106227106,0.000732600732600733,0.0141025641025641,0.0360805860805861,0.11978021978022
210773.411807,2607866.126422,0.808807339449541,0,0,0.00495412844036697,0.0181651376146789,0.168073394495413
