"x","y","forest","agri","water","built","other","grass"
177773.411807,2641366.126422,0.00842787682333874,0.0696920583468395,0.344246353322528,0.143922204213938,0.0739059967585089,0.359805510534846
178273.411807,2641366.126422,0.0119974059662776,0.2905317769131,0.187094682230869,0.0904669260700389,0.0979247730220493,0.321984435797665
178773.411807,2641366.126422,0.00129324280633689,0.163918525703201,0.344325897187197,0.0934367927578403,0.0895570643388296,0.307468477206596
179273.411807,2641366.126422,0.00680713128038898,0.344894651539708,0.193841166936791,0.121231766612642,0.060291734197731,0.272933549432739
179773.411807,2641366.126422,0.00194552529182879,0.445525291828794,0.0447470817120623,0.124837872892348,0.0654993514915694,0.317444876783398
180273.411807,2641366.126422,0.0229550598124798,0.354671839637892,0.102166181700614,0.128031037827352,0.0439702554154543,0.348205625606208
180773.411807,2641366.126422,0.00972447325769854,0.763371150729335,0.019773095623987,0.00226904376012966,0.0275526742301459,0.177309562398703
181273.411807,2641366.126422,0.0437743190661479,0.592088197146563,0.0937094682230869,0.0175097276264591,0.0178339818417639,0.235084306095979
181773.411807,2641366.126422,0.00387972841901067,0.849983834464921,0,0.0300678952473327,0.0106692531522793,0.105399288716457
182273.411807,2641366.126422,0.000972447325769854,0.729335494327391,0,0.026904376012966,0.0499189627228525,0.192868719611021
182773.411807,2641366.126422,0.0103761348897536,0.649156939040208,0.00356679636835279,0.100518806744488,0.100518806744488,0.135862516212711
183273.411807,2641366.126422,0.0323310701584222,0.593598448108632,0,0.0549628192693178,0.109602327837051,0.209505334626576
183773.411807,2641366.126422,0.0492706645056726,0.306969205834684,0,0.020097244732577,0.110858995137763,0.512803889789303
184273.411807,2641366.126422,0.0188067444876783,0.547341115434501,0,0.0207522697795071,0.0771725032425422,0.335927367055772
184773.411807,2641366.126422,0.0546395085677336,0.657613967022308,0,0.00452634982217911,0.0708050436469447,0.212415130940834
185273.411807,2641366.126422,0.019773095623987,0.825607779578606,0,0,0.00421393841166937,0.150405186385737
185773.411807,2641366.126422,0,0.724708171206226,0,0,0.00389105058365759,0.271400778210117
186273.411807,2641366.126422,0,0.674539170506912,0,0.00288018433179724,0.00921658986175115,0.313364055299539
176773.411807,2640866.126422,0.000733810310034856,0.109337736195194,0.702990277013392,0.0985140341221794,0.0410933773619519,0.0473307649972482
177273.411807,2640866.126422,0.0274725274725275,0.123809523809524,0.149084249084249,0.0756410256410256,0.0833333333333333,0.540659340659341
177773.411807,2640866.126422,0.127706422018349,0.122752293577982,0.0374311926605505,0.1,0.0955963302752294,0.51651376146789
178273.411807,2640866.126422,0.0078884608328747,0.106769400110072,0.308016877637131,0.16400660429279,0.132819666116309,0.280498991010824
178773.411807,2640866.126422,0.0032967032967033,0.304578754578755,0.114652014652015,0.0657509157509158,0.0937728937728938,0.417948717948718
179273.411807,2640866.126422,0.0073394495412844,0.701651376146789,0.0218348623853211,0.0561467889908257,0.0284403669724771,0.184587155963303
179773.411807,2640866.126422,0.0284351495138507,0.614199229499174,0,0.0554026784076316,0.0656760227481196,0.236286919831224
180273.411807,2640866.126422,0.0241758241758242,0.566117216117216,0.00622710622710623,0.0897435897435897,0.101098901098901,0.212637362637363
180773.411807,2640866.126422,0.0126605504587156,0.767522935779817,0,0.0165137614678899,0.0227522935779817,0.180550458715596
181273.411807,2640866.126422,0.0159603742432581,0.543386534580811,0.00146762062006971,0.0464135021097046,0.0157769216657494,0.376995046780407
181773.411807,2640866.126422,0.0142857142857143,0.642673992673993,0.0294871794871795,0.0179487179487179,0.0324175824175824,0.263186813186813
182273.411807,2640866.126422,0.0304587155963303,0.532110091743119,0.0126605504587156,0.165871559633028,0.118715596330275,0.140183486238532
182773.411807,2640866.126422,0.0310034855989727,0.60906255732893,0.00311869381764814,0.0522839845899835,0.0572372041827188,0.247294074481746
183273.411807,2640866.126422,0.00677655677655678,0.777655677655678,0,0.000366300366300366,0.0155677655677656,0.1996336996337
183773.411807,2640866.126422,0.0108256880733945,0.562752293577982,0.0126605504587156,0.0203669724770642,0.0240366972477064,0.369357798165138
184273.411807,2640866.126422,0.072463768115942,0.474591818015043,0,0.0291689598238855,0.0717299578059072,0.352045496239222
184773.411807,2640866.126422,0.0201465201465201,0.730952380952381,0.0111721611721612,0.00347985347985348,0.0285714285714286,0.205677655677656
185273.411807,2640866.126422,0.00238532110091743,0.825137614678899,0.0190825688073394,0.00532110091743119,0.0179816513761468,0.130091743119266
185773.411807,2640866.126422,0.00770500825536599,0.655659512016144,0.0236653824986241,0.00770500825536599,0.0383415886993212,0.266923500275179
186273.411807,2640866.126422,0.0397264734614132,0.632367307066102,0.000325626831650928,0.00651253663301856,0.0416802344513188,0.279387821556496
174773.411807,2640366.126422,0,0.00146520146520147,0.997252747252747,0.000183150183150183,0.0010989010989011,0
175273.411807,2640366.126422,0,0.0283882783882784,0.886080586080586,0.0611721611721612,0.0203296703296703,0.00402930402930403
175773.411807,2640366.126422,0,0.0381371470480381,0.865603226989366,0.0759075907590759,0.0106343967730106,0.00971763843050972
176273.411807,2640366.126422,0.000915750915750916,0.0838827838827839,0.588278388278388,0.171611721611722,0.0604395604395604,0.0948717948717949
176773.411807,2640366.126422,0.00347985347985348,0.121245421245421,0.397069597069597,0.165567765567766,0.0787545787545788,0.233882783882784
177273.411807,2640366.126422,0.0203520352035204,0.127612761276128,0.263843050971764,0.171617161716172,0.14044737807114,0.276127612761276
177773.411807,2640366.126422,0.0743589743589744,0.117765567765568,0.0188644688644689,0.265750915750916,0.215384615384615,0.307875457875458
178273.411807,2640366.126422,0.0225274725274725,0.131684981684982,0.0575091575091575,0.148351648351648,0.108791208791209,0.531135531135531
178773.411807,2640366.126422,0.0139347268060139,0.27961129446278,0.165199853318665,0.210671067106711,0.107260726072607,0.223322332233223
179273.411807,2640366.126422,0.023992673992674,0.617582417582418,0.0584249084249084,0.0860805860805861,0.0210622710622711,0.192857142857143
179773.411807,2640366.126422,0.0494505494505494,0.504578754578755,0,0.156043956043956,0.141941391941392,0.147985347985348
180273.411807,2640366.126422,0.0621562156215622,0.569123579024569,0.000183351668500183,0.127979464613128,0.0815914924825816,0.158965896589659
180773.411807,2640366.126422,0.00549450549450549,0.68956043956044,0,0.0575091575091575,0.0208791208791209,0.226556776556777
181273.411807,2640366.126422,0.0021978021978022,0.776739926739927,0,0.0119047619047619,0.0271062271062271,0.182051282051282
181773.411807,2640366.126422,0.0192519251925193,0.353685368536854,0.0132013201320132,0.147414741474147,0.169233590025669,0.297213054638797
182273.411807,2640366.126422,0.0146520146520147,0.582234432234432,0,0.0470695970695971,0.0888278388278388,0.267216117216117
182773.411807,2640366.126422,0.013003663003663,0.676373626373626,0.00842490842490842,0.05,0.0789377289377289,0.173260073260073
183273.411807,2640366.126422,0.0106343967730106,0.647964796479648,0.0528052805280528,0.0955262192885955,0.068023469013568,0.125045837917125
183773.411807,2640366.126422,0.0304029304029304,0.595604395604396,0.0163003663003663,0.0489010989010989,0.0315018315018315,0.277289377289377
184273.411807,2640366.126422,0.0228937728937729,0.734981684981685,0,0.0608058608058608,0.0694139194139194,0.111904761904762
184773.411807,2640366.126422,0.0111844517785112,0.643381004767143,0.0139347268060139,0.16043270993766,0.0484048404840484,0.122662266226623
185273.411807,2640366.126422,0.00805860805860806,0.498534798534799,0.00989010989010989,0.352380952380952,0.0194139194139194,0.111721611721612
185773.411807,2640366.126422,0.00274725274725275,0.734798534798535,0,0.00641025641025641,0.0159340659340659,0.24010989010989
186273.411807,2640366.126422,0.0169381107491857,0.642345276872964,0,0,0.00488599348534202,0.335830618892508
174773.411807,2639866.126422,0,0.0680858873187741,0.834648559368692,0.0657001284639383,0.0273444668746559,0.00422095797394017
175273.411807,2639866.126422,0,0.110397946084724,0.661837520630845,0.155694113332111,0.0372272143774069,0.0348432055749129
175773.411807,2639866.126422,0.000183250870441635,0.0569910207073484,0.577056991020707,0.191863661352391,0.0808136338647609,0.0930914421843504
176273.411807,2639866.126422,0.000367039823820885,0.167370159662323,0.322811525050468,0.199853184070472,0.0734079647641769,0.236190126628739
176773.411807,2639866.126422,0,0.214010636346965,0.365670273244086,0.247019988996882,0.0678525582248304,0.105446543187236
177273.411807,2639866.126422,0.0089792926516401,0.262048744731537,0.179219351291919,0.155213487264065,0.0839288986622686,0.310610225398571
177773.411807,2639866.126422,0.0794641218572215,0.0756102037071022,0.015782712424298,0.205909341163516,0.228665810240411,0.394567810607451
178273.411807,2639866.126422,0.0509811113148725,0.177883733724555,0.0441958554923895,0.171648633779571,0.0735375022923162,0.481753163396296
178773.411807,2639866.126422,0.0119113065787062,0.277258566978193,0.315374748030053,0.207073483599047,0.0740333516584204,0.11434854315558
179273.411807,2639866.126422,0.0168838318957607,0.615525784547623,0.0289961460818499,0.0932281152505047,0.0915764360433107,0.153789686180951
179773.411807,2639866.126422,0.0115532734274711,0.652484870713369,0.0385109114249037,0.0451127819548872,0.0476801760498808,0.204657986429488
180273.411807,2639866.126422,0.0126443100604728,0.757559098405717,0,0.0194245922668133,0.0295033901411032,0.180868609125893
180773.411807,2639866.126422,0.0244081482840888,0.672416957239861,0,0.0277115066984768,0.0592769315470729,0.216186456230501
181273.411807,2639866.126422,0.0295250320924262,0.558041445076105,0,0.0618008435723455,0.0770218228498075,0.273610856409316
181773.411807,2639866.126422,0.0359171706065604,0.393256367967748,0.0164925783397471,0.172072567344695,0.100971229613341,0.281290086127909
182273.411807,2639866.126422,0.0102771150669848,0.416223160212883,0.0229399889888053,0.0702881262616994,0.0789135621214902,0.401358047348137
182773.411807,2639866.126422,0.0166880616174583,0.329910141206675,0.022006235099945,0.0775719787273061,0.0564826700898588,0.497340913258757
183273.411807,2639866.126422,0.0315191497159611,0.435770569910207,0.000549752611324904,0.0313358988455195,0.0276708814366868,0.473153747480301
183773.411807,2639866.126422,0.0337676637915214,0.656634244815563,0.00532207744540283,0.0482657368324463,0.0322995044962378,0.223710772618829
184273.411807,2639866.126422,0.00495140289748762,0.766733907940583,0.0306253438474234,0.00770218228498074,0.010819732257473,0.179167430772052
184773.411807,2639866.126422,0.00751328568810702,0.675279457577423,0.00183250870441635,0.150815466373465,0.030602895363753,0.133956386292835
185273.411807,2639866.126422,0.00880895577170123,0.624701780143145,0.0251422279317306,0.073040924940356,0.051018535511103,0.217287575701964
185773.411807,2639866.126422,0.00696864111498258,0.644966073720888,0,0.0542820465798643,0.0322758114799193,0.261507427104346
186273.411807,2639866.126422,0.00782013685239492,0.307266210492017,0,0.000325839035516455,0.00325839035516455,0.681329423264907
174273.411807,2639366.126422,0,0.0710622710622711,0.327472527472527,0.439194139194139,0.16007326007326,0.0021978021978022
174773.411807,2639366.126422,0,0.02,0.235779816513761,0.191009174311927,0.422935779816514,0.130275229357798
175273.411807,2639366.126422,0,0.131352045496239,0.482296826270409,0.0966795083470923,0.188589249678958,0.101082370207301
175773.411807,2639366.126422,0,0.160622710622711,0.442673992673993,0.157509157509158,0.0730769230769231,0.166117216117216
176273.411807,2639366.126422,0.0018348623853211,0.213761467889908,0.379266055045872,0.135963302752294,0.066605504587156,0.20256880733945
176773.411807,2639366.126422,0,0.224545954870666,0.275729223995597,0.268758026050266,0.0631076866629976,0.167859108420473
177273.411807,2639366.126422,0.0201465201465201,0.20952380952381,0.319047619047619,0.208608058608059,0.0695970695970696,0.173076923076923
177773.411807,2639366.126422,0.234678899082569,0.0710091743119266,0.00605504587155963,0.0699082568807339,0.148807339449541,0.46954128440367
178273.411807,2639366.126422,0.117593102183086,0.137956338286553,0.0315538433314988,0.132269308383783,0.120711796000734,0.459915611814346
178773.411807,2639366.126422,0.0395604395604396,0.308974358974359,0.0622710622710623,0.145054945054945,0.134249084249084,0.30989010989011
179273.411807,2639366.126422,0.0308256880733945,0.489908256880734,0.0519266055045872,0.093394495412844,0.10256880733945,0.231376146788991
179773.411807,2639366.126422,0.0293524124013942,0.428361768482847,0.000183452577508714,0.143459915611814,0.109521188772702,0.289121262153733
180273.411807,2639366.126422,0.00915750915750916,0.823626373626374,0,0.00641025641025641,0.0135531135531136,0.147252747252747
180773.411807,2639366.126422,0.100917431192661,0.108256880733945,0.00201834862385321,0.292293577981651,0.268623853211009,0.227889908256881
181273.411807,2639366.126422,0.0302696752889378,0.529994496422675,0.000183452577508714,0.0906255732893047,0.112089524857824,0.23683727756375
181773.411807,2639366.126422,0.0274725274725275,0.363553113553114,0.0194139194139194,0.160989010989011,0.194139194139194,0.234432234432234
182273.411807,2639366.126422,0.0401834862385321,0.507706422018349,0.00348623853211009,0.0253211009174312,0.078348623853211,0.344954128440367
182773.411807,2639366.126422,0.0458631443771785,0.405430196294258,0,0.00953953403045313,0.0695285268758026,0.469638598422308
183273.411807,2639366.126422,0.00714285714285714,0.177655677655678,0,0.00586080586080586,0.198351648351648,0.610989010989011
183773.411807,2639366.126422,0.0209174311926606,0.0467889908256881,0,0.00110091743119266,0.0328440366972477,0.898348623853211
184273.411807,2639366.126422,0.0697119794533113,0.127316088791048,0,0.0157769216657494,0.0532012474775271,0.733993762612365
184773.411807,2639366.126422,0.126190476190476,0.421978021978022,0,0.0873626373626374,0.095970695970696,0.268498168498168
185273.411807,2639366.126422,0.0420183486238532,0.356697247706422,0,0.0869724770642202,0.18256880733945,0.331743119266055
185773.411807,2639366.126422,0.0104567969179967,0.467437167492203,0,0.0207301412584847,0.153549807374794,0.347826086956522
186273.411807,2639366.126422,0.0081406707912732,0.085965483555845,0,0.104851839791599,0.194399218495604,0.606642787365679
174273.411807,2638866.126422,0,0.0425375870920425,0.200953428676201,0.2000366703337,0.31958195819582,0.236890355702237
174773.411807,2638866.126422,0,0.0203296703296703,0.0706959706959707,0.235531135531136,0.511172161172161,0.162271062271062
175273.411807,2638866.126422,0,0.00677655677655678,0.0586080586080586,0.411904761904762,0.317765567765568,0.204945054945055
175773.411807,2638866.126422,0,0.144114411441144,0.125412541254125,0.165383204987165,0.22992299229923,0.335166850018335
176273.411807,2638866.126422,0,0.571245421245421,0.0794871794871795,0.0368131868131868,0.0399267399267399,0.272527472527473
176773.411807,2638866.126422,0.00384615384615385,0.412454212454212,0.129304029304029,0.152380952380952,0.0712454212454212,0.230769230769231
177273.411807,2638866.126422,0.0144847818115145,0.131829849651632,0.198386505317198,0.13036303630363,0.0715071507150715,0.453428676200953
177773.411807,2638866.126422,0.0919413919413919,0.191208791208791,0.0108058608058608,0.030952380952381,0.0602564102564103,0.614835164835165
178273.411807,2638866.126422,0.0386446886446886,0.35989010989011,0.0401098901098901,0.0990842490842491,0.0732600732600733,0.389010989010989
178773.411807,2638866.126422,0.0196186285295196,0.634213421342134,0.0601393472680601,0.0449211587825449,0.0487715438210488,0.192335900256692
179273.411807,2638866.126422,0.0245421245421245,0.474542124542125,0.0263736263736264,0.0956043956043956,0.138461538461538,0.24047619047619
179773.411807,2638866.126422,0.0203296703296703,0.543040293040293,0.010989010989011,0.0641025641025641,0.0826007326007326,0.278937728937729
180273.411807,2638866.126422,0.00916758342500917,0.557022368903557,0.00476714338100477,0.0924092409240924,0.128896222955629,0.207737440410708
180773.411807,2638866.126422,0.0776556776556777,0.152014652014652,0.00128205128205128,0.268498168498168,0.213369963369963,0.287179487179487
181273.411807,2638866.126422,0.0608058608058608,0.431135531135531,0,0.0767399267399267,0.141575091575092,0.28974358974359
181773.411807,2638866.126422,0.0302530253025303,0.605977264393106,0.0066006600660066,0.0678401173450678,0.0698569856985699,0.219471947194719
182273.411807,2638866.126422,0.0172161172161172,0.633516483516483,0.0206959706959707,0.0483516483516484,0.11978021978022,0.16043956043956
182773.411807,2638866.126422,0.00164835164835165,0.719047619047619,0.0106227106227106,0.0164835164835165,0.05,0.202197802197802
183273.411807,2638866.126422,0.0099009900990099,0.494316098276494,0,0.0649064906490649,0.0869086908690869,0.343967730106344
183773.411807,2638866.126422,0.00531135531135531,0.381868131868132,0.00677655677655678,0.00934065934065934,0.0494505494505494,0.547252747252747
184273.411807,2638866.126422,0.0322344322344322,0.0421245421245421,0,0.00549450549450549,0.0542124542124542,0.865934065934066
184773.411807,2638866.126422,0.388522185551888,0.234873487348735,0.0011001100110011,0.0678401173450678,0.0958929226255959,0.211771177117712
185273.411807,2638866.126422,0.0384615384615385,0.571428571428571,0.000183150183150183,0.0362637362637363,0.043040293040293,0.310622710622711
185773.411807,2638866.126422,0.00769230769230769,0.594322344322344,0,0.0148351648351648,0.0684981684981685,0.314652014652015
186273.411807,2638866.126422,0.00879478827361563,0.743973941368078,0,0.0198697068403909,0.0276872964169381,0.199674267100977
173773.411807,2638366.126422,0,0.242048740190004,0.0103263114415531,0.00103263114415531,0.236059479553903,0.510532837670384
174273.411807,2638366.126422,0,0.0307861462341946,0.702767088143669,0.0251053692505039,0.01905809052593,0.222283305845703
174773.411807,2638366.126422,0,0.0178014314553129,0.038172141677372,0.0524866948063865,0.160579922921637,0.730959809139292
175273.411807,2638366.126422,0,0.026407482119934,0.011186502842472,0.0843572345497891,0.0385109114249037,0.839537869062901
175773.411807,2638366.126422,0.000916254352208173,0.170056807769837,0.00934579439252336,0.0899761773868426,0.100604727872457,0.629100238226132
176273.411807,2638366.126422,0.00385391815011929,0.493118003303358,0.0110111947146265,0.0488162965681776,0.0956138741053404,0.347586713158378
176773.411807,2638366.126422,0.0053181734824867,0.308270676691729,0.11608289015221,0.0935264991747662,0.136805428204658,0.33999633229415
177273.411807,2638366.126422,0.0487447315374748,0.191130657870625,0.0197910940076965,0.126076598863845,0.255268462525197,0.358988455195162
177773.411807,2638366.126422,0.015782712424298,0.408698843824555,0.0855202789502661,0.0260598274912828,0.0372545421178198,0.426683795191778
178273.411807,2638366.126422,0.0148542086924629,0.424720337428938,0.157711351549606,0.0889418668622776,0.0821566110397946,0.231615624426921
178773.411807,2638366.126422,0.0100787978742899,0.47425325270295,0.125343595382078,0.0498442367601246,0.0888766721641928,0.251603445116364
179273.411807,2638366.126422,0.0211047898697009,0.356395668930079,0.139291613140026,0.114516425032116,0.0767113231785649,0.291980179849514
179773.411807,2638366.126422,0.0170548322024574,0.713552173115716,0.00311754997249221,0.0702365670273244,0.0282413350449294,0.16779754263708
180273.411807,2638366.126422,0.00568077698369067,0.708081363386476,0,0.00146600696353308,0.0181418361737218,0.266630016492578
180773.411807,2638366.126422,0.0345017434391632,0.5975408331804,0.000183519911910442,0.0234905487245366,0.101670031198385,0.242613323545605
181273.411807,2638366.126422,0.00843572345497891,0.593434806528516,0.00513478818998716,0.141023289932147,0.0784889051898038,0.173482486704566
181773.411807,2638366.126422,0.0324354040681693,0.520798973795126,0.00916254352208173,0.0839288986622686,0.0866776617188932,0.266996518233462
182273.411807,2638366.126422,0.00587263718113415,0.702881262616994,0,0.0244081482840888,0.0357863828225362,0.231051569095247
182773.411807,2638366.126422,0.0441958554923895,0.566660553823583,0.0324591967724189,0.0693196405648267,0.0546488171648634,0.232715936181918
183273.411807,2638366.126422,0.0047645226314825,0.63899578522998,0.0298698918819864,0.111966281839839,0.0575407733186733,0.156862745098039
183773.411807,2638366.126422,0.00403743806202973,0.517709671499358,0,0.055606533308864,0.105707469260415,0.316938887869334
184273.411807,2638366.126422,0.00605171465248487,0.337428938199156,0,0.00880249403997799,0.0924261874197689,0.555290665688612
184773.411807,2638366.126422,0.00842954004031519,0.397471137987905,0,0.0262048744731537,0.0544255085211655,0.51346893897746
185273.411807,2638366.126422,0.0266103872270141,0.557349972472013,0.0699210864378785,0.0846026793907139,0.07469260414755,0.18682327032483
185773.411807,2638366.126422,0,0.836420319090409,0.0130203557674674,0.00623509994498441,0.0342930496974143,0.110031175499725
186273.411807,2638366.126422,0.0104268491365266,0.669273378950798,0.000977517106549365,0.0856956663408276,0.0540892798957315,0.179537308569567
173773.411807,2637866.126422,0,0.219950433705081,0.0243700950020653,0.0925237505163156,0.284180090871541,0.378975629904998
174273.411807,2637866.126422,0,0.129120879120879,0.089010989010989,0.0296703296703297,0.106410256410256,0.645787545787546
174773.411807,2637866.126422,0,0.0363302752293578,0.644954128440367,0.0157798165137615,0.0398165137614679,0.263119266055046
175273.411807,2637866.126422,0,0.017978352595854,0.293340671436434,0.0198128783709411,0.000183452577508714,0.668684645019263
175773.411807,2637866.126422,0.00384615384615385,0.0923076923076923,0,0.00860805860805861,0.054029304029304,0.841208791208791
176273.411807,2637866.126422,0.0055045871559633,0.416880733944954,0,0.0561467889908257,0.15743119266055,0.364036697247706
176773.411807,2637866.126422,0.00440286186020914,0.39662447257384,0.028251696936342,0.0462300495321959,0.115942028985507,0.408548890111906
177273.411807,2637866.126422,0.0252747252747253,0.421245421245421,0.0265567765567766,0.0221611721611722,0.123992673992674,0.380769230769231
177773.411807,2637866.126422,0.0135779816513761,0.358532110091743,0.214311926605505,0.0794495412844037,0.061651376146789,0.272477064220183
178273.411807,2637866.126422,0.0372408732342689,0.372225279765181,0.138690148596588,0.0847550908090259,0.106035589800037,0.2610530177949
178773.411807,2637866.126422,0.0227106227106227,0.405311355311355,0.0917582417582418,0.0483516483516484,0.0987179487179487,0.333150183150183
179273.411807,2637866.126422,0.0300917431192661,0.475412844036697,0.0829357798165138,0.0944954128440367,0.0594495412844037,0.257614678899083
179773.411807,2637866.126422,0.00807191341038342,0.700605393505779,0.0563199412951752,0.030820033021464,0.0363236103467254,0.167859108420473
180273.411807,2637866.126422,0.0152014652014652,0.659157509157509,0.00659340659340659,0.0434065934065934,0.045970695970696,0.22967032967033
180773.411807,2637866.126422,0.0401834862385321,0.451743119266055,0.0018348623853211,0.137064220183486,0.197247706422018,0.171926605504587
181273.411807,2637866.126422,0.0550357732526142,0.642817831590534,0,0.0207301412584847,0.0864061640066043,0.195010089891763
181773.411807,2637866.126422,0.0173992673992674,0.648534798534799,0,0.0144688644688645,0.0772893772893773,0.242307692307692
182273.411807,2637866.126422,0.0434862385321101,0.498715596330275,0,0.0255045871559633,0.143669724770642,0.288623853211009
182773.411807,2637866.126422,0.0302696752889378,0.494771601541002,0.0671436433681893,0.0376077783892864,0.137405980554027,0.232801320858558
183273.411807,2637866.126422,0.0194139194139194,0.732967032967033,0,0.0271062271062271,0.0536630036630037,0.166849816849817
183773.411807,2637866.126422,0.0108256880733945,0.580366972477064,0.0401834862385321,0.044954128440367,0.102018348623853,0.221651376146789
184273.411807,2637866.126422,0.0357732526141992,0.40799853237938,0.00697119794533113,0.0948449825720051,0.175747569253348,0.278664465235737
184773.411807,2637866.126422,0.00769230769230769,0.686996336996337,0,0.00860805860805861,0.0542124542124542,0.242490842490842
185273.411807,2637866.126422,0.00825688073394495,0.609908256880734,0,0.0222018348623853,0.04,0.319633027522936
185773.411807,2637866.126422,0.00220143093010457,0.725921849201981,0,0.029535864978903,0.0585213722252798,0.183819482663731
186273.411807,2637866.126422,0.0162813415825464,0.76489742754803,0,0.00455877564311299,0.0221426245522631,0.192119830674048
173773.411807,2637366.126422,0,0.15016501650165,0.0495049504950495,0.0942656765676568,0.506806930693069,0.199257425742574
174273.411807,2637366.126422,0,0.151815181518152,0.0221855518885222,0.0331866519985332,0.341217455078841,0.451595159515952
174773.411807,2637366.126422,0,0.116117216117216,0.0137362637362637,0.019047619047619,0.0498168498168498,0.801282051282051
175273.411807,2637366.126422,0,0.0217948717948718,0.914835164835165,0.0518315018315018,0.000549450549450549,0.010989010989011
175773.411807,2637366.126422,0,0.262559589292263,0.174734140080675,0.148698203153649,0.201870187018702,0.212137880454712
176273.411807,2637366.126422,0,0.266849816849817,0.000366300366300366,0.157509157509158,0.0761904761904762,0.499084249084249
176773.411807,2637366.126422,0.0144688644688645,0.359157509157509,0.0177655677655678,0.0626373626373626,0.135347985347985,0.410622710622711
177273.411807,2637366.126422,0.017968463513018,0.530986431976531,0.00165016501650165,0.0478547854785479,0.07004033736707,0.331499816648332
177773.411807,2637366.126422,0.00586080586080586,0.443772893772894,0.0318681318681319,0.0855311355311355,0.0586080586080586,0.374358974358974
178273.411807,2637366.126422,0.0247252747252747,0.434065934065934,0.0591575091575092,0.0406593406593407,0.11959706959707,0.321794871794872
178773.411807,2637366.126422,0.0306197286395306,0.423542354235424,0.0575724239090576,0.0632563256325633,0.109460946094609,0.315548221488816
179273.411807,2637366.126422,0.0307692307692308,0.480586080586081,0,0.0606227106227106,0.11996336996337,0.308058608058608
179773.411807,2637366.126422,0.00274725274725275,0.774725274725275,0.0139194139194139,0.0358974358974359,0.0249084249084249,0.147802197802198
180273.411807,2637366.126422,0.0333700036670334,0.592225889255592,0.000733406674000733,0.0993766043270994,0.123945727906124,0.15034836817015
180773.411807,2637366.126422,0.140659340659341,0.247069597069597,0.00879120879120879,0.124908424908425,0.183150183150183,0.295421245421245
181273.411807,2637366.126422,0.010989010989011,0.655677655677656,0.000366300366300366,0.0399267399267399,0.0622710622710623,0.230769230769231
181773.411807,2637366.126422,0.0128346167950128,0.747341400806747,0,0.0471213788045471,0.048038137147048,0.144664466446645
182273.411807,2637366.126422,0.00952380952380952,0.756227106227106,0,0.00915750915750916,0.0412087912087912,0.183882783882784
182773.411807,2637366.126422,0.00970695970695971,0.641941391941392,0.0032967032967033,0.0302197802197802,0.0652014652014652,0.2496336996337
183273.411807,2637366.126422,0.00641730839750642,0.691235790245691,0,0.0111844517785112,0.0667400073340667,0.224422442244224
183773.411807,2637366.126422,0.00934065934065934,0.698901098901099,0,0.0137362637362637,0.036996336996337,0.241025641025641
184273.411807,2637366.126422,0.00128205128205128,0.727655677655678,0,0.00384615384615385,0.032051282051282,0.235164835164835
184773.411807,2637366.126422,0.0339200586725339,0.599009900990099,0,0.01998533186652,0.0672900623395673,0.27979464613128
185273.411807,2637366.126422,0.0183150183150183,0.677472527472528,0,0.00201465201465201,0.0404761904761905,0.261721611721612
185773.411807,2637366.126422,0.0111721611721612,0.748901098901099,0,0.00421245421245421,0.0206959706959707,0.215018315018315
186273.411807,2637366.126422,0.00293159609120521,0.877850162866449,0,0,0.00684039087947883,0.112377850162866
173773.411807,2636866.126422,0,0.174101610904585,0.165014456836018,0.432878975629905,0.101404378356051,0.126600578273441
174273.411807,2636866.126422,0,0.330034817665384,0.0749496060106286,0.113798790544255,0.200842954004032,0.280373831775701
174773.411807,2636866.126422,0,0.3567627087539,0.0311983850247752,0.171224077812443,0.0322995044962378,0.408515323912645
175273.411807,2636866.126422,0,0.192554557124519,0.353200073354117,0.316523014854209,0.00128369704749679,0.136438657619659
175773.411807,2636866.126422,0,0.0188748396554884,0.627634231262599,0.329118563313176,0.0243723657687374,0
176273.411807,2636866.126422,0,0.0267939071389246,0.483574967884015,0.454395301890255,0.0352358230868049,0
176773.411807,2636866.126422,0,0.225563909774436,0,0.684393911608289,0.0764716669723088,0.0135705116449661
177273.411807,2636866.126422,0.00513102437236577,0.2398753894081,0.193512919186366,0.163093274693055,0.0982224665567161,0.300164925783397
177773.411807,2636866.126422,0.0277115066984768,0.191961827858323,0.131583776839787,0.132501376399339,0.0851532391264452,0.431088273077629
178273.411807,2636866.126422,0.0262240968274344,0.333394461764167,0.0447460113698881,0.0229231615624427,0.0638180817898405,0.508894186686228
178773.411807,2636866.126422,0.0141103170240059,0.363386476085761,0.0106285504856148,0.0754993586219534,0.0754993586219534,0.460875939160711
179273.411807,2636866.126422,0.0110111947146265,0.403560286291063,0.000917599559552211,0.0583593319875206,0.112314186089191,0.413837401358047
179773.411807,2636866.126422,0.00623509994498441,0.730973775903173,0,0.0144874381074638,0.0777553640198056,0.170548322024574
180273.411807,2636866.126422,0.0102620487447315,0.665750412314459,0.0249221183800623,0.0271211288253619,0.0544255085211655,0.21751878321422
180773.411807,2636866.126422,0.065149568728207,0.549458616259864,0.000367039823820885,0.046063497889521,0.077995962561938,0.260965314736649
181273.411807,2636866.126422,0.0319090408949202,0.640748211993398,0,0.00385109114249037,0.0473134054648817,0.27617825050431
181773.411807,2636866.126422,0,0.678944474986256,0.0509437419827744,0.0613890415979476,0.0370166758292102,0.171706065603812
182273.411807,2636866.126422,0.00623967700495504,0.773719948614425,0,0.0231235089007157,0.0567076527803267,0.140209212699578
182773.411807,2636866.126422,0.00825233816247937,0.726572528883184,0,0.00898587933247754,0.0302585732624244,0.225930680359435
183273.411807,2636866.126422,0.0194245922668133,0.568260949239509,0.00458127176104087,0.00348176653839106,0.0536925050393989,0.350558915154847
183773.411807,2636866.126422,0.0638649293448339,0.281336024958708,0,0.0967149935768031,0.277665626720499,0.280418425399156
184273.411807,2636866.126422,0.0216394645149459,0.593618191821016,0.000183385292499542,0.00880249403997799,0.066385475884834,0.309370988446727
184773.411807,2636866.126422,0.0698185816382628,0.226131574124977,0.0089792926516401,0.0392156862745098,0.100787978742899,0.555066886567711
185273.411807,2636866.126422,0.0625802899614608,0.498807120572582,0.0697375665259681,0.00311983850247752,0.000183519911910442,0.365571664525601
185773.411807,2636866.126422,0.0110031175499725,0.256556024206859,0.312305153126719,0.0144874381074638,0.00476801760498808,0.400880249403998
186273.411807,2636866.126422,0.00162919517758227,0.195177582274356,0.238840013033561,0.267839687194526,0.0228087324861518,0.273704789833822
173773.411807,2636366.126422,0,0,0,0,0,1
174273.411807,2636366.126422,0.00164835164835165,0.0238095238095238,0,0.0021978021978022,0.0862637362637363,0.886080586080586
174773.411807,2636366.126422,0,0.0159633027522936,0.00238532110091743,0.00348623853211009,0.114495412844037,0.863669724770642
175273.411807,2636366.126422,0,0.000733810310034856,0,0,0.0944780774169877,0.904788112272977
175773.411807,2636366.126422,0,0.010989010989011,0,0.0148351648351648,0.0307692307692308,0.943406593406593
176273.411807,2636366.126422,0,0.0137614678899083,0.296880733944954,0.0310091743119266,0.00935779816513761,0.648990825688073
176773.411807,2636366.126422,0,0.017978352595854,0.711245643001284,0.153366354797285,0.0163272793982755,0.101082370207301
177273.411807,2636366.126422,0,0.0648351648351648,0.217765567765568,0.519413919413919,0.157692307692308,0.0402930402930403
177773.411807,2636366.126422,0.00330275229357798,0.0588990825688073,0.174128440366972,0.498348623853211,0.182935779816514,0.0823853211009174
178273.411807,2636366.126422,0,0.0607228031553843,0.578059071729958,0.213905705375161,0.0366905155017428,0.110621904237755
178773.411807,2636366.126422,0.00695970695970696,0.115201465201465,0.321978021978022,0.0644688644688645,0.141575091575092,0.34981684981685
179273.411807,2636366.126422,0.00165137614678899,0.133211009174312,0.338532110091743,0.0198165137614679,0.106605504587156,0.400183486238532
179773.411807,2636366.126422,0.000733810310034856,0.222161071363053,0.383599339570721,0.141625389836727,0.0759493670886076,0.175931021830857
180273.411807,2636366.126422,0.00989010989010989,0.265201465201465,0.24047619047619,0.194139194139194,0.0446886446886447,0.245604395604396
180773.411807,2636366.126422,0.000917431192660551,0.157247706422018,0.438899082568807,0.196330275229358,0.038348623853211,0.168256880733945
181273.411807,2636366.126422,0.00220143093010457,0.120711796000734,0.343973582828839,0.295909007521556,0.0168776371308017,0.220326545587966
181773.411807,2636366.126422,0.00274725274725275,0.332600732600733,0.0736263736263736,0.274358974358974,0.0203296703296703,0.296336996336996
182273.411807,2636366.126422,0.0190825688073394,0.276880733944954,0.103119266055046,0.0299082568807339,0.0620183486238532,0.508990825688073
182773.411807,2636366.126422,0.0497156485048615,0.258117776554761,0.105485232067511,0.0286186020913594,0.0731975784259769,0.484865162355531
183273.411807,2636366.126422,0.0584249084249084,0.21978021978022,0.124175824175824,0.056043956043956,0.112271062271062,0.429304029304029
183773.411807,2636366.126422,0.028256880733945,0.116146788990826,0.289908256880734,0.0855045871559633,0.0436697247706422,0.43651376146789
184273.411807,2636366.126422,0,0.0675105485232067,0.590166941845533,0.232984773436067,0.0155934690882407,0.0937442671069529
184773.411807,2636366.126422,0,0.0901098901098901,0.640659340659341,0.246336996336996,0.0228937728937729,0
185273.411807,2636366.126422,0,0.206605504587156,0.477981651376147,0.289724770642202,0.016697247706422,0.00899082568807339
185773.411807,2636366.126422,0,0.0832874701889562,0.471473124197395,0.424142359200147,0.0122913226930838,0.00880572372041827
186273.411807,2636366.126422,0,0.0110713122761316,0.597199609247802,0.381960273526539,0.00781504395962227,0.00195376098990557
173773.411807,2635866.126422,0.00185643564356436,0.0270214521452145,0.0107260726072607,0.00474422442244224,0.0305280528052805,0.925123762376238
174273.411807,2635866.126422,0.0022002200220022,0.0958929226255959,0.256325632563256,0.00678401173450678,0.0683901723505684,0.57040704070407
174773.411807,2635866.126422,0,0.0717948717948718,0.186263736263736,0.00476190476190476,0.0556776556776557,0.681501831501832
175273.411807,2635866.126422,0.00238095238095238,0.113369963369963,0.157509157509158,0.0250915750915751,0.0331501831501832,0.668498168498168
175773.411807,2635866.126422,0.0022002200220022,0.0661899523285662,0.0507884121745508,0.00165016501650165,0.00385038503850385,0.875320865419875
176273.411807,2635866.126422,0.000183150183150183,0.026007326007326,0.0507326007326007,0,0.00750915750915751,0.915567765567766
176773.411807,2635866.126422,0.0010989010989011,0.00641025641025641,0.0032967032967033,0.0032967032967033,0.0166666666666667,0.969230769230769
177273.411807,2635866.126422,0.015034836817015,0.0284195086175284,0.180968096809681,0.145031169783645,0.0363036303630363,0.594242757609094
177773.411807,2635866.126422,0,0.167399267399267,0.468315018315018,0.182600732600733,0.0122710622710623,0.169413919413919
178273.411807,2635866.126422,0,0.20989010989011,0.397985347985348,0.130769230769231,0.0481684981684982,0.213186813186813
178773.411807,2635866.126422,0,0.255225522552255,0.264393105977264,0.107444077741107,0.184268426842684,0.188668866886689
179273.411807,2635866.126422,0,0.329120879120879,0.16978021978022,0.0996336996336996,0.331135531135531,0.0703296703296703
179773.411807,2635866.126422,0,0.124358974358974,0.0232600732600733,0.0835164835164835,0.291941391941392,0.476923076923077
180273.411807,2635866.126422,0,0.161349468280161,0.0308030803080308,0.0938760542720939,0.0652731939860653,0.648698203153649
180773.411807,2635866.126422,0,0.19010989010989,0.126190476190476,0.40018315018315,0.0880952380952381,0.195421245421245
181273.411807,2635866.126422,0,0.282051282051282,0.216849816849817,0.214285714285714,0.0509157509157509,0.235897435897436
181773.411807,2635866.126422,0,0.068023469013568,0.247891455812248,0.0603226989365603,0.0251191785845251,0.598643197653099
182273.411807,2635866.126422,0,0.0437728937728938,0.150732600732601,0.00989010989010989,0.0212454212454212,0.774358974358974
182773.411807,2635866.126422,0,0.0527472527472527,0.00732600732600733,0.00897435897435897,0.0342490842490843,0.896703296703297
183273.411807,2635866.126422,0,0.0759075907590759,0.13989732306564,0.207187385405207,0.0425375870920425,0.534470113678034
183773.411807,2635866.126422,0,0.152564102564103,0.258424908424908,0.176923076923077,0.030952380952381,0.381135531135531
184273.411807,2635866.126422,0,0.166849816849817,0.144505494505494,0.11025641025641,0.0148351648351648,0.563553113553114
184773.411807,2635866.126422,0,0.443711037770444,0,0.00055005500550055,0.0654565456545655,0.49028236156949
185273.411807,2635866.126422,0,0.643589743589744,0,0.000366300366300366,0.00164835164835165,0.354395604395604
185773.411807,2635866.126422,0,0.465384615384615,0,0.0368131868131868,0.00934065934065934,0.488461538461538
186273.411807,2635866.126422,0,0.260586319218241,0.197068403908795,0.437459283387622,0.0446254071661238,0.0602605863192182
173773.411807,2635366.126422,0.154894671623296,0.0342833539859562,0,0.00557620817843866,0.0394465097067328,0.765799256505576
174273.411807,2635366.126422,0.0126443100604728,0.0351841671247938,0.000366501740883269,0.00348176653839106,0.030602895363753,0.917720359171706
174773.411807,2635366.126422,0.18682327032483,0.052303174894476,0.000734079647641769,0,0.00642319691686548,0.753716278216186
175273.411807,2635366.126422,0.112965340179718,0.0601503759398496,0.0115532734274711,0,0.0280579497524299,0.787273060700532
175773.411807,2635366.126422,0.21073850100788,0.0624885468205974,0.0148433205057724,0,0.00787978742899029,0.70404984423676
176273.411807,2635366.126422,0.11194714626537,0.142594971554414,0.256927876674619,0.000183519911910442,0.00697375665259681,0.48137272894109
176773.411807,2635366.126422,0.146524848707134,0.204474601136989,0.0577663671373556,0.000916926462497708,0.0320924261874198,0.558224830368604
177273.411807,2635366.126422,0.023089609675646,0.573208722741433,0,0.07623236210372,0.0428807036833425,0.284588601795859
177773.411807,2635366.126422,0,0.154340245916682,0,0,0.00256927876674619,0.843090475316572
178273.411807,2635366.126422,0,0.189253621859527,0,0,0.00495140289748762,0.805794975242985
178773.411807,2635366.126422,0.00109950522264981,0.0119113065787062,0,0,0.0102620487447315,0.976727139453912
179273.411807,2635366.126422,0,0.0311983850247752,0.0308313452009543,0.0102771150669848,0.019086070838686,0.9086070838686
179773.411807,2635366.126422,0,0.0680359435173299,0.156611039794608,0.0682193288098294,0.0491472583898771,0.657986429488355
180273.411807,2635366.126422,0,0.172439069085578,0.0553417628733736,0.150632215503024,0.0872274143302181,0.534359538207806
