"x","y","forest","agri","water","built","other","grass"
173273.411807,2530366.126422,0.0664580265095729,0.0438144329896907,0.00460235640648012,0.5509941089838,0.170287187039764,0.163843888070692
173773.411807,2530366.126422,0.115532734274711,0.0550155877498625,0,0.494590133871264,0.179350816064552,0.155510728039611
174273.411807,2530366.126422,0.177570093457944,0.0447132123877588,0,0.227414330218069,0.170606560381162,0.379695803555067
174773.411807,2530366.126422,0.0745090842356396,0.0504679757753716,0,0.396953569462287,0.229583409799963,0.248485960726739
175273.411807,2530366.126422,0.0183385292499542,0.0293416467999266,0,0.651384558958372,0.245736291949386,0.055198973042362
175773.411807,2530366.126422,0.0469122228330585,0.212937511453179,0,0.109034267912773,0.168407549935862,0.462708447865127
176273.411807,2530366.126422,0.0827674802716095,0.2407781244265,0,0.109010827674803,0.131216737015966,0.436226830611121
176773.411807,2530366.126422,0.0401613790573996,0.315239317806712,0.0100861910874748,0.0159545204474601,0.15184302218962,0.466715569411333
177273.411807,2530366.126422,0.0388491845336265,0.0941909474070002,0,0.317940260216236,0.283489096573209,0.265530511269929
177773.411807,2530366.126422,0.0275279867865663,0.351807671132318,0,0.0247751881079097,0.160029363185906,0.4358597907873
178273.411807,2530366.126422,0.0430955437373923,0.245919677241885,0,0.0915092609572712,0.14780854575463,0.471666972308821
178773.411807,2530366.126422,0.149349459409932,0.0637713029136888,0.00256551218618288,0.0786146234194612,0.134689389774601,0.571009712296133
179273.411807,2530366.126422,0.025325747843641,0.126812259130116,0.0192695907505964,0.077995962561938,0.130666177280235,0.619930262433474
179773.411807,2530366.126422,0.0799559875298001,0.0212726939299468,0.000550155877498625,0.215294333394462,0.340913258756648,0.342013570511645
180273.411807,2530366.126422,0.0415979475902511,0.0535092541689573,0.00238226131574125,0.0371999266996518,0.148616455928166,0.716694154297233
180773.411807,2530366.126422,0.0704716461736098,0.0102771150669848,0,0.0405579005322077,0.176729675169756,0.701963663057442
181273.411807,2530366.126422,0.0720704199523198,0.0117366587199707,0,0.00605171465248487,0.0438290849073904,0.866312121767834
181773.411807,2530366.126422,0.154846985523181,0.00329851566794942,0,0.0227231079347627,0.111050027487631,0.708081363386476
182273.411807,2530366.126422,0.28610754266838,0.00770783630023858,0,0.0473481372728941,0.0662506881996697,0.592585795558818
182773.411807,2530366.126422,0.142857142857143,0.0022006235099945,0,0.000916926462497708,0.0152209792774619,0.838804327892903
183273.411807,2530366.126422,0.349092908191314,0.0152098222466557,0,0.0102620487447315,0.140919919369617,0.484515301447682
183773.411807,2530366.126422,0.627087538997981,0.0181684712791338,0,0.00513855753349238,0.113231785648743,0.23637364654065
184273.411807,2530366.126422,0.605171465248487,0.0190720704199523,0,0.0022006235099945,0.126535851824684,0.247019988996882
184773.411807,2530366.126422,0.439252336448598,0.00238226131574125,0,0.000366501740883269,0.0126443100604728,0.545354590434305
185273.411807,2530366.126422,0.613690585428519,0.00807487612405946,0,0,0.00367039823820885,0.374564140209213
185773.411807,2530366.126422,0.44677033492823,0.000897129186602871,0,0.00299043062200957,0.0472488038277512,0.502093301435407
173273.411807,2529866.126422,0.122400147248297,0.108043438247745,0.000184060371801951,0.067550156451316,0.124056690594515,0.577765507086324
173773.411807,2529866.126422,0.113924050632911,0.0387084938543387,0,0.37369290038525,0.115391671252981,0.358282883874518
174273.411807,2529866.126422,0.113553113553114,0.117948717948718,0,0.00494505494505494,0.03003663003663,0.733516483516483
174773.411807,2529866.126422,0.0636697247706422,0.0155963302752294,0,0.571926605504587,0.243853211009174,0.104954128440367
175273.411807,2529866.126422,0.119427627958173,0.0642084021280499,0,0.287837094111172,0.272793982755458,0.255732893047147
175773.411807,2529866.126422,0.0615384615384615,0.211721611721612,0,0.0318681318681319,0.0946886446886447,0.60018315018315
176273.411807,2529866.126422,0.0555963302752294,0.119082568807339,0,0.108440366972477,0.196330275229358,0.520550458715596
176773.411807,2529866.126422,0.0563199412951752,0.108603925885159,0,0.0735644835809943,0.312052834342323,0.449458814896349
177273.411807,2529866.126422,0.0756410256410256,0.0677655677655678,0,0.162454212454212,0.357142857142857,0.336996336996337
177773.411807,2529866.126422,0.024954128440367,0.442752293577982,0,0.0155963302752294,0.0704587155963303,0.446238532110092
178273.411807,2529866.126422,0.0436617134470739,0.314621170427445,0,0.0631076866629976,0.227664648688314,0.35094478077417
178773.411807,2529866.126422,0.0692307692307692,0.221062271062271,0.0322344322344322,0.0842490842490843,0.154761904761905,0.438461538461538
179273.411807,2529866.126422,0.0394495412844037,0.213577981651376,0.00477064220183486,0.0596330275229358,0.19045871559633,0.492110091743119
179773.411807,2529866.126422,0.0416437350944781,0.120895248578243,0.000550357732526142,0.060906255732893,0.156485048614933,0.619519354246927
180273.411807,2529866.126422,0.0357142857142857,0.0816849816849817,0.00421245421245421,0.0857142857142857,0.2,0.592673992673993
180773.411807,2529866.126422,0.0455045871559633,0.0480733944954128,0,0.0739449541284404,0.154128440366972,0.678348623853211
181273.411807,2529866.126422,0.103834158869932,0.0352228948816731,0,0.0755824619335902,0.119060722803155,0.666299761511649
181773.411807,2529866.126422,0.215750915750916,0.0402930402930403,0,0.00256410256410256,0.0981684981684982,0.643223443223443
182273.411807,2529866.126422,0.18256880733945,0.0743119266055046,0,0.00055045871559633,0.0288073394495413,0.713761467889908
182773.411807,2529866.126422,0.626674004769767,0.00990643918547056,0,0.000550357732526142,0.0484314804623005,0.314437717849936
183273.411807,2529866.126422,0.701465201465201,0.0010989010989011,0,0,0,0.297435897435897
183773.411807,2529866.126422,0.759082568807339,0.00036697247706422,0,0,0.00055045871559633,0.24
184273.411807,2529866.126422,0.821133736929004,0.00091726288754357,0,0,0.0207301412584847,0.157218858924968
184773.411807,2529866.126422,0.291941391941392,0.00476190476190476,0,0,0.0172161172161172,0.686080586080586
185273.411807,2529866.126422,0.225688073394495,0.00403669724770642,0,0,0.0194495412844037,0.750825688073394
185773.411807,2529866.126422,0.238479952124476,0.00628366247755835,0,0.000897666068222621,0.0113704368641532,0.742968282465589
173273.411807,2529366.126422,0.0764424843807424,0.0999632488055862,0,0.099595736861448,0.223814773980154,0.500183755972069
173773.411807,2529366.126422,0.0521978021978022,0.0254578754578755,0,0.529487179487179,0.182967032967033,0.20989010989011
174273.411807,2529366.126422,0.0715071507150715,0.0157682434910158,0,0.467730106343968,0.14998166483315,0.295012834616795
174773.411807,2529366.126422,0.100915750915751,0.0216117216117216,0,0.423809523809524,0.225824175824176,0.227838827838828
175273.411807,2529366.126422,0.0516483516483516,0.11043956043956,0,0.0921245421245421,0.193772893772894,0.552014652014652
175773.411807,2529366.126422,0.0495049504950495,0.24000733406674,0.0108177484415108,0.111477814448111,0.0517051705170517,0.536486982031536
176273.411807,2529366.126422,0.0635531135531135,0.387912087912088,0,0.0186813186813187,0.0763736263736264,0.453479853479853
176773.411807,2529366.126422,0.0758241758241758,0.103113553113553,0,0.0728937728937729,0.216849816849817,0.531318681318681
177273.411807,2529366.126422,0.0740740740740741,0.0804913824715805,0,0.0892922625595893,0.130913091309131,0.625229189585625
177773.411807,2529366.126422,0.0364468864468864,0.248717948717949,0,0.0813186813186813,0.247802197802198,0.385714285714286
178273.411807,2529366.126422,0.0181318681318681,0.441941391941392,0.00366300366300366,0.0556776556776557,0.184981684981685,0.295604395604396
178773.411807,2529366.126422,0.0432709937660433,0.303080308030803,0.037037037037037,0.0793912724605794,0.256325632563256,0.280894756142281
179273.411807,2529366.126422,0.0236263736263736,0.18021978021978,0.0236263736263736,0.146703296703297,0.357326007326007,0.268498168498168
179773.411807,2529366.126422,0.0575091575091575,0.141758241758242,0.0586080586080586,0.107142857142857,0.398168498168498,0.236813186813187
180273.411807,2529366.126422,0.0412541254125413,0.041987532086542,0,0.017968463513018,0.12046204620462,0.778327832783278
180773.411807,2529366.126422,0.0401098901098901,0.104395604395604,0.00238095238095238,0.0778388278388278,0.152380952380952,0.622893772893773
181273.411807,2529366.126422,0.235531135531136,0.067032967032967,0,0.0128205128205128,0.157509157509158,0.527106227106227
181773.411807,2529366.126422,0.156215621562156,0.0221855518885222,0,0.0383204987165383,0.164099743307664,0.619178584525119
182273.411807,2529366.126422,0.426007326007326,0.102930402930403,0,0.000183150183150183,0.0197802197802198,0.451098901098901
182773.411807,2529366.126422,0.686263736263736,0,0,0,0.00201465201465201,0.311721611721612
183273.411807,2529366.126422,0.656215621562156,0,0,0,0,0.343784378437844
183773.411807,2529366.126422,0.541391941391941,0,0,0,0,0.458608058608059
184273.411807,2529366.126422,0.635164835164835,0.00201465201465201,0,0.000549450549450549,0.0547619047619048,0.307509157509158
184773.411807,2529366.126422,0.402823615694903,0.0194352768610194,0,0.000916758342500917,0.0636230289695636,0.513201320132013
185273.411807,2529366.126422,0.298901098901099,0.0271062271062271,0,0.00128205128205128,0.133516483516484,0.539194139194139
185773.411807,2529366.126422,0.555123991634299,0.00089632506722438,0,0.00089632506722438,0.0331640274873021,0.40991933074395
173273.411807,2528866.126422,0.0412371134020619,0.0276141384388807,0,0.483431516936672,0.227172312223859,0.220544918998527
173773.411807,2528866.126422,0.0682193288098294,0.0161379057399597,0,0.694846873280763,0.181918210159545,0.0388776820099028
174273.411807,2528866.126422,0.0315191497159611,0.0188748396554884,0,0.787062488546821,0.129008612790911,0.0335349092908191
174773.411807,2528866.126422,0.0712057258212516,0.0691870067902367,0,0.3567627087539,0.204991741603964,0.297852817030648
175273.411807,2528866.126422,0.0350265908674124,0.1599119750596,0,0.0183385292499542,0.125435540069686,0.661287364753347
175773.411807,2528866.126422,0.0359171706065604,0.526663001649258,0.000733003481766538,0.0685358255451713,0.0982224665567161,0.269928532160528
176273.411807,2528866.126422,0.073040924940356,0.269223710772619,0.017434391631492,0.13286841622316,0.171958157460084,0.335474398972288
176773.411807,2528866.126422,0.256556024206859,0.11204841371722,0,0.0209059233449477,0.0953603520997616,0.515129286631212
177273.411807,2528866.126422,0.0186915887850467,0.175371083012644,0,0.0569910207073484,0.112332783580722,0.636613523914239
177773.411807,2528866.126422,0.0183519911910442,0.204808221692054,0.0165167920719398,0.148284088823637,0.293448339144797,0.318590567076528
178273.411807,2528866.126422,0.0355767467449111,0.340546488171649,0,0.101412066752246,0.152943333944618,0.369521364386576
178773.411807,2528866.126422,0.0252886201209456,0.316657504123145,0.0384826827927433,0.0656038116181052,0.298698918819864,0.255268462525197
179273.411807,2528866.126422,0.02073775004588,0.219306294732979,0.110478986970086,0.195815746008442,0.317489447605065,0.136171774637548
179773.411807,2528866.126422,0.0273244085824317,0.227030992114432,0.0159545204474601,0.131303869429672,0.222996515679443,0.375389693746562
180273.411807,2528866.126422,0.0262048744731537,0.0657870624885468,0.0163093274693055,0.0778816199376947,0.343961883818948,0.469855231812351
180773.411807,2528866.126422,0.102954670581758,0.209029179665994,0,0.0411084602679391,0.166819599926592,0.480088089557717
181273.411807,2528866.126422,0.300201723821749,0.011186502842472,0.000366770584999083,0.024390243902439,0.141756831102146,0.522097927746195
181773.411807,2528866.126422,0.192413413963716,0.0491112332783581,0,0.0870441634597764,0.166025288620121,0.505405900678028
182273.411807,2528866.126422,0.617544503578638,0.00256927876674619,0,0.00256927876674619,0.0383556615892824,0.338961277298587
182773.411807,2528866.126422,0.588300018338529,0.00110031175499725,0,0.000916926462497708,0.0315422703099211,0.378140473134055
183273.411807,2528866.126422,0.695620304196445,0,0,0,0,0.304379695803555
183773.411807,2528866.126422,0.819232886768214,0,0,0,0,0.180767113231786
184273.411807,2528866.126422,0.508344030808729,0.035209976159912,0,0.00128369704749679,0.0474967907573813,0.407665505226481
184773.411807,2528866.126422,0.55378413047462,0.000366501740883269,0,0,0.0131940626717977,0.432655305112699
185273.411807,2528866.126422,0.562488530005506,0.0315654248485961,0.00770783630023858,0.00642319691686548,0.0315654248485961,0.360249587080198
185773.411807,2528866.126422,0.305023923444976,0.0463516746411483,0.0020933014354067,0.103468899521531,0.219198564593301,0.323863636363636
173273.411807,2528366.126422,0.247929320817228,0.0594515000920302,0,0.126265415056138,0.261181667586969,0.305172096447635
173773.411807,2528366.126422,0.140891579526692,0.137039075399009,0,0.341772151898734,0.180517336268575,0.19977985690699
174273.411807,2528366.126422,0.0516483516483516,0.017032967032967,0,0.74010989010989,0.146153846153846,0.0450549450549451
174773.411807,2528366.126422,0.0414678899082569,0.0295412844036697,0,0.639266055045872,0.179633027522936,0.110091743119266
175273.411807,2528366.126422,0.0423775454045129,0.181067694001101,0.001284168042561,0.194459732159237,0.18693817648138,0.393872683911209
175773.411807,2528366.126422,0.0302197802197802,0.229487179487179,0,0.0527472527472527,0.129304029304029,0.558241758241758
176273.411807,2528366.126422,0.12348623853211,0.217247706422018,0.103302752293578,0.0359633027522936,0.129908256880734,0.390091743119266
176773.411807,2528366.126422,0.0524674371674922,0.078884608328747,0.020546688680976,0.115942028985507,0.299211153916713,0.432948082920565
177273.411807,2528366.126422,0.0217948717948718,0.35970695970696,0.0214285714285714,0.0139194139194139,0.146336996336996,0.436813186813187
177773.411807,2528366.126422,0.0238532110091743,0.188623853211009,0.0910091743119266,0.127155963302752,0.146422018348624,0.422935779816514
178273.411807,2528366.126422,0.028251696936342,0.445239405613649,0.0555861309851403,0.154467070262337,0.109337736195194,0.207117960007338
178773.411807,2528366.126422,0.0293040293040293,0.421611721611722,0.013003663003663,0.0463369963369963,0.246336996336996,0.243406593406593
179273.411807,2528366.126422,0.165321100917431,0.181651376146789,0.0381651376146789,0.0499082568807339,0.241467889908257,0.32348623853211
179773.411807,2528366.126422,0.541185103650706,0.0203632361034673,0,0,0.00697119794533113,0.431480462300495
180273.411807,2528366.126422,0.272344322344322,0.0934065934065934,0,0.00183150183150183,0.0188644688644689,0.613553113553114
180773.411807,2528366.126422,0.0344954128440367,0.388073394495413,0,0,0.026605504587156,0.550825688073394
181273.411807,2528366.126422,0.0990643918547056,0.196110805356815,0,0.026967528893781,0.084021280498991,0.593835993395707
181773.411807,2528366.126422,0.134065934065934,0.0681318681318681,0,0.0653846153846154,0.316849816849817,0.415567765567766
182273.411807,2528366.126422,0.663302752293578,0.0119266055045872,0,0.00128440366972477,0.0779816513761468,0.245504587155963
182773.411807,2528366.126422,0.593652540818199,0.000366905155017428,0,0.00183452577508714,0.0330214639515685,0.371124564300128
183273.411807,2528366.126422,0.678937728937729,0,0,0,0,0.321062271062271
183773.411807,2528366.126422,0.71743119266055,0,0,0,0,0.28256880733945
184273.411807,2528366.126422,0.54632177582095,0.0165107319757843,0,0.000366905155017428,0.0436617134470739,0.393138873601174
184773.411807,2528366.126422,0.4496336996337,0.00201465201465201,0,0.000183150183150183,0.00128205128205128,0.546886446886447
185273.411807,2528366.126422,0.576146788990826,0.00862385321100917,0,0.00018348623853211,0.00348623853211009,0.411559633027523
185773.411807,2528366.126422,0.607420706163974,0.00538599640933573,0.0122681029323758,0.00598444045481747,0.00179533213644524,0.367145421903052
173273.411807,2527866.126422,0.0608232267548695,0.217199558985667,0,0.0325248070562293,0.210951855935318,0.478500551267916
173773.411807,2527866.126422,0.0956043956043956,0.248168498168498,0.00531135531135531,0.0417582417582418,0.0891941391941392,0.51996336996337
174273.411807,2527866.126422,0.0751741840850752,0.0551888522185552,0.00183351668500183,0.345801246791346,0.178584525119179,0.343417675100843
174773.411807,2527866.126422,0.0862637362637363,0.0655677655677656,0,0.283699633699634,0.241758241758242,0.322710622710623
175273.411807,2527866.126422,0.0600732600732601,0.114835164835165,0,0.417765567765568,0.201282051282051,0.206043956043956
175773.411807,2527866.126422,0.133480014668133,0.0678401173450678,0,0.107810781078108,0.28951228456179,0.401356802346901
176273.411807,2527866.126422,0.142307692307692,0.245970695970696,0.00311355311355311,0.0183150183150183,0.0871794871794872,0.503113553113553
176773.411807,2527866.126422,0.084981684981685,0.214468864468864,0.0734432234432234,0.0357142857142857,0.136813186813187,0.454578754578755
177273.411807,2527866.126422,0.0326365969930326,0.161166116611661,0.0522552255225523,0.125412541254125,0.176751008434177,0.451778511184452
177773.411807,2527866.126422,0.0179487179487179,0.254212454212454,0.21043956043956,0.176190476190476,0.118681318681319,0.222527472527473
178273.411807,2527866.126422,0.0496336996336996,0.255860805860806,0.0937728937728938,0.0250915750915751,0.0441391941391941,0.531501831501832
178773.411807,2527866.126422,0.0507884121745508,0.468463513017968,0.0605060506050605,0.0194352768610194,0.137147048038137,0.263659699303264
179273.411807,2527866.126422,0.425824175824176,0.0327838827838828,0,0.000732600732600733,0.0326007326007326,0.508058608058608
179773.411807,2527866.126422,0.141575091575092,0.252747252747253,0,0,0.00384615384615385,0.601831501831502
180273.411807,2527866.126422,0.277961129446278,0.176384305097176,0.0100843417675101,0.0586725339200587,0.0502383571690502,0.426659332599927
180773.411807,2527866.126422,0.0681318681318681,0.141391941391941,0,0.12985347985348,0.184615384615385,0.476007326007326
181273.411807,2527866.126422,0.36978021978022,0.0184981684981685,0,0.0379120879120879,0.0304029304029304,0.543406593406593
181773.411807,2527866.126422,0.538870553722039,0.0276861019435277,0,0.00055005500550055,0.0152181884855152,0.417675100843418
182273.411807,2527866.126422,0.623076923076923,0.00824175824175824,0,0.00128205128205128,0.0804029304029304,0.286996336996337
182773.411807,2527866.126422,0.613736263736264,0.000732600732600733,0,0,0.00384615384615385,0.381684981684982
183273.411807,2527866.126422,0.715438210487715,0.000183351668500183,0,0,0.000366703337000367,0.284011734506784
183773.411807,2527866.126422,0.77985347985348,0,0,0,0,0.22014652014652
184273.411807,2527866.126422,0.545787545787546,0.000366300366300366,0,0.000183150183150183,0.0230769230769231,0.430586080586081
184773.411807,2527866.126422,0.566189952328566,0.000183351668500183,0,0,0.00696736340300697,0.426659332599927
185273.411807,2527866.126422,0.366849816849817,0.0119047619047619,0,0,0.0032967032967033,0.617948717948718
185773.411807,2527866.126422,0.52464893934867,0.0113534508515088,0.000597550044816253,0.000597550044816253,0.0209142515685689,0.441888258141619
173273.411807,2527366.126422,0.115427098674521,0.223674521354934,0,0.208210603829161,0.119108983799705,0.333578792341679
173773.411807,2527366.126422,0.0221896203924445,0.246286447826884,0,0.0298918026774253,0.0445626260773886,0.657069503025857
174273.411807,2527366.126422,0.0602895363752978,0.182334616089426,0.0139270661535642,0.196078431372549,0.114898295766905,0.432472054242258
174773.411807,2527366.126422,0.0427601394751331,0.230133969535695,0.0785465222976693,0.0530372545421178,0.111213066617728,0.484309047531657
175273.411807,2527366.126422,0.10801393728223,0.324958738309188,0.0441958554923895,0.0700531817348249,0.174216027874564,0.278562259306804
175773.411807,2527366.126422,0.111050027487631,0.168407549935862,0,0.212937511453179,0.169140553417629,0.338464357705699
176273.411807,2527366.126422,0.102771150669848,0.184621031381905,0.000917599559552211,0.200954303541934,0.122958340979996,0.387777573866765
176773.411807,2527366.126422,0.0878415551072804,0.161195672107097,0.166880616174583,0.142123601687145,0.125802310654686,0.31615624426921
177273.411807,2527366.126422,0.0507604911123328,0.184533626534726,0.210921751878321,0.203408466190214,0.0518599963349826,0.298515667949423
177773.411807,2527366.126422,0.146999449440264,0.153973206092861,0.0192695907505964,0.0862543585979079,0.114149385208295,0.479354009910075
178273.411807,2527366.126422,0.077205208142307,0.378690629011553,0.0238400880249404,0.0385109114249037,0.00935264991747662,0.472400513478819
178773.411807,2527366.126422,0.0808136338647609,0.528495510353674,0,0.0313358988455195,0.104819497892615,0.25453545904343
179273.411807,2527366.126422,0.183519911910442,0.255276197467425,0,0.0482657368324463,0.101853551110295,0.411084602679391
179773.411807,2527366.126422,0.0341096644049147,0.392261140656519,0,0.00348432055749129,0.0612506876948469,0.508894186686228
180273.411807,2527366.126422,0.0813633864760858,0.147883452446399,0,0.106835257467473,0.137438152831226,0.526479750778816
180773.411807,2527366.126422,0.0770783630023858,0.164066801247935,0,0.0693705267021472,0.201321343365755,0.488162965681776
181273.411807,2527366.126422,0.214927562809463,0.004401247019989,0,0.0227397762699432,0.113515496057216,0.644415917843389
181773.411807,2527366.126422,0.575224482316291,0,0,0,0.000366501740883269,0.424409015942826
182273.411807,2527366.126422,0.440447788585062,0.000917599559552211,0,0,0.0352358230868049,0.523398788768581
182773.411807,2527366.126422,0.640748211993398,0.00421786172748946,0,0.00183385292499542,0.0460297084173849,0.307170364936732
183273.411807,2527366.126422,0.814733369983507,0,0,0,0.00128275609309144,0.183983873923401
183773.411807,2527366.126422,0.768581391080932,0.000367039823820885,0,0.000367039823820885,0.00642319691686548,0.22426133235456
184273.411807,2527366.126422,0.738309187603154,0.00696864111498258,0,0,0.000183385292499542,0.254538785989364
184773.411807,2527366.126422,0.512552684625252,0.0254718709913872,0.00183250870441635,0.000733003481766538,0.030602895363753,0.428807036833425
185273.411807,2527366.126422,0.740869884382455,0.0047715177096715,0.00734079647641769,0.000367039823820885,0,0.246650761607634
185773.411807,2527366.126422,0.438696172248804,0.0460526315789474,0.0185406698564593,0.00179425837320574,0.00956937799043062,0.485346889952153
173273.411807,2526866.126422,0.133811890300018,0.251242407509663,0,0.0117798637953249,0.086508374746917,0.516657463648077
173773.411807,2526866.126422,0.217574756925335,0.0469638598422308,0.00220143093010457,0.286552926068611,0.173362685745735,0.273344340487984
174273.411807,2526866.126422,0.172161172161172,0.0578754578754579,0,0.152564102564103,0.132600732600733,0.484798534798535
174773.411807,2526866.126422,0.259266055045872,0.0987155963302752,0,0.0574311926605505,0.278348623853211,0.306238532110092
175273.411807,2526866.126422,0.0310034855989727,0.432030820033021,0.0421940928270042,0.0583379196477711,0.167859108420473,0.268574573472757
175773.411807,2526866.126422,0.11043956043956,0.186630036630037,0.0205128205128205,0.176739926739927,0.162271062271062,0.343406593406593
176273.411807,2526866.126422,0.0785321100917431,0.0990825688073395,0.00348623853211009,0.45394495412844,0.145688073394495,0.219266055045872
176773.411807,2526866.126422,0.28526875802605,0.117776554760594,0.0491652907723353,0.0465969546872134,0.066042927903137,0.43514951385067
177273.411807,2526866.126422,0.0401098901098901,0.283699633699634,0.224725274725275,0.0695970695970696,0.0937728937728938,0.288095238095238
177773.411807,2526866.126422,0.0561467889908257,0.320550458715596,0.185688073394495,0.141834862385321,0.118715596330275,0.177064220183486
178273.411807,2526866.126422,0.0359567051917079,0.206017244542286,0.165657677490369,0.0376077783892864,0.13979086406164,0.414969730324711
178773.411807,2526866.126422,0.0923076923076923,0.466483516483516,0.0580586080586081,0.0705128205128205,0.0937728937728938,0.218864468864469
179273.411807,2526866.126422,0.0245871559633028,0.60256880733945,0,0.0269724770642202,0.0838532110091743,0.262018348623853
179773.411807,2526866.126422,0.0640249495505412,0.363419556044762,0,0.0631076866629976,0.113924050632911,0.395523757108787
180273.411807,2526866.126422,0.136630036630037,0.0347985347985348,0,0.0421245421245421,0.196886446886447,0.58956043956044
180773.411807,2526866.126422,0.141834862385321,0.024954128440367,0,0.0361467889908257,0.111926605504587,0.685137614678899
181273.411807,2526866.126422,0.20399926618969,0.00990643918547056,0,0.0412768299394606,0.147679324894515,0.597138139790864
181773.411807,2526866.126422,0.275641025641026,0.00970695970695971,0,0.0179487179487179,0.157326007326007,0.539377289377289
182273.411807,2526866.126422,0.606788990825688,0.00036697247706422,0,0,0.000917431192660551,0.391926605504587
182773.411807,2526866.126422,0.721335534764263,0.000733810310034856,0,0.000366905155017428,0.00513667217024399,0.27242707760044
183273.411807,2526866.126422,0.864652014652015,0,0,0,0,0.135347985347985
183773.411807,2526866.126422,0.563119266055046,0.0139449541284404,0,0,0.0469724770642202,0.375963302752294
184273.411807,2526866.126422,0.392588515868648,0.00568702990277013,0,0.001284168042561,0.0746651990460466,0.525775087139974
184773.411807,2526866.126422,0.512087912087912,0.0617216117216117,0.00201465201465201,0.0117216117216117,0.0465201465201465,0.365934065934066
185273.411807,2526866.126422,0.725321100917431,0.00532110091743119,0,0,0.00348623853211009,0.265871559633027
185773.411807,2526866.126422,0.533512866546978,0.0377019748653501,0.00299222022740874,0.00299222022740874,0.018850987432675,0.40394973070018
173273.411807,2526366.126422,0.0501653803748622,0.0865490628445424,0,0.642043366409408,0.118155090040426,0.103087100330761
173773.411807,2526366.126422,0.112087912087912,0.0904761904761905,0,0.155311355311355,0.217948717948718,0.424175824175824
174273.411807,2526366.126422,0.154382104877154,0.0515218188485515,0,0.143381004767143,0.224055738907224,0.426659332599927
174773.411807,2526366.126422,0.0628205128205128,0.279304029304029,0.019047619047619,0.257875457875458,0.104395604395604,0.276556776556777
175273.411807,2526366.126422,0.0252747252747253,0.26978021978022,0.0985347985347985,0.154761904761905,0.110622710622711,0.341025641025641
175773.411807,2526366.126422,0.0935093509350935,0.113861386138614,0.119178584525119,0.18976897689769,0.185735240190686,0.297946461312798
176273.411807,2526366.126422,0.0684981684981685,0.0472527472527473,0.0163003663003663,0.348534798534799,0.245421245421245,0.273992673992674
176773.411807,2526366.126422,0.116483516483516,0.0518315018315018,0.0032967032967033,0.386263736263736,0.158974358974359,0.283150183150183
177273.411807,2526366.126422,0.0474880821415475,0.495782911624496,0.0357535753575358,0.133480014668133,0.0320865419875321,0.255408874220755
177773.411807,2526366.126422,0.0304029304029304,0.29981684981685,0.0221611721611722,0.443956043956044,0.0562271062271062,0.147435897435897
178273.411807,2526366.126422,0.0853479853479854,0.142307692307692,0.0184981684981685,0.254029304029304,0.123809523809524,0.376007326007326
178773.411807,2526366.126422,0.0905757242390906,0.259442610927759,0.1004767143381,0.0559222588925559,0.108910891089109,0.384671800513385
179273.411807,2526366.126422,0.0633699633699634,0.426739926739927,0,0.0483516483516484,0.0967032967032967,0.364835164835165
179773.411807,2526366.126422,0.147252747252747,0.153113553113553,0.00824175824175824,0.039010989010989,0.114102564102564,0.538278388278388
180273.411807,2526366.126422,0.070957095709571,0.0720572057205721,0.0324532453245325,0.110561056105611,0.205353868720205,0.508617528419509
180773.411807,2526366.126422,0.344505494505495,0.138095238095238,0,0.0043956043956044,0.0166666666666667,0.496336996336996
181273.411807,2526366.126422,0.206410256410256,0.0478021978021978,0,0.0153846153846154,0.131501831501832,0.598901098901099
181773.411807,2526366.126422,0.162999633296663,0.0236523652365237,0,0.081041437477081,0.396039603960396,0.336266960029336
182273.411807,2526366.126422,0.465934065934066,0.00274725274725275,0,0.000183150183150183,0.0293040293040293,0.501831501831502
182773.411807,2526366.126422,0.5996336996337,0,0,0,0.00604395604395604,0.394322344322344
183273.411807,2526366.126422,0.723689035570224,0,0,0,0.000366703337000367,0.275944261092776
183773.411807,2526366.126422,0.510622710622711,0.0179487179487179,0,0.000183150183150183,0.00549450549450549,0.465750915750916
184273.411807,2526366.126422,0.344871794871795,0.0545787545787546,0,0.00146520146520147,0.0509157509157509,0.548168498168498
184773.411807,2526366.126422,0.462779611294463,0.00146681334800147,0,0.00146681334800147,0.0638063806380638,0.47048038137147
185273.411807,2526366.126422,0.554945054945055,0.00531135531135531,0,0.0141025641025641,0.0758241758241758,0.34981684981685
185773.411807,2526366.126422,0.69375560203167,0.0101583507618763,0.00746937556020317,0.00119510008963251,0.00717060053779504,0.280250971018823
173273.411807,2525866.126422,0.0635125184094256,0.105117820324006,0.00276141384388807,0.170103092783505,0.118188512518409,0.540316642120766
173773.411807,2525866.126422,0.206491839354484,0.046396479002384,0,0.121584448927196,0.231065468549422,0.394461764166514
174273.411807,2525866.126422,0.137254901960784,0.0866776617188932,0.00201575957485798,0.10426974528129,0.22081729888217,0.448964632582005
174773.411807,2525866.126422,0.0957973940172509,0.196733345567994,0.000367039823820885,0.0559735731326849,0.122958340979996,0.528170306478253
175273.411807,2525866.126422,0.0414450761048964,0.151476251604621,0.0194388410049514,0.433339446176417,0.147258389877132,0.207041995231982
175773.411807,2525866.126422,0.0819131390874107,0.0985889682975994,0.211471504489646,0.16144401685908,0.13340663368151,0.313175737584754
176273.411807,2525866.126422,0.0778124426500275,0.0812993209763259,0.0170673518076711,0.230501009359516,0.237474766012112,0.355845109194348
176773.411807,2525866.126422,0.0731707317073171,0.174949569044563,0.0159545204474601,0.261140656519347,0.186319457179534,0.288465065101779
177273.411807,2525866.126422,0.0419644493311343,0.199743448781382,0.239325636796775,0.174638079530878,0.0619387942092725,0.282389591350559
177773.411807,2525866.126422,0.0455129381537897,0.193613507065517,0.218021655349605,0.237107726188291,0.0790970820334006,0.226647091209396
178273.411807,2525866.126422,0.0102695763799743,0.0295250320924262,0.00238400880249404,0.842838804327893,0.059600220062351,0.0553823583348615
178773.411807,2525866.126422,0.0538757559098406,0.413780465457211,0,0.0423309510720176,0.093274693054792,0.396738134506139
179273.411807,2525866.126422,0.0625802899614608,0.153973206092861,0,0.135621214901817,0.189209029179666,0.458616259864195
179773.411807,2525866.126422,0.0689528699798276,0.253805244819366,0.0383275261324042,0.0573995965523565,0.117916743077205,0.463598019438841
180273.411807,2525866.126422,0.0720175920835624,0.496243357155946,0.0313358988455195,0.0386659336631849,0.000916254352208173,0.360820963899579
180773.411807,2525866.126422,0.325747843641035,0.0631308496971921,0.0657001284639383,0.12020554230134,0.0367039823820885,0.388511653514406
181273.411807,2525866.126422,0.0742710434623143,0.121217678342197,0.0163212910324592,0.130753713552173,0.126719237117183,0.530717036493673
181773.411807,2525866.126422,0.251786695986806,0.0175920835623969,0,0.011544804837823,0.13560564412681,0.583470771486165
182273.411807,2525866.126422,0.328317122407781,0.000550559735731327,0,0.00146815929528354,0.0715727656450725,0.598091392916131
182773.411807,2525866.126422,0.563359618558592,0.000916926462497708,0,0.00293416467999266,0.0143040528149642,0.418485237483954
183273.411807,2525866.126422,0.457943925233645,0.00238226131574125,0,0,0.0276708814366868,0.512002932013927
183773.411807,2525866.126422,0.305377133418976,0.255459717379336,0,0,0.0012846393833731,0.437878509818315
184273.411807,2525866.126422,0.376306620209059,0.189620392444526,0.000733541169998166,0.000366770584999083,0.0196222262974509,0.413350449293967
184773.411807,2525866.126422,0.557815649624336,0.00623052959501558,0,0.00201575957485798,0.0588235294117647,0.375114531794026
185273.411807,2525866.126422,0.275646907689484,0.00770783630023858,0,0.00146815929528354,0.0695540466140576,0.645623050100936
185773.411807,2525866.126422,0.472188995215311,0.0523325358851675,0.0167464114832536,0,0.0128588516746411,0.445873205741627
173273.411807,2525366.126422,0.15663537640346,0.022455365359838,0,0.145223633351739,0.179090741763298,0.496594883121664
173773.411807,2525366.126422,0.32526141992295,0.111172261970281,0,0.0260502660062374,0.15116492386718,0.386351128233352
174273.411807,2525366.126422,0.147985347985348,0.102747252747253,0.0021978021978022,0.032967032967033,0.122161172161172,0.591941391941392
174773.411807,2525366.126422,0.147339449541284,0.0735779816513761,0,0.391192660550459,0.182385321100917,0.205504587155963
175273.411807,2525366.126422,0.104384516602458,0.0486149330398092,0.00091726288754357,0.190974133186571,0.243808475509081,0.411300678774537
175773.411807,2525366.126422,0.13956043956044,0.169047619047619,0,0.0261904761904762,0.132967032967033,0.532234432234432
176273.411807,2525366.126422,0.0730275229357798,0.135229357798165,0,0.0462385321100917,0.0711926605504587,0.674311926605505
176773.411807,2525366.126422,0.0495321959273528,0.0702623371858375,0,0.0368739680792515,0.119060722803155,0.724270776004403
177273.411807,2525366.126422,0.0476190476190476,0.180586080586081,0.109157509157509,0.245787545787546,0.194322344322344,0.222527472527473
177773.411807,2525366.126422,0.0392660550458716,0.15743119266055,0.063302752293578,0.390091743119266,0.115045871559633,0.234862385321101
178273.411807,2525366.126422,0.0304531278664465,0.0906255732893047,0.0836543753439736,0.683544303797468,0.0528343423225096,0.0588882773802972
178773.411807,2525366.126422,0.05,0.078021978021978,0.0815018315018315,0.288278388278388,0.159157509157509,0.343040293040293
179273.411807,2525366.126422,0.0722935779816514,0.0471559633027523,0,0.323669724770642,0.253211009174312,0.303669724770642
179773.411807,2525366.126422,0.218858924967896,0.0328380113740598,0,0.0697119794533113,0.192808658961658,0.485782425243075
180273.411807,2525366.126422,0.394871794871795,0.0813186813186813,0,0.082967032967033,0.126556776556777,0.314285714285714
180773.411807,2525366.126422,0.222935779816514,0.0434862385321101,0.00018348623853211,0.0941284403669725,0.0811009174311927,0.558165137614679
181273.411807,2525366.126422,0.193909374426711,0.0330214639515685,0.001284168042561,0.111722619702807,0.307283067327096,0.352779306549257
181773.411807,2525366.126422,0.324358974358974,0.0840659340659341,0.000183150183150183,0.0272893772893773,0.162637362637363,0.401465201465201
182273.411807,2525366.126422,0.391192660550459,0.00770642201834862,0,0.0100917431192661,0.164220183486239,0.426788990825688
182773.411807,2525366.126422,0.359567051917079,0.0104567969179967,0,0.000733810310034856,0.0513667217024399,0.577875619152449
183273.411807,2525366.126422,0.316849816849817,0.364102564102564,0,0,0.015018315018315,0.304029304029304
183773.411807,2525366.126422,0.408073394495413,0.199816513761468,0,0,0.00238532110091743,0.389724770642202
184273.411807,2525366.126422,0.454595487066593,0.268941478627775,0,0,0.00183452577508714,0.274628508530545
184773.411807,2525366.126422,0.447985347985348,0.222161172161172,0,0,0.000915750915750916,0.328937728937729
185273.411807,2525366.126422,0.345321100917431,0.101834862385321,0.00220183486238532,0.00073394495412844,0.0390825688073395,0.510825688073394
185773.411807,2525366.126422,0.402154398563734,0.000897666068222621,0,0.000598444045481747,0.0107719928186715,0.58557749850389
173273.411807,2524866.126422,0.140389562660786,0.0373024623300257,0.0312385152517457,0.0540242557883131,0.0859977949283352,0.651047409040794
173773.411807,2524866.126422,0.127106227106227,0.0743589743589744,0,0.171428571428571,0.150915750915751,0.476190476190476
174273.411807,2524866.126422,0.131829849651632,0.210854418775211,0.00495049504950495,0.0841584158415842,0.102493582691602,0.465713237990466
174773.411807,2524866.126422,0.115018315018315,0.0336996336996337,0,0.402930402930403,0.175274725274725,0.273076923076923
175273.411807,2524866.126422,0.126556776556777,0.078021978021978,0,0.3,0.208424908424908,0.286996336996337
175773.411807,2524866.126422,0.115144847818115,0.135863586358636,0,0.0850751741840851,0.107077374404107,0.556839017235057
176273.411807,2524866.126422,0.0904761904761905,0.0884615384615385,0.00567765567765568,0.171245421245421,0.0743589743589744,0.56978021978022
176773.411807,2524866.126422,0.0758241758241758,0.093956043956044,0.00586080586080586,0.145421245421245,0.174358974358974,0.504578754578755
177273.411807,2524866.126422,0.0388705537220389,0.106343967730106,0.0353868720205354,0.12999633296663,0.166850018335167,0.522552255225523
177773.411807,2524866.126422,0.0457875457875458,0.321794871794872,0.0104395604395604,0.0968864468864469,0.115018315018315,0.41007326007326
178273.411807,2524866.126422,0.0467032967032967,0.0858974358974359,0,0.314652014652015,0.229487179487179,0.323260073260073
178773.411807,2524866.126422,0.0342867620095343,0.0980931426475981,0,0.433810047671434,0.213237990465713,0.220572057205721
179273.411807,2524866.126422,0.0472527472527473,0.141025641025641,0,0.348351648351648,0.238461538461538,0.224908424908425
179773.411807,2524866.126422,0.0271062271062271,0.127472527472527,0,0.417948717948718,0.178937728937729,0.248534798534799
180273.411807,2524866.126422,0.0597726439310598,0.0313531353135314,0,0.206820682068207,0.213604693802714,0.488448844884488
180773.411807,2524866.126422,0.158608058608059,0.0274725274725275,0,0.0714285714285714,0.223809523809524,0.518681318681319
181273.411807,2524866.126422,0.392490842490842,0.00934065934065934,0,0.0584249084249084,0.147252747252747,0.392490842490842
181773.411807,2524866.126422,0.530986431976531,0,0,0.000366703337000367,0.00238357169050238,0.466263292995966
182273.411807,2524866.126422,0.579120879120879,0.000915750915750916,0,0,0.013003663003663,0.406959706959707
182773.411807,2524866.126422,0.411355311355311,0.102930402930403,0.0794871794871795,0,0,0.406227106227106
183273.411807,2524866.126422,0.326916024935827,0.395306197286395,0.0878254492115878,0,0,0.18995232856619
183773.411807,2524866.126422,0.442490842490842,0.000732600732600733,0,0,0.0021978021978022,0.554578754578755
184273.411807,2524866.126422,0.404395604395604,0.0043956043956044,0,0,0.000366300366300366,0.590842490842491
184773.411807,2524866.126422,0.404657132379905,0.116795012834617,0,0,0.0102676934360103,0.468280161349468
185273.411807,2524866.126422,0.395238095238095,0.0675824175824176,0.00824175824175824,0,0.010989010989011,0.517948717948718
185773.411807,2524866.126422,0.481924111144308,0.0262922019719151,0.0107559008066926,0.00328652524648939,0.00866447564983567,0.469076785180759
173273.411807,2524366.126422,0.0546759941089838,0.132179675994109,0.0255891016200295,0.228276877761414,0.0800810014727541,0.47919734904271
173773.411807,2524366.126422,0.0951769668072621,0.0522648083623693,0.0346598202824134,0.18008435723455,0.145057766367137,0.492756280946268
174273.411807,2524366.126422,0.136705149349459,0.0397654388858347,0,0.277625068719076,0.0342679127725857,0.511636430273044
174773.411807,2524366.126422,0.164066801247935,0.0734079647641769,0,0.261699394384291,0.0994677922554597,0.401358047348137
175273.411807,2524366.126422,0.173482486704566,0.0669356317623327,0.00641848523748395,0.0504309554373739,0.135338345864662,0.567394094993582
