"x","y","forest","agri","water","built","other","grass"
186273.411807,2557866.126422,0.310597726439311,0.0319031903190319,0.000183351668500183,0.00201686835350202,0.0210854418775211,0.634213421342134
186773.411807,2557866.126422,0.168681318681319,0.065018315018315,0.135897435897436,0.00879120879120879,0.00476190476190476,0.616849816849817
187273.411807,2557866.126422,0.258791208791209,0.00347985347985348,0,0.0778388278388278,0.13021978021978,0.52967032967033
187773.411807,2557866.126422,0.174000733406674,0.00788412174550788,0,0.0988265493215988,0.203520352035204,0.515768243491016
188273.411807,2557866.126422,0.406227106227106,0.00183150183150183,0,0.00256410256410256,0.0223443223443223,0.567032967032967
188773.411807,2557866.126422,0.429487179487179,0.00787545787545788,0,0.00128205128205128,0.0124542124542125,0.548901098901099
189273.411807,2557866.126422,0.612027869453612,0.000183351668500183,0,0,0.0011001100110011,0.386688668866887
189773.411807,2557866.126422,0.596520146520147,0.00659340659340659,0.0043956043956044,0,0.000732600732600733,0.391758241758242
190273.411807,2557866.126422,0.676739926739927,0.000732600732600733,0,0.000732600732600733,0.00934065934065934,0.312454212454212
190773.411807,2557866.126422,0.562706270627063,0.00495049504950495,0,0.013017968463513,0.048954895489549,0.37037037037037
191273.411807,2557866.126422,0.704212454212454,0.00347985347985348,0,0,0.000549450549450549,0.291758241758242
191773.411807,2557866.126422,0.561172161172161,0.0225274725274725,0,0.174358974358974,0.0868131868131868,0.155128205128205
192273.411807,2557866.126422,0.158232489915658,0.0716905023835717,0.0649064906490649,0.0517051705170517,0.0410707737440411,0.612394572790612
192773.411807,2557866.126422,0.172527472527473,0.0505494505494506,0,0.0043956043956044,0.0186813186813187,0.753846153846154
193273.411807,2557866.126422,0.198901098901099,0.0206959706959707,0,0.0225274725274725,0.0635531135531135,0.694322344322344
193773.411807,2557866.126422,0.185001833516685,0.0903923725705904,0.0133846718005134,0.0678401173450678,0.033003300330033,0.61037770443711
194273.411807,2557866.126422,0.242307692307692,0.032967032967033,0,0.0683150183150183,0.107875457875458,0.548534798534799
194773.411807,2557866.126422,0.166117216117216,0.0415750915750916,0.000549450549450549,0.408974358974359,0.200549450549451,0.182234432234432
195273.411807,2557866.126422,0.122478914558122,0.0187018701870187,0.000183351668500183,0.554822148881555,0.132013201320132,0.171800513384672
195773.411807,2557866.126422,0.468131868131868,0.0395604395604396,0,0.0701465201465201,0.0882783882783883,0.333882783882784
196273.411807,2557866.126422,0.650915750915751,0.0010989010989011,0,0.000549450549450549,0.00201465201465201,0.345421245421245
196773.411807,2557866.126422,0.649248258159149,0.00311697836450312,0.00055005500550055,0,0.00146681334800147,0.345617895122846
197273.411807,2557866.126422,0.65970695970696,0,0,0.000183150183150183,0.00164835164835165,0.338461538461538
197773.411807,2557866.126422,0.657326007326007,0.000183150183150183,0,0,0.00769230769230769,0.334798534798535
198273.411807,2557866.126422,0.818298496516318,0.000183351668500183,0,0,0.00678401173450678,0.174734140080675
186273.411807,2557366.126422,0.251236943375481,0.0263881253435954,0.0104452996151732,0.0546087593916071,0.107201759208356,0.550119113065787
186773.411807,2557366.126422,0.063497889521013,0.0363369425582676,0.164066801247935,0.0194531106625069,0.0359699027344467,0.68067535327583
187273.411807,2557366.126422,0.299284797359252,0.0154043645699615,0,0.0353933614524115,0.0885750962772786,0.561342380341097
187773.411807,2557366.126422,0.652189847901778,0.00219901044529962,0,0.00641378046545721,0.0161260765988638,0.323071284588602
188273.411807,2557366.126422,0.525050467975775,0.000550559735731327,0,0.000734079647641769,0.00734079647641769,0.466324096164434
188773.411807,2557366.126422,0.399779937649001,0.0487804878048781,0,0.0258573262424354,0.0537318907023657,0.47185035760132
189273.411807,2557366.126422,0.618654938610958,0.0130108118013561,0.00678028220634048,0.00348176653839106,0.00916254352208173,0.348909657320872
189773.411807,2557366.126422,0.688566709487979,0,0,0.000550559735731327,0.00293631859056708,0.307946412185722
190273.411807,2557366.126422,0.472767284063818,0.00495140289748762,0,0.00403447643498991,0.0240234733174399,0.494223363286264
190773.411807,2557366.126422,0.528862012094557,0.0128275609309144,0,0.000916254352208173,0.00183250870441635,0.455561663917904
191273.411807,2557366.126422,0.641585612038906,0.0155991925123876,0,0.0645990089924757,0.0396403009726555,0.238575885483575
191773.411807,2557366.126422,0.110764716669723,0.0618008435723455,0.0812396845772969,0.213277095176967,0.0797726022373006,0.453145057766367
192273.411807,2557366.126422,0.143118929814917,0.00879604178119846,0.000549752611324904,0.0203408466190214,0.0126443100604728,0.814550119113066
192773.411807,2557366.126422,0.102037071022206,0.0706551660855203,0.0427601394751331,0.080932281152505,0.0677188474949532,0.635896494769682
193273.411807,2557366.126422,0.186686227764533,0.0700531817348249,0.0141206675224647,0.0555657436273611,0.0333761232349166,0.6401980561159
193773.411807,2557366.126422,0.293201392706615,0.00293201392706615,0,0.00238226131574125,0.017042330951072,0.684442001099505
194273.411807,2557366.126422,0.355661589282437,0.0504679757753716,0.0284455863461186,0.0596439713708937,0.0396403009726555,0.466140576252523
194773.411807,2557366.126422,0.354850540986613,0.0397946084724005,0.024390243902439,0.00898587933247754,0.00825233816247937,0.563726389143591
195273.411807,2557366.126422,0.352208172988822,0.0247388675096207,0.00696353307678211,0.0718343412131208,0.0540590067802822,0.490196078431373
195773.411807,2557366.126422,0.336391998531841,0.0570746926041475,0,0.0100935951550743,0.0517526151587447,0.544687098550193
196273.411807,2557366.126422,0.541720154043646,0.00110031175499725,0,0.0022006235099945,0.0240234733174399,0.430955437373923
196773.411807,2557366.126422,0.424409015942826,0.000916254352208173,0,0.000183250870441635,0.00659703133589885,0.567894447498626
197273.411807,2557366.126422,0.621765461552579,0.000550559735731327,0,0,0.0012846393833731,0.376399339328317
197773.411807,2557366.126422,0.629194938565927,0.00256739409499358,0.00146708233999633,0,0.00165046763249587,0.365120117366587
198273.411807,2557366.126422,0.765255634964266,0.00109950522264981,0,0.00109950522264981,0.00128275609309144,0.231262598497343
186273.411807,2556866.126422,0.42967032967033,0.0148351648351648,0.0434065934065934,0.013003663003663,0.0208791208791209,0.478205128205128
186773.411807,2556866.126422,0.256146788990826,0.011743119266055,0,0.0491743119266055,0.0365137614678899,0.646422018348624
187273.411807,2556866.126422,0.234452394056136,0.0216474041460283,0.102916895982389,0.020546688680976,0.0181618051733627,0.602274811961108
187773.411807,2556866.126422,0.344139194139194,0.0595238095238095,0,0,0.0146520146520147,0.581684981684982
188273.411807,2556866.126422,0.511376146788991,0.00440366972477064,0.00330275229357798,0.00128440366972477,0.0113761467889908,0.468256880733945
188773.411807,2556866.126422,0.485598972665566,0.00807191341038342,0,0.0106402494955054,0.0124747752705926,0.483214089157953
189273.411807,2556866.126422,0.496520146520147,0.0388278388278388,0.00128205128205128,0.0164835164835165,0.0496336996336996,0.397252747252747
189773.411807,2556866.126422,0.654128440366972,0.0122935779816514,0,0.0152293577981651,0.0222018348623853,0.296146788990826
190273.411807,2556866.126422,0.621353880022014,0.0198128783709411,0,0.00752155567785727,0.0251330031186938,0.326178682810494
190773.411807,2556866.126422,0.561355311355311,0.00677655677655678,0,0.103113553113553,0.0401098901098901,0.288644688644689
191273.411807,2556866.126422,0.384220183486239,0.0339449541284404,0,0.188073394495413,0.106422018348624,0.287339449541284
191773.411807,2556866.126422,0.476242891212622,0.115024766097964,0.0319207484865162,0.0414602825169694,0.0588882773802972,0.276463034305632
192273.411807,2556866.126422,0.235347985347985,0.244139194139194,0.00750915750915751,0.0598901098901099,0.0657509157509158,0.387362637362637
192773.411807,2556866.126422,0.241467889908257,0.0539449541284404,0.0036697247706422,0.00899082568807339,0.0244036697247706,0.667522935779816
193273.411807,2556866.126422,0.252063841496973,0.0350394423041644,0.0326545587965511,0.00605393505778756,0.0119244175380664,0.662263804806458
193773.411807,2556866.126422,0.27985347985348,0.0547619047619048,0.00714285714285714,0.0230769230769231,0.0197802197802198,0.615384615384615
194273.411807,2556866.126422,0.266238532110092,0.0825688073394495,0,0.0451376146788991,0.0508256880733945,0.555229357798165
194773.411807,2556866.126422,0.241607044578976,0.0254999082737112,0,0.0254999082737112,0.0761328196661163,0.631260319207485
195273.411807,2556866.126422,0.277472527472527,0.0192307692307692,0.0126373626373626,0.0194139194139194,0.0587912087912088,0.612454212454212
195773.411807,2556866.126422,0.249724770642202,0.0278899082568807,0,0.021651376146789,0.0339449541284404,0.666788990825688
196273.411807,2556866.126422,0.273527793065493,0.015410016510732,0,0.0104567969179967,0.0550357732526142,0.645569620253165
196773.411807,2556866.126422,0.496703296703297,0.000732600732600733,0,0.00750915750915751,0.0456043956043956,0.449450549450549
197273.411807,2556866.126422,0.552477064220184,0.00348623853211009,0.00073394495412844,0.0172477064220183,0.0291743119266055,0.396880733944954
197773.411807,2556866.126422,0.606861126398826,0.00807191341038342,0,0,0.00550357732526142,0.379563382865529
198273.411807,2556866.126422,0.732967032967033,0.0043956043956044,0,0,0.000366300366300366,0.262271062271062
186273.411807,2556366.126422,0.591859185918592,0.000733406674000733,0,0,0.000733406674000733,0.406674000733407
186773.411807,2556366.126422,0.323809523809524,0.00128205128205128,0,0.00366300366300366,0.00915750915750916,0.662087912087912
187273.411807,2556366.126422,0.173260073260073,0.0318681318681319,0.181868131868132,0.000732600732600733,0.0043956043956044,0.607875457875458
187773.411807,2556366.126422,0.581591492482582,0.0273193986065273,0,0,0.00055005500550055,0.390539053905391
188273.411807,2556366.126422,0.434615384615385,0.0252747252747253,0.00402930402930403,0.0128205128205128,0.0254578754578755,0.497802197802198
188773.411807,2556366.126422,0.439010989010989,0.00787545787545788,0,0.0021978021978022,0.0119047619047619,0.539010989010989
189273.411807,2556366.126422,0.585808580858086,0.00238357169050238,0,0,0.0011001100110011,0.410707737440411
189773.411807,2556366.126422,0.519047619047619,0.00549450549450549,0,0,0.00402930402930403,0.471428571428571
190273.411807,2556366.126422,0.628388278388278,0.106593406593407,0,0.00146520146520147,0.00641025641025641,0.257142857142857
190773.411807,2556366.126422,0.337917125045838,0.059039237257059,0.00971763843050972,0.211771177117712,0.101026769343601,0.280528052805281
191273.411807,2556366.126422,0.760805860805861,0.00714285714285714,0.00311355311355311,0.0261904761904762,0.0139194139194139,0.188827838827839
191773.411807,2556366.126422,0.414652014652015,0.00256410256410256,0,0.0111721611721612,0.0119047619047619,0.55970695970696
192273.411807,2556366.126422,0.62009534286762,0.00146681334800147,0,0,0.00568390172350568,0.372753942060873
192773.411807,2556366.126422,0.210622710622711,0.00512820512820513,0.000183150183150183,0.00604395604395604,0.0298534798534799,0.748168498168498
193273.411807,2556366.126422,0.287362637362637,0.00622710622710623,0,0.00457875457875458,0.0249084249084249,0.676923076923077
193773.411807,2556366.126422,0.241840850751742,0.015034836817015,0,0.0610561056105611,0.106894022735607,0.575174184085075
194273.411807,2556366.126422,0.188461538461538,0.0148351648351648,0.00549450549450549,0.0201465201465201,0.0730769230769231,0.697985347985348
194773.411807,2556366.126422,0.205677655677656,0.00421245421245421,0,0.000549450549450549,0.00366300366300366,0.785897435897436
195273.411807,2556366.126422,0.378254492115878,0.0176017601760176,0.00861752841950862,0.015034836817015,0.0205353868720205,0.55995599559956
195773.411807,2556366.126422,0.261904761904762,0.0194139194139194,0,0.0120879120879121,0.0338827838827839,0.672710622710623
196273.411807,2556366.126422,0.300549450549451,0.0146520146520147,0.00622710622710623,0.0146520146520147,0.0331501831501832,0.630769230769231
196773.411807,2556366.126422,0.50971763843051,0.00586725339200587,0,0.0044004400440044,0.0342867620095343,0.445727906123946
197273.411807,2556366.126422,0.494505494505495,0.00238095238095238,0,0.00457875457875458,0.013003663003663,0.485531135531136
197773.411807,2556366.126422,0.418131868131868,0.00549450549450549,0,0.00586080586080586,0.0194139194139194,0.551098901098901
198273.411807,2556366.126422,0.542537587092043,0.015034836817015,0,0.00385038503850385,0.0282361569490282,0.41034103410341
186273.411807,2555866.126422,0.218801539307312,0.00733003481766538,0.112882536192047,0.00128275609309144,0.0128275609309144,0.64687557265897
186773.411807,2555866.126422,0.11194714626537,0.0387227014131033,0.251605799229216,0.00513855753349238,0.0121123141860892,0.580473481372729
187273.411807,2555866.126422,0.421969558041445,0.0135705116449661,0.120850907757198,0.0385109114249037,0.0669356317623327,0.338162479369155
187773.411807,2555866.126422,0.619571192963167,0.00659703133589885,0.00201575957485798,0.000366501740883269,0.0042147700201576,0.367234744365036
188273.411807,2555866.126422,0.620480822169205,0.00165167920719398,0,0,0.00110111947146265,0.376766379152138
188773.411807,2555866.126422,0.561709150926096,0.0462130937098845,0.000183385292499542,0.00311754997249221,0.0256739409499358,0.363102879149092
189273.411807,2555866.126422,0.649257833974711,0.00403151914971596,0,0.00513102437236577,0.0208905992303463,0.320689023272861
189773.411807,2555866.126422,0.772802349054872,0.0211047898697009,0,0,0.00165167920719398,0.204441181868233
190273.411807,2555866.126422,0.790390610673024,0.0282413350449294,0.00311754997249221,0.00110031175499725,0.0110031175499725,0.166147075004585
190773.411807,2555866.126422,0.775700934579439,0.0157595748579806,0.00109950522264981,0.00293201392706615,0.0089792926516401,0.195528678761224
191273.411807,2555866.126422,0.534960543218939,0.00972655533125344,0.000183519911910442,0.0266103872270141,0.0278950266103872,0.400623967700496
191773.411807,2555866.126422,0.303135888501742,0.004401247019989,0.000733541169998166,0.00366770584999083,0.0104529616724739,0.677608655785806
192273.411807,2555866.126422,0.367234744365036,0.000733003481766538,0,0.00824628916987356,0.013560564412681,0.610225398570643
192773.411807,2555866.126422,0.235823086804918,0.00146815929528354,0,0.0012846393833731,0.00311983850247752,0.758304276013948
193273.411807,2555866.126422,0.243168897854392,0.0066018705299835,0,0.0579497524298551,0.0641848523748395,0.62809462681093
193773.411807,2555866.126422,0.307311709730621,0.0419644493311343,0,0.00238226131574125,0.0139270661535642,0.634414513468939
194273.411807,2555866.126422,0.231785648742889,0.0194531106625069,0,0.0545054138374014,0.0974490732244448,0.596806753532758
194773.411807,2555866.126422,0.298367870896754,0.0256739409499358,0,0.00861910874747845,0.0317256556024207,0.635613423803411
195273.411807,2555866.126422,0.231995601979109,0.030602895363753,0.00256551218618288,0.00146600696353308,0.00787978742899029,0.725490196078431
195773.411807,2555866.126422,0.34868783262984,0.0216553496054322,0.0203707102220591,0.00532207744540283,0.0225729491649844,0.581391080932281
196273.411807,2555866.126422,0.248487071336879,0.0361269026224097,0.0165046763249587,0.017604988079956,0.0251237850724372,0.65615257656336
196773.411807,2555866.126422,0.386292834890966,0.021073850100788,0.00183250870441635,0.0104452996151732,0.0371999266996518,0.543155579989005
197273.411807,2555866.126422,0.740502844558635,0,0,0,0,0.259497155441365
197773.411807,2555866.126422,0.787639831285531,0,0,0,0.000183385292499542,0.21217678342197
198273.411807,2555866.126422,0.740883269195529,0.00109950522264981,0,0,0.000733003481766538,0.257284222100055
186273.411807,2555366.126422,0.333699633699634,0.00531135531135531,0.000183150183150183,0,0.0021978021978022,0.658608058608059
186773.411807,2555366.126422,0.354678899082569,0.0198165137614679,0,0.00275229357798165,0.0154128440366972,0.607339449541284
187273.411807,2555366.126422,0.231884057971014,0.0108237020730141,0,0.00898917629792699,0.0453127866446524,0.702990277013392
187773.411807,2555366.126422,0.478021978021978,0.0238095238095238,0,0,0.000732600732600733,0.497435897435897
188273.411807,2555366.126422,0.571192660550459,0.0115596330275229,0,0.00513761467889908,0.0238532110091743,0.388256880733945
188773.411807,2555366.126422,0.693817648137956,0.017978352595854,0.00293524124013942,0.0315538433314988,0.0583379196477711,0.19537699504678
189273.411807,2555366.126422,0.625641025641026,0.0227106227106227,0.0133699633699634,0.00952380952380952,0.017032967032967,0.311721611721612
189773.411807,2555366.126422,0.846788990825688,0.0159633027522936,0,0,0,0.137247706422018
190273.411807,2555366.126422,0.863694734911026,0.000733810310034856,0,0,0,0.13557145477894
190773.411807,2555366.126422,0.713369963369963,0.0010989010989011,0.000183150183150183,0,0.00128205128205128,0.284065934065934
191273.411807,2555366.126422,0.544770642201835,0.0018348623853211,0.00018348623853211,0,0.00110091743119266,0.452110091743119
191773.411807,2555366.126422,0.456613465419189,0.00513667217024399,0.000733810310034856,0.00201797835259585,0.0223812144560631,0.513116859291873
192273.411807,2555366.126422,0.407875457875458,0.000549450549450549,0,0,0.00274725274725275,0.588827838827839
192773.411807,2555366.126422,0.132110091743119,0.00256880733944954,0,0.0392660550458716,0.0247706422018349,0.801284403669725
193273.411807,2555366.126422,0.195927352779307,0.131168592918731,0,0.0170610897083104,0.0521005320124748,0.603742432581178
193773.411807,2555366.126422,0.118681318681319,0.0467032967032967,0,0.000183150183150183,0.00128205128205128,0.833150183150183
194273.411807,2555366.126422,0.209174311926606,0,0,0,0.00110091743119266,0.789724770642202
194773.411807,2555366.126422,0.0798018712162906,0.0502660062373876,0.00733810310034856,0.0354063474591818,0.0812694918363603,0.745918180150431
195273.411807,2555366.126422,0.179487179487179,0.00311355311355311,0,0.00622710622710623,0.0210622710622711,0.79010989010989
195773.411807,2555366.126422,0.22954128440367,0.0313761467889908,0.00678899082568807,0.018348623853211,0.023302752293578,0.690642201834862
196273.411807,2555366.126422,0.177215189873418,0.0176114474408365,0,0.00110071546505228,0.00587048248027885,0.798202164740415
196773.411807,2555366.126422,0.362820512820513,0.00824175824175824,0,0.00476190476190476,0.0227106227106227,0.601465201465201
197273.411807,2555366.126422,0.480366972477064,0.00697247706422018,0,0.0130275229357798,0.0286238532110092,0.471009174311927
197773.411807,2555366.126422,0.792698587415153,0,0,0,0,0.207301412584847
198273.411807,2555366.126422,0.872344322344322,0.000183150183150183,0,0,0.0010989010989011,0.126373626373626
186273.411807,2554866.126422,0.386138613861386,0.0247524752475248,0,0.00238357169050238,0.00495049504950495,0.581774844151082
186773.411807,2554866.126422,0.276007326007326,0.0287545787545788,0,0,0.00238095238095238,0.692857142857143
187273.411807,2554866.126422,0.406959706959707,0.00384615384615385,0,0.0128205128205128,0.0373626373626374,0.539010989010989
187773.411807,2554866.126422,0.302163549688302,0.0201686835350202,0,0.00916758342500917,0.0531719838650532,0.615328199486615
188273.411807,2554866.126422,0.541941391941392,0.00201465201465201,0.000549450549450549,0,0.00311355311355311,0.452380952380952
188773.411807,2554866.126422,0.651098901098901,0.0159340659340659,0.00293040293040293,0.000549450549450549,0.00860805860805861,0.320879120879121
189273.411807,2554866.126422,0.694536120278694,0.022002200220022,0.00916758342500917,0.0033003300330033,0.00256692335900257,0.268426842684268
189773.411807,2554866.126422,0.868498168498169,0.00128205128205128,0,0,0,0.13021978021978
190273.411807,2554866.126422,0.774175824175824,0.00146520146520147,0,0,0,0.224358974358974
190773.411807,2554866.126422,0.85973597359736,0.0033003300330033,0,0,0.000366703337000367,0.136596993032637
191273.411807,2554866.126422,0.606410256410256,0.00915750915750916,0.00366300366300366,0.0021978021978022,0.00769230769230769,0.370879120879121
191773.411807,2554866.126422,0.362820512820513,0.00494505494505494,0.00256410256410256,0.000366300366300366,0.00293040293040293,0.626373626373626
192273.411807,2554866.126422,0.354052071873854,0.0104510451045105,0.00458379171250458,0.00238357169050238,0.0401540154015402,0.588375504217088
192773.411807,2554866.126422,0.396153846153846,0.0108058608058608,0.00256410256410256,0.0021978021978022,0.023992673992674,0.564285714285714
193273.411807,2554866.126422,0.259340659340659,0.000366300366300366,0,0,0.000183150183150183,0.74010989010989
193773.411807,2554866.126422,0.304730473047305,0.0418041804180418,0.000733406674000733,0.000183351668500183,0.000916758342500917,0.651631829849652
194273.411807,2554866.126422,0.327655677655678,0.000732600732600733,0,0,0,0.671611721611722
194773.411807,2554866.126422,0.344322344322344,0.00970695970695971,0,0.000366300366300366,0.00347985347985348,0.642124542124542
195273.411807,2554866.126422,0.172717271727173,0.0194352768610194,0.0135680234690136,0.00256692335900257,0.0077007700770077,0.784011734506784
195773.411807,2554866.126422,0.212820512820513,0.00347985347985348,0.00256410256410256,0.000732600732600733,0.0181318681318681,0.762271062271062
196273.411807,2554866.126422,0.181868131868132,0.0172161172161172,0.0203296703296703,0.0148351648351648,0.0391941391941392,0.726556776556777
196773.411807,2554866.126422,0.354052071873854,0.0223689035570224,0.00751741840850752,0.0302530253025303,0.0262192885955262,0.55958929226256
197273.411807,2554866.126422,0.498168498168498,0.0122710622710623,0,0.00769230769230769,0.0598901098901099,0.421978021978022
197773.411807,2554866.126422,0.58992673992674,0.00824175824175824,0,0.000183150183150183,0.0108058608058608,0.390842490842491
198273.411807,2554866.126422,0.73982398239824,0.0144847818115145,0.00183351668500183,0.0011001100110011,0.0088008800880088,0.233956729006234
186273.411807,2554366.126422,0.172072567344695,0.0197910940076965,0.00164925783397471,0.000733003481766538,0.00971229613340663,0.796041781198461
186773.411807,2554366.126422,0.379152138006974,0.0750596439713709,0.00660671682877592,0.00311983850247752,0.00715727656450725,0.528904386125895
187273.411807,2554366.126422,0.307720520814231,0.0597836053548505,0,0.000183385292499542,0.00128369704749679,0.631028791490922
187773.411807,2554366.126422,0.433938061205791,0.000549752611324904,0,0,0.00348176653839106,0.562030419644493
188273.411807,2554366.126422,0.375848779592586,0.00275279867865663,0,0.000183519911910442,0.00862543585979079,0.612589465957056
188773.411807,2554366.126422,0.637997432605905,0,0,0,0,0.362002567394095
189273.411807,2554366.126422,0.80831958951805,0.0212571009712296,0,0,0,0.17042330951072
189773.411807,2554366.126422,0.544870618462103,0.00715727656450725,0.00110111947146265,0.0012846393833731,0.0100935951550743,0.43549275096348
190273.411807,2554366.126422,0.671740326425821,0.00183385292499542,0,0,0.00201723821749496,0.324408582431689
190773.411807,2554366.126422,0.452263148249954,0.0119113065787062,0.000549752611324904,0.00164925783397471,0.0126443100604728,0.520982224665567
191273.411807,2554366.126422,0.393650211047899,0.00991007524316388,0.00807487612405946,0.00201871903101487,0.0150486327766563,0.571297485777207
191773.411807,2554366.126422,0.285347515129287,0.0212726939299468,0.0159545204474601,0.00898587933247754,0.050797726022373,0.617641665138456
192273.411807,2554366.126422,0.381528312259483,0.0108118013560564,0.000549752611324904,0.000733003481766538,0.0047645226314825,0.601612607659886
192773.411807,2554366.126422,0.347770233070288,0.0146815929528354,0.00679023674068636,0,0.00238575885483575,0.628372178381354
193273.411807,2554366.126422,0.492389510361269,0.00366770584999083,0,0,0.00311754997249221,0.500825233816248
193773.411807,2554366.126422,0.342312625984973,0.0130108118013561,0.00164925783397471,0.00513102437236577,0.0463624702217336,0.591533809785596
194273.411807,2554366.126422,0.459350339511837,0.0047715177096715,0.000550559735731327,0.00110111947146265,0.00440447788585061,0.529821985685447
194773.411807,2554366.126422,0.364936732074088,0.000550155877498625,0,0,0,0.634513112048414
195273.411807,2554366.126422,0.373098772219168,0.043613707165109,0.178119846069269,0,0.00128275609309144,0.403884918453363
195773.411807,2554366.126422,0.347036153422646,0.012846393833731,0.0047715177096715,0.00110111947146265,0.00660671682877592,0.627638098733713
196273.411807,2554366.126422,0.398863011186503,0.0192554557124519,0.013203741059967,0.00770218228498074,0.0152209792774619,0.545754630478636
196773.411807,2554366.126422,0.315557998900495,0.024555616639179,0.0207073483599047,0.0280373831775701,0.0665200659703134,0.544621586952538
197273.411807,2554366.126422,0.444485226647091,0.0326665443200587,0.0121123141860892,0.00679023674068636,0.0275279867865663,0.476417691319508
197773.411807,2554366.126422,0.560608839171098,0.00165046763249587,0,0,0.00348432055749129,0.434256372638914
198273.411807,2554366.126422,0.619754443833608,0.00678028220634048,0,0,0.00549752611324904,0.367967747846802
186273.411807,2553866.126422,0.385347985347985,0.0137362637362637,0,0.00567765567765568,0.0452380952380952,0.55
186773.411807,2553866.126422,0.440733944954128,0.0260550458715596,0.00311926605504587,0.0185321100917431,0.0574311926605505,0.454128440366972
187273.411807,2553866.126422,0.197028068244359,0.0277013392038158,0.00623738763529628,0.00495321959273528,0.0209135938359934,0.7431663914878
187773.411807,2553866.126422,0.458974358974359,0.0335164835164835,0,0.0104395604395604,0.0287545787545788,0.468315018315018
188273.411807,2553866.126422,0.585137614678899,0.00238532110091743,0,0,0.00036697247706422,0.412110091743119
188773.411807,2553866.126422,0.737662814162539,0.00440286186020914,0,0,0,0.257934323977252
189273.411807,2553866.126422,0.503846153846154,0.00641025641025641,0,0.000549450549450549,0.00732600732600733,0.481868131868132
189773.411807,2553866.126422,0.612293577981651,0.00110091743119266,0,0,0.00532110091743119,0.381284403669725
190273.411807,2553866.126422,0.52504127682994,0.00568702990277013,0,0.00293524124013942,0.0148596587782058,0.451476793248945
190773.411807,2553866.126422,0.624358974358974,0.000915750915750916,0,0.000732600732600733,0.000915750915750916,0.373076923076923
191273.411807,2553866.126422,0.415963302752294,0.0137614678899083,0.0106422018348624,0.0154128440366972,0.0412844036697248,0.502935779816514
191773.411807,2553866.126422,0.478260869565217,0.00550357732526142,0.00458631443771785,0.000366905155017428,0.000366905155017428,0.510915428361769
192273.411807,2553866.126422,0.375457875457875,0.0472527472527473,0.0489010989010989,0,0.00164835164835165,0.526739926739927
192773.411807,2553866.126422,0.419082568807339,0.0121100917431193,0.00256880733944954,0.0018348623853211,0.00036697247706422,0.564036697247706
193273.411807,2553866.126422,0.447807741698771,0.026967528893781,0.00550357732526142,0,0.0174279948633278,0.502293157218859
193773.411807,2553866.126422,0.32967032967033,0.0100732600732601,0.00146520146520147,0.000183150183150183,0.00402930402930403,0.654578754578755
194273.411807,2553866.126422,0.56,0.00385321100917431,0,0,0.00330275229357798,0.432844036697248
194773.411807,2553866.126422,0.474775270592552,0.0207301412584847,0.00880572372041827,0,0.00330214639515685,0.492386718033388
195273.411807,2553866.126422,0.743040293040293,0.00293040293040293,0.000183150183150183,0,0,0.253846153846154
195773.411807,2553866.126422,0.910275229357798,0.0036697247706422,0,0,0,0.0860550458715596
196273.411807,2553866.126422,0.507613281966612,0.0181618051733627,0.00880572372041827,0.0144927536231884,0.0390753990093561,0.411851036507063
196773.411807,2553866.126422,0.3503663003663,0.0342490842490843,0.0221611721611722,0.0164835164835165,0.0214285714285714,0.555311355311355
197273.411807,2553866.126422,0.33302752293578,0.0170642201834862,0.0244036697247706,0.0111926605504587,0.0278899082568807,0.586422018348624
197773.411807,2553866.126422,0.691249312052834,0.00201797835259585,0,0.00110071546505228,0.00550357732526142,0.300128416804256
198273.411807,2553866.126422,0.538095238095238,0.00128205128205128,0,0.000183150183150183,0.0148351648351648,0.445604395604396
186273.411807,2553366.126422,0.481481481481481,0,0,0,0,0.518518518518518
186773.411807,2553366.126422,0.554578754578755,0.0133699633699634,0.00384615384615385,0.0010989010989011,0.00476190476190476,0.422344322344322
187273.411807,2553366.126422,0.318864468864469,0.0694139194139194,0.00476190476190476,0.0111721611721612,0.0247252747252747,0.571062271062271
187773.411807,2553366.126422,0.720938760542721,0.00201686835350202,0,0,0.000183351668500183,0.276861019435277
188273.411807,2553366.126422,0.812637362637363,0.0152014652014652,0,0,0.0021978021978022,0.16996336996337
188773.411807,2553366.126422,0.872710622710623,0.00695970695970696,0,0,0,0.12032967032967
189273.411807,2553366.126422,0.793912724605794,0.00366703337000367,0.00055005500550055,0,0.000366703337000367,0.201503483681702
189773.411807,2553366.126422,0.73992673992674,0.0236263736263736,0,0,0.000549450549450549,0.235897435897436
190273.411807,2553366.126422,0.477655677655678,0.021978021978022,0,0.00677655677655678,0.021978021978022,0.471611721611722
190773.411807,2553366.126422,0.602310231023102,0.00476714338100477,0,0,0.00146681334800147,0.391455812247891
191273.411807,2553366.126422,0.441575091575092,0.00879120879120879,0.00256410256410256,0.0115384615384615,0.0360805860805861,0.499450549450549
191773.411807,2553366.126422,0.492673992673993,0.0139194139194139,0.000549450549450549,0.000549450549450549,0.00750915750915751,0.484798534798535
192273.411807,2553366.126422,0.528052805280528,0.0581224789145581,0.111661166116612,0,0,0.302163549688302
192773.411807,2553366.126422,0.664285714285714,0,0,0,0,0.335714285714286
193273.411807,2553366.126422,0.555494505494506,0.00714285714285714,0.0010989010989011,0.000183150183150183,0.00128205128205128,0.434798534798535
193773.411807,2553366.126422,0.310597726439311,0.00953428676200953,0.00971763843050972,0.000366703337000367,0.0100843417675101,0.65969930326366
194273.411807,2553366.126422,0.710622710622711,0.0010989010989011,0,0,0.0010989010989011,0.287179487179487
194773.411807,2553366.126422,0.754395604395604,0,0,0,0,0.245604395604396
195273.411807,2553366.126422,0.406307297396406,0.0033003300330033,0,0,0,0.59039237257059
195773.411807,2553366.126422,0.922527472527473,0,0,0,0,0.0774725274725275
196273.411807,2553366.126422,0.967216117216117,0,0,0,0,0.0327838827838828
196773.411807,2553366.126422,0.720938760542721,0.00055005500550055,0,0,0.000183351668500183,0.278327832783278
197273.411807,2553366.126422,0.247619047619048,0.0382783882783883,0.00512820512820513,0.00366300366300366,0.0230769230769231,0.682234432234432
197773.411807,2553366.126422,0.456410256410256,0.00604395604395604,0,0.0847985347985348,0.0886446886446886,0.364102564102564
198273.411807,2553366.126422,0.566189952328566,0.011001100110011,0.0113678034470114,0.0284195086175284,0.0227356068940227,0.36028602860286
186273.411807,2552866.126422,0.385010078797874,0.00769653655854865,0.00128275609309144,0.0155763239875389,0.0370166758292102,0.553417628733736
186773.411807,2552866.126422,0.533859423747477,0.0209212699577904,0.00403743806202973,0.00110111947146265,0.0108276748027161,0.429253073958525
187273.411807,2552866.126422,0.382725105446543,0.0474967907573813,0.00568494406748579,0.000733541169998166,0.0133871263524665,0.549972492206125
187773.411807,2552866.126422,0.887300714678395,0.00586402785413231,0,0,0,0.106835257467473
188273.411807,2552866.126422,0.754266837951918,0.00238575885483575,0,0,0.00110111947146265,0.242246283721784
188773.411807,2552866.126422,0.899138089125252,0.000916926462497708,0,0,0,0.0999449844122501
189273.411807,2552866.126422,0.706981858163826,0.000183250870441635,0,0,0.00329851566794942,0.289536375297783
189773.411807,2552866.126422,0.511837034318224,0.00550559735731327,0,0.000183519911910442,0.00605615709304459,0.476417691319508
190273.411807,2552866.126422,0.527232715936182,0.00641848523748395,0,0.00183385292499542,0.010819732257473,0.453695213643866
190773.411807,2552866.126422,0.42147700201576,0.0142935678944475,0.0047645226314825,0.0047645226314825,0.0262048744731537,0.528495510353674
191273.411807,2552866.126422,0.612222426133235,0.0110111947146265,0.0326665443200587,0.0047715177096715,0.015782712424298,0.32354560469811
191773.411807,2552866.126422,0.441958554923895,0.0324591967724189,0.0361269026224097,0.0275077938749312,0.0370438290849074,0.424903722721438
192273.411807,2552866.126422,0.4282572842221,0.193879420927249,0.0566245189664651,0,0.00238226131574125,0.318856514568444
192773.411807,2552866.126422,0.57661956322261,0.0423930996513122,0,0,0,0.380987337126078
193273.411807,2552866.126422,0.797542637080506,0.000183385292499542,0,0,0.000550155877498625,0.201723821749496
193773.411807,2552866.126422,0.576690489279824,0.00769653655854865,0.00128275609309144,0,0.00274876305662452,0.411581455011911
194273.411807,2552866.126422,0.796292897779409,0.00238575885483575,0,0,0,0.201321343365755
194773.411807,2552866.126422,0.79185769301302,0.00348432055749129,0.00183385292499542,0,0.000366770584999083,0.202457362919494
195273.411807,2552866.126422,0.369067253069452,0.0111783030969397,0.000549752611324904,0,0.000183250870441635,0.619021440351842
195773.411807,2552866.126422,0.812626169939438,0,0,0,0,0.187373830060562
196273.411807,2552866.126422,0.927012653585182,0,0,0,0,0.0729873464148175
196773.411807,2552866.126422,0.559648158328752,0,0,0,0,0.440351841671248
197273.411807,2552866.126422,0.334189759588915,0.0139475133051936,0.0178014314553129,0.0258763075793724,0.0611121306661773,0.547072857405028
197773.411807,2552866.126422,0.230331927379424,0.0223730056849441,0.00788556757748029,0.125802310654686,0.0916926462497708,0.521914542453695
198273.411807,2552866.126422,0.374748030053143,0.0258383727322705,0.00439802089059923,0.0714678394722375,0.0903426791277259,0.433205057724024
186273.411807,2552366.126422,0.280586080586081,0.0928571428571429,0.0010989010989011,0.0205128205128205,0.0646520146520147,0.54029304029304
186773.411807,2552366.126422,0.651376146788991,0.0110091743119266,0.00293577981651376,0.00055045871559633,0.00385321100917431,0.330275229357798
187273.411807,2552366.126422,0.89873417721519,0.00275178866263071,0,0,0,0.0985140341221794
187773.411807,2552366.126422,0.80989010989011,0.0010989010989011,0,0,0.00183150183150183,0.187179487179487
188273.411807,2552366.126422,0.737614678899083,0.02,0.0115596330275229,0.00128440366972477,0.00935779816513761,0.220183486238532
188773.411807,2552366.126422,0.731058521372225,0.000733810310034856,0,0.000733810310034856,0.010273344340488,0.257200513667217
189273.411807,2552366.126422,0.578754578754579,0.00311355311355311,0,0.000183150183150183,0.0032967032967033,0.414652014652015
189773.411807,2552366.126422,0.794128440366972,0.00146788990825688,0,0,0.00128440366972477,0.203119266055046
190273.411807,2552366.126422,0.52779306549257,0.00238488350761328,0,0,0.00568702990277013,0.464135021097046
190773.411807,2552366.126422,0.628571428571429,0.0113553113553114,0,0.00164835164835165,0.0315018315018315,0.326923076923077
191273.411807,2552366.126422,0.650091743119266,0.00110091743119266,0,0.00146788990825688,0.00532110091743119,0.342018348623853
191773.411807,2552366.126422,0.440102733443405,0.00715465052283985,0.00550357732526142,0.000366905155017428,0.00843881856540084,0.538433314988076
192273.411807,2552366.126422,0.641391941391941,0.0152014652014652,0.0315018315018315,0,0.000915750915750916,0.310989010989011
192773.411807,2552366.126422,0.367889908256881,0.0968807339449541,0.0198165137614679,0,0.00201834862385321,0.513394495412844
193273.411807,2552366.126422,0.93432397725188,0.000183452577508714,0,0,0,0.0654925701706109
193773.411807,2552366.126422,0.92967032967033,0.000549450549450549,0,0,0,0.0697802197802198
194273.411807,2552366.126422,0.748073394495413,0.0377981651376147,0.0130275229357798,0,0.00293577981651376,0.198165137614679
194773.411807,2552366.126422,0.913777288570904,0.000550357732526142,0,0,0,0.0856723536965694
195273.411807,2552366.126422,0.772527472527473,0.00274725274725275,0.000366300366300366,0,0,0.224358974358974
195773.411807,2552366.126422,0.600733944954128,0.00568807339449541,0.00385321100917431,0,0.00293577981651376,0.386788990825688
196273.411807,2552366.126422,0.537882957255549,0.00953953403045313,0.00697119794533113,0.000183452577508714,0.00293524124013942,0.442487616951018
196773.411807,2552366.126422,0.392307692307692,0.00512820512820513,0.000732600732600733,0.00622710622710623,0.0397435897435897,0.555860805860806
197273.411807,2552366.126422,0.29743119266055,0.0332110091743119,0.00165137614678899,0.00110091743119266,0.0161467889908257,0.65045871559633
197773.411807,2552366.126422,0.37809576224546,0.00311869381764814,0.000366905155017428,0.0212804989910108,0.0502660062373876,0.546872133553476
198273.411807,2552366.126422,0.40989010989011,0.0212454212454212,0.0172161172161172,0.00842490842490842,0.0175824175824176,0.525641025641026
186273.411807,2551866.126422,0.421158782544921,0.0124679134580125,0,0.0143014301430143,0.0630729739640631,0.488998899889989
186773.411807,2551866.126422,0.248901098901099,0.0265567765567766,0,0.00732600732600733,0.0472527472527473,0.66996336996337
187273.411807,2551866.126422,0.538278388278388,0.0437728937728938,0,0.0010989010989011,0.010989010989011,0.405860805860806
187773.411807,2551866.126422,0.814448111477814,0.000916758342500917,0,0.000183351668500183,0.0126512651265127,0.171800513384672
188273.411807,2551866.126422,0.813919413919414,0.00164835164835165,0,0.000549450549450549,0.0106227106227106,0.173260073260073
188773.411807,2551866.126422,0.818498168498168,0.0010989010989011,0.00146520146520147,0,0,0.178937728937729
189273.411807,2551866.126422,0.59039237257059,0.0022002200220022,0.00055005500550055,0.0011001100110011,0.0132013201320132,0.392555922258893
189773.411807,2551866.126422,0.463919413919414,0.0267399267399267,0.00769230769230769,0.0206959706959707,0.0355311355311355,0.445421245421245
190273.411807,2551866.126422,0.823076923076923,0.00293040293040293,0,0,0.000183150183150183,0.173809523809524
190773.411807,2551866.126422,0.488448844884488,0.0121012101210121,0.0044004400440044,0.00531719838650532,0.0348368170150348,0.454895489548955
191273.411807,2551866.126422,0.606593406593407,0.0021978021978022,0.0010989010989011,0,0.00714285714285714,0.382967032967033
191773.411807,2551866.126422,0.685531135531136,0.000915750915750916,0,0,0,0.313553113553114
192273.411807,2551866.126422,0.858635863586359,0.000733406674000733,0,0,0,0.140630729739641
192773.411807,2551866.126422,0.842673992673993,0.0142857142857143,0,0,0,0.143040293040293
193273.411807,2551866.126422,0.79029304029304,0.00128205128205128,0,0,0.000915750915750916,0.207509157509158
193773.411807,2551866.126422,0.691052438577191,0.0465713237990466,0.0526219288595526,0,0.00055005500550055,0.209204253758709
194273.411807,2551866.126422,0.590842490842491,0.0197802197802198,0.000549450549450549,0,0.0119047619047619,0.376923076923077
194773.411807,2551866.126422,0.685164835164835,0.00164835164835165,0.000549450549450549,0.000183150183150183,0.000366300366300366,0.312087912087912
195273.411807,2551866.126422,0.392005867253392,0.00586725339200587,0.00238357169050238,0.00348368170150348,0.0161349468280161,0.58012467913458
195773.411807,2551866.126422,0.421794871794872,0.000549450549450549,0,0.00146520146520147,0.0104395604395604,0.565750915750916
