"x","y","forest","agri","water","built","other","grass"
262773.411807,2765366.126422,0.117550349362926,0.204274558158652,0,0,0.0150020550760378,0.663173037402384
263273.411807,2765366.126422,0.18697247706422,0.111192660550459,0.0018348623853211,0.075045871559633,0.115596330275229,0.509357798165138
263773.411807,2765366.126422,0.08273711245643,0.0524674371674922,0.0588882773802972,0.0385250412768299,0.121995964043295,0.645386167675656
264273.411807,2765366.126422,0.0646520146520147,0.171611721611722,0.295054945054945,0.0263736263736264,0.0677655677655678,0.374542124542125
264773.411807,2765366.126422,0.0411009174311927,0.30256880733945,0,0.0255045871559633,0.0471559633027523,0.583669724770642
265273.411807,2765366.126422,0.0684278114107503,0.214456063107687,0.202898550724638,0.0431113557145478,0.073747936158503,0.397358282883875
265773.411807,2765366.126422,0.0598901098901099,0.385164835164835,0.00659340659340659,0.0148351648351648,0.0584249084249084,0.475091575091575
266273.411807,2765366.126422,0.075045871559633,0.20697247706422,0.00275229357798165,0.268440366972477,0.147155963302752,0.299633027522936
266773.411807,2765366.126422,0.153549807374794,0.0605393505778756,0,0.200146762062007,0.103834158869932,0.481929921115392
267273.411807,2765366.126422,0.108791208791209,0.165567765567766,0,0.118864468864469,0.151282051282051,0.455494505494505
267773.411807,2765366.126422,0.0627522935779816,0.266788990825688,0.10605504587156,0.0304587155963303,0.0761467889908257,0.457798165137615
268273.411807,2765366.126422,0.11410750321042,0.121078701155751,0.0286186020913594,0.0656760227481196,0.133736929003853,0.536782241790497
268773.411807,2765366.126422,0.0928571428571429,0.283699633699634,0,0.0282051282051282,0.131135531135531,0.464102564102564
269273.411807,2765366.126422,0.110091743119266,0.237247706422018,0.146422018348624,0.0181651376146789,0.0565137614678899,0.431559633027523
269773.411807,2765366.126422,0.126582278481013,0.148046230049532,0.00165107319757843,0.0480645753072831,0.077600440286186,0.598055402678408
270273.411807,2765366.126422,0.104212454212454,0.224358974358974,0.000183150183150183,0.0428571428571429,0.163553113553114,0.464835164835165
270773.411807,2765366.126422,0.0994495412844037,0.17651376146789,0,0.0256880733944954,0.111743119266055,0.586605504587156
271273.411807,2765366.126422,0.10126582278481,0.331315354980737,0,0.0409099247844432,0.0697119794533113,0.456796917996698
271773.411807,2765366.126422,0.0346153846153846,0.0716117216117216,0.382600732600733,0.00494505494505494,0.0106227106227106,0.495604395604396
272273.411807,2765366.126422,0.0706422018348624,0.311009174311927,0.0346788990825688,0.0845871559633028,0.119266055045872,0.379816513761468
272773.411807,2765366.126422,0.191524490919097,0.278664465235737,0.00807191341038342,0.00311869381764814,0.0152265639332233,0.503393872683911
273273.411807,2765366.126422,0.0945054945054945,0.122344322344322,0,0.3503663003663,0.177838827838828,0.254945054945055
273773.411807,2765366.126422,0.0893577981651376,0.159082568807339,0.213211009174312,0.105688073394495,0.0889908256880734,0.343669724770642
274273.411807,2765366.126422,0.0552192258301229,0.289121262153733,0.162172078517703,0.0785177031737296,0.072463768115942,0.342505962208769
274773.411807,2765366.126422,0.0782051282051282,0.114285714285714,0.0549450549450549,0.533882783882784,0.151098901098901,0.0675824175824176
262773.411807,2764866.126422,0.1326341764343,0.0368085543902941,0,0.0816368496812667,0.131811638906025,0.617108780588114
263273.411807,2764866.126422,0.247802197802198,0.0289377289377289,0,0.0912087912087912,0.142857142857143,0.489194139194139
263773.411807,2764866.126422,0.0793040293040293,0.191025641025641,0.056959706959707,0.0450549450549451,0.103479853479853,0.524175824175824
264273.411807,2764866.126422,0.0716905023835717,0.116978364503117,0.312614594792813,0.0146681334800147,0.0405207187385405,0.443527686101944
264773.411807,2764866.126422,0.0606227106227106,0.370512820512821,0,0.0254578754578755,0.0556776556776557,0.487728937728938
265273.411807,2764866.126422,0.0597069597069597,0.38021978021978,0.186996336996337,0.00512820512820513,0.0353479853479853,0.332600732600733
265773.411807,2764866.126422,0.125229189585625,0.262559589292263,0.0649064906490649,0.0575724239090576,0.0410707737440411,0.448661532819949
266273.411807,2764866.126422,0.0710622710622711,0.151282051282051,0.114285714285714,0.0465201465201465,0.0974358974358974,0.519413919413919
266773.411807,2764866.126422,0.248168498168498,0.0838827838827839,0,0.176007326007326,0.148717948717949,0.343223443223443
267273.411807,2764866.126422,0.131096442977631,0.0775577557755776,0,0.218371837183718,0.145031169783645,0.427942794279428
267773.411807,2764866.126422,0.084981684981685,0.063003663003663,0,0.403846153846154,0.155128205128205,0.293040293040293
268273.411807,2764866.126422,0.115934065934066,0.104212454212454,0.00164835164835165,0.181135531135531,0.226190476190476,0.370879120879121
268773.411807,2764866.126422,0.115694902823616,0.227722772277228,0.137697103043638,0.0359369270260359,0.103410341034103,0.37953795379538
269273.411807,2764866.126422,0.0503663003663004,0.242857142857143,0.212820512820513,0.144688644688645,0.0950549450549451,0.254212454212454
269773.411807,2764866.126422,0.136813186813187,0.144688644688645,0.082967032967033,0.102747252747253,0.0767399267399267,0.456043956043956
270273.411807,2764866.126422,0.0421708837550422,0.33003300330033,0,0.00605060506050605,0.0427209387605427,0.579024569123579
270773.411807,2764866.126422,0.0730769230769231,0.15970695970696,0.197069597069597,0.0904761904761905,0.135531135531136,0.344139194139194
271273.411807,2764866.126422,0.060989010989011,0.358058608058608,0.0793040293040293,0.105494505494505,0.0738095238095238,0.322344322344322
271773.411807,2764866.126422,0.0821415474880821,0.186651998533187,0.00458379171250458,0.00715071507150715,0.0282361569490282,0.691235790245691
272273.411807,2764866.126422,0.0952380952380952,0.131318681318681,0.288827838827839,0.112454212454212,0.0950549450549451,0.277106227106227
272773.411807,2764866.126422,0.0851648351648352,0.272527472527473,0.252197802197802,0.0591575091575092,0.0586080586080586,0.272344322344322
273273.411807,2764866.126422,0.125779244591126,0.269160249358269,0.0172350568390172,0.186651998533187,0.121195452878621,0.27997799779978
273773.411807,2764866.126422,0.104945054945055,0.036996336996337,0.0377289377289377,0.296703296703297,0.158791208791209,0.364835164835165
274273.411807,2764866.126422,0.19047619047619,0.122344322344322,0.0179487179487179,0.346886446886447,0.105494505494505,0.216849816849817
274773.411807,2764866.126422,0.0634396773010634,0.0408874220755409,0.000183351668500183,0.66024935826916,0.187568756875688,0.0476714338100477
262773.411807,2764366.126422,0.133840460526316,0.172286184210526,0,0.0614720394736842,0.0723684210526316,0.560032894736842
263273.411807,2764366.126422,0.101486511286475,0.154340245916682,0,0.0671682877592219,0.118370343182235,0.558634611855386
263773.411807,2764366.126422,0.145057766367137,0.136255272327159,0,0.0946268109297634,0.111131487254722,0.512928663121218
264273.411807,2764366.126422,0.159428257284222,0.144401685908008,0,0.0564412680960235,0.131574124977094,0.508154663734653
264773.411807,2764366.126422,0.0563406129565058,0.4147550009176,0,0.0110111947146265,0.0434942191227748,0.474398972288493
265273.411807,2764366.126422,0.0478635613423803,0.508710801393728,0,0.0117366587199707,0.0434623143223913,0.388226664221529
265773.411807,2764366.126422,0.0828293934396188,0.179952354773685,0,0.011544804837823,0.126809602345611,0.598863844603262
266273.411807,2764366.126422,0.0647825289043861,0.306661772802349,0,0.101119471462654,0.126445219306295,0.400991007524316
266773.411807,2764366.126422,0.141940216394645,0.238584265541904,0.157711351549606,0.0326425820649184,0.059600220062351,0.369521364386576
267273.411807,2764366.126422,0.236393622869709,0.0998717243906908,0,0.0525929998167491,0.0487447315374748,0.562396921385377
267773.411807,2764366.126422,0.109194347586713,0.129381537896862,0.0163332721600294,0.025325747843641,0.0901082767480272,0.629656817764727
268273.411807,2764366.126422,0.0838070786722905,0.230148542086925,0.0168714469099578,0.219512195121951,0.12818631945718,0.321474417751696
268773.411807,2764366.126422,0.0824628916987356,0.190947407000183,0.0168590800806304,0.206340480117281,0.115814550119113,0.387575590984057
269273.411807,2764366.126422,0.0757937236190127,0.248669480638649,0,0.12846393833731,0.1036887502294,0.443384107175629
269773.411807,2764366.126422,0.0550155877498625,0.507793874931231,0,0.0133871263524665,0.0319090408949202,0.39189437007152
270273.411807,2764366.126422,0.0907091808686091,0.371449514385193,0,0.0161260765988638,0.0518599963349826,0.469855231812351
270773.411807,2764366.126422,0.101302991374564,0.291246100201872,0.000367039823820885,0.0653330886401175,0.0436777390346853,0.49807304092494
271273.411807,2764366.126422,0.0981111314872547,0.133504492939666,0.117549972492206,0.119750596002201,0.141023289932147,0.390060517146525
271773.411807,2764366.126422,0.112699285321605,0.405534176287337,0.00164925783397471,0.00293201392706615,0.0120945574491479,0.465090709180869
272273.411807,2764366.126422,0.129198017984951,0.23655716645256,0.0328500642319692,0.153973206092861,0.123875940539549,0.32354560469811
272773.411807,2764366.126422,0.14780854575463,0.126352466532184,0.0436456996148909,0.196955804144508,0.0706033376123235,0.414634146341463
273273.411807,2764366.126422,0.166025288620121,0.105552501374382,0,0.0723840938244457,0.0729338464357706,0.583104269745281
273773.411807,2764366.126422,0.210130299137456,0.0601945311066251,0.00642319691686548,0.205175261515874,0.155991925123876,0.362084786199303
274273.411807,2764366.126422,0.0933431138822666,0.0438290849073904,0.000366770584999083,0.586282780121034,0.126352466532184,0.149825783972125
274773.411807,2764366.126422,0.0390324354040682,0.0353674179952355,0,0.731354223932564,0.175187832142203,0.01905809052593
262773.411807,2763866.126422,0.0626798191533087,0.245992601726264,0,0.0406905055487053,0.106041923551171,0.544595150020551
263273.411807,2763866.126422,0.0548623853211009,0.0812844036697248,0.270275229357798,0.115229357798165,0.0559633027522936,0.422385321100917
263773.411807,2763866.126422,0.0964960557695836,0.270225646670336,0,0.16694184553293,0.098147128967162,0.368189323059989
264273.411807,2763866.126422,0.0941391941391941,0.254029304029304,0,0.0521978021978022,0.091025641025641,0.508608058608059
264773.411807,2763866.126422,0.0822018348623853,0.258348623853211,0.0321100917431193,0.0460550458715596,0.10348623853211,0.477798165137615
265273.411807,2763866.126422,0.130618235186204,0.176114474408365,0,0.0137589433131535,0.142909557879288,0.536598789212988
265773.411807,2763866.126422,0.0509157509157509,0.0769230769230769,0,0.0117216117216117,0.0490842490842491,0.811355311355311
266273.411807,2763866.126422,0.0480733944954128,0.0467889908256881,0.0493577981651376,0.0726605504587156,0.0935779816513762,0.68954128440367
266773.411807,2763866.126422,0.10420106402495,0.080168776371308,0.0436617134470739,0.0310034855989727,0.0794349660612732,0.661529994496423
267273.411807,2763866.126422,0.287912087912088,0.104395604395604,0.0639194139194139,0.120512820512821,0.0913919413919414,0.331868131868132
267773.411807,2763866.126422,0.149908256880734,0.061651376146789,0.108990825688073,0.0222018348623853,0.0376146788990826,0.619633027522936
268273.411807,2763866.126422,0.117593102183086,0.104017611447441,0,0.0566868464501926,0.0847550908090259,0.636947349110255
268773.411807,2763866.126422,0.158058608058608,0.0798534798534798,0.000183150183150183,0.224358974358974,0.17014652014652,0.367399267399267
269273.411807,2763866.126422,0.201467889908257,0.170642201834862,0.0251376146788991,0.183853211009174,0.151376146788991,0.267522935779817
269773.411807,2763866.126422,0.141441937259218,0.345074298293891,0,0.0354063474591818,0.0403595670519171,0.437717849935792
270273.411807,2763866.126422,0.0791208791208791,0.268131868131868,0.0587912087912088,0.0498168498168498,0.065018315018315,0.479120879120879
270773.411807,2763866.126422,0.114495412844037,0.354311926605505,0,0.0640366972477064,0.0904587155963303,0.376697247706422
271273.411807,2763866.126422,0.118693817648138,0.159420289855072,0,0.0372408732342689,0.0820033021463952,0.602641717116125
271773.411807,2763866.126422,0.106410256410256,0.193223443223443,0.000183150183150183,0.306593406593407,0.173076923076923,0.220512820512821
272273.411807,2763866.126422,0.0565137614678899,0.214311926605505,0,0.387706422018349,0.168990825688073,0.172477064220183
272773.411807,2763866.126422,0.0555861309851403,0.230966795083471,0.00091726288754357,0.373325995230233,0.0719134103834159,0.267290405430196
273273.411807,2763866.126422,0.0697802197802198,0.197985347985348,0,0.102197802197802,0.116666666666667,0.513369963369963
273773.411807,2763866.126422,0.0675229357798165,0.0812844036697248,0.0122935779816514,0.652477064220183,0.108807339449541,0.0776146788990826
274273.411807,2763866.126422,0.0631076866629976,0.0350394423041644,0.000550357732526142,0.734177215189873,0.155017427994863,0.0121078701155751
274773.411807,2763866.126422,0.0307692307692308,0.0267399267399267,0,0.688827838827839,0.2003663003663,0.0532967032967033
262773.411807,2763366.126422,0.036191651244088,0.262183837137569,0.0783466995681678,0.0754678182192063,0.176639934196998,0.371170059633971
263273.411807,2763366.126422,0.0619047619047619,0.179487179487179,0.101831501831502,0.122344322344322,0.0756410256410256,0.458791208791209
263773.411807,2763366.126422,0.0467032967032967,0.17985347985348,0.0793040293040293,0.27967032967033,0.122893772893773,0.291575091575092
264273.411807,2763366.126422,0.0630729739640631,0.412174550788412,0.00275027502750275,0.0561056105610561,0.0654565456545655,0.4004400440044
264773.411807,2763366.126422,0.11007326007326,0.208058608058608,0.0157509157509158,0.0382783882783883,0.121611721611722,0.506227106227106
265273.411807,2763366.126422,0.045970695970696,0.228205128205128,0,0.243956043956044,0.0706959706959707,0.411172161172161
265773.411807,2763366.126422,0.0830583058305831,0.236340300696736,0.138247158049138,0.00715071507150715,0.0476714338100477,0.487532086541988
266273.411807,2763366.126422,0.0474358974358974,0.0424908424908425,0.273992673992674,0.0516483516483516,0.0824175824175824,0.502014652014652
266773.411807,2763366.126422,0.0741758241758242,0.017032967032967,0.0144688644688645,0.023992673992674,0.0564102564102564,0.813919413919414
267273.411807,2763366.126422,0.13036303630363,0.108177484415108,0.081958195819582,0.0795746241290796,0.101760176017602,0.498166483314998
267773.411807,2763366.126422,0.128754578754579,0.0615384615384615,0.00531135531135531,0.138644688644689,0.0831501831501831,0.582600732600733
268273.411807,2763366.126422,0.0921245421245421,0.0576923076923077,0.0043956043956044,0.0924908424908425,0.125824175824176,0.627472527472527
268773.411807,2763366.126422,0.0962596259625963,0.349468280161349,0.0258525852585259,0.0126512651265127,0.0326365969930326,0.483131646497983
269273.411807,2763366.126422,0.114285714285714,0.205311355311355,0.0010989010989011,0.234615384615385,0.095970695970696,0.348717948717949
269773.411807,2763366.126422,0.258424908424908,0.105677655677656,0.00402930402930403,0.0523809523809524,0.119047619047619,0.46043956043956
270273.411807,2763366.126422,0.0661899523285662,0.143381004767143,0.0152181884855152,0.0451045104510451,0.118445177851118,0.611661166116612
270773.411807,2763366.126422,0.0483516483516484,0.323809523809524,0,0.0194139194139194,0.052014652014652,0.556410256410256
271273.411807,2763366.126422,0.0791208791208791,0.0968864468864469,0.124725274725275,0.102930402930403,0.089010989010989,0.507326007326007
271773.411807,2763366.126422,0.109460946094609,0.0854418775210854,0,0.216171617161716,0.124862486248625,0.464063072973964
272273.411807,2763366.126422,0.0961538461538462,0.314652014652015,0.0100732600732601,0.086996336996337,0.152197802197802,0.33992673992674
272773.411807,2763366.126422,0.206959706959707,0.0516483516483516,0.0368131868131868,0.193772893772894,0.0983516483516483,0.412454212454212
273273.411807,2763366.126422,0.137880454712138,0.123945727906124,0.00128346167950128,0.171617161716172,0.153465346534653,0.411807847451412
273773.411807,2763366.126422,0.0913919413919414,0.0446886446886447,0.000366300366300366,0.616300366300366,0.197252747252747,0.05
274273.411807,2763366.126422,0.0549450549450549,0.0250915750915751,0.000732600732600733,0.696336996336996,0.191758241758242,0.0311355311355311
274773.411807,2763366.126422,0.0718738540520719,0.0546387972130546,0.0033003300330033,0.652731939860653,0.142830949761643,0.0746241290795746
262773.411807,2762866.126422,0.0886101973684211,0.235402960526316,0.000822368421052632,0.149876644736842,0.141447368421053,0.383840460526316
263273.411807,2762866.126422,0.0855202789502661,0.119838502477519,0,0.0359699027344467,0.0792806019453111,0.679390713892457
263773.411807,2762866.126422,0.0489638730973776,0.189803777737026,0,0.331377223546672,0.0894920227397763,0.340363102879149
264273.411807,2762866.126422,0.0663368150998717,0.0175920835623969,0.000183250870441635,0.513102437236577,0.179585853032802,0.223199560197911
264773.411807,2762866.126422,0.0888236373646541,0.200587263718113,0.0948797944576987,0.112314186089191,0.116718663975041,0.386676454395302
265273.411807,2762866.126422,0.102145607922245,0.178067119017055,0.0100861910874748,0.152209792774619,0.152759948652118,0.404731340546488
265773.411807,2762866.126422,0.0892431739050761,0.0656038116181052,0.00128275609309144,0.128458860179586,0.140736668499175,0.574674729704966
266273.411807,2762866.126422,0.18241879243898,0.0633143696091026,0.0117452743622683,0.163149201688383,0.169021838869517,0.410350523031749
266773.411807,2762866.126422,0.25600586832936,0.0863744727672841,0.164496607372089,0.0216394645149459,0.0407115349348982,0.430772052081423
267273.411807,2762866.126422,0.0853949056258017,0.142569177203592,0.0809968847352025,0.0734835990470955,0.112882536192047,0.504672897196262
267773.411807,2762866.126422,0.153789686180951,0.0313819049366856,0,0.331253440998348,0.186456230501009,0.297118737383006
268273.411807,2762866.126422,0.108930863744728,0.0465798642948836,0.0902255639097744,0.0201723821749496,0.0480469466348799,0.686044379240785
268773.411807,2762866.126422,0.0910756826094924,0.228147333699835,0.0855781564962434,0.0120945574491479,0.0678028220634048,0.515301447681876
269273.411807,2762866.126422,0.222426133235456,0.0836850798311617,0.179115434024592,0.0456964580657001,0.122407781244265,0.346669113598825
269773.411807,2762866.126422,0.269026224096827,0.0207225380524482,0.0227397762699432,0.14414083990464,0.181368054282047,0.362002567394095
270273.411807,2762866.126422,0.157962250320689,0.0328019058090526,0,0.262231995601979,0.158878504672897,0.388125343595382
270773.411807,2762866.126422,0.0851532391264452,0.201504863277666,0.00899247568361167,0.011194714626537,0.0537713341897596,0.639383373095981
271273.411807,2762866.126422,0.141756831102146,0.158811663304603,0.166697230882083,0.0174216027874564,0.0496974142673758,0.465615257656336
271773.411807,2762866.126422,0.16144401685908,0.0470954737035001,0.00458127176104087,0.136338647608576,0.139637163276526,0.510903426791277
272273.411807,2762866.126422,0.122958340979996,0.0464305377133419,0,0.238942925307396,0.13268489631125,0.458983299688016
272773.411807,2762866.126422,0.194388410049514,0.0297084173849257,0.00201723821749496,0.309737759031726,0.220612506876948,0.243535668439391
273273.411807,2762866.126422,0.175737584753528,0.0754993586219534,0,0.170056807769837,0.139453912406084,0.439252336448598
273773.411807,2762866.126422,0.144063130849697,0.0396403009726555,0.00311983850247752,0.575151403927326,0.155441365388145,0.082583960359699
274273.411807,2762866.126422,0.0770218228498075,0.0232899321474418,0.00201723821749496,0.66018705299835,0.204841371721988,0.0326425820649184
274773.411807,2762866.126422,0.111966281839839,0.0212571009712296,0.0223566061938794,0.567527945757742,0.144951438519333,0.131940626717977
262773.411807,2762366.126422,0.0992601726263872,0.301274147143444,0.00698725852856556,0.00164406083025072,0.031442663378545,0.559391697492807
263273.411807,2762366.126422,0.0537614678899083,0.0820183486238532,0.417614678899083,0.0765137614678899,0.102385321100917,0.267706422018349
263773.411807,2762366.126422,0.0739313887360117,0.166391487800404,0.0212804989910108,0.241790497156485,0.152999449642267,0.343606677673821
264273.411807,2762366.126422,0.146520146520147,0.158974358974359,0.0128205128205128,0.231318681318681,0.125274725274725,0.325091575091575
264773.411807,2762366.126422,0.0757798165137615,0.149174311926606,0.0209174311926606,0.369357798165138,0.111926605504587,0.272844036697248
265273.411807,2762366.126422,0.0221977618785544,0.264722069345074,0.0636580443955238,0.110254999082737,0.0665932856356632,0.472573839662447
265773.411807,2762366.126422,0.0862637362637363,0.0635531135531135,0,0.0558608058608059,0.108608058608059,0.685714285714286
266273.411807,2762366.126422,0.109724770642202,0.148807339449541,0.000917431192660551,0.0862385321100917,0.0937614678899083,0.560550458715596
266773.411807,2762366.126422,0.173729590900752,0.00752155567785727,0.00403595670519171,0.0911759310218309,0.0974133186571271,0.626123647037241
267273.411807,2762366.126422,0.0946886446886447,0.125091575091575,0.102380952380952,0.104761904761905,0.0611721611721612,0.511904761904762
267773.411807,2762366.126422,0.240550458715596,0.0396330275229358,0.0429357798165138,0.136330275229358,0.140366972477064,0.400183486238532
268273.411807,2762366.126422,0.217391304347826,0.0818198495688864,0.030820033021464,0.00935608145294441,0.0728306732709595,0.58778205833792
268773.411807,2762366.126422,0.218315018315018,0.078021978021978,0.0243589743589744,0.0441391941391941,0.113369963369963,0.521794871794872
269273.411807,2762366.126422,0.385504587155963,0.0187155963302752,0.0271559633027523,0.124587155963303,0.158899082568807,0.285137614678899
269773.411807,2762366.126422,0.385617317923317,0.0253164556962025,0.000366905155017428,0.0842047330764997,0.183636030086223,0.320858558062741
270273.411807,2762366.126422,0.214835164835165,0.0527472527472527,0,0.175091575091575,0.201831501831502,0.355494505494506
270773.411807,2762366.126422,0.043302752293578,0.419633027522936,0.0256880733944954,0.0952293577981651,0.0759633027522936,0.340183486238532
271273.411807,2762366.126422,0.0774169877086773,0.284351495138507,0,0.026967528893781,0.0476976701522656,0.563566318106769
271773.411807,2762366.126422,0.0906593406593407,0.0580586080586081,0.000549450549450549,0.311721611721612,0.158241758241758,0.380769230769231
272273.411807,2762366.126422,0.176880733944954,0.124954128440367,0.00128440366972477,0.122201834862385,0.116146788990826,0.458532110091743
272773.411807,2762366.126422,0.0783342505962209,0.24674371674922,0,0.43074665199046,0.0799853237937993,0.164190056870299
273273.411807,2762366.126422,0.0747252747252747,0.141758241758242,0.000732600732600733,0.351648351648352,0.0659340659340659,0.365201465201465
273773.411807,2762366.126422,0.0856880733944954,0.0321100917431193,0.0122935779816514,0.714862385321101,0.0836697247706422,0.0713761467889908
274273.411807,2762366.126422,0.0664098330581545,0.0420106402494955,0.00972298660796184,0.688130618235186,0.167308750687947,0.0264171711612548
274773.411807,2762366.126422,0.0912087912087912,0.0249084249084249,0.00293040293040293,0.678205128205128,0.163369963369963,0.0393772893772894
262773.411807,2761866.126422,0.159366646103228,0.147028583179108,0,0.0415381451778737,0.0779354308040304,0.57413119473576
263273.411807,2761866.126422,0.0646520146520147,0.308424908424908,0.0228937728937729,0.0688644688644689,0.0582417582417582,0.476923076923077
263773.411807,2761866.126422,0.0573260073260073,0.238827838827839,0.0591575091575092,0.244688644688645,0.113736263736264,0.286263736263736
264273.411807,2761866.126422,0.114594792812615,0.0396039603960396,0,0.369086908690869,0.187568756875688,0.289145581224789
264773.411807,2761866.126422,0.0794871794871795,0.0379120879120879,0.0119047619047619,0.357142857142857,0.158608058608059,0.354945054945055
265273.411807,2761866.126422,0.0192307692307692,0.0357142857142857,0.00421245421245421,0.597985347985348,0.158791208791209,0.184065934065934
265773.411807,2761866.126422,0.0605060506050605,0.0553722038870554,0.0535386872020535,0.434910157682435,0.163549688302164,0.232123212321232
266273.411807,2761866.126422,0.0815018315018315,0.0818681318681319,0.0131868131868132,0.21043956043956,0.0888278388278388,0.524175824175824
266773.411807,2761866.126422,0.0824175824175824,0.161172161172161,0.000915750915750916,0.133516483516484,0.0923076923076923,0.52967032967033
267273.411807,2761866.126422,0.0933259992665933,0.157865786578658,0.129079574624129,0.0392372570590392,0.0771910524385772,0.503300330033003
267773.411807,2761866.126422,0.251282051282051,0.0304029304029304,0,0.0782051282051282,0.126373626373626,0.513736263736264
268273.411807,2761866.126422,0.0516483516483516,0.0463369963369963,0.00970695970695971,0.056043956043956,0.039010989010989,0.797252747252747
268773.411807,2761866.126422,0.105610561056106,0.155298863219655,0.000733406674000733,0.244224422442244,0.0973597359735974,0.396773010634397
269273.411807,2761866.126422,0.211721611721612,0.058974358974359,0,0.290842490842491,0.121794871794872,0.316666666666667
269773.411807,2761866.126422,0.347252747252747,0.00842490842490842,0.000183150183150183,0.0811355311355311,0.121062271062271,0.441941391941392
270273.411807,2761866.126422,0.163182984965163,0.0205353868720205,0,0.0993766043270994,0.127062706270627,0.58984231756509
270773.411807,2761866.126422,0.0663003663003663,0.0397435897435897,0.000183150183150183,0.352747252747253,0.166849816849817,0.374175824175824
271273.411807,2761866.126422,0.142857142857143,0.0490842490842491,0.00476190476190476,0.407142857142857,0.177289377289377,0.218864468864469
271773.411807,2761866.126422,0.151631829849652,0.046021268793546,0.0148514851485149,0.475247524752475,0.126145947928126,0.186101943527686
272273.411807,2761866.126422,0.0862637362637363,0.0448717948717949,0.00824175824175824,0.626739926739927,0.124358974358974,0.10952380952381
272773.411807,2761866.126422,0.0465201465201465,0.0470695970695971,0.0536630036630037,0.743040293040293,0.0723443223443224,0.0373626373626374
273273.411807,2761866.126422,0.0414374770810414,0.0333700036670334,0.0055005500550055,0.792262559589292,0.0962596259625963,0.0311697836450312
273773.411807,2761866.126422,0.0457875457875458,0.0298534798534799,0.0141025641025641,0.643956043956044,0.204029304029304,0.0622710622710623
274273.411807,2761866.126422,0.117582417582418,0.0708791208791209,0.000366300366300366,0.509157509157509,0.215384615384615,0.0866300366300366
274773.411807,2761866.126422,0.114044737807114,0.0352035203520352,0.000183351668500183,0.536303630363036,0.135130179684635,0.179134580124679
262773.411807,2761366.126422,0.201069078947368,0.0450246710526316,0.0113075657894737,0.116570723684211,0.121710526315789,0.504317434210526
263273.411807,2761366.126422,0.0893741971003854,0.216369976142411,0.0541383740135805,0.0154156726004772,0.0649660488162966,0.559735731326849
263773.411807,2761366.126422,0.0379607555474051,0.152943333944618,0.130753713552173,0.114432422519714,0.102879149092243,0.461030625343847
264273.411807,2761366.126422,0.0668865677111966,0.0492944841487997,0.0844786512735936,0.25783397471138,0.128275609309144,0.413230712845886
264773.411807,2761366.126422,0.143512571113966,0.0412919801798495,0,0.117819783446504,0.092126995779042,0.605248669480639
265273.411807,2761366.126422,0.0430955437373923,0.573629194938566,0,0.0143040528149642,0.0121034293049697,0.356867779204108
265773.411807,2761366.126422,0.0654205607476635,0.220267546270845,0.0481949789261499,0.0905259299981675,0.0725673446948873,0.503023639362287
266273.411807,2761366.126422,0.188474949532024,0.0464305377133419,0.0471646173609837,0.423013396953569,0.0989172325197284,0.195999265920352
266773.411807,2761366.126422,0.0368604437924078,0.0805061434072987,0.0337428938199156,0.542637080506143,0.177516963139556,0.128736475334678
267273.411807,2761366.126422,0.0846619021440352,0.0366501740883269,0.00348176653839106,0.241891148982958,0.098772219168041,0.534542789078248
267773.411807,2761366.126422,0.119287942741787,0.0304643053771334,0.000183519911910442,0.335474398972288,0.21159845843274,0.30299137456414
268273.411807,2761366.126422,0.066385475884834,0.0573995965523565,0,0.398679625894003,0.112598569594719,0.364936732074088
268773.411807,2761366.126422,0.130474619754444,0.0251053692505039,0.000549752611324904,0.512186182884369,0.176287337364852,0.155396738134506
269273.411807,2761366.126422,0.246650761607634,0.0297302257294917,0.00789135621214902,0.292897779409066,0.144797210497339,0.27803266654432
269773.411807,2761366.126422,0.0951769668072621,0.0227397762699432,0.00311754997249221,0.14817531633963,0.196772418852008,0.534017971758665
270273.411807,2761366.126422,0.209272494044347,0.034084661902144,0.0100787978742899,0.16144401685908,0.10756826094924,0.4775517683709
270773.411807,2761366.126422,0.0616626904019086,0.047715177096715,0.0255092677555515,0.714259497155441,0.113598825472564,0.0372545421178198
271273.411807,2761366.126422,0.0691362552723272,0.0304419585549239,0.00990280579497524,0.737759031725656,0.0957271226847607,0.0570328259673574
271773.411807,2761366.126422,0.047645226314825,0.0368334249587686,0.00366501740883269,0.678577973245373,0.14018691588785,0.0930914421843504
272273.411807,2761366.126422,0.0233070288126262,0.0394567810607451,0.0266103872270141,0.815011928794274,0.0710222059093412,0.0245916681959993
272773.411807,2761366.126422,0.102145607922245,0.0135705116449661,0.00770218228498074,0.683660370438291,0.0726205758298184,0.120300751879699
273273.411807,2761366.126422,0.0459959684808503,0.0448964632582005,0.0120945574491479,0.765438885834708,0.0901594282572842,0.0414146967198094
273773.411807,2761366.126422,0.138741053404294,0.0154156726004772,0,0.450357863828225,0.184804551293815,0.210680858873188
274273.411807,2761366.126422,0.178984045479553,0.0361269026224097,0.000183385292499542,0.388226664221529,0.15606088391711,0.240418118466899
274773.411807,2761366.126422,0.115264797507788,0.0538757559098406,0.000366501740883269,0.418911489829577,0.193512919186366,0.218068535825545
262773.411807,2760866.126422,0.0729551993423757,0.155774763666256,0,0.131730374023839,0.145499383477189,0.494040279490341
263273.411807,2760866.126422,0.0689908256880734,0.275412844036697,0.0759633027522936,0.00587155963302752,0.0238532110091743,0.549908256880734
263773.411807,2760866.126422,0.0610897083104018,0.29957805907173,0.0504494588148963,0.0198128783709411,0.0581544670702623,0.510915428361769
264273.411807,2760866.126422,0.0906593406593407,0.115567765567766,0.100732600732601,0.224542124542125,0.125824175824176,0.342673992673993
264773.411807,2760866.126422,0.0462385321100917,0.0686238532110092,0.0113761467889908,0.551926605504587,0.152477064220183,0.169357798165138
265273.411807,2760866.126422,0.0706292423408549,0.153916712529811,0.0247660979636764,0.15978719501009,0.16400660429279,0.426894147862777
265773.411807,2760866.126422,0.093956043956044,0.130952380952381,0.032967032967033,0.38021978021978,0.108424908424908,0.253479853479853
266273.411807,2760866.126422,0.0697247706422018,0.0376146788990826,0,0.502201834862385,0.139449541284404,0.251009174311927
266773.411807,2760866.126422,0.259952302329848,0.0328380113740598,0.00807191341038342,0.35809943129701,0.20399926618969,0.137039075399009
267273.411807,2760866.126422,0.103479853479853,0.0476190476190476,0,0.443589743589744,0.147985347985348,0.257326007326007
267773.411807,2760866.126422,0.166422018348624,0.0159633027522936,0.00018348623853211,0.230825688073394,0.218348623853211,0.368256880733945
268273.411807,2760866.126422,0.112456430012842,0.0605393505778756,0,0.197211520821868,0.175931021830857,0.453861676756558
268773.411807,2760866.126422,0.42985347985348,0.0172161172161172,0,0.157326007326007,0.137728937728938,0.257875457875458
269273.411807,2760866.126422,0.19743119266055,0.0965137614678899,0.0284403669724771,0.173577981651376,0.15302752293578,0.351009174311927
269773.411807,2760866.126422,0.129150614566135,0.0787011557512383,0.000183452577508714,0.412951751972115,0.184369840396258,0.194643184736746
270273.411807,2760866.126422,0.1003663003663,0.134249084249084,0.0184981684981685,0.373809523809524,0.126923076923077,0.246153846153846
270773.411807,2760866.126422,0.0622018348623853,0.0179816513761468,0.0100917431192661,0.762385321100917,0.105321100917431,0.0420183486238532
271273.411807,2760866.126422,0.0293524124013942,0.00697119794533113,0.000366905155017428,0.884791781324528,0.0671436433681893,0.0113740598055403
271773.411807,2760866.126422,0.0551282051282051,0.0263736263736264,0,0.780769230769231,0.086996336996337,0.0507326007326007
272273.411807,2760866.126422,0.0277064220183486,0.0291743119266055,0.00348623853211009,0.844954128440367,0.0770642201834862,0.0176146788990826
272773.411807,2760866.126422,0.00697119794533113,0.010273344340488,0,0.925518253531462,0.0528343423225096,0.00440286186020914
273273.411807,2760866.126422,0.0565934065934066,0.0457875457875458,0.00274725274725275,0.741025641025641,0.107875457875458,0.045970695970696
273773.411807,2760866.126422,0.0275229357798165,0.0304587155963303,0.00073394495412844,0.811926605504587,0.0741284403669725,0.0552293577981651
274273.411807,2760866.126422,0.105301779490002,0.0232984773436067,0.00165107319757843,0.763346175013759,0.0636580443955238,0.0427444505595304
274773.411807,2760866.126422,0.241941391941392,0.0404761904761905,0.00531135531135531,0.363919413919414,0.190842490842491,0.157509157509158
262773.411807,2760366.126422,0.0639522928233601,0.273904996915484,0.0516142298992392,0.00102817191034341,0.0349578449516759,0.574542463499897
263273.411807,2760366.126422,0.065018315018315,0.244871794871795,0.0311355311355311,0.113919413919414,0.0844322344322344,0.460622710622711
263773.411807,2760366.126422,0.0864468864468864,0.205677655677656,0,0.182967032967033,0.116300366300366,0.408608058608059
264273.411807,2760366.126422,0.099009900990099,0.113861386138614,0,0.191052438577191,0.156398973230656,0.43967730106344
264773.411807,2760366.126422,0.128754578754579,0.16007326007326,0.0434065934065934,0.132234432234432,0.0937728937728938,0.441758241758242
265273.411807,2760366.126422,0.154578754578755,0.0364468864468864,0.000732600732600733,0.242490842490842,0.172527472527473,0.393223443223443
265773.411807,2760366.126422,0.180784745141181,0.0463879721305464,0,0.356985698569857,0.122845617895123,0.292995966263293
266273.411807,2760366.126422,0.034981684981685,0.0611721611721612,0.000183150183150183,0.475274725274725,0.168498168498169,0.25989010989011
266773.411807,2760366.126422,0.0866300366300366,0.0412087912087912,0,0.564285714285714,0.11959706959707,0.188278388278388
267273.411807,2760366.126422,0.112944627796113,0.0377704437110378,0,0.308764209754309,0.139347268060139,0.401173450678401
267773.411807,2760366.126422,0.268131868131868,0.0490842490842491,0,0.0937728937728938,0.205494505494505,0.383516483516484
268273.411807,2760366.126422,0.261538461538462,0.0694139194139194,0.0166666666666667,0.0346153846153846,0.0937728937728938,0.523992673992674
268773.411807,2760366.126422,0.268426842684268,0.0337367070040337,0.0106343967730106,0.14008067473414,0.2000366703337,0.347084708470847
269273.411807,2760366.126422,0.218498168498168,0.0631868131868132,0.0490842490842491,0.0487179487179487,0.0957875457875458,0.524725274725275
269773.411807,2760366.126422,0.123443223443223,0.0782051282051282,0.0141025641025641,0.126739926739927,0.117216117216117,0.54029304029304
270273.411807,2760366.126422,0.0803080308030803,0.128162816281628,0,0.25027502750275,0.0986431976530986,0.442610927759443
270773.411807,2760366.126422,0.093956043956044,0.0227106227106227,0.00146520146520147,0.666666666666667,0.142857142857143,0.0723443223443224
271273.411807,2760366.126422,0.0514652014652015,0.0269230769230769,0,0.743223443223443,0.122161172161172,0.0562271062271062
271773.411807,2760366.126422,0.0768243491015768,0.0465713237990466,0.00458379171250458,0.475614228089476,0.148881554822149,0.247524752475248
272273.411807,2760366.126422,0.104212454212454,0.0357142857142857,0.00842490842490842,0.645421245421245,0.13040293040293,0.0758241758241758
272773.411807,2760366.126422,0.0250915750915751,0.019047619047619,0.000183150183150183,0.847435897435897,0.0853479853479854,0.0228937728937729
273273.411807,2760366.126422,0.070957095709571,0.0311697836450312,0.000733406674000733,0.703703703703704,0.138613861386139,0.0548221488815548
273773.411807,2760366.126422,0.0785714285714286,0.0142857142857143,0.00274725274725275,0.792307692307692,0.058974358974359,0.0531135531135531
274273.411807,2760366.126422,0.0311355311355311,0.0523809523809524,0.000549450549450549,0.722344322344322,0.121062271062271,0.0725274725274725
274773.411807,2760366.126422,0.130546387972131,0.0746241290795746,0,0.224239090575724,0.11001100110011,0.460579391272461
262773.411807,2759866.126422,0.120682565789474,0.240542763157895,0.0363898026315789,0.0873766447368421,0.107113486842105,0.407894736842105
263273.411807,2759866.126422,0.0948797944576987,0.178931914112681,0.0277115066984768,0.242062763809873,0.105890989172325,0.350523031748945
263773.411807,2759866.126422,0.0636346964973409,0.0810562992847974,0.0814230698697964,0.196589033559509,0.129470016504676,0.44782688428388
264273.411807,2759866.126422,0.179036100421477,0.247022173355323,0.0404984423676012,0.0593732820230896,0.0916254352208173,0.382444566611691
264773.411807,2759866.126422,0.0836850798311617,0.0587263718113415,0.0299137456414021,0.252339878876858,0.155808405211966,0.419526518627271
265273.411807,2759866.126422,0.116633046029708,0.0792224463598019,0,0.316523014854209,0.190904089492023,0.296717403264258
265773.411807,2759866.126422,0.032618654938611,0.255451713395639,0.105919003115265,0.0166758292101887,0.0663368150998717,0.522997984240425
266273.411807,2759866.126422,0.111763626353459,0.131950816663608,0,0.0691870067902367,0.0888236373646541,0.598274912828042
266773.411807,2759866.126422,0.0988446726572529,0.150559325142124,0.0188886851274528,0.346781588116633,0.131670640014671,0.253255088941867
267273.411807,2759866.126422,0.0756826094923951,0.181784863478102,0,0.0404984423676012,0.0733003481766538,0.628733736485248
267773.411807,2759866.126422,0.135437694989906,0.113231785648743,0.0133969535694623,0.0890071572765645,0.172141677371995,0.476784731143329
268273.411807,2759866.126422,0.231615624426921,0.0207225380524482,0.0817898404547955,0.133687878232166,0.159361819182102,0.372822299651568
268773.411807,2759866.126422,0.21861828843687,0.0621220450797141,0.0811801356056441,0.093274693054792,0.149349459409932,0.395455378413047
269273.411807,2759866.126422,0.125344099834832,0.212883097816113,0.0183519911910442,0.0945127546338778,0.12864745824922,0.420260598274913
269773.411807,2759866.126422,0.143040528149642,0.156427654502109,0.0097194205024757,0.120850907757198,0.153493489822116,0.416467999266459
270273.411807,2759866.126422,0.137071651090343,0.0555250137438153,0.00238226131574125,0.371999266996518,0.143118929814917,0.289902877038666
270773.411807,2759866.126422,0.151403927326115,0.0526702147182969,0.0124793540099101,0.536979262249954,0.162048082216921,0.0844191594788034
271273.411807,2759866.126422,0.0388776820099028,0.0372272143774069,0.00806895286997983,0.731340546488172,0.0874747845222813,0.0970108197322575
271773.411807,2759866.126422,0.066703316840755,0.0382994319223016,0.00146600696353308,0.68389224848818,0.121861828843687,0.087777166941543
272273.411807,2759866.126422,0.0590934116351624,0.0278950266103872,0.000367039823820885,0.729491649844008,0.108460267939071,0.07469260414755
