"x","y","forest","agri","water","built","other","grass"
326273.411807,2737866.126422,0.120879120879121,0.034981684981685,0.0032967032967033,0.63974358974359,0.117765567765568,0.0833333333333333
326773.411807,2737866.126422,0.0635531135531135,0.366117216117216,0,0.205311355311355,0.118315018315018,0.246703296703297
327273.411807,2737866.126422,0.0412541254125413,0.671617161716172,0.000733406674000733,0.129446277961129,0.0331866519985332,0.123762376237624
327773.411807,2737866.126422,0.095970695970696,0.63021978021978,0.0111721611721612,0.0730769230769231,0.0716117216117216,0.117948717948718
328273.411807,2737866.126422,0.0734432234432234,0.635531135531135,0.00293040293040293,0.0769230769230769,0.0684981684981685,0.142673992673993
328773.411807,2737866.126422,0.0190685735240191,0.888338833883388,0.00183351668500183,0.0245691235790246,0.0155848918225156,0.0506050605060506
329273.411807,2737866.126422,0.0641025641025641,0.519230769230769,0.0144688644688645,0.24029304029304,0.0774725274725275,0.0844322344322344
329773.411807,2737866.126422,0.0591575091575092,0.458608058608059,0.0032967032967033,0.245238095238095,0.0875457875457875,0.146153846153846
330273.411807,2737866.126422,0.0416208287495416,0.676751008434177,0,0.0183351668500183,0.048954895489549,0.214338100476714
330773.411807,2737866.126422,0.0230769230769231,0.618864468864469,0.0485347985347985,0.0241758241758242,0.0397435897435897,0.245604395604396
331273.411807,2737866.126422,0.0437728937728938,0.769230769230769,0,0.030952380952381,0.0388278388278388,0.117216117216117
331773.411807,2737866.126422,0.0247524752475248,0.897323065639897,0,0.015034836817015,0.0176017601760176,0.0452878621195453
332273.411807,2737866.126422,0.0611721611721612,0.513003663003663,0.0542124542124542,0.0505494505494506,0.0481684981684982,0.272893772893773
332773.411807,2737866.126422,0.301648351648352,0.153846153846154,0.000366300366300366,0.0620879120879121,0.0752747252747253,0.406776556776557
326273.411807,2737366.126422,0.116902183886952,0.0961644338410718,0.00697375665259681,0.342631675536796,0.206459900899248,0.230868049183336
326773.411807,2737366.126422,0.131303869429672,0.165963689712085,0.0128369704749679,0.141940216394645,0.17219878965707,0.375756464331561
327273.411807,2737366.126422,0.0568077698369067,0.677844969763606,0.0203408466190214,0.0302363936228697,0.0480117280557083,0.166758292101887
327773.411807,2737366.126422,0.0719398054688934,0.604147550009176,0,0.0196366305744173,0.0513855753349238,0.252890438612589
328273.411807,2737366.126422,0.0368604437924078,0.726389143590684,0,0.0143040528149642,0.0438290849073904,0.178617274894553
328773.411807,2737366.126422,0.049660985889683,0.789994502473887,0.00403151914971596,0.0139270661535642,0.0249221183800623,0.117463807953088
329273.411807,2737366.126422,0.0489998164800881,0.775371627821619,0.0194531106625069,0.0277115066984768,0.0324830244081483,0.0959809139291613
329773.411807,2737366.126422,0.0377773702549056,0.899504859710251,0,0.00623509994498441,0.0152209792774619,0.0412616908123968
330273.411807,2737366.126422,0.0423309510720176,0.777166941542972,0.00146600696353308,0.0278541323071285,0.0271211288253619,0.124060839288987
330773.411807,2737366.126422,0.0324830244081483,0.485960726738851,0.05395485410167,0.0623967700495504,0.0978161130482657,0.267388511653514
331273.411807,2737366.126422,0.0502475701448744,0.561892536218595,0.04401247019989,0.0126535851824684,0.0561158995048597,0.275077938749312
331773.411807,2737366.126422,0.00861279091075683,0.916987355689939,0,0.00513102437236577,0.00769653655854865,0.0615722924683892
332273.411807,2737366.126422,0.0242246283721784,0.776289227381171,0,0.0275279867865663,0.0378051018535511,0.134153055606533
332773.411807,2737366.126422,0.133504492939666,0.13607188703466,0.00568494406748579,0.0539152759948652,0.0539152759948652,0.616908123968458
326273.411807,2736866.126422,0.0911926605504587,0.141467889908257,0.0154128440366972,0.142201834862385,0.194311926605505,0.415412844036697
326773.411807,2736866.126422,0.0742982938910292,0.297560080719134,0.0442120711796001,0.111539167125298,0.0880572372041827,0.384333149880756
327273.411807,2736866.126422,0.0738095238095238,0.678571428571429,0.00787545787545788,0.0534798534798535,0.0487179487179487,0.137545787545788
327773.411807,2736866.126422,0.0759633027522936,0.727155963302752,0.0144954128440367,0.0176146788990826,0.0245871559633028,0.140183486238532
328273.411807,2736866.126422,0.0944780774169877,0.545771418088424,0.017978352595854,0.127499541368556,0.0350394423041644,0.179233168226014
328773.411807,2736866.126422,0.0293040293040293,0.361172161172161,0,0.0474358974358974,0.0234432234432234,0.538644688644689
329273.411807,2736866.126422,0.0715596330275229,0.611743119266055,0.0295412844036697,0.028256880733945,0.0451376146788991,0.213761467889908
329773.411807,2736866.126422,0.0299027701339204,0.857457347275729,0,0.0144927536231884,0.016694184553293,0.081452944413869
330273.411807,2736866.126422,0.0234432234432234,0.908058608058608,0,0.00989010989010989,0.0139194139194139,0.0446886446886447
330773.411807,2736866.126422,0.055045871559633,0.74,0,0.038348623853211,0.0702752293577982,0.0963302752293578
331273.411807,2736866.126422,0.0374243258117777,0.612915061456613,0.0614566134654192,0.011557512383049,0.0500825536598789,0.226563933223262
331773.411807,2736866.126422,0.0142857142857143,0.833333333333333,0.000183150183150183,0.0148351648351648,0.0217948717948718,0.115567765567766
332273.411807,2736866.126422,0.0293577981651376,0.796697247706422,0.00018348623853211,0.0293577981651376,0.0310091743119266,0.113394495412844
332773.411807,2736866.126422,0.0702623371858375,0.165841130067877,0.00330214639515685,0.122179416620804,0.115391671252981,0.523023298477344
333273.411807,2736866.126422,0.291758241758242,0.0179487179487179,0.213553113553114,0.111538461538462,0.00384615384615385,0.361355311355311
326273.411807,2736366.126422,0.00824175824175824,0.125091575091575,0.0212454212454212,0.0644688644688645,0.134249084249084,0.646703296703297
326773.411807,2736366.126422,0.0924908424908425,0.0793040293040293,0.0122710622710623,0.0399267399267399,0.0626373626373626,0.713369963369963
327273.411807,2736366.126422,0.206820682068207,0.262559589292263,0.00275027502750275,0.0551888522185552,0.136596993032637,0.336083608360836
327773.411807,2736366.126422,0.0313186813186813,0.804761904761905,0,0.0358974358974359,0.0267399267399267,0.101282051282051
328273.411807,2736366.126422,0.0254578754578755,0.8496336996337,0,0.0108058608058608,0.056959706959707,0.0571428571428571
328773.411807,2736366.126422,0.00861752841950862,0.874404107077374,0.0135680234690136,0.0102676934360103,0.0033003300330033,0.0898423175650898
329273.411807,2736366.126422,0.0415750915750916,0.648717948717949,0.0970695970695971,0.0225274725274725,0.0247252747252747,0.165384615384615
329773.411807,2736366.126422,0.0461538461538462,0.758974358974359,0.0148351648351648,0.0139194139194139,0.0214285714285714,0.144688644688645
330273.411807,2736366.126422,0.028969563623029,0.856252291895856,0,0.0328199486615328,0.017968463513018,0.063989732306564
330773.411807,2736366.126422,0.0316849816849817,0.829120879120879,0,0.015018315018315,0.0256410256410256,0.0985347985347985
331273.411807,2736366.126422,0.0476190476190476,0.743406593406593,0,0.00860805860805861,0.0450549450549451,0.155311355311355
331773.411807,2736366.126422,0.0174184085075174,0.58049138247158,0.0815914924825816,0.0203520352035204,0.0407040704070407,0.259442610927759
332273.411807,2736366.126422,0.0184981684981685,0.698168498168498,0.0701465201465201,0.00879120879120879,0.0188644688644689,0.185531135531136
332773.411807,2736366.126422,0.08003663003663,0.22014652014652,0.0282051282051282,0.125641025641026,0.0981684981684982,0.447802197802198
333273.411807,2736366.126422,0.247891455812248,0.176384305097176,0.00605060506050605,0.0121012101210121,0.0205353868720205,0.537037037037037
326273.411807,2735866.126422,0.0869884382455496,0.528170306478253,0.0012846393833731,0.0275279867865663,0.103321710405579,0.252706918700679
326773.411807,2735866.126422,0.168347698514579,0.0473134054648817,0.00330093526499175,0.0810562992847974,0.144690995782138,0.555290665688612
327273.411807,2735866.126422,0.206157229246839,0.043613707165109,0.0047645226314825,0.0494777350192413,0.126076598863845,0.569910207073484
327773.411807,2735866.126422,0.0735914846760874,0.537896861809506,0.000367039823820885,0.108827307762892,0.108827307762892,0.170489998164801
328273.411807,2735866.126422,0.0341096644049147,0.738859343480653,0.000366770584999083,0.0249403997799376,0.0792224463598019,0.122501375389694
328773.411807,2735866.126422,0.0243723657687374,0.843870258383727,0,0.0181418361737218,0.0225398570643211,0.0910756826094924
329273.411807,2735866.126422,0.0434942191227748,0.818131767296752,0.0357863828225362,0.0176179115434025,0.009543035419343,0.0754266837951918
329773.411807,2735866.126422,0.0223730056849441,0.874014304052815,0,0.0102695763799743,0.0159545204474601,0.0773885934348065
330273.411807,2735866.126422,0.0122778083195895,0.831775700934579,0.0269378779549203,0.000733003481766538,0.00714678394722375,0.12112882536192
330773.411807,2735866.126422,0.0100935951550743,0.804000734079648,0.0280785465222977,0.00495503762158194,0.012846393833731,0.140025692787667
331273.411807,2735866.126422,0.0627177700348432,0.69191270860077,0.0157711351549606,0.0471300201723822,0.0403447643498991,0.142123601687145
331773.411807,2735866.126422,0.0331684075499359,0.749129558365402,0.000366501740883269,0.0293201392706615,0.0513102437236577,0.136705149349459
332273.411807,2735866.126422,0.00991007524316388,0.671132317856487,0.0603780510185355,0.0401908607083869,0.0677188474949532,0.150669847678473
332773.411807,2735866.126422,0.0506143407298735,0.157711351549606,0.061984228864845,0.0564826700898588,0.0634513112048414,0.609756097560976
333273.411807,2735866.126422,0.144035184167125,0.205790727505956,0.0106285504856148,0.0505772402418911,0.0714678394722375,0.517500458127176
333773.411807,2735866.126422,0.293448339144797,0.0148651128647458,0.396219489814645,0.129198017984951,0.00165167920719398,0.164617360983667
326273.411807,2735366.126422,0.0306422018348624,0.495229357798165,0.00770642201834862,0.0100917431192661,0.038348623853211,0.417981651376147
326773.411807,2735366.126422,0.123096679508347,0.188956154833975,0.0144927536231884,0.0242157402311502,0.081452944413869,0.56778572738947
327273.411807,2735366.126422,0.171245421245421,0.28956043956044,0.00732600732600733,0.0562271062271062,0.133333333333333,0.342307692307692
327773.411807,2735366.126422,0.0640366972477064,0.573761467889908,0.00055045871559633,0.0801834862385321,0.11302752293578,0.168440366972477
328273.411807,2735366.126422,0.0612731608879105,0.634562465602642,0.000550357732526142,0.0627407815079802,0.09557879288204,0.145294441386901
328773.411807,2735366.126422,0.0423076923076923,0.835347985347985,0,0.0168498168498168,0.0278388278388278,0.0776556776556777
329273.411807,2735366.126422,0.0873394495412844,0.651192660550459,0.0214678899082569,0.0370642201834862,0.055045871559633,0.147889908256881
329773.411807,2735366.126422,0.0458631443771785,0.744450559530361,0.000550357732526142,0.0159603742432581,0.0339387268391121,0.159236837277564
330273.411807,2735366.126422,0.0509157509157509,0.767399267399267,0,0.0216117216117216,0.0428571428571429,0.117216117216117
330773.411807,2735366.126422,0.0697247706422018,0.762935779816514,0,0.0238532110091743,0.0544954128440367,0.0889908256880734
331273.411807,2735366.126422,0.0227481196110805,0.818015043111356,0.0144927536231884,0.0174279948633278,0.0280682443588332,0.0992478444322143
331773.411807,2735366.126422,0.00824175824175824,0.766666666666667,0.0503663003663004,0.00897435897435897,0.0305860805860806,0.135164835164835
332273.411807,2735366.126422,0.048256880733945,0.551009174311927,0.0493577981651376,0.0277064220183486,0.0724770642201835,0.251192660550459
332773.411807,2735366.126422,0.0741148413135205,0.226197028068244,0.105485232067511,0.0432948082920565,0.110621904237755,0.440286186020914
333273.411807,2735366.126422,0.0723443223443224,0.241391941391941,0.0373626373626374,0.0935897435897436,0.0571428571428571,0.498168498168498
333773.411807,2735366.126422,0.591376146788991,0.0715596330275229,0.00018348623853211,0.00385321100917431,0.00605504587155963,0.32697247706422
326273.411807,2734866.126422,0.026007326007326,0.393772893772894,0.146520146520147,0.0336996336996337,0.0252747252747253,0.374725274725275
326773.411807,2734866.126422,0.0415750915750916,0.19010989010989,0.166483516483516,0.0567765567765568,0.0622710622710623,0.482783882783883
327273.411807,2734866.126422,0.0803080308030803,0.420608727539421,0.0896589658965897,0.0469380271360469,0.0786578657865787,0.283828382838284
327773.411807,2734866.126422,0.0294871794871795,0.588095238095238,0,0.0578754578754579,0.0565934065934066,0.267948717948718
328273.411807,2734866.126422,0.0578754578754579,0.318498168498168,0.0021978021978022,0.0353479853479853,0.0679487179487179,0.518131868131868
328773.411807,2734866.126422,0.0462046204620462,0.418958562522919,0.000366703337000367,0.0238357169050238,0.048954895489549,0.461679501283462
329273.411807,2734866.126422,0.0166666666666667,0.434249084249084,0.00824175824175824,0.0446886446886447,0.0228937728937729,0.473260073260073
329773.411807,2734866.126422,0.0304029304029304,0.547435897435897,0.082967032967033,0.0507326007326007,0.0234432234432234,0.265018315018315
330273.411807,2734866.126422,0.044004400440044,0.412541254125413,0.0454712137880455,0.0746241290795746,0.0319031903190319,0.391455812247891
330773.411807,2734866.126422,0.0553113553113553,0.48040293040293,0.00567765567765568,0.0481684981684982,0.0192307692307692,0.391208791208791
331273.411807,2734866.126422,0.0565934065934066,0.492857142857143,0.00238095238095238,0.0122710622710623,0.0296703296703297,0.406227106227106
331773.411807,2734866.126422,0.0264026402640264,0.621012101210121,0.00183351668500183,0.0236523652365237,0.0573890722405574,0.26971030436377
332273.411807,2734866.126422,0.0335164835164835,0.670879120879121,0,0.00915750915750916,0.03003663003663,0.256410256410256
332773.411807,2734866.126422,0.01996336996337,0.443406593406593,0.155311355311355,0.0113553113553114,0.0468864468864469,0.323076923076923
333273.411807,2734866.126422,0.0231023102310231,0.153832049871654,0.259075907590759,0.0100843417675101,0.0337367070040337,0.52016868353502
333773.411807,2734866.126422,0.438827838827839,0.0304029304029304,0.052014652014652,0.032051282051282,0.0532967032967033,0.393406593406593
334273.411807,2734866.126422,0.107326007326007,0.0498168498168498,0.328205128205128,0.253296703296703,0.00769230769230769,0.253663003663004
326273.411807,2734366.126422,0.00991007524316388,0.354743989722885,0.0218388695173426,0.00844191594788034,0.0271609469627455,0.577904202605983
326773.411807,2734366.126422,0.00458463231248854,0.370254905556574,0.24408582431689,0.00843572345497891,0.00293416467999266,0.369704749679076
327273.411807,2734366.126422,0.0104452996151732,0.275975810885102,0.346527396005131,0.00641378046545721,0.00146600696353308,0.359171706065604
327773.411807,2734366.126422,0.0154156726004772,0.331436960910259,0.258763075793724,0.0225729491649844,0.0012846393833731,0.370526702147183
328273.411807,2734366.126422,0.0423620025673941,0.28388043278929,0.195121951219512,0.154593801577114,0.0137538969374656,0.310287914909224
328773.411807,2734366.126422,0.00623052959501558,0.254901960784314,0.170056807769837,0.128275609309144,0.00513102437236577,0.435404068169324
329273.411807,2734366.126422,0.0100935951550743,0.303358414387961,0.111029546705818,0.0185355111029547,0.0229399889888053,0.534042943659387
329773.411807,2734366.126422,0.0207225380524482,0.337795708784155,0.207592151109481,0.0403447643498991,0.0185219145424537,0.375022923161562
330273.411807,2734366.126422,0.0538757559098406,0.40919919369617,0.115264797507788,0.0315191497159611,0.000366501740883269,0.389774601429357
330773.411807,2734366.126422,0.0543218939254909,0.220957973940172,0.162965681776473,0.0148651128647458,0.00844191594788034,0.538447421545238
331273.411807,2734366.126422,0,0.174949569044563,0.273427471116816,0.0179717586649551,0.00806895286997983,0.525582248303686
331773.411807,2734366.126422,0,0.254901960784314,0.351291918636614,0.0560747663551402,0.0179585853032802,0.319772768920652
332273.411807,2734366.126422,0,0.135254175077996,0.343916314920169,0.20334006239677,0.00862543585979079,0.308864011745274
332773.411807,2734366.126422,0.0242068586099395,0.266642215294333,0.263524665321841,0.378507243719054,0.00513478818998716,0.061984228864845
333273.411807,2734366.126422,0.00311526479750779,0.093274693054792,0.352757925600147,0.391423859263332,0.0130108118013561,0.146417445482866
333773.411807,2734366.126422,0,0.0341347036153423,0.444485226647091,0.404477885850615,0.00495503762158194,0.11194714626537
334273.411807,2734366.126422,0,0.00696864111498258,0.410966440491473,0.581881533101045,0.000183385292499542,0
326273.411807,2733866.126422,0.0535779816513761,0.241100917431193,0,0.000917431192660551,0.0119266055045872,0.692477064220184
326773.411807,2733866.126422,0.015410016510732,0.356264905521923,0.028251696936342,0.0139423958906623,0.0152265639332233,0.570904421207118
327273.411807,2733866.126422,0.0344322344322344,0.57051282051282,0.0021978021978022,0.00787545787545788,0.0437728937728938,0.341208791208791
327773.411807,2733866.126422,0.0831192660550459,0.19394495412844,0.00330275229357798,0.304587155963303,0.121834862385321,0.293211009174312
328273.411807,2733866.126422,0.0691616217207852,0.398092093193909,0.00146762062006971,0.156485048614933,0.132085855806274,0.242707760044029
328773.411807,2733866.126422,0.0727106227106227,0.598901098901099,0.00146520146520147,0.0701465201465201,0.0675824175824176,0.189194139194139
329273.411807,2733866.126422,0.0414678899082569,0.788440366972477,0,0.0306422018348624,0.0361467889908257,0.103302752293578
329773.411807,2733866.126422,0.0717299578059072,0.664281783159053,0.0414602825169694,0.0377912309667951,0.0440286186020914,0.140708126949184
330273.411807,2733866.126422,0.0684981684981685,0.557875457875458,0.00586080586080586,0.0315018315018315,0.0503663003663004,0.285897435897436
330773.411807,2733866.126422,0.0209174311926606,0.615045871559633,0,0.0110091743119266,0.0396330275229358,0.313394495412844
331273.411807,2733866.126422,0.0100898917629793,0.598422307833425,0.000183452577508714,0.0201797835259585,0.0603558980003669,0.310768666299762
331773.411807,2733866.126422,0.0600732600732601,0.558608058608059,0.000732600732600733,0.0117216117216117,0.0421245421245421,0.326739926739927
332273.411807,2733866.126422,0.0460550458715596,0.597798165137615,0.00036697247706422,0.0211009174311927,0.0711926605504587,0.26348623853211
332773.411807,2733866.126422,0.0570537516052101,0.375343973582829,0.00293524124013942,0.0519170794349661,0.111906072280316,0.40084388185654
333273.411807,2733866.126422,0.00695970695970696,0.0542124542124542,0.000366300366300366,0.00549450549450549,0.0254578754578755,0.907509157509158
333773.411807,2733866.126422,0.00220183486238532,0.00788990825688073,0,0,0.00036697247706422,0.98954128440367
334273.411807,2733866.126422,0,0.10988809392772,0.145844799119428,0.014125848468171,0.00275178866263071,0.727389469822051
326273.411807,2733366.126422,0.0254578754578755,0.120695970695971,0.19981684981685,0.00586080586080586,0.0119047619047619,0.636263736263736
326773.411807,2733366.126422,0.0558608058608059,0.544139194139194,0.000366300366300366,0.0395604395604396,0.0690476190476191,0.291025641025641
327273.411807,2733366.126422,0.03997066373304,0.641730839750642,0.00293362669600293,0.143197653098643,0.0848918225155849,0.0872753942060873
327773.411807,2733366.126422,0.0822344322344322,0.0950549450549451,0.00732600732600733,0.588461538461538,0.135531135531136,0.0913919413919414
328273.411807,2733366.126422,0.0952380952380952,0.241758241758242,0.00183150183150183,0.224542124542125,0.157326007326007,0.279304029304029
328773.411807,2733366.126422,0.074990832416575,0.542170883755042,0.00385038503850385,0.0781078107810781,0.07004033736707,0.230839750641731
329273.411807,2733366.126422,0.0401098901098901,0.713919413919414,0.000732600732600733,0.0443223443223443,0.0657509157509158,0.135164835164835
329773.411807,2733366.126422,0.0597069597069597,0.505677655677656,0.0122710622710623,0.178388278388278,0.104761904761905,0.139194139194139
330273.411807,2733366.126422,0.0643564356435644,0.710671067106711,0,0.0163182984965163,0.0232856618995233,0.185368536853685
330773.411807,2733366.126422,0.0267399267399267,0.76996336996337,0.0021978021978022,0.023992673992674,0.0406593406593407,0.136446886446886
331273.411807,2733366.126422,0.0386446886446886,0.616117216117216,0.000183150183150183,0.0164835164835165,0.0490842490842491,0.279487179487179
331773.411807,2733366.126422,0.028969563623029,0.837733773377338,0,0.0172350568390172,0.00916758342500917,0.106894022735607
332273.411807,2733366.126422,0.0393772893772894,0.677472527472528,0,0.0368131868131868,0.0635531135531135,0.182783882783883
332773.411807,2733366.126422,0.032051282051282,0.664102564102564,0.0203296703296703,0.0201465201465201,0.047985347985348,0.215384615384615
333273.411807,2733366.126422,0.0366703337000367,0.346534653465347,0.05995599559956,0.0143014301430143,0.0397873120645398,0.502750275027503
333773.411807,2733366.126422,0.0243589743589744,0.125824175824176,0.108424908424908,0.00915750915750916,0.0344322344322344,0.697802197802198
334273.411807,2733366.126422,0.0142857142857143,0.065018315018315,0.348901098901099,0.000549450549450549,0.00347985347985348,0.567765567765568
326273.411807,2732866.126422,0.031932464672417,0.126995779042026,0.196182785832263,0.0297302257294917,0.0445953385942375,0.570563406129565
326773.411807,2732866.126422,0.0803227581147992,0.536952136438658,0,0.0539152759948652,0.094810196222263,0.233999633229415
327273.411807,2732866.126422,0.0831958951805021,0.535092541689573,0.00183250870441635,0.0692688290269379,0.0747663551401869,0.235843870258384
327773.411807,2732866.126422,0.0814828408882364,0.200036703982382,0.00532207744540283,0.418058359331988,0.167370159662323,0.127729858689668
328273.411807,2732866.126422,0.0942600403447643,0.466165413533835,0,0.0911424903722722,0.0722538052448194,0.27617825050431
328773.411807,2732866.126422,0.0337181601612608,0.74326553051127,0,0.0274876305662452,0.0348176653839106,0.160711013377314
329273.411807,2732866.126422,0.0489998164800881,0.80069737566526,0,0.0214718296935217,0.0159662323362085,0.112864745824922
329773.411807,2732866.126422,0.0566660553823583,0.465982028241335,0.0139372822299652,0.208875848156978,0.0896754080322758,0.164863377957088
330273.411807,2732866.126422,0.0670698185816383,0.512002932013927,0.00274876305662452,0.0711013377313542,0.0787978742899029,0.268279274326553
330773.411807,2732866.126422,0.0466140576252523,0.729308129932098,0.000367039823820885,0.0196366305744173,0.0220223894292531,0.182051752615159
331273.411807,2732866.126422,0.0678525582248304,0.561709150926096,0.0188886851274528,0.0573995965523565,0.0577663671373556,0.236383642031909
331773.411807,2732866.126422,0.0183250870441635,0.795125526846252,0.0196078431372549,0.0053142752428074,0.0172255818215137,0.144401685908008
332273.411807,2732866.126422,0.0277115066984768,0.707652780326665,0.0192695907505964,0.0570746926041475,0.0475316571848046,0.140759772435309
332773.411807,2732866.126422,0.0607005318173482,0.65211810012837,0.0110031175499725,0.0181551439574546,0.0449293966623877,0.213093709884467
333273.411807,2732866.126422,0.0434304562946674,0.358072200842954,0.0219901044529962,0.0311526479750779,0.0738501007879787,0.471504489646326
333773.411807,2732866.126422,0.0212883097816113,0.156175445035786,0.202422462837218,0.0130299137456414,0.0411084602679391,0.565975408331804
334273.411807,2732866.126422,0.198789657069503,0.0363102879149092,0.353750229231616,0,0.000550155877498625,0.410599669906474
326273.411807,2732366.126422,0.0506422018348624,0.251559633027523,0.00036697247706422,0.00972477064220183,0.0273394495412844,0.660366972477064
326773.411807,2732366.126422,0.0427444505595304,0.55494404696386,0.000183452577508714,0.120344890845716,0.0873234268941479,0.194459732159237
327273.411807,2732366.126422,0.0765567765567766,0.511538461538461,0.00274725274725275,0.0945054945054945,0.078021978021978,0.236630036630037
327773.411807,2732366.126422,0.147155963302752,0.186605504587156,0.00825688073394495,0.297798165137615,0.141100917431193,0.219082568807339
328273.411807,2732366.126422,0.135388002201431,0.131902403228765,0.0288020546688681,0.432030820033021,0.168776371308017,0.103100348559897
328773.411807,2732366.126422,0.0399267399267399,0.571978021978022,0.0252747252747253,0.100549450549451,0.102014652014652,0.16025641025641
329273.411807,2732366.126422,0.0284403669724771,0.784587155963303,0.0110091743119266,0.0229357798165138,0.0447706422018349,0.108256880733945
329773.411807,2732366.126422,0.0537516052100532,0.581728123280132,0.00568702990277013,0.0759493670886076,0.0662263804806457,0.216657494037791
330273.411807,2732366.126422,0.0928571428571429,0.468131868131868,0.00677655677655678,0.106410256410256,0.0805860805860806,0.245238095238095
330773.411807,2732366.126422,0.063302752293578,0.577614678899083,0.00018348623853211,0.115779816513761,0.0788990825688073,0.164220183486239
331273.411807,2732366.126422,0.0665932856356632,0.45074298293891,0.00935608145294441,0.122913226930838,0.0818198495688864,0.268574573472757
331773.411807,2732366.126422,0.0415750915750916,0.719047619047619,0.000732600732600733,0.0322344322344322,0.0598901098901099,0.146520146520147
332273.411807,2732366.126422,0.10348623853211,0.551192660550459,0.00110091743119266,0.0612844036697248,0.0904587155963303,0.192477064220183
332773.411807,2732366.126422,0.0253164556962025,0.811961108053568,0.00165107319757843,0.0288020546688681,0.0299027701339204,0.102366538249862
333273.411807,2732366.126422,0.0457875457875458,0.417399267399267,0.0368131868131868,0.0595238095238095,0.0794871794871795,0.360989010989011
333773.411807,2732366.126422,0.0218348623853211,0.172660550458716,0.125688073394495,0.0972477064220184,0.118532110091743,0.464036697247706
334273.411807,2732366.126422,0.090442120711796,0.0702623371858375,0.32948082920565,0.0919097413318657,0.0541185103650706,0.36378646119978
326273.411807,2731866.126422,0.0820512820512821,0.307692307692308,0.00476190476190476,0.0278388278388278,0.0652014652014652,0.512454212454212
326773.411807,2731866.126422,0.0783882783882784,0.633882783882784,0.000732600732600733,0.052014652014652,0.0714285714285714,0.163553113553114
327273.411807,2731866.126422,0.0825082508250825,0.231939860652732,0.00311697836450312,0.395489548954895,0.134580124679135,0.152365236523652
327773.411807,2731866.126422,0.0956043956043956,0.277472527472527,0.017032967032967,0.339010989010989,0.118315018315018,0.152564102564103
328273.411807,2731866.126422,0.0608058608058608,0.215201465201465,0.0113553113553114,0.36978021978022,0.154212454212454,0.188644688644689
328773.411807,2731866.126422,0.0418041804180418,0.657132379904657,0.00128346167950128,0.136963696369637,0.0913091309130913,0.0715071507150715
329273.411807,2731866.126422,0.0485347985347985,0.611355311355311,0.010989010989011,0.0725274725274725,0.102747252747253,0.153846153846154
329773.411807,2731866.126422,0.0435897435897436,0.704395604395604,0.00366300366300366,0.0435897435897436,0.058974358974359,0.145787545787546
330273.411807,2731866.126422,0.0922258892555922,0.486065273193986,0.0232856618995233,0.0484048404840484,0.0881921525485882,0.261826182618262
330773.411807,2731866.126422,0.123992673992674,0.42032967032967,0.000732600732600733,0.121978021978022,0.0815018315018315,0.251465201465201
331273.411807,2731866.126422,0.113186813186813,0.467216117216117,0.00787545787545788,0.0241758241758242,0.0584249084249084,0.329120879120879
331773.411807,2731866.126422,0.0583058305830583,0.702053538687202,0.000733406674000733,0.0405207187385405,0.048954895489549,0.149431609827649
332273.411807,2731866.126422,0.0221611721611722,0.827106227106227,0.000183150183150183,0.0177655677655678,0.0137362637362637,0.119047619047619
332773.411807,2731866.126422,0.0501831501831502,0.555677655677656,0.0844322344322344,0.0148351648351648,0.0305860805860806,0.264285714285714
333273.411807,2731866.126422,0.0533553355335534,0.172350568390172,0.414558122478915,0.0346534653465347,0.0223689035570224,0.302713604693803
333773.411807,2731866.126422,0.0421245421245421,0.153113553113553,0.374358974358974,0.0798534798534798,0.0443223443223443,0.306227106227106
334273.411807,2731866.126422,0.0794871794871795,0.084981684981685,0.439010989010989,0.104029304029304,0.0527472527472527,0.23974358974359
326273.411807,2731366.126422,0.201871903101487,0.216553496054322,0.00238575885483575,0.204991741603964,0.129932097632593,0.244265002752799
326773.411807,2731366.126422,0.053181734824867,0.674307720520814,0.000183385292499542,0.0130203557674674,0.0614340729873464,0.197872730607005
327273.411807,2731366.126422,0.045629466739967,0.668865677111966,0,0.101520982224666,0.0357339197361187,0.148249954187282
327773.411807,2731366.126422,0.0526702147182969,0.345384474215452,0.00220223894292531,0.281886584694439,0.102037071022206,0.21581941640668
328273.411807,2731366.126422,0.0480469466348799,0.413167064001467,0.0284247203374289,0.122134604804695,0.0720704199523198,0.31615624426921
328773.411807,2731366.126422,0.0502107385010079,0.594282572842221,0.000183250870441635,0.0661535642294301,0.0661535642294301,0.223016309327469
329273.411807,2731366.126422,0.0631308496971921,0.389062213250138,0.00165167920719398,0.146632409616443,0.0915764360433107,0.307946412185722
329773.411807,2731366.126422,0.0678525582248304,0.547221712818632,0,0.057216211259857,0.0645516229598386,0.263157894736842
330273.411807,2731366.126422,0.10536925050394,0.211105002748763,0.0267546270844787,0.237859629833242,0.140553417628734,0.278358072200843
330773.411807,2731366.126422,0.131216737015966,0.18682327032483,0.0082583960359699,0.334923839236557,0.121857221508534,0.216920535878143
331273.411807,2731366.126422,0.050797726022373,0.524481936548689,0.000366770584999083,0.147441775169631,0.108747478452228,0.16816431322208
331773.411807,2731366.126422,0.0754993586219534,0.598863844603262,0.0547920102620487,0.0914421843503757,0.0379329301814184,0.141469671980942
332273.411807,2731366.126422,0.030280785465223,0.761791154340246,0,0.0350523031748945,0.0600110111947146,0.112864745824922
332773.411807,2731366.126422,0.0163212910324592,0.461764166513846,0.224646983311938,0.00605171465248487,0.00861910874747845,0.282596735741794
333273.411807,2731366.126422,0.272494044346711,0.0586402785413231,0.169690306028954,0.0553417628733736,0.0676195711929632,0.376214037016676
333773.411807,2731366.126422,0.0273444668746559,0.191961827858323,0.327216002936319,0.0750596439713709,0.0956138741053404,0.282804184253992
334273.411807,2731366.126422,0.205208142306987,0.0852741610122868,0.276911791674308,0.090408949202274,0.116449660737209,0.225747295066936
326273.411807,2730866.126422,0.362935779816514,0.055045871559633,0.0746788990825688,0.00293577981651376,0.0238532110091743,0.480550458715596
326773.411807,2730866.126422,0.123280132085856,0.208952485782425,0.011557512383049,0.397541735461383,0.131352045496239,0.127316088791048
327273.411807,2730866.126422,0.163553113553114,0.188644688644689,0.00421245421245421,0.365201465201465,0.110805860805861,0.167582417582418
327773.411807,2730866.126422,0.134678899082569,0.0535779816513761,0.00220183486238532,0.573211009174312,0.105688073394495,0.130642201834862
328273.411807,2730866.126422,0.249312052834342,0.0667767382131719,0.170427444505595,0.0952118877270226,0.0959456980370574,0.32232617868281
328773.411807,2730866.126422,0.0553113553113553,0.246703296703297,0.0111721611721612,0.383516483516484,0.122710622710623,0.180586080586081
329273.411807,2730866.126422,0.0464220183486239,0.341284403669725,0.00972477064220183,0.303669724770642,0.133761467889908,0.165137614678899
329773.411807,2730866.126422,0.0794349660612732,0.365437534397358,0.0066042927903137,0.190423775454045,0.105485232067511,0.252614199229499
330273.411807,2730866.126422,0.0798534798534798,0.662637362637363,0.0338827838827839,0.0379120879120879,0.043040293040293,0.142673992673993
330773.411807,2730866.126422,0.0640366972477064,0.446422018348624,0.0018348623853211,0.240917431192661,0.0873394495412844,0.159449541284404
331273.411807,2730866.126422,0.0521005320124748,0.674922032654559,0.000366905155017428,0.062190423775454,0.0889745000917263,0.121445606310769
331773.411807,2730866.126422,0.0692307692307692,0.581684981684982,0,0.0315018315018315,0.0857142857142857,0.231868131868132
332273.411807,2730866.126422,0.0299082568807339,0.690825688073395,0.00128440366972477,0.0227522935779817,0.0636697247706422,0.191559633027523
332773.411807,2730866.126422,0.030820033021464,0.623738763529628,0.000550357732526142,0.0363236103467254,0.0535681526325445,0.254999082737112
333273.411807,2730866.126422,0.105494505494505,0.145054945054945,0.348351648351648,0.0576923076923077,0.0527472527472527,0.290659340659341
333773.411807,2730866.126422,0.0359633027522936,0.157798165137615,0.248990825688073,0.14697247706422,0.115045871559633,0.295229357798165
334273.411807,2730866.126422,0.157035406347459,0.12548156301596,0.251146578609429,0.148596587782058,0.081452944413869,0.236286919831224
326273.411807,2730366.126422,0.238461538461538,0.1996336996337,0.00421245421245421,0.0836996336996337,0.121978021978022,0.352014652014652
326773.411807,2730366.126422,0.0432234432234432,0.054029304029304,0.00714285714285714,0.755677655677656,0.0968864468864469,0.043040293040293
327273.411807,2730366.126422,0.0674734140080675,0.0401540154015402,0.0099009900990099,0.742757609094243,0.0799413274660799,0.0597726439310598
327773.411807,2730366.126422,0.0804029304029304,0.0227106227106227,0.00695970695970696,0.757875457875458,0.0928571428571429,0.0391941391941392
328273.411807,2730366.126422,0.0723443223443224,0.0426739926739927,0.00494505494505494,0.692124542124542,0.126190476190476,0.0617216117216117
328773.411807,2730366.126422,0.0671067106710671,0.211587825449212,0.0119178584525119,0.348551521818849,0.178217821782178,0.182618261826183
329273.411807,2730366.126422,0.0331501831501832,0.638644688644689,0.017032967032967,0.0375457875457875,0.0816849816849817,0.191941391941392
329773.411807,2730366.126422,0.023992673992674,0.74010989010989,0.000549450549450549,0.0141025641025641,0.067032967032967,0.154212454212454
330273.411807,2730366.126422,0.0707737440410708,0.443894389438944,0.0427209387605427,0.0852585258525853,0.107444077741107,0.24990832416575
330773.411807,2730366.126422,0.0688644688644689,0.496703296703297,0.0010989010989011,0.0754578754578755,0.0880952380952381,0.26978021978022
331273.411807,2730366.126422,0.0291208791208791,0.791025641025641,0.000732600732600733,0.0326007326007326,0.0428571428571429,0.103663003663004
331773.411807,2730366.126422,0.0425375870920425,0.732856618995233,0.0033003300330033,0.035020168683535,0.037037037037037,0.149248258159149
332273.411807,2730366.126422,0.0840659340659341,0.313919413919414,0.00879120879120879,0.0750915750915751,0.14981684981685,0.368315018315018
332773.411807,2730366.126422,0.0494505494505494,0.652747252747253,0.00402930402930403,0.00842490842490842,0.0210622710622711,0.264285714285714
333273.411807,2730366.126422,0.0817748441510818,0.168866886688669,0.38962229556289,0.0401540154015402,0.0326365969930326,0.286945361202787
333773.411807,2730366.126422,0.0639194139194139,0.172527472527473,0.158974358974359,0.177472527472527,0.19029304029304,0.236813186813187
334273.411807,2730366.126422,0.282234432234432,0.0772893772893773,0.080952380952381,0.105494505494505,0.111355311355311,0.342673992673993
326273.411807,2729866.126422,0.150119287942742,0.340796476417691,0.0047715177096715,0.055606533308864,0.0822169205358781,0.366489264085153
326773.411807,2729866.126422,0.137722354667156,0.0592334494773519,0.00733541169998166,0.519530533651201,0.156427654502109,0.119750596002201
327273.411807,2729866.126422,0.074216602528862,0.0417811984606927,0.0089792926516401,0.667216419277992,0.136888400219901,0.0709180868609126
327773.411807,2729866.126422,0.0357863828225362,0.0165167920719398,0.0082583960359699,0.846026793907139,0.0598274912828042,0.0335841438796109
328273.411807,2729866.126422,0.0590500641848524,0.0729873464148175,0.00623509994498441,0.677975426370805,0.112415184302219,0.0713368787823217
328773.411807,2729866.126422,0.127725856697819,0.141652922851384,0.00494777350192413,0.367051493494594,0.160527762506872,0.198094190947407
329273.411807,2729866.126422,0.0592769315470729,0.483024408148284,0.00183519911910442,0.19086070838686,0.101670031198385,0.163332721600294
329773.411807,2729866.126422,0.0539152759948652,0.553456812763616,0.0190720704199523,0.057216211259857,0.0918760315422703,0.224463598019439
330273.411807,2729866.126422,0.0520432472054242,0.578156496243357,0.0514934945940993,0.0714678394722375,0.0734835990470955,0.173355323437786
330773.411807,2729866.126422,0.0616626904019086,0.519911910442283,0.0181684712791338,0.101486511286475,0.104239309965131,0.194531106625069
331273.411807,2729866.126422,0.050797726022373,0.69613057032826,0.000550155877498625,0.046396479002384,0.0651017788373372,0.141023289932147
331773.411807,2729866.126422,0.0751328568810702,0.532160527762507,0.00751328568810702,0.100421477002016,0.102803738317757,0.181968114348543
332273.411807,2729866.126422,0.143512571113966,0.354927509634795,0.0339511837034318,0.0723068452927143,0.0778124426500275,0.317489447605065
332773.411807,2729866.126422,0.110031175499725,0.0849073904272877,0.406931964056483,0.0403447643498991,0.0740876581698148,0.283697047496791
333273.411807,2729866.126422,0.0850284038849184,0.245922668132674,0.292285138354407,0.0186915887850467,0.0384826827927433,0.319589518050211
333773.411807,2729866.126422,0.0721233253808038,0.122591301156175,0.0200036703982382,0.111763626353459,0.142411451642503,0.53110662506882
334273.411807,2729866.126422,0.377223546671557,0.0625343847423437,0.00110031175499725,0.052814964239868,0.110214560792224,0.39611223179901
334773.411807,2729866.126422,0.301630932746931,0.0126443100604728,0.385193329668316,0.117647058823529,0.00348176653839106,0.17940260216236
326273.411807,2729366.126422,0.187339449541284,0.0910091743119266,0.00036697247706422,0.289724770642202,0.169174311926606,0.262385321100917
326773.411807,2729366.126422,0.115024766097964,0.209502843514951,0.00348559897266557,0.30673270959457,0.127499541368556,0.237754540451293
327273.411807,2729366.126422,0.0941391941391941,0.19047619047619,0.00238095238095238,0.265201465201465,0.162271062271062,0.285531135531136
327773.411807,2729366.126422,0.0444036697247706,0.0440366972477064,0.00293577981651376,0.73651376146789,0.136697247706422,0.0354128440366972
328273.411807,2729366.126422,0.0730141258484682,0.0829205650339387,0.00385250412768299,0.624105668684645,0.0768666299761512,0.139240506329114
328773.411807,2729366.126422,0.0646520146520147,0.400549450549451,0.0106227106227106,0.264468864468864,0.093040293040293,0.166666666666667
329273.411807,2729366.126422,0.0926605504587156,0.407155963302752,0.00165137614678899,0.12,0.0952293577981651,0.283302752293578
329773.411807,2729366.126422,0.0607228031553843,0.634195560447624,0.000366905155017428,0.0434782608695652,0.0862227114290956,0.175013758943313
330273.411807,2729366.126422,0.0241758241758242,0.813186813186813,0.000183150183150183,0.0256410256410256,0.0404761904761905,0.0963369963369963
330773.411807,2729366.126422,0.0478899082568807,0.631376146788991,0.0247706422018349,0.0488073394495413,0.0504587155963303,0.196697247706422
331273.411807,2729366.126422,0.0484314804623005,0.579343239772519,0.00201797835259585,0.0322876536415337,0.0500825536598789,0.287837094111172
331773.411807,2729366.126422,0.0448717948717949,0.318498168498168,0.00274725274725275,0.0137362637362637,0.05,0.57014652014652
