"x","y","forest","agri","water","built","other","grass"
273773.411807,2778366.126422,0.0571428571428571,0.041025641025641,0.0721611721611722,0.162271062271062,0.0241758241758242,0.643223443223443
274273.411807,2778366.126422,0.0545787545787546,0.0294871794871795,0.0106227106227106,0.199267399267399,0.188644688644689,0.517399267399267
274773.411807,2778366.126422,0.0524385771910524,0.113494682801613,0.0837917125045838,0.249358269160249,0.1001100110011,0.400806747341401
271773.411807,2777866.126422,0.05717427157779,0.0346344145134689,0.175737584753528,0.313725490196078,0.0452629649990837,0.373465273960051
272273.411807,2777866.126422,0.0209212699577904,0.0524866948063865,0.0645990089924757,0.195265186272711,0.0346852633510736,0.632042576619563
272773.411807,2777866.126422,0.0913258756647717,0.0335595085274161,0,0.0841738492572896,0.0381441408399046,0.752796625710618
273273.411807,2777866.126422,0.034084661902144,0.0240058640278541,0.000916254352208173,0.216602528862012,0.137804654572109,0.586586036283672
273773.411807,2777866.126422,0.0247751881079097,0.0478986970086254,0,0.0785465222976693,0.0846026793907139,0.764176913195082
274273.411807,2777866.126422,0.0735375022923162,0.0874747845222813,0.000916926462497708,0.218778653951953,0.213643865761966,0.405648267008986
274773.411807,2777866.126422,0.0359171706065604,0.135422393256368,0.0535092541689573,0.169140553417629,0.125710097122961,0.480300531427524
270773.411807,2777366.126422,0,0.0827522935779817,0.28256880733945,0.264403669724771,0.0877064220183486,0.28256880733945
271273.411807,2777366.126422,0.0346725371491469,0.0266006237387635,0.00275178866263071,0.113924050632911,0.127499541368556,0.694551458447991
271773.411807,2777366.126422,0.0201465201465201,0.08003663003663,0.00238095238095238,0.247252747252747,0.18003663003663,0.47014652014652
272273.411807,2777366.126422,0.0126605504587156,0.0959633027522936,0,0.0577981651376147,0.0502752293577982,0.783302752293578
272773.411807,2777366.126422,0.0299027701339204,0.115024766097964,0,0.019262520638415,0.0543019629425793,0.781507980187122
273273.411807,2777366.126422,0.0415750915750916,0.0362637362637363,0,0.013003663003663,0.0516483516483516,0.857509157509157
273773.411807,2777366.126422,0.0370642201834862,0.0177981651376147,0,0.0176146788990826,0.0506422018348624,0.876880733944954
274273.411807,2777366.126422,0.0798018712162906,0.00752155567785727,0.000183452577508714,0.167125298110438,0.136672170243992,0.608695652173913
274773.411807,2777366.126422,0.0716117216117216,0.0271062271062271,0,0.212637362637363,0.190659340659341,0.497985347985348
270273.411807,2776866.126422,0.0286028602860286,0.131279794646131,0.0264026402640264,0.0441877521085442,0.0485881921525486,0.720938760542721
270773.411807,2776866.126422,0.00750915750915751,0.206776556776557,0.0543956043956044,0.13974358974359,0.0710622710622711,0.520512820512821
271273.411807,2776866.126422,0.0639194139194139,0.224542124542125,0.0141025641025641,0.154578754578755,0.136080586080586,0.406776556776557
271773.411807,2776866.126422,0.229372937293729,0.102126879354602,0.0022002200220022,0.0931426475980931,0.148148148148148,0.425009167583425
272273.411807,2776866.126422,0.0186813186813187,0.160805860805861,0.0142857142857143,0.0532967032967033,0.0514652014652015,0.701465201465201
272773.411807,2776866.126422,0.138461538461538,0.0741758241758242,0,0.0188644688644689,0.0584249084249084,0.71007326007326
273273.411807,2776866.126422,0.0641730839750642,0.0187018701870187,0,0.0225522552255226,0.088008800880088,0.806563989732307
273773.411807,2776866.126422,0.16025641025641,0.0124542124542125,0,0.123626373626374,0.132234432234432,0.571428571428571
274273.411807,2776866.126422,0.0661172161172161,0.00989010989010989,0.000732600732600733,0.404945054945055,0.128388278388278,0.38992673992674
274773.411807,2776866.126422,0.0102676934360103,0.0227356068940227,0.000733406674000733,0.703337000366703,0.0716905023835717,0.191235790245691
269273.411807,2776366.126422,0.109561387410534,0.0345017434391632,0.362818865846944,0.18260231235089,0.0664342081115801,0.244081482840888
269773.411807,2776366.126422,0.202640748211993,0.0858243168897854,0.0328259673574179,0.123234916559692,0.118833669539703,0.436640381441408
270273.411807,2776366.126422,0.0428807036833425,0.361553967381345,0,0.137987905442551,0.0839288986622686,0.373648524830493
270773.411807,2776366.126422,0.0601945311066251,0.131216737015966,0.0144980730409249,0.202789502661039,0.121673701596623,0.469627454578822
271273.411807,2776366.126422,0.000550155877498625,0.0229231615624427,0.000366770584999083,0.352283146891619,0.270126535851825,0.353750229231616
271773.411807,2776366.126422,0.0207073483599047,0.0227231079347627,0.000549752611324904,0.286054608759392,0.296683159245006,0.37328202308961
272273.411807,2776366.126422,0.114699944944026,0.102954670581758,0,0.0519361350706552,0.10790970820334,0.62249954120022
272773.411807,2776366.126422,0.0764716669723088,0.0126535851824684,0.145791307537136,0.0394278378874014,0.0973775903172566,0.628278012103429
273273.411807,2776366.126422,0.0382994319223016,0.0329851566794942,0.356056441268096,0.0152098222466557,0.0337181601612608,0.523730987722192
273773.411807,2776366.126422,0.146448889704533,0.0124793540099101,0,0.292163699761424,0.10772618829143,0.441181868232703
274273.411807,2776366.126422,0,0.00403447643498991,0.00293416467999266,0.455345681276362,0.0482303319273794,0.489455345681276
274773.411807,2776366.126422,0.00164925783397471,0.00494777350192413,0,0.253252702950339,0.0780648708081363,0.662085394905626
268273.411807,2775866.126422,0.0975967712346359,0.0337552742616034,0.390020179783526,0.173729590900752,0.0232984773436067,0.281599706475876
268773.411807,2775866.126422,0.128388278388278,0.0714285714285714,0.0380952380952381,0.0391941391941392,0.0736263736263736,0.649267399267399
269273.411807,2775866.126422,0.0768807339449541,0.277798165137615,0,0.12348623853211,0.0671559633027523,0.454678899082569
269773.411807,2775866.126422,0.0691616217207852,0.230232984773436,0.016694184553293,0.0465969546872134,0.0524674371674922,0.58484681709778
270273.411807,2775866.126422,0.0836996336996337,0.212454212454212,0,0.0956043956043956,0.0866300366300366,0.521611721611722
270773.411807,2775866.126422,0.0411009174311927,0.254311926605505,0.0234862385321101,0.236146788990826,0.0869724770642202,0.357981651376147
271273.411807,2775866.126422,0.0704457897633462,0.159236837277564,0.000366905155017428,0.204182718767199,0.21537332599523,0.350394423041644
271773.411807,2775866.126422,0.116300366300366,0.078021978021978,0,0.0580586080586081,0.115384615384615,0.632234432234432
272273.411807,2775866.126422,0.0572477064220183,0.0445871559633028,0.184220183486239,0.0073394495412844,0.0420183486238532,0.664587155963303
272773.411807,2775866.126422,0.0436617134470739,0.0337552742616034,0.23115024766098,0.0357732526141992,0.0451293340671436,0.610530177949
273273.411807,2775866.126422,0.0926739926739927,0.0278388278388278,0,0.164652014652015,0.15970695970696,0.555128205128205
273773.411807,2775866.126422,0.00403669724770642,0.0451376146788991,0.011743119266055,0.228073394495413,0.0565137614678899,0.654495412844037
274273.411807,2775866.126422,0,0.00898917629792699,0.0396257567418822,0.480829205650339,0.0394423041643735,0.431113557145478
274773.411807,2775866.126422,0.00164835164835165,0.00201465201465201,0,0.956776556776557,0.0391941391941392,0.000366300366300366
267773.411807,2775366.126422,0.175457875457875,0.0602564102564103,0.173260073260073,0.155860805860806,0.0787545787545788,0.356410256410256
268273.411807,2775366.126422,0.274908424908425,0.268498168498168,0,0.0641025641025641,0.0584249084249084,0.334065934065934
268773.411807,2775366.126422,0.0346534653465347,0.241657499083242,0,0.270810414374771,0.0740740740740741,0.378804547121379
269273.411807,2775366.126422,0.0597069597069597,0.133882783882784,0.00805860805860806,0.151831501831502,0.207875457875458,0.438644688644689
269773.411807,2775366.126422,0.0893772893772894,0.285531135531136,0.00494505494505494,0.104761904761905,0.129304029304029,0.386080586080586
270273.411807,2775366.126422,0.0427209387605427,0.210854418775211,0,0.0555555555555556,0.0799413274660799,0.610927759442611
270773.411807,2775366.126422,0.0419413919413919,0.225641025641026,0,0.134065934065934,0.118498168498168,0.47985347985348
271273.411807,2775366.126422,0.0772893772893773,0.263003663003663,0,0.0822344322344322,0.124175824175824,0.453296703296703
271773.411807,2775366.126422,0.115328199486615,0.00311697836450312,0,0.00348368170150348,0.0271360469380271,0.850935093509351
272273.411807,2775366.126422,0.0875457875457875,0.0183150183150183,0.00989010989010989,0.0347985347985348,0.0611721611721612,0.788278388278388
272773.411807,2775366.126422,0.0382783882783883,0.121611721611722,0,0.162087912087912,0.158608058608059,0.519413919413919
273273.411807,2775366.126422,0,0.0414374770810414,0.0610561056105611,0.345617895122846,0.048038137147048,0.503850385038504
273773.411807,2775366.126422,0,0.0137362637362637,0.0472527472527473,0.53040293040293,0.065018315018315,0.343589743589744
274273.411807,2775366.126422,0.0205128205128205,0.0173992673992674,0.000183150183150183,0.743406593406593,0.123626373626374,0.0948717948717949
274773.411807,2775366.126422,0.107627429409608,0.0280528052805281,0.00476714338100477,0.549321598826549,0.16024935826916,0.14998166483315
266273.411807,2774866.126422,0.0176179115434025,0.0216553496054322,0.248669480638649,0.330886401174527,0.051018535511103,0.330152321526886
266773.411807,2774866.126422,0.219328809829452,0.0344764349899138,0.0350265908674124,0.123234916559692,0.0786722904823033,0.509260957271227
267273.411807,2774866.126422,0.142569177203592,0.0289536375297783,0.0221733553234378,0.131390874106652,0.0740333516584204,0.60087960417812
267773.411807,2774866.126422,0.0473481372728941,0.163699761424115,0.0657001284639383,0.327032483024408,0.0622132501376399,0.334006239677005
268273.411807,2774866.126422,0.0535485054098661,0.275077938749312,0,0.206308454061984,0.0821566110397946,0.382908490739043
268773.411807,2774866.126422,0.091258933479934,0.156312992486714,0.0469122228330585,0.220267546270845,0.163093274693055,0.322155030236394
269273.411807,2774866.126422,0.10387227014131,0.0537713341897596,0.0165167920719398,0.418608919067719,0.174527436226831,0.232703248302441
269773.411807,2774866.126422,0.0341096644049147,0.276361635796809,0.00880249403997799,0.141940216394645,0.0938932697597653,0.444892719603888
270273.411807,2774866.126422,0.0513102437236577,0.399670148433205,0,0.0544255085211655,0.07623236210372,0.418361737218252
270773.411807,2774866.126422,0.0508350155991925,0.0926775555147734,0.000917599559552211,0.0238575885483575,0.0702881262616994,0.761424114516425
271273.411807,2774866.126422,0.048413717219879,0.180817898404548,0.263341280029342,0.0520814230698698,0.0629011553273428,0.392444525949019
271773.411807,2774866.126422,0.124793842770753,0.0329851566794942,0.0273043796958036,0.0734835990470955,0.0971229613340663,0.644310060472787
272273.411807,2774866.126422,0.0792806019453111,0.188107909708203,0,0.113415305560653,0.169755918517159,0.449440264268673
272773.411807,2774866.126422,0,0.048413717219879,0.0632679259123418,0.241885200806895,0.0621676141573446,0.584265541903539
273273.411807,2774866.126422,0,0.0126443100604728,0.0404984423676012,0.663551401869159,0.0492944841487997,0.234011361553967
273773.411807,2774866.126422,0.00238575885483575,0.00679023674068636,0,0.869150302807855,0.108093228115251,0.0135804734813727
274273.411807,2774866.126422,0.00403447643498991,0.0133871263524665,0.000366770584999083,0.855125618925362,0.0783055198973042,0.0487804878048781
274773.411807,2774866.126422,0.000366501740883269,0.0159428257284222,0,0.682059739783764,0.0467289719626168,0.254901960784314
263773.411807,2774366.126422,0,0.00880572372041827,0.568152632544487,0.406164006604293,0.00623738763529628,0.0106402494955054
264273.411807,2774366.126422,0,0.0293040293040293,0.424908424908425,0.4,0.0340659340659341,0.111721611721612
264773.411807,2774366.126422,0.00348623853211009,0.0192660550458716,0.280366972477064,0.262018348623853,0.0420183486238532,0.392844036697248
265273.411807,2774366.126422,0.0390753990093561,0.0612731608879105,0.0704457897633462,0.28104934874335,0.0985140341221794,0.449642267473858
265773.411807,2774366.126422,0.126556776556777,0.0375457875457875,0,0.1,0.0840659340659341,0.651831501831502
266273.411807,2774366.126422,0.0719266055045872,0.10697247706422,0.00110091743119266,0.262752293577982,0.107339449541284,0.449908256880734
266773.411807,2774366.126422,0.133003118693818,0.22252797651807,0,0.0915428361768483,0.0526508897450009,0.500275178866263
267273.411807,2774366.126422,0.107142857142857,0.0880952380952381,0.00567765567765568,0.0778388278388278,0.111538461538462,0.60970695970696
267773.411807,2774366.126422,0.031743119266055,0.053394495412844,0.0227522935779817,0.586788990825688,0.141100917431193,0.164220183486239
268273.411807,2774366.126422,0.109521188772702,0.0733810310034856,0.00091726288754357,0.383599339570721,0.102916895982389,0.329664281783159
268773.411807,2774366.126422,0.015018315018315,0.0131868131868132,0.00714285714285714,0.89010989010989,0.0602564102564103,0.0142857142857143
269273.411807,2774366.126422,0.064954128440367,0.0267889908256881,0.00036697247706422,0.675412844036697,0.133761467889908,0.0987155963302752
269773.411807,2774366.126422,0.101816180517336,0.0735644835809943,0.00476976701522656,0.120528343423225,0.14125848468171,0.558062740781508
270273.411807,2774366.126422,0.0344322344322344,0.229487179487179,0.216666666666667,0.0276556776556777,0.0384615384615385,0.453296703296703
270773.411807,2774366.126422,0.0614678899082569,0.0957798165137615,0,0.058348623853211,0.135412844036697,0.648990825688073
271273.411807,2774366.126422,0.121078701155751,0.161071363052651,0.000550357732526142,0.0944780774169877,0.133370023848835,0.489451476793249
271773.411807,2774366.126422,0.0304029304029304,0.0613553113553114,0,0.0175824175824176,0.10989010989011,0.780769230769231
272273.411807,2774366.126422,0,0.0311926605504587,0.0611009174311927,0.224954128440367,0.0638532110091743,0.618899082568807
272773.411807,2774366.126422,0,0.0266006237387635,0,0.610897083104018,0.080168776371308,0.282333516785911
273273.411807,2774366.126422,0.0472527472527473,0.0113553113553114,0,0.781684981684982,0.153113553113553,0.00659340659340659
273773.411807,2774366.126422,0.0271559633027523,0.0126605504587156,0,0.816880733944954,0.0965137614678899,0.0467889908256881
274273.411807,2774366.126422,0,0.0066042927903137,0.0249495505411851,0.754356998715832,0.0326545587965511,0.181434599156118
274773.411807,2774366.126422,0.0135531135531136,0.026007326007326,0.0736263736263736,0.149267399267399,0.0868131868131868,0.650732600732601
262773.411807,2773866.126422,0.00240770465489567,0.0333065810593901,0.195826645264847,0.225922953451043,0.021669341894061,0.520866773675762
263273.411807,2773866.126422,0.017032967032967,0.0362637362637363,0.000366300366300366,0.195054945054945,0.0901098901098901,0.661172161172161
263773.411807,2773866.126422,0.0580586080586081,0.0357142857142857,0.0186813186813187,0.102197802197802,0.0624542124542125,0.722893772893773
264273.411807,2773866.126422,0.0317198386505317,0.0924092409240924,0.0526219288595526,0.18995232856619,0.0740740740740741,0.559222588925559
264773.411807,2773866.126422,0.0344322344322344,0.0595238095238095,0,0.378571428571429,0.151648351648352,0.375824175824176
265273.411807,2773866.126422,0.121794871794872,0.0432234432234432,0.0250915750915751,0.0272893772893773,0.101465201465201,0.681135531135531
265773.411807,2773866.126422,0.18041804180418,0.201686835350202,0,0.0443711037770444,0.0476714338100477,0.525852585258526
266273.411807,2773866.126422,0.15952380952381,0.0976190476190476,0,0.0368131868131868,0.0694139194139194,0.636630036630037
266773.411807,2773866.126422,0.0624542124542125,0.286996336996337,0,0.0144688644688645,0.0254578754578755,0.610622710622711
267273.411807,2773866.126422,0.063989732306564,0.109094242757609,0.00696736340300697,0.106160616061606,0.068023469013568,0.645764576457646
267773.411807,2773866.126422,0.0503663003663004,0.043956043956044,0.00824175824175824,0.687728937728938,0.135531135531136,0.0741758241758242
268273.411807,2773866.126422,0.0467032967032967,0.135347985347985,0.00457875457875458,0.431684981684982,0.0978021978021978,0.283882783882784
268773.411807,2773866.126422,0.108177484415108,0.475064173083975,0.0022002200220022,0.0777411074440777,0.0317198386505317,0.305097176384305
269273.411807,2773866.126422,0.0580586080586081,0.0452380952380952,0.0675824175824176,0.643223443223443,0.0880952380952381,0.0978021978021978
269773.411807,2773866.126422,0.221428571428571,0.0269230769230769,0.13992673992674,0.284798534798535,0.212820512820513,0.114102564102564
270273.411807,2773866.126422,0.0872753942060873,0.0903923725705904,0.0225522552255226,0.112761276127613,0.124679134580125,0.562339567290062
270773.411807,2773866.126422,0.0485347985347985,0.136813186813187,0.000366300366300366,0.156593406593407,0.14047619047619,0.517216117216117
271273.411807,2773866.126422,0.00897435897435897,0.163736263736264,0.00238095238095238,0.0335164835164835,0.0769230769230769,0.714468864468864
271773.411807,2773866.126422,0,0.00531719838650532,0.0119178584525119,0.222222222222222,0.0452878621195453,0.715254858819215
272273.411807,2773866.126422,0.000915750915750916,0.00641025641025641,0.0166666666666667,0.696153846153846,0.086996336996337,0.192857142857143
272773.411807,2773866.126422,0.00714285714285714,0.0108058608058608,0,0.944871794871795,0.0366300366300366,0.000549450549450549
273273.411807,2773866.126422,0.000366703337000367,0.0467546754675468,0,0.889072240557389,0.0513384671800513,0.0124679134580125
273773.411807,2773866.126422,0,0.00274725274725275,0.0639194139194139,0.718131868131868,0.0423076923076923,0.172893772893773
274273.411807,2773866.126422,0.0179487179487179,0.0628205128205128,0.0902930402930403,0.0565934065934066,0.0835164835164835,0.688827838827839
274773.411807,2773866.126422,0.116244957829116,0.253392005867253,0,0.0405207187385405,0.0429042904290429,0.546938027136047
262773.411807,2773366.126422,0.127006420545746,0.0872792937399679,0.000200642054574639,0.552367576243981,0.0678170144462279,0.165329052969502
263273.411807,2773366.126422,0.0761607634428336,0.234354927509635,0.00568911726922371,0.187740869884382,0.119287942741787,0.376766379152138
263773.411807,2773366.126422,0.137355584082157,0.0370438290849074,0,0.327159361819182,0.0918760315422703,0.406565193471484
264273.411807,2773366.126422,0.116364302730438,0.0161260765988638,0.0307861462341946,0.482499541872824,0.0557082646142569,0.298515667949423
264773.411807,2773366.126422,0.449073224444852,0.0361534226463571,0,0.0122958340979996,0.0453294182418792,0.457148100568912
265273.411807,2773366.126422,0.210709701081973,0.0592334494773519,0,0.0106363469649734,0.0584999083073537,0.660920594168348
265773.411807,2773366.126422,0.18270111783031,0.0342679127725857,0,0.0353674179952355,0.0954737035000916,0.652189847901778
266273.411807,2773366.126422,0.0957973940172509,0.14534777023307,0,0.0227564690768948,0.0466140576252523,0.689484309047532
266773.411807,2773366.126422,0.102145607922245,0.302769117916743,0.0542820465798643,0.00458463231248854,0.0188886851274528,0.517329910141207
267273.411807,2773366.126422,0.12332783580722,0.137621403701668,0.0159428257284222,0.00384826827927433,0.0311526479750779,0.688107018508338
267773.411807,2773366.126422,0.0612956505780877,0.026977427050835,0.000183519911910442,0.349421912277482,0.132317856487429,0.429803633694256
268273.411807,2773366.126422,0.0786722904823033,0.218595268659454,0.0022006235099945,0.332477535301669,0.138272510544654,0.229781771501926
268773.411807,2773366.126422,0.0437969580355507,0.357705699102071,0.000183250870441635,0.249037932930181,0.0828293934396188,0.266446765622137
269273.411807,2773366.126422,0.105707469260415,0.150853367590384,0.0433106992108644,0.373095980913929,0.118370343182235,0.208662139842173
269773.411807,2773366.126422,0.0748211993398129,0.0390610673024023,0.0163212910324592,0.36787089675408,0.114432422519714,0.387493123051531
270273.411807,2773366.126422,0.0824628916987356,0.0417811984606927,0.000183250870441635,0.436320322521532,0.158512002932014,0.280740333516584
270773.411807,2773366.126422,0.118186823270325,0.0554230133969536,0.0258763075793724,0.213066617728023,0.158377683978712,0.429069554046614
271273.411807,2773366.126422,0,0.0315422703099211,0.00495140289748762,0.0685860993948285,0.0594168347698515,0.835503392627911
271773.411807,2773366.126422,0.0194245922668133,0.186732636980026,0.00329851566794942,0.275609309144218,0.118563313175738,0.396371632765256
272273.411807,2773366.126422,0.0941457148100569,0.0557900532207745,0.00532207744540283,0.626904019086071,0.127179298953937,0.0906588364837585
272773.411807,2773366.126422,0.0144874381074638,0.0234733174399413,0,0.807628828167981,0.0753713552173116,0.0790390610673024
273273.411807,2773366.126422,0,0.0089792926516401,0.0734835990470955,0.419827744181785,0.0689023272860546,0.428807036833425
273773.411807,2773366.126422,0.0486327766562672,0.0734079647641769,0.130299137456414,0.0869884382455496,0.11194714626537,0.548724536612222
274273.411807,2773366.126422,0.044379240784889,0.220612506876948,0.000550155877498625,0.0794058316523015,0.102145607922245,0.552906656886118
274773.411807,2773366.126422,0.0705515851200293,0.451163643027304,0,0.0333516584203775,0.0412314458493678,0.403701667582921
262773.411807,2772866.126422,0.0912555154432411,0.0573606097071801,0.00381066987565182,0.520457280385078,0.212795828319294,0.114320096269555
263273.411807,2772866.126422,0.314128440366972,0.0253211009174312,0,0.187339449541284,0.140183486238532,0.33302752293578
263773.411807,2772866.126422,0.36085121995964,0.0278847917813245,0,0.152265639332233,0.0719134103834159,0.387084938543387
264273.411807,2772866.126422,0.432600732600733,0.0102564102564103,0.013003663003663,0.255494505494505,0.0221611721611722,0.266483516483516
264773.411807,2772866.126422,0.386605504587156,0.0678899082568807,0.00073394495412844,0.00293577981651376,0.00770642201834862,0.534128440366972
265273.411807,2772866.126422,0.27389469822051,0.0365070629242341,0.00165107319757843,0.00165107319757843,0.00935608145294441,0.676940011007155
265773.411807,2772866.126422,0.19981684981685,0.028021978021978,0.0895604395604396,0.0271062271062271,0.0653846153846154,0.59010989010989
266273.411807,2772866.126422,0.109174311926606,0.0708256880733945,0.0311926605504587,0.0341284403669725,0.0699082568807339,0.684770642201835
266773.411807,2772866.126422,0.154283617684828,0.0616400660429279,0,0.0300862227114291,0.071179600073381,0.682810493487434
267273.411807,2772866.126422,0.122161172161172,0.123443223443223,0,0.0399267399267399,0.0906593406593407,0.623809523809524
267773.411807,2772866.126422,0.119449541284404,0.116880733944954,0.00770642201834862,0.234311926605505,0.13045871559633,0.391192660550459
268273.411807,2772866.126422,0.0427444505595304,0.0168776371308017,0,0.442854522106036,0.108970831040176,0.388552559163456
268773.411807,2772866.126422,0.0512820512820513,0.0148351648351648,0.00274725274725275,0.485714285714286,0.0917582417582418,0.353663003663004
269273.411807,2772866.126422,0.0667889908256881,0.124770642201835,0.195596330275229,0.25743119266055,0.0998165137614679,0.255596330275229
269773.411807,2772866.126422,0.0335718216840947,0.0337552742616034,0.0078884608328747,0.769216657494038,0.111539167125298,0.0440286186020914
270273.411807,2772866.126422,0.0338827838827839,0.0173992673992674,0,0.678388278388278,0.138278388278388,0.132051282051282
270773.411807,2772866.126422,0.0570642201834862,0.109174311926606,0.00018348623853211,0.27302752293578,0.173761467889908,0.386788990825688
271273.411807,2772866.126422,0.0794349660612732,0.0656760227481196,0.0066042927903137,0.182168409466153,0.0823702073014126,0.583746101632728
271773.411807,2772866.126422,0.0428571428571429,0.293956043956044,0.00622710622710623,0.214835164835165,0.101465201465201,0.340659340659341
272273.411807,2772866.126422,0.013394495412844,0.0612844036697248,0.00825688073394495,0.794495412844037,0.0451376146788991,0.0774311926605505
272773.411807,2772866.126422,0,0.00843881856540084,0.0458631443771785,0.378462667400477,0.0709961474958723,0.496239222161071
273273.411807,2772866.126422,0.0496336996336996,0.0461538461538462,0.0366300366300366,0.0545787545787546,0.112087912087912,0.700915750915751
273773.411807,2772866.126422,0.130825688073395,0.191376146788991,0.0664220183486239,0.0440366972477064,0.0932110091743119,0.474128440366972
274273.411807,2772866.126422,0.213722252797652,0.0871399743166392,0,0.021830856723537,0.0953953403045313,0.581911575857641
274773.411807,2772866.126422,0.188827838827839,0.0379120879120879,0,0.0122710622710623,0.0452380952380952,0.715750915750916
262773.411807,2772366.126422,0.0489566613162119,0.043338683788122,0.000802568218298555,0.729935794542536,0.0989165329052969,0.0780497592295345
263273.411807,2772366.126422,0.262087912087912,0.0120879120879121,0,0.132417582417582,0.0723443223443224,0.521062271062271
263773.411807,2772366.126422,0.313186813186813,0.0184981684981685,0.00128205128205128,0.107875457875458,0.101282051282051,0.457875457875458
264273.411807,2772366.126422,0.315181518151815,0.0302530253025303,0,0.0144847818115145,0.0287862119545288,0.611294462779611
264773.411807,2772366.126422,0.1996336996337,0.0602564102564103,0,0.0443223443223443,0.0296703296703297,0.666117216117216
265273.411807,2772366.126422,0.220512820512821,0.0562271062271062,0,0.00824175824175824,0.0413919413919414,0.673626373626374
265773.411807,2772366.126422,0.191969196919692,0.0403373670700403,0.143381004767143,0.0126512651265127,0.037953795379538,0.573707370737074
266273.411807,2772366.126422,0.194505494505495,0.0395604395604396,0.305311355311355,0.0172161172161172,0.0428571428571429,0.400549450549451
266773.411807,2772366.126422,0.202564102564103,0.0238095238095238,0,0.0765567765567766,0.104945054945055,0.592124542124542
267273.411807,2772366.126422,0.0551888522185552,0.0938760542720939,0.132746607994133,0.103410341034103,0.143197653098643,0.471580491382472
267773.411807,2772366.126422,0.0338827838827839,0.135531135531136,0.0241758241758242,0.346153846153846,0.124358974358974,0.335897435897436
268273.411807,2772366.126422,0.147069597069597,0.0754578754578755,0.00183150183150183,0.276923076923077,0.149267399267399,0.349450549450549
268773.411807,2772366.126422,0.077007700770077,0.124495782911624,0.000916758342500917,0.0126512651265127,0.0564723138980565,0.728456178951228
269273.411807,2772366.126422,0.0556776556776557,0.269047619047619,0.00128205128205128,0.104395604395604,0.0972527472527473,0.472344322344322
269773.411807,2772366.126422,0.0412087912087912,0.162271062271062,0.0175824175824176,0.541391941391941,0.107875457875458,0.12967032967033
270273.411807,2772366.126422,0.145764576457646,0.0476714338100477,0.00146681334800147,0.293362669600293,0.197286395306197,0.314448111477814
270773.411807,2772366.126422,0.131135531135531,0.00750915750915751,0,0.24010989010989,0.0838827838827839,0.537362637362637
271273.411807,2772366.126422,0.116666666666667,0.0771062271062271,0.0227106227106227,0.336813186813187,0.187362637362637,0.259340659340659
271773.411807,2772366.126422,0.0462046204620462,0.0848918225155849,0.178034470113678,0.169416941694169,0.113861386138614,0.407590759075908
272273.411807,2772366.126422,0.00421245421245421,0.0917582417582418,0.00476190476190476,0.110989010989011,0.0974358974358974,0.690842490842491
272773.411807,2772366.126422,0.0745421245421245,0.0443223443223443,0,0.0679487179487179,0.0895604395604396,0.723626373626374
273273.411807,2772366.126422,0.204253758709204,0.00953428676200953,0.000366703337000367,0.0733406674000733,0.117895122845618,0.594609460946095
273773.411807,2772366.126422,0.187545787545788,0.0663003663003663,0,0.0474358974358974,0.0714285714285714,0.627289377289377
274273.411807,2772366.126422,0.0619047619047619,0.00183150183150183,0,0.0912087912087912,0.13956043956044,0.705494505494506
274773.411807,2772366.126422,0.00843417675100843,0.0724239090575724,0.0163182984965163,0.118078474514118,0.192885955262193,0.591859185918592
262773.411807,2771866.126422,0.0306982343499197,0.0325040128410915,0.00120385232744783,0.782704654895666,0.0971107544141252,0.0557784911717496
263273.411807,2771866.126422,0.0838685997430721,0.0545054138374014,0.00660671682877592,0.499908240044045,0.131216737015966,0.22389429253074
263773.411807,2771866.126422,0.380524481936549,0.0165046763249587,0.00550155877498625,0.128553090042179,0.142857142857143,0.326059050064185
264273.411807,2771866.126422,0.261132490379329,0.026571376214037,0.0047645226314825,0.138537658053876,0.181051859996335,0.38794209272494
264773.411807,2771866.126422,0.14920168838319,0.0664342081115801,0,0.077995962561938,0.0974490732244448,0.608919067718848
265273.411807,2771866.126422,0.264991747661838,0.0183385292499542,0,0.0882083256922795,0.0896754080322758,0.538785989363653
265773.411807,2771866.126422,0.102620487447315,0.0359171706065604,0.00311526479750779,0.182884368700751,0.106835257467473,0.568627450980392
266273.411807,2771866.126422,0.136722334373279,0.0471646173609837,0.0115617544503579,0.303725454211782,0.168287759221876,0.332538080381721
266773.411807,2771866.126422,0.241151659636897,0.0399779937649001,0,0.220429121584449,0.16779754263708,0.330643682376673
267273.411807,2771866.126422,0.0113615539673813,0.0663368150998717,0.0146600696353308,0.123144584936778,0.270111783030969,0.514385193329668
267773.411807,2771866.126422,0.0225729491649844,0.0400073407964764,0.0222059093411635,0.225362451826023,0.134703615342265,0.555147733529088
268273.411807,2771866.126422,0.081606455162296,0.0487804878048781,0,0.103612690262241,0.118650284247203,0.647350082523382
268773.411807,2771866.126422,0.072200842954004,0.435037566428441,0.000549752611324904,0.0247388675096207,0.070734835990471,0.396738134506139
269273.411807,2771866.126422,0.0546889337493118,0.363185905670765,0.00403743806202973,0.0486327766562672,0.0868049183336392,0.442650027527987
269773.411807,2771866.126422,0.112598569594719,0.122134604804695,0.00366770584999083,0.100311754997249,0.117733357784706,0.543554006968641
270273.411807,2771866.126422,0.0740333516584204,0.136338647608576,0.000733003481766538,0.00842954004031519,0.0359171706065604,0.744548286604361
270773.411807,2771866.126422,0.108643787850982,0.0469810974490732,0,0.127362818865847,0.116902183886952,0.600110111947146
271273.411807,2771866.126422,0.16394645149459,0.254722171281863,0.00238400880249404,0.0495140289748762,0.138455895837154,0.390977443609023
271773.411807,2771866.126422,0.0718343412131208,0.0461792193512919,0.00109950522264981,0.224482316291002,0.129558365402236,0.5268462525197
272273.411807,2771866.126422,0.0486327766562672,0.0752431638832813,0.151036887502294,0.123508900715728,0.173059276931547,0.428518994310883
272773.411807,2771866.126422,0.0876581698147808,0.0122868145974693,0,0.216394645149459,0.142306986979644,0.541353383458647
273273.411807,2771866.126422,0.130474619754444,0.0278541323071285,0,0.0278541323071285,0.0617555433388309,0.752061572292468
273773.411807,2771866.126422,0.146448889704533,0.00660671682877592,0,0.066801247935401,0.0952468342815195,0.684896311249771
274273.411807,2771866.126422,0,0,0,0.131303869429672,0.0601503759398496,0.808545754630479
274773.411807,2771866.126422,0.0256551218618288,0.000366501740883269,0,0.0346344145134689,0.114898295766905,0.824445666116914
262773.411807,2771366.126422,0.0489370236662655,0.036101083032491,0,0.472121941436021,0.0778178900922583,0.365022061772964
263273.411807,2771366.126422,0.0785321100917431,0.0177981651376147,0,0.506788990825688,0.276697247706422,0.120183486238532
263773.411807,2771366.126422,0.247477527059255,0.0449458814896349,0,0.313703907539901,0.085305448541552,0.308567235369657
264273.411807,2771366.126422,0.0921245421245421,0.0732600732600733,0,0.144688644688645,0.16025641025641,0.52967032967033
264773.411807,2771366.126422,0.0730275229357798,0.173211009174312,0.143853211009174,0.148256880733945,0.151192660550459,0.31045871559633
265273.411807,2771366.126422,0.159053384700055,0.0662263804806457,0,0.127132636213539,0.109521188772702,0.538066409833058
265773.411807,2771366.126422,0.16959706959707,0.0153846153846154,0,0.0558608058608059,0.114468864468864,0.644688644688645
266273.411807,2771366.126422,0.214678899082569,0.0895412844036697,0,0.00440366972477064,0.0343119266055046,0.657064220183486
266773.411807,2771366.126422,0.078884608328747,0.136672170243992,0.000183452577508714,0.0873234268941479,0.148229682627041,0.548706659328564
267273.411807,2771366.126422,0.0507326007326007,0.133699633699634,0.0732600732600733,0.063003663003663,0.155860805860806,0.523443223443223
267773.411807,2771366.126422,0.0557798165137615,0.0548623853211009,0.00715596330275229,0.242201834862385,0.160550458715596,0.479449541284404
268273.411807,2771366.126422,0.105118326912493,0.129884424876169,0,0.152265639332233,0.0862227114290956,0.526508897450009
268773.411807,2771366.126422,0.0734432234432234,0.116666666666667,0.121428571428571,0.0639194139194139,0.067032967032967,0.557509157509158
269273.411807,2771366.126422,0.0943119266055046,0.11302752293578,0.175229357798165,0.0955963302752294,0.0895412844036697,0.432293577981651
269773.411807,2771366.126422,0.0897083104017612,0.169510181618052,0,0.0623738763529628,0.0986974866996881,0.579710144927536
270273.411807,2771366.126422,0.0842490842490843,0.260989010989011,0.15989010989011,0.0617216117216117,0.104761904761905,0.328388278388278
270773.411807,2771366.126422,0.0963302752293578,0.260917431192661,0,0.0726605504587156,0.112660550458716,0.45743119266055
271273.411807,2771366.126422,0.126215373325995,0.208952485782425,0,0.117593102183086,0.0809025866813429,0.466336452027151
271773.411807,2771366.126422,0.0738095238095238,0.0961538461538462,0.000366300366300366,0.117032967032967,0.0818681318681319,0.630769230769231
272273.411807,2771366.126422,0.044954128440367,0.0475229357798165,0.0181651376146789,0.0642201834862385,0.111192660550459,0.71394495412844
272773.411807,2771366.126422,0.11263988259035,0.264171711612548,0.000366905155017428,0.133920381581361,0.15116492386718,0.337736195193542
273273.411807,2771366.126422,0.115018315018315,0.312087912087912,0.0126373626373626,0.100915750915751,0.0921245421245421,0.367216117216117
273773.411807,2771366.126422,0.00110091743119266,0.266788990825688,0.00990825688073394,0.348623853211009,0.078348623853211,0.295229357798165
274273.411807,2771366.126422,0.014125848468171,0.210603558980004,0,0.0443955237571088,0.0983305815446707,0.632544487250046
274773.411807,2771366.126422,0.080952380952381,0.0578754578754579,0,0.0397435897435897,0.173992673992674,0.647435897435897
262773.411807,2770866.126422,0.1946227929374,0.0321027287319422,0,0.0154494382022472,0.0375200642054575,0.720304975922954
263273.411807,2770866.126422,0.0992673992673993,0.0401098901098901,0.00695970695970696,0.429120879120879,0.174175824175824,0.2503663003663
263773.411807,2770866.126422,0.0142857142857143,0.0851648351648352,0.0120879120879121,0.368864468864469,0.178388278388278,0.341208791208791
264273.411807,2770866.126422,0.0814081408140814,0.0445544554455446,0.00165016501650165,0.48973230656399,0.202053538687202,0.180601393472681
264773.411807,2770866.126422,0.0913919413919414,0.047985347985348,0.187545787545788,0.0567765567765568,0.188461538461538,0.427838827838828
265273.411807,2770866.126422,0.0721611721611722,0.0912087912087912,0.465201465201465,0.00366300366300366,0.0155677655677656,0.352197802197802
265773.411807,2770866.126422,0.238357169050238,0.0553722038870554,0,0.0141180784745141,0.050971763843051,0.641180784745141
266273.411807,2770866.126422,0.144322344322344,0.145421245421245,0,0.00531135531135531,0.0192307692307692,0.685714285714286
266773.411807,2770866.126422,0.0549450549450549,0.165018315018315,0.0100732600732601,0.0717948717948718,0.137728937728938,0.56043956043956
267273.411807,2770866.126422,0.0914924825815915,0.035020168683535,0.0531719838650532,0.104510451045105,0.128529519618629,0.587275394206087
267773.411807,2770866.126422,0.18003663003663,0.0681318681318681,0,0.131868131868132,0.10952380952381,0.51043956043956
268273.411807,2770866.126422,0.0967032967032967,0.0873626373626374,0.000549450549450549,0.0899267399267399,0.123992673992674,0.601465201465201
268773.411807,2770866.126422,0.110927759442611,0.0667400073340667,0.000916758342500917,0.193802713604694,0.169233590025669,0.458379171250458
269273.411807,2770866.126422,0.0644688644688645,0.0527472527472527,0.0600732600732601,0.343406593406593,0.136446886446886,0.342857142857143
269773.411807,2770866.126422,0.123076923076923,0.297069597069597,0,0.00549450549450549,0.0216117216117216,0.552747252747253
270273.411807,2770866.126422,0.114411441144114,0.223505683901724,0.00183351668500183,0.0491382471580491,0.055005500550055,0.556105610561056
270773.411807,2770866.126422,0.0586080586080586,0.257875457875458,0,0.0397435897435897,0.0723443223443224,0.571428571428571
271273.411807,2770866.126422,0.111172161172161,0.0974358974358974,0,0.0529304029304029,0.0996336996336996,0.638827838827839
271773.411807,2770866.126422,0.0867253392005867,0.129079574624129,0,0.0198019801980198,0.118811881188119,0.645581224789146
272273.411807,2770866.126422,0.0434065934065934,0.108424908424908,0,0.13021978021978,0.113003663003663,0.604945054945055
272773.411807,2770866.126422,0.056959706959707,0.220879120879121,0,0.0377289377289377,0.0860805860805861,0.598351648351648
273273.411807,2770866.126422,0.028969563623029,0.196002933626696,0.00183351668500183,0.222955628896223,0.12027869453612,0.42995966263293
273773.411807,2770866.126422,0.0622710622710623,0.229487179487179,0.141391941391941,0.0891941391941392,0.108608058608059,0.369047619047619
274273.411807,2770866.126422,0.106776556776557,0.308058608058608,0.0265567765567766,0.103663003663004,0.11007326007326,0.344871794871795
274773.411807,2770866.126422,0.164466446644664,0.159332599926659,0.00055005500550055,0.0456545654565457,0.0777411074440777,0.552255225522552
262773.411807,2770366.126422,0.243178170144462,0.0820626003210273,0,0.0120385232744783,0.0521669341894061,0.610553772070626
263273.411807,2770366.126422,0.144063130849697,0.0888236373646541,0,0.0310148651128647,0.176913195081666,0.559185171591118
263773.411807,2770366.126422,0.0806895286997983,0.0678525582248304,0.00623509994498441,0.507060333761232,0.175499724922061,0.162662754447093
264273.411807,2770366.126422,0.0514934945940993,0.0448964632582005,0.00146600696353308,0.554517133956386,0.156679494227598,0.190947407000183
264773.411807,2770366.126422,0.139658652963847,0.0308313452009543,0.407230684529271,0.00568911726922371,0.0258763075793724,0.390713892457332
265273.411807,2770366.126422,0.17586649550706,0.101962222629745,0.121034293049697,0.00146708233999633,0.0339262791124152,0.565743627361086
265773.411807,2770366.126422,0.139270661535642,0.11654755360088,0,0.0203408466190214,0.0485614806670332,0.675279457577423
266273.411807,2770366.126422,0.202422462837218,0.158194164066801,0,0.00935951550743256,0.0436777390346853,0.586346118553863
266773.411807,2770366.126422,0.0720704199523198,0.151292866312122,0.166147075004585,0.219145424536952,0.0170548322024574,0.374289381991564
267273.411807,2770366.126422,0.123511086677662,0.164925783397471,0,0.00403151914971596,0.0166758292101887,0.690855781564962
267773.411807,2770366.126422,0.161314002569279,0.165718480455129,0,0.0185355111029547,0.0600110111947146,0.594420994677923
268273.411807,2770366.126422,0.138639281129653,0.163763066202091,0,0.0330093526499175,0.0579497524298551,0.606638547588483
268773.411807,2770366.126422,0.0656038116181052,0.30382994319223,0,0.0216236027121129,0.0569910207073484,0.551951621770203
269273.411807,2770366.126422,0.0561570930445953,0.213250137639934,0.191594788034502,0.00899247568361167,0.0508350155991925,0.479170489998165
