"x","y","forest","agri","water","built","other","grass"
174773.411807,2502866.126422,0.589384076114171,0.00450676014021032,0.0240360540811217,0.262894341512268,0.07085628442664,0.0483224837255884
175273.411807,2502866.126422,0.172586293146573,0.0100050025012506,0.000750375187593797,0.586293146573287,0.160330165082541,0.0700350175087544
175773.411807,2502866.126422,0.194652673663168,0.0217391304347826,0.00399800099950025,0.487256371814093,0.121689155422289,0.170664667666167
176273.411807,2502866.126422,0.0560841261892839,0.0130195292939409,0.0197796695042564,0.810465698547822,0.0640961442163245,0.0365548322483726
176773.411807,2502866.126422,0.204102051025513,0.0260130065032516,0.00550275137568784,0.540270135067534,0.101800900450225,0.122311155577789
177273.411807,2502866.126422,0.116941529235382,0.0819590204897551,0.0177411294352824,0.626936531734133,0.0797101449275362,0.076711644177911
177773.411807,2502866.126422,0.170255383074612,0.0247871807711567,0.0272909364046069,0.558087130696044,0.07185778668002,0.14772158237356
178273.411807,2502866.126422,0.0965482741370685,0.0250125062531266,0.00825412706353177,0.683591795897949,0.0700350175087544,0.11655827913957
178773.411807,2502866.126422,0.0434782608695652,0.0232383808095952,0.00474762618690655,0.879310344827586,0.0384807596201899,0.0107446276861569
179273.411807,2502866.126422,0.196544817225839,0.0625938908362544,0.00676014021031547,0.427391086629945,0.174511767651477,0.132198297446169
179773.411807,2502866.126422,0.0930465232616308,0.0472736368184092,0.00900450225112556,0.651075537768884,0.0892946473236618,0.110305152576288
180273.411807,2502866.126422,0.165667166416792,0.0702148925537231,0.00749625187406297,0.410044977511244,0.156671664167916,0.189905047476262
180773.411807,2502866.126422,0.205307961942914,0.0583375062593891,0.028292438657987,0.413119679519279,0.134952428642964,0.159989984977466
181273.411807,2502866.126422,0.0525262631315658,0.0292646323161581,0,0.749874937468734,0.117308654327164,0.0510255127563782
181773.411807,2502866.126422,0.250624687656172,0.0264867566216892,0.00199900049975012,0.348825587206397,0.125687156421789,0.246376811594203
182273.411807,2502866.126422,0.163495242864296,0.0355533299949925,0.000500751126690035,0.308212318477717,0.14221331997997,0.350025037556335
182773.411807,2502866.126422,0.028264132066033,0.379689844922461,0,0.258129064532266,0.109054527263632,0.224862431215608
183273.411807,2502866.126422,0.0677161419290355,0.056471764117941,0.00574712643678161,0.590454772613693,0.186406796601699,0.0932033983008496
183773.411807,2502866.126422,0.130445668502754,0.0400600901352028,0,0.594141211817727,0.121432148222334,0.113920881321983
184273.411807,2502866.126422,0.0305152576288144,0.011255627813907,0.00500250125062531,0.900450225112556,0.0400200100050025,0.0127563781890945
184773.411807,2502866.126422,0.0729635182408796,0.04047976011994,0.00449775112443778,0.709645177411294,0.0747126436781609,0.0977011494252874
185273.411807,2502866.126422,0.0518277416124186,0.0378067100650976,0.0265398097145719,0.777916875312969,0.0826239359038558,0.0232849273910866
173773.411807,2502366.126422,0.000549450549450549,0.000183150183150183,0.969230769230769,0.03003663003663,0,0
174273.411807,2502366.126422,0.00055005500550055,0,0.94957829116245,0.0474880821415475,0.00183351668500183,0.00055005500550055
174773.411807,2502366.126422,0.398351648351648,0.00586080586080586,0.0236263736263736,0.365567765567766,0.121062271062271,0.0855311355311355
175273.411807,2502366.126422,0.0214285714285714,0.0135531135531136,0.155860805860806,0.71996336996337,0.0721611721611722,0.017032967032967
175773.411807,2502366.126422,0.0495049504950495,0.0245691235790246,0.00953428676200953,0.593692702603594,0.150531719838651,0.172167216721672
176273.411807,2502366.126422,0.0510989010989011,0.0287545787545788,0.0730769230769231,0.69010989010989,0.0923076923076923,0.0646520146520147
176773.411807,2502366.126422,0.137362637362637,0.0287545787545788,0.0115384615384615,0.531684981684982,0.138644688644689,0.152014652014652
177273.411807,2502366.126422,0.077007700770077,0.0496883021635497,0.0597726439310598,0.706270627062706,0.0634396773010634,0.0438210487715438
177773.411807,2502366.126422,0.0243589743589744,0.032051282051282,0.0935897435897436,0.814468864468864,0.0304029304029304,0.00512820512820513
178273.411807,2502366.126422,0.0386446886446886,0.019047619047619,0.00256410256410256,0.890842490842491,0.0424908424908425,0.00641025641025641
178773.411807,2502366.126422,0.0551888522185552,0.0271360469380271,0.00458379171250458,0.786028602860286,0.0617895122845618,0.0652731939860653
179273.411807,2502366.126422,0.101098901098901,0.0820512820512821,0.0135531135531136,0.675091575091575,0.0769230769230769,0.0512820512820513
179773.411807,2502366.126422,0.0353479853479853,0.0227106227106227,0.00201465201465201,0.8503663003663,0.0604395604395604,0.0291208791208791
180273.411807,2502366.126422,0.0636230289695636,0.0317198386505317,0.0033003300330033,0.801063439677301,0.0641730839750642,0.0361202786945361
180773.411807,2502366.126422,0.0468864468864469,0.0336996336996337,0.00256410256410256,0.80952380952381,0.0661172161172161,0.0412087912087912
181273.411807,2502366.126422,0.0452380952380952,0.00842490842490842,0.00238095238095238,0.854395604395604,0.0463369963369963,0.0432234432234432
181773.411807,2502366.126422,0.158782544921159,0.017968463513018,0.000183351668500183,0.540887422075541,0.0685735240190686,0.213604693802714
182273.411807,2502366.126422,0.234981684981685,0.0358974358974359,0.05,0.0141025641025641,0.0510989010989011,0.613919413919414
182773.411807,2502366.126422,0.218131868131868,0.0478021978021978,0.0010989010989011,0.184065934065934,0.232967032967033,0.315934065934066
183273.411807,2502366.126422,0.138797213054639,0.0430876420975431,0.00843417675100843,0.502933626696003,0.223689035570224,0.0830583058305831
183773.411807,2502366.126422,0.0741758241758242,0.0249084249084249,0.000732600732600733,0.817582417582418,0.0576923076923077,0.0249084249084249
184273.411807,2502366.126422,0.10952380952381,0.0597069597069597,0.00586080586080586,0.630586080586081,0.115750915750916,0.0785714285714286
184773.411807,2502366.126422,0.224789145581225,0.0264026402640264,0.00128346167950128,0.341217455078841,0.175650898423176,0.230656398973231
185273.411807,2502366.126422,0.298168498168498,0.0210622710622711,0.00641025641025641,0.172161172161172,0.170512820512821,0.331684981684982
174273.411807,2501866.126422,0.165292285138354,0.0208905992303463,0.384093824445666,0.300897929265164,0.0188748396554884,0.109950522264981
174773.411807,2501866.126422,0.0139475133051936,0.00330335841438796,0,0.902917966599376,0.0565241328684162,0.0233070288126262
175273.411807,2501866.126422,0,0,0.555474050981111,0.44415917843389,0.000366770584999083,0
175773.411807,2501866.126422,0,0.00201575957485798,0.164192779915705,0.833791460509437,0,0
176273.411807,2501866.126422,0.0115617544503579,0.0148651128647458,0.127362818865847,0.790420260598275,0.0442282987704166,0.0115617544503579
176773.411807,2501866.126422,0.0216394645149459,0.0150375939849624,0.233449477351916,0.656886117733358,0.055198973042362,0.0177883733724555
177273.411807,2501866.126422,0.0362836723474437,0.0617555433388309,0.188565145684442,0.581638262781748,0.0949239508887667,0.0368334249587686
177773.411807,2501866.126422,0.0902917966599376,0.0370710222059093,0.0289961460818499,0.714810056891173,0.0710222059093412,0.0578087722517893
178273.411807,2501866.126422,0.0819732257472951,0.0588666788923528,0.004401247019989,0.734091325875665,0.0720704199523198,0.0485971025123785
178773.411807,2501866.126422,0.0337181601612608,0.0175920835623969,0.00256551218618288,0.904526296499908,0.0208905992303463,0.0207073483599047
179273.411807,2501866.126422,0.0847861993026243,0.0401908607083869,0.00715727656450725,0.702147182969352,0.0794641218572215,0.0862543585979079
179773.411807,2501866.126422,0.0718870346598203,0.0436456996148909,0.0100861910874748,0.732257472950669,0.110397946084724,0.0317256556024207
180273.411807,2501866.126422,0.0921751878321422,0.0315191497159611,0.00256551218618288,0.710097122961334,0.0751328568810702,0.0885101704233095
180773.411807,2501866.126422,0.119471462653698,0.0251422279317306,0.000183519911910442,0.586896678289594,0.113415305560653,0.154890805652413
181273.411807,2501866.126422,0.133871263524665,0.0218228498074454,0.000550155877498625,0.522097927746195,0.106363469649734,0.215294333394462
181773.411807,2501866.126422,0.0549752611324904,0.0384826827927433,0.00238226131574125,0.629100238226132,0.167308044713212,0.107751511819681
182273.411807,2501866.126422,0.275463387777574,0.0249587080198202,0.00367039823820885,0.116902183886952,0.160579922921637,0.418425399155808
182773.411807,2501866.126422,0.0799559875298001,0.053181734824867,0.0163212910324592,0.615441041628461,0.15202640748212,0.0830735375022923
183273.411807,2501866.126422,0.206890232728605,0.0584570276708814,0.00733003481766538,0.409382444566612,0.202858713578889,0.115081546637347
183773.411807,2501866.126422,0.151220407414204,0.0293631859056708,0.00605615709304459,0.400073407964764,0.19489814644889,0.218388695173426
184273.411807,2501866.126422,0.142123601687145,0.0542820465798643,0.000183385292499542,0.430221896203924,0.172382174949569,0.200806895286998
184773.411807,2501866.126422,0.333333333333333,0.0194245922668133,0,0.0298698918819864,0.139820414146967,0.4775517683709
185273.411807,2501866.126422,0.360249587080198,0.0308313452009543,0.118737383006056,0.0339511837034318,0.0759772435309231,0.380253257478436
174273.411807,2501366.126422,0.0305860805860806,0.0201465201465201,0.757326007326007,0.0551282051282051,0.0265567765567766,0.11025641025641
174773.411807,2501366.126422,0.0330275229357798,0.00458715596330275,0.0401834862385321,0.733761467889908,0.130275229357798,0.0581651376146789
175273.411807,2501366.126422,0.0117409649605577,0.00990643918547056,0.133920381581361,0.794900018345258,0.0484314804623005,0.00110071546505228
175773.411807,2501366.126422,0.00183150183150183,0.000732600732600733,0.0912087912087912,0.89981684981685,0.00604395604395604,0.000366300366300366
176273.411807,2501366.126422,0,0.00477064220183486,0.0192660550458716,0.975779816513761,0.00018348623853211,0
176773.411807,2501366.126422,0,0.000366905155017428,0.00953953403045313,0.990093560814529,0,0
177273.411807,2501366.126422,0.00457875457875458,0.0311355311355311,0.0117216117216117,0.85970695970696,0.0580586080586081,0.0347985347985348
177773.411807,2501366.126422,0.0680733944954128,0.098348623853211,0.0609174311926605,0.345321100917431,0.138532110091743,0.288807339449541
178273.411807,2501366.126422,0.119977985690699,0.148229682627041,0.075032104201064,0.47220693450743,0.0515501742799486,0.133003118693818
178773.411807,2501366.126422,0.0597069597069597,0.045970695970696,0.0293040293040293,0.759157509157509,0.0743589743589744,0.0315018315018315
179273.411807,2501366.126422,0.0952293577981651,0.035045871559633,0.00293577981651376,0.769174311926605,0.0645871559633028,0.0330275229357798
179773.411807,2501366.126422,0.0730141258484682,0.0541185103650706,0.00330214639515685,0.680609062557329,0.102549990827371,0.0864061640066043
180273.411807,2501366.126422,0.133882783882784,0.0445054945054945,0.000732600732600733,0.572161172161172,0.111721611721612,0.136996336996337
180773.411807,2501366.126422,0.0223853211009174,0.0163302752293578,0.00036697247706422,0.816330275229358,0.0926605504587156,0.0519266055045872
181273.411807,2501366.126422,0.0713630526508897,0.0434782608695652,0.000550357732526142,0.751605210053201,0.0849385433865346,0.0480645753072831
181773.411807,2501366.126422,0.0291208791208791,0.0183150183150183,0.00164835164835165,0.880586080586081,0.052014652014652,0.0183150183150183
182273.411807,2501366.126422,0.0379816513761468,0.0385321100917431,0.0036697247706422,0.835045871559633,0.0488073394495413,0.0359633027522936
182773.411807,2501366.126422,0.0370574206567602,0.0278847917813245,0.00990643918547056,0.862410566868465,0.0401761144744084,0.0225646670335718
183273.411807,2501366.126422,0.136263736263736,0.102930402930403,0,0.446336996336996,0.14981684981685,0.164652014652015
183773.411807,2501366.126422,0.265871559633027,0.0132110091743119,0.00018348623853211,0.166422018348624,0.104954128440367,0.449357798165138
184273.411807,2501366.126422,0.0909924784443221,0.0117409649605577,0.00110071546505228,0.474224912860026,0.186204366171345,0.235736562098697
184773.411807,2501366.126422,0.277838827838828,0.0175824175824176,0.000732600732600733,0.0826007326007326,0.248901098901099,0.372344322344322
185273.411807,2501366.126422,0.39651376146789,0.0209174311926606,0.0130275229357798,0.0601834862385321,0.105688073394495,0.403669724770642
175273.411807,2500866.126422,0.0877289377289377,0.0128205128205128,0.0043956043956044,0.704945054945055,0.0891941391941392,0.100915750915751
175773.411807,2500866.126422,0.0381371470480381,0.0152181884855152,0.0958929226255959,0.675100843417675,0.0843417675100843,0.0913091309130913
176273.411807,2500866.126422,0.00146520146520147,0.000549450549450549,0.223260073260073,0.763919413919414,0.0108058608058608,0
176773.411807,2500866.126422,0.0450549450549451,0.0388278388278388,0.000915750915750916,0.769230769230769,0.0963369963369963,0.0496336996336996
177273.411807,2500866.126422,0.00641730839750642,0.00806747341400807,0.0361202786945361,0.921342134213421,0.0236523652365237,0.0044004400440044
177773.411807,2500866.126422,0.0377289377289377,0.0573260073260073,0.0128205128205128,0.718498168498168,0.0769230769230769,0.0967032967032967
178273.411807,2500866.126422,0.118864468864469,0.115567765567766,0.0293040293040293,0.405311355311355,0.106227106227106,0.224725274725275
178773.411807,2500866.126422,0.156582324899157,0.0627062706270627,0.055005500550055,0.387605427209388,0.14008067473414,0.198019801980198
179273.411807,2500866.126422,0.200732600732601,0.0688644688644689,0.0157509157509158,0.458974358974359,0.0679487179487179,0.187728937728938
179773.411807,2500866.126422,0.141208791208791,0.0556776556776557,0.00183150183150183,0.236813186813187,0.181318681318681,0.383150183150183
180273.411807,2500866.126422,0.0843417675100843,0.0467546754675468,0.00238357169050238,0.663182984965163,0.092959295929593,0.11037770443711
180773.411807,2500866.126422,0.0221611721611722,0.0108058608058608,0.00128205128205128,0.854761904761905,0.0921245421245421,0.0188644688644689
181273.411807,2500866.126422,0.00989010989010989,0.00512820512820513,0.00164835164835165,0.958241758241758,0.0179487179487179,0.00714285714285714
181773.411807,2500866.126422,0.127979464613128,0.0276861019435277,0.000183351668500183,0.63017968463513,0.10982764943161,0.104143747708104
182273.411807,2500866.126422,0.0250915750915751,0.0379120879120879,0.00146520146520147,0.797619047619048,0.0835164835164835,0.0543956043956044
182773.411807,2500866.126422,0.0880952380952381,0.0250915750915751,0.00183150183150183,0.598901098901099,0.140842490842491,0.145238095238095
183273.411807,2500866.126422,0.096993032636597,0.0331866519985332,0,0.19031903190319,0.22038870553722,0.459112577924459
183773.411807,2500866.126422,0.203846153846154,0.0412087912087912,0.000549450549450549,0.156043956043956,0.215384615384615,0.382967032967033
184273.411807,2500866.126422,0.172527472527473,0.0172161172161172,0.00183150183150183,0.344688644688645,0.168864468864469,0.294871794871795
184773.411807,2500866.126422,0.266409974330766,0.00476714338100477,0,0.0385038503850385,0.165199853318665,0.525119178584525
185273.411807,2500866.126422,0.577289377289377,0,0,0,0,0.422710622710623
175273.411807,2500366.126422,0.0940766550522648,0.0154043645699615,0.0104529616724739,0.655419035393361,0.0893086374472767,0.135338345864662
175773.411807,2500366.126422,0.0769653655854865,0.00751328568810702,0.00146600696353308,0.663184900128276,0.133040131940627,0.117830309693971
176273.411807,2500366.126422,0.0106441548908057,0.0110111947146265,0.28629106258029,0.620297302257295,0.0293631859056708,0.0423930996513122
176773.411807,2500366.126422,0.0212726939299468,0.0317256556024207,0.0390610673024023,0.852924995415368,0.0342930496974143,0.0207225380524482
177273.411807,2500366.126422,0.0234561114165292,0.0205240974894631,0.0886934212937511,0.77130291368884,0.0868609125893348,0.00916254352208173
177773.411807,2500366.126422,0.0466140576252523,0.0321159845843274,0.17838135437695,0.619012662873922,0.0801982015048633,0.0436777390346853
178273.411807,2500366.126422,0.132404181184669,0.0614340729873464,0.00843572345497891,0.425637263891436,0.224463598019439,0.147625160462131
178773.411807,2500366.126422,0.0795308777716694,0.263331500824629,0.0533260032985157,0.351108667766172,0.114715044896463,0.137987905442551
179273.411807,2500366.126422,0.122407781244265,0.208478619930262,0.00367039823820885,0.162048082216921,0.249403560286291,0.253991558084052
179773.411807,2500366.126422,0.271777003484321,0.0141206675224647,0,0.113148725472217,0.26004034476435,0.340913258756648
180273.411807,2500366.126422,0.125893347993403,0.0443467106468756,0.00641378046545721,0.413963716327653,0.232728605460876,0.176653839105736
180773.411807,2500366.126422,0.0985501926959075,0.028629106258029,0.000734079647641769,0.724536612222426,0.0732244448522665,0.0743255643237291
181273.411807,2500366.126422,0.0166880616174583,0.00513478818998716,0.000550155877498625,0.947551806345131,0.0227397762699432,0.00733541169998166
181773.411807,2500366.126422,0.0142935678944475,0.0157595748579806,0.000366501740883269,0.928898662268646,0.0309693971046362,0.00971229613340663
182273.411807,2500366.126422,0.0548724536612222,0.0244081482840888,0,0.757019636630574,0.110478986970086,0.0532207744540283
182773.411807,2500366.126422,0.182101595452045,0.0267742527049331,0,0.159728589767101,0.194021639464515,0.437373922611407
183273.411807,2500366.126422,0.10426974528129,0.0623052959501558,0.000183250870441635,0.410481949789262,0.222100054975261,0.20065970313359
183773.411807,2500366.126422,0.338227197650945,0.0475316571848046,0.0240411084602679,0.0807487612405946,0.118186823270325,0.391264452193063
184273.411807,2500366.126422,0.177700348432056,0.0201723821749496,0.00348432055749129,0.0913258756647717,0.158811663304603,0.548505409866129
184773.411807,2500366.126422,0.310793476269012,0.0117280557082646,0,0.0388491845336265,0.125160344511636,0.51346893897746
185273.411807,2500366.126422,0.397320609286108,0.000183519911910442,0,0,0.00752431638832813,0.594971554413654
175773.411807,2499866.126422,0.117399267399267,0.0173992673992674,0,0.628205128205128,0.113919413919414,0.123076923076923
176273.411807,2499866.126422,0.0121100917431193,0.0100917431192661,0.301284403669725,0.623853211009174,0.0354128440366972,0.0172477064220183
176773.411807,2499866.126422,0.000366905155017428,0.0078884608328747,0.392038158136122,0.586130985140341,0.0100898917629793,0.00348559897266557
177273.411807,2499866.126422,0.0346153846153846,0.0315018315018315,0.00457875457875458,0.797802197802198,0.107509157509158,0.023992673992674
177773.411807,2499866.126422,0.00752293577981651,0.0236697247706422,0.242752293577982,0.685137614678899,0.0297247706422018,0.0111926605504587
178273.411807,2499866.126422,0.0146762062006971,0.31388736011741,0.02568336085122,0.341221794166208,0.10126582278481,0.203265455879655
178773.411807,2499866.126422,0.0227106227106227,0.0688644688644689,0.0184981684981685,0.569047619047619,0.202747252747253,0.118131868131868
179273.411807,2499866.126422,0.0596330275229358,0.12,0,0.0932110091743119,0.150091743119266,0.577064220183486
179773.411807,2499866.126422,0.0953953403045313,0.0300862227114291,0,0.359750504494588,0.243441570354063,0.271326362135388
180273.411807,2499866.126422,0.0269230769230769,0.0217948717948718,0.00824175824175824,0.728388278388278,0.144139194139194,0.0705128205128205
180773.411807,2499866.126422,0.0711926605504587,0.0170642201834862,0.00495412844036697,0.765321100917431,0.0818348623853211,0.0596330275229358
181273.411807,2499866.126422,0.0190790680609063,0.00843881856540084,0.000550357732526142,0.931205283434232,0.0350394423041644,0.00568702990277013
181773.411807,2499866.126422,0.0507326007326007,0.0304029304029304,0.000915750915750916,0.833150183150183,0.0591575091575092,0.0256410256410256
182273.411807,2499866.126422,0.0776146788990826,0.0293577981651376,0.00110091743119266,0.758715596330275,0.0695412844036697,0.0636697247706422
182773.411807,2499866.126422,0.0445789763346175,0.0227481196110805,0.000550357732526142,0.612915061456613,0.11263988259035,0.206567602274812
183273.411807,2499866.126422,0.155677655677656,0.0326007326007326,0.00201465201465201,0.218315018315018,0.215018315018315,0.376373626373626
183773.411807,2499866.126422,0.196330275229358,0.0308256880733945,0.00513761467889908,0.0636697247706422,0.127155963302752,0.576880733944954
184273.411807,2499866.126422,0.276829939460649,0.0543019629425793,0,0.212071179600073,0.150064208402128,0.30673270959457
184773.411807,2499866.126422,0.193956043956044,0.0155677655677656,0.0010989010989011,0.0556776556776557,0.269230769230769,0.464468864468864
185273.411807,2499866.126422,0.281651376146789,0.00990825688073394,0.0201834862385321,0.00238532110091743,0.0996330275229358,0.586238532110092
176273.411807,2499366.126422,0.0564102564102564,0.0576923076923077,0.0201465201465201,0.315567765567766,0.159340659340659,0.390842490842491
176773.411807,2499366.126422,0.00659340659340659,0.00714285714285714,0.210622710622711,0.736263736263736,0.0272893772893773,0.0120879120879121
177273.411807,2499366.126422,0.013017968463513,0.0155848918225156,0.126879354602127,0.780711404473781,0.0561056105610561,0.0077007700770077
177773.411807,2499366.126422,0.010989010989011,0.0179487179487179,0.0206959706959707,0.83956043956044,0.0937728937728938,0.017032967032967
178273.411807,2499366.126422,0.0173992673992674,0.0335164835164835,0.0582417582417582,0.269047619047619,0.231684981684982,0.39010989010989
178773.411807,2499366.126422,0.1001100110011,0.0625229189585625,0.00366703337000367,0.506784011734507,0.143014301430143,0.183901723505684
179273.411807,2499366.126422,0.0315018315018315,0.0703296703296703,0.00311355311355311,0.782417582417582,0.0523809523809524,0.0602564102564103
179773.411807,2499366.126422,0.0835164835164835,0.0355311355311355,0.0485347985347985,0.517399267399267,0.109340659340659,0.205677655677656
180273.411807,2499366.126422,0.0694902823615695,0.108544187752109,0.026035936927026,0.248441510817748,0.123395672900623,0.424092409240924
180773.411807,2499366.126422,0.0135531135531136,0.0179487179487179,0.00732600732600733,0.933882783882784,0.0245421245421245,0.00274725274725275
181273.411807,2499366.126422,0.0152014652014652,0.0119047619047619,0.000915750915750916,0.919230769230769,0.0336996336996337,0.019047619047619
181773.411807,2499366.126422,0.105610561056106,0.0278694536120279,0,0.718371837183718,0.066006600660066,0.0821415474880821
182273.411807,2499366.126422,0.0252747252747253,0.0364468864468864,0.00531135531135531,0.598534798534799,0.0723443223443224,0.262087912087912
182773.411807,2499366.126422,0.0157509157509158,0.11978021978022,0,0.33992673992674,0.175091575091575,0.349450549450549
183273.411807,2499366.126422,0.0496883021635497,0.0306197286395306,0.00128346167950128,0.242207554088742,0.105977264393106,0.57022368903557
183773.411807,2499366.126422,0.0333333333333333,0.0117216117216117,0.000549450549450549,0.363369963369963,0.0855311355311355,0.505494505494505
184273.411807,2499366.126422,0.0358974358974359,0.0142857142857143,0.00567765567765568,0.658791208791209,0.114468864468864,0.170879120879121
184773.411807,2499366.126422,0.231573157315732,0.0143014301430143,0,0.142097543087642,0.192702603593693,0.419325265859919
185273.411807,2499366.126422,0.237728937728938,0.0102564102564103,0,0.0119047619047619,0.0941391941391941,0.645970695970696
176773.411807,2498866.126422,0.0960938932697598,0.0251237850724372,0.116999816614707,0.424720337428938,0.156977810379608,0.18008435723455
177273.411807,2498866.126422,0,0,0.532160527762507,0.467839472237493,0,0
177773.411807,2498866.126422,0.0130299137456414,0.0212883097816113,0.00587263718113415,0.824371444301707,0.0871719581574601,0.0482657368324463
178273.411807,2498866.126422,0.0130203557674674,0.0194388410049514,0.0117366587199707,0.84412250137539,0.107647166697231,0.00403447643498991
178773.411807,2498866.126422,0.0415979475902511,0.0351841671247938,0.0419644493311343,0.732820230896097,0.105002748763057,0.0434304562946674
179273.411807,2498866.126422,0.155074325564324,0.0310148651128647,0.0293631859056708,0.433106992108644,0.0789135621214902,0.272527069187007
179773.411807,2498866.126422,0.120484137172199,0.0337428938199156,0,0.541536768751146,0.161195672107097,0.143040528149642
180273.411807,2498866.126422,0.0756826094923951,0.0364669232178853,0.0428807036833425,0.525563496426608,0.185083379146051,0.134322888033718
180773.411807,2498866.126422,0.0324830244081483,0.0159662323362085,0.0012846393833731,0.874288860341347,0.058909891723252,0.0170673518076711
181273.411807,2498866.126422,0.0630845406198423,0.0265908674124335,0.00495140289748762,0.730790390610673,0.0909591050797726,0.0836236933797909
181773.411807,2498866.126422,0.036100421477002,0.0234561114165292,0,0.601612607659886,0.125893347993403,0.212937511453179
182273.411807,2498866.126422,0.0178014314553129,0.058909891723252,0,0.315837768397871,0.24903652046247,0.358414387961094
182773.411807,2498866.126422,0.0181551439574546,0.08399046396479,0.000366770584999083,0.369704749679076,0.13203741059967,0.395745461214011
183273.411807,2498866.126422,0.143668682426242,0.0382994319223016,0,0.15136521898479,0.196811434854316,0.469855231812351
183773.411807,2498866.126422,0.0497338961277299,0.0335841438796109,0.00311983850247752,0.484125527619747,0.129748577720683,0.299688016149752
184273.411807,2498866.126422,0.0379607555474051,0.0421786172748946,0.0157711351549606,0.609939482853475,0.0869246286447827,0.207225380524482
184773.411807,2498866.126422,0.0771486164559282,0.0606560381161811,0.00659703133589885,0.520065970313359,0.162360271211288,0.173172072567345
185273.411807,2498866.126422,0.305744173242797,0.026977427050835,0.00605615709304459,0.219306294732979,0.125711139658653,0.316204808221692
176773.411807,2498366.126422,0.0467804072647221,0.0368739680792515,0,0.696752889378096,0.141441937259218,0.0781507980187122
177273.411807,2498366.126422,0.0108058608058608,0.00586080586080586,0.255128205128205,0.696703296703297,0.0205128205128205,0.010989010989011
177773.411807,2498366.126422,0,0,0.148440366972477,0.851559633027523,0,0
178273.411807,2498366.126422,0.0445789763346175,0.0245826453861677,0.00807191341038342,0.629792698587415,0.200513667217024,0.0924600990643919
178773.411807,2498366.126422,0.0967032967032967,0.0543956043956044,0.00164835164835165,0.397619047619048,0.271978021978022,0.177655677655678
179273.411807,2498366.126422,0.0506422018348624,0.0260550458715596,0.00935779816513761,0.811009174311927,0.0574311926605505,0.0455045871559633
179773.411807,2498366.126422,0.0810860392588516,0.024399192808659,0.00201797835259585,0.756374977068428,0.0842047330764997,0.0519170794349661
180273.411807,2498366.126422,0.0855311355311355,0.0234432234432234,0.000183150183150183,0.687545787545788,0.0886446886446886,0.114652014652015
180773.411807,2498366.126422,0.0939449541284404,0.0414678899082569,0.0363302752293578,0.458532110091743,0.205137614678899,0.164587155963303
181273.411807,2498366.126422,0.081452944413869,0.0440286186020914,0.0137589433131535,0.475509080902587,0.201797835259585,0.183452577508714
181773.411807,2498366.126422,0.0615384615384615,0.0543956043956044,0.000366300366300366,0.315384615384615,0.170512820512821,0.397802197802198
182273.411807,2498366.126422,0.0403669724770642,0.0801834862385321,0.00348623853211009,0.313577981651376,0.168440366972477,0.39394495412844
182773.411807,2498366.126422,0.0697119794533113,0.0475142175747569,0.00862227114290956,0.49073564483581,0.164923867180334,0.218492019812878
183273.411807,2498366.126422,0.0935897435897436,0.0249084249084249,0.00384615384615385,0.648717948717949,0.122893772893773,0.106043956043956
183773.411807,2498366.126422,0.0398165137614679,0.0190825688073394,0.00110091743119266,0.757981651376147,0.0700917431192661,0.111926605504587
184273.411807,2498366.126422,0.0359567051917079,0.0249495505411851,0.021830856723537,0.832507796734544,0.0555861309851403,0.0291689598238855
184773.411807,2498366.126422,0.0694139194139194,0.0778388278388278,0.000549450549450549,0.463369963369963,0.183882783882784,0.204945054945055
185273.411807,2498366.126422,0.234678899082569,0.00752293577981651,0,0.185504587155963,0.174862385321101,0.39743119266055
177273.411807,2497866.126422,0.0726072607260726,0.0231023102310231,0.00403373670700403,0.674550788412175,0.0537220388705537,0.171983865053172
177773.411807,2497866.126422,0.00274725274725275,0.0032967032967033,0.14047619047619,0.848717948717949,0.00476190476190476,0
178273.411807,2497866.126422,0.0159340659340659,0.0126373626373626,0.130769230769231,0.72032967032967,0.0987179487179487,0.0216117216117216
178773.411807,2497866.126422,0.0454712137880455,0.0320865419875321,0.0548221488815548,0.733039970663733,0.126696002933627,0.00788412174550788
179273.411807,2497866.126422,0.0164835164835165,0.034981684981685,0.03003663003663,0.806227106227106,0.0873626373626374,0.0249084249084249
179773.411807,2497866.126422,0.0882783882783883,0.0448717948717949,0.00952380952380952,0.68003663003663,0.104212454212454,0.0730769230769231
180273.411807,2497866.126422,0.0462046204620462,0.00971763843050972,0.00183351668500183,0.87037037037037,0.0421708837550422,0.0297029702970297
180773.411807,2497866.126422,0.0672161172161172,0.0304029304029304,0.00146520146520147,0.72014652014652,0.104212454212454,0.0765567765567766
181273.411807,2497866.126422,0.0379120879120879,0.0476190476190476,0.00164835164835165,0.456227106227106,0.269413919413919,0.187179487179487
181773.411807,2497866.126422,0.033003300330033,0.126512651265127,0,0.18041804180418,0.0493215988265493,0.610744407774111
182273.411807,2497866.126422,0.0461538461538462,0.0223443223443223,0.00805860805860806,0.197435897435897,0.106776556776557,0.619230769230769
182773.411807,2497866.126422,0.102930402930403,0.169413919413919,0.00146520146520147,0.0820512820512821,0.117032967032967,0.527106227106227
183273.411807,2497866.126422,0.0872753942060873,0.116795012834617,0,0.0146681334800147,0.0531719838650532,0.728089475614228
183773.411807,2497866.126422,0.0474358974358974,0.15970695970696,0.000732600732600733,0.257142857142857,0.0679487179487179,0.467032967032967
184273.411807,2497866.126422,0.052014652014652,0.195604395604396,0.00421245421245421,0.160622710622711,0.185714285714286,0.401831501831502
184773.411807,2497866.126422,0.0458379171250458,0.377521085441878,0,0.226806013934727,0.0957095709570957,0.254125412541254
185273.411807,2497866.126422,0.0576923076923077,0.095970695970696,0,0.473992673992674,0.186263736263736,0.186080586080586
177773.411807,2497366.126422,0.0359699027344467,0.0117452743622683,0.0961644338410718,0.739401725087172,0.0394567810607451,0.0772618829142962
178273.411807,2497366.126422,0.0205391527599487,0.00990280579497524,0.12415184302219,0.840454795525399,0.00238400880249404,0.00256739409499358
178773.411807,2497366.126422,0.0053142752428074,0.0163093274693055,0.0183250870441635,0.939343961883819,0.0207073483599047,0
179273.411807,2497366.126422,0.0225729491649844,0.0334006239677005,0.0034868783262984,0.87135254175078,0.0526702147182969,0.0165167920719398
179773.411807,2497366.126422,0.0390610673024023,0.0394278378874014,0.0148542086924629,0.829084907390427,0.0425453878598936,0.0350265908674124
180273.411807,2497366.126422,0.0197910940076965,0.0208905992303463,0.00256551218618288,0.892248488180319,0.0415979475902511,0.0229063588052043
180773.411807,2497366.126422,0.00422095797394017,0.00807487612405946,0.000734079647641769,0.961460818498807,0.0251422279317306,0.000367039823820885
181273.411807,2497366.126422,0.0814230698697964,0.0278745644599303,0.0104529616724739,0.495140289748762,0.150375939849624,0.234733174399413
181773.411807,2497366.126422,0.00219901044529962,0.0350009162543522,0,0.627634231262599,0.0886934212937511,0.246472420743999
182273.411807,2497366.126422,0,0.0082583960359699,0,0.735547806937053,0.0530372545421178,0.20315654248486
182773.411807,2497366.126422,0,0.00825233816247937,0.000183385292499542,0.696680726205758,0.0399779937649001,0.254905556574363
183273.411807,2497366.126422,0.00439802089059923,0.0201575957485798,0,0.477918270111783,0.140553417628734,0.356972695620304
183773.411807,2497366.126422,0.0034868783262984,0.0282620664342081,0.00844191594788034,0.308680491833364,0.132317856487429,0.51881079097082
184273.411807,2497366.126422,0.00513478818998716,0.0324591967724189,0,0.305336512011737,0.110581331377224,0.546488171648634
184773.411807,2497366.126422,0.00109950522264981,0.0122778083195895,0,0.269378779549203,0.0853949056258017,0.631849001282756
185273.411807,2497366.126422,0.0546889337493118,0.0968985134887135,0,0.408515323912645,0.106625068819967,0.333272160029363
178273.411807,2496866.126422,0.015410016510732,0.00935608145294441,0.00495321959273528,0.871399743166391,0.0887910475142176,0.0100898917629793
178773.411807,2496866.126422,0.000366300366300366,0.000366300366300366,0.161538461538462,0.837728937728938,0,0
179273.411807,2496866.126422,0.018348623853211,0.0121100917431193,0.118532110091743,0.804770642201835,0.0381651376146789,0.00807339449541284
179773.411807,2496866.126422,0.024399192808659,0.0313703907539901,0.10420106402495,0.800036690515502,0.0260502660062374,0.0139423958906623
180273.411807,2496866.126422,0.00897435897435897,0.0172161172161172,0.00183150183150183,0.924358974358974,0.0375457875457875,0.0100732600732601
180773.411807,2496866.126422,0.00568807339449541,0.0110091743119266,0.00422018348623853,0.945321100917431,0.0326605504587156,0.00110091743119266
181273.411807,2496866.126422,0.0326545587965511,0.0110071546505228,0.000366905155017428,0.871766648321409,0.0561364887176665,0.0280682443588332
181773.411807,2496866.126422,0.0738095238095238,0.0274725274725275,0.00531135531135531,0.433516483516484,0.283333333333333,0.176556776556777
182273.411807,2496866.126422,0.0381651376146789,0.00715596330275229,0.00403669724770642,0.65302752293578,0.245688073394495,0.0519266055045872
182773.411807,2496866.126422,0.0937442671069529,0.0165107319757843,0,0.656943680058705,0.14694551458448,0.0858558062740782
183273.411807,2496866.126422,0.0397435897435897,0.034981684981685,0,0.777472527472527,0.0659340659340659,0.0818681318681319
183773.411807,2496866.126422,0.0205504587155963,0.0341284403669725,0.00073394495412844,0.791376146788991,0.103853211009174,0.0493577981651376
184273.411807,2496866.126422,0.0585213722252798,0.0170610897083104,0.002568336085122,0.786644652357366,0.0950284351495139,0.0401761144744084
184773.411807,2496866.126422,0.034981684981685,0.0234432234432234,0,0.566300366300366,0.105311355311355,0.26996336996337
185273.411807,2496866.126422,0.0260550458715596,0.0910091743119266,0,0.353577981651376,0.135412844036697,0.39394495412844
178273.411807,2496366.126422,0.028021978021978,0.0133699633699634,0.0159340659340659,0.83003663003663,0.0695970695970696,0.043040293040293
178773.411807,2496366.126422,0.00146681334800147,0.00586725339200587,0.132929959662633,0.845067840117345,0.0146681334800147,0
179273.411807,2496366.126422,0.00256410256410256,0.00128205128205128,0.1003663003663,0.883150183150183,0.0126373626373626,0
179773.411807,2496366.126422,0.0159340659340659,0.0238095238095238,0.0141025641025641,0.822161172161172,0.0917582417582418,0.0322344322344322
180273.411807,2496366.126422,0.0122845617895123,0.0146681334800147,0.00495049504950495,0.823432343234323,0.138797213054639,0.00586725339200587
180773.411807,2496366.126422,0.0538461538461538,0.0375457875457875,0.0010989010989011,0.764285714285714,0.121245421245421,0.021978021978022
181273.411807,2496366.126422,0.0221611721611722,0.0241758241758242,0,0.830769230769231,0.104761904761905,0.0181318681318681
181773.411807,2496366.126422,0.0834250091675834,0.0478547854785479,0,0.607260726072607,0.138430509717638,0.123028969563623
182273.411807,2496366.126422,0.0774725274725275,0.0230769230769231,0.0021978021978022,0.617032967032967,0.166666666666667,0.113553113553114
182773.411807,2496366.126422,0.0835164835164835,0.0221611721611722,0.00695970695970696,0.721794871794872,0.101648351648352,0.0639194139194139
183273.411807,2496366.126422,0.0124679134580125,0.011001100110011,0.00311697836450312,0.902090209020902,0.0493215988265493,0.022002200220022
183773.411807,2496366.126422,0.121794871794872,0.0360805860805861,0.00256410256410256,0.534981684981685,0.111172161172161,0.193406593406593
184273.411807,2496366.126422,0.0950549450549451,0.0316849816849817,0.00586080586080586,0.639010989010989,0.104029304029304,0.124358974358974
184773.411807,2496366.126422,0.0806747341400807,0.0540887422075541,0.00403373670700403,0.622478914558122,0.165016501650165,0.0737073707370737
185273.411807,2496366.126422,0.162820512820513,0.060989010989011,0.00347985347985348,0.337912087912088,0.175091575091575,0.25970695970696
178773.411807,2495866.126422,0.032618654938611,0.0408649441084845,0,0.708631115997801,0.12442734102987,0.0934579439252336
179273.411807,2495866.126422,0.00807487612405946,0.00385391815011929,0.00532207744540283,0.965498256560837,0.0154156726004772,0.00183519911910442
179773.411807,2495866.126422,0.00165046763249587,0.00513478818998716,0.113515496057216,0.876948468732808,0.00275077938749312,0
180273.411807,2495866.126422,0.00549752611324904,0.00513102437236577,0.00256551218618288,0.946673996701484,0.040131940626718,0
180773.411807,2495866.126422,0.0673518076711323,0.0295467058175812,0.0379886217654616,0.805468893374931,0.0372545421178198,0.022389429253074
181273.411807,2495866.126422,0.0429121584448927,0.0374105996699065,0.00165046763249587,0.822116266275445,0.0720704199523198,0.0238400880249404
181773.411807,2495866.126422,0.0995052226498076,0.0313358988455195,0.00623052959501558,0.588235294117647,0.138904159794759,0.135788894997251
182273.411807,2495866.126422,0.0201871903101487,0.0194531106625069,0.00367039823820885,0.856487428886034,0.0855202789502661,0.0146815929528354
182773.411807,2495866.126422,0.0304419585549239,0.0205391527599487,0.00770218228498074,0.821199339812947,0.112415184302219,0.00770218228498074
183273.411807,2495866.126422,0.0249221183800623,0.0208905992303463,0.00109950522264981,0.833241707898112,0.101154480483782,0.0186915887850467
183773.411807,2495866.126422,0.0464305377133419,0.0238575885483575,0,0.725454211781978,0.158010644154891,0.0462470178014315
184273.411807,2495866.126422,0.0194388410049514,0.0166880616174583,0.00605171465248487,0.846506510177884,0.10397946084724,0.00733541169998166
184773.411807,2495866.126422,0.00842954004031519,0.0100787978742899,0.0130108118013561,0.864211105002749,0.0945574491478835,0.00971229613340663
185273.411807,2495866.126422,0.110111947146265,0.0642319691686548,0.00146815929528354,0.271792989539365,0.153239126445219,0.399155808405212
179273.411807,2495366.126422,0.0308256880733945,0.0304587155963303,0.0161467889908257,0.839082568807339,0.0489908256880734,0.0344954128440367
179773.411807,2495366.126422,0.00311869381764814,0.00715465052283985,0.0343056319941295,0.949000183452578,0.00642084021280499,0
180273.411807,2495366.126422,0.0271062271062271,0.0100732600732601,0.102197802197802,0.854029304029304,0.00567765567765568,0.000915750915750916
180773.411807,2495366.126422,0.00036697247706422,0.00256880733944954,0.075045871559633,0.920550458715596,0.00146788990825688,0
181273.411807,2495366.126422,0.00476976701522656,0.00476976701522656,0.0552192258301229,0.932489451476793,0.00275178866263071,0
181773.411807,2495366.126422,0.0181318681318681,0.0188644688644689,0.00146520146520147,0.893772893772894,0.047985347985348,0.0197802197802198
182273.411807,2495366.126422,0.024954128440367,0.0453211009174312,0.00642201834862385,0.806605504587156,0.100917431192661,0.0157798165137615
