"x","y","forest","agri","water","built","other","grass"
173773.411807,2599366.126422,0.0232899321474418,0.545938015771135,0,0.00403447643498991,0.00843572345497891,0.418301852191454
174273.411807,2599366.126422,0.107018508337915,0.336815099871724,0,0.000733003481766538,0.013560564412681,0.541872823895914
174773.411807,2599366.126422,0.09543035419343,0.360433106992109,0.000183519911910442,0.0352358230868049,0.0778124426500275,0.430904753165718
175273.411807,2599366.126422,0.125618925362186,0.305886667889235,0,0.0529983495323675,0.132770951769668,0.382725105446543
175773.411807,2599366.126422,0.051126992853216,0.389408099688474,0,0.0533260032985157,0.107385010078798,0.398753894080997
176273.411807,2599366.126422,0.0673518076711323,0.498440080748761,0,0.015782712424298,0.0645990089924757,0.353826390163333
176773.411807,2599366.126422,0.0480469466348799,0.357968090959105,0,0.0607005318173482,0.0458463231248854,0.487438107463781
177273.411807,2599366.126422,0.0712845886017959,0.304562946673997,0,0.0844786512735936,0.136155396738135,0.403518416712479
177773.411807,2599366.126422,0.102037071022206,0.129198017984951,0.000917599559552211,0.156909524683428,0.208845659754083,0.402092126995779
178273.411807,2599366.126422,0.0805061434072987,0.211076471666972,0,0.0210893086374473,0.0695030258573262,0.617825050430955
178773.411807,2599366.126422,0.108667766171889,0.0536925050393989,0.0371999266996518,0.0223566061938794,0.049660985889683,0.728422210005498
179273.411807,2599366.126422,0.0383556615892824,0.328317122407781,0,0.0530372545421178,0.12883097816113,0.451458983299688
179773.411807,2599366.126422,0.0165046763249587,0.346231432239134,0,0.0137538969374656,0.0416284613973959,0.581881533101045
180273.411807,2599366.126422,0.0522264980758659,0.346710646875573,0.000183250870441635,0.0186915887850467,0.0885101704233095,0.493677844969764
180773.411807,2599366.126422,0.0952468342815195,0.196366305744173,0.000550559735731327,0.0702881262616994,0.141310332171041,0.496237841805836
181273.411807,2599366.126422,0.0363102879149092,0.216394645149459,0.00330093526499175,0.110214560792224,0.0827067669172932,0.551072803961122
181773.411807,2599366.126422,0.0654205607476635,0.252519699468573,0.00329851566794942,0.127176104086494,0.0606560381161811,0.490929081913139
182273.411807,2599366.126422,0.0968985134887135,0.246650761607634,0,0.0258763075793724,0.0706551660855203,0.559919251238759
182773.411807,2599366.126422,0.0251237850724372,0.49587383091876,0,0.0500641848523748,0.0471300201723822,0.381808178984045
183273.411807,2599366.126422,0.0665200659703134,0.434671064687557,0.000366501740883269,0.0148433205057724,0.0459959684808503,0.437603078614623
183773.411807,2599366.126422,0.0122958340979996,0.695173426316755,0,0.00256927876674619,0.0234905487245366,0.266470912093962
184273.411807,2599366.126422,0.024390243902439,0.653218411883367,0.000733541169998166,0.0225563909774436,0.0379607555474051,0.261140656519347
184773.411807,2599366.126422,0.034084661902144,0.372365768737402,0.00568077698369067,0.284955103536742,0.135422393256368,0.167491295583654
185273.411807,2599366.126422,0.0629473297852817,0.286658102404111,0,0.334006239677005,0.0979996329601762,0.218388695173426
185773.411807,2599366.126422,0.170181551439575,0.13992297817715,0.00165046763249587,0.290115532734275,0.0953603520997616,0.302769117916743
173773.411807,2598866.126422,0.0629242340854889,0.346175013758943,0,0.0706292423408549,0.14694551458448,0.373325995230233
174273.411807,2598866.126422,0.0655677655677656,0.487362637362637,0,0.000183150183150183,0.0194139194139194,0.427472527472527
174773.411807,2598866.126422,0.0776146788990826,0.396697247706422,0,0.00110091743119266,0.0036697247706422,0.520917431192661
175273.411807,2598866.126422,0.0478811227297744,0.478627774720235,0.023115024766098,0.00330214639515685,0.00733810310034856,0.439735828288387
175773.411807,2598866.126422,0.141758241758242,0.344688644688645,0.0789377289377289,0.00622710622710623,0.00641025641025641,0.421978021978022
176273.411807,2598866.126422,0.136697247706422,0.407155963302752,0.0552293577981651,0,0.00458715596330275,0.396330275229358
176773.411807,2598866.126422,0.124197394973399,0.180700788846083,0.0618235186204366,0.0183452577508714,0.0199963309484498,0.594936708860759
177273.411807,2598866.126422,0.0472527472527473,0.206776556776557,0,0.0313186813186813,0.0578754578754579,0.656776556776557
177773.411807,2598866.126422,0.18954128440367,0.0201834862385321,0,0.252110091743119,0.307155963302752,0.231009174311927
178273.411807,2598866.126422,0.111906072280316,0.0649422124380847,0.0293524124013942,0.0656760227481196,0.162722436250229,0.565400843881857
178773.411807,2598866.126422,0.0155677655677656,0.357326007326007,0,0.00476190476190476,0.0549450549450549,0.567399267399267
179273.411807,2598866.126422,0.00825688073394495,0.359082568807339,0,0.00018348623853211,0.0361467889908257,0.596330275229358
179773.411807,2598866.126422,0.0344890845716382,0.410750321042011,0,0,0.00935608145294441,0.545404512933407
180273.411807,2598866.126422,0.00695970695970696,0.388095238095238,0,0.000732600732600733,0.0126373626373626,0.591575091575092
180773.411807,2598866.126422,0.0122935779816514,0.352844036697248,0,0.00422018348623853,0.0302752293577982,0.600366972477064
181273.411807,2598866.126422,0.0706292423408549,0.171895065125665,0.0126582278481013,0.0328380113740598,0.0638414969730325,0.648137956338287
181773.411807,2598866.126422,0.0824175824175824,0.187545787545788,0,0.178021978021978,0.129304029304029,0.422710622710623
182273.411807,2598866.126422,0.0581651376146789,0.342385321100917,0,0.0792660550458716,0.11651376146789,0.403669724770642
182773.411807,2598866.126422,0.0799853237937993,0.427077600440286,0,0.029535864978903,0.0774169877086773,0.385984223078334
183273.411807,2598866.126422,0.0690476190476191,0.235897435897436,0.00256410256410256,0.229304029304029,0.0974358974358974,0.365750915750916
183773.411807,2598866.126422,0.0796330275229358,0.238348623853211,0.00018348623853211,0.204403669724771,0.159266055045872,0.318165137614679
184273.411807,2598866.126422,0.0576041093377362,0.45074298293891,0,0.0869565217391304,0.0713630526508897,0.333333333333333
184773.411807,2598866.126422,0.0503663003663004,0.580952380952381,0,0.00366300366300366,0.0468864468864469,0.318131868131868
185273.411807,2598866.126422,0.0223853211009174,0.614678899082569,0.0124770642201835,0.0179816513761468,0.0943119266055046,0.238165137614679
185773.411807,2598866.126422,0.109154283617685,0.493854338653458,0,0.0119244175380664,0.0585213722252798,0.326545587965511
173773.411807,2598366.126422,0.0375457875457875,0.448351648351648,0,0.00567765567765568,0.0315018315018315,0.476923076923077
174273.411807,2598366.126422,0.0458379171250458,0.551888522185552,0,0,0.0011001100110011,0.401173450678401
174773.411807,2598366.126422,0.141391941391941,0.366300366300366,0.0523809523809524,0.000549450549450549,0.0043956043956044,0.434981684981685
175273.411807,2598366.126422,0.12014652014652,0.463736263736264,0.0512820512820513,0,0.0210622710622711,0.343772893772894
175773.411807,2598366.126422,0.111294462779611,0.297763109644298,0,0.0577557755775578,0.134396773010634,0.398789878987899
176273.411807,2598366.126422,0.0595238095238095,0.271428571428571,0,0.0921245421245421,0.181135531135531,0.395787545787546
176773.411807,2598366.126422,0.0648351648351648,0.435347985347985,0.0534798534798535,0.0247252747252747,0.0106227106227106,0.410989010989011
177273.411807,2598366.126422,0.0643564356435644,0.187752108544188,0,0.0234690135680235,0.0436376971030436,0.680784745141181
177773.411807,2598366.126422,0.143406593406593,0.112637362637363,0,0.100732600732601,0.221062271062271,0.422161172161172
178273.411807,2598366.126422,0.0789377289377289,0.177472527472527,0.0265567765567766,0.0111721611721612,0.0313186813186813,0.674542124542125
178773.411807,2598366.126422,0.0434543454345435,0.495232856618995,0,0.000366703337000367,0.033003300330033,0.427942794279428
179273.411807,2598366.126422,0.100549450549451,0.365567765567766,0,0.00915750915750916,0.0476190476190476,0.477106227106227
179773.411807,2598366.126422,0.0562271062271062,0.374908424908425,0,0.000366300366300366,0.0223443223443223,0.546153846153846
180273.411807,2598366.126422,0.092042537587092,0.38980564723139,0.00055005500550055,0.00935093509350935,0.0667400073340667,0.441510817748442
180773.411807,2598366.126422,0.0935897435897436,0.317216117216117,0,0.000732600732600733,0.0205128205128205,0.567948717948718
181273.411807,2598366.126422,0.0646520146520147,0.526556776556777,0.00695970695970696,0.0509157509157509,0.0608058608058608,0.29010989010989
181773.411807,2598366.126422,0.116978364503117,0.0858085808580858,0.0066006600660066,0.252291895856252,0.306197286395306,0.232123212321232
182273.411807,2598366.126422,0.0428571428571429,0.310805860805861,0,0.113553113553114,0.191575091575092,0.341208791208791
182773.411807,2598366.126422,0.0443223443223443,0.578937728937729,0,0.00366300366300366,0.0468864468864469,0.326190476190476
183273.411807,2598366.126422,0.152548588192153,0.375137513751375,0,0.0212687935460213,0.0667400073340667,0.384305097176384
183773.411807,2598366.126422,0.0846153846153846,0.260805860805861,0.0201465201465201,0.0428571428571429,0.0879120879120879,0.503663003663004
184273.411807,2598366.126422,0.282783882783883,0.297619047619048,0,0.00128205128205128,0.0357142857142857,0.382600732600733
184773.411807,2598366.126422,0.254675467546755,0.177667766776678,0,0.00165016501650165,0.0524385771910524,0.513568023469014
185273.411807,2598366.126422,0.207326007326007,0.430586080586081,0,0.00677655677655678,0.0686813186813187,0.286630036630037
185773.411807,2598366.126422,0.185714285714286,0.376373626373626,0,0.0043956043956044,0.0355311355311355,0.397985347985348
173773.411807,2597866.126422,0.11186502842472,0.287731523931781,0,0.0720704199523198,0.124518613607189,0.40381441408399
174273.411807,2597866.126422,0.116914055341763,0.451530144768188,0.0219901044529962,0.0262048744731537,0.00494777350192413,0.378413047461975
174773.411807,2597866.126422,0.065149568728207,0.487795925857956,0.0620297302257295,0.0122958340979996,0.00367039823820885,0.369058542851899
175273.411807,2597866.126422,0.068402714102329,0.394278378874014,0,0.0166880616174583,0.077205208142307,0.443425637263891
175773.411807,2597866.126422,0.0410481949789262,0.293384643577057,0,0.0186915887850467,0.0544255085211655,0.592450064137805
176273.411807,2597866.126422,0.0699210864378785,0.181501192879427,0,0.176362635345935,0.258396035969903,0.313819049366856
176773.411807,2597866.126422,0.0568494406748579,0.403447643498991,0.00311754997249221,0.033192737942417,0.0386942967174033,0.464698331193838
177273.411807,2597866.126422,0.0379329301814184,0.239692138537658,0.0557082646142569,0.00109950522264981,0.0221733553234378,0.643393806120579
177773.411807,2597866.126422,0.1036887502294,0.0833180400073408,0.0750596439713709,0.0110111947146265,0.0341347036153423,0.69278766746192
178273.411807,2597866.126422,0.301302035576747,0.0777553640198056,0.0372272143774069,0.0168714469099578,0.0425453878598936,0.524298551256189
178773.411807,2597866.126422,0.150082462891699,0.126992853216053,0.024555616639179,0.101520982224666,0.150632215503024,0.44621586952538
179273.411807,2597866.126422,0.00165167920719398,0.450541383740136,0.00623967700495504,0.02073775004588,0.0220223894292531,0.498807120572582
179773.411807,2597866.126422,0.0451127819548872,0.273977626994315,0,0.00146708233999633,0.0465798642948836,0.632862644415918
180273.411807,2597866.126422,0.0269378779549203,0.21751878321422,0,0.00219901044529962,0.0822796408282939,0.671064687557266
180773.411807,2597866.126422,0.0288126261699394,0.276197467425216,0,0,0.0227564690768948,0.67223343732795
181273.411807,2597866.126422,0.0097194205024757,0.365670273244086,0,0.0278745644599303,0.0181551439574546,0.578580597836054
181773.411807,2597866.126422,0.0463624702217336,0.374015026571376,0,0.0133773135422393,0.042147700201576,0.524097489463075
182273.411807,2597866.126422,0.0587263718113415,0.439346669113599,0,0.0541383740135805,0.109377867498624,0.338410717562856
182773.411807,2597866.126422,0.0304419585549239,0.651567944250871,0.00641848523748395,0.00201723821749496,0.0212726939299468,0.288281679809279
183273.411807,2597866.126422,0.0573575224482316,0.345794392523364,0,0.0470954737035001,0.101887483965549,0.447865127359355
183773.411807,2597866.126422,0.339328317122408,0.0787300422095797,0,0.066801247935401,0.0528537346302074,0.462286658102404
184273.411807,2597866.126422,0.160828901522098,0.119017054832202,0.000550155877498625,0.0783055198973042,0.117916743077205,0.523381624793692
184773.411807,2597866.126422,0.074216602528862,0.200109950522265,0,0.062671797691039,0.0914421843503757,0.571559464907458
185273.411807,2597866.126422,0.195815746008442,0.0868049183336392,0,0.0688199669664159,0.0715727656450725,0.576986603046431
185773.411807,2597866.126422,0.107280396112232,0.201723821749496,0,0.0394278378874014,0.070786722904823,0.580781221346048
173773.411807,2597366.126422,0.0944780774169877,0.313703907539901,0.0627407815079802,0.0225646670335718,0.0344890845716382,0.472023481929921
174273.411807,2597366.126422,0.155128205128205,0.322161172161172,0.144688644688645,0.0210622710622711,0.00201465201465201,0.354945054945055
174773.411807,2597366.126422,0.0502752293577982,0.483669724770642,0,0.00385321100917431,0.0739449541284404,0.388256880733945
175273.411807,2597366.126422,0.0753990093560815,0.312786644652357,0.00220143093010457,0.0168776371308017,0.060906255732893,0.531829022197762
175773.411807,2597366.126422,0.0397435897435897,0.282234432234432,0.000183150183150183,0.0811355311355311,0.0684981684981685,0.528205128205128
176273.411807,2597366.126422,0.0130275229357798,0.496697247706422,0,0.00623853211009174,0.0286238532110092,0.455412844036697
176773.411807,2597366.126422,0.0845716382315172,0.30673270959457,0.000733810310034856,0.0203632361034673,0.0678774536782242,0.519721152082187
177273.411807,2597366.126422,0.0664835164835165,0.143406593406593,0.00183150183150183,0.0157509157509158,0.0833333333333333,0.689194139194139
177773.411807,2597366.126422,0.207339449541284,0.0128440366972477,0.0277064220183486,0.0631192660550459,0.06,0.628990825688073
178273.411807,2597366.126422,0.173913043478261,0.0392588515868648,0,0.0706292423408549,0.114290955787929,0.601907906806091
178773.411807,2597366.126422,0.116666666666667,0.0807692307692308,0,0.0333333333333333,0.0765567765567766,0.692673992673993
179273.411807,2597366.126422,0.058348623853211,0.395596330275229,0.0255045871559633,0.0238532110091743,0.122935779816514,0.373761467889908
179773.411807,2597366.126422,0.00715465052283985,0.506696019079068,0,0.0108237020730141,0.0911759310218309,0.384149697303247
180273.411807,2597366.126422,0.0291208791208791,0.229120879120879,0,0.000366300366300366,0.0305860805860806,0.710805860805861
180773.411807,2597366.126422,0.0251376146788991,0.0018348623853211,0,0.0144954128440367,0.0205504587155963,0.937981651376147
181273.411807,2597366.126422,0.332782975600807,0.270409099247844,0,0.00146762062006971,0.00642084021280499,0.388919464318474
181773.411807,2597366.126422,0.0232600732600733,0.517765567765568,0,0.0184981684981685,0.0448717948717949,0.395604395604396
182273.411807,2597366.126422,0.0179816513761468,0.422935779816514,0,0.0372477064220183,0.151559633027523,0.370275229357798
182773.411807,2597366.126422,0.0181618051733627,0.583012291322693,0,0.0144927536231884,0.116492386718033,0.267840763162722
183273.411807,2597366.126422,0.106227106227106,0.207875457875458,0,0.00750915750915751,0.0771062271062271,0.601282051282051
183773.411807,2597366.126422,0.14348623853211,0.14954128440367,0,0.00018348623853211,0.0392660550458716,0.667522935779816
184273.411807,2597366.126422,0.0726472206934507,0.60777838928637,0,0.00110071546505228,0.0425609979820216,0.275912676573106
184773.411807,2597366.126422,0.314102564102564,0.0990842490842491,0,0.00201465201465201,0.0346153846153846,0.55018315018315
185273.411807,2597366.126422,0.0295412844036697,0.332660550458716,0,0.00073394495412844,0.033394495412844,0.603669724770642
185773.411807,2597366.126422,0.0603558980003669,0.607594936708861,0,0.00146762062006971,0.0155934690882407,0.314988075582462
173773.411807,2596866.126422,0.15970695970696,0.395238095238095,0.130769230769231,0.00494505494505494,0.00366300366300366,0.305677655677656
174273.411807,2596866.126422,0.0872753942060873,0.435276861019435,0,0.0377704437110378,0.0938760542720939,0.345801246791346
174773.411807,2596866.126422,0.105677655677656,0.177289377289377,0,0.239010989010989,0.193772893772894,0.284249084249084
175273.411807,2596866.126422,0.0542124542124542,0.400732600732601,0,0.0298534798534799,0.0402930402930403,0.474908424908425
175773.411807,2596866.126422,0.0407040704070407,0.371470480381371,0,0.00806747341400807,0.0168683535020169,0.562889622295563
176273.411807,2596866.126422,0.0133699633699634,0.468864468864469,0,0,0.00860805860805861,0.509157509157509
176773.411807,2596866.126422,0.0879120879120879,0.256593406593407,0,0.0124542124542125,0.0934065934065934,0.5496336996337
177273.411807,2596866.126422,0.0605060506050605,0.0986431976530986,0.00605060506050605,0.00898423175650898,0.0707737440410708,0.755042170883755
177773.411807,2596866.126422,0.0472527472527473,0.0534798534798535,0.254945054945055,0.124175824175824,0.107326007326007,0.412820512820513
178273.411807,2596866.126422,0.127472527472527,0.0010989010989011,0,0.000732600732600733,0.0146520146520147,0.856043956043956
178773.411807,2596866.126422,0.220572057205721,0.188485515218188,0,0,0.0223689035570224,0.568573524019069
179273.411807,2596866.126422,0.207142857142857,0.505494505494505,0,0.0010989010989011,0.0254578754578755,0.260805860805861
179773.411807,2596866.126422,0.0796703296703297,0.52967032967033,0,0.000366300366300366,0.0216117216117216,0.368681318681319
180273.411807,2596866.126422,0.160982764943161,0.204987165383205,0,0.00165016501650165,0.0484048404840484,0.583975064173084
180773.411807,2596866.126422,0.0184981684981685,0.11996336996337,0.00366300366300366,0.0313186813186813,0.0895604395604396,0.736996336996337
181273.411807,2596866.126422,0.135897435897436,0.297802197802198,0,0.0135531135531136,0.10018315018315,0.452564102564103
181773.411807,2596866.126422,0.0392372570590392,0.496332966629996,0.00275027502750275,0.0418041804180418,0.152915291529153,0.266960029336267
182273.411807,2596866.126422,0.039010989010989,0.430586080586081,0,0.0131868131868132,0.0432234432234432,0.473992673992674
182773.411807,2596866.126422,0.0285714285714286,0.546520146520146,0.00201465201465201,0.0377289377289377,0.0135531135531136,0.371611721611722
183273.411807,2596866.126422,0.00623395672900623,0.572973964063073,0,0.0740740740740741,0.0458379171250458,0.300880088008801
183773.411807,2596866.126422,0.0619047619047619,0.182967032967033,0,0.00146520146520147,0.00805860805860806,0.745604395604396
184273.411807,2596866.126422,0.0543956043956044,0.383699633699634,0,0,0.00769230769230769,0.554212454212454
184773.411807,2596866.126422,0.181518151815182,0.0748074807480748,0,0,0.0331866519985332,0.710487715438211
185273.411807,2596866.126422,0.141025641025641,0.201282051282051,0,0.000183150183150183,0.0168498168498168,0.640659340659341
185773.411807,2596866.126422,0.424175824175824,0.232600732600733,0,0.00183150183150183,0.0393772893772894,0.302014652014652
173773.411807,2596366.126422,0.274344397579314,0.0902255639097744,0.0225563909774436,0.148908857509628,0.152209792774619,0.311754997249221
174273.411807,2596366.126422,0.125710097122961,0.327469305479201,0,0.0540590067802822,0.0811801356056441,0.411581455011911
174773.411807,2596366.126422,0.147182969352175,0.162231602128831,0,0.105523949348504,0.13268489631125,0.45237658285924
175273.411807,2596366.126422,0.039611223179901,0.383458646616541,0,0.0102695763799743,0.0163212910324592,0.550339262791124
175773.411807,2596366.126422,0.0608392889866227,0.417811984606927,0,0.00458127176104087,0.0227231079347627,0.494044346710647
176273.411807,2596366.126422,0.0824004404477886,0.321710405579005,0.000917599559552211,0.0475316571848046,0.0941457148100569,0.453294182418792
176773.411807,2596366.126422,0.122501375389694,0.114799193104713,0,0.101595452044746,0.157527966257106,0.503576013203741
177273.411807,2596366.126422,0.064687557265897,0.0342679127725857,0.0161260765988638,0.0282206340480117,0.103719992669965,0.752977826644677
177773.411807,2596366.126422,0.0596439713708937,0.0284455863461186,0.00422095797394017,0.368875022939989,0.227748210680859,0.3110662506882
178273.411807,2596366.126422,0.169448010269576,0.0322758114799193,0,0.190904089492023,0.152393178067119,0.454978910691363
178773.411807,2596366.126422,0.12222833058457,0.126809602345611,0,0.0520432472054242,0.105735752244823,0.593183067619571
179273.411807,2596366.126422,0.165351440631308,0.442650027527987,0,0.0122958340979996,0.0950633143696091,0.284639383373096
179773.411807,2596366.126422,0.21181001283697,0.38015771135155,0,0.0100861910874748,0.0770218228498075,0.320924261874198
180273.411807,2596366.126422,0.158328752061572,0.030602895363753,0,0.0555250137438153,0.0696353307678211,0.685908008063038
180773.411807,2596366.126422,0.155991925123876,0.191227748210681,0.00311983850247752,0.0699210864378785,0.0961644338410718,0.483574967884015
181273.411807,2596366.126422,0.0673024023473317,0.162479369154594,0.00128369704749679,0.178250504309554,0.220245736291949,0.370438290849074
181773.411807,2596366.126422,0.0481949789261499,0.388308594465824,0.0053142752428074,0.101704233095107,0.0960234561114165,0.360454462158695
182273.411807,2596366.126422,0.0141310332171041,0.628372178381354,0.00238575885483575,0.00862543585979079,0.0198201504863278,0.326665443200587
182773.411807,2596366.126422,0.0381441408399046,0.678708967540803,0,0.000366770584999083,0.0278745644599303,0.254905556574363
183273.411807,2596366.126422,0.0137438152831226,0.652006597031336,0,0.0232728605460876,0.0535092541689573,0.257467472970497
183773.411807,2596366.126422,0.0412919801798495,0.233070288126262,0.107359148467609,0,0.0209212699577904,0.59735731326849
184273.411807,2596366.126422,0,0.458463231248854,0,0,0.0148542086924629,0.526682560058683
184773.411807,2596366.126422,0.142202675462708,0.279274326553051,0,0.0280373831775701,0.0637713029136888,0.486714311892981
185273.411807,2596366.126422,0.0431271792989539,0.639383373095981,0,0,0.0300972655533125,0.287392182051753
185773.411807,2596366.126422,0.183018521914542,0.369888134971575,0,0,0.0249403997799376,0.422152943333945
173773.411807,2595866.126422,0.119977985690699,0.213538800220143,0,0.191707943496606,0.117226197028068,0.357549073564484
174273.411807,2595866.126422,0.104761904761905,0.187362637362637,0.000732600732600733,0.174175824175824,0.0963369963369963,0.436630036630037
174773.411807,2595866.126422,0.0442201834862385,0.230275229357798,0,0.281100917431193,0.149174311926606,0.295229357798165
175273.411807,2595866.126422,0.0651256650155935,0.325444872500459,0,0.0897083104017612,0.0816363969913777,0.438084755090809
175773.411807,2595866.126422,0.10018315018315,0.235347985347985,0,0.0846153846153846,0.0923076923076923,0.487545787545788
176273.411807,2595866.126422,0.0511926605504587,0.0313761467889908,0,0.0546788990825688,0.100183486238532,0.76256880733945
176773.411807,2595866.126422,0.177949000183453,0.023115024766098,0.00220143093010457,0.170610897083104,0.274078150798019,0.352045496239222
177273.411807,2595866.126422,0.0304029304029304,0.0357142857142857,0.0100732600732601,0.203846153846154,0.189377289377289,0.530586080586081
177773.411807,2595866.126422,0.11045871559633,0.0289908256880734,0.00256880733944954,0.288256880733945,0.221651376146789,0.348073394495413
178273.411807,2595866.126422,0.0392588515868648,0.0168776371308017,0,0.410016510731976,0.308016877637131,0.225830122913227
178773.411807,2595866.126422,0.167948717948718,0.132967032967033,0.00201465201465201,0.0783882783882784,0.128205128205128,0.49047619047619
179273.411807,2595866.126422,0.0990825688073395,0.368623853211009,0,0.021651376146789,0.0759633027522936,0.434678899082569
179773.411807,2595866.126422,0.0535681526325445,0.405980554026784,0,0.00275178866263071,0.0550357732526142,0.482663731425427
180273.411807,2595866.126422,0.0807692307692308,0.317399267399267,0,0.0271062271062271,0.0457875457875458,0.528937728937729
180773.411807,2595866.126422,0.0609174311926605,0.25045871559633,0.00513761467889908,0.176330275229358,0.124403669724771,0.382752293577982
181273.411807,2595866.126422,0.0651256650155935,0.378462667400477,0,0.0264171711612548,0.0491652907723353,0.480829205650339
181773.411807,2595866.126422,0.108791208791209,0.196520146520147,0.0152014652014652,0.204578754578755,0.177655677655678,0.297252747252747
182273.411807,2595866.126422,0.0304587155963303,0.482385321100917,0,0.0100917431192661,0.0409174311926606,0.436146788990826
182773.411807,2595866.126422,0.00330214639515685,0.727022564667034,0,0.00550357732526142,0.0304531278664465,0.233718583746102
183273.411807,2595866.126422,0.0148351648351648,0.762820512820513,0.000366300366300366,0.00201465201465201,0.0186813186813187,0.201282051282051
183773.411807,2595866.126422,0.231743119266055,0.432477064220184,0.0278899082568807,0.0104587155963303,0.0119266055045872,0.285504587155963
184273.411807,2595866.126422,0.227664648688314,0.25389836727206,0,0.00238488350761328,0.0165107319757843,0.499541368556228
184773.411807,2595866.126422,0.221794871794872,0.23956043956044,0.0032967032967033,0.0302197802197802,0.0727106227106227,0.432417582417582
185273.411807,2595866.126422,0.073394495412844,0.433394495412844,0.0018348623853211,0.00165137614678899,0.044954128440367,0.444770642201835
185773.411807,2595866.126422,0.0532012474775271,0.0443955237571088,0.0418271876719868,0.000550357732526142,0.00862227114290956,0.851403412217942
173773.411807,2595366.126422,0.0679487179487179,0.263369963369963,0,0.0496336996336996,0.0758241758241758,0.543223443223443
174273.411807,2595366.126422,0.0738907224055739,0.129262926292629,0.00275027502750275,0.118811881188119,0.181884855152182,0.493399339933993
174773.411807,2595366.126422,0.05,0.0793040293040293,0,0.386813186813187,0.298351648351648,0.185531135531136
175273.411807,2595366.126422,0.0217948717948718,0.320695970695971,0,0.0212454212454212,0.0747252747252747,0.561538461538462
175773.411807,2595366.126422,0.0106343967730106,0.440777411074441,0,0.0113678034470114,0.0418041804180418,0.495416208287495
176273.411807,2595366.126422,0.0183150183150183,0.499450549450549,0.000366300366300366,0.0010989010989011,0.0172161172161172,0.463553113553114
176773.411807,2595366.126422,0.0435897435897436,0.213553113553114,0.00201465201465201,0.0467032967032967,0.0553113553113553,0.638827838827839
177273.411807,2595366.126422,0.19050238357169,0.0209020902090209,0.00183351668500183,0.277411074440777,0.223872387238724,0.285478547854785
177773.411807,2595366.126422,0.20989010989011,0.023992673992674,0.000366300366300366,0.267399267399267,0.214468864468864,0.283882783882784
178273.411807,2595366.126422,0.0327838827838828,0.0677655677655678,0,0.48974358974359,0.165750915750916,0.243956043956044
178773.411807,2595366.126422,0.147781444811148,0.282361569490282,0,0.0234690135680235,0.100843417675101,0.445544554455446
179273.411807,2595366.126422,0.0860805860805861,0.352747252747253,0,0.0456043956043956,0.106959706959707,0.408608058608059
179773.411807,2595366.126422,0.095970695970696,0.232783882783883,0.000732600732600733,0.0664835164835165,0.131501831501832,0.472527472527473
180273.411807,2595366.126422,0.148148148148148,0.263109644297763,0,0.0099009900990099,0.0295196186285295,0.549321598826549
180773.411807,2595366.126422,0.0787545787545788,0.039010989010989,0.0139194139194139,0.281318681318681,0.150732600732601,0.436263736263736
181273.411807,2595366.126422,0.274908424908425,0.187179487179487,0,0.0120879120879121,0.0902930402930403,0.435531135531136
181773.411807,2595366.126422,0.0982764943160983,0.246241290795746,0.00275027502750275,0.233406674000733,0.156215621562156,0.263109644297763
182273.411807,2595366.126422,0.0494505494505494,0.607509157509157,0,0.0179487179487179,0.0611721611721612,0.263919413919414
182773.411807,2595366.126422,0.0496336996336996,0.727289377289377,0,0.00989010989010989,0.058974358974359,0.154212454212454
183273.411807,2595366.126422,0.074990832416575,0.747891455812248,0,0.0033003300330033,0.0375870920425376,0.136230289695636
183773.411807,2595366.126422,0.0265567765567766,0.789377289377289,0,0.0163003663003663,0.0192307692307692,0.148534798534799
184273.411807,2595366.126422,0.0547619047619048,0.659157509157509,0,0.0203296703296703,0.0692307692307692,0.196520146520147
184773.411807,2595366.126422,0.0425375870920425,0.674000733406674,0.00275027502750275,0.00971763843050972,0.061972863953062,0.209020902090209
185273.411807,2595366.126422,0.107142857142857,0.304578754578755,0,0.10970695970696,0.18003663003663,0.298534798534799
185773.411807,2595366.126422,0.117582417582418,0.388095238095238,0.0223443223443223,0.0804029304029304,0.107692307692308,0.283882783882784
173773.411807,2594866.126422,0.0680359435173299,0.309004217861727,0.000183385292499542,0.0317256556024207,0.0806895286997983,0.510361269026224
174273.411807,2594866.126422,0.0525929998167491,0.246105919003115,0,0.108484515301448,0.16364302730438,0.429173538574308
174773.411807,2594866.126422,0.0893741971003854,0.179849513672233,0,0.129014498073041,0.130482657368324,0.471279133786016
175273.411807,2594866.126422,0.0286081056299285,0.260957271226848,0,0.0359435173299101,0.10801393728223,0.566477168531084
175773.411807,2594866.126422,0.0168590800806304,0.447865127359355,0,0.0238226131574125,0.0227231079347627,0.488730071467839
176273.411807,2594866.126422,0.0233070288126262,0.496788401541567,0,0.00183519911910442,0.00752431638832813,0.470545054138374
176773.411807,2594866.126422,0.133687878232166,0.141206675224647,0,0.0810562992847974,0.144507610489639,0.499541536768751
177273.411807,2594866.126422,0.0941909474070002,0.111233278358072,0.00238226131574125,0.250870441634598,0.156862745098039,0.384460326186549
177773.411807,2594866.126422,0.0871719581574601,0.0295467058175812,0.00165167920719398,0.394567810607451,0.243530923105157,0.243530923105157
178273.411807,2594866.126422,0.0564826700898588,0.239317806711902,0,0.328809829451678,0.122317990097194,0.253071703649367
178773.411807,2594866.126422,0.105002748763057,0.344328385559831,0,0.000733003481766538,0.0196078431372549,0.530328019058091
179273.411807,2594866.126422,0.0699210864378785,0.382088456597541,0,0.0110111947146265,0.0335841438796109,0.503395118370343
179773.411807,2594866.126422,0.0451127819548872,0.291399229781772,0.00110031175499725,0.0231065468549422,0.0590500641848524,0.580231065468549
180273.411807,2594866.126422,0.0500274876305662,0.141836173721825,0,0.0208905992303463,0.0712845886017959,0.715961150815466
180773.411807,2594866.126422,0.101119471462654,0.0297302257294917,0.00807487612405946,0.114149385208295,0.106258028996146,0.640668012479354
181273.411807,2594866.126422,0.232349165596919,0.115165963689712,0,0.0773885934348065,0.131303869429672,0.443792407848891
181773.411807,2594866.126422,0.124244090159428,0.146783947223749,0.00183250870441635,0.280373831775701,0.189664650907092,0.257100971229613
182273.411807,2594866.126422,0.0912093962194898,0.326114883464856,0.00201871903101487,0.164800880895577,0.137272894109011,0.278583226280051
182773.411807,2594866.126422,0.0955437373922611,0.471483587016321,0,0.0607005318173482,0.109114249037227,0.263157894736842
183273.411807,2594866.126422,0.0683525746747297,0.318306761957119,0.000183250870441635,0.192230163093275,0.217702034084662,0.203225215319773
183773.411807,2594866.126422,0.0121123141860892,0.617728023490549,0.0082583960359699,0.0680858873187741,0.0291796659937603,0.264635712974858
184273.411807,2594866.126422,0.0390610673024023,0.577113515496057,0,0.0128369704749679,0.0561158995048597,0.314872547221713
184773.411807,2594866.126422,0.0514934945940993,0.691772035917171,0,0.0131940626717977,0.0668865677111966,0.176653839105736
185273.411807,2594866.126422,0.0480822169205359,0.720315654248486,0,0.00991007524316388,0.0363369425582676,0.185355111029547
185773.411807,2594866.126422,0.0757381258023107,0.457362919493857,0,0.0502475701448744,0.130203557674674,0.286447826884284
173773.411807,2594366.126422,0.0627407815079802,0.404879838561732,0.00678774536782242,0.0541185103650706,0.0460465969546872,0.425426527242708
174273.411807,2594366.126422,0.0501831501831502,0.264468864468864,0,0.151465201465201,0.180769230769231,0.353113553113553
174773.411807,2594366.126422,0.0548623853211009,0.444954128440367,0,0.08,0.0944954128440367,0.325688073394495
175273.411807,2594366.126422,0.0664098330581545,0.445606310768666,0.00476976701522656,0.0385250412768299,0.0467804072647221,0.397908640616401
175773.411807,2594366.126422,0.0443223443223443,0.33040293040293,0.0507326007326007,0.0732600732600733,0.0362637362637363,0.465018315018315
176273.411807,2594366.126422,0.133761467889908,0.199816513761468,0.0236697247706422,0.0577981651376147,0.0557798165137615,0.529174311926605
176773.411807,2594366.126422,0.103100348559897,0.122546321775821,0.0387084938543387,0.0267840763162722,0.0429279031370391,0.665932856356632
177273.411807,2594366.126422,0.0873626373626374,0.138644688644689,0.000366300366300366,0.102197802197802,0.144139194139194,0.527289377289377
177773.411807,2594366.126422,0.0779816513761468,0.0522935779816514,0,0.0267889908256881,0.0702752293577982,0.772660550458716
178273.411807,2594366.126422,0.0491652907723353,0.256283250779673,0,0.00458631443771785,0.0159603742432581,0.674004769767015
178773.411807,2594366.126422,0.0615384615384615,0.425091575091575,0,0.000549450549450549,0.0197802197802198,0.493040293040293
179273.411807,2594366.126422,0.051743119266055,0.387889908256881,0,0,0.0124770642201835,0.547889908256881
179773.411807,2594366.126422,0.0454962392221611,0.238121445606311,0,0.0319207484865162,0.0803522289488167,0.604109337736195
180273.411807,2594366.126422,0.13974358974359,0.24029304029304,0,0.021978021978022,0.0981684981684982,0.49981684981685
180773.411807,2594366.126422,0.0488073394495413,0.318348623853211,0.00880733944954129,0.0471559633027523,0.11743119266055,0.459449541284404
181273.411807,2594366.126422,0.00568702990277013,0.619886259401945,0,0.001284168042561,0.0119244175380664,0.361218125114658
181773.411807,2594366.126422,0.0794871794871795,0.396703296703297,0,0.0875457875457875,0.131868131868132,0.304395604395604
182273.411807,2594366.126422,0.076697247706422,0.358348623853211,0,0.063302752293578,0.108256880733945,0.393394495412844
182773.411807,2594366.126422,0.11704274445056,0.199412951751972,0.00165107319757843,0.294624839478995,0.157585764079985,0.22968262704091
183273.411807,2594366.126422,0.120512820512821,0.178937728937729,0,0.235531135531136,0.181318681318681,0.283699633699634
183773.411807,2594366.126422,0.0735779816513761,0.548990825688073,0,0.0921100917431193,0.0904587155963303,0.194862385321101
184273.411807,2594366.126422,0.0405430196294258,0.454595487066593,0.00880572372041827,0.149880755824619,0.0587048248027885,0.287470188956155
184773.411807,2594366.126422,0.0897435897435897,0.368681318681319,0.0104395604395604,0.0749084249084249,0.0750915750915751,0.381135531135531
185273.411807,2594366.126422,0.154678899082569,0.597614678899083,0,0.0412844036697248,0.0313761467889908,0.175045871559633
185773.411807,2594366.126422,0.160337552742616,0.305081636396991,0,0.00091726288754357,0.0576041093377362,0.476059438635113
173773.411807,2593866.126422,0.126190476190476,0.19010989010989,0.0450549450549451,0.0558608058608059,0.0886446886446886,0.494139194139194
174273.411807,2593866.126422,0.0737073707370737,0.486248624862486,0.0473047304730473,0.0438210487715438,0.0331866519985332,0.315731573157316
174773.411807,2593866.126422,0.0358974358974359,0.378021978021978,0.0188644688644689,0.0752747252747253,0.113186813186813,0.378754578754579
175273.411807,2593866.126422,0.0487179487179487,0.142307692307692,0.00384615384615385,0.245604395604396,0.210622710622711,0.348901098901099
175773.411807,2593866.126422,0.0155848918225156,0.138063806380638,0,0.29006233956729,0.137513751375138,0.418775210854419
176273.411807,2593866.126422,0.0554945054945055,0.0639194139194139,0,0.55952380952381,0.122893772893773,0.198168498168498
176773.411807,2593866.126422,0.133699633699634,0.0549450549450549,0.0474358974358974,0.0769230769230769,0.0813186813186813,0.605677655677656
177273.411807,2593866.126422,0.233406674000733,0.0374037403740374,0,0.0539053905390539,0.124312431243124,0.550971763843051
177773.411807,2593866.126422,0.112637362637363,0.276556776556777,0.000366300366300366,0.0278388278388278,0.102747252747253,0.47985347985348
178273.411807,2593866.126422,0.0100732600732601,0.473809523809524,0,0.0274725274725275,0.0467032967032967,0.441941391941392
178773.411807,2593866.126422,0.0286028602860286,0.377154382104877,0,0.00751741840850752,0.0465713237990466,0.54015401540154
179273.411807,2593866.126422,0.0269230769230769,0.367216117216117,0,0.0141025641025641,0.0549450549450549,0.536813186813187
179773.411807,2593866.126422,0.0487179487179487,0.142124542124542,0,0.000915750915750916,0.0298534798534799,0.778388278388278
180273.411807,2593866.126422,0.0553722038870554,0.425559222588926,0.000366703337000367,0.00348368170150348,0.0324532453245325,0.482764943160983
180773.411807,2593866.126422,0.0470695970695971,0.503479853479853,0.00989010989010989,0.0551282051282051,0.105677655677656,0.278754578754579
181273.411807,2593866.126422,0.0128205128205128,0.621978021978022,0,0.0133699633699634,0.0327838827838828,0.319047619047619
181773.411807,2593866.126422,0.0396039603960396,0.668500183351668,0,0.0737073707370737,0.0907590759075908,0.127429409607627
182273.411807,2593866.126422,0.0619047619047619,0.513003663003663,0,0.113736263736264,0.0836996336996337,0.227655677655678
182773.411807,2593866.126422,0.0554945054945055,0.445604395604396,0.000549450549450549,0.115567765567766,0.139377289377289,0.243406593406593
183273.411807,2593866.126422,0.0319031903190319,0.617345067840117,0.00128346167950128,0.0546387972130546,0.0898423175650898,0.204987165383205
183773.411807,2593866.126422,0.0587912087912088,0.587362637362637,0.000549450549450549,0.0747252747252747,0.0468864468864469,0.231684981684982
184273.411807,2593866.126422,0.0694139194139194,0.325641025641026,0.000732600732600733,0.240842490842491,0.17032967032967,0.193040293040293
184773.411807,2593866.126422,0.0841584158415842,0.207370737073707,0,0.236523652365237,0.168683535020169,0.303263659699303
185273.411807,2593866.126422,0.0913919413919414,0.496886446886447,0.000366300366300366,0.0584249084249084,0.0998168498168498,0.253113553113553
185773.411807,2593866.126422,0.147069597069597,0.381868131868132,0,0.0131868131868132,0.0417582417582418,0.416117216117216
173773.411807,2593366.126422,0.0627177700348432,0.504859710251238,0.048413717219879,0.0584999083073537,0.0436456996148909,0.281863194571795
174273.411807,2593366.126422,0.0822796408282939,0.201575957485798,0.0168590800806304,0.0509437419827744,0.12442734102987,0.523914238592633
174773.411807,2593366.126422,0.0106441548908057,0.168287759221876,0,0.0222059093411635,0.148100568911727,0.650761607634428
175273.411807,2593366.126422,0.0110031175499725,0.395378690629012,0,0.0748211993398129,0.20392444525949,0.314872547221713
175773.411807,2593366.126422,0.0535092541689573,0.290086127909108,0,0.111599780098955,0.160894264247755,0.383910573575224
176273.411807,2593366.126422,0.0168838318957607,0.102587630757937,0,0.328684162231602,0.116535144063131,0.435309231051569
176773.411807,2593366.126422,0.0469466348798826,0.162112598569595,0,0.039611223179901,0.0458463231248854,0.705483220245736
177273.411807,2593366.126422,0.120212571009712,0.394905625801723,0.000366501740883269,0.0216236027121129,0.0185083379146051,0.444383360820964
177773.411807,2593366.126422,0.04147550009176,0.374747660121123,0.0638649293448339,0.0249587080198202,0.0666177280234905,0.428335474398972
