"x","y","forest","agri","water","built","other","grass"
167273.411807,2530366.126422,0.030280785465223,0.104973389612773,0.0798311616810424,0.466140576252523,0.127546338777757,0.191227748210681
167773.411807,2530366.126422,0.061617458279846,0.118650284247203,0.0539152759948652,0.27581147991931,0.152209792774619,0.337795708784155
168273.411807,2530366.126422,0.00146600696353308,0.0797141286421111,0.43833608209639,0.283489096573209,0.045629466739967,0.15136521898479
168773.411807,2530366.126422,0,0,0.455312901449807,0.544687098550193,0,0
169273.411807,2530366.126422,0.123785072437191,0.12818631945718,0.101228681459747,0.362002567394095,0.137538969374656,0.147258389877132
169773.411807,2530366.126422,0.0221733553234378,0.187099138720909,0.203408466190214,0.341029869891882,0.083745647791827,0.16254352208173
170273.411807,2530366.126422,0.0345017434391632,0.230684529271426,0.269040190860708,0.144063130849697,0.109928427234355,0.21178197834465
170773.411807,2530366.126422,0.0474967907573813,0.147075004584632,0.14395745461214,0.0546488171648634,0.0924261874197689,0.514395745461214
171273.411807,2530366.126422,0.0819131390874107,0.0941909474070002,0.0183250870441635,0.126443100604728,0.134139637163277,0.544988088693421
171773.411807,2530366.126422,0.176546155257845,0.0389062213250138,0,0.358781427784915,0.0879060378051019,0.337860157827124
172273.411807,2530366.126422,0.200440124701999,0.0729873464148175,0,0.00146708233999633,0.0372272143774069,0.68787823216578
172773.411807,2530366.126422,0.278295605858855,0.0547840973939509,0,0.00532623169107856,0.0987255088453491,0.562868556210767
167273.411807,2529866.126422,0.0300917431192661,0.0702752293577982,0.467155963302752,0.309174311926605,0.0543119266055046,0.0689908256880734
167773.411807,2529866.126422,0.0245826453861677,0.0854889011190607,0.106769400110072,0.386167675655843,0.103467253714915,0.293524124013942
168273.411807,2529866.126422,0.0232600732600733,0.111904761904762,0.597069597069597,0.137728937728938,0.0445054945054945,0.0855311355311355
168773.411807,2529866.126422,0.00788990825688073,0.026605504587156,0.31045871559633,0.62256880733945,0.00770642201834862,0.0247706422018349
169273.411807,2529866.126422,0,0.111172261970281,0.537882957255549,0.246376811594203,0.0654925701706109,0.0390753990093561
169773.411807,2529866.126422,0.00842490842490842,0.103479853479853,0.41043956043956,0.380769230769231,0.0487179487179487,0.0481684981684982
170273.411807,2529866.126422,0.0258715596330275,0.178348623853211,0.494128440366972,0.0603669724770642,0.0651376146788991,0.176146788990826
170773.411807,2529866.126422,0.194643184736746,0.101999633094845,0.06989543203082,0.0330214639515685,0.0948449825720051,0.505595303614016
171273.411807,2529866.126422,0.103663003663004,0.149450549450549,0.00714285714285714,0.0661172161172161,0.139010989010989,0.534615384615385
171773.411807,2529866.126422,0.0675229357798165,0.278532110091743,0,0.183669724770642,0.0941284403669725,0.376146788990826
172273.411807,2529866.126422,0.0286186020913594,0.231517152815997,0,0.00293524124013942,0.0365070629242341,0.70042194092827
172773.411807,2529866.126422,0.212167300380228,0.082319391634981,0,0.000950570342205323,0.0709125475285171,0.633650190114068
167273.411807,2529366.126422,0.0289377289377289,0.0983516483516483,0.591025641025641,0.0926739926739927,0.0575091575091575,0.131501831501832
167773.411807,2529366.126422,0.000366300366300366,0.0326007326007326,0.450549450549451,0.468681318681319,0.0106227106227106,0.0371794871794872
168273.411807,2529366.126422,0,0.00476714338100477,0.597176384305097,0.397323065639897,0.000733406674000733,0
168773.411807,2529366.126422,0.0186813186813187,0.080952380952381,0.457142857142857,0.322893772893773,0.0622710622710623,0.0580586080586081
169273.411807,2529366.126422,0.00549450549450549,0.156410256410256,0.350915750915751,0.252564102564103,0.0316849816849817,0.202930402930403
169773.411807,2529366.126422,0.00788412174550788,0.085991932526586,0.638063806380638,0.208287495416208,0.0271360469380271,0.0326365969930326
170273.411807,2529366.126422,0.00402930402930403,0.123626373626374,0.513919413919414,0.241758241758242,0.0666666666666667,0.05
170773.411807,2529366.126422,0.0974358974358974,0.0904761904761905,0.0338827838827839,0.256776556776557,0.168131868131868,0.353296703296703
171273.411807,2529366.126422,0.152548588192153,0.151631829849652,0.011001100110011,0.0447378071140447,0.0647231389805647,0.575357535753575
171773.411807,2529366.126422,0.0926739926739927,0.215018315018315,0,0.0228937728937729,0.0619047619047619,0.607509157509157
172273.411807,2529366.126422,0.034981684981685,0.21007326007326,0,0.00164835164835165,0.0551282051282051,0.698168498168498
172773.411807,2529366.126422,0.053483060525314,0.186334221545489,0,0.0654739246288542,0.159116863342215,0.535591929958127
167273.411807,2528866.126422,0.0836850798311617,0.12461002018719,0.183703431822353,0.245916681959993,0.0704716461736098,0.291613140025693
167773.411807,2528866.126422,0.165413533834586,0.0909591050797726,0.0232899321474418,0.280762882816798,0.127636163579681,0.31193838254172
168273.411807,2528866.126422,0.0139270661535642,0.053142752428074,0.765622136705149,0.111233278358072,0.0282206340480117,0.0278541323071285
168773.411807,2528866.126422,0,0.0528537346302074,0.719214534777023,0.205725821251606,0.0167003119838502,0.00550559735731327
169273.411807,2528866.126422,0.0148542086924629,0.0946268109297634,0.560242068586099,0.175683110214561,0.0594168347698515,0.0951769668072621
169773.411807,2528866.126422,0.0298698918819864,0.0872274143302181,0.660252886201209,0.0844786512735936,0.0694520798973795,0.068719076415613
170273.411807,2528866.126422,0.0313819049366856,0.104239309965131,0.338594237474766,0.284822903285006,0.122591301156175,0.118370343182235
170773.411807,2528866.126422,0.0662020905923345,0.0935264991747662,0,0.371538602604071,0.137355584082157,0.331377223546672
171273.411807,2528866.126422,0.117097306212205,0.211288253619205,0.0240058640278541,0.113798790544255,0.0800806303829943,0.453729155213487
171773.411807,2528866.126422,0.0886401174527436,0.214351257111397,0.0196366305744173,0.100018351991191,0.110295467058176,0.467058175812076
172273.411807,2528866.126422,0.0825233816247937,0.0750045846323125,0,0.242802127269393,0.234733174399413,0.364936732074088
172773.411807,2528866.126422,0.0511698687464333,0.168346965950162,0,0.100057066768119,0.13334601483736,0.547080083697927
167273.411807,2528366.126422,0.0209174311926606,0.124220183486239,0.459816513761468,0.32256880733945,0.00422018348623853,0.068256880733945
167773.411807,2528366.126422,0.089157952669235,0.0691616217207852,0.0188956154833975,0.546688680975968,0.105852137222528,0.170243991928087
168273.411807,2528366.126422,0.0503663003663004,0.144871794871795,0.325091575091575,0.23992673992674,0.105128205128205,0.134615384615385
168773.411807,2528366.126422,0,0.149724770642202,0.68,0.123853211009174,0.0196330275229358,0.0267889908256881
169273.411807,2528366.126422,0.00238488350761328,0.023115024766098,0.664832140891579,0.262153733259952,0.0245826453861677,0.0229315721885892
169773.411807,2528366.126422,0.0120879120879121,0.116666666666667,0.617582417582418,0.135714285714286,0.054029304029304,0.0639194139194139
170273.411807,2528366.126422,0.0244036697247706,0.123853211009174,0.450642201834862,0.207706422018349,0.0761467889908257,0.117247706422018
170773.411807,2528366.126422,0.134470739313887,0.086589616584113,0.00165107319757843,0.0847550908090259,0.173546138323243,0.518987341772152
171273.411807,2528366.126422,0.0782051282051282,0.219413919413919,0.0194139194139194,0.00494505494505494,0.045970695970696,0.632051282051282
171773.411807,2528366.126422,0.033394495412844,0.192293577981651,0.207339449541284,0.164036697247706,0.0871559633027523,0.315779816513761
172273.411807,2528366.126422,0.0579710144927536,0.201981287837094,0,0.066042927903137,0.171528159970648,0.502476609796368
172773.411807,2528366.126422,0.0404942965779468,0.263688212927757,0,0.0193916349809886,0.148479087452471,0.527946768060837
167773.411807,2527866.126422,0.10952380952381,0.212271062271062,0.0813186813186813,0.346153846153846,0.0507326007326007,0.2
168273.411807,2527866.126422,0.0625229189585625,0.127062706270627,0.19013568023469,0.48019801980198,0.048954895489549,0.0911257792445911
168773.411807,2527866.126422,0.00421245421245421,0.285164835164835,0.354395604395604,0.228571428571429,0.0247252747252747,0.102930402930403
169273.411807,2527866.126422,0,0.0514652014652015,0.843406593406593,0.0785714285714286,0.000915750915750916,0.0256410256410256
169773.411807,2527866.126422,0.00476714338100477,0.1001100110011,0.651815181518152,0.216354968830216,0.0121012101210121,0.0148514851485149
170273.411807,2527866.126422,0.00677655677655678,0.0681318681318681,0.585347985347985,0.267948717948718,0.0476190476190476,0.0241758241758242
170773.411807,2527866.126422,0.0641025641025641,0.139377289377289,0.0021978021978022,0.228021978021978,0.174175824175824,0.392124542124542
171273.411807,2527866.126422,0.0500550055005501,0.218371837183718,0,0.0386872020535387,0.0918591859185919,0.601026769343601
171773.411807,2527866.126422,0.0347985347985348,0.182234432234432,0,0.0547619047619048,0.0531135531135531,0.675091575091575
172273.411807,2527866.126422,0.0261904761904762,0.221428571428571,0.0159340659340659,0.453846153846154,0.0716117216117216,0.210989010989011
172773.411807,2527866.126422,0.0780357822611344,0.144651693947469,0,0.434716406547392,0.137799771602588,0.204796345641416
167773.411807,2527366.126422,0.0427287731523932,0.0869246286447827,0.367137355584082,0.392994681826518,0.01998899688245,0.0902255639097744
168273.411807,2527366.126422,0.0155763239875389,0.0852116547553601,0.149715961150815,0.694154297232912,0.0254718709913872,0.0298698918819864
168773.411807,2527366.126422,0.00183519911910442,0.0396403009726555,0.0271609469627455,0.923472196733346,0.0012846393833731,0.00660671682877592
169273.411807,2527366.126422,0.000366770584999083,0.0959105079772602,0.678158811663305,0.170915092609573,0.0203557674674491,0.0342930496974143
169773.411807,2527366.126422,0.00348176653839106,0.0489279824079164,0.698735568993953,0.204874473153747,0.0337181601612608,0.0102620487447315
170273.411807,2527366.126422,0.0203707102220591,0.093778674986236,0.624334740319325,0.137639933932832,0.0502844558634612,0.0735914846760874
170773.411807,2527366.126422,0.0394278378874014,0.142673757564643,0.26810929763433,0.18008435723455,0.139189437007152,0.230515312671924
171273.411807,2527366.126422,0.151914971596115,0.099321971779366,0,0.0743998533993036,0.139087410665201,0.535275792560015
171773.411807,2527366.126422,0.0691870067902367,0.102771150669848,0,0.0370710222059093,0.0961644338410718,0.694806386492934
172273.411807,2527366.126422,0.0489638730973776,0.169814780854575,0,0.413900605171465,0.177700348432056,0.189620392444526
172773.411807,2527366.126422,0.0876926003424006,0.121742438653224,0,0.217614609092638,0.0987255088453491,0.474224843066388
168273.411807,2526866.126422,0.0188644688644689,0.147435897435897,0.195054945054945,0.477289377289377,0.0611721611721612,0.10018315018315
168773.411807,2526866.126422,0.0055045871559633,0.182018348623853,0.17302752293578,0.471009174311927,0.0521100917431193,0.116330275229358
169273.411807,2526866.126422,0.00146762062006971,0.0937442671069529,0.0121078701155751,0.856173179233168,0.028251696936342,0.00825536598789213
169773.411807,2526866.126422,0.00824175824175824,0.204578754578755,0.366300366300366,0.309340659340659,0.0238095238095238,0.0877289377289377
170273.411807,2526866.126422,0.00055045871559633,0.0381651376146789,0.760550458715596,0.18348623853211,0.0115596330275229,0.00568807339449541
170773.411807,2526866.126422,0.0605393505778756,0.128783709411117,0.492386718033388,0.0744817464685379,0.0357732526141992,0.208035222894882
171273.411807,2526866.126422,0.182783882783883,0.0750915750915751,0.0521978021978022,0.0115384615384615,0.0840659340659341,0.594322344322344
171773.411807,2526866.126422,0.064954128440367,0.20954128440367,0,0.00825688073394495,0.0387155963302752,0.678532110091743
172273.411807,2526866.126422,0.0728306732709595,0.159236837277564,0,0.281416253898367,0.175564116675839,0.31095211887727
172773.411807,2526866.126422,0.0775665399239544,0.0747148288973384,0,0.321673003802281,0.0885931558935361,0.43745247148289
168273.411807,2526366.126422,0.0119178584525119,0.151448478181151,0.442244224422442,0.248808214154749,0.0482214888155482,0.0973597359735974
168773.411807,2526366.126422,0.0620879120879121,0.127838827838828,0.26978021978022,0.298168498168498,0.0465201465201465,0.195604395604396
169273.411807,2526366.126422,0.017032967032967,0.109157509157509,0.295238095238095,0.407692307692308,0.0714285714285714,0.0994505494505494
169773.411807,2526366.126422,0.00568390172350568,0.284745141180785,0.41015768243491,0.187385405207187,0.0262192885955262,0.0858085808580858
170273.411807,2526366.126422,0.052014652014652,0.16996336996337,0.461355311355311,0.193223443223443,0.0227106227106227,0.100732600732601
170773.411807,2526366.126422,0.0384615384615385,0.106776556776557,0.548717948717949,0.177289377289377,0.0576923076923077,0.0710622710622711
171273.411807,2526366.126422,0.149064906490649,0.1004767143381,0.244041070773744,0.231573157315732,0.108910891089109,0.165933259992666
171773.411807,2526366.126422,0.0714285714285714,0.108058608058608,0.00311355311355311,0.204578754578755,0.143406593406593,0.469413919413919
172273.411807,2526366.126422,0.0470695970695971,0.100732600732601,0,0.552747252747253,0.120695970695971,0.178754578754579
172773.411807,2526366.126422,0.209173962695089,0.105443471640655,0,0.133802816901408,0.145222687476209,0.406357061286639
168773.411807,2525866.126422,0.000917599559552211,0.0884565975408332,0.44833914479721,0.412736281886585,0.0330335841438796,0.0165167920719398
169273.411807,2525866.126422,0.00513478818998716,0.110764716669723,0.541353383458647,0.319457179534201,0.0128369704749679,0.0104529616724739
169773.411807,2525866.126422,0.0174088326919553,0.116364302730438,0.536558548653106,0.207623236210372,0.0307861462341946,0.091258933479934
170273.411807,2525866.126422,0.0288126261699394,0.174894476050652,0.509634795375298,0.150669847678473,0.038172141677372,0.0978161130482657
170773.411807,2525866.126422,0.0588666788923528,0.168714469099578,0.458279845956354,0.187052998349532,0.0324591967724189,0.0946268109297634
171273.411807,2525866.126422,0.051126992853216,0.0943741982774418,0.22759758108851,0.319406267179769,0.1434854315558,0.164009529045263
171773.411807,2525866.126422,0.0757937236190127,0.15782712424298,0,0.1370893741971,0.12846393833731,0.500825839603597
172273.411807,2525866.126422,0.0386942967174033,0.169264624977077,0,0.318173482486705,0.0891252521547772,0.384742343664038
172773.411807,2525866.126422,0.202016359140194,0.211337264599582,0,0.00133155792276964,0.0418489632870458,0.543465855050409
168773.411807,2525366.126422,0.0144954128440367,0.138165137614679,0.374678899082569,0.332844036697248,0.0530275229357798,0.0867889908256881
169273.411807,2525366.126422,0.00330214639515685,0.0988809392771968,0.528710328380114,0.256466703357182,0.0425609979820216,0.0700788846083287
169773.411807,2525366.126422,0.00641025641025641,0.171611721611722,0.447069597069597,0.20018315018315,0.0571428571428571,0.117582417582418
170273.411807,2525366.126422,0.00880733944954129,0.111192660550459,0.640366972477064,0.139449541284404,0.0458715596330275,0.0543119266055046
170773.411807,2525366.126422,0.0643918547055586,0.109337736195194,0.512933406714364,0.0530177949000183,0.0636580443955238,0.196661163089341
171273.411807,2525366.126422,0.0454212454212454,0.142673992673993,0.341575091575092,0.0236263736263736,0.0282051282051282,0.418498168498169
171773.411807,2525366.126422,0.102385321100917,0.148990825688073,0,0.140917431192661,0.166238532110092,0.441467889908257
172273.411807,2525366.126422,0.0909924784443221,0.116859291873051,0.00550357732526142,0.0889745000917263,0.0900752155567786,0.607594936708861
172773.411807,2525366.126422,0.0961977186311787,0.0608365019011407,0.0230038022813688,0.0239543726235741,0.05,0.746007604562738
168773.411807,2524866.126422,0.0373626373626374,0.146153846153846,0.26959706959707,0.295787545787546,0.0736263736263736,0.177472527472527
169273.411807,2524866.126422,0.00531135531135531,0.104029304029304,0.512271062271062,0.324725274725275,0.0351648351648352,0.0184981684981685
169773.411807,2524866.126422,0.000366703337000367,0.0966263292995966,0.633663366336634,0.205537220388706,0.0337367070040337,0.0300696736340301
170273.411807,2524866.126422,0,0.10952380952381,0.544322344322344,0.256043956043956,0.0384615384615385,0.0516483516483516
170773.411807,2524866.126422,0.0573260073260073,0.12014652014652,0.386996336996337,0.126739926739927,0.0714285714285714,0.237362637362637
171273.411807,2524866.126422,0.0364869820315365,0.111844517785112,0.160799413274661,0.137880454712138,0.0726072607260726,0.48038137147048
171773.411807,2524866.126422,0.126923076923077,0.0769230769230769,0.023992673992674,0.344505494505495,0.131684981684982,0.295970695970696
172273.411807,2524866.126422,0.104029304029304,0.0595238095238095,0,0.0686813186813187,0.120879120879121,0.646886446886447
172773.411807,2524866.126422,0.106966121050628,0.166920441568329,0.0344499429006471,0.0175104682146936,0.0487247811191473,0.625428245146555
169273.411807,2524366.126422,0.004401247019989,0.101412066752246,0.27599486521181,0.476434989913809,0.0757381258023107,0.066018705299835
169773.411807,2524366.126422,0.0053142752428074,0.114165292285138,0.56276342312626,0.222833058457028,0.017042330951072,0.0778816199376947
170273.411807,2524366.126422,0.0304643053771334,0.0407414204441182,0.0840521196549826,0.66801247935401,0.0910258763075794,0.0857037988621766
170773.411807,2524366.126422,0.010819732257473,0.164313222079589,0.317439941316706,0.208509077571979,0.120667522464698,0.178250504309554
171273.411807,2524366.126422,0.107751511819681,0.12442734102987,0.358072200842954,0.11544804837823,0.0386659336631849,0.25563496426608
171773.411807,2524366.126422,0.0757937236190127,0.103138190493669,0.212883097816113,0.262616993943843,0.0774454028262066,0.268122591301156
172273.411807,2524366.126422,0.18411883366954,0.0188886851274528,0.000366770584999083,0.0645516229598386,0.0821566110397946,0.649917476618375
172773.411807,2524366.126422,0.0616321095681948,0.256800456534145,0.0135058017880921,0.0979646186037664,0.06886056686323,0.501236446642572
168773.411807,2523866.126422,0.0203669724770642,0.154495412844037,0.0146788990825688,0.377614678899083,0.0853211009174312,0.347522935779817
169273.411807,2523866.126422,0.00752155567785727,0.0755824619335902,0.436066776738213,0.334984406530912,0.0493487433498441,0.0964960557695836
169773.411807,2523866.126422,0.000915750915750916,0.0362637362637363,0.555860805860806,0.334249084249084,0.0221611721611722,0.0505494505494506
170273.411807,2523866.126422,0.0267889908256881,0.0640366972477064,0.383302752293578,0.387522935779817,0.0706422018348624,0.0677064220183486
170773.411807,2523866.126422,0.002568336085122,0.248945147679325,0.129334067143643,0.417904971564851,0.0423775454045129,0.158869932122546
171273.411807,2523866.126422,0.039010989010989,0.246886446886447,0.269413919413919,0.204212454212454,0.0338827838827839,0.206593406593407
171773.411807,2523866.126422,0.0196330275229358,0.21045871559633,0.358899082568807,0.158715596330275,0.0757798165137615,0.17651376146789
172273.411807,2523866.126422,0.0977802238121446,0.200330214639516,0.121629058888277,0.11557512383049,0.102183085672354,0.362502293157219
172773.411807,2523866.126422,0.0595057034220532,0.171673003802281,0.0914448669201521,0.345057034220532,0.0595057034220532,0.272813688212928
168273.411807,2523366.126422,0.0374037403740374,0.133846718005134,0,0.48954895489549,0.0707737440410708,0.268426842684268
168773.411807,2523366.126422,0.0639194139194139,0.158424908424908,0.00824175824175824,0.358058608058608,0.194505494505495,0.216849816849817
169273.411807,2523366.126422,0.0558608058608059,0.132234432234432,0.0503663003663004,0.395054945054945,0.127655677655678,0.238827838827839
169773.411807,2523366.126422,0.0011001100110011,0.21012101210121,0.45984598459846,0.231939860652732,0.0280528052805281,0.0689402273560689
170273.411807,2523366.126422,0.000183150183150183,0.106043956043956,0.511172161172161,0.349450549450549,0.0245421245421245,0.00860805860805861
170773.411807,2523366.126422,0,0.102747252747253,0.512820512820513,0.306227106227106,0.0100732600732601,0.0681318681318681
171273.411807,2523366.126422,0.00568390172350568,0.0707737440410708,0.566740007334067,0.322882288228823,0.0251191785845251,0.0088008800880088
171773.411807,2523366.126422,0.00989010989010989,0.169230769230769,0.438278388278388,0.15952380952381,0.0855311355311355,0.137545787545788
172273.411807,2523366.126422,0.0597069597069597,0.148351648351648,0.104945054945055,0.235347985347985,0.117765567765568,0.333882783882784
172773.411807,2523366.126422,0.0580510087552341,0.134183479253902,0,0.373429767795965,0.132851161020175,0.301484583174724
169773.411807,2522866.126422,0.00439802089059923,0.104819497892615,0.404251420194246,0.343412131207623,0.0393989371449514,0.103719992669965
170273.411807,2522866.126422,0.000917599559552211,0.166636080014682,0.546705817581208,0.153239126445219,0.0416590200036704,0.0908423563956689
170773.411807,2522866.126422,0.00825233816247937,0.195305336512012,0.562075921511095,0.0540986612873648,0.039611223179901,0.140656519347148
171273.411807,2522866.126422,0.00201575957485798,0.0656038116181052,0.588052043247205,0.264980758658604,0.0295033901411032,0.0498442367601246
171773.411807,2522866.126422,0.00532207744540283,0.0968985134887135,0.521013029913746,0.217838135437695,0.0363369425582676,0.122591301156175
172273.411807,2522866.126422,0.026407482119934,0.242435356684394,0.0529983495323675,0.187603154227031,0.0724371905373189,0.418118466898955
172773.411807,2522866.126422,0.0802739204869698,0.2280768499144,0.000760890241582652,0.164352292181853,0.153129161118509,0.373406886056686
169773.411807,2522366.126422,0.00384615384615385,0.198717948717949,0.444322344322344,0.116666666666667,0.0254578754578755,0.210989010989011
170273.411807,2522366.126422,0.00036697247706422,0.18605504587156,0.420366972477064,0.223669724770642,0.0379816513761468,0.131559633027523
170773.411807,2522366.126422,0.0251330031186938,0.127866446523574,0.284718400293524,0.352962759126766,0.113557145477894,0.0957622454595487
171273.411807,2522366.126422,0.0287545787545788,0.145054945054945,0.268315018315018,0.197435897435897,0.114468864468864,0.245970695970696
171773.411807,2522366.126422,0.015045871559633,0.138165137614679,0.407339449541284,0.24256880733945,0.0640366972477064,0.132844036697248
172273.411807,2522366.126422,0.0476976701522656,0.240322876536415,0.155751238304898,0.182902219776188,0.085305448541552,0.288020546688681
172773.411807,2522366.126422,0.133460076045627,0.0825095057034221,0.00247148288973384,0.0163498098859316,0.070532319391635,0.69467680608365
170273.411807,2521866.126422,0.000732600732600733,0.193589743589744,0.436996336996337,0.248901098901099,0.0291208791208791,0.0906593406593407
170773.411807,2521866.126422,0.0010989010989011,0.191575091575092,0.466849816849817,0.125641025641026,0.0701465201465201,0.144688644688645
171273.411807,2521866.126422,0.0344701136780345,0.118261826182618,0.136780344701137,0.375137513751375,0.116428309497616,0.218921892189219
171773.411807,2521866.126422,0.0360805860805861,0.0758241758241758,0.0750915750915751,0.414835164835165,0.14047619047619,0.257692307692308
172273.411807,2521866.126422,0.0917582417582418,0.0587912087912088,0.116117216117216,0.306410256410256,0.0912087912087912,0.335714285714286
172773.411807,2521866.126422,0.0561476969927674,0.137799771602588,0.0700418728587743,0.102778835173201,0.130376855728968,0.5028549676437
170273.411807,2521366.126422,0,0.23233620847862,0.476784731143329,0.187557349972472,0.0328500642319692,0.0704716461736098
170773.411807,2521366.126422,0.000183385292499542,0.185219145424537,0.536585365853659,0.194388410049514,0.0506143407298735,0.0330093526499175
171273.411807,2521366.126422,0.00568077698369067,0.115997800989555,0.558365402235661,0.250687190764156,0.034084661902144,0.0351841671247938
171773.411807,2521366.126422,0.00899247568361167,0.188291429620114,0.320425766195632,0.308680491833364,0.0952468342815195,0.0783630023857589
172273.411807,2521366.126422,0.0445626260773886,0.208325692279479,0.024390243902439,0.372455529066569,0.116816431322208,0.233449477351916
172773.411807,2521366.126422,0.0886437131443789,0.112231310633441,0.00570667681186989,0.159977173292753,0.160167395853148,0.473273730264409
170273.411807,2520866.126422,0.00642201834862385,0.108623853211009,0.608073394495413,0.0524770642201835,0.0343119266055046,0.190091743119266
170773.411807,2520866.126422,0.00440286186020914,0.275178866263071,0.437167492203265,0.138690148596588,0.0568702990277013,0.0876903320491653
171273.411807,2520866.126422,0.0032967032967033,0.16996336996337,0.511355311355311,0.105860805860806,0.0470695970695971,0.162454212454212
171773.411807,2520866.126422,0.0155963302752294,0.249174311926605,0.417247706422018,0.0906422018348624,0.0812844036697248,0.14605504587156
172273.411807,2520866.126422,0.0317372959090075,0.0651256650155935,0.084021280498991,0.582461933590167,0.18547055586131,0.0511832691249312
172773.411807,2520866.126422,0.0395437262357414,0.0475285171102662,0.000380228136882129,0.547718631178707,0.166730038022814,0.198098859315589
170773.411807,2520366.126422,0.0115384615384615,0.267765567765568,0.46043956043956,0.1,0.0437728937728938,0.116483516483516
171273.411807,2520366.126422,0.00788412174550788,0.234690135680235,0.453428676200953,0.0595892922625596,0.0621562156215622,0.182251558489182
171773.411807,2520366.126422,0.00238095238095238,0.231135531135531,0.407326007326007,0.125457875457875,0.0965201465201465,0.137179487179487
172273.411807,2520366.126422,0.0619047619047619,0.114102564102564,0.157692307692308,0.249450549450549,0.152747252747253,0.264102564102564
172773.411807,2520366.126422,0.0711838599162543,0.0340692805481538,0.0125618576322802,0.535020936429387,0.220974495622383,0.126189569851542
170773.411807,2519866.126422,0.0110031175499725,0.113698881349716,0.54006968641115,0.134238034109664,0.0665688611773336,0.134421419402164
171273.411807,2519866.126422,0.0163093274693055,0.238592633315008,0.413230712845886,0.153930731170973,0.0410481949789262,0.136888400219901
171773.411807,2519866.126422,0.00568911726922371,0.177096714993577,0.490915764360433,0.114699944944026,0.0642319691686548,0.147366489264085
172273.411807,2519866.126422,0.0410783055198973,0.244635980194388,0.0900421786172749,0.245552906656886,0.163029525032092,0.215661103979461
172773.411807,2519866.126422,0.0937797222750618,0.0460338596157504,0,0.411641620696215,0.194787901845159,0.253756895567814
171273.411807,2519366.126422,0,0.247802197802198,0.553113553113553,0.168315018315018,0.00787545787545788,0.0228937728937729
171773.411807,2519366.126422,0.00660550458715596,0.280733944954128,0.390825688073395,0.164036697247706,0.0258715596330275,0.131926605504587
172273.411807,2519366.126422,0.00825536598789213,0.226380480645753,0.324344157035406,0.0920931939093744,0.0620069711979453,0.286919831223629
172773.411807,2519366.126422,0.118250950570342,0.177566539923954,0.00361216730038023,0.0454372623574145,0.113307984790875,0.541825095057034
171273.411807,2518866.126422,0.00385038503850385,0.237257059039237,0.500916758342501,0.145031169783645,0.0249358269160249,0.088008800880088
171773.411807,2518866.126422,0.00695970695970696,0.228021978021978,0.497435897435897,0.142673992673993,0.0465201465201465,0.0783882783882784
172273.411807,2518866.126422,0.0472527472527473,0.156410256410256,0.203663003663004,0.21978021978022,0.140659340659341,0.232234432234432
172773.411807,2518866.126422,0.268366958507804,0.0652835934526075,0,0.00647125999238675,0.0432051770079939,0.616673011039208
171273.411807,2518366.126422,0.0130108118013561,0.0864944108484515,0.698552318123511,0.111050027487631,0.015026571376214,0.0758658603628367
171773.411807,2518366.126422,0.0189025509267756,0.113782345384474,0.261699394384291,0.262066434208112,0.147917048999816,0.195632226096531
172273.411807,2518366.126422,0.0979277461947552,0.0737208875848157,0.0469466348798826,0.207225380524482,0.21217678342197,0.362002567394095
172773.411807,2518366.126422,0.227506182233213,0.0351911736731976,0,0.0576374357998859,0.168917633631349,0.510747574662355
171773.411807,2517866.126422,0.0585321100917431,0.0867889908256881,0.0379816513761468,0.358899082568807,0.169724770642202,0.288073394495413
172273.411807,2517866.126422,0.10273344340488,0.0999816547422491,0,0.118693817648138,0.145294441386901,0.533296642817832
172773.411807,2517866.126422,0.108174904942966,0.088212927756654,0,0.0256653992395437,0.0741444866920152,0.703802281368821
171773.411807,2517366.126422,0.043956043956044,0.0968864468864469,0.309157509157509,0.133882783882784,0.0576923076923077,0.358424908424908
172273.411807,2517366.126422,0.127106227106227,0.0954212454212454,0,0.106593406593407,0.101098901098901,0.56978021978022
172773.411807,2517366.126422,0.0607156452226875,0.109821088694328,0,0.132089836315188,0.107917776931861,0.589455652835934
172273.411807,2516866.126422,0.0587623504940198,0.0756630265210608,0,0.137025481019241,0.115704628185127,0.612844513780551
172773.411807,2516866.126422,0.0384615384615385,0.144844517184943,0,0.186033824331697,0.10392798690671,0.526732133115112
