"x","y","forest","agri","water","built","other","grass"
189273.411807,2668866.126422,0,0.149454778704298,0.269831088304469,0.437887534744494,0.0985674577720761,0.0442591404746632
189773.411807,2668866.126422,0,0.222483436631759,0,0.485573840564223,0.249198546698012,0.0427441761060056
190273.411807,2668866.126422,0.00128259940145361,0.109234715690466,0.000213766566908935,0.616289012398461,0.165027789653698,0.107952116289012
190773.411807,2668866.126422,0.0970707718623049,0.0401967072909985,0.107119948685055,0.358349369253795,0.10498182595681,0.292281376951037
191273.411807,2668866.126422,0.00235092968583031,0.0743748664244497,0.30540713827741,0.138491130583458,0.0258602265441334,0.453515708484719
191773.411807,2668866.126422,0,0.110731081658829,0.414920906370244,0.424326635314237,0.0211628901239846,0.0288584865327063
192273.411807,2668866.126422,0.0010690613641223,0.12080393414582,0.407098567457772,0.145819970066282,0.0310027795595467,0.294205687406457
192773.411807,2668866.126422,0.000641162641590083,0.0320581320795042,0.588373584099167,0.270143192989955,0.0530027783714469,0.0557811498183373
193273.411807,2668866.126422,0.00684053014108593,0.422830269345874,0.0551517742625053,0.0850790936297563,0.145147498931167,0.284950833689611
193773.411807,2668866.126422,0.00192431045542014,0.532820183878555,0.00021381227282446,0.0679923027581783,0.0968569595894804,0.300192431045542
194273.411807,2668866.126422,0.0038469758495405,0.494550117546484,0.0141055781149818,0.0647574268005984,0.0784355631545202,0.344304338533875
194773.411807,2668866.126422,0.0171013253527148,0.234288157332193,0.0457460453185122,0.292218896964515,0.178495083368961,0.232150491663104
195273.411807,2668866.126422,0.0147530468248877,0.298054308317297,0.00064143681847338,0.298268120590122,0.172760316442164,0.215522771007056
195773.411807,2668866.126422,0.00705278905749092,0.423594785210515,0.000641162641590083,0.209446462919427,0.129301132720667,0.22996366745031
196273.411807,2668866.126422,0.0183839247541684,0.252885848653271,0.000427533133817871,0.321504916631039,0.219965797349295,0.18683197947841
196773.411807,2668866.126422,0.0372033354714561,0.257002351935001,0.00021381227282446,0.410519563822963,0.170622193713919,0.124438742783836
197273.411807,2668866.126422,0.0730925411412695,0.136353921778158,0.00448813849113058,0.350929685830306,0.189784141910665,0.245351570848472
197773.411807,2668866.126422,0.0442496793501496,0.232791791363831,0.00149636596836255,0.246045318512185,0.120778110303549,0.354638734501924
198273.411807,2668866.126422,0.0577293136626042,0.215950395552705,0.00021381227282446,0.438315159290143,0.118665811417575,0.169125507804148
198773.411807,2668866.126422,0.0457362684334259,0.109211369950844,0.00341953408848044,0.488138491130583,0.178029493481513,0.175464842915153
189273.411807,2668366.126422,0,0.186366135239142,0,0.306395455378413,0.353490929081913,0.153747480300531
189773.411807,2668366.126422,0,0.142227931730593,0,0.525050467975775,0.309965131216737,0.0227564690768948
190273.411807,2668366.126422,0,0.394278378874014,0,0.520264074821199,0.0689528699798276,0.0165046763249587
192773.411807,2668366.126422,0.00403743806202973,0.105523949348504,0.258028996146082,0.439163149201688,0.0638649293448339,0.129381537896862
193273.411807,2668366.126422,0.00550155877498625,0.287364753346782,0.101962222629745,0.176416651384559,0.153493489822116,0.275261324041812
193773.411807,2668366.126422,0.00513102437236577,0.333516584203775,0.00641378046545721,0.227964082829393,0.166025288620121,0.260949239508888
194273.411807,2668366.126422,0.0205542301339695,0.304276013947513,0.00293631859056708,0.123141860891907,0.161497522481189,0.387594053954854
194773.411807,2668366.126422,0.0177883733724555,0.210893086374473,0.0258573262424354,0.376306620209059,0.182651751329543,0.186502842472034
195273.411807,2668366.126422,0.009529045262965,0.436870075132857,0.00824628916987356,0.135055891515485,0.122778083195895,0.287520615722925
195773.411807,2668366.126422,0.0185355111029547,0.434391631492017,0.00367039823820885,0.208295100018352,0.084235639566893,0.250871719581575
196273.411807,2668366.126422,0.0146708233999633,0.366953970291583,0.00165046763249587,0.222629745094443,0.131487254722171,0.262607738859343
196773.411807,2668366.126422,0.0241891148982958,0.280373831775701,0.00513102437236577,0.251420194245923,0.203591717060656,0.235294117647059
197273.411807,2668366.126422,0.0304643053771334,0.338227197650945,0.000550559735731327,0.216737015966232,0.180767113231786,0.233253808038172
197773.411807,2668366.126422,0.0592334494773519,0.286631212176783,0.004401247019989,0.271410232899321,0.0629011553273428,0.315422703099211
198273.411807,2668366.126422,0.0597397837639729,0.135055891515485,0.000549752611324904,0.306212204507971,0.074216602528862,0.424225765072384
198773.411807,2668366.126422,0.0139475133051936,0.0645990089924757,0.00899247568361167,0.72196733345568,0.0939621948981464,0.0965314736648926
188773.411807,2667866.126422,0.0152265639332233,0.170060539350578,0.0592551825353146,0.246560264171712,0.222894881673088,0.286002568336085
189273.411807,2667866.126422,0,0.120695970695971,0,0.119047619047619,0.634981684981685,0.125274725274725
189773.411807,2667866.126422,0,0.0988990825688073,0,0.273394495412844,0.318715596330275,0.308990825688073
190273.411807,2667866.126422,0,0.0713630526508897,0,0.0880572372041827,0.0746651990460466,0.765914511098881
192773.411807,2667866.126422,0.00073394495412844,0.0792660550458716,0.0855045871559633,0.444220183486239,0.132110091743119,0.258165137614679
193273.411807,2667866.126422,0.0210970464135021,0.199596404329481,0.0110071546505228,0.267840763162722,0.183819482663731,0.31663914878004
193773.411807,2667866.126422,0.0168498168498168,0.149450549450549,0.00347985347985348,0.437728937728938,0.232051282051282,0.16043956043956
194273.411807,2667866.126422,0.0155963302752294,0.359449541284404,0.00293577981651376,0.216697247706422,0.151192660550459,0.254128440366972
194773.411807,2667866.126422,0.0108237020730141,0.274078150798019,0.000183452577508714,0.314437717849936,0.172078517703174,0.228398458998349
195273.411807,2667866.126422,0.00402930402930403,0.382967032967033,0.0131868131868132,0.151098901098901,0.181318681318681,0.267399267399267
195773.411807,2667866.126422,0.00678899082568807,0.302752293577982,0.00018348623853211,0.114128440366972,0.0671559633027523,0.508990825688073
196273.411807,2667866.126422,0.0196294257934324,0.287286736378646,0.00110071546505228,0.286186020913594,0.14401027334434,0.261786828104935
196773.411807,2667866.126422,0.0234432234432234,0.241575091575092,0.000366300366300366,0.318681318681319,0.145238095238095,0.270695970695971
197273.411807,2667866.126422,0.00954128440366972,0.427522935779817,0,0.16,0.0977981651376147,0.305137614678899
197773.411807,2667866.126422,0.0526508897450009,0.221794166208035,0.000366905155017428,0.227481196110805,0.117593102183086,0.380113740598055
198273.411807,2667866.126422,0.0485347985347985,0.0686813186813187,0.00293040293040293,0.588827838827839,0.133333333333333,0.157692307692308
198773.411807,2667866.126422,0.0460550458715596,0.0394495412844037,0.00844036697247706,0.689174311926605,0.137981651376147,0.0788990825688073
188273.411807,2667366.126422,0.00805860805860806,0.0642857142857143,0.337728937728938,0.45952380952381,0.0580586080586081,0.0723443223443224
188773.411807,2667366.126422,0.00201465201465201,0.143772893772894,0,0.336263736263736,0.134615384615385,0.383333333333333
189273.411807,2667366.126422,0,0.213604693802714,0,0.375504217088376,0.213788045471214,0.197103043637697
189773.411807,2667366.126422,0.0021978021978022,0.0404761904761905,0,0.0108058608058608,0.0875457875457875,0.858974358974359
190273.411807,2667366.126422,0.023992673992674,0.117032967032967,0,0.0408424908424908,0.0294871794871795,0.788644688644689
192773.411807,2667366.126422,0.00293040293040293,0.117399267399267,0.330586080586081,0.241025641025641,0.134249084249084,0.173809523809524
193273.411807,2667366.126422,0.000915750915750916,0.261172161172161,0.0619047619047619,0.325824175824176,0.185897435897436,0.164285714285714
193773.411807,2667366.126422,0.0190685735240191,0.135313531353135,0.00183351668500183,0.490832416574991,0.222038870553722,0.130913091309131
194273.411807,2667366.126422,0.00860805860805861,0.376190476190476,0.00183150183150183,0.143956043956044,0.164102564102564,0.305311355311355
194773.411807,2667366.126422,0.0223443223443223,0.267948717948718,0.00384615384615385,0.351465201465201,0.183882783882784,0.170512820512821
195273.411807,2667366.126422,0.0146681334800147,0.472130546387972,0.00128346167950128,0.0982764943160983,0.148881554822149,0.264759809314265
195773.411807,2667366.126422,0.0172161172161172,0.33003663003663,0.0168498168498168,0.241025641025641,0.164285714285714,0.230586080586081
196273.411807,2667366.126422,0.0532967032967033,0.253846153846154,0,0.262637362637363,0.129304029304029,0.300915750915751
196773.411807,2667366.126422,0.0155848918225156,0.464429776310964,0.00201686835350202,0.121378804547121,0.0909424275760909,0.305647231389806
197273.411807,2667366.126422,0.0331501831501832,0.196886446886447,0.00311355311355311,0.175457875457875,0.200915750915751,0.39047619047619
197773.411807,2667366.126422,0.0353479853479853,0.35970695970696,0.00695970695970696,0.195054945054945,0.166666666666667,0.236263736263736
198273.411807,2667366.126422,0.0364869820315365,0.156398973230656,0.00605060506050605,0.577557755775578,0.112211221122112,0.111294462779611
198773.411807,2667366.126422,0.0423076923076923,0.0166666666666667,0.00421245421245421,0.792490842490842,0.119413919413919,0.0249084249084249
188273.411807,2666866.126422,0.00385391815011929,0.347036153422646,0.0102771150669848,0.456046981097449,0.102587630757937,0.0801982015048633
188773.411807,2666866.126422,0.00256739409499358,0.0869246286447827,0,0.312671923711718,0.204841371721988,0.392994681826518
189273.411807,2666866.126422,0.000916254352208173,0.171339563862928,0,0.296683159245006,0.167674546454096,0.363386476085761
189773.411807,2666866.126422,0.00165167920719398,0.0110111947146265,0,0.000550559735731327,0.0359699027344467,0.950816663608001
190273.411807,2666866.126422,0.0399779937649001,0.169998166147075,0,0.314689161929213,0.0924261874197689,0.382908490739043
192773.411807,2666866.126422,0.00238575885483575,0.212516057992292,0.209763259313636,0.155257845476234,0.146448889704533,0.273628188658469
193273.411807,2666866.126422,0.00256739409499358,0.331010452961672,0.11204841371722,0.164313222079589,0.126902622409683,0.263157894736842
193773.411807,2666866.126422,0.00183250870441635,0.460326186549386,0.00586402785413231,0.167857797324537,0.135788894997251,0.228330584570277
194273.411807,2666866.126422,0.00110111947146265,0.596623233620848,0,0.0745090842356396,0.090475316571848,0.237291246100202
194773.411807,2666866.126422,0.0194388410049514,0.312671923711718,0.0137538969374656,0.298551256189254,0.166697230882083,0.188886851274528
195273.411807,2666866.126422,0.0331684075499359,0.119479567527946,0.000366501740883269,0.461425691772036,0.241341396371633,0.144218435037566
195773.411807,2666866.126422,0.0317489447605065,0.214167737199486,0.00403743806202973,0.326848963112498,0.205909341163516,0.217287575701964
196273.411807,2666866.126422,0.0209059233449477,0.360902255639098,0.00366770584999083,0.163763066202091,0.210159545204475,0.240601503759398
196773.411807,2666866.126422,0.0168590800806304,0.234561114165292,0.000366501740883269,0.128275609309144,0.170240058640279,0.449697636063771
197273.411807,2666866.126422,0.009543035419343,0.190310148651129,0.0167003119838502,0.287392182051753,0.207928060194531,0.288126261699394
197773.411807,2666866.126422,0.0165046763249587,0.286081056299285,0.00183385292499542,0.336512011736659,0.149459013387126,0.209609389326976
198273.411807,2666866.126422,0.0474619754443834,0.128275609309144,0.0111783030969397,0.413413963716328,0.188748396554884,0.210921751878321
198773.411807,2666866.126422,0.0427601394751331,0.0293631859056708,0.00256927876674619,0.700128463938337,0.123325380803817,0.101853551110295
187773.411807,2666366.126422,0.0496336996336996,0.34047619047619,0.00549450549450549,0.381501831501831,0.0791208791208791,0.143772893772894
192773.411807,2666366.126422,0.00678899082568807,0.400366972477064,0.0163302752293578,0.326238532110092,0.12,0.130275229357798
193273.411807,2666366.126422,0.00458631443771785,0.438268207668318,0.0810860392588516,0.201430930104568,0.0884241423592002,0.186204366171345
193773.411807,2666366.126422,0.00311355311355311,0.391391941391941,0.0102564102564103,0.174725274725275,0.208791208791209,0.211721611721612
194273.411807,2666366.126422,0.00917431192660551,0.320366972477064,0.00311926605504587,0.274311926605505,0.187706422018349,0.205321100917431
194773.411807,2666366.126422,0.021830856723537,0.26967528893781,0.00605393505778756,0.305081636396991,0.243258117776555,0.15410016510732
195273.411807,2666366.126422,0.0108058608058608,0.359340659340659,0.000915750915750916,0.196336996336996,0.215750915750916,0.216849816849817
195773.411807,2666366.126422,0.0170642201834862,0.306238532110092,0.00018348623853211,0.25394495412844,0.19045871559633,0.232110091743119
196273.411807,2666366.126422,0.0106402494955054,0.332782975600807,0.000366905155017428,0.184920198128784,0.229132269308384,0.242157402311502
196773.411807,2666366.126422,0.0357142857142857,0.186996336996337,0.0223443223443223,0.231501831501832,0.196336996336996,0.327106227106227
197273.411807,2666366.126422,0.0304587155963303,0.242201834862385,0.00146788990825688,0.273394495412844,0.155596330275229,0.296880733944954
197773.411807,2666366.126422,0.0152265639332233,0.232984773436067,0.000550357732526142,0.320491652907723,0.149513850669602,0.281232801320859
198273.411807,2666366.126422,0.0408424908424908,0.213186813186813,0.00659340659340659,0.466666666666667,0.135897435897436,0.136813186813187
198773.411807,2666366.126422,0.0319266055045872,0.197981651376147,0.00678899082568807,0.278899082568807,0.173761467889908,0.310642201834862
192273.411807,2665866.126422,0.0022002200220022,0.0518885221855519,0.487532086541988,0.135496883021635,0.118995232856619,0.203887055372204
192773.411807,2665866.126422,0.0152014652014652,0.221062271062271,0.0567765567765568,0.151282051282051,0.114835164835165,0.440842490842491
193273.411807,2665866.126422,0.0175824175824176,0.313553113553114,0.0461538461538462,0.208424908424908,0.117948717948718,0.296336996336996
193773.411807,2665866.126422,0.00843417675100843,0.237807114044738,0.00183351668500183,0.245691235790246,0.146497983131646,0.35973597359736
194273.411807,2665866.126422,0.0249084249084249,0.28040293040293,0.00128205128205128,0.351648351648352,0.202014652014652,0.13974358974359
194773.411807,2665866.126422,0.0032967032967033,0.498901098901099,0.000183150183150183,0.159340659340659,0.204945054945055,0.133333333333333
195273.411807,2665866.126422,0.00696736340300697,0.48991565823249,0.000916758342500917,0.17986798679868,0.10982764943161,0.212504583791712
195773.411807,2665866.126422,0.0142857142857143,0.399084249084249,0.000549450549450549,0.142124542124542,0.217765567765568,0.226190476190476
196273.411807,2665866.126422,0.0214285714285714,0.206227106227106,0.00201465201465201,0.302747252747253,0.173809523809524,0.293772893772894
196773.411807,2665866.126422,0.0308030803080308,0.257609094242758,0.00146681334800147,0.287128712871287,0.135680234690136,0.287312064539787
197273.411807,2665866.126422,0.0399267399267399,0.293040293040293,0.000549450549450549,0.204945054945055,0.169047619047619,0.292490842490843
197773.411807,2665866.126422,0.0388278388278388,0.303296703296703,0,0.154578754578755,0.145054945054945,0.358241758241758
198273.411807,2665866.126422,0.0390539053905391,0.260909424275761,0.00293362669600293,0.263109644297763,0.151998533186652,0.281994866153282
198773.411807,2665866.126422,0.0203296703296703,0.425274725274725,0.00347985347985348,0.135347985347985,0.141025641025641,0.274542124542125
192773.411807,2665366.126422,0.00587263718113415,0.333822719765095,0.202605982749128,0.146632409616443,0.113782345384474,0.197283905303725
193273.411807,2665366.126422,0.0271410232899321,0.291766000366771,0.00275077938749312,0.134788189987163,0.121951219512195,0.421602787456446
193773.411807,2665366.126422,0.0335349092908191,0.0954737035000916,0.101887483965549,0.378046545721092,0.171889316474253,0.219168041048195
194273.411807,2665366.126422,0.0115617544503579,0.30299137456414,0.138557533492384,0.181501192879427,0.146265369792623,0.219122774821068
194773.411807,2665366.126422,0.00806895286997983,0.382725105446543,0.121217678342197,0.137722354667156,0.122868145974693,0.227397762699432
195273.411807,2665366.126422,0.0164925783397471,0.415429723291186,0.0905259299981675,0.0995052226498076,0.116730804471321,0.261315741249771
195773.411807,2665366.126422,0.0176179115434025,0.331436960910259,0.00146815929528354,0.351440631308497,0.175261515874472,0.122774821068086
196273.411807,2665366.126422,0.0366770584999083,0.309554373739226,0.000733541169998166,0.262974509444343,0.217861727489455,0.17219878965707
196773.411807,2665366.126422,0.0298698918819864,0.172072567344695,0.000183250870441635,0.417445482866044,0.191863661352391,0.188565145684442
197273.411807,2665366.126422,0.0354193429987154,0.209029179665994,0.000917599559552211,0.105523949348504,0.156358964947697,0.492750963479538
197773.411807,2665366.126422,0.0383275261324042,0.111314872547222,0.00146708233999633,0.493673207408766,0.155510728039611,0.199706583532001
198273.411807,2665366.126422,0.0126443100604728,0.439069085578156,0.00164925783397471,0.17372182517867,0.1456844420011,0.227231079347627
198773.411807,2665366.126422,0.0425766195632226,0.350339511837034,0.0012846393833731,0.256193797026977,0.116902183886952,0.232703248302441
192273.411807,2664866.126422,0.0214285714285714,0.0276556776556777,0.283882783882784,0.0597069597069597,0.063003663003663,0.544322344322344
192773.411807,2664866.126422,0.0106422018348624,0.117981651376147,0.115045871559633,0.243302752293578,0.212660550458716,0.300366972477064
193273.411807,2664866.126422,0.0066042927903137,0.335534764263438,0.0126582278481013,0.0909924784443221,0.182351862043662,0.371858374610163
193773.411807,2664866.126422,0.0186813186813187,0.132967032967033,0.00311355311355311,0.19029304029304,0.15952380952381,0.495421245421245
194273.411807,2664866.126422,0.0104587155963303,0.385504587155963,0,0.161100917431193,0.135045871559633,0.307889908256881
194773.411807,2664866.126422,0.0227481196110805,0.297560080719134,0.0532012474775271,0.207668317739864,0.169143276463034,0.24967895798936
195273.411807,2664866.126422,0.0192307692307692,0.303663003663004,0.0611721611721612,0.285347985347985,0.128021978021978,0.202564102564103
195773.411807,2664866.126422,0.0326605504587156,0.181467889908257,0.0899082568807339,0.240733944954128,0.158348623853211,0.296880733944954
196273.411807,2664866.126422,0.0464135021097046,0.152815997064759,0.0157769216657494,0.456246560264172,0.151898734177215,0.1768482847184
196773.411807,2664866.126422,0.0366300366300366,0.19010989010989,0.0402930402930403,0.257692307692308,0.168498168498169,0.306776556776557
197273.411807,2664866.126422,0.0280733944954128,0.0669724770642202,0.00275229357798165,0.618348623853211,0.157064220183486,0.126788990825688
197773.411807,2664866.126422,0.0704457897633462,0.183819482663731,0.00091726288754357,0.39662447257384,0.19684461566685,0.151348376444689
198273.411807,2664866.126422,0.0236263736263736,0.378205128205128,0.000366300366300366,0.173626373626374,0.122527472527473,0.301648351648352
198773.411807,2664866.126422,0.023302752293578,0.427155963302752,0.00385321100917431,0.136697247706422,0.120917431192661,0.288073394495413
188773.411807,2664366.126422,0.00641025641025641,0.132051282051282,0.0437728937728938,0.534981684981685,0.177106227106227,0.105677655677656
189273.411807,2664366.126422,0.0144847818115145,0.077007700770077,0.0586725339200587,0.646681334800147,0.0847084708470847,0.118445177851118
189773.411807,2664366.126422,0.00586080586080586,0.0505494505494506,0.0221611721611722,0.774175824175824,0.107875457875458,0.0393772893772894
190273.411807,2664366.126422,0.00622710622710623,0.0234432234432234,0.0571428571428571,0.813003663003663,0.0675824175824176,0.0326007326007326
190773.411807,2664366.126422,0.0458379171250458,0.00916758342500917,0.0667400073340667,0.676751008434177,0.0722405573890722,0.129262926292629
191273.411807,2664366.126422,0.000915750915750916,0.0256410256410256,0.507875457875458,0.306593406593407,0.0304029304029304,0.128571428571429
191773.411807,2664366.126422,0.0021978021978022,0.104029304029304,0.124542124542125,0.183150183150183,0.145238095238095,0.440842490842491
192273.411807,2664366.126422,0.015034836817015,0.304547121378805,0.00825082508250825,0.139163916391639,0.14008067473414,0.392922625595893
192773.411807,2664366.126422,0.00384615384615385,0.407692307692308,0.0347985347985348,0.134981684981685,0.105494505494505,0.313186813186813
193273.411807,2664366.126422,0.0391941391941392,0.124542124542125,0.00366300366300366,0.33974358974359,0.204029304029304,0.288827838827839
193773.411807,2664366.126422,0.0275027502750275,0.138797213054639,0.0135680234690136,0.287678767876788,0.209204253758709,0.323248991565823
194273.411807,2664366.126422,0.0155677655677656,0.237545787545788,0.000366300366300366,0.0787545787545788,0.102564102564103,0.565201465201465
194773.411807,2664366.126422,0.0115384615384615,0.453846153846154,0.0010989010989011,0.0998168498168498,0.0750915750915751,0.358608058608059
195273.411807,2664366.126422,0.0364869820315365,0.325632563256326,0.0188852218555189,0.201503483681702,0.135313531353135,0.282178217821782
195773.411807,2664366.126422,0.0210622710622711,0.421611721611722,0.0032967032967033,0.186996336996337,0.0833333333333333,0.283699633699634
196273.411807,2664366.126422,0.0373626373626374,0.25989010989011,0.00531135531135531,0.26043956043956,0.125091575091575,0.311904761904762
196773.411807,2664366.126422,0.037037037037037,0.175284195086175,0.00385038503850385,0.411624495782912,0.177484415108177,0.194719471947195
197273.411807,2664366.126422,0.0221611721611722,0.0728937728937729,0.026007326007326,0.613003663003663,0.111538461538462,0.154395604395604
197773.411807,2664366.126422,0.0554945054945055,0.093040293040293,0.0294871794871795,0.395787545787546,0.156410256410256,0.26978021978022
198273.411807,2664366.126422,0.0284195086175284,0.34030069673634,0.00201686835350202,0.297029702970297,0.124679134580125,0.207554088742208
198773.411807,2664366.126422,0.0234432234432234,0.293223443223443,0.00531135531135531,0.351098901098901,0.135897435897436,0.191025641025641
187273.411807,2663866.126422,0.00513478818998716,0.0680359435173299,0.00146708233999633,0.50797726022373,0.106730240234733,0.310654685494223
187773.411807,2663866.126422,0.0478284771852666,0.0461792193512919,0,0.585853032801906,0.210371999266997,0.109767271394539
188273.411807,2663866.126422,0.0913929161314003,0.0822169205358781,0.0117452743622683,0.503028078546522,0.213433657551844,0.0981831528720866
188773.411807,2663866.126422,0.206858609939483,0.0467632495873831,0.00861910874747845,0.454612140106363,0.13203741059967,0.151109481019622
189273.411807,2663866.126422,0.171156312992487,0.0304196444933113,0.0137438152831226,0.53472603994869,0.116914055341763,0.133040131940627
189773.411807,2663866.126422,0.134153055606533,0.0587263718113415,0.0187190310148651,0.440998348320793,0.150853367590384,0.196549825656084
190273.411807,2663866.126422,0.135154960572162,0.0451127819548872,0.00238400880249404,0.39592884650651,0.192737942417018,0.228681459746928
190773.411807,2663866.126422,0.0318856514568444,0.0648708081363387,0.246472420743999,0.45959318306762,0.0672530694520799,0.129924867143119
191273.411807,2663866.126422,0.00532207744540283,0.0756102037071022,0.242613323545605,0.472196733345568,0.10790970820334,0.0963479537529822
191773.411807,2663866.126422,0.00293416467999266,0.166880616174583,0.233082706766917,0.200256739409499,0.255088941866862,0.141756831102146
192273.411807,2663866.126422,0.0219901044529962,0.26901227780832,0.0384826827927433,0.0800806303829943,0.139270661535642,0.451163643027304
192773.411807,2663866.126422,0.00679023674068636,0.314920168838319,0.0227564690768948,0.302624334740319,0.126812259130116,0.226096531473665
193273.411807,2663866.126422,0.0348432055749129,0.285164129836787,0.0172382174949569,0.294516779754264,0.105079772602237,0.263157894736842
193773.411807,2663866.126422,0.0108118013560564,0.255268462525197,0.00916254352208173,0.266996518233462,0.162360271211288,0.295400403151915
194273.411807,2663866.126422,0.0137639933932832,0.206826940723068,0.00330335841438796,0.137272894109011,0.0792806019453111,0.559552211414938
194773.411807,2663866.126422,0.0339262791124152,0.269943150559325,0.000733541169998166,0.2798459563543,0.130386942967174,0.285164129836787
195273.411807,2663866.126422,0.0137438152831226,0.242624152464724,0.00128275609309144,0.127176104086494,0.136888400219901,0.478284771852666
195773.411807,2663866.126422,0.02073775004588,0.22426133235456,0.0102771150669848,0.162048082216921,0.123692420627638,0.458983299688016
196273.411807,2663866.126422,0.053181734824867,0.169814780854575,0.00275077938749312,0.350632679259123,0.178067119017055,0.245552906656886
196773.411807,2663866.126422,0.0262048744731537,0.260032985156679,0,0.345061389041598,0.152281473336998,0.21641927799157
197273.411807,2663866.126422,0.0379886217654616,0.123875940539549,0.0106441548908057,0.439346669113599,0.219122774821068,0.169021838869517
197773.411807,2663866.126422,0.0227397762699432,0.199339812947002,0.00495140289748762,0.321474417751696,0.210893086374473,0.240601503759398
198273.411807,2663866.126422,0.0397654388858347,0.243173905076049,0.122411581455012,0.274143302180685,0.130657870624885,0.189847901777533
198773.411807,2663866.126422,0.0346852633510736,0.221875573499725,0.0497338961277299,0.307762892273812,0.142778491466324,0.243163883281336
186773.411807,2663366.126422,0.0212844036697248,0.354311926605505,0,0.106238532110092,0.105688073394495,0.412477064220183
187273.411807,2663366.126422,0.0078884608328747,0.0720968629609246,0.000183452577508714,0.359933957072097,0.164556962025316,0.395340304531279
187773.411807,2663366.126422,0.00238095238095238,0.0575091575091575,0.00128205128205128,0.726739926739927,0.155860805860806,0.0562271062271062
188273.411807,2663366.126422,0.00201834862385321,0.0269724770642202,0.00275229357798165,0.874862385321101,0.0684403669724771,0.024954128440367
188773.411807,2663366.126422,0.0240322876536415,0.0427444505595304,0.016694184553293,0.724821133736929,0.125665015593469,0.066042927903137
189273.411807,2663366.126422,0.0302197802197802,0.00641025641025641,0.000549450549450549,0.82967032967033,0.0970695970695971,0.0360805860805861
189773.411807,2663366.126422,0.0387155963302752,0.023302752293578,0.00917431192660551,0.695596330275229,0.098348623853211,0.134862385321101
190273.411807,2663366.126422,0.0654925701706109,0.0232984773436067,0.0487983856173179,0.390203632361035,0.158869932122546,0.313337002384883
190773.411807,2663366.126422,0.0175824175824176,0.0745421245421245,0.0311355311355311,0.41043956043956,0.148168498168498,0.318131868131868
191273.411807,2663366.126422,0.0122935779816514,0.0994495412844037,0.0313761467889908,0.300917431192661,0.184770642201835,0.371192660550459
191773.411807,2663366.126422,0.0066042927903137,0.0662263804806457,0.159236837277564,0.16694184553293,0.192808658961658,0.408181984956889
192273.411807,2663366.126422,0.0304029304029304,0.270879120879121,0.0131868131868132,0.121978021978022,0.104945054945055,0.458608058608059
192773.411807,2663366.126422,0.0258715596330275,0.514862385321101,0.00201834862385321,0.152660550458716,0.0658715596330275,0.238715596330275
193273.411807,2663366.126422,0.0286186020913594,0.266556595120161,0.0379746835443038,0.299394606494221,0.153182902219776,0.214272610530178
193773.411807,2663366.126422,0.013003663003663,0.326373626373626,0.00128205128205128,0.23021978021978,0.157142857142857,0.271978021978022
194273.411807,2663366.126422,0.0170642201834862,0.277981651376147,0.00403669724770642,0.129724770642202,0.12605504587156,0.445137614678899
194773.411807,2663366.126422,0.0343056319941295,0.216657494037791,0.00825536598789213,0.354797284901853,0.161805173362686,0.224179049715649
195273.411807,2663366.126422,0.032051282051282,0.226923076923077,0.0155677655677656,0.335531135531136,0.132234432234432,0.257692307692308
195773.411807,2663366.126422,0.0159633027522936,0.380366972477064,0.00128440366972477,0.155045871559633,0.0761467889908257,0.371192660550459
196273.411807,2663366.126422,0.0163272793982755,0.408915795266924,0.00348559897266557,0.188222344523941,0.0882406897816914,0.294808292056503
196773.411807,2663366.126422,0.0117216117216117,0.443223443223443,0.00146520146520147,0.0419413919413919,0.0554945054945055,0.446153846153846
197273.411807,2663366.126422,0.0143119266055046,0.366605504587156,0.0244036697247706,0.124954128440367,0.121651376146789,0.348073394495413
197773.411807,2663366.126422,0.0194459732159237,0.307466519904605,0.00311869381764814,0.0425609979820216,0.0469638598422308,0.580443955237571
198273.411807,2663366.126422,0.0265567765567766,0.3503663003663,0.0562271062271062,0.0921245421245421,0.0684981684981685,0.406227106227106
198773.411807,2663366.126422,0.0511926605504587,0.231743119266055,0.00220183486238532,0.246788990825688,0.109357798165138,0.358715596330275
186773.411807,2662866.126422,0.0355311355311355,0.0853479853479854,0,0.0254578754578755,0.0987179487179487,0.754945054945055
187273.411807,2662866.126422,0,0.0714285714285714,0,0.233516483516484,0.217032967032967,0.478021978021978
187773.411807,2662866.126422,0.000733406674000733,0.0641730839750642,0.0298863219655299,0.451961862852952,0.124679134580125,0.328566189952329
188273.411807,2662866.126422,0.00787545787545788,0.0362637362637363,0.00384615384615385,0.673443223443223,0.145421245421245,0.133150183150183
188773.411807,2662866.126422,0.00457875457875458,0.0263736263736264,0.0247252747252747,0.734615384615385,0.13021978021978,0.0794871794871795
189273.411807,2662866.126422,0.0467546754675468,0.0423542354235424,0.00586725339200587,0.626512651265127,0.179317931793179,0.0991932526585992
189773.411807,2662866.126422,0.0734432234432234,0.073992673992674,0.056959706959707,0.471428571428571,0.133333333333333,0.190842490842491
190273.411807,2662866.126422,0.00457875457875458,0.093040293040293,0.136996336996337,0.214102564102564,0.117765567765568,0.433516483516484
190773.411807,2662866.126422,0.0115511551155116,0.0517051705170517,0.0275027502750275,0.0612394572790612,0.0867253392005867,0.761276127612761
191273.411807,2662866.126422,0.0489010989010989,0.103113553113553,0.0294871794871795,0.0611721611721612,0.103846153846154,0.653479853479853
191773.411807,2662866.126422,0.0159340659340659,0.15970695970696,0.0316849816849817,0.24029304029304,0.108424908424908,0.443956043956044
192273.411807,2662866.126422,0.0229189585625229,0.23982398239824,0.0187018701870187,0.214704803813715,0.183535020168684,0.32031536486982
192773.411807,2662866.126422,0.0419413919413919,0.17014652014652,0.000915750915750916,0.251465201465201,0.181318681318681,0.354212454212454
193273.411807,2662866.126422,0.0523809523809524,0.164652014652015,0.000183150183150183,0.278937728937729,0.196336996336996,0.307509157509158
193773.411807,2662866.126422,0.030986431976531,0.227539420608728,0,0.147414741474147,0.134030069673634,0.46002933626696
194273.411807,2662866.126422,0.026007326007326,0.225641025641026,0.00494505494505494,0.265018315018315,0.177472527472527,0.300915750915751
194773.411807,2662866.126422,0.0336996336996337,0.21996336996337,0.00347985347985348,0.373626373626374,0.145421245421245,0.223809523809524
195273.411807,2662866.126422,0.0306197286395306,0.288962229556289,0,0.224789145581225,0.116611661166117,0.339017235056839
195773.411807,2662866.126422,0.0305860805860806,0.274542124542125,0.0124542124542125,0.210622710622711,0.135714285714286,0.336080586080586
196273.411807,2662866.126422,0.0188644688644689,0.451098901098901,0.00256410256410256,0.0831501831501831,0.0512820512820513,0.393040293040293
196773.411807,2662866.126422,0.0474880821415475,0.313164649798313,0.000183351668500183,0.167033370003667,0.0825082508250825,0.38962229556289
197273.411807,2662866.126422,0.0467032967032967,0.318315018315018,0.000549450549450549,0.107326007326007,0.143772893772894,0.383333333333333
197773.411807,2662866.126422,0.0318681318681319,0.285531135531136,0.00476190476190476,0.165018315018315,0.129487179487179,0.383333333333333
198273.411807,2662866.126422,0.0445544554455446,0.236340300696736,0.0405207187385405,0.245874587458746,0.153648698203154,0.279061239457279
198773.411807,2662866.126422,0.0194139194139194,0.476190476190476,0.000915750915750916,0.182417582417582,0.0608058608058608,0.26025641025641
186773.411807,2662366.126422,0.00587263718113415,0.149935768030831,0,0.0506514956872821,0.0919434758671316,0.701596623233621
187273.411807,2662366.126422,0.00770218228498074,0.114615807812213,0,0.115716119567211,0.190170548322025,0.571795342013571
187773.411807,2662366.126422,0.0251053692505039,0.14458493677845,0.0397654388858347,0.59190031152648,0.0965732087227414,0.10207073483599
188273.411807,2662366.126422,0.012846393833731,0.0187190310148651,0.0108276748027161,0.717379335657919,0.149752248118921,0.090475316571848
188773.411807,2662366.126422,0.00458463231248854,0.0265908674124335,0.0104529616724739,0.749862461030625,0.146158078122135,0.0623509994498441
189273.411807,2662366.126422,0.147333699835074,0.152281473336998,0.00146600696353308,0.434671064687557,0.126809602345611,0.137438152831226
189773.411807,2662366.126422,0.0234905487245366,0.101302991374564,0.192145347770233,0.284088823637365,0.173976876491099,0.224995412002202
190273.411807,2662366.126422,0.0313588850174216,0.0669356317623327,0.0821566110397946,0.253255088941867,0.110764716669723,0.455529066568861
190773.411807,2662366.126422,0.0393989371449514,0.110317024005864,0.00348176653839106,0.121861828843687,0.153747480300531,0.571192963166575
191273.411807,2662366.126422,0.0143145531290145,0.112681225913012,0,0.0489998164800881,0.0293631859056708,0.794641218572215
191773.411807,2662366.126422,0.0515312671923712,0.0773885934348065,0.00788556757748029,0.398496240601504,0.130386942967174,0.334311388226664
192273.411807,2662366.126422,0.0183250870441635,0.0674363203225215,0.00842954004031519,0.695620304196445,0.10207073483599,0.108118013560564
192773.411807,2662366.126422,0.0721233253808038,0.0952468342815195,0.00862543585979079,0.409065883648376,0.183336391998532,0.231602128830978
193273.411807,2662366.126422,0.0236567027324409,0.161379057399597,0.0022006235099945,0.405464881716486,0.130020172382175,0.277278562259307
193773.411807,2662366.126422,0.0284038849184534,0.166025288620121,0.00604727872457394,0.367051493494594,0.186366135239142,0.246105919003115
194273.411807,2662366.126422,0.022389429253074,0.314186089190677,0.00275279867865663,0.146999449440264,0.102220590934116,0.411451642503212
194773.411807,2662366.126422,0.0194388410049514,0.477168531083807,0,0.0357601320374106,0.0722538052448194,0.395378690629012
195273.411807,2662366.126422,0.0153930731170973,0.422943008979293,0.000366501740883269,0.11434854315558,0.146783947223749,0.300164925783397
195773.411807,2662366.126422,0.015782712424298,0.492016883831896,0.00110111947146265,0.0800146815929528,0.0587263718113415,0.352358230868049
196273.411807,2662366.126422,0.0322758114799193,0.380707867229048,0.0075187969924812,0.121584448927196,0.077205208142307,0.380707867229048
196773.411807,2662366.126422,0.0280373831775701,0.279824079164376,0.00403151914971596,0.180685358255452,0.134689389774601,0.372732270478285
197273.411807,2662366.126422,0.0106441548908057,0.495136722334373,0.000550559735731327,0.0972655533125344,0.0871719581574601,0.309231051569095
197773.411807,2662366.126422,0.00861910874747845,0.325508894186686,0.000366770584999083,0.0788556757748029,0.0601503759398496,0.526499174766184
198273.411807,2662366.126422,0.0542422576507238,0.128642111050027,0.0262048744731537,0.1434854315558,0.128275609309144,0.519149715961151
198773.411807,2662366.126422,0.093778674986236,0.317856487428886,0,0.127179298953937,0.109194347586713,0.351991191044228
186773.411807,2661866.126422,0.0146788990825688,0.158165137614679,0,0.0278899082568807,0.185321100917431,0.61394495412844
187273.411807,2661866.126422,0.0434782608695652,0.0465969546872134,0.00348559897266557,0.388919464318474,0.24252430746652,0.274995413685562
187773.411807,2661866.126422,0.0291208791208791,0.106959706959707,0.0333333333333333,0.608058608058608,0.135164835164835,0.0873626373626374
188273.411807,2661866.126422,0.0363302752293578,0.0264220183486239,0.0328440366972477,0.725504587155963,0.110642201834862,0.068256880733945
188773.411807,2661866.126422,0.0843881856540084,0.0986974866996881,0.00807191341038342,0.474591818015043,0.162355531095212,0.171895065125665
189273.411807,2661866.126422,0.000732600732600733,0.0974358974358974,0.0602564102564103,0.332234432234432,0.0862637362637363,0.423076923076923
189773.411807,2661866.126422,0.00752293577981651,0.0845871559633028,0.0473394495412844,0.403119266055046,0.084954128440367,0.372477064220184
190273.411807,2661866.126422,0.0475142175747569,0.144193725921849,0.0185287103283801,0.167125298110438,0.121995964043295,0.500642084021281
190773.411807,2661866.126422,0.0518315018315018,0.153296703296703,0.000915750915750916,0.118498168498168,0.118315018315018,0.557142857142857
191273.411807,2661866.126422,0.0555963302752294,0.193211009174312,0.00403669724770642,0.205871559633028,0.148256880733945,0.39302752293578
191773.411807,2661866.126422,0.108053568152633,0.0119244175380664,0.00183452577508714,0.416437350944781,0.150431113557145,0.311319024032288
192273.411807,2661866.126422,0.0417582417582418,0.0238095238095238,0.00531135531135531,0.71043956043956,0.157142857142857,0.0615384615384615
192773.411807,2661866.126422,0.0273394495412844,0.0220183486238532,0.0174311926605505,0.673577981651376,0.142201834862385,0.11743119266055
193273.411807,2661866.126422,0.015410016510732,0.0150431113557145,0.0133920381581361,0.747202348192992,0.108787378462667,0.100165107319758
193773.411807,2661866.126422,0.0206959706959707,0.295970695970696,0.000732600732600733,0.405311355311355,0.103113553113553,0.174175824175824
194273.411807,2661866.126422,0.04,0.270091743119266,0.000917431192660551,0.159816513761468,0.164403669724771,0.364770642201835
194773.411807,2661866.126422,0.0176114474408365,0.399926618968997,0.00678774536782242,0.167125298110438,0.0961291506145661,0.31241973949734
195273.411807,2661866.126422,0.0269230769230769,0.624175824175824,0,0.0728937728937729,0.078021978021978,0.197985347985348
195773.411807,2661866.126422,0.0343119266055046,0.307155963302752,0.0108256880733945,0.241651376146789,0.0955963302752294,0.31045871559633
196273.411807,2661866.126422,0.0229315721885892,0.36525408181985,0.00146762062006971,0.0950284351495139,0.112456430012842,0.402861860209136
196773.411807,2661866.126422,0.0421245421245421,0.363003663003663,0.00714285714285714,0.125824175824176,0.135164835164835,0.326739926739927
197273.411807,2661866.126422,0.0203669724770642,0.474311926605505,0.00587155963302752,0.100917431192661,0.076697247706422,0.321834862385321
197773.411807,2661866.126422,0.0354063474591818,0.263988259035039,0.00770500825536599,0.214639515685195,0.124197394973399,0.354063474591818
198273.411807,2661866.126422,0.0364468864468864,0.188095238095238,0.0373626373626374,0.154029304029304,0.0805860805860806,0.503479853479853
198773.411807,2661866.126422,0.0891743119266055,0.152660550458716,0.044954128440367,0.246238532110092,0.165137614678899,0.301834862385321
189773.411807,2661366.126422,0.0304029304029304,0.174358974358974,0.195238095238095,0.222527472527473,0.137912087912088,0.23956043956044
190273.411807,2661366.126422,0.0133699633699634,0.2,0.103846153846154,0.0811355311355311,0.106593406593407,0.495054945054945
