"x","y","forest","agri","water","built","other","grass"
186773.411807,2627366.126422,0.0623836126629423,0.347532588454376,0.00349162011173184,0.0540037243947858,0.171554934823091,0.361033519553073
187273.411807,2627366.126422,0.0102325581395349,0.476279069767442,0,0.00255813953488372,0.0632558139534884,0.447674418604651
187773.411807,2627366.126422,0.0239312267657993,0.326440520446097,0,0.033224907063197,0.118494423791822,0.497908921933086
188273.411807,2627366.126422,0.0723929236499069,0.227420856610801,0.000698324022346369,0.140828677839851,0.263733705772812,0.294925512104283
188773.411807,2627366.126422,0.0267441860465116,0.381162790697674,0,0.0276744186046512,0.10093023255814,0.463488372093023
189273.411807,2627366.126422,0.0453066914498141,0.438197026022305,0.00394981412639405,0.024860594795539,0.0868959107806691,0.400789962825279
189773.411807,2627366.126422,0.0412011173184358,0.47183426443203,0,0.105214152700186,0.143854748603352,0.237895716945996
190273.411807,2627366.126422,0.0518604651162791,0.317209302325581,0.000930232558139535,0.194883720930233,0.193488372093023,0.241627906976744
190773.411807,2627366.126422,0.0940985130111524,0.467472118959108,0.00325278810408922,0.091542750929368,0.120353159851301,0.223280669144981
191273.411807,2627366.126422,0.0281657355679702,0.521182495344507,0.000698324022346369,0.118482309124767,0.102420856610801,0.229050279329609
191773.411807,2627366.126422,0.0627906976744186,0.596744186046512,0,0.0106976744186047,0.0553488372093023,0.274418604651163
192273.411807,2627366.126422,0.0532063197026022,0.609200743494424,0,0.0353159851301115,0.0566914498141264,0.245585501858736
192773.411807,2627366.126422,0.0726256983240224,0.473463687150838,0.000232774674115456,0.149441340782123,0.110102420856611,0.194134078212291
193273.411807,2627366.126422,0.0272093023255814,0.609302325581395,0.00232558139534884,0.0993023255813953,0.0690697674418605,0.192790697674419
193773.411807,2627366.126422,0.012546468401487,0.467472118959108,0,0.0515799256505576,0.106412639405204,0.361988847583643
194273.411807,2627366.126422,0.0509776536312849,0.228584729981378,0.00256052141527002,0.266992551210428,0.16340782122905,0.287476722532588
194773.411807,2627366.126422,0.0513953488372093,0.443953488372093,0.0013953488372093,0.0851162790697674,0.118837209302326,0.299302325581395
195273.411807,2627366.126422,0.041589219330855,0.520910780669145,0.00116171003717472,0.0578531598513011,0.0801579925650558,0.298327137546468
195773.411807,2627366.126422,0.0698324022346369,0.493715083798883,0.00325884543761639,0.0228119180633147,0.0989292364990689,0.31145251396648
196273.411807,2627366.126422,0.062093023255814,0.203488372093023,0.0241860465116279,0.153720930232558,0.14,0.416511627906977
196773.411807,2627366.126422,0.0425185873605948,0.111756505576208,0.00255576208178439,0.35478624535316,0.160548327137546,0.327834572490706
197273.411807,2627366.126422,0.0910148975791434,0.333333333333333,0.000232774674115456,0.155959031657356,0.140130353817505,0.279329608938547
197773.411807,2627366.126422,0.0590697674418605,0.376744186046512,0.000232558139534884,0.0772093023255814,0.0718604651162791,0.414883720930233
198273.411807,2627366.126422,0.207946096654275,0.118029739776952,0.0020910780669145,0.336198884758364,0.0934014869888476,0.242332713754647
198773.411807,2627366.126422,0.0825732117138742,0.0554488718194911,0.0165626500240038,0.651944311089774,0.151704272683629,0.0417666826692271
186773.411807,2626866.126422,0.0492673992673993,0.45989010989011,0,0.0212454212454212,0.0362637362637363,0.433333333333333
187273.411807,2626866.126422,0.102747252747253,0.336263736263736,0,0.0142857142857143,0.107142857142857,0.43956043956044
187773.411807,2626866.126422,0.130729739640631,0.300696736340301,0,0.030986431976531,0.0856252291895856,0.451961862852952
188273.411807,2626866.126422,0.0395604395604396,0.640659340659341,0,0.00366300366300366,0.036996336996337,0.279120879120879
188773.411807,2626866.126422,0.0765567765567766,0.424542124542125,0,0.00567765567765568,0.0793040293040293,0.413919413919414
189273.411807,2626866.126422,0.0727906123945728,0.531903190319032,0,0.0122845617895123,0.0771910524385772,0.305830583058306
189773.411807,2626866.126422,0.146703296703297,0.38974358974359,0,0.0441391941391941,0.0824175824175824,0.336996336996337
190273.411807,2626866.126422,0.0963369963369963,0.2503663003663,0.00457875457875458,0.0331501831501832,0.107509157509158,0.508058608058608
190773.411807,2626866.126422,0.112211221122112,0.448661532819949,0.0055005500550055,0.0848918225155849,0.0980931426475981,0.250641730839751
191273.411807,2626866.126422,0.0895604395604396,0.166117216117216,0.0111721611721612,0.307875457875458,0.207142857142857,0.218131868131868
191773.411807,2626866.126422,0.0426739926739927,0.522710622710623,0,0.0600732600732601,0.0562271062271062,0.318315018315018
192273.411807,2626866.126422,0.09002566923359,0.472313898056472,0.00256692335900257,0.0326365969930326,0.0942427576090942,0.308214154748808
192773.411807,2626866.126422,0.0463369963369963,0.522893772893773,0,0.00604395604395604,0.0507326007326007,0.373992673992674
193273.411807,2626866.126422,0.01996336996337,0.641025641025641,0,0.00366300366300366,0.0247252747252747,0.310622710622711
193773.411807,2626866.126422,0.0243857719105244,0.609277594426109,0,0.0335533553355336,0.09002566923359,0.242757609094243
194273.411807,2626866.126422,0.0186813186813187,0.406593406593407,0.00622710622710623,0.105311355311355,0.134065934065934,0.329120879120879
194773.411807,2626866.126422,0.0355311355311355,0.459340659340659,0,0.0258241758241758,0.0937728937728938,0.385531135531136
195273.411807,2626866.126422,0.00256692335900257,0.47964796479648,0,0.011001100110011,0.077007700770077,0.42977631096443
195773.411807,2626866.126422,0.0338827838827839,0.425641025641026,0.00769230769230769,0.017032967032967,0.109340659340659,0.406410256410256
196273.411807,2626866.126422,0.0153846153846154,0.63003663003663,0,0.0021978021978022,0.0157509157509158,0.336630036630037
196773.411807,2626866.126422,0.048954895489549,0.510634396773011,0,0.0958929226255959,0.112394572790612,0.232123212321232
197273.411807,2626866.126422,0.0446886446886447,0.511355311355311,0.000366300366300366,0.0604395604395604,0.0924908424908425,0.290659340659341
197773.411807,2626866.126422,0.0424908424908425,0.516483516483517,0,0.0879120879120879,0.0663003663003663,0.286813186813187
198273.411807,2626866.126422,0.0907590759075908,0.36963696369637,0.000366703337000367,0.0748074807480748,0.081958195819582,0.382471580491382
198773.411807,2626866.126422,0.0749014454664915,0.406044678055191,0.00450535010324761,0.165947062136287,0.0795945184907077,0.269006945748076
186773.411807,2626366.126422,0.0222059093411635,0.600660671682878,0,0.0187190310148651,0.0513855753349238,0.30702881262617
187273.411807,2626366.126422,0.0289748762149276,0.611773335778471,0,0.00366770584999083,0.0339262791124152,0.321657803044196
187773.411807,2626366.126422,0.0271211288253619,0.729888216969031,0.000366501740883269,0.0157595748579806,0.0500274876305662,0.176837089976177
188273.411807,2626366.126422,0.0814828408882364,0.48559368691503,0,0.0102771150669848,0.063497889521013,0.359148467608736
188773.411807,2626366.126422,0.21602787456446,0.148908857509628,0.000916926462497708,0.0852741610122868,0.117733357784706,0.431138822666422
189273.411807,2626366.126422,0.193879420927249,0.22759758108851,0.000549752611324904,0.0985889682975994,0.107018508337915,0.372365768737402
189773.411807,2626366.126422,0.135437694989906,0.229032850064232,0.000183519911910442,0.0313819049366856,0.0675353275830428,0.536428702514223
190273.411807,2626366.126422,0.141756831102146,0.0938932697597653,0.000733541169998166,0.0278745644599303,0.0634513112048414,0.672290482303319
190773.411807,2626366.126422,0.136521898479018,0.190397654388858,0.000366501740883269,0.134322888033718,0.108667766171889,0.429723291185633
191273.411807,2626366.126422,0.0701046063497889,0.367406863644705,0.00183519911910442,0.073040924940356,0.0853367590383557,0.402275646907689
191773.411807,2626366.126422,0.0517146524848707,0.580781221346048,0.000550155877498625,0.00495140289748762,0.0350265908674124,0.326975976526683
192273.411807,2626366.126422,0.0153930731170973,0.695803555066887,0,0.0124610591900312,0.030602895363753,0.245739417262232
192773.411807,2626366.126422,0.00220223894292531,0.559001651679207,0,0.000367039823820885,0.0110111947146265,0.42741787483942
193273.411807,2626366.126422,0.0386942967174033,0.639647900238401,0,0.00183385292499542,0.0205391527599487,0.299284797359252
193773.411807,2626366.126422,0.0223566061938794,0.529778266446766,0,0.00311526479750779,0.05717427157779,0.387575590984057
194273.411807,2626366.126422,0.0247751881079097,0.600293631859057,0,0.0203707102220591,0.0710222059093412,0.283538263901633
194773.411807,2626366.126422,0.0471300201723822,0.48798826334128,0.000366770584999083,0.0330093526499175,0.08399046396479,0.347515129286631
195273.411807,2626366.126422,0.0221733553234378,0.377130291368884,0.000366501740883269,0.0828293934396188,0.103903243540407,0.413597214586769
195773.411807,2626366.126422,0.0434942191227748,0.415672600477152,0.00293631859056708,0.063497889521013,0.110111947146265,0.364287025142228
196273.411807,2626366.126422,0.0423620025673941,0.500825233816248,0,0.0674857876398313,0.0786722904823033,0.310654685494223
196773.411807,2626366.126422,0.036100421477002,0.612974161627268,0,0.023089609675646,0.0566245189664651,0.271211288253619
197273.411807,2626366.126422,0.0172508717195816,0.617544503578638,0,0.00201871903101487,0.0236740686364471,0.339511837034318
197773.411807,2626366.126422,0.0610673024023473,0.422703099211443,0.000366770584999083,0.0223730056849441,0.070786722904823,0.422703099211443
198273.411807,2626366.126422,0.153380978559648,0.299065420560748,0.000183250870441635,0.0848451530144768,0.156679494227598,0.305845702767088
198773.411807,2626366.126422,0.0834743372814439,0.457980823463057,0,0.0124083474337281,0.0409851475841324,0.405151344237639
186773.411807,2625866.126422,0.0275229357798165,0.612477064220183,0,0.0211009174311927,0.0895412844036697,0.249357798165138
187273.411807,2625866.126422,0.0322876536415337,0.703724087323427,0.000550357732526142,0.002568336085122,0.0357732526141992,0.225096312603192
187773.411807,2625866.126422,0.0261904761904762,0.662637362637363,0,0.000549450549450549,0.0133699633699634,0.297252747252747
188273.411807,2625866.126422,0.160183486238532,0.247339449541284,0.0330275229357798,0.0499082568807339,0.112477064220183,0.397064220183486
188773.411807,2625866.126422,0.208769033204917,0.161621720785177,0.00183452577508714,0.345991561181435,0.0999816547422491,0.181801504311136
189273.411807,2625866.126422,0.106593406593407,0.202380952380952,0.000183150183150183,0.17985347985348,0.182051282051282,0.328937728937729
189773.411807,2625866.126422,0.0678899082568807,0.127155963302752,0,0.0311926605504587,0.0596330275229358,0.714128440366972
190273.411807,2625866.126422,0.151898734177215,0.0653091175931022,0.00495321959273528,0.139974316639149,0.0753990093560815,0.562465602641717
190773.411807,2625866.126422,0.161538461538462,0.0743589743589744,0.00128205128205128,0.154029304029304,0.146153846153846,0.462637362637363
191273.411807,2625866.126422,0.285137614678899,0.10605504587156,0,0.0161467889908257,0.0530275229357798,0.539633027522936
191773.411807,2625866.126422,0.0849385433865346,0.238121445606311,0.00201797835259585,0.098147128967162,0.137589433131535,0.439185470555861
192273.411807,2625866.126422,0.168681318681319,0.370512820512821,0,0.0032967032967033,0.0195970695970696,0.437912087912088
192773.411807,2625866.126422,0.107889908256881,0.52,0,0.00330275229357798,0.0205504587155963,0.348256880733945
193273.411807,2625866.126422,0.0816363969913777,0.577875619152449,0,0.0326545587965511,0.0568702990277013,0.250963126031921
193773.411807,2625866.126422,0.041025641025641,0.548351648351648,0,0.00677655677655678,0.036996336996337,0.366849816849817
194273.411807,2625866.126422,0.0499082568807339,0.496146788990826,0.00036697247706422,0.0456880733944954,0.0794495412844037,0.328440366972477
194773.411807,2625866.126422,0.00880572372041827,0.58778205833792,0,0.0216474041460283,0.0847550908090259,0.297009722986608
195273.411807,2625866.126422,0.00787545787545788,0.373809523809524,0,0.0421245421245421,0.065018315018315,0.511172161172161
195773.411807,2625866.126422,0.0055045871559633,0.376697247706422,0.00073394495412844,0.112660550458716,0.146605504587156,0.357798165137615
196273.411807,2625866.126422,0.00532012474775271,0.418638781874885,0,0.0722803155384333,0.0777838928636947,0.425976884975234
196773.411807,2625866.126422,0.00805860805860806,0.558241758241758,0,0.039010989010989,0.0532967032967033,0.341391941391941
197273.411807,2625866.126422,0.0508256880733945,0.490091743119266,0,0.0192660550458716,0.0587155963302752,0.381100917431193
197773.411807,2625866.126422,0.020546688680976,0.338653458081086,0.000183452577508714,0.0388919464318474,0.0766831773986425,0.52504127682994
198273.411807,2625866.126422,0.137545787545788,0.27032967032967,0.0117216117216117,0.0774725274725275,0.135347985347985,0.367582417582418
198773.411807,2625866.126422,0.0524436090225564,0.390977443609023,0,0.0577067669172932,0.0977443609022556,0.401127819548872
186773.411807,2625366.126422,0.0419413919413919,0.490659340659341,0,0.0043956043956044,0.0161172161172161,0.446886446886447
187273.411807,2625366.126422,0.0602564102564103,0.344688644688645,0,0.0412087912087912,0.192490842490843,0.361355311355311
187773.411807,2625366.126422,0.026035936927026,0.655298863219655,0,0.000183351668500183,0.0100843417675101,0.308397506417308
188273.411807,2625366.126422,0.0793040293040293,0.33021978021978,0.0388278388278388,0.0774725274725275,0.155860805860806,0.318315018315018
188773.411807,2625366.126422,0.217948717948718,0.127472527472527,0.00457875457875458,0.0961538461538462,0.141391941391941,0.412454212454212
189273.411807,2625366.126422,0.0188852218555189,0.598643197653099,0,0.0113678034470114,0.0348368170150348,0.336266960029336
189773.411807,2625366.126422,0.144139194139194,0.129487179487179,0,0.0516483516483516,0.133882783882784,0.540842490842491
190273.411807,2625366.126422,0.106043956043956,0.112454212454212,0.000183150183150183,0.143406593406593,0.128021978021978,0.50989010989011
190773.411807,2625366.126422,0.2004033736707,0.0265859919325266,0,0.3001466813348,0.0641730839750642,0.408690869086909
191273.411807,2625366.126422,0.482417582417582,0.0514652014652015,0,0.00549450549450549,0.0291208791208791,0.431501831501832
191773.411807,2625366.126422,0.278937728937729,0.0915750915750916,0,0.065018315018315,0.106593406593407,0.457875457875458
192273.411807,2625366.126422,0.0430876420975431,0.417308397506417,0,0.03997066373304,0.0711404473780711,0.428492849284928
192773.411807,2625366.126422,0.0915750915750916,0.487362637362637,0,0.0179487179487179,0.021978021978022,0.381135531135531
193273.411807,2625366.126422,0.0397435897435897,0.645604395604396,0.000183150183150183,0.0338827838827839,0.041025641025641,0.23956043956044
193773.411807,2625366.126422,0.0339200586725339,0.644481114778145,0,0.0308030803080308,0.0333700036670334,0.257425742574257
194273.411807,2625366.126422,0.0249084249084249,0.563186813186813,0,0.0043956043956044,0.0384615384615385,0.369047619047619
194773.411807,2625366.126422,0.0794871794871795,0.351831501831502,0.000915750915750916,0.124175824175824,0.117032967032967,0.326556776556777
195273.411807,2625366.126422,0.0482214888155482,0.334433443344334,0.000183351668500183,0.136230289695636,0.104693802713605,0.376237623762376
195773.411807,2625366.126422,0.0446886446886447,0.283882783882784,0.0010989010989011,0.158058608058608,0.135164835164835,0.377106227106227
196273.411807,2625366.126422,0.013003663003663,0.410805860805861,0.00695970695970696,0.103113553113553,0.0912087912087912,0.374908424908425
196773.411807,2625366.126422,0.0331866519985332,0.534286762009534,0,0.0216354968830216,0.0484048404840484,0.362486248624863
197273.411807,2625366.126422,0.0811355311355311,0.444505494505494,0,0.00659340659340659,0.0230769230769231,0.444688644688645
197773.411807,2625366.126422,0.0913919413919414,0.192307692307692,0.00989010989010989,0.186080586080586,0.147619047619048,0.372710622710623
198273.411807,2625366.126422,0.0317198386505317,0.294829482948295,0.0124679134580125,0.131646497983132,0.107627429409608,0.421708837550422
198773.411807,2625366.126422,0.112446029660222,0.267692885301295,0.00018772292096865,0.046179838558288,0.0835366998310494,0.489956823728177
186773.411807,2624866.126422,0.187740869884382,0.246650761607634,0,0.00110111947146265,0.0735914846760874,0.490915764360433
187273.411807,2624866.126422,0.0539152759948652,0.433156060883917,0,0.00586832935998533,0.0601503759398496,0.446909957821383
187773.411807,2624866.126422,0.0428807036833425,0.647242074399853,0,0.0315191497159611,0.0434304562946674,0.234927615906176
188273.411807,2624866.126422,0.080932281152505,0.637364654064966,0,0.00183519911910442,0.0425766195632226,0.237291246100202
188773.411807,2624866.126422,0.109481019622226,0.550339262791124,0,0.000916926462497708,0.0110031175499725,0.328259673574179
189273.411807,2624866.126422,0.0628550485614807,0.579256001466007,0,0.0267546270844787,0.0681693238042881,0.262964999083746
189773.411807,2624866.126422,0.057258212516058,0.122774821068086,0.00220223894292531,0.36098366672784,0.114332905120206,0.342448155624885
190273.411807,2624866.126422,0.0955437373922611,0.0891252521547772,0,0.0979277461947552,0.0529983495323675,0.664404914725839
190773.411807,2624866.126422,0.0183250870441635,0.124610591900312,0.00128275609309144,0.349459409932197,0.17940260216236,0.326919552867876
191273.411807,2624866.126422,0.470912093962195,0.0240411084602679,0.000734079647641769,0.0631308496971921,0.0680858873187741,0.373095980913929
191773.411807,2624866.126422,0.619108747478452,0.175499724922061,0,0.0137538969374656,0.0179717586649551,0.173665871997066
192273.411807,2624866.126422,0.413047461975444,0.225032068902327,0.000549752611324904,0.0232728605460876,0.0582737768004398,0.279824079164376
192773.411807,2624866.126422,0.082583960359699,0.353642870251422,0.000183519911910442,0.131216737015966,0.133786015782712,0.29858689667829
193273.411807,2624866.126422,0.0715202640748212,0.375206308454062,0.000550155877498625,0.0970108197322575,0.103612690262241,0.35209976159912
193773.411807,2624866.126422,0.0366501740883269,0.351108667766172,0,0.108118013560564,0.144951438519333,0.359171706065604
194273.411807,2624866.126422,0.0737750045879978,0.416590200036704,0.000183519911910442,0.101853551110295,0.103321710405579,0.304276013947513
194773.411807,2624866.126422,0.0652851641298368,0.347698514579131,0.00128369704749679,0.225380524481937,0.137172198789657,0.223179900971942
195273.411807,2624866.126422,0.113615539673813,0.168957302547187,0.00219901044529962,0.25563496426608,0.15356422943009,0.30602895363753
195773.411807,2624866.126422,0.0662506881996697,0.147550009175996,0.000734079647641769,0.329051202055423,0.163332721600294,0.293081299320976
196273.411807,2624866.126422,0.0436456996148909,0.281496423986796,0.00586832935998533,0.200990280579498,0.139372822299652,0.328626444159178
196773.411807,2624866.126422,0.0425142019424592,0.224299065420561,0.00201575957485798,0.267179769103903,0.158695253802456,0.305295950155763
197273.411807,2624866.126422,0.063497889521013,0.231418608919068,0.00752431638832813,0.270691870067902,0.0866213984217288,0.34024591668196
197773.411807,2624866.126422,0.0689528699798276,0.128553090042179,0.0075187969924812,0.490739042728773,0.12800293416468,0.176233266092059
198273.411807,2624866.126422,0.0727505955653289,0.388125343595382,0.000183250870441635,0.158328752061572,0.0991387209089243,0.281473336998351
198773.411807,2624866.126422,0.0639217898101147,0.347057717616093,0.00526414739612709,0.103026884752773,0.0451212633953751,0.435608197029517
186773.411807,2624366.126422,0.078348623853211,0.156146788990826,0,0.00055045871559633,0.00862385321100917,0.756330275229358
187273.411807,2624366.126422,0.0170610897083104,0.765914511098881,0,0.00587048248027885,0.0260502660062374,0.185103650706292
187773.411807,2624366.126422,0.00549450549450549,0.735531135531136,0,0.000183150183150183,0.0043956043956044,0.254395604395604
188273.411807,2624366.126422,0.0502752293577982,0.419266055045872,0,0.0185321100917431,0.0440366972477064,0.467889908256881
188773.411807,2624366.126422,0.0656760227481196,0.398825903503944,0,0,0.0126582278481013,0.522839845899835
189273.411807,2624366.126422,0.0327838827838828,0.581501831501832,0,0.00293040293040293,0.0254578754578755,0.357326007326007
189773.411807,2624366.126422,0.0445871559633028,0.570275229357798,0.00146788990825688,0.0148623853211009,0.0456880733944954,0.323119266055046
190273.411807,2624366.126422,0.0392588515868648,0.448174646853788,0,0.0684278114107503,0.104017611447441,0.340121078701156
190773.411807,2624366.126422,0.0912087912087912,0.0891941391941392,0.0021978021978022,0.417948717948718,0.245421245421245,0.154029304029304
191273.411807,2624366.126422,0.141467889908257,0.282201834862385,0.00018348623853211,0.136697247706422,0.0871559633027523,0.352293577981651
191773.411807,2624366.126422,0.526692350027518,0.131535498073748,0,0.00421940928270042,0.0132085855806274,0.324344157035406
192273.411807,2624366.126422,0.307509157509158,0.144871794871795,0.000549450549450549,0.148717948717949,0.147985347985348,0.2503663003663
192773.411807,2624366.126422,0.0759633027522936,0.130275229357798,0,0.398532110091743,0.246605504587156,0.148623853211009
193273.411807,2624366.126422,0.0770500825536599,0.170794349660613,0.00403595670519171,0.416804256099798,0.162905888827738,0.168409466152999
193773.411807,2624366.126422,0.0864468864468864,0.196153846153846,0.00567765567765568,0.385531135531136,0.152197802197802,0.173992673992674
194273.411807,2624366.126422,0.0275229357798165,0.416880733944954,0.00128440366972477,0.14,0.0763302752293578,0.337981651376147
194773.411807,2624366.126422,0.0546688680975968,0.455512749954137,0.001284168042561,0.103650706292423,0.108603925885159,0.276279581728123
195273.411807,2624366.126422,0.0327838827838828,0.517948717948718,0,0.109340659340659,0.0994505494505494,0.24047619047619
195773.411807,2624366.126422,0.0390825688073395,0.528623853211009,0.00018348623853211,0.011743119266055,0.051743119266055,0.368623853211009
196273.411807,2624366.126422,0.0643918547055586,0.438268207668318,0.00421940928270042,0.0317372959090075,0.0550357732526142,0.406347459181801
196773.411807,2624366.126422,0.0624542124542125,0.337179487179487,0,0.0765567765567766,0.0714285714285714,0.452380952380952
197273.411807,2624366.126422,0.174678899082569,0.255045871559633,0.00201834862385321,0.0812844036697248,0.0711926605504587,0.415779816513761
197773.411807,2624366.126422,0.094294624839479,0.156668501192442,0.00807191341038342,0.346725371491469,0.151898734177215,0.242340854889011
198273.411807,2624366.126422,0.0206959706959707,0.640842490842491,0,0.0554945054945055,0.0302197802197802,0.252747252747253
198773.411807,2624366.126422,0.106015037593985,0.278759398496241,0.00977443609022556,0.0347744360902256,0.0842105263157895,0.486466165413534
186773.411807,2623866.126422,0.0474358974358974,0.296520146520147,0,0.00128205128205128,0.00586080586080586,0.648901098901099
187273.411807,2623866.126422,0.0441391941391941,0.550549450549451,0.00860805860805861,0.0230769230769231,0.0307692307692308,0.342857142857143
187773.411807,2623866.126422,0.0214521452145215,0.655665566556656,0,0.013017968463513,0.0232856618995233,0.286578657865787
188273.411807,2623866.126422,0.0875457875457875,0.612820512820513,0,0.0186813186813187,0.0380952380952381,0.242857142857143
188773.411807,2623866.126422,0.0708791208791209,0.534798534798535,0,0.000366300366300366,0.00531135531135531,0.388644688644689
189273.411807,2623866.126422,0.0207187385405207,0.641730839750642,0,0.000366703337000367,0.00825082508250825,0.328932893289329
189773.411807,2623866.126422,0.104578754578755,0.442307692307692,0.0010989010989011,0.0153846153846154,0.0443223443223443,0.392307692307692
190273.411807,2623866.126422,0.131318681318681,0.318498168498168,0.000183150183150183,0.0712454212454212,0.111904761904762,0.366849816849817
190773.411807,2623866.126422,0.112394572790612,0.155665566556656,0.00238357169050238,0.247891455812248,0.18976897689769,0.291895856252292
191273.411807,2623866.126422,0.0967032967032967,0.224542124542125,0,0.272893772893773,0.158974358974359,0.246886446886447
191773.411807,2623866.126422,0.0858974358974359,0.397802197802198,0.00659340659340659,0.095970695970696,0.105677655677656,0.308058608058608
192273.411807,2623866.126422,0.126512651265127,0.23010634396773,0.00751741840850752,0.168866886688669,0.137513751375138,0.329482948294829
192773.411807,2623866.126422,0.0673992673992674,0.123626373626374,0.000732600732600733,0.404212454212454,0.154578754578755,0.249450549450549
193273.411807,2623866.126422,0.0877289377289377,0.313369963369963,0,0.21996336996337,0.138095238095238,0.240842490842491
193773.411807,2623866.126422,0.0777411074440777,0.335900256692336,0,0.248258159149248,0.15034836817015,0.187752108544188
194273.411807,2623866.126422,0.030952380952381,0.508608058608059,0,0.103663003663004,0.105494505494505,0.251282051282051
194773.411807,2623866.126422,0.0326007326007326,0.478021978021978,0.000183150183150183,0.0333333333333333,0.0340659340659341,0.421794871794872
195273.411807,2623866.126422,0.0748074807480748,0.261642830949762,0,0.271177117711771,0.214888155482215,0.177484415108177
195773.411807,2623866.126422,0.0608058608058608,0.536446886446886,0.000366300366300366,0.026007326007326,0.0534798534798535,0.322893772893773
196273.411807,2623866.126422,0.093956043956044,0.18040293040293,0.000915750915750916,0.220695970695971,0.175457875457875,0.328571428571429
196773.411807,2623866.126422,0.0592225889255592,0.404840484048405,0,0.0099009900990099,0.0672900623395673,0.458745874587459
197273.411807,2623866.126422,0.0578754578754579,0.305128205128205,0.0119047619047619,0.151098901098901,0.126739926739927,0.347252747252747
197773.411807,2623866.126422,0.0450549450549451,0.42014652014652,0,0.105677655677656,0.121611721611722,0.307509157509158
198273.411807,2623866.126422,0.0731573157315732,0.427026035936927,0,0.0643564356435644,0.105793912724606,0.32966629996333
198773.411807,2623866.126422,0.0565045992115637,0.256054064201239,0.13347099680871,0.100994931481134,0.120518115261873,0.33245729303548
186773.411807,2623366.126422,0.00642319691686548,0.777573866764544,0,0.00550559735731327,0.0130299137456414,0.197467425215636
187273.411807,2623366.126422,0.00861910874747845,0.686777920410783,0,0.0187052998349532,0.0366770584999083,0.249220612506877
187773.411807,2623366.126422,0.0317024005864028,0.733736485248305,0,0.0053142752428074,0.0161260765988638,0.213120762323621
188273.411807,2623366.126422,0.0200036703982382,0.677188474949532,0,0.00293631859056708,0.0295467058175812,0.270324830244081
188773.411807,2623366.126422,0.0797726022373006,0.46396479002384,0.000916926462497708,0.0212726939299468,0.0423620025673941,0.391710984779021
189273.411807,2623366.126422,0.128275609309144,0.221733553234378,0.00971229613340663,0.150632215503024,0.16364302730438,0.326003298515668
189773.411807,2623366.126422,0.084235639566893,0.41915947880345,0.000367039823820885,0.0412919801798495,0.111213066617728,0.343732795008258
190273.411807,2623366.126422,0.10783055198973,0.488538419218779,0,0.0227397762699432,0.100495140289749,0.280396112231799
190773.411807,2623366.126422,0.111233278358072,0.448048378229797,0.00201575957485798,0.0606560381161811,0.0641378046545721,0.31390874106652
191273.411807,2623366.126422,0.309414571481006,0.236006606716829,0,0.00146815929528354,0.0143145531290145,0.438796109377868
191773.411807,2623366.126422,0.0581331377223547,0.172382174949569,0.0075187969924812,0.412616908123968,0.146158078122135,0.203190904089492
192273.411807,2623366.126422,0.17042330951072,0.0280373831775701,0.0163093274693055,0.442734102986989,0.183800623052959,0.158695253802456
192773.411807,2623366.126422,0.106441548908057,0.0203707102220591,0.0130299137456414,0.663424481556249,0.121490181684713,0.0752431638832813
193273.411807,2623366.126422,0.0905923344947735,0.173849257289565,0.00403447643498991,0.352466532184119,0.161379057399597,0.217678342196956
193773.411807,2623366.126422,0.0467289719626168,0.247205424225765,0.00623052959501558,0.193329668315924,0.12222833058457,0.384277075316108
194273.411807,2623366.126422,0.0535878142778491,0.4147550009176,0.0706551660855203,0.103321710405579,0.0869884382455496,0.270691870067902
194773.411807,2623366.126422,0.0698697964423253,0.270860077021823,0.0649183935448377,0.20814230698698,0.134971575279663,0.251237850724372
195273.411807,2623366.126422,0.0379329301814184,0.426241524647242,0.00183250870441635,0.115081546637347,0.119479567527946,0.299431922301631
195773.411807,2623366.126422,0.0100935951550743,0.637731693888787,0,0.0183519911910442,0.031932464672417,0.301890255092678
196273.411807,2623366.126422,0.0238400880249404,0.573629194938566,0.000916926462497708,0.0474967907573813,0.0414450761048964,0.312671923711718
196773.411807,2623366.126422,0.0142935678944475,0.530694520798974,0.000733003481766538,0.000916254352208173,0.0346344145134689,0.418728238959135
197273.411807,2623366.126422,0.13268489631125,0.276748027160947,0.0322995044962378,0.101302991374564,0.133786015782712,0.323178564874289
197773.411807,2623366.126422,0.0500641848523748,0.165046763249587,0.0304419585549239,0.0412616908123968,0.130753713552173,0.582431688978544
198273.411807,2623366.126422,0.0357339197361187,0.399303646692322,0.0359171706065604,0.023089609675646,0.0734835990470955,0.432472054242258
198773.411807,2623366.126422,0.0930626057529611,0.494641849971799,0.000940026320736981,0.00921225794322241,0.0708779845835683,0.331265275427712
186773.411807,2622866.126422,0.0203669724770642,0.664954128440367,0,0.043302752293578,0.0904587155963303,0.180917431192661
187273.411807,2622866.126422,0.0669601907906806,0.412034489084572,0,0.132269308383783,0.18400293524124,0.204733076499725
187773.411807,2622866.126422,0.041025641025641,0.509340659340659,0,0.0252747252747253,0.1503663003663,0.273992673992674
188273.411807,2622866.126422,0.00770642201834862,0.601467889908257,0,0.0225688073394495,0.0530275229357798,0.315229357798165
188773.411807,2622866.126422,0.0625573289304715,0.297743533296643,0.00183452577508714,0.217391304347826,0.243074665199046,0.177398642450926
189273.411807,2622866.126422,0.124358974358974,0.447435897435897,0.00641025641025641,0.0791208791208791,0.111538461538462,0.231135531135531
189773.411807,2622866.126422,0.154678899082569,0.444770642201835,0,0.00422018348623853,0.0326605504587156,0.363669724770642
190273.411807,2622866.126422,0.019262520638415,0.673637864611998,0,0.000550357732526142,0.0194459732159237,0.287103283801137
190773.411807,2622866.126422,0.032051282051282,0.472344322344322,0.0333333333333333,0.133699633699634,0.0826007326007326,0.245970695970696
191273.411807,2622866.126422,0.0864220183486239,0.224587155963303,0.00899082568807339,0.312293577981651,0.102935779816514,0.264770642201835
191773.411807,2622866.126422,0.0398092093193909,0.0111906072280316,0.010273344340488,0.811043845166025,0.106035589800037,0.0216474041460283
192273.411807,2622866.126422,0.0820512820512821,0.0194139194139194,0.00952380952380952,0.76025641025641,0.102747252747253,0.026007326007326
192773.411807,2622866.126422,0.200733944954128,0.0203669724770642,0.00825688073394495,0.642935779816514,0.0686238532110092,0.0590825688073394
193273.411807,2622866.126422,0.15116492386718,0.0961291506145661,0.00403595670519171,0.391304347826087,0.118693817648138,0.238671803338837
193773.411807,2622866.126422,0.0745421245421245,0.0941391941391941,0.0032967032967033,0.572344322344322,0.142673992673993,0.113003663003663
194273.411807,2622866.126422,0.055045871559633,0.350091743119266,0,0.206422018348624,0.132844036697248,0.255596330275229
194773.411807,2622866.126422,0.0620069711979453,0.481746468537883,0,0.14125848468171,0.091726288754357,0.223261786828105
195273.411807,2622866.126422,0.0562271062271062,0.547069597069597,0,0.0177655677655678,0.0382783882783883,0.340659340659341
195773.411807,2622866.126422,0.00770642201834862,0.564770642201835,0.00055045871559633,0.00220183486238532,0.0139449541284404,0.410825688073394
196273.411807,2622866.126422,0.0168776371308017,0.537699504678041,0,0.00330214639515685,0.00495321959273528,0.437167492203265
196773.411807,2622866.126422,0.0230769230769231,0.162087912087912,0.0935897435897436,0.268681318681319,0.170512820512821,0.282051282051282
197273.411807,2622866.126422,0.0794495412844037,0.120733944954128,0.0513761467889908,0.14348623853211,0.104220183486239,0.500733944954128
197773.411807,2622866.126422,0.0803522289488167,0.152082186754724,0.0198128783709411,0.0676940011007155,0.15978719501009,0.520271509814713
198273.411807,2622866.126422,0.0602564102564103,0.341208791208791,0.000366300366300366,0.0298534798534799,0.0743589743589744,0.493956043956044
198773.411807,2622866.126422,0.0129699248120301,0.510714285714286,0,0.00413533834586466,0.0276315789473684,0.444548872180451
186773.411807,2622366.126422,0.0489010989010989,0.538278388278388,0,0.0710622710622711,0.117765567765568,0.223992673992674
187273.411807,2622366.126422,0.0836996336996337,0.210989010989011,0.00146520146520147,0.305677655677656,0.253113553113553,0.145054945054945
187773.411807,2622366.126422,0.0993766043270994,0.108910891089109,0.00238357169050238,0.315731573157316,0.297579757975798,0.176017601760176
188273.411807,2622366.126422,0.05,0.384798534798535,0.00256410256410256,0.215384615384615,0.134615384615385,0.212637362637363
188773.411807,2622366.126422,0.056959706959707,0.452197802197802,0.000732600732600733,0.107875457875458,0.0851648351648352,0.297069597069597
189273.411807,2622366.126422,0.0537220388705537,0.533370003667033,0.000366703337000367,0.0526219288595526,0.0408874220755409,0.319031903190319
189773.411807,2622366.126422,0.0989010989010989,0.442857142857143,0,0.0227106227106227,0.01996336996337,0.415567765567766
190273.411807,2622366.126422,0.0954212454212454,0.458058608058608,0,0.0771062271062271,0.0754578754578755,0.293956043956044
190773.411807,2622366.126422,0.0724239090575724,0.0815914924825816,0.00586725339200587,0.421158782544921,0.211037770443711,0.207920792079208
191273.411807,2622366.126422,0.0840659340659341,0.0313186813186813,0.0100732600732601,0.638827838827839,0.144322344322344,0.0913919413919414
191773.411807,2622366.126422,0.160989010989011,0.0424908424908425,0.00842490842490842,0.605860805860806,0.101282051282051,0.080952380952381
192273.411807,2622366.126422,0.188302163549688,0.0231023102310231,0.000183351668500183,0.552438577191052,0.114594792812615,0.121378804547121
192773.411807,2622366.126422,0.237179487179487,0.124175824175824,0,0.216117216117216,0.197252747252747,0.225274725274725
193273.411807,2622366.126422,0.178754578754579,0.116849816849817,0,0.143956043956044,0.150549450549451,0.40989010989011
193773.411807,2622366.126422,0.113861386138614,0.203520352035204,0.00403373670700403,0.27961129446278,0.154198753208654,0.244774477447745
194273.411807,2622366.126422,0.153113553113553,0.291758241758242,0,0.220879120879121,0.131318681318681,0.202930402930403
194773.411807,2622366.126422,0.110622710622711,0.246520146520147,0.000183150183150183,0.256776556776557,0.140842490842491,0.245054945054945
195273.411807,2622366.126422,0.0614228089475614,0.512651265126513,0,0.0342867620095343,0.070957095709571,0.320682068206821
195773.411807,2622366.126422,0.0408424908424908,0.617216117216117,0,0.0195970695970696,0.0391941391941392,0.283150183150183
196273.411807,2622366.126422,0.128571428571429,0.492673992673993,0.0181318681318681,0.0113553113553114,0.0340659340659341,0.315201465201465
196773.411807,2622366.126422,0.108360836083608,0.327466079941327,0.00458379171250458,0.0121012101210121,0.0452878621195453,0.502200220022002
197273.411807,2622366.126422,0.0602564102564103,0.191391941391941,0.000366300366300366,0.0483516483516484,0.097985347985348,0.601648351648352
197773.411807,2622366.126422,0.0619047619047619,0.18040293040293,0.000183150183150183,0.0521978021978022,0.0882783882783883,0.617032967032967
198273.411807,2622366.126422,0.0506050605060506,0.4004400440044,0,0.00861752841950862,0.011001100110011,0.529336266960029
198773.411807,2622366.126422,0.00919842312746386,0.397972592453539,0,0.00563168762905951,0.00281584381452975,0.584381452975408
186773.411807,2621866.126422,0.0346852633510736,0.596439713708937,0,0.0559735731326849,0.0811158010644155,0.231785648742889
187273.411807,2621866.126422,0.0493306436823767,0.53218411883367,0,0.0603337612323492,0.0933431138822666,0.264808362369338
187773.411807,2621866.126422,0.0489279824079164,0.518233461608943,0,0.0582737768004398,0.101887483965549,0.272677295217152
188273.411807,2621866.126422,0.0770783630023858,0.470912093962195,0.0178014314553129,0.0774454028262066,0.089190677188475,0.267572031565425
188773.411807,2621866.126422,0.0179717586649551,0.514945901338713,0,0.0394278378874014,0.0702365670273244,0.357417935081606
189273.411807,2621866.126422,0.0694520798973795,0.400036650174088,0.000916254352208173,0.168590800806304,0.16932380428807,0.19168041048195
189773.411807,2621866.126422,0.0478986970086254,0.389245733162048,0.00403743806202973,0.156726004771518,0.14920168838319,0.252890438612589
190273.411807,2621866.126422,0.109664404914726,0.603520997615991,0,0.0161379057399597,0.0377773702549056,0.232899321474418
190773.411807,2621866.126422,0.0406816932380429,0.608026388125344,0,0.036100421477002,0.0560747663551402,0.259116730804471
191273.411807,2621866.126422,0.0880895577170123,0.127546338777757,0.012846393833731,0.561754450357864,0.110662506881997,0.0991007524316388
191773.411807,2621866.126422,0.0849073904272877,0.0418118466898955,0.00843572345497891,0.510544654318724,0.212726939299468,0.141573445809646
192273.411807,2621866.126422,0.160711013377314,0.165842037749679,0.0166758292101887,0.0584570276708814,0.0659703133589885,0.532343778632948
192773.411807,2621866.126422,0.0629473297852817,0.187740869884382,0.0211047898697009,0.046063497889521,0.0614791704899982,0.620664342081116
193273.411807,2621866.126422,0.0757381258023107,0.116633046029708,0.0231065468549422,0.0139372822299652,0.0311754997249221,0.739409499358151
193773.411807,2621866.126422,0.117280557082646,0.202125710097123,0.0289536375297783,0.00458127176104087,0.0351841671247938,0.611874656404618
194273.411807,2621866.126422,0.11616810423931,0.289410901082767,0.0187190310148651,0.0757937236190127,0.0792806019453111,0.420627638098734
194773.411807,2621866.126422,0.129286631212177,0.144690995782138,0.00916926462497708,0.135705116449661,0.101595452044746,0.479552539886301
195273.411807,2621866.126422,0.159978009895547,0.165658786879238,0.0337181601612608,0.0681693238042881,0.0813633864760858,0.491112332783581
195773.411807,2621866.126422,0.122040741420444,0.144063130849697,0.00752431638832813,0.0521196549825656,0.0550559735731327,0.619196182785832
196273.411807,2621866.126422,0.174216027874564,0.321474417751696,0.00696864111498258,0.0364936732074088,0.0735375022923162,0.387309737759032
196773.411807,2621866.126422,0.135788894997251,0.331134322888034,0.000183250870441635,0.0102620487447315,0.0262048744731537,0.496426608026388
197273.411807,2621866.126422,0.0506514956872821,0.346669113598825,0,0.0849697192145348,0.0862543585979079,0.43145531290145
197773.411807,2621866.126422,0.0295250320924262,0.684577296900789,0,0.0262240968274344,0.041995231982395,0.217678342196956
198273.411807,2621866.126422,0.0907091808686091,0.3318673263698,0.00256551218618288,0.250503939893715,0.197177936595199,0.127176104086494
198773.411807,2621866.126422,0.0184245158864448,0.831923293852228,0,0.000188005264147396,0.00620417371686407,0.143260011280316
186773.411807,2621366.126422,0.0477064220183486,0.607522935779817,0,0.00532110091743119,0.0497247706422018,0.289724770642202
