"x","y","forest","agri","water","built","other","grass"
162273.411807,2585866.126422,0,0.00130792227204783,0.657137518684604,0.27914798206278,0.0213004484304933,0.0411061285500747
162773.411807,2585866.126422,0,0,0.988019468363909,0.0119805316360914,0,0
163273.411807,2585866.126422,0,0.00168381665107577,0.843030869971936,0.115060804490178,0.0181478016838167,0.0220767072029935
163773.411807,2585866.126422,0.000373692077727952,0.0213004484304933,0.573430493273543,0.35668908819133,0.0272795216741405,0.0209267563527653
164273.411807,2585866.126422,0,0.00879820292025459,0.318232871583677,0.635155372519656,0.0273305877948334,0.0104829651815799
164773.411807,2585866.126422,0.00187090739008419,0.0735266604303087,0.420954162768943,0.372123479887746,0.0931711880261927,0.0383536014967259
165273.411807,2585866.126422,0.0241031390134529,0.143497757847534,0.283632286995516,0.139947683109118,0.119768310911809,0.289050822122571
165773.411807,2585866.126422,0.0419318607263197,0.147323099962561,0.0512916510670161,0.253837514039686,0.175215275177836,0.330400599026582
166273.411807,2585866.126422,0.0583723105706268,0.0772684752104771,0.0499532273152479,0.0662301216089804,0.164639850327409,0.583536014967259
166773.411807,2585866.126422,0.0661434977578475,0.0241031390134529,0.00317638266068759,0.370889387144993,0.252989536621824,0.282698056801196
167273.411807,2585866.126422,0.0481093223511793,0.107637588918008,0.0134780980906028,0.15350056158742,0.140771246724073,0.536503182328716
167773.411807,2585866.126422,0.0359214218896165,0.153975678203929,0.0716557530402245,0.087932647333957,0.0739008419083255,0.576613657623948
168273.411807,2585866.126422,0.0199925261584454,0.17432735426009,0.232249626307922,0.137518684603886,0.130418535127055,0.305493273542601
168773.411807,2585866.126422,0.0233994758517409,0.187570198427555,0.0969674279296144,0.220516660426806,0.112130288281542,0.359415949082741
169273.411807,2585866.126422,0.00954162768942937,0.278391019644528,0.112254443405051,0.0389148737137512,0.0572497661365762,0.503648269410664
169773.411807,2585866.126422,0.00896860986547085,0.453662182361734,0.0213004484304933,0.000747384155455904,0.0510089686098655,0.464312406576981
170273.411807,2585866.126422,0.0159116435791838,0.22594533882441,0.00767502807937102,0.0853612879071509,0.105016847622613,0.560089853987271
170773.411807,2585866.126422,0.0338634237605239,0.2911131898971,0.000374181478016838,0.0892422825070159,0.109822263797942,0.475584658559401
171273.411807,2585866.126422,0.0452167414050822,0.104446935724963,0.0711883408071749,0.00971599402092676,0.0358744394618834,0.73355754857997
171773.411807,2585866.126422,0.0520404342942718,0.0434294271808311,0.092661924372894,0.255522276301011,0.0391239236241108,0.517222014226881
172273.411807,2585866.126422,0.0168381665107577,0.313189897100094,0.0245088868101029,0.0617399438727783,0.0684752104770814,0.515247895229186
172773.411807,2585866.126422,0.101457399103139,0.135837070254111,0,0.0085949177877429,0.0487668161434978,0.70534379671151
161773.411807,2585366.126422,0.0680609062557329,0.00825536598789213,0.294808292056503,0.0392588515868648,0.0453127866446524,0.544303797468354
162273.411807,2585366.126422,0,0,0.862820512820513,0.137179487179487,0,0
162773.411807,2585366.126422,0,0,0.935779816513762,0.0642201834862385,0,0
163273.411807,2585366.126422,0,0,0.995413685562282,0.00458631443771785,0,0
163773.411807,2585366.126422,0.0032967032967033,0.0184981684981685,0.779120879120879,0.141208791208791,0.0573260073260073,0.000549450549450549
164273.411807,2585366.126422,0,0.0106422018348624,0.983669724770642,0.00458715596330275,0.00073394495412844,0.00036697247706422
164773.411807,2585366.126422,0.00440286186020914,0.0552192258301229,0.803889194643185,0.0497156485048615,0.0654925701706109,0.0212804989910108
165273.411807,2585366.126422,0,0.16025641025641,0.668498168498168,0.0576923076923077,0.0435897435897436,0.06996336996337
165773.411807,2585366.126422,0.0273394495412844,0.169357798165138,0.326605504587156,0.08,0.0688073394495413,0.327889908256881
166273.411807,2585366.126422,0.103283801137406,0.0909924784443221,0.12694918363603,0.0258668134287287,0.0871399743166392,0.565767749036874
166773.411807,2585366.126422,0.0254578754578755,0.0543956043956044,0.0106227106227106,0.0620879120879121,0.135531135531136,0.711904761904762
167273.411807,2585366.126422,0.0409174311926606,0.156330275229358,0.0645871559633028,0.0524770642201835,0.257981651376147,0.427706422018349
167773.411807,2585366.126422,0.0289855072463768,0.12126215373326,0.081452944413869,0.185287103283801,0.246560264171712,0.336452027150981
168273.411807,2585366.126422,0.0344322344322344,0.149450549450549,0.141941391941392,0.174358974358974,0.106959706959707,0.392857142857143
168773.411807,2585366.126422,0.0238532110091743,0.176146788990826,0.00440366972477064,0.169174311926606,0.117798165137615,0.508623853211009
169273.411807,2585366.126422,0.0300862227114291,0.175013758943313,0.162905888827738,0.0425609979820216,0.0915428361768483,0.49789029535865
169773.411807,2585366.126422,0.0490842490842491,0.176190476190476,0.0571428571428571,0.0745421245421245,0.115750915750916,0.527289377289377
170273.411807,2585366.126422,0.0286238532110092,0.284036697247706,0.0236697247706422,0.0691743119266055,0.0943119266055046,0.500183486238532
170773.411807,2585366.126422,0.0717299578059072,0.349293707576591,0,0.067327095945698,0.0935608145294441,0.418088424142359
171273.411807,2585366.126422,0.0212454212454212,0.119047619047619,0,0.0173992673992674,0.0293040293040293,0.813003663003663
171773.411807,2585366.126422,0.0172477064220183,0.0445871559633028,0.0291743119266055,0.0244036697247706,0.0190825688073394,0.865504587155963
172273.411807,2585366.126422,0.0119244175380664,0.217758209502844,0.0939277196844616,0.183819482663731,0.00532012474775271,0.487250045863144
172773.411807,2585366.126422,0.095970695970696,0.0194139194139194,0,0.000732600732600733,0.0294871794871795,0.854395604395604
161273.411807,2584866.126422,0.204029304029304,0.0131868131868132,0.142490842490842,0.0844322344322344,0.0604395604395604,0.495421245421245
161773.411807,2584866.126422,0.0155677655677656,0.0245421245421245,0.763369963369963,0.0598901098901099,0.00842490842490842,0.128205128205128
162273.411807,2584866.126422,0.0055005500550055,0.121928859552622,0.724789145581225,0.100660066006601,0.00623395672900623,0.0408874220755409
162773.411807,2584866.126422,0,0.00750915750915751,0.944871794871795,0.0355311355311355,0.00347985347985348,0.00860805860805861
163273.411807,2584866.126422,0,0,0.580769230769231,0.419230769230769,0,0
163773.411807,2584866.126422,0.00458379171250458,0.0438210487715438,0.694169416941694,0.196552988632197,0.048038137147048,0.0128346167950128
164273.411807,2584866.126422,0,0.0304029304029304,0.954761904761905,0.0137362637362637,0.000183150183150183,0.000915750915750916
164773.411807,2584866.126422,0.0203296703296703,0.0307692307692308,0.788095238095238,0.0553113553113553,0.0571428571428571,0.0483516483516484
165273.411807,2584866.126422,0,0.0471213788045471,0.780711404473781,0.136596993032637,0.0236523652365237,0.0119178584525119
165773.411807,2584866.126422,0.0858974358974359,0.0562271062271062,0.634798534798535,0.0245421245421245,0.0648351648351648,0.133699633699634
166273.411807,2584866.126422,0.102380952380952,0.103846153846154,0.157692307692308,0.178937728937729,0.155494505494505,0.301648351648352
166773.411807,2584866.126422,0.00843417675100843,0.135130179684635,0.0782911624495783,0.0418041804180418,0.0652731939860653,0.671067106710671
167273.411807,2584866.126422,0.0153846153846154,0.193223443223443,0.281501831501832,0.113186813186813,0.157326007326007,0.239377289377289
167773.411807,2584866.126422,0.0188644688644689,0.234432234432234,0.271062271062271,0.0602564102564103,0.189377289377289,0.226007326007326
168273.411807,2584866.126422,0.0320865419875321,0.210671067106711,0.0808580858085809,0.135313531353135,0.0542720938760543,0.486798679867987
168773.411807,2584866.126422,0.0873626373626374,0.183333333333333,0.0243589743589744,0.195238095238095,0.115567765567766,0.394139194139194
169273.411807,2584866.126422,0.0763736263736264,0.168131868131868,0.034981684981685,0.178388278388278,0.201831501831502,0.34029304029304
169773.411807,2584866.126422,0.0187018701870187,0.454528786211955,0.0190685735240191,0.0473047304730473,0.0935093509350935,0.366886688668867
170273.411807,2584866.126422,0.0186813186813187,0.617399267399267,0.00549450549450549,0.0195970695970696,0.0483516483516484,0.29047619047619
170773.411807,2584866.126422,0.00659340659340659,0.562454212454212,0,0.0547619047619048,0.0274725274725275,0.348717948717949
171273.411807,2584866.126422,0.0304363769710304,0.191235790245691,0,0.00275027502750275,0.0242024202420242,0.751375137513751
171773.411807,2584866.126422,0.01996336996337,0.0043956043956044,0,0,0.00567765567765568,0.96996336996337
172273.411807,2584866.126422,0.0313186813186813,0.356410256410256,0,0.00787545787545788,0.00476190476190476,0.5996336996337
172773.411807,2584866.126422,0.124862486248625,0.263476347634763,0,0.00458379171250458,0.0271360469380271,0.57994132746608
160773.411807,2584366.126422,0.0162962962962963,0.047037037037037,0.602407407407407,0.215555555555556,0.0264814814814815,0.0922222222222222
161273.411807,2584366.126422,0.00734079647641769,0.0710222059093412,0.614608184988071,0.20352358230868,0.0400073407964764,0.063497889521013
161773.411807,2584366.126422,0.176416651384559,0.0636346964973409,0.478635613423803,0.164679992664588,0.0188886851274528,0.0977443609022556
162273.411807,2584366.126422,0.0104452996151732,0.0751328568810702,0.861279091075683,0.0179585853032802,0.00348176653839106,0.0317024005864028
162773.411807,2584366.126422,0,0.0148651128647458,0.943475867131584,0.0330335841438796,0.0047715177096715,0.00385391815011929
163273.411807,2584366.126422,0.000550155877498625,0.0139372822299652,0.778653951953053,0.185219145424537,0.0102695763799743,0.0113698881349716
163773.411807,2584366.126422,0.0274876305662452,0.0216236027121129,0.80153930731171,0.0806303829943192,0.0588235294117647,0.00989554700384827
164273.411807,2584366.126422,0,0.00256927876674619,0.902550926775555,0.071389245733162,0.0225729491649844,0.000917599559552211
164773.411807,2584366.126422,0.00513478818998716,0.0265908674124335,0.828351366220429,0.0471300201723822,0.0522648083623693,0.0405281496423987
165273.411807,2584366.126422,0.000916254352208173,0.0214403518416712,0.684442001099505,0.199926699651823,0.0641378046545721,0.0291368884002199
165773.411807,2584366.126422,0.0082583960359699,0.0256927876674619,0.832262800513856,0.0513855753349238,0.0277115066984768,0.0546889337493118
166273.411807,2584366.126422,0.0731707317073171,0.081606455162296,0.271410232899321,0.145424536952136,0.151109481019622,0.277278562259307
166773.411807,2584366.126422,0.00586402785413231,0.259299981674913,0.27799157045996,0.156312992486714,0.0414146967198094,0.259116730804471
167273.411807,2584366.126422,0.0192695907505964,0.291980179849514,0.271242429803634,0.065149568728207,0.080932281152505,0.271425949715544
167773.411807,2584366.126422,0.0223730056849441,0.172382174949569,0.317806711901706,0.109114249037227,0.157344580964607,0.220979277461948
168273.411807,2584366.126422,0.0172255818215137,0.213670514934946,0.242074399853399,0.081729888216969,0.146234194612424,0.299065420560748
168773.411807,2584366.126422,0.00697375665259681,0.133786015782712,0.358047348137273,0.16590200036704,0.143879610937787,0.191411268122591
169273.411807,2584366.126422,0.00696864111498258,0.310287914909224,0.117916743077205,0.0566660553823583,0.0566660553823583,0.451494590133871
169773.411807,2584366.126422,0.0806303829943192,0.491662085394906,0.000183250870441635,0.00824628916987356,0.0353674179952355,0.383910573575224
170273.411807,2584366.126422,0.063497889521013,0.168471279133786,0,0.476234171407598,0.168287759221876,0.123508900715728
170773.411807,2584366.126422,0.0221896203924445,0.455529066568861,0,0.0902255639097744,0.0374105996699065,0.394645149459013
171273.411807,2584366.126422,0.0304196444933113,0.473703500091625,0,0.0426974528129009,0.0274876305662452,0.425691772035917
171773.411807,2584366.126422,0.0245916681959993,0.329418241879244,0,0.0126628739218205,0.0183519911910442,0.614975224811892
172273.411807,2584366.126422,0.0887584815697781,0.432422519713919,0,0.0687694846873281,0.0425453878598936,0.367504126169081
172773.411807,2584366.126422,0.0335349092908191,0.325453545904343,0,0.0586402785413231,0.0905259299981675,0.491845336265347
160773.411807,2583866.126422,0.0042568943179715,0.206181750879141,0.564871367758653,0.152137701277068,0.0236905422913196,0.0488617434758468
161273.411807,2583866.126422,0.0910091743119266,0.146238532110092,0.436146788990826,0.28605504587156,0.00788990825688073,0.0326605504587156
161773.411807,2583866.126422,0.322509631260319,0.148963492937076,0.384333149880756,0.0497156485048615,0.002568336085122,0.0919097413318657
162273.411807,2583866.126422,0.00567765567765568,0.15018315018315,0.767765567765568,0.0567765567765568,0.00347985347985348,0.0161172161172161
162773.411807,2583866.126422,0,0.149357798165138,0.705137614678899,0.0671559633027523,0.00385321100917431,0.0744954128440367
163273.411807,2583866.126422,0,0.026967528893781,0.794349660612732,0.162538983672721,0.00880572372041827,0.00733810310034856
163773.411807,2583866.126422,0.0153846153846154,0.0421245421245421,0.759523809523809,0.121245421245421,0.0461538461538462,0.0155677655677656
164273.411807,2583866.126422,0,0.0036697247706422,0.971743119266055,0.0188990825688073,0.00532110091743119,0.00036697247706422
164773.411807,2583866.126422,0,0.0104567969179967,0.922399559713814,0.020546688680976,0.0190790680609063,0.0275178866263071
165273.411807,2583866.126422,0,0.00695970695970696,0.907509157509158,0.0591575091575092,0.01996336996337,0.00641025641025641
165773.411807,2583866.126422,0,0.00990825688073394,0.923119266055046,0.0660550458715596,0.000917431192660551,0
166273.411807,2583866.126422,0.010273344340488,0.196661163089341,0.269491836360301,0.223445239405614,0.0959456980370574,0.204182718767199
166773.411807,2583866.126422,0.00128205128205128,0.18992673992674,0.372710622710623,0.130769230769231,0.0673992673992674,0.237912087912088
167273.411807,2583866.126422,0.00880733944954129,0.334678899082569,0.189357798165138,0.0146788990825688,0.0398165137614679,0.412660550458716
167773.411807,2583866.126422,0.00220143093010457,0.25389836727206,0.233351678591084,0.0559530361401578,0.111539167125298,0.343056319941295
168273.411807,2583866.126422,0.0043956043956044,0.203479853479853,0.0787545787545788,0.351098901098901,0.251098901098901,0.111172161172161
168773.411807,2583866.126422,0.0260550458715596,0.257981651376147,0.114862385321101,0.151376146788991,0.104770642201835,0.344954128440367
169273.411807,2583866.126422,0.0266006237387635,0.314070812694918,0.062190423775454,0.0656760227481196,0.0728306732709595,0.458631443771785
169773.411807,2583866.126422,0.03003663003663,0.435897435897436,0.000183150183150183,0.143772893772894,0.133882783882784,0.256227106227106
170273.411807,2583866.126422,0.0403669724770642,0.481651376146789,0,0.0293577981651376,0.0605504587155963,0.388073394495413
170773.411807,2583866.126422,0.068611263988259,0.418271876719868,0,0.00275178866263071,0.0328380113740598,0.477527059255183
171273.411807,2583866.126422,0.0282051282051282,0.561538461538462,0,0.0225274725274725,0.0472527472527473,0.34047619047619
171773.411807,2583866.126422,0.0222018348623853,0.469724770642202,0,0.0711926605504587,0.0106422018348624,0.426238532110092
172273.411807,2583866.126422,0.0132085855806274,0.619702806824436,0.00275178866263071,0.0119244175380664,0.0403595670519171,0.312052834342323
172773.411807,2583866.126422,0.0131868131868132,0.65952380952381,0,0.00366300366300366,0.0164835164835165,0.307142857142857
160773.411807,2583366.126422,0,0.167346182357302,0.651964418087472,0.122683469236471,0.0101927353595256,0.0478131949592291
161273.411807,2583366.126422,0.410805860805861,0.106043956043956,0.206410256410256,0,0,0.276739926739927
161773.411807,2583366.126422,0.0141025641025641,0.216483516483516,0.626556776556777,0.0172161172161172,0.00641025641025641,0.119230769230769
162273.411807,2583366.126422,0,0.0984598459845985,0.852401906857352,0.026035936927026,0.00403373670700403,0.0190685735240191
162773.411807,2583366.126422,0.00549450549450549,0.211538461538462,0.618681318681319,0.0113553113553114,0.00402930402930403,0.148901098901099
163273.411807,2583366.126422,0.00164835164835165,0.188461538461538,0.747252747252747,0.0419413919413919,0.0032967032967033,0.0173992673992674
163773.411807,2583366.126422,0.00953428676200953,0.0665566556655666,0.763843050971764,0.107810781078108,0.0223689035570224,0.0298863219655299
164273.411807,2583366.126422,0,0.0223443223443223,0.833333333333333,0.130586080586081,0.00567765567765568,0.00805860805860806
164773.411807,2583366.126422,0,0.0302197802197802,0.928937728937729,0.00476190476190476,0.0119047619047619,0.0241758241758242
165273.411807,2583366.126422,0,0.00825082508250825,0.957279061239457,0.0187018701870187,0.0144847818115145,0.00128346167950128
165773.411807,2583366.126422,0,0.0316849816849817,0.923809523809524,0.0315018315018315,0.0032967032967033,0.00970695970695971
166273.411807,2583366.126422,0.0465201465201465,0.107692307692308,0.413369963369963,0.140659340659341,0.124542124542125,0.167216117216117
166773.411807,2583366.126422,0.000733406674000733,0.0649064906490649,0.792812614594793,0.0944261092775944,0.03997066373304,0.00715071507150715
167273.411807,2583366.126422,0.000915750915750916,0.25,0.337545787545788,0.127289377289377,0.0926739926739927,0.191575091575092
167773.411807,2583366.126422,0.00183150183150183,0.184981684981685,0.311355311355311,0.230769230769231,0.0992673992673993,0.171794871794872
168273.411807,2583366.126422,0.00201686835350202,0.239457279061239,0.122662266226623,0.372753942060873,0.188118811881188,0.074990832416575
168773.411807,2583366.126422,0.00366300366300366,0.212637362637363,0.164285714285714,0.343223443223443,0.161355311355311,0.114835164835165
169273.411807,2583366.126422,0.0131868131868132,0.188095238095238,0.192673992673993,0.161721611721612,0.218864468864469,0.225457875457875
169773.411807,2583366.126422,0.00586725339200587,0.42977631096443,0.079024569123579,0.0297029702970297,0.118811881188119,0.336817015034837
170273.411807,2583366.126422,0.0413919413919414,0.447069597069597,0,0.00164835164835165,0.0258241758241758,0.484065934065934
170773.411807,2583366.126422,0.0413919413919414,0.354945054945055,0.00531135531135531,0.0393772893772894,0.0712454212454212,0.487728937728938
171273.411807,2583366.126422,0.0447378071140447,0.357535753575358,0.0458379171250458,0.111477814448111,0.0652731939860653,0.375137513751375
171773.411807,2583366.126422,0.106593406593407,0.399267399267399,0,0.0622710622710623,0.0428571428571429,0.389010989010989
172273.411807,2583366.126422,0.0298534798534799,0.542307692307692,0,0.00457875457875458,0.0391941391941392,0.384065934065934
172773.411807,2583366.126422,0.0124679134580125,0.544554455445545,0,0.0298863219655299,0.0634396773010634,0.34965163182985
160773.411807,2582866.126422,0.152222222222222,0.172037037037037,0.529444444444444,0.0459259259259259,0.00037037037037037,0.1
161273.411807,2582866.126422,0.247201321343366,0.0818498807120573,0.334189759588915,0.000550559735731327,0.00917599559552211,0.327032483024408
161773.411807,2582866.126422,0.0075187969924812,0.280946268109298,0.517513295433706,0.00146708233999633,0.0124701998899688,0.18008435723455
162273.411807,2582866.126422,0.00256551218618288,0.17152281473337,0.669415429723291,0.0568077698369067,0.0362836723474437,0.0634048011728056
162773.411807,2582866.126422,0.00844191594788034,0.154890805652413,0.638282253624518,0.0258763075793724,0.0165167920719398,0.155991925123876
163273.411807,2582866.126422,0,0.0896754080322758,0.810929763432973,0.0427287731523932,0.0113698881349716,0.0452961672473868
163773.411807,2582866.126422,0.00183250870441635,0.14238592633315,0.67381345061389,0.0879604178119846,0.0448964632582005,0.0491112332783581
164273.411807,2582866.126422,0.00311983850247752,0.135254175077996,0.731143329051202,0.107359148467609,0.0121123141860892,0.0110111947146265
164773.411807,2582866.126422,0.00513478818998716,0.0485971025123785,0.748211993398129,0.1599119750596,0.0324591967724189,0.00568494406748579
165273.411807,2582866.126422,0,0.0657870624885468,0.862378596298332,0.0641378046545721,0.0042147700201576,0.00348176653839106
165773.411807,2582866.126422,0.00495503762158194,0.251055239493485,0.432005872637181,0.100201871903101,0.0396403009726555,0.172141677371995
166273.411807,2582866.126422,0.0122868145974693,0.134238034109664,0.439207775536402,0.26792591234183,0.0209059233449477,0.125435540069686
166773.411807,2582866.126422,0,0.133589884551952,0.736118746564046,0.0760491112332784,0.0331684075499359,0.021073850100788
167273.411807,2582866.126422,0.00715727656450725,0.223710772618829,0.333822719765095,0.055606533308864,0.0750596439713709,0.304643053771334
167773.411807,2582866.126422,0.0231065468549422,0.182651751329543,0.239501192004401,0.0995782138272511,0.116816431322208,0.338345864661654
168273.411807,2582866.126422,0.00641378046545721,0.172439069085578,0.227780831958952,0.281839838739234,0.157045995968481,0.154480483782298
168773.411807,2582866.126422,0.0455129381537897,0.133786015782712,0.17012295834098,0.223343732795008,0.208845659754083,0.218388695173426
169273.411807,2582866.126422,0.026407482119934,0.251421236016871,0.0441958554923895,0.166697230882083,0.111681643132221,0.399596552356501
169773.411807,2582866.126422,0.0144768187648891,0.595748579805754,0.0053142752428074,0.0256551218618288,0.0113615539673813,0.347443650357339
170273.411807,2582866.126422,0.0389062213250138,0.549091576436043,0.0034868783262984,0.00770783630023858,0.0354193429987154,0.365388144613691
170773.411807,2582866.126422,0.0535485054098661,0.165413533834586,0.00293416467999266,0.193838254172015,0.254538785989364,0.329726755914176
171273.411807,2582866.126422,0.0159428257284222,0.616089426424775,0,0.00989554700384827,0.0128275609309144,0.34524463991204
171773.411807,2582866.126422,0.0170673518076711,0.622683061112131,0,0.00440447788585061,0.0238575885483575,0.33198752064599
172273.411807,2582866.126422,0.0289748762149276,0.489638730973776,0,0.055198973042362,0.0783055198973042,0.34788189987163
172773.411807,2582866.126422,0.0602895363752978,0.532893531244273,0,0.0390324354040682,0.0513102437236577,0.316474253252703
160773.411807,2582366.126422,0.160836572274662,0.139737183046456,0.408291689801962,0.0355358134369795,0.022580048121414,0.233018693318527
161273.411807,2582366.126422,0.115229357798165,0.159449541284404,0.494862385321101,0.00770642201834862,0.0163302752293578,0.206422018348624
161773.411807,2582366.126422,0.0434782608695652,0.152265639332233,0.540451293340671,0.0108237020730141,0.023115024766098,0.229866079618419
162273.411807,2582366.126422,0.0282051282051282,0.0419413919413919,0.793223443223443,0.0375457875457875,0.0437728937728938,0.0553113553113553
162773.411807,2582366.126422,0.0139449541284404,0.22954128440367,0.496330275229358,0.0396330275229358,0.0455045871559633,0.175045871559633
163273.411807,2582366.126422,0,0.317923316822601,0.444689047881123,0.173913043478261,0.0401761144744084,0.0232984773436067
163773.411807,2582366.126422,0.0144688644688645,0.144322344322344,0.621062271062271,0.0608058608058608,0.0886446886446886,0.0706959706959707
164273.411807,2582366.126422,0.000917431192660551,0.0592660550458716,0.884403669724771,0.0223853211009174,0.0159633027522936,0.0170642201834862
164773.411807,2582366.126422,0.000550357732526142,0.103283801137406,0.718400293524124,0.0842047330764997,0.0313703907539901,0.062190423775454
165273.411807,2582366.126422,0.0412087912087912,0.0904761904761905,0.216483516483516,0.354212454212454,0.112271062271062,0.185347985347985
165773.411807,2582366.126422,0.00954128440366972,0.088256880733945,0.526238532110092,0.24954128440367,0.0622018348623853,0.0642201834862385
166273.411807,2582366.126422,0,0.0594386351128233,0.797284901852871,0.0964960557695836,0.00935608145294441,0.0374243258117777
166773.411807,2582366.126422,0.000732600732600733,0.0620879120879121,0.693040293040293,0.223992673992674,0.0131868131868132,0.00695970695970696
167273.411807,2582366.126422,0.0341284403669725,0.135045871559633,0.129174311926606,0.405688073394495,0.143669724770642,0.152293577981651
167773.411807,2582366.126422,0.0629242340854889,0.157952669235003,0.142359200146762,0.187671986791414,0.182718767198679,0.266373142542653
168273.411807,2582366.126422,0.00457875457875458,0.275457875457875,0.193223443223443,0.080952380952381,0.111172161172161,0.334615384615385
168773.411807,2582366.126422,0.0412844036697248,0.411559633027523,0.0700917431192661,0.0161467889908257,0.0596330275229358,0.401284403669725
169273.411807,2582366.126422,0.0203632361034673,0.672904054301963,0,0.00990643918547056,0.0350394423041644,0.261786828104935
169773.411807,2582366.126422,0.00677655677655678,0.676007326007326,0,0.00604395604395604,0.0181318681318681,0.293040293040293
170273.411807,2582366.126422,0.0192660550458716,0.665504587155963,0.0293577981651376,0.00880733944954129,0.0478899082568807,0.229174311926606
170773.411807,2582366.126422,0.0280682443588332,0.525224729407448,0.00403595670519171,0.0682443588332416,0.106219042377545,0.26820766831774
171273.411807,2582366.126422,0.0261904761904762,0.650549450549451,0,0.0157509157509158,0.0443223443223443,0.263186813186813
171773.411807,2582366.126422,0.0229357798165138,0.697798165137615,0,0.016697247706422,0.0330275229357798,0.22954128440367
172273.411807,2582366.126422,0.0834709227664649,0.542285819115759,0.000183452577508714,0.077600440286186,0.0629242340854889,0.233535131168593
172773.411807,2582366.126422,0.0624542124542125,0.384615384615385,0,0.0998168498168498,0.0946886446886447,0.358424908424908
160773.411807,2581866.126422,0.018346923647146,0.105077835433655,0.784469977761305,0.0142698295033358,0.00593031875463306,0.0719051148999259
161273.411807,2581866.126422,0.0970695970695971,0.258241758241758,0.479120879120879,0.03003663003663,0.00494505494505494,0.130586080586081
161773.411807,2581866.126422,0.0919413919413919,0.136080586080586,0.134798534798535,0.132051282051282,0.121428571428571,0.383699633699634
162273.411807,2581866.126422,0.046021268793546,0.204803813714705,0.232123212321232,0.120828749541621,0.126879354602127,0.269343601026769
162773.411807,2581866.126422,0.00384615384615385,0.253479853479853,0.504761904761905,0.0342490842490843,0.017032967032967,0.186630036630037
163273.411807,2581866.126422,0.00934065934065934,0.213919413919414,0.52032967032967,0.119047619047619,0.0391941391941392,0.0981684981684982
163773.411807,2581866.126422,0.028969563623029,0.22973964063073,0.382654932159883,0.052988632196553,0.103960396039604,0.201686835350202
164273.411807,2581866.126422,0.0294871794871795,0.289194139194139,0.408058608058608,0.0880952380952381,0.0558608058608059,0.129304029304029
164773.411807,2581866.126422,0.019047619047619,0.292673992673993,0.470695970695971,0.0602564102564103,0.0767399267399267,0.0805860805860806
165273.411807,2581866.126422,0.0100843417675101,0.0608727539420609,0.58984231756509,0.20975430876421,0.0449211587825449,0.0845251191785845
165773.411807,2581866.126422,0.000183150183150183,0.225457875457875,0.379120879120879,0.314652014652015,0.0316849816849817,0.0489010989010989
166273.411807,2581866.126422,0.00164835164835165,0.0448717948717949,0.813736263736264,0.120512820512821,0.0108058608058608,0.00842490842490842
166773.411807,2581866.126422,0.00165016501650165,0.264209754308764,0.11972863953062,0.313898056472314,0.0540887422075541,0.246424642464246
167273.411807,2581866.126422,0.00750915750915751,0.128754578754579,0.329487179487179,0.38956043956044,0.0990842490842491,0.0456043956043956
167773.411807,2581866.126422,0.0701465201465201,0.0901098901098901,0.047985347985348,0.315384615384615,0.26007326007326,0.216300366300366
168273.411807,2581866.126422,0.0135680234690136,0.222955628896223,0.132013201320132,0.152915291529153,0.0960762742940961,0.382471580491382
168773.411807,2581866.126422,0.0212454212454212,0.225091575091575,0.145787545787546,0.0655677655677656,0.114835164835165,0.427472527472527
169273.411807,2581866.126422,0.019047619047619,0.301831501831502,0.128571428571429,0.105494505494505,0.0961538461538462,0.348901098901099
169773.411807,2581866.126422,0.0133846718005134,0.551155115511551,0.077007700770077,0.037953795379538,0.0518885221855519,0.268610194352769
170273.411807,2581866.126422,0,0.704761904761905,0,0,0.000732600732600733,0.294505494505495
170773.411807,2581866.126422,0.0271062271062271,0.705311355311355,0,0,0.00402930402930403,0.263553113553114
171273.411807,2581866.126422,0.00935093509350935,0.68041804180418,0,0.00953428676200953,0.0403373670700403,0.26035936927026
171773.411807,2581866.126422,0.0362637362637363,0.585347985347985,0,0.00164835164835165,0.0311355311355311,0.345604395604396
172273.411807,2581866.126422,0.0375457875457875,0.401465201465201,0,0.101282051282051,0.127289377289377,0.332417582417582
172773.411807,2581866.126422,0.0676567656765677,0.0359369270260359,0,0.514118078474514,0.193069306930693,0.189218921892189
160773.411807,2581366.126422,0.0162962962962963,0.174444444444444,0.581481481481481,0.0509259259259259,0.0144444444444444,0.162407407407407
161273.411807,2581366.126422,0.0178014314553129,0.208845659754083,0.655349605432189,0.0359699027344467,0.00935951550743256,0.0726738851165352
161773.411807,2581366.126422,0.119383825417202,0.112781954887218,0.193654868879516,0.022006235099945,0.0583165230148542,0.493856592701265
162273.411807,2581366.126422,0.0175920835623969,0.168774051676745,0.292101887483966,0.0941909474070002,0.0544255085211655,0.372915521348726
162773.411807,2581366.126422,0.00880895577170123,0.240227564690769,0.466691135988255,0.0172508717195816,0.0275279867865663,0.239493485043127
163273.411807,2581366.126422,0.00623509994498441,0.306803594351733,0.438107463781405,0.0218228498074454,0.0452961672473868,0.181734824867046
163773.411807,2581366.126422,0.049660985889683,0.256367967747847,0.299615173172073,0.0643210555250137,0.0754993586219534,0.25453545904343
164273.411807,2581366.126422,0.117452743622683,0.16186456230501,0.104422829877042,0.127729858689668,0.109744907322444,0.378785098183153
164773.411807,2581366.126422,0.0097194205024757,0.270676691729323,0.455712451861361,0.0618008435723455,0.037593984962406,0.164496607372089
165273.411807,2581366.126422,0,0.222649807586586,0.566794942275976,0.112699285321605,0.0494777350192413,0.0483782297965915
165773.411807,2581366.126422,0.00403743806202973,0.0835015599192512,0.706551660855203,0.103505230317489,0.0633143696091026,0.0390897412369242
166273.411807,2581366.126422,0.00605171465248487,0.193288098294517,0.525765633596186,0.0777553640198056,0.0452961672473868,0.15184302218962
166773.411807,2581366.126422,0.00329851566794942,0.102986989188199,0.462158695253802,0.293384643577057,0.0434304562946674,0.0947407000183251
167273.411807,2581366.126422,0.000550559735731327,0.217104055790053,0.329234721967333,0.184070471646174,0.098733712607818,0.17030647825289
167773.411807,2581366.126422,0.0130203557674674,0.166147075004585,0.396845772969008,0.122868145974693,0.135154960572162,0.165963689712085
168273.411807,2581366.126422,0.00164925783397471,0.240608392889866,0.249037932930181,0.283122594832325,0.0954737035000916,0.130108118013561
168773.411807,2581366.126422,0.00422095797394017,0.20756102037071,0.395301890255093,0.169755918517159,0.144797210497339,0.0783630023857589
169273.411807,2581366.126422,0.00201723821749496,0.177333577847057,0.46414817531634,0.129653401797176,0.121401063634696,0.105446543187236
169773.411807,2581366.126422,0.00971229613340663,0.164559281656588,0.434304562946674,0.12662635147517,0.128275609309144,0.136521898479018
170273.411807,2581366.126422,0.0890071572765645,0.229216369976142,0.0600110111947146,0.0499174160396403,0.152688566709488,0.41915947880345
170773.411807,2581366.126422,0.0194388410049514,0.713552173115716,0,0.00678525582248304,0.0245736291949386,0.235650100861911
171273.411807,2581366.126422,0.0527762506871908,0.446032618654939,0,0.0560747663551402,0.148799706798607,0.296316657504123
171773.411807,2581366.126422,0.0534042943659387,0.403560286291063,0.0155991925123876,0.0423930996513122,0.136538814461369,0.34850431271793
172273.411807,2581366.126422,0.0662020905923345,0.492939666238768,0,0.0608839171098478,0.109847790207225,0.270126535851825
172773.411807,2581366.126422,0.0822796408282939,0.440351841671248,0,0.107751511819681,0.154480483782298,0.215136521898479
160773.411807,2580866.126422,0.0144364242087729,0.187118267629095,0.614103275957801,0.00518230612622617,0.00980936516749954,0.169350360910605
161273.411807,2580866.126422,0.0159633027522936,0.230642201834862,0.480183486238532,0.0018348623853211,0.00110091743119266,0.270275229357798
161773.411807,2580866.126422,0.0304531278664465,0.191524490919097,0.530544854155201,0.0254999082737112,0.0420106402494955,0.179966978536048
162273.411807,2580866.126422,0.0368131868131868,0.206227106227106,0.332783882783883,0.0941391941391941,0.0782051282051282,0.251831501831502
162773.411807,2580866.126422,0.00495412844036697,0.246238532110092,0.476697247706422,0.0818348623853211,0.0462385321100917,0.144036697247706
163273.411807,2580866.126422,0.000550357732526142,0.304714731241974,0.384700055035773,0.0487983856173179,0.0843881856540084,0.1768482847184
163773.411807,2580866.126422,0.0617216117216117,0.178754578754579,0.125824175824176,0.194688644688645,0.120695970695971,0.318315018315018
164273.411807,2580866.126422,0.0267889908256881,0.0651376146788991,0.0504587155963303,0.474678899082569,0.157798165137615,0.225137614678899
164773.411807,2580866.126422,0.00091726288754357,0.252247294074482,0.35663181067694,0.160154100165107,0.0363236103467254,0.193725921849202
165273.411807,2580866.126422,0.00659340659340659,0.0644688644688645,0.699084249084249,0.0137362637362637,0.0155677655677656,0.200549450549451
165773.411807,2580866.126422,0.00036697247706422,0.0541284403669725,0.789174311926605,0.0919266055045872,0.0412844036697248,0.0231192660550459
166273.411807,2580866.126422,0.000183452577508714,0.103834158869932,0.732159236837278,0.0676940011007155,0.0409099247844432,0.0552192258301229
166773.411807,2580866.126422,0,0.0465201465201465,0.595421245421245,0.261355311355311,0.0454212454212454,0.0512820512820513
167273.411807,2580866.126422,0.00642201834862385,0.144954128440367,0.0710091743119266,0.474311926605505,0.139266055045872,0.164036697247706
167773.411807,2580866.126422,0.00495321959273528,0.222894881673088,0.382682076683177,0.0983305815446707,0.140341221794166,0.150798018712163
168273.411807,2580866.126422,0.00256410256410256,0.221245421245421,0.437362637362637,0.123076923076923,0.0957875457875458,0.11996336996337
168773.411807,2580866.126422,0.00201834862385321,0.103119266055046,0.55394495412844,0.207706422018349,0.0726605504587156,0.0605504587155963
169273.411807,2580866.126422,0.0143093010456797,0.20821867547239,0.349110254999083,0.0513667217024399,0.135388002201431,0.241607044578976
169773.411807,2580866.126422,0.00402930402930403,0.491025641025641,0.151282051282051,0.0824175824175824,0.0437728937728938,0.227472527472527
170273.411807,2580866.126422,0.0411009174311927,0.663302752293578,0,0,0.0128440366972477,0.282752293577982
170773.411807,2580866.126422,0.0159603742432581,0.52504127682994,0.000366905155017428,0.0368739680792515,0.111906072280316,0.309851403412218
171273.411807,2580866.126422,0.0582417582417582,0.371062271062271,0,0.0642857142857143,0.134981684981685,0.371428571428571
171773.411807,2580866.126422,0.0770642201834862,0.432293577981651,0.00018348623853211,0.00036697247706422,0.0332110091743119,0.456880733944954
172273.411807,2580866.126422,0.0078884608328747,0.485965877820583,0,0,0.0649422124380847,0.441203448908457
172773.411807,2580866.126422,0.00934065934065934,0.512820512820513,0,0,0.056043956043956,0.421794871794872
160773.411807,2580366.126422,0,0.0103780578206079,0.825796886582654,0.0926612305411416,0.0166790214974055,0.0544848035581913
161273.411807,2580366.126422,0.00238095238095238,0.0996336996336996,0.555128205128205,0.0692307692307692,0.0285714285714286,0.245054945054945
161773.411807,2580366.126422,0.00366300366300366,0.0906593406593407,0.535714285714286,0.0234432234432234,0.0283882783882784,0.318131868131868
162273.411807,2580366.126422,0.00421708837550422,0.0814081408140814,0.535570223689036,0.077007700770077,0.052988632196553,0.248808214154749
162773.411807,2580366.126422,0.0241758241758242,0.159157509157509,0.280769230769231,0.125824175824176,0.0723443223443224,0.337728937728938
163273.411807,2580366.126422,0.0315018315018315,0.26959706959707,0.3,0.00641025641025641,0.0527472527472527,0.33974358974359
163773.411807,2580366.126422,0.0397873120645398,0.195086175284195,0.278327832783278,0.11001100110011,0.14961496149615,0.227172717271727
164273.411807,2580366.126422,0.0531135531135531,0.154578754578755,0.0631868131868132,0.232417582417582,0.151282051282051,0.345421245421245
164773.411807,2580366.126422,0.0523809523809524,0.129487179487179,0.248168498168498,0.204578754578755,0.0804029304029304,0.284981684981685
165273.411807,2580366.126422,0.00605060506050605,0.0808580858085809,0.611477814448111,0.0381371470480381,0.0287862119545288,0.234690135680235
165773.411807,2580366.126422,0,0.157142857142857,0.732051282051282,0.0558608058608059,0.0238095238095238,0.0311355311355311
166273.411807,2580366.126422,0.00146520146520147,0.131135531135531,0.56007326007326,0.178205128205128,0.0531135531135531,0.076007326007326
166773.411807,2580366.126422,0.00146681334800147,0.224972497249725,0.141914191419142,0.464063072973964,0.114594792812615,0.052988632196553
167273.411807,2580366.126422,0.00659340659340659,0.352747252747253,0.0956043956043956,0.181684981684982,0.109340659340659,0.254029304029304
167773.411807,2580366.126422,0.00604395604395604,0.203479853479853,0.387362637362637,0.125457875457875,0.139194139194139,0.138461538461538
168273.411807,2580366.126422,0.0100843417675101,0.115694902823616,0.487532086541988,0.15034836817015,0.154748808214155,0.0815914924825816
168773.411807,2580366.126422,0.0119047619047619,0.219230769230769,0.378021978021978,0.103663003663004,0.0871794871794872,0.2
169273.411807,2580366.126422,0.0100732600732601,0.202197802197802,0.266300366300366,0.0705128205128205,0.146886446886447,0.304029304029304
169773.411807,2580366.126422,0.0172350568390172,0.389072240557389,0.105793912724606,0.00935093509350935,0.0797579757975798,0.398789878987899
170273.411807,2580366.126422,0.0386446886446886,0.58021978021978,0,0.00714285714285714,0.032967032967033,0.341025641025641
170773.411807,2580366.126422,0.00824175824175824,0.756410256410256,0,0.00476190476190476,0.0115384615384615,0.219047619047619
171273.411807,2580366.126422,0.0726072607260726,0.439127246057939,0.0942427576090942,0.00825082508250825,0.0397873120645398,0.345984598459846
171773.411807,2580366.126422,0.00293040293040293,0.477655677655678,0.103663003663004,0.00164835164835165,0.0010989010989011,0.413003663003663
172273.411807,2580366.126422,0.0135531135531136,0.635897435897436,0.0798534798534798,0.0139194139194139,0,0.256776556776557
172773.411807,2580366.126422,0.0507884121745508,0.482581591492483,0.0286028602860286,0.0227356068940227,0.0394206087275394,0.375870920425376
160773.411807,2579866.126422,0.032962962962963,0.161111111111111,0.541111111111111,0.017037037037037,0.00703703703703704,0.240740740740741
161273.411807,2579866.126422,0.0218388695173426,0.21985685446871,0.463754817397688,0.0181684712791338,0.0262433474031932,0.250137639933933
161773.411807,2579866.126422,0.00806895286997983,0.200256739409499,0.414267375756464,0.137172198789657,0.0599669906473501,0.180267742527049
162273.411807,2579866.126422,0.0111783030969397,0.137621403701668,0.507238409382445,0.0461792193512919,0.0392156862745098,0.258566978193146
