"x","y","forest","agri","water","built","other","grass"
212273.411807,2668866.126422,0.0546171171171171,0.213400900900901,0.00225225225225225,0.163288288288288,0.0960022522522523,0.470439189189189
212773.411807,2668866.126422,0.0591216216216216,0.219313063063063,0.000563063063063063,0.251126126126126,0.190033783783784,0.279842342342342
213273.411807,2668866.126422,0.0222472542945649,0.30780061954379,0,0.0844832441565756,0.173472261334835,0.411996620670234
213773.411807,2668866.126422,0.00506756756756757,0.0481418918918919,0,0.0709459459459459,0.147240990990991,0.728603603603604
214273.411807,2668866.126422,0.0185810810810811,0.107545045045045,0.0106981981981982,0.13963963963964,0.204391891891892,0.519144144144144
214773.411807,2668866.126422,0.0208392002252887,0.0836384117150099,0.00197127569698676,0.137144466347508,0.211208110391439,0.545198535623768
215273.411807,2668866.126422,0.0647522522522523,0.0999436936936937,0.0526463963963964,0.587274774774775,0.0917792792792793,0.103603603603604
215773.411807,2668866.126422,0.0703828828828829,0.0259009009009009,0.0365990990990991,0.695945945945946,0.10106981981982,0.0701013513513514
216273.411807,2668866.126422,0.0844832441565756,0.0275978597578147,0.00506899464939454,0.689101661503802,0.147000844832442,0.0467473950999718
216773.411807,2668866.126422,0.37865990990991,0.0250563063063063,0.0123873873873874,0.273085585585586,0.104448198198198,0.206362612612613
217273.411807,2668866.126422,0.331925675675676,0.026463963963964,0.00337837837837838,0.299831081081081,0.188907657657658,0.149493243243243
217773.411807,2668866.126422,0.0980005632216277,0.0405519571951563,0.0104196001126443,0.562095184455083,0.15122500704027,0.137707687975218
218273.411807,2668866.126422,0.168355855855856,0.0253378378378378,0.00168918918918919,0.494087837837838,0.080518018018018,0.230011261261261
218773.411807,2668866.126422,0.0599662162162162,0.013795045045045,0.00422297297297297,0.72240990990991,0.117117117117117,0.0824887387387387
219273.411807,2668866.126422,0.251760067586595,0.0205575894114334,0,0.424950718107575,0.103351168684877,0.199380456209518
219773.411807,2668866.126422,0.0588400900900901,0.119650900900901,0.00844594594594595,0.278997747747748,0.155123873873874,0.378941441441441
220273.411807,2668866.126422,0.0140765765765766,0.00591216216216216,0.00168918918918919,0.890484234234234,0.0731981981981982,0.0146396396396396
220773.411807,2668866.126422,0.0174598704590256,0.00929315685722332,0.000281610813855252,0.912982258518727,0.0501267248662349,0.00985637848493382
221273.411807,2668866.126422,0.0518018018018018,0.0197072072072072,0.00281531531531532,0.76295045045045,0.119369369369369,0.0433558558558559
221773.411807,2668866.126422,0.0633445945945946,0.0301238738738739,0.00253378378378378,0.684966216216216,0.142173423423423,0.0768581081081081
222273.411807,2668866.126422,0.0256265840608279,0.0104196001126443,0.00309771895240777,0.774148127288088,0.0687130385806815,0.117994931005351
222773.411807,2668866.126422,0.113457207207207,0.0261824324324324,0,0.205518018018018,0.107545045045045,0.547297297297297
223273.411807,2668866.126422,0.291385135135135,0.00506756756756757,0,0.123592342342342,0.0743243243243243,0.505630630630631
223773.411807,2668866.126422,0.393973528583498,0.00985637848493382,0,0.031258800337933,0.0794142495071811,0.485497043086455
224273.411807,2668866.126422,0.529279279279279,0.00309684684684685,0.000281531531531532,0.0647522522522523,0.048704954954955,0.353885135135135
212273.411807,2668366.126422,0.0774454028262066,0.0897412369242063,0.0216553496054322,0.492934483391448,0.150669847678473,0.167553679574234
212773.411807,2668366.126422,0.0491472583898771,0.138455895837154,0.00953603520997616,0.448560425453879,0.115165963689712,0.239134421419402
213273.411807,2668366.126422,0.00403151914971596,0.221183800623053,0.00109950522264981,0.327652556349643,0.218801539307312,0.227231079347627
213773.411807,2668366.126422,0.0106441548908057,0.19930262433474,0.00238575885483575,0.109928427234355,0.171774637548174,0.505964397137089
214273.411807,2668366.126422,0.0306253438474234,0.129286631212177,0.022006235099945,0.417018155143957,0.168347698514579,0.232715936181918
214773.411807,2668366.126422,0.0754993586219534,0.064687557265897,0.0390324354040682,0.576140736668499,0.140370166758292,0.10426974528129
215273.411807,2668366.126422,0.115250504679758,0.110846026793907,0.0357863828225362,0.440264268673151,0.191594788034502,0.106258028996146
215773.411807,2668366.126422,0.0902255639097744,0.0487804878048781,0.0240234733174399,0.659453511828351,0.122317990097194,0.055198973042362
216273.411807,2668366.126422,0.21073850100788,0.0419644493311343,0.0240058640278541,0.330034817665384,0.081729888216969,0.311526479750779
216773.411807,2668366.126422,0.24499908240044,0.0545054138374014,0.019086070838686,0.247384841255276,0.134153055606533,0.299871536061663
217273.411807,2668366.126422,0.244269209609389,0.0649183935448377,0.0253071703649367,0.298367870896754,0.194571795342014,0.172565560242069
217773.411807,2668366.126422,0.0954737035000916,0.0487447315374748,0.021073850100788,0.570093457943925,0.138171156312992,0.126443100604728
218273.411807,2668366.126422,0.0862543585979079,0.0433106992108644,0.0126628739218205,0.487795925857956,0.137639933932832,0.23233620847862
218773.411807,2668366.126422,0.0850907757197873,0.0328259673574179,0.00238400880249404,0.680726205758298,0.0970108197322575,0.101962222629745
219273.411807,2668366.126422,0.196628183983874,0.114898295766905,0,0.120762323621037,0.124793842770753,0.442917353857431
219773.411807,2668366.126422,0.101486511286475,0.0851532391264452,0.0438612589465957,0.0950633143696091,0.0776289227381171,0.596806753532758
220273.411807,2668366.126422,0.123234916559692,0.0190720704199523,0.00128369704749679,0.525582248303686,0.114432422519714,0.216394645149459
220773.411807,2668366.126422,0.153380978559648,0.0397654388858347,0.000183250870441635,0.281839838739234,0.112699285321605,0.412131207623236
221273.411807,2668366.126422,0.123508900715728,0.0121123141860892,0.00256927876674619,0.669847678473114,0.0950633143696091,0.0968985134887135
221773.411807,2668366.126422,0.0366770584999083,0.0148542086924629,0,0.754263708050614,0.0838070786722905,0.110397946084724
222273.411807,2668366.126422,0.0544255085211655,0.0278541323071285,0.00146600696353308,0.244090159428257,0.109217518783214,0.562946673996702
222773.411807,2668366.126422,0.213617177463755,0.0122958340979996,0.00715727656450725,0.282620664342081,0.152138006973757,0.332171040557901
223273.411807,2668366.126422,0.183201907207042,0.017604988079956,0.000366770584999083,0.216944801026958,0.0869246286447827,0.494956904456263
223773.411807,2668366.126422,0.340663368150999,0.00201575957485798,0,0.00678028220634048,0.0179585853032802,0.632582004764523
224273.411807,2668366.126422,0.557166452560103,0,0,0.000183519911910442,0.00146815929528354,0.441181868232703
212273.411807,2667866.126422,0.0596330275229358,0.0510091743119266,0.0170642201834862,0.647889908256881,0.105504587155963,0.118899082568807
212773.411807,2667866.126422,0.0676940011007155,0.317923316822601,0.00550357732526142,0.237204182718767,0.116125481563016,0.255549440469639
213273.411807,2667866.126422,0.0538461538461538,0.140659340659341,0.015018315018315,0.404761904761905,0.18040293040293,0.205311355311355
213773.411807,2667866.126422,0.0853211009174312,0.204587155963303,0.00073394495412844,0.140733944954128,0.138165137614679,0.43045871559633
214273.411807,2667866.126422,0.110805356815263,0.0803522289488167,0.0181618051733627,0.388736011740965,0.125114657860943,0.276829939460649
214773.411807,2667866.126422,0.0752747252747253,0.05,0.023992673992674,0.684615384615385,0.0992673992673993,0.0668498168498168
215273.411807,2667866.126422,0.0614678899082569,0.0304587155963303,0.075045871559633,0.721100917431193,0.0640366972477064,0.0478899082568807
215773.411807,2667866.126422,0.173179233168226,0.0687947165657677,0.0121078701155751,0.46358466336452,0.133186571271326,0.149146945514584
216273.411807,2667866.126422,0.0578754578754579,0.0437728937728938,0.0697802197802198,0.682234432234432,0.0752747252747253,0.0710622710622711
216773.411807,2667866.126422,0.0715596330275229,0.0420183486238532,0.0269724770642202,0.539449541284404,0.113761467889908,0.206238532110092
217273.411807,2667866.126422,0.0722803155384333,0.0247660979636764,0.024399192808659,0.572738946982205,0.111539167125298,0.194276279581728
217773.411807,2667866.126422,0.054029304029304,0.01996336996337,0.00915750915750916,0.697802197802198,0.0965201465201465,0.122527472527473
218273.411807,2667866.126422,0.0409174311926606,0.0126605504587156,0.0236697247706422,0.772293577981651,0.112110091743119,0.038348623853211
218773.411807,2667866.126422,0.103283801137406,0.103834158869932,0.00568702990277013,0.37516052100532,0.123647037240873,0.288387451843698
219273.411807,2667866.126422,0.205677655677656,0.0967032967032967,0.00347985347985348,0.106776556776557,0.0611721611721612,0.526190476190476
219773.411807,2667866.126422,0.0513761467889908,0.0311926605504587,0.00348623853211009,0.281467889908257,0.0948623853211009,0.537614678899083
220273.411807,2667866.126422,0.145294441386901,0.00770500825536599,0.00165107319757843,0.581361218125115,0.107136305265089,0.15685195376995
220773.411807,2667866.126422,0.144688644688645,0.0163003663003663,0.00567765567765568,0.576923076923077,0.115018315018315,0.141391941391941
221273.411807,2667866.126422,0.0332110091743119,0.0508256880733945,0.00018348623853211,0.607339449541284,0.0844036697247706,0.224036697247706
221773.411807,2667866.126422,0.159420289855072,0.0113740598055403,0,0.316088791047514,0.0957622454595487,0.417354613832324
222273.411807,2667866.126422,0.0677655677655678,0.028021978021978,0.0208791208791209,0.308791208791209,0.174908424908425,0.3996336996337
222773.411807,2667866.126422,0.256330275229358,0.0172477064220183,0.0073394495412844,0.228807339449541,0.184770642201835,0.305504587155963
223273.411807,2667866.126422,0.303247110621904,0.00348559897266557,0,0.0972298660796184,0.0537516052100532,0.542285819115759
223773.411807,2667866.126422,0.515934065934066,0.00384615384615385,0,0.0120879120879121,0.0228937728937729,0.445238095238095
224273.411807,2667866.126422,0.467889908256881,0.00605504587155963,0,0,0.00165137614678899,0.524403669724771
212273.411807,2667366.126422,0.071978021978022,0.0642857142857143,0.000366300366300366,0.485531135531136,0.155860805860806,0.221978021978022
212773.411807,2667366.126422,0.047985347985348,0.0826007326007326,0.0115384615384615,0.463553113553114,0.202014652014652,0.192307692307692
213273.411807,2667366.126422,0.0352035203520352,0.0278694536120279,0.0198019801980198,0.677117711771177,0.144481114778144,0.0955262192885955
213773.411807,2667366.126422,0.0494505494505494,0.0716117216117216,0.0104395604395604,0.614285714285714,0.107692307692308,0.146520146520147
214273.411807,2667366.126422,0.0362637362637363,0.0794871794871795,0.0344322344322344,0.598534798534799,0.144322344322344,0.106959706959707
214773.411807,2667366.126422,0.0298863219655299,0.0194352768610194,0.0104510451045105,0.780894756142281,0.109460946094609,0.0498716538320499
215273.411807,2667366.126422,0.076007326007326,0.0567765567765568,0.0252747252747253,0.606043956043956,0.152564102564103,0.0833333333333333
215773.411807,2667366.126422,0.0864468864468864,0.0754578754578755,0.00384615384615385,0.467032967032967,0.115750915750916,0.251465201465201
216273.411807,2667366.126422,0.0977264393105977,0.0265859919325266,0.00861752841950862,0.459295929592959,0.158415841584158,0.249358269160249
216773.411807,2667366.126422,0.0743589743589744,0.0628205128205128,0.00659340659340659,0.402747252747253,0.167216117216117,0.286263736263736
217273.411807,2667366.126422,0.0749084249084249,0.0380952380952381,0.0108058608058608,0.711904761904762,0.116117216117216,0.0481684981684982
217773.411807,2667366.126422,0.0165016501650165,0.00788412174550788,0.00733406674000733,0.918225155848918,0.0383204987165383,0.0117345067840117
218273.411807,2667366.126422,0.0474358974358974,0.0417582417582418,0.00494505494505494,0.764285714285714,0.0928571428571429,0.0487179487179487
218773.411807,2667366.126422,0.0335164835164835,0.017032967032967,0.0010989010989011,0.793406593406593,0.102930402930403,0.052014652014652
219273.411807,2667366.126422,0.0375870920425376,0.0526219288595526,0.0203520352035204,0.35973597359736,0.122478914558122,0.407224055738907
219773.411807,2667366.126422,0.0551282051282051,0.0221611721611722,0.0148351648351648,0.732234432234432,0.0745421245421245,0.101098901098901
220273.411807,2667366.126422,0.00677655677655678,0.00402930402930403,0.000549450549450549,0.901282051282051,0.0635531135531135,0.0238095238095238
220773.411807,2667366.126422,0.11954528786212,0.0771910524385772,0,0.261642830949762,0.114411441144114,0.427209387605427
221273.411807,2667366.126422,0.105494505494505,0.0635531135531135,0.00915750915750916,0.202197802197802,0.137545787545788,0.482051282051282
221773.411807,2667366.126422,0.0798534798534798,0.0543956043956044,0.000549450549450549,0.168131868131868,0.20989010989011,0.487179487179487
222273.411807,2667366.126422,0.115144847818115,0.00861752841950862,0.00165016501650165,0.541620828749542,0.16024935826916,0.172717271727173
222773.411807,2667366.126422,0.0721611721611722,0.0131868131868132,0.000732600732600733,0.598901098901099,0.216483516483516,0.0985347985347985
223273.411807,2667366.126422,0.37014652014652,0.00402930402930403,0.000732600732600733,0.0771062271062271,0.063003663003663,0.484981684981685
223773.411807,2667366.126422,0.642097543087642,0,0,0,0,0.357902456912358
224273.411807,2667366.126422,0.657875457875458,0.0111721611721612,0,0,0,0.330952380952381
212273.411807,2666866.126422,0.0721233253808038,0.0748761240594605,0.00770783630023858,0.31950816663608,0.157460084419159,0.368324463204258
212773.411807,2666866.126422,0.0408949202273978,0.0504309554373739,0.00715202640748212,0.693563176233266,0.154043645699615,0.0539152759948652
213273.411807,2666866.126422,0.0789811251603445,0.0467289719626168,0.000549752611324904,0.680410481949789,0.116730804471321,0.0765988638446033
213773.411807,2666866.126422,0.119287942741787,0.131583776839787,0.00403743806202973,0.382271976509451,0.15782712424298,0.204991741603964
214273.411807,2666866.126422,0.14395745461214,0.190170548322025,0.000550155877498625,0.243168897854392,0.164313222079589,0.257839721254355
214773.411807,2666866.126422,0.0855781564962434,0.155030236393623,0.00256551218618288,0.31390874106652,0.222649807586586,0.220267546270845
215273.411807,2666866.126422,0.112497706001101,0.12846393833731,0.00568911726922371,0.23233620847862,0.176179115434025,0.344833914479721
215773.411807,2666866.126422,0.133687878232166,0.0674857876398313,0.00165046763249587,0.340546488171649,0.114065651934715,0.342563726389144
216273.411807,2666866.126422,0.0328019058090526,0.021073850100788,0.00109950522264981,0.694887300714678,0.117463807953088,0.132673630199743
216773.411807,2666866.126422,0.058909891723252,0.0211047898697009,0.0144980730409249,0.418241879243898,0.102587630757937,0.384657735364287
217273.411807,2666866.126422,0.0669356317623327,0.0210893086374473,0.00330093526499175,0.714102328993215,0.118833669539703,0.0757381258023107
217773.411807,2666866.126422,0.0243723657687374,0.0144768187648891,0.00641378046545721,0.872090892431739,0.0659703133589885,0.0166758292101887
218273.411807,2666866.126422,0.0383556615892824,0.0231235089007157,0.00532207744540283,0.811708570379886,0.0807487612405946,0.0407414204441182
218773.411807,2666866.126422,0.0227397762699432,0.0187052998349532,0.00898587933247754,0.707683843755731,0.0981111314872547,0.143774069319641
219273.411807,2666866.126422,0.0566245189664651,0.066703316840755,0.0111783030969397,0.479384277075316,0.114165292285138,0.271944291735386
219773.411807,2666866.126422,0.00532207744540283,0.00201871903101487,0.000550559735731327,0.94604514589833,0.0455129381537897,0.000550559735731327
220273.411807,2666866.126422,0.0183385292499542,0.0364936732074088,0,0.631028791490922,0.107647166697231,0.206491839354484
220773.411807,2666866.126422,0.042147700201576,0.152647975077882,0.00733003481766538,0.314091991936962,0.151914971596115,0.3318673263698
221273.411807,2666866.126422,0.11635162415122,0.0284455863461186,0.0170673518076711,0.570379886217655,0.101119471462654,0.166636080014682
221773.411807,2666866.126422,0.0476801760498808,0.0121034293049697,0.00385109114249037,0.595085274161012,0.115532734274711,0.225747295066936
222273.411807,2666866.126422,0.0469122228330585,0.0256551218618288,0.00348176653839106,0.58182151365219,0.160527762506872,0.18160161260766
222773.411807,2666866.126422,0.115617544503579,0.0102771150669848,0,0.559001651679207,0.141677371994861,0.173426316755368
223273.411807,2666866.126422,0.33981294700165,0.00715202640748212,0,0.146524848707134,0.068402714102329,0.438107463781405
223773.411807,2666866.126422,0.530877771669415,0,0,0,0,0.469122228330585
224273.411807,2666866.126422,0.535511102954671,0,0,0.000550559735731327,0.00256927876674619,0.461369058542852
212273.411807,2666366.126422,0.0471559633027523,0.0622018348623853,0.0121100917431193,0.474311926605505,0.155779816513761,0.248440366972477
212773.411807,2666366.126422,0.0603558980003669,0.0972298660796184,0.00330214639515685,0.333333333333333,0.125665015593469,0.380113740598055
213273.411807,2666366.126422,0.0586080586080586,0.130769230769231,0.00164835164835165,0.392307692307692,0.103846153846154,0.312820512820513
213773.411807,2666366.126422,0.0790825688073395,0.328990825688073,0,0.281100917431193,0.115045871559633,0.195779816513761
214273.411807,2666366.126422,0.226380480645753,0.215556778572739,0.00183452577508714,0.122546321775821,0.113373692900385,0.320308200330215
214773.411807,2666366.126422,0.0851648351648352,0.288644688644689,0,0.165934065934066,0.0904761904761905,0.36978021978022
215273.411807,2666366.126422,0.0372477064220183,0.0768807339449541,0,0.117798165137615,0.0801834862385321,0.687889908256881
215773.411807,2666366.126422,0.0344890845716382,0.0886075949367089,0,0.157585764079985,0.119427627958173,0.599889928453495
216273.411807,2666366.126422,0.0419413919413919,0.11043956043956,0.000366300366300366,0.264102564102564,0.132783882783883,0.4503663003663
216773.411807,2666366.126422,0.0355963302752294,0.126422018348624,0.00697247706422018,0.55045871559633,0.123669724770642,0.156880733944954
217273.411807,2666366.126422,0.0493487433498441,0.0278847917813245,0.00623738763529628,0.74041460282517,0.121995964043295,0.0541185103650706
217773.411807,2666366.126422,0.0679487179487179,0.0399267399267399,0.00824175824175824,0.692124542124542,0.133333333333333,0.0584249084249084
218273.411807,2666366.126422,0.0346788990825688,0.0306422018348624,0.00770642201834862,0.800183486238532,0.0987155963302752,0.0280733944954128
218773.411807,2666366.126422,0.0333883691065859,0.0623738763529628,0.010273344340488,0.432030820033021,0.0662263804806457,0.395707209686296
219273.411807,2666366.126422,0.0395604395604396,0.067032967032967,0.0225274725274725,0.602930402930403,0.124725274725275,0.143223443223443
219773.411807,2666366.126422,0.0398165137614679,0.0513761467889908,0.00055045871559633,0.323302752293578,0.0697247706422018,0.515229357798165
220273.411807,2666366.126422,0.0798018712162906,0.113557145477894,0.00330214639515685,0.194459732159237,0.0489818381948266,0.559897266556595
220773.411807,2666366.126422,0.054029304029304,0.030952380952381,0.0216117216117216,0.573260073260073,0.182783882783883,0.137362637362637
221273.411807,2666366.126422,0.0315596330275229,0.0244036697247706,0.0018348623853211,0.782201834862385,0.106605504587156,0.053394495412844
221773.411807,2666366.126422,0.0970464135021097,0.0350394423041644,0.00532012474775271,0.571821684094661,0.0893414052467437,0.201430930104568
222273.411807,2666366.126422,0.131684981684982,0.0456043956043956,0.00641025641025641,0.427472527472527,0.152380952380952,0.236446886446886
222773.411807,2666366.126422,0.413577981651376,0.0073394495412844,0.00018348623853211,0.210642201834862,0.111559633027523,0.256697247706422
223273.411807,2666366.126422,0.510181618051734,0,0,0,0.00201797835259585,0.487800403595671
223773.411807,2666366.126422,0.562454212454212,0,0,0,0.00201465201465201,0.435531135531136
224273.411807,2666366.126422,0.667522935779816,0,0,0,0,0.332477064220183
212273.411807,2665866.126422,0.0694139194139194,0.0593406593406593,0.00293040293040293,0.433516483516484,0.184065934065934,0.250732600732601
212773.411807,2665866.126422,0.0468864468864469,0.0822344322344322,0.00604395604395604,0.574358974358974,0.127289377289377,0.163186813186813
213273.411807,2665866.126422,0.0397873120645398,0.107444077741107,0.0033003300330033,0.571507150715072,0.125229189585625,0.152731939860653
213773.411807,2665866.126422,0.0888278388278388,0.0717948717948718,0.00402930402930403,0.415567765567766,0.107692307692308,0.312087912087912
214273.411807,2665866.126422,0.106959706959707,0.188461538461538,0.0043956043956044,0.369413919413919,0.133516483516484,0.197252747252747
214773.411807,2665866.126422,0.0320865419875321,0.455995599559956,0.000183351668500183,0.11001100110011,0.0759075907590759,0.325815914924826
215273.411807,2665866.126422,0.0305860805860806,0.322893772893773,0.00622710622710623,0.253296703296703,0.0866300366300366,0.3003663003663
215773.411807,2665866.126422,0.0586080586080586,0.198717948717949,0.00366300366300366,0.415750915750916,0.128937728937729,0.194322344322344
216273.411807,2665866.126422,0.0526219288595526,0.240557389072241,0.0100843417675101,0.327282728272827,0.171067106710671,0.198386505317198
216773.411807,2665866.126422,0.0901098901098901,0.245238095238095,0.00476190476190476,0.315384615384615,0.0912087912087912,0.253296703296703
217273.411807,2665866.126422,0.028021978021978,0.0360805860805861,0.0043956043956044,0.796703296703297,0.113553113553114,0.0212454212454212
217773.411807,2665866.126422,0.0661899523285662,0.0227356068940227,0.00641730839750642,0.712321232123212,0.123945727906124,0.0683901723505684
218273.411807,2665866.126422,0.0435897435897436,0.0173992673992674,0.0152014652014652,0.716117216117216,0.120695970695971,0.086996336996337
218773.411807,2665866.126422,0.0397435897435897,0.0901098901098901,0.0133699633699634,0.0893772893772894,0.0608058608058608,0.706593406593407
219273.411807,2665866.126422,0.0605060506050605,0.0375870920425376,0.00183351668500183,0.416758342500917,0.1001100110011,0.383204987165383
219773.411807,2665866.126422,0.0221611721611722,0.0106227106227106,0.00183150183150183,0.823260073260073,0.100915750915751,0.0412087912087912
220273.411807,2665866.126422,0.0391941391941392,0.0626373626373626,0.00897435897435897,0.607692307692308,0.104029304029304,0.177472527472527
220773.411807,2665866.126422,0.092959295929593,0.0361202786945361,0.00183351668500183,0.601943527686102,0.151265126512651,0.115878254492116
221273.411807,2665866.126422,0.0701465201465201,0.0287545787545788,0.0188644688644689,0.616483516483517,0.18021978021978,0.0855311355311355
221773.411807,2665866.126422,0.211538461538462,0.0205128205128205,0.00128205128205128,0.41043956043956,0.0763736263736264,0.27985347985348
222273.411807,2665866.126422,0.114594792812615,0.0326365969930326,0.000916758342500917,0.463146314631463,0.167033370003667,0.221672167216722
222773.411807,2665866.126422,0.368864468864469,0.0481684981684982,0.000549450549450549,0.158791208791209,0.157875457875458,0.265750915750916
223273.411807,2665866.126422,0.515750915750916,0.00970695970695971,0.000183150183150183,0.0261904761904762,0.0752747252747253,0.372893772893773
223773.411807,2665866.126422,0.578841217455079,0,0,0,0.000366703337000367,0.420792079207921
224273.411807,2665866.126422,0.495604395604396,0.000183150183150183,0,0.0010989010989011,0.00879120879120879,0.494322344322344
212273.411807,2665366.126422,0.0192695907505964,0.060561570930446,0.0618462103138191,0.218572215085337,0.1159845843274,0.523765828592402
212773.411807,2665366.126422,0.0198056115899505,0.0493306436823767,0.0907757197872731,0.0447460113698881,0.08399046396479,0.711351549605722
213273.411807,2665366.126422,0.0274876305662452,0.0514934945940993,0.0423309510720176,0.170789811251603,0.106285504856148,0.601612607659886
213773.411807,2665366.126422,0.0438612589465957,0.085887318774087,0.0691870067902367,0.300972655533125,0.113231785648743,0.386859974307212
214273.411807,2665366.126422,0.0436456996148909,0.0392444525949019,0.026407482119934,0.417201540436457,0.202273977626994,0.271226847606822
214773.411807,2665366.126422,0.0386659336631849,0.154846985523181,0.00513102437236577,0.507604911123328,0.140736668499175,0.153014476818765
215273.411807,2665366.126422,0.0308313452009543,0.374197100385392,0.0106441548908057,0.299871536061663,0.0662506881996697,0.218205175261516
215773.411807,2665366.126422,0.0783055198973042,0.334311388226664,0.00238400880249404,0.22794791857693,0.122134604804695,0.234916559691913
216273.411807,2665366.126422,0.0859446582371266,0.32398753894081,0.00146600696353308,0.213670514934946,0.07623236210372,0.298698918819864
216773.411807,2665366.126422,0.0721233253808038,0.342264635712975,0.00201871903101487,0.0976325931363553,0.0715727656450725,0.414387961093779
217273.411807,2665366.126422,0.114249037227214,0.0599669906473501,0.00256739409499358,0.326059050064185,0.183385292499542,0.313772235466716
217773.411807,2665366.126422,0.024555616639179,0.113615539673813,0.00238226131574125,0.705882352941177,0.0661535642294301,0.0874106652006597
218273.411807,2665366.126422,0.0293631859056708,0.0778124426500275,0.0110111947146265,0.400073407964764,0.0785465222976693,0.403193246467242
218773.411807,2665366.126422,0.01998899688245,0.0187052998349532,0.0234733174399413,0.797175866495507,0.0517146524848707,0.0889418668622776
219273.411807,2665366.126422,0.0335349092908191,0.0328019058090526,0.00128275609309144,0.749129558365402,0.119113065787062,0.0641378046545721
219773.411807,2665366.126422,0.0330335841438796,0.0288126261699394,0.00110111947146265,0.797761057074693,0.101853551110295,0.0374380620297302
220273.411807,2665366.126422,0.0667522464698331,0.113698881349716,0.000916926462497708,0.286631212176783,0.0918760315422703,0.4401247019989
220773.411807,2665366.126422,0.0700018325087044,0.0472787245739417,0.00842954004031519,0.372915521348726,0.181051859996335,0.320322521531977
221273.411807,2665366.126422,0.0972655533125344,0.031932464672417,0.00789135621214902,0.601027711506698,0.122224261332355,0.139658652963847
221773.411807,2665366.126422,0.180817898404548,0.0436456996148909,0.0122868145974693,0.441225013753897,0.116999816614707,0.205024757014487
222273.411807,2665366.126422,0.198643943558732,0.0377496793109767,0.00366501740883269,0.318856514568444,0.18160161260766,0.259483232545355
222773.411807,2665366.126422,0.235639566893008,0.0442282987704166,0,0.200220223894293,0.174710956138741,0.345200954303542
223273.411807,2665366.126422,0.579130753713552,0.000366770584999083,0,0.00110031175499725,0.011186502842472,0.408215661103979
223773.411807,2665366.126422,0.587319039765439,0,0,0.000549752611324904,0.00311526479750779,0.409015942825728
224273.411807,2665366.126422,0.48981464488897,0,0,0.00201871903101487,0.00513855753349238,0.503028078546522
212273.411807,2664866.126422,0.0187155963302752,0.568990825688073,0.00146788990825688,0.0660550458715596,0.0653211009174312,0.279449541284404
212773.411807,2664866.126422,0.0291689598238855,0.501192441753807,0,0.117960007338103,0.067327095945698,0.284351495138507
213273.411807,2664866.126422,0.0391941391941392,0.415934065934066,0,0.0690476190476191,0.0664835164835165,0.409340659340659
213773.411807,2664866.126422,0.063302752293578,0.247155963302752,0.00146788990825688,0.245504587155963,0.0955963302752294,0.34697247706422
214273.411807,2664866.126422,0.0212804989910108,0.180333883691066,0.0111906072280316,0.25958539717483,0.120711796000734,0.406897816914328
214773.411807,2664866.126422,0.0245421245421245,0.0767399267399267,0.0461538461538462,0.132234432234432,0.0879120879120879,0.632417582417582
215273.411807,2664866.126422,0.0499082568807339,0.269174311926606,0.0104587155963303,0.233394495412844,0.100733944954128,0.336330275229358
215773.411807,2664866.126422,0.0515501742799486,0.459732159236837,0.0100898917629793,0.185287103283801,0.116125481563016,0.177215189873418
216273.411807,2664866.126422,0.0304029304029304,0.565201465201465,0.000183150183150183,0.0738095238095238,0.0604395604395604,0.26996336996337
216773.411807,2664866.126422,0.0754128440366972,0.405871559633028,0.0223853211009174,0.215045871559633,0.0675229357798165,0.213761467889908
217273.411807,2664866.126422,0.0588882773802972,0.359750504494588,0.000366905155017428,0.119977985690699,0.139240506329114,0.321775820950284
217773.411807,2664866.126422,0.0595238095238095,0.193589743589744,0.0384615384615385,0.111721611721612,0.111721611721612,0.484981684981685
218273.411807,2664866.126422,0.0614678899082569,0.0555963302752294,0.00513761467889908,0.439633027522936,0.154311926605505,0.283853211009174
218773.411807,2664866.126422,0.0790680609062557,0.0304531278664465,0.00532012474775271,0.630343056319941,0.137039075399009,0.117776554760594
219273.411807,2664866.126422,0.0485347985347985,0.0152014652014652,0.00293040293040293,0.779120879120879,0.1,0.0542124542124542
219773.411807,2664866.126422,0.0322935779816514,0.0155963302752294,0.00128440366972477,0.797798165137615,0.11394495412844,0.0390825688073395
220273.411807,2664866.126422,0.0339387268391121,0.0436617134470739,0.00110071546505228,0.627591267657311,0.114290955787929,0.179416620803522
220773.411807,2664866.126422,0.0573260073260073,0.10989010989011,0.0137362637362637,0.512087912087912,0.129120879120879,0.177838827838828
221273.411807,2664866.126422,0.110825688073394,0.0735779816513761,0.00018348623853211,0.205137614678899,0.0902752293577982,0.52
221773.411807,2664866.126422,0.232617868281049,0.0632911392405063,0,0.116675839295542,0.0653091175931022,0.5221060355898
222273.411807,2664866.126422,0.178937728937729,0.0346153846153846,0.00164835164835165,0.252197802197802,0.18003663003663,0.352564102564103
222773.411807,2664866.126422,0.131926605504587,0.0212844036697248,0,0.406422018348624,0.235045871559633,0.205321100917431
223273.411807,2664866.126422,0.355714547789396,0.00623738763529628,0,0.0986974866996881,0.159420289855072,0.379930288020547
223773.411807,2664866.126422,0.524175824175824,0,0,0.00183150183150183,0.00293040293040293,0.471062271062271
224273.411807,2664866.126422,0.399082568807339,0,0,0.00055045871559633,0.00275229357798165,0.597614678899083
212273.411807,2664366.126422,0.0434065934065934,0.392673992673993,0.000915750915750916,0.165018315018315,0.0754578754578755,0.322527472527473
212773.411807,2664366.126422,0.0357142857142857,0.445238095238095,0.00897435897435897,0.266483516483516,0.0833333333333333,0.16025641025641
213273.411807,2664366.126422,0.0577557755775578,0.20957095709571,0.00385038503850385,0.458195819581958,0.134763476347635,0.135863586358636
213773.411807,2664366.126422,0.0335164835164835,0.176007326007326,0.00256410256410256,0.548901098901099,0.112271062271062,0.126739926739927
214273.411807,2664366.126422,0.010989010989011,0.246520146520147,0.00146520146520147,0.469230769230769,0.135531135531136,0.136263736263736
214773.411807,2664366.126422,0.0212687935460213,0.356802346901357,0.000366703337000367,0.253392005867253,0.112211221122112,0.255958929226256
215273.411807,2664366.126422,0.0195970695970696,0.0906593406593407,0.0415750915750916,0.0673992673992674,0.0827838827838828,0.697985347985348
215773.411807,2664366.126422,0.078021978021978,0.182783882783883,0.0117216117216117,0.209340659340659,0.0952380952380952,0.422893772893773
216273.411807,2664366.126422,0.0594059405940594,0.196736340300697,0,0.14961496149615,0.18023469013568,0.414008067473414
216773.411807,2664366.126422,0.0714285714285714,0.148901098901099,0.0269230769230769,0.0858974358974359,0.122527472527473,0.544322344322344
217273.411807,2664366.126422,0.0338827838827839,0.1,0.0126373626373626,0.296703296703297,0.0974358974358974,0.459340659340659
217773.411807,2664366.126422,0.0342867620095343,0.216905023835717,0.0157682434910158,0.427392739273927,0.104143747708104,0.201503483681702
218273.411807,2664366.126422,0.0628205128205128,0.132417582417582,0.00641025641025641,0.308241758241758,0.12967032967033,0.36043956043956
218773.411807,2664366.126422,0.145238095238095,0.0653846153846154,0.00347985347985348,0.315018315018315,0.144871794871795,0.326007326007326
219273.411807,2664366.126422,0.0427209387605427,0.0214521452145215,0.0111844517785112,0.751375137513751,0.123579024569124,0.0496883021635497
219773.411807,2664366.126422,0.0532967032967033,0.0201465201465201,0.00146520146520147,0.571794871794872,0.146520146520147,0.206776556776557
220273.411807,2664366.126422,0.0347985347985348,0.0183150183150183,0.000915750915750916,0.676739926739927,0.123076923076923,0.146153846153846
220773.411807,2664366.126422,0.0773744041070774,0.0218188485515218,0,0.517785111844518,0.0894756142280895,0.293546021268794
221273.411807,2664366.126422,0.165018315018315,0.0565934065934066,0.000915750915750916,0.195604395604396,0.154212454212454,0.427655677655678
221773.411807,2664366.126422,0.268498168498168,0.015018315018315,0,0.0668498168498168,0.0926739926739927,0.556959706959707
222273.411807,2664366.126422,0.542904290429043,0.00843417675100843,0,0.00201686835350202,0.00843417675100843,0.438210487715438
222773.411807,2664366.126422,0.564102564102564,0.0111721611721612,0,0,0.0119047619047619,0.412820512820513
223273.411807,2664366.126422,0.366666666666667,0.0141025641025641,0,0.0523809523809524,0.107875457875458,0.458974358974359
223773.411807,2664366.126422,0.599009900990099,0.0044004400440044,0,0.00128346167950128,0.0122845617895123,0.383021635496883
224273.411807,2664366.126422,0.541208791208791,0.000915750915750916,0,0.0010989010989011,0.00714285714285714,0.4496336996337
212273.411807,2663866.126422,0.0429436593870435,0.232703248302441,0.0220223894292531,0.400991007524316,0.112681225913012,0.188658469443935
212773.411807,2663866.126422,0.0757381258023107,0.200806895286998,0.0115532734274711,0.213093709884467,0.107097010819732,0.391710984779021
213273.411807,2663866.126422,0.0404984423676012,0.375481033534909,0.00366501740883269,0.23877588418545,0.109217518783214,0.232362103719993
213773.411807,2663866.126422,0.036520462470178,0.236190126628739,0.00715727656450725,0.445586346118554,0.103505230317489,0.171040557900532
214273.411807,2663866.126422,0.0324591967724189,0.341830185219145,0,0.300568494406749,0.0909591050797726,0.234183018521915
214773.411807,2663866.126422,0.0148433205057724,0.780648708081363,0,0.0492944841487997,0.0243723657687374,0.130841121495327
215273.411807,2663866.126422,0.0688199669664159,0.16993943842907,0.000734079647641769,0.32354560469811,0.155441365388145,0.281519544870618
215773.411807,2663866.126422,0.0330093526499175,0.24793691545938,0.015587749862461,0.243168897854392,0.107647166697231,0.352649917476618
216273.411807,2663866.126422,0.0414146967198094,0.404984423676012,0.0368334249587686,0.100238226131574,0.0685358255451713,0.347993402968664
216773.411807,2663866.126422,0.0623967700495504,0.129198017984951,0.000367039823820885,0.212149018168471,0.0653330886401175,0.530556065333089
217273.411807,2663866.126422,0.0258573262424354,0.081606455162296,0.000550155877498625,0.636530350265909,0.0724371905373189,0.183018521914542
217773.411807,2663866.126422,0.0560747663551402,0.106835257467473,0.0133773135422393,0.32288803371816,0.102437236576874,0.398387392340114
218273.411807,2663866.126422,0.0774454028262066,0.100568911726922,0.00935951550743256,0.426316755367957,0.133418975958892,0.252890438612589
218773.411807,2663866.126422,0.068402714102329,0.0364936732074088,0.00348432055749129,0.597652668256006,0.142306986979644,0.151659636897121
219273.411807,2663866.126422,0.0450797141286421,0.10756826094924,0.00109950522264981,0.528129008612791,0.0852116547553601,0.232911856331318
219773.411807,2663866.126422,0.089190677188475,0.0554230133969536,0,0.167003119838502,0.153239126445219,0.53514406313085
220273.411807,2663866.126422,0.097194205024757,0.0652851641298368,0.00183385292499542,0.315239317806712,0.116816431322208,0.403631028791491
220773.411807,2663866.126422,0.089792926516401,0.0623052959501558,0,0.328568810701851,0.20065970313359,0.318673263698003
221273.411807,2663866.126422,0.139291613140026,0.0425766195632226,0.00183519911910442,0.209029179665994,0.188658469443935,0.418608919067719
221773.411807,2663866.126422,0.347698514579131,0.0097194205024757,0,0.0421786172748946,0.115532734274711,0.484870713368788
222273.411807,2663866.126422,0.482499541872824,0.00934579439252336,0.00274876305662452,0.0679860729338464,0.0665200659703134,0.370899761773868
222773.411807,2663866.126422,0.523215268856671,0,0,0.000183519911910442,0.00220223894292531,0.474398972288493
223273.411807,2663866.126422,0.599669906473501,0.0022006235099945,0,0,0.000366770584999083,0.397762699431506
223773.411807,2663866.126422,0.604727872457394,0,0,0,0,0.395272127542606
224273.411807,2663866.126422,0.440080748761241,0.0012846393833731,0,0,0.0012846393833731,0.557349972472013
212273.411807,2663366.126422,0.0412844036697248,0.483669724770642,0.00642201834862385,0.145137614678899,0.137247706422018,0.186238532110092
212773.411807,2663366.126422,0.0447624289121262,0.384700055035773,0.0254999082737112,0.257750871399743,0.0970464135021097,0.190240322876536
213273.411807,2663366.126422,0.0413919413919414,0.285897435897436,0.00146520146520147,0.271611721611722,0.0941391941391941,0.305494505494506
213773.411807,2663366.126422,0.0405504587155963,0.0930275229357798,0.00220183486238532,0.568073394495413,0.111009174311927,0.185137614678899
214273.411807,2663366.126422,0.02568336085122,0.221243808475509,0.0286186020913594,0.490001834525775,0.086589616584113,0.147862777472023
214773.411807,2663366.126422,0.0331501831501832,0.63003663003663,0,0.0428571428571429,0.043040293040293,0.250915750915751
215273.411807,2663366.126422,0.0187155963302752,0.593761467889908,0,0.0636697247706422,0.0689908256880734,0.254862385321101
215773.411807,2663366.126422,0.029535864978903,0.295725554944047,0.0143093010456797,0.28104934874335,0.0957622454595487,0.283617684828472
216273.411807,2663366.126422,0.0576923076923077,0.484981684981685,0.000366300366300366,0.0600732600732601,0.0774725274725275,0.319413919413919
216773.411807,2663366.126422,0.0273394495412844,0.471926605504587,0.00311926605504587,0.180183486238532,0.0748623853211009,0.24256880733945
217273.411807,2663366.126422,0.0271509814712897,0.14547789396441,0.011557512383049,0.272793982755458,0.0820033021463952,0.461016327279398
217773.411807,2663366.126422,0.0452380952380952,0.0683150183150183,0.00677655677655678,0.649450549450549,0.123076923076923,0.107142857142857
218273.411807,2663366.126422,0.051743119266055,0.188807339449541,0.00036697247706422,0.253394495412844,0.101284403669725,0.404403669724771
218773.411807,2663366.126422,0.118693817648138,0.0941111722619703,0.000183452577508714,0.156668501192442,0.1284168042561,0.501926252063841
219273.411807,2663366.126422,0.115567765567766,0.0216117216117216,0.00201465201465201,0.263553113553114,0.131135531135531,0.466117216117216
219773.411807,2663366.126422,0.165137614678899,0.0192660550458716,0.00110091743119266,0.447155963302752,0.174128440366972,0.193211009174312
220273.411807,2663366.126422,0.108970831040176,0.0671436433681893,0.016694184553293,0.369840396257567,0.145661346541919,0.291689598238855
220773.411807,2663366.126422,0.0727106227106227,0.052014652014652,0.000366300366300366,0.4,0.165384615384615,0.30952380952381
221273.411807,2663366.126422,0.12605504587156,0.0414678899082569,0.00201834862385321,0.471926605504587,0.180550458715596,0.177981651376147
221773.411807,2663366.126422,0.457347275729224,0.0273344340487984,0,0.0410933773619519,0.0656760227481196,0.408548890111906
222273.411807,2663366.126422,0.255494505494505,0.0315018315018315,0,0.0721611721611722,0.127289377289377,0.513553113553114
