"x","y","forest","agri","water","built","other","grass"
152773.411807,2558366.126422,0.257674418604651,0.0593023255813954,0.372558139534884,0.220232558139535,0.0902325581395349,0
153273.411807,2558366.126422,0.00325278810408922,0.000232342007434944,0.989544609665427,0.00394981412639405,0.00302044609665428,0
153773.411807,2558366.126422,0,0,0.390130353817505,0.609869646182495,0,0
154273.411807,2558366.126422,0,0,0,1,0,0
154773.411807,2558366.126422,0,0,0,1,0,0
155273.411807,2558366.126422,0.0267690875232775,0.0772811918063315,0,0.864525139664804,0.00186219739292365,0.0295623836126629
155773.411807,2558366.126422,0,0.103255813953488,0.0251162790697674,0.792325581395349,0.026046511627907,0.0532558139534884
156273.411807,2558366.126422,0,0.0580855018587361,0.515102230483271,0.364776951672862,0.0116171003717472,0.0504182156133829
156773.411807,2558366.126422,0,0.0805400372439479,0.796787709497207,0.0758845437616387,0.0148975791433892,0.0318901303538175
157273.411807,2558366.126422,0.000930232558139535,0.123255813953488,0.694186046511628,0.117441860465116,0.04,0.0241860465116279
157773.411807,2558366.126422,0.00929368029739777,0.149395910780669,0.740938661710037,0.0383364312267658,0.0185873605947955,0.0434479553903346
158273.411807,2558366.126422,0.0174581005586592,0.406424581005587,0.436685288640596,0.0533054003724395,0.00628491620111732,0.0798417132216015
158773.411807,2558366.126422,0.00116279069767442,0.153720930232558,0.601162790697674,0.0281395348837209,0.022093023255814,0.193720930232558
159273.411807,2558366.126422,0.00929368029739777,0.226533457249071,0.240009293680297,0.345260223048327,0.0443773234200743,0.134526022304833
159773.411807,2558366.126422,0.00814711359404097,0.170856610800745,0.333798882681564,0.140130353817505,0.0616852886405959,0.285381750465549
160273.411807,2558366.126422,0.0334542523176139,0.127367996775494,0.365578395808142,0.0802095929060863,0.0233776702942362,0.370012091898428
152773.411807,2557866.126422,0.00256410256410256,0.0293040293040293,0.793223443223443,0.121062271062271,0.0494505494505494,0.0043956043956044
153273.411807,2557866.126422,0,0,0.574440777411074,0.425559222588926,0,0
153773.411807,2557866.126422,0,0.000366300366300366,0.0294871794871795,0.97014652014652,0,0
154273.411807,2557866.126422,0.00201465201465201,0.121245421245421,0,0.848168498168498,0.0021978021978022,0.0263736263736264
154773.411807,2557866.126422,0.00586725339200587,0.0577557755775578,0,0.902273560689402,0.00183351668500183,0.0322698936560323
155273.411807,2557866.126422,0.0161172161172161,0.065018315018315,0.450732600732601,0.461538461538462,0.00366300366300366,0.00293040293040293
155773.411807,2557866.126422,0,0.157692307692308,0.568681318681319,0.169413919413919,0.0357142857142857,0.0684981684981685
156273.411807,2557866.126422,0,0.213971397139714,0.63017968463513,0.114778144481115,0.0280528052805281,0.013017968463513
156773.411807,2557866.126422,0.0043956043956044,0.0501831501831502,0.686263736263736,0.0481684981684982,0.0197802197802198,0.191208791208791
157273.411807,2557866.126422,0.0168498168498168,0.0553113553113553,0.853296703296703,0.0703296703296703,0.00201465201465201,0.0021978021978022
157773.411807,2557866.126422,0.0033003300330033,0.138063806380638,0.64979831316465,0.081958195819582,0.046021268793546,0.0808580858085809
158273.411807,2557866.126422,0.000183150183150183,0.143589743589744,0.4496336996337,0.181501831501831,0.0853479853479854,0.13974358974359
158773.411807,2557866.126422,0.00311355311355311,0.325824175824176,0.28003663003663,0.255494505494505,0.0333333333333333,0.102197802197802
159273.411807,2557866.126422,0.000183351668500183,0.202420242024202,0.0099009900990099,0.742757609094243,0.0209020902090209,0.0238357169050238
159773.411807,2557866.126422,0.00512820512820513,0.236446886446886,0.1,0.271245421245421,0.05,0.337179487179487
160273.411807,2557866.126422,0.00377002827521206,0.160854539742381,0.381715362865222,0.169022934338674,0.0650329877474081,0.219604147031103
152273.411807,2557366.126422,0,0,0.977977610570747,0.0220223894292531,0,0
152773.411807,2557366.126422,0,0.00550155877498625,0.598019438841005,0.393361452411517,0.00201723821749496,0.00110031175499725
153273.411807,2557366.126422,0.00274876305662452,0.138720908924317,0.161810518599963,0.619021440351842,0.00146600696353308,0.07623236210372
153773.411807,2557366.126422,0.000183519911910442,0.184621031381905,0.000183519911910442,0.754266837951918,0.00422095797394017,0.0565241328684162
154273.411807,2557366.126422,0.000916926462497708,0.116633046029708,0.196222262974509,0.676508344030809,0.0022006235099945,0.0075187969924812
154773.411807,2557366.126422,0.00806303829943192,0.120579072750596,0.521715228147334,0.247205424225765,0.0163093274693055,0.0861279091075683
155273.411807,2557366.126422,0.0416590200036704,0.20756102037071,0.514773352908791,0.0723068452927143,0.0367039823820885,0.126995779042026
155773.411807,2557366.126422,0.0143040528149642,0.236933797909408,0.402897487621493,0.017604988079956,0.0302585732624244,0.298001100311755
156273.411807,2557366.126422,0,0.0967564595931831,0.469122228330585,0.305295950155763,0.0441634597764339,0.0846619021440352
156773.411807,2557366.126422,0.00146815929528354,0.106074509084236,0.322260965314737,0.297118737383006,0.0407414204441182,0.23233620847862
157273.411807,2557366.126422,0.0066018705299835,0.0654685494223363,0.68402714102329,0.189803777737026,0.0130203557674674,0.0410783055198973
157773.411807,2557366.126422,0,0.120945574491479,0.741433021806854,0.0624885468205974,0.00971229613340663,0.0654205607476635
158273.411807,2557366.126422,0.0034868783262984,0.122774821068086,0.694072306845293,0.0548724536612222,0.0361534226463571,0.0886401174527436
158773.411807,2557366.126422,0,0.144690995782138,0.350999449844123,0.430955437373923,0.0397946084724005,0.0335595085274161
159273.411807,2557366.126422,0.000183250870441635,0.109400769653656,0.0903426791277259,0.764705882352941,0.0313358988455195,0.00403151914971596
159773.411807,2557366.126422,0.0082583960359699,0.164066801247935,0.000917599559552211,0.530189025509268,0.119471462653698,0.177096714993577
160273.411807,2557366.126422,0.0179301667190941,0.167977351368355,0.408933626926706,0.0509594212016357,0.0714061025479711,0.282793331236238
151773.411807,2556866.126422,0,0.0144688644688645,0.878388278388278,0.1003663003663,0.00146520146520147,0.00531135531135531
152273.411807,2556866.126422,0,0.0326605504587156,0.66256880733945,0.233761467889908,0.00073394495412844,0.0702752293577982
152773.411807,2556866.126422,0,0.198862594019446,0.18693817648138,0.461750137589433,0.001284168042561,0.15116492386718
153273.411807,2556866.126422,0.00384615384615385,0.135164835164835,0.553479853479854,0.294871794871795,0.00201465201465201,0.0106227106227106
153773.411807,2556866.126422,0.00403669724770642,0.148073394495413,0.504403669724771,0.312110091743119,0.0113761467889908,0.02
154273.411807,2556866.126422,0,0.108787378462667,0.792698587415153,0.0785177031737296,0.00587048248027885,0.014125848468171
154773.411807,2556866.126422,0,0.104395604395604,0.849267399267399,0.0247252747252747,0.0032967032967033,0.0183150183150183
155273.411807,2556866.126422,0.0306422018348624,0.124954128440367,0.639633027522936,0.0398165137614679,0.0240366972477064,0.140917431192661
155773.411807,2556866.126422,0,0.107319757842598,0.638414969730325,0.0262337185837461,0.00421940928270042,0.223812144560631
156273.411807,2556866.126422,0.000183150183150183,0.11043956043956,0.628754578754579,0.0241758241758242,0.00860805860805861,0.227838827838828
156773.411807,2556866.126422,0.00220183486238532,0.110275229357798,0.685137614678899,0.136697247706422,0.0218348623853211,0.0438532110091743
157273.411807,2556866.126422,0,0.0361401577692167,0.875435699871583,0.0388919464318474,0.0232984773436067,0.0262337185837461
157773.411807,2556866.126422,0.00311355311355311,0.0963369963369963,0.784981684981685,0.05,0.0117216117216117,0.0538461538461538
158273.411807,2556866.126422,0.00018348623853211,0.142752293577982,0.668623853211009,0.0513761467889908,0.0381651376146789,0.0988990825688073
158773.411807,2556866.126422,0.001284168042561,0.146395156851954,0.478260869565217,0.15978719501009,0.0337552742616034,0.180517336268575
159273.411807,2556866.126422,0.0518315018315018,0.143223443223443,0.196520146520147,0.412087912087912,0.0620879120879121,0.134249084249084
159773.411807,2556866.126422,0.0055045871559633,0.101284403669725,0.163119266055046,0.367889908256881,0.0581651376146789,0.304036697247706
160273.411807,2556866.126422,0.00661000944287063,0.0966320428076802,0.584198929807995,0.0487881649354737,0.0799496380232924,0.183821214982688
151773.411807,2556366.126422,0.0044004400440044,0.155482214888155,0.361019435276861,0.136596993032637,0.0139347268060139,0.328566189952329
152273.411807,2556366.126422,0,0.225274725274725,0.304395604395604,0.229487179487179,0.00915750915750916,0.231684981684982
152773.411807,2556366.126422,0,0.144688644688645,0.58992673992674,0.233882783882784,0.00586080586080586,0.0256410256410256
153273.411807,2556366.126422,0,0.101943527686102,0.676567656765677,0.202053538687202,0.0088008800880088,0.0106343967730106
153773.411807,2556366.126422,0,0.0355311355311355,0.675091575091575,0.280769230769231,0.00677655677655678,0.00183150183150183
154273.411807,2556366.126422,0.0010989010989011,0.0705128205128205,0.792673992673993,0.126007326007326,0.00256410256410256,0.00714285714285714
154773.411807,2556366.126422,0.00183351668500183,0.092959295929593,0.814814814814815,0.0586725339200587,0.000916758342500917,0.0308030803080308
155273.411807,2556366.126422,0.0214285714285714,0.19981684981685,0.632234432234432,0.0179487179487179,0.0291208791208791,0.0994505494505494
155773.411807,2556366.126422,0,0.122527472527473,0.747435897435897,0.0126373626373626,0.0122710622710623,0.105128205128205
156273.411807,2556366.126422,0,0.165016501650165,0.679501283461679,0.0561056105610561,0.0326365969930326,0.0667400073340667
156773.411807,2556366.126422,0.00347985347985348,0.263186813186813,0.456410256410256,0.0307692307692308,0.0203296703296703,0.225824175824176
157273.411807,2556366.126422,0,0.138461538461538,0.764468864468864,0.0172161172161172,0.0128205128205128,0.067032967032967
157773.411807,2556366.126422,0,0.113311331133113,0.764759809314265,0.0251191785845251,0.0121012101210121,0.0847084708470847
158273.411807,2556366.126422,0.00311355311355311,0.122710622710623,0.647069597069597,0.0395604395604396,0.0254578754578755,0.162087912087912
158773.411807,2556366.126422,0.0434065934065934,0.244139194139194,0.184615384615385,0.0293040293040293,0.0353479853479853,0.463186813186813
159273.411807,2556366.126422,0.156398973230656,0.181334800146681,0.0390539053905391,0.0531719838650532,0.101576824349102,0.468463513017968
159773.411807,2556366.126422,0.073992673992674,0.232234432234432,0.0197802197802198,0.121428571428571,0.0677655677655678,0.484798534798535
160273.411807,2556366.126422,0.0920515237197612,0.259503612943764,0.0823122840087967,0.126610116242538,0.122840087967326,0.316682375117813
151273.411807,2555866.126422,0,0.118650284247203,0.467082339996332,0.275628094626811,0.0066018705299835,0.13203741059967
151773.411807,2555866.126422,0,0.242257650723841,0.186732636980026,0.178486347810152,0.015026571376214,0.377496793109767
152273.411807,2555866.126422,0,0.180950633143696,0.577170122958341,0.104789869700863,0.0130299137456414,0.124059460451459
152773.411807,2555866.126422,0,0.0568494406748579,0.887401430405282,0.0473134054648817,0.00421786172748946,0.00421786172748946
153273.411807,2555866.126422,0,0.0494777350192413,0.582188015393073,0.33516584203775,0.0124610591900312,0.0207073483599047
153773.411807,2555866.126422,0,0.0761607634428336,0.546705817581208,0.36098366672784,0.0124793540099101,0.00367039823820885
154273.411807,2555866.126422,0.00146708233999633,0.0366770584999083,0.928846506510178,0.00935264991747662,0.00128369704749679,0.0223730056849441
154773.411807,2555866.126422,0.0214403518416712,0.128458860179586,0.75114531794026,0.0337181601612608,0.00348176653839106,0.0617555433388309
155273.411807,2555866.126422,0.00238575885483575,0.298403376766379,0.646540649660488,0.00256927876674619,0.00367039823820885,0.0464305377133419
155773.411807,2555866.126422,0.0203557674674491,0.27214377406932,0.31193838254172,0.004401247019989,0.00366770584999083,0.387493123051531
156273.411807,2555866.126422,0.0113615539673813,0.294484148799707,0.351841671247938,0.0659703133589885,0.043613707165109,0.232728605460876
156773.411807,2555866.126422,0.0346852633510736,0.148100568911727,0.366122224261332,0.134153055606533,0.0585428518994311,0.258396035969903
157273.411807,2555866.126422,0.00678525582248304,0.189253621859527,0.390794058316523,0.0276911791674308,0.035209976159912,0.350265908674124
157773.411807,2555866.126422,0.0262048744731537,0.22869708631116,0.193512919186366,0.0273043796958036,0.0731170973062122,0.451163643027304
158273.411807,2555866.126422,0.0247751881079097,0.428886034134704,0.105523949348504,0.0587263718113415,0.100018351991191,0.28207010460635
158773.411807,2555866.126422,0.0562992847973593,0.542820465798643,0.00238400880249404,0.0225563909774436,0.0434623143223913,0.332477535301669
159273.411807,2555866.126422,0.159061755543339,0.334982591167308,0,0.0362836723474437,0.0903426791277259,0.379329301814184
159773.411807,2555866.126422,0.114332905120206,0.0321159845843274,0.00110111947146265,0.121123141860892,0.169388878693338,0.561937970269774
160273.411807,2555866.126422,0.152563699276502,0.0783265177728846,0,0.0638565586662472,0.275243787354514,0.430009436929852
151273.411807,2555366.126422,0.002568336085122,0.210420106402495,0.463217758209503,0.114841313520455,0.00733810310034856,0.201614382682077
151773.411807,2555366.126422,0,0.277289377289377,0.331135531135531,0.168131868131868,0.00128205128205128,0.222161172161172
152273.411807,2555366.126422,0.00055045871559633,0.221284403669725,0.680366972477064,0.0429357798165138,0.015045871559633,0.0398165137614679
152773.411807,2555366.126422,0,0.0148596587782058,0.915611814345992,0.0588882773802972,0.00568702990277013,0.00495321959273528
153273.411807,2555366.126422,0,0.0358974358974359,0.803663003663004,0.147985347985348,0.0111721611721612,0.00128205128205128
153773.411807,2555366.126422,0,0.119816513761468,0.729908256880734,0.10954128440367,0.0220183486238532,0.0187155963302752
154273.411807,2555366.126422,0.00201797835259585,0.110254999082737,0.768482847184003,0.103650706292423,0.00568702990277013,0.00990643918547056
154773.411807,2555366.126422,0.0772893772893773,0.111172161172161,0.714285714285714,0.0230769230769231,0.0141025641025641,0.0600732600732601
155273.411807,2555366.126422,0.0244036697247706,0.356880733944954,0.387889908256881,0.0240366972477064,0.0055045871559633,0.201284403669725
155773.411807,2555366.126422,0.0122913226930838,0.413318657127133,0.420106402494955,0.00275178866263071,0.0126582278481013,0.138873601174097
156273.411807,2555366.126422,0.0111721611721612,0.371978021978022,0.204395604395604,0.103113553113553,0.0395604395604396,0.26978021978022
156773.411807,2555366.126422,0.00623853211009174,0.147706422018349,0.379633027522936,0.0581651376146789,0.154495412844037,0.253761467889908
157273.411807,2555366.126422,0.0124747752705926,0.203448908457164,0.426160337552743,0.119060722803155,0.078884608328747,0.159970647587599
157773.411807,2555366.126422,0.0672161172161172,0.282783882783883,0.175457875457875,0.0787545787545788,0.0534798534798535,0.342307692307692
158273.411807,2555366.126422,0.0108256880733945,0.32,0.086605504587156,0.118348623853211,0.16697247706422,0.297247706422018
158773.411807,2555366.126422,0.0122913226930838,0.492937075765915,0.0933773619519354,0.0376077783892864,0.0726472206934507,0.291139240506329
159273.411807,2555366.126422,0.117765567765568,0.303479853479853,0.147252747252747,0.0364468864468864,0.0943223443223443,0.300732600732601
159773.411807,2555366.126422,0.0544954128440367,0.301284403669725,0,0.172477064220183,0.161284403669725,0.31045871559633
160273.411807,2555366.126422,0.0239219389361032,0.542020774315392,0,0.0670443814919736,0.0598048473402581,0.307208057916273
151273.411807,2554866.126422,0.00531135531135531,0.165201465201465,0.552564102564103,0.100549450549451,0.0043956043956044,0.171978021978022
151773.411807,2554866.126422,0,0.224972497249725,0.33039970663733,0.0748074807480748,0.000733406674000733,0.369086908690869
152273.411807,2554866.126422,0,0.201831501831502,0.758608058608059,0.0217948717948718,0.00183150183150183,0.0159340659340659
152773.411807,2554866.126422,0.00256410256410256,0.0521978021978022,0.841391941391941,0.082967032967033,0.00897435897435897,0.0119047619047619
153273.411807,2554866.126422,0.00586725339200587,0.0408874220755409,0.826549321598827,0.117161716171617,0.00916758342500917,0.000366703337000367
153773.411807,2554866.126422,0.00824175824175824,0.0584249084249084,0.838827838827839,0.0635531135531135,0.0238095238095238,0.00714285714285714
154273.411807,2554866.126422,0.00183150183150183,0.0970695970695971,0.824725274725275,0.0263736263736264,0.0142857142857143,0.0357142857142857
154773.411807,2554866.126422,0.0198019801980198,0.169050238357169,0.632929959662633,0.0443711037770444,0.0251191785845251,0.108727539420609
155273.411807,2554866.126422,0.00970695970695971,0.142307692307692,0.453663003663004,0.0489010989010989,0.0725274725274725,0.272893772893773
155773.411807,2554866.126422,0.0371794871794872,0.11978021978022,0.298351648351648,0.0225274725274725,0.0673992673992674,0.454761904761905
156273.411807,2554866.126422,0.0117345067840117,0.16006600660066,0.151998533186652,0.0434543454345435,0.0583058305830583,0.574440777411074
156773.411807,2554866.126422,0.0536630036630037,0.113003663003663,0.34981684981685,0.0681318681318681,0.208058608058608,0.207326007326007
157273.411807,2554866.126422,0.0043956043956044,0.201282051282051,0.235714285714286,0.0597069597069597,0.0965201465201465,0.402380952380952
157773.411807,2554866.126422,0.176017601760176,0.243674367436744,0.00751741840850752,0.0674734140080675,0.167950128346168,0.337367070040337
158273.411807,2554866.126422,0.0206959706959707,0.445421245421245,0.0675824175824176,0.144505494505494,0.114285714285714,0.207509157509158
158773.411807,2554866.126422,0.0201465201465201,0.642124542124542,0,0.0516483516483516,0.100915750915751,0.185164835164835
159273.411807,2554866.126422,0.0205353868720205,0.262192885955262,0.263476347634763,0.0650898423175651,0.0572057205720572,0.331499816648332
159773.411807,2554866.126422,0.0194139194139194,0.285347985347985,0.191391941391941,0.0847985347985348,0.114835164835165,0.304212454212454
160273.411807,2554866.126422,0.0653471567703424,0.266415331448319,0.0581212692428527,0.0885956644674835,0.118127552623311,0.403393025447691
151273.411807,2554366.126422,0,0.143774069319641,0.560242068586099,0.158995048597103,0.0363102879149092,0.100678525582248
151773.411807,2554366.126422,0.00219901044529962,0.332600329851567,0.270111783030969,0.0406816932380429,0.0185083379146051,0.335898845519516
152273.411807,2554366.126422,0.00275279867865663,0.0633143696091026,0.85887318774087,0.0488162965681776,0.00660671682877592,0.0196366305744173
152773.411807,2554366.126422,0.00183385292499542,0.0850907757197873,0.681459746928296,0.203557674674491,0.00696864111498258,0.0210893086374473
153273.411807,2554366.126422,0,0.0696353307678211,0.879054425508521,0.0406816932380429,0.0042147700201576,0.00641378046545721
153773.411807,2554366.126422,0.000734079647641769,0.0978161130482657,0.638649293448339,0.200220223894293,0.025325747843641,0.0372545421178198
154273.411807,2554366.126422,0.00861910874747845,0.0872913992297818,0.641114982578397,0.172932330827068,0.00678525582248304,0.0832569227947919
154773.411807,2554366.126422,0.00183250870441635,0.0855781564962434,0.809602345611142,0.0313358988455195,0.00824628916987356,0.0634048011728056
155273.411807,2554366.126422,0.012846393833731,0.148651128647458,0.439163149201688,0.0216553496054322,0.0324830244081483,0.345200954303542
155773.411807,2554366.126422,0.0210893086374473,0.0746378140473134,0.501742160278746,0.0504309554373739,0.0570328259673574,0.295066935631762
156273.411807,2554366.126422,0.0166758292101887,0.115081546637347,0.212937511453179,0.0558915154846986,0.129191863661352,0.470221733553234
156773.411807,2554366.126422,0.044411818682327,0.0781794824738484,0.0579922921636998,0.148284088823637,0.130666177280235,0.540466140576253
157273.411807,2554366.126422,0.0317256556024207,0.0649183935448377,0.174399413167064,0.185219145424537,0.178433889602054,0.365303502659087
157773.411807,2554366.126422,0.0201575957485798,0.133589884551952,0.102986989188199,0.135972145867693,0.151181968114349,0.456111416529228
158273.411807,2554366.126422,0.000917599559552211,0.191961827858323,0.248118920902918,0.135804734813727,0.0994677922554597,0.32372912461002
158773.411807,2554366.126422,0.0143040528149642,0.232715936181918,0.41188336695397,0.0366770584999083,0.0496974142673758,0.254722171281863
159273.411807,2554366.126422,0.0089792926516401,0.0628550485614807,0.52574674729705,0.0597397837639729,0.0590067802822063,0.28367234744365
159773.411807,2554366.126422,0.0130299137456414,0.134520095430354,0.414387961093779,0.120939621948981,0.0965314736648926,0.220590934116352
160273.411807,2554366.126422,0.000314564328405159,0.124252909720038,0.408933626926706,0.0893362692670651,0.0839886756841774,0.293173954073608
151273.411807,2553866.126422,0.00220143093010457,0.0843881856540084,0.48926802421574,0.289304714731242,0.0293524124013942,0.105485232067511
151773.411807,2553866.126422,0.00256410256410256,0.168681318681319,0.50989010989011,0.238461538461538,0.000732600732600733,0.0796703296703297
152273.411807,2553866.126422,0.00311926605504587,0.0755963302752294,0.840366972477064,0.0737614678899083,0.00642201834862385,0.00073394495412844
152773.411807,2553866.126422,0.00183452577508714,0.121629058888277,0.586497890295359,0.278664465235737,0.00165107319757843,0.00972298660796184
153273.411807,2553866.126422,0.0021978021978022,0.0950549450549451,0.79029304029304,0.076007326007326,0.0152014652014652,0.0212454212454212
153773.411807,2553866.126422,0.00642201834862385,0.0592660550458716,0.809357798165138,0.0908256880733945,0.0157798165137615,0.018348623853211
154273.411807,2553866.126422,0,0.136305265088975,0.685011924417538,0.0443955237571088,0.0392588515868648,0.0950284351495139
154773.411807,2553866.126422,0.0032967032967033,0.23021978021978,0.562820512820513,0.0318681318681319,0.0179487179487179,0.153846153846154
155273.411807,2553866.126422,0.0100917431192661,0.071743119266055,0.490642201834862,0.0135779816513761,0.0236697247706422,0.390275229357798
155773.411807,2553866.126422,0.00311869381764814,0.107319757842598,0.177765547605944,0.0689781691432765,0.0851219959640433,0.55769583562649
156273.411807,2553866.126422,0.000732600732600733,0.0774725274725275,0.0503663003663004,0.164468864468864,0.315201465201465,0.391758241758242
156773.411807,2553866.126422,0.0238532110091743,0.078348623853211,0.21045871559633,0.178532110091743,0.174128440366972,0.334678899082569
157273.411807,2553866.126422,0,0.0317372959090075,0.675288937809576,0.0902586681342873,0.00440286186020914,0.19831223628692
157773.411807,2553866.126422,0.0108058608058608,0.00989010989010989,0.482234432234432,0.132967032967033,0.0234432234432234,0.340659340659341
158273.411807,2553866.126422,0.00110091743119266,0.0306422018348624,0.225321100917431,0.0532110091743119,0.0286238532110092,0.661100917431193
158773.411807,2553866.126422,0.00091726288754357,0.230783342505962,0.150981471289672,0.159603742432581,0.201247477527059,0.256466703357182
159273.411807,2553866.126422,0,0.24981684981685,0.0879120879120879,0.133516483516484,0.214468864468864,0.314285714285714
159773.411807,2553866.126422,0,0.227889908256881,0.188256880733945,0.0196330275229358,0.158348623853211,0.405871559633028
160273.411807,2553866.126422,0.0056657223796034,0.339313818067359,0.254642744727731,0.0553981743783444,0.108907774630154,0.236071765816808
151273.411807,2553366.126422,0,0.0483516483516484,0.194688644688645,0.67967032967033,0.0177655677655678,0.0595238095238095
151773.411807,2553366.126422,0,0.0649064906490649,0.503300330033003,0.345067840117345,0.0148514851485149,0.0718738540520719
152273.411807,2553366.126422,0.000732600732600733,0.0646520146520147,0.248351648351648,0.61007326007326,0.00695970695970696,0.0692307692307692
152773.411807,2553366.126422,0.00366300366300366,0.0498168498168498,0.364835164835165,0.512820512820513,0.0131868131868132,0.0556776556776557
153273.411807,2553366.126422,0,0.0825082508250825,0.605793912724606,0.235240190685735,0.0284195086175284,0.048038137147048
153773.411807,2553366.126422,0.0010989010989011,0.100549450549451,0.696520146520146,0.119047619047619,0.0172161172161172,0.0655677655677656
154273.411807,2553366.126422,0,0.104945054945055,0.705677655677656,0.0553113553113553,0.0243589743589744,0.10970695970696
154773.411807,2553366.126422,0,0.183351668500183,0.564723138980565,0.0372203887055372,0.0212687935460213,0.193436010267693
155273.411807,2553366.126422,0,0.12014652014652,0.623260073260073,0.0274725274725275,0.00604395604395604,0.223076923076923
155773.411807,2553366.126422,0,0.161904761904762,0.00714285714285714,0.0386446886446886,0.116117216117216,0.676190476190476
156273.411807,2553366.126422,0.00238357169050238,0.404107077374404,0.0353868720205354,0.00953428676200953,0.0632563256325633,0.485331866519985
156773.411807,2553366.126422,0.00549450549450549,0.0261904761904762,0.71007326007326,0.194139194139194,0.00293040293040293,0.0611721611721612
157273.411807,2553366.126422,0.0415750915750916,0.111355311355311,0.277106227106227,0.229120879120879,0.0851648351648352,0.255677655677656
157773.411807,2553366.126422,0.00916758342500917,0.146497983131646,0.454345434543454,0.0256692335900257,0.0724239090575724,0.291895856252292
158273.411807,2553366.126422,0,0.102564102564103,0.0232600732600733,0.0163003663003663,0.0725274725274725,0.785347985347985
158773.411807,2553366.126422,0.0236263736263736,0.281684981684982,0,0.0135531135531136,0.0906593406593407,0.59047619047619
159273.411807,2553366.126422,0.0315364869820315,0.401906857352402,0,0.00806747341400807,0.0823248991565823,0.476164283094976
159773.411807,2553366.126422,0.0166666666666667,0.47948717948718,0,0.0126373626373626,0.0611721611721612,0.43003663003663
160273.411807,2553366.126422,0.039899465912661,0.367263587810242,0.000628338045868677,0.0587496072887213,0.0851398052152058,0.448319195727301
151273.411807,2552866.126422,0,0,0,1,0,0
151773.411807,2552866.126422,0.00219901044529962,0.0106285504856148,0.43943558731904,0.490562580172256,0.00183250870441635,0.0553417628733736
152273.411807,2552866.126422,0,0.00201871903101487,0.74270508350156,0.253991558084052,0,0.0012846393833731
152773.411807,2552866.126422,0,0.04401247019989,0.633046029708417,0.279479185769301,0.0100861910874748,0.0333761232349166
153273.411807,2552866.126422,0,0.0703683342495877,0.671980941909474,0.0452629649990837,0.051126992853216,0.161260765988638
153773.411807,2552866.126422,0.000917599559552211,0.1036887502294,0.670948797944577,0.0625802899614608,0.00734079647641769,0.154523765828592
154273.411807,2552866.126422,0.000733541169998166,0.0975609756097561,0.656886117733358,0.0144874381074638,0.00550155877498625,0.224830368604438
154773.411807,2552866.126422,0.000183250870441635,0.116181051859996,0.778632948506505,0.0373831775700935,0.0148433205057724,0.0527762506871908
155273.411807,2552866.126422,0,0.14956872820701,0.252706918700679,0.071389245733162,0.0657001284639383,0.46063497889521
155773.411807,2552866.126422,0,0.330643682376673,0.0467632495873831,0.00898587933247754,0.0867412433522831,0.526865945351183
156273.411807,2552866.126422,0,0.109034267912773,0.576140736668499,0.130474619754444,0.0317024005864028,0.152647975077882
156773.411807,2552866.126422,0.00880895577170123,0.0552394934850431,0.402092126995779,0.479354009910075,0.0295467058175812,0.0249587080198202
157273.411807,2552866.126422,0.0247570144874381,0.0715202640748212,0.581331377223547,0.138639281129653,0.070786722904823,0.112965340179718
157773.411807,2552866.126422,0.0789811251603445,0.128642111050027,0.0921751878321422,0.0168590800806304,0.0445299615173172,0.638812534359538
158273.411807,2552866.126422,0.106808588731877,0.129198017984951,0.0645990089924757,0.0334006239677005,0.101119471462654,0.564874288860341
158773.411807,2552866.126422,0.0258573262424354,0.144507610489639,0.0876581698147808,0.169814780854575,0.167247386759582,0.404914725838988
159273.411807,2552866.126422,0.0769653655854865,0.236393622869709,0.00256551218618288,0.0716510903426791,0.0896096756459593,0.522814733369984
159773.411807,2552866.126422,0.142962011378235,0.17012295834098,0.0012846393833731,0.183703431822353,0.196549825656084,0.305377133418976
160273.411807,2552866.126422,0.0471846492607738,0.102547971060082,0,0.143755898081158,0.204781377791758,0.501730103806228
151273.411807,2552366.126422,0,0,0,1,0,0
151773.411807,2552366.126422,0,0.0316849816849817,0.245604395604396,0.649084249084249,0.0263736263736264,0.0472527472527473
152273.411807,2552366.126422,0.0194495412844037,0.018348623853211,0.628623853211009,0.258532110091743,0.00165137614678899,0.073394495412844
152773.411807,2552366.126422,0,0.00366905155017428,0.612364703724087,0.383232434415704,0.000733810310034856,0
153273.411807,2552366.126422,0.000732600732600733,0.109157509157509,0.391758241758242,0.133333333333333,0.215018315018315,0.15
153773.411807,2552366.126422,0.00110091743119266,0.154678899082569,0.714311926605505,0.031743119266055,0.0194495412844037,0.0787155963302752
154273.411807,2552366.126422,0.00697119794533113,0.0913593835993396,0.625573289304715,0.0249495505411851,0.0185287103283801,0.232617868281049
154773.411807,2552366.126422,0,0.0902930402930403,0.641575091575092,0.063003663003663,0.0399267399267399,0.165201465201465
155273.411807,2552366.126422,0,0.240183486238532,0.310825688073395,0.0447706422018349,0.0941284403669725,0.310091743119266
155773.411807,2552366.126422,0.0117409649605577,0.203448908457164,0.180517336268575,0.0302696752889378,0.0566868464501926,0.517336268574573
156273.411807,2552366.126422,0,0.0120879120879121,0.746520146520147,0.241391941391941,0,0
156773.411807,2552366.126422,0.0691743119266055,0.0994495412844037,0.250642201834862,0.264954128440367,0.048256880733945,0.267522935779817
157273.411807,2552366.126422,0.00220143093010457,0.0566868464501926,0.212438084755091,0.0818198495688864,0.0339387268391121,0.612915061456613
157773.411807,2552366.126422,0.0141025641025641,0.110805860805861,0.204945054945055,0.0355311355311355,0.0985347985347985,0.536080586080586
158273.411807,2552366.126422,0.00807339449541284,0.0772477064220184,0.445321100917431,0.0988990825688073,0.0755963302752294,0.294862385321101
158773.411807,2552366.126422,0.0535681526325445,0.151348376444689,0.16969363419556,0.0667767382131719,0.0579710144927536,0.500642084021281
159273.411807,2552366.126422,0.0697802197802198,0.141025641025641,0.0992673992673993,0.0573260073260073,0.132234432234432,0.5003663003663
159773.411807,2552366.126422,0.111926605504587,0.144587155963303,0.0697247706422018,0.0387155963302752,0.0895412844036697,0.545504587155963
160273.411807,2552366.126422,0.153918791312559,0.149197355996223,0.010701920050362,0.0462700661000944,0.11614730878187,0.523764557758892
151773.411807,2551866.126422,0,0.195636230289696,0.175100843417675,0.349468280161349,0.109460946094609,0.17033370003667
152273.411807,2551866.126422,0,0.0203296703296703,0.557692307692308,0.312271062271062,0.021978021978022,0.0877289377289377
152773.411807,2551866.126422,0,0.00586080586080586,0.82985347985348,0.149450549450549,0.00970695970695971,0.00512820512820513
153273.411807,2551866.126422,0,0.12999633296663,0.380638063806381,0.208470847084708,0.215438210487715,0.0654565456545655
153773.411807,2551866.126422,0.00128205128205128,0.151831501831502,0.665750915750916,0.124908424908425,0.0133699633699634,0.0428571428571429
154273.411807,2551866.126422,0,0.150732600732601,0.604761904761905,0.0668498168498168,0.0357142857142857,0.141941391941392
154773.411807,2551866.126422,0.00806747341400807,0.195086175284195,0.359369270260359,0.0408874220755409,0.0408874220755409,0.355702236890356
155273.411807,2551866.126422,0.00659340659340659,0.171794871794872,0.506043956043956,0.0413919413919414,0.034981684981685,0.239194139194139
155773.411807,2551866.126422,0.00769230769230769,0.052014652014652,0.65952380952381,0.115201465201465,0.0716117216117216,0.093956043956044
156273.411807,2551866.126422,0.00348368170150348,0.0916758342500917,0.645397873120645,0.0616061606160616,0.0254858819215255,0.172350568390172
156773.411807,2551866.126422,0.0184981684981685,0.141575091575092,0.298534798534799,0.0727106227106227,0.0457875457875458,0.422893772893773
157273.411807,2551866.126422,0,0.474542124542125,0.166117216117216,0.0106227106227106,0.0250915750915751,0.323626373626374
157773.411807,2551866.126422,0.00385038503850385,0.324715804913825,0.238723872387239,0.124312431243124,0.0995599559955996,0.208837550421709
158273.411807,2551866.126422,0.00402930402930403,0.200732600732601,0.566300366300366,0.0338827838827839,0.0818681318681319,0.113186813186813
158773.411807,2551866.126422,0.0507326007326007,0.0880952380952381,0.358424908424908,0.0510989010989011,0.0450549450549451,0.406593406593407
159273.411807,2551866.126422,0.0108177484415108,0.170883755042171,0.213604693802714,0.0304363769710304,0.0916758342500917,0.482581591492483
159773.411807,2551866.126422,0.0117216117216117,0.243406593406593,0.344322344322344,0.132234432234432,0.0853479853479854,0.182967032967033
160273.411807,2551866.126422,0.110273327049953,0.200439836632108,0.0816839459629281,0.0361294376374489,0.0530945648759032,0.518378887841659
152773.411807,2551366.126422,0,0.0122868145974693,0.713918943700715,0.194571795342014,0.0242068586099395,0.0550155877498625
153273.411807,2551366.126422,0,0.122411581455012,0.0637713029136888,0.616455928165659,0.180318856514568,0.017042330951072
153773.411807,2551366.126422,0.00256927876674619,0.115801064415489,0.536795742338044,0.17012295834098,0.0726738851165352,0.102037071022206
154273.411807,2551366.126422,0.0154043645699615,0.132404181184669,0.739592884650651,0.0630845406198423,0.0075187969924812,0.041995231982395
154773.411807,2551366.126422,0.00256551218618288,0.184900128275609,0.607293384643577,0.0454462158695254,0.00549752611324904,0.154297232911856
155273.411807,2551366.126422,0.00238575885483575,0.227014131033217,0.632593136355295,0.0422095797394017,0.0236740686364471,0.0721233253808038
155773.411807,2551366.126422,0,0.0603337612323492,0.750229231615624,0.0218228498074454,0.0150375939849624,0.152576563359619
156273.411807,2551366.126422,0.0439802089059923,0.341396371632765,0.363936228697086,0.0289536375297783,0.0412314458493678,0.18050210738501
156773.411807,2551366.126422,0.0256927876674619,0.335107359148468,0.296568177647275,0.0251422279317306,0.0506514956872821,0.266837951917783
157273.411807,2551366.126422,0.00183385292499542,0.219695580414451,0.108747478452228,0.0986612873647534,0.0964606638547588,0.474601136988814
157773.411807,2551366.126422,0.0247388675096207,0.289902877038666,0.28367234744365,0.0773318673263698,0.0679860729338464,0.256367967747847
158273.411807,2551366.126422,0.0168838318957607,0.186456230501009,0.617911543402459,0.0189025509267756,0.0183519911910442,0.141493852082951
158773.411807,2551366.126422,0.0553823583348615,0.25215477718687,0.271226847606822,0.0843572345497891,0.0229231615624427,0.313955620759215
159273.411807,2551366.126422,0.0423309510720176,0.1434854315558,0.198094190947407,0.0260216236027121,0.0864944108484515,0.503573391973612
159773.411807,2551366.126422,0.0486327766562672,0.173242796843458,0.259497155441365,0.036520462470178,0.102037071022206,0.380069737566526
160273.411807,2551366.126422,0.126769424347279,0.055363321799308,0.0169864737338786,0.031770997168921,0.0434098773199119,0.725699905630702
152773.411807,2550866.126422,0,0.030820033021464,0.125298110438452,0.60777838928637,0.0966795083470923,0.139423958906623
153273.411807,2550866.126422,0,0.0697802197802198,0.667948717948718,0.251831501831502,0.00402930402930403,0.00641025641025641
153773.411807,2550866.126422,0.0205504587155963,0.0977981651376147,0.601100917431193,0.167522935779817,0.0609174311926605,0.0521100917431193
154273.411807,2550866.126422,0.0172445422858191,0.114657860942946,0.616033755274262,0.156485048614933,0.0203632361034673,0.0752155567785727
154773.411807,2550866.126422,0.00421245421245421,0.0990842490842491,0.585714285714286,0.0868131868131868,0.0364468864468864,0.187728937728938
155273.411807,2550866.126422,0.00880733944954129,0.0403669724770642,0.734495412844037,0.0422018348623853,0.0302752293577982,0.143853211009174
155773.411807,2550866.126422,0.0845716382315172,0.167859108420473,0.224729407448175,0.0748486516235553,0.101999633094845,0.345991561181435
156273.411807,2550866.126422,0.118864468864469,0.335347985347985,0.323809523809524,0.0419413919413919,0.0434065934065934,0.136630036630037
156773.411807,2550866.126422,0.138715596330275,0.209174311926606,0.195045871559633,0.0998165137614679,0.0985321100917431,0.258715596330275
157273.411807,2550866.126422,0.0465969546872134,0.119977985690699,0.0515501742799486,0.160337552742616,0.163823151715282,0.457714180884241
157773.411807,2550866.126422,0.0598901098901099,0.360989010989011,0.158608058608059,0.128937728937729,0.0549450549450549,0.236630036630037
158273.411807,2550866.126422,0.00917431192660551,0.206238532110092,0.216146788990826,0.0456880733944954,0.114311926605505,0.408440366972477
158773.411807,2550866.126422,0.0610897083104018,0.290221977618786,0.271509814712897,0.0524674371674922,0.0366905155017428,0.288020546688681
159273.411807,2550866.126422,0.12014652014652,0.22967032967033,0.142490842490842,0.101648351648352,0.131684981684982,0.274358974358974
159773.411807,2550866.126422,0.0869724770642202,0.0772477064220184,0.0915596330275229,0.27651376146789,0.175412844036697,0.292293577981651
160273.411807,2550866.126422,0.125904941768964,0.134088762983947,0.134718287692792,0.224110796348757,0.108278249921309,0.27289896128423
153273.411807,2550366.126422,0,0.0044004400440044,0.651265126512651,0.341767510084342,0.00183351668500183,0.000733406674000733
153773.411807,2550366.126422,0,0,0.865934065934066,0.134065934065934,0,0
154273.411807,2550366.126422,0,0,0.604029304029304,0.395970695970696,0,0
154773.411807,2550366.126422,0,0.0564723138980565,0.51980198019802,0.267143381004767,0.0104510451045105,0.146131279794646
155273.411807,2550366.126422,0.0206959706959707,0.235531135531136,0.102747252747253,0.0247252747252747,0.0293040293040293,0.586996336996337
155773.411807,2550366.126422,0.0128205128205128,0.223076923076923,0.349450549450549,0.121794871794872,0.0580586080586081,0.234798534798535
156273.411807,2550366.126422,0.0551888522185552,0.385405207187385,0.288595526219289,0.0557389072240557,0.0264026402640264,0.188668866886689
156773.411807,2550366.126422,0.0157509157509158,0.219047619047619,0.458791208791209,0.0375457875457875,0.0417582417582418,0.227106227106227
157273.411807,2550366.126422,0.0206959706959707,0.28003663003663,0.111355311355311,0.121794871794872,0.123443223443223,0.342673992673993
157773.411807,2550366.126422,0.0286028602860286,0.176017601760176,0.304730473047305,0.192702603593693,0.0249358269160249,0.273010634396773
158273.411807,2550366.126422,0.00256410256410256,0.336446886446886,0.3,0.0708791208791209,0.0478021978021978,0.242307692307692
158773.411807,2550366.126422,0.00183150183150183,0.283882783882784,0.38021978021978,0.104945054945055,0.0985347985347985,0.130586080586081
159273.411807,2550366.126422,0.052988632196553,0.235790245691236,0.301796846351302,0.0562889622295563,0.0520718738540521,0.301063439677301
159773.411807,2550366.126422,0.0203296703296703,0.105128205128205,0.173809523809524,0.0271062271062271,0.0567765567765568,0.616849816849817
