"x","y","forest","agri","water","built","other","grass"
262273.411807,2773866.126422,0.000549450549450549,0.0595238095238095,0.55952380952381,0.29010989010989,0.0166666666666667,0.0736263736263736
260773.411807,2773366.126422,0,0.0133871263524665,0.783238584265542,0.165413533834586,0.00366770584999083,0.0342930496974143
261273.411807,2773366.126422,0.114715044896463,0.0322521531977277,0.445849367784497,0.116364302730438,0.0194245922668133,0.271394539124061
261773.411807,2773366.126422,0.0757937236190127,0.0405579005322077,0.00587263718113415,0.150853367590384,0.0434942191227748,0.683428151954487
262273.411807,2773366.126422,0.117183201907207,0.0110031175499725,0,0.310654685494223,0.0827067669172932,0.478452228131304
259773.411807,2772866.126422,0,0.073992673992674,0.782051282051282,0.0873626373626374,0.015018315018315,0.0415750915750916
260273.411807,2772866.126422,0.265688073394495,0.0332110091743119,0.156697247706422,0.0913761467889908,0.026605504587156,0.426422018348624
260773.411807,2772866.126422,0.409282700421941,0.0100898917629793,0,0.0398092093193909,0.0146762062006971,0.526141992294992
261273.411807,2772866.126422,0.214652014652015,0.0287545787545788,0.00512820512820513,0.458424908424908,0.0992673992673993,0.193772893772894
261773.411807,2772866.126422,0.0469724770642202,0.0324770642201835,0.00972477064220183,0.609174311926606,0.133211009174312,0.168440366972477
262273.411807,2772866.126422,0.0297193175564117,0.0177949000183453,0.0315538433314988,0.728673637864612,0.101082370207301,0.0911759310218309
259273.411807,2772366.126422,0.0516483516483516,0.0106227106227106,0.571062271062271,0.217032967032967,0.0157509157509158,0.133882783882784
259773.411807,2772366.126422,0.222955628896223,0.0313531353135314,0.118628529519619,0.174184085075174,0.0628896222955629,0.38998899889989
260273.411807,2772366.126422,0.382967032967033,0.0245421245421245,0.00128205128205128,0.158241758241758,0.086996336996337,0.345970695970696
260773.411807,2772366.126422,0.0322344322344322,0.0194139194139194,0.0010989010989011,0.7496336996337,0.132967032967033,0.0646520146520147
261273.411807,2772366.126422,0.0951595159515952,0.0564723138980565,0.00421708837550422,0.543454345434543,0.162082874954162,0.138613861386139
261773.411807,2772366.126422,0.0111721611721612,0.00934065934065934,0.0010989010989011,0.908241758241758,0.0503663003663004,0.0197802197802198
262273.411807,2772366.126422,0.032967032967033,0.0228937728937729,0.00384615384615385,0.849450549450549,0.0824175824175824,0.00842490842490842
258773.411807,2771866.126422,0.199486144246651,0.0115617544503579,0.503395118370343,0.124793540099101,0.00899247568361167,0.151770967149936
259273.411807,2771866.126422,0.0717036493673207,0.0513478818998716,0.00256739409499358,0.349165596919127,0.0957271226847607,0.429488355033926
259773.411807,2771866.126422,0.0434304562946674,0.0758658603628367,0.0172255818215137,0.485248304929448,0.182334616089426,0.195895180502107
260273.411807,2771866.126422,0.172508717195816,0.0423930996513122,0.0550559735731327,0.223527252706919,0.175628555698293,0.330886401174527
260773.411807,2771866.126422,0.0269576379974326,0.0597836053548505,0,0.480652851641298,0.172565560242069,0.26004034476435
261273.411807,2771866.126422,0.0712845886017959,0.0965732087227414,0.000366501740883269,0.52354773685175,0.0648708081363387,0.243357155946491
261773.411807,2771866.126422,0.122407781244265,0.0620297302257295,0.00734079647641769,0.566158928243714,0.131400256927877,0.110662506881997
262273.411807,2771866.126422,0.0265908674124335,0.0397946084724005,0.00330093526499175,0.722538052448194,0.173482486704566,0.0342930496974143
257773.411807,2771366.126422,0,0.0108237020730141,0.611080535681526,0.325995230232985,0.0104567969179967,0.0416437350944781
258273.411807,2771366.126422,0.0441391941391941,0.0335164835164835,0.21007326007326,0.196336996336996,0.0382783882783883,0.477655677655678
258773.411807,2771366.126422,0.0895412844036697,0.0306422018348624,0.00018348623853211,0.26,0.239266055045872,0.380366972477064
259273.411807,2771366.126422,0.0271509814712897,0.075032104201064,0.000733810310034856,0.414419372592185,0.192258301229132,0.290405430196294
259773.411807,2771366.126422,0.235164835164835,0.0673992673992674,0,0.0694139194139194,0.0866300366300366,0.541391941391941
260273.411807,2771366.126422,0.0862385321100917,0.0869724770642202,0.0853211009174312,0.240917431192661,0.187339449541284,0.313211009174312
260773.411807,2771366.126422,0.250779673454412,0.0254999082737112,0.00110071546505228,0.54632177582095,0.106219042377545,0.0700788846083287
261273.411807,2771366.126422,0.217582417582418,0.0238095238095238,0.00384615384615385,0.695970695970696,0.0395604395604396,0.0192307692307692
261773.411807,2771366.126422,0.196697247706422,0.0247706422018349,0.000917431192660551,0.530642201834862,0.135779816513761,0.111192660550459
262273.411807,2771366.126422,0.0533847000550358,0.0631076866629976,0,0.452394056136489,0.118143459915612,0.312970097229866
257273.411807,2770866.126422,0.00805860805860806,0.032967032967033,0.519230769230769,0.29029304029304,0.0254578754578755,0.123992673992674
257773.411807,2770866.126422,0.0941391941391941,0.0261904761904762,0,0.17032967032967,0.115018315018315,0.594322344322344
258273.411807,2770866.126422,0.00825082508250825,0.0694902823615695,0.00366703337000367,0.182251558489182,0.203520352035204,0.532819948661533
258773.411807,2770866.126422,0.108058608058608,0.0454212454212454,0,0.0450549450549451,0.131868131868132,0.66959706959707
259273.411807,2770866.126422,0.114652014652015,0.0743589743589744,0.00805860805860806,0.238461538461538,0.0514652014652015,0.513003663003663
259773.411807,2770866.126422,0.113678034470114,0.127062706270627,0,0.000733406674000733,0.0183351668500183,0.74019068573524
260273.411807,2770866.126422,0.223076923076923,0.12967032967033,0.0128205128205128,0.0756410256410256,0.204578754578755,0.354212454212454
260773.411807,2770866.126422,0.276923076923077,0.0208791208791209,0.0228937728937729,0.268131868131868,0.244688644688645,0.166483516483516
261273.411807,2770866.126422,0.202236890355702,0.0432709937660433,0,0.411257792445911,0.175467546754675,0.167766776677668
261773.411807,2770866.126422,0.156043956043956,0.191941391941392,0.000915750915750916,0.26996336996337,0.0816849816849817,0.299450549450549
262273.411807,2770866.126422,0.080952380952381,0.177106227106227,0,0.0897435897435897,0.124358974358974,0.527838827838828
255273.411807,2770366.126422,0,0.0329851566794942,0.284588601795859,0.682426241524647,0,0
255773.411807,2770366.126422,0.00752431638832813,0.0102771150669848,0.130115617544504,0.435309231051569,0.036520462470178,0.380253257478436
256273.411807,2770366.126422,0.00788556757748029,0.0882083256922795,0,0.208509077571979,0.0412616908123968,0.654135338345865
256773.411807,2770366.126422,0.068719076415613,0.0982224665567161,0.00403151914971596,0.255268462525197,0.0831958951805021,0.490562580172256
257273.411807,2770366.126422,0.0629473297852817,0.071389245733162,0,0.340796476417691,0.198568544687099,0.326298403376766
257773.411807,2770366.126422,0.261874197689345,0.0678525582248304,0,0.0647350082523382,0.0518980377773703,0.553640198056116
258273.411807,2770366.126422,0.104636247022173,0.0568077698369067,0.0053142752428074,0.509437419827744,0.0861279091075683,0.2376763789628
258773.411807,2770366.126422,0.118003303358414,0.0499174160396403,0,0.0726738851165352,0.0750596439713709,0.684345751514039
259273.411807,2770366.126422,0.110031175499725,0.375389693746562,0,0.00605171465248487,0.011186502842472,0.497340913258757
259773.411807,2770366.126422,0.0941909474070002,0.137987905442551,0.401869158878505,0.000366501740883269,0.0117280557082646,0.353857430822796
260273.411807,2770366.126422,0.194531106625069,0.100201871903101,0,0.0313819049366856,0.0524866948063865,0.621398421728758
260773.411807,2770366.126422,0.156977810379608,0.0491472583898771,0.0166880616174583,0.223546671556941,0.136805428204658,0.416834769851458
261273.411807,2770366.126422,0.0751328568810702,0.0879604178119846,0,0.287154113982041,0.0692688290269379,0.480483782297966
261773.411807,2770366.126422,0.102954670581758,0.375114699944944,0,0.00201871903101487,0.022389429253074,0.497522481189209
262273.411807,2770366.126422,0.0687694846873281,0.237667339079406,0,0.0302585732624244,0.0861910874747845,0.577113515496057
254773.411807,2769866.126422,0,0.00568702990277013,0.443037974683544,0.550174279948633,0.00110071546505228,0
255273.411807,2769866.126422,0.286446886446886,0.0234432234432234,0.192490842490843,0.165750915750916,0.0194139194139194,0.312454212454212
255773.411807,2769866.126422,0.379449541284404,0.0288073394495413,0.0110091743119266,0.36256880733945,0.0528440366972477,0.165321100917431
256273.411807,2769866.126422,0.014125848468171,0.0963126031920749,0,0.467804072647221,0.240506329113924,0.181251146578609
256773.411807,2769866.126422,0.00256410256410256,0.0567765567765568,0,0.436996336996337,0.158608058608059,0.345054945054945
257273.411807,2769866.126422,0.0992660550458716,0.08,0,0.158348623853211,0.16,0.502385321100917
257773.411807,2769866.126422,0.197394973399376,0.0471473124197395,0,0.220876903320492,0.119977985690699,0.414602825169694
258273.411807,2769866.126422,0.116666666666667,0.0575091575091575,0.023992673992674,0.38992673992674,0.139010989010989,0.272893772893773
258773.411807,2769866.126422,0.0878899082568807,0.10697247706422,0,0.0548623853211009,0.0618348623853211,0.688440366972477
259273.411807,2769866.126422,0.099431297009723,0.33094844982572,0,0.00421940928270042,0.015410016510732,0.549990827371125
259773.411807,2769866.126422,0.0536630036630037,0.348351648351648,0.0375457875457875,0.0278388278388278,0.0340659340659341,0.498534798534799
260273.411807,2769866.126422,0.0961467889908257,0.129357798165138,0,0.142935779816514,0.165688073394495,0.465871559633028
260773.411807,2769866.126422,0.188772702256467,0.184736745551275,0,0.0730141258484682,0.101449275362319,0.452027150981471
261273.411807,2769866.126422,0.111172161172161,0.118498168498168,0.00659340659340659,0.128937728937729,0.0926739926739927,0.542124542124542
261773.411807,2769866.126422,0.130825688073395,0.291376146788991,0.00073394495412844,0.0379816513761468,0.0954128440366973,0.443669724770642
262273.411807,2769866.126422,0.0867730691616217,0.181984956888644,0,0.0539350577875619,0.106219042377545,0.571087873784627
253273.411807,2769366.126422,0,0,0.937912087912088,0.0620879120879121,0,0
254773.411807,2769366.126422,0.375091575091575,0.0122710622710623,0,0.246520146520147,0.0990842490842491,0.267032967032967
255273.411807,2769366.126422,0.366153281994866,0.00971763843050972,0,0.16043270993766,0.129079574624129,0.334616795012835
255773.411807,2769366.126422,0.0194139194139194,0.0582417582417582,0.000183150183150183,0.619047619047619,0.150732600732601,0.152380952380952
256273.411807,2769366.126422,0.00366300366300366,0.1,0.000732600732600733,0.514835164835165,0.148351648351648,0.232417582417582
256773.411807,2769366.126422,0.0823248991565823,0.110744407774111,0.174917491749175,0.107444077741107,0.111294462779611,0.413274660799413
257273.411807,2769366.126422,0.0945054945054945,0.0983516483516483,0,0.145054945054945,0.200732600732601,0.461355311355311
257773.411807,2769366.126422,0.0562271062271062,0.1996336996337,0,0.0355311355311355,0.0456043956043956,0.663003663003663
258273.411807,2769366.126422,0.107994132746608,0.326182618261826,0,0.174000733406674,0.0848918225155849,0.306930693069307
258773.411807,2769366.126422,0.0860805860805861,0.0521978021978022,0,0.586080586080586,0.152564102564103,0.123076923076923
259273.411807,2769366.126422,0.0604395604395604,0.189194139194139,0.000183150183150183,0.141391941391941,0.0968864468864469,0.511904761904762
259773.411807,2769366.126422,0.0768243491015768,0.210854418775211,0,0.111111111111111,0.11954528786212,0.481664833149982
260273.411807,2769366.126422,0.0648351648351648,0.0613553113553114,0.179120879120879,0.183699633699634,0.0833333333333333,0.427655677655678
260773.411807,2769366.126422,0.257326007326007,0.0304029304029304,0,0.0994505494505494,0.123443223443223,0.489377289377289
261273.411807,2769366.126422,0.110561056105611,0.0575724239090576,0.00311697836450312,0.325632563256326,0.14998166483315,0.353135313531353
261773.411807,2769366.126422,0.11043956043956,0.191575091575092,0.000549450549450549,0.00659340659340659,0.032967032967033,0.657875457875458
262273.411807,2769366.126422,0.156410256410256,0.0968864468864469,0,0.00897435897435897,0.0736263736263736,0.664102564102564
253773.411807,2768866.126422,0,0.00164925783397471,0.364485981308411,0.617555433388309,0.0163093274693055,0
254273.411807,2768866.126422,0.171407597724353,0.0873554780693705,0.0541383740135805,0.226647091209396,0.07469260414755,0.38575885483575
254773.411807,2768866.126422,0.172932330827068,0.0634513112048414,0.0229231615624427,0.437007152026407,0.130570328259674,0.173115716119567
255273.411807,2768866.126422,0.0892431739050761,0.0806303829943192,0,0.22759758108851,0.216052776250687,0.386476085761407
255773.411807,2768866.126422,0.107542668379519,0.0559735731326849,0.000183519911910442,0.375848779592586,0.145531290144981,0.314920168838319
256273.411807,2768866.126422,0.0641848523748395,0.214010636346965,0.00128369704749679,0.243719053731891,0.149825783972125,0.326975976526683
256773.411807,2768866.126422,0.053142752428074,0.122594832325454,0.120579072750596,0.081729888216969,0.149349459409932,0.472603994868976
257273.411807,2768866.126422,0.146815929528354,0.195448706184621,0.00403743806202973,0.0868049183336392,0.129014498073041,0.437878509818315
257773.411807,2768866.126422,0.0579497524298551,0.40399779937649,0,0.0597836053548505,0.0737208875848157,0.404547955253989
258273.411807,2768866.126422,0.083745647791827,0.347260399486898,0,0.0282206340480117,0.0672530694520799,0.473520249221184
258773.411807,2768866.126422,0.0710222059093412,0.108093228115251,0.00495503762158194,0.394934850431272,0.150486327766563,0.270508350155992
259273.411807,2768866.126422,0.0711534934898221,0.197872730607005,0,0.0524481936548689,0.0638180817898405,0.614707500458463
259773.411807,2768866.126422,0.0745831042697453,0.298515667949423,0.108851017042331,0.0161260765988638,0.0355506688656771,0.46637346527396
260273.411807,2768866.126422,0.0759772435309231,0.256560836850798,0.268306111213067,0.0289961460818499,0.0390897412369242,0.331069921086438
260773.411807,2768866.126422,0.0856409315972859,0.088391710984779,0.000550155877498625,0.12818631945718,0.0933431138822666,0.60388776820099
261273.411807,2768866.126422,0.0819131390874107,0.0916254352208173,0,0.3340663368151,0.151181968114349,0.341213120762324
261773.411807,2768866.126422,0.174527436226831,0.0611121306661773,0.0012846393833731,0.0047715177096715,0.0401908607083869,0.718113415305561
262273.411807,2768866.126422,0.184852374839538,0.134971575279663,0,0.0452961672473868,0.0770218228498075,0.557858059783605
253773.411807,2768366.126422,0.174725274725275,0.030952380952381,0.30970695970696,0.311721611721612,0.032051282051282,0.140842490842491
254273.411807,2768366.126422,0.228073394495413,0.0434862385321101,0.0119266055045872,0.528256880733945,0.0755963302752294,0.112660550458716
254773.411807,2768366.126422,0.0908090258668134,0.0862227114290956,0,0.295542102366538,0.213355347642634,0.314070812694918
255273.411807,2768366.126422,0.26996336996337,0.0346153846153846,0,0.0443223443223443,0.0798534798534798,0.571245421245421
255773.411807,2768366.126422,0.0414678899082569,0.0412844036697248,0.00165137614678899,0.185504587155963,0.270642201834862,0.459449541284404
256273.411807,2768366.126422,0.0807191341038342,0.159603742432581,0,0.188405797101449,0.134470739313887,0.436800587048248
256773.411807,2768366.126422,0.0216117216117216,0.285531135531136,0,0.0644688644688645,0.0331501831501832,0.595238095238095
257273.411807,2768366.126422,0.0372477064220183,0.335229357798165,0,0.033394495412844,0.0638532110091743,0.530275229357798
257773.411807,2768366.126422,0.0431113557145478,0.151348376444689,0.410750321042011,0,0.00770500825536599,0.387084938543387
258273.411807,2768366.126422,0.0521978021978022,0.242124542124542,0,0.0534798534798535,0.0688644688644689,0.583333333333333
258773.411807,2768366.126422,0.0889908256880734,0.290642201834862,0,0.0653211009174312,0.112110091743119,0.442935779816514
259273.411807,2768366.126422,0.148046230049532,0.214272610530178,0,0.00403595670519171,0.0526508897450009,0.580994312970097
259773.411807,2768366.126422,0.0545787545787546,0.208608058608059,0,0.0113553113553114,0.0412087912087912,0.684249084249084
260273.411807,2768366.126422,0.0669724770642202,0.320733944954128,0.00403669724770642,0.0240366972477064,0.0697247706422018,0.514495412844037
260773.411807,2768366.126422,0.0476976701522656,0.0708126949183636,0,0.113190240322877,0.164373509447808,0.603925885158687
261273.411807,2768366.126422,0.0928571428571429,0.0538461538461538,0,0.277472527472527,0.0842490842490843,0.491575091575092
261773.411807,2768366.126422,0.137798165137615,0.0937614678899083,0.00036697247706422,0.116146788990826,0.0809174311926606,0.571009174311927
262273.411807,2768366.126422,0.113006787745368,0.0946615299944964,0.000366905155017428,0.141808842414236,0.0779673454412034,0.572188589249679
253273.411807,2767866.126422,0.0611721611721612,0.0272893772893773,0.129487179487179,0.62967032967033,0.0120879120879121,0.14029304029304
253773.411807,2767866.126422,0.0738907224055739,0.0716905023835717,0.101026769343601,0.138063806380638,0.0757242390905757,0.53960396039604
254273.411807,2767866.126422,0.137545787545788,0.065018315018315,0.000183150183150183,0.471428571428571,0.140659340659341,0.185164835164835
254773.411807,2767866.126422,0.257692307692308,0.0333333333333333,0,0.05,0.0652014652014652,0.593772893772894
255273.411807,2767866.126422,0.0960762742940961,0.106710671067107,0,0.0359369270260359,0.0392372570590392,0.722038870553722
255773.411807,2767866.126422,0.0509157509157509,0.305311355311355,0,0.0250915750915751,0.0661172161172161,0.552564102564103
256273.411807,2767866.126422,0.0714285714285714,0.256043956043956,0,0.00952380952380952,0.0258241758241758,0.637179487179487
256773.411807,2767866.126422,0.0355702236890356,0.378254492115878,0,0.0044004400440044,0.0115511551155116,0.57022368903557
257273.411807,2767866.126422,0.0844322344322344,0.0983516483516483,0,0.14029304029304,0.0917582417582418,0.585164835164835
257773.411807,2767866.126422,0.0804029304029304,0.277838827838828,0,0.0333333333333333,0.0424908424908425,0.565934065934066
258273.411807,2767866.126422,0.0423542354235424,0.137147048038137,0.0773744041070774,0.0044004400440044,0.0194352768610194,0.719288595526219
258773.411807,2767866.126422,0.0679487179487179,0.199267399267399,0.265384615384615,0.00732600732600733,0.0258241758241758,0.434249084249084
259273.411807,2767866.126422,0.030952380952381,0.0842490842490843,0.397619047619048,0.0935897435897436,0.10970695970696,0.283882783882784
259773.411807,2767866.126422,0.0573890722405574,0.277961129446278,0,0.0113678034470114,0.0443711037770444,0.608910891089109
260273.411807,2767866.126422,0.0509157509157509,0.0831501831501831,0.271794871794872,0.0564102564102564,0.0763736263736264,0.461355311355311
260773.411807,2767866.126422,0.05,0.303113553113553,0.00457875457875458,0.0245421245421245,0.0673992673992674,0.5503663003663
261273.411807,2767866.126422,0.101943527686102,0.154198753208654,0,0.0201686835350202,0.0410707737440411,0.682618261826183
261773.411807,2767866.126422,0.16978021978022,0.166483516483516,0.000183150183150183,0.137362637362637,0.11043956043956,0.415750915750916
262273.411807,2767866.126422,0.232783882783883,0.0404761904761905,0.00238095238095238,0.112271062271062,0.13040293040293,0.481684981684982
253273.411807,2767366.126422,0.190170548322025,0.106363469649734,0.149642398679626,0.0953603520997616,0.0357601320374106,0.422703099211443
253773.411807,2767366.126422,0.0982224665567161,0.293018141836174,0,0.107934762690123,0.0379329301814184,0.462891698735569
254273.411807,2767366.126422,0.120572582125161,0.120572582125161,0,0.05395485410167,0.031932464672417,0.672967516975592
254773.411807,2767366.126422,0.0698697964423253,0.184852374839538,0.00513478818998716,0.0773885934348065,0.0711534934898221,0.591600953603521
255273.411807,2767366.126422,0.101154480483782,0.171889316474253,0,0.0284038849184534,0.0745831042697453,0.623969213853766
255773.411807,2767366.126422,0.108643787850982,0.170489998164801,0,0.0427601394751331,0.0697375665259681,0.608368507983116
256273.411807,2767366.126422,0.0368604437924078,0.287364753346782,0,0.00843572345497891,0.0359435173299101,0.631395562075922
256773.411807,2767366.126422,0.0329851566794942,0.215503023639362,0.389591350558915,0.0042147700201576,0.0251053692505039,0.332600329851567
257273.411807,2767366.126422,0.084235639566893,0.316204808221692,0.0121123141860892,0.0433106992108644,0.0979996329601762,0.446136905854285
257773.411807,2767366.126422,0.0898587933247754,0.274894553456813,0,0.00366770584999083,0.026407482119934,0.605171465248487
258273.411807,2767366.126422,0.0529595015576324,0.0769653655854865,0.0582737768004398,0.0703683342495877,0.105185999633498,0.636247022173355
258773.411807,2767366.126422,0.0772618829142962,0.300055055973573,0,0.0187190310148651,0.0200036703982382,0.583960359699027
259273.411807,2767366.126422,0.086007702182285,0.18815331010453,0.000550155877498625,0.0304419585549239,0.0750045846323125,0.61984228864845
259773.411807,2767366.126422,0.0414146967198094,0.196628183983874,0.0921751878321422,0.00293201392706615,0.0216236027121129,0.645226314824995
260273.411807,2767366.126422,0.0992842723435493,0.144797210497339,0.0895577170122958,0.0280785465222977,0.0901082767480272,0.548173976876491
260773.411807,2767366.126422,0.0658353200073354,0.193104713002017,0,0.0518980377773703,0.0755547405098111,0.613607188703466
261273.411807,2767366.126422,0.0606560381161811,0.144218435037566,0.0529595015576324,0.0155763239875389,0.0657870624885468,0.660802638812534
261773.411807,2767366.126422,0.0991007524316388,0.115434024591668,0.000550559735731327,0.18663975041292,0.0945127546338778,0.503762158194164
262273.411807,2767366.126422,0.0718870346598203,0.276545021089309,0.000183385292499542,0.112965340179718,0.0779387493123052,0.460480469466349
252773.411807,2766866.126422,0.117798165137615,0.131559633027523,0.354495412844037,0.30256880733945,0.015045871559633,0.0785321100917431
253273.411807,2766866.126422,0.145844799119428,0.436800587048248,0.000183452577508714,0.0864061640066043,0.0409099247844432,0.289855072463768
253773.411807,2766866.126422,0.0978021978021978,0.25018315018315,0,0.0487179487179487,0.039010989010989,0.564285714285714
254273.411807,2766866.126422,0.0405504587155963,0.28954128440367,0.00238532110091743,0.0480733944954128,0.038348623853211,0.581100917431193
254773.411807,2766866.126422,0.090442120711796,0.200513667217024,0.000550357732526142,0.0731975784259769,0.0913593835993396,0.543936892313337
255273.411807,2766866.126422,0.056043956043956,0.399267399267399,0,0.00366300366300366,0.0164835164835165,0.524542124542125
255773.411807,2766866.126422,0.093394495412844,0.270091743119266,0,0.0036697247706422,0.0335779816513761,0.599266055045872
256273.411807,2766866.126422,0.169326729040543,0.200330214639516,0.00110071546505228,0.00165107319757843,0.0168776371308017,0.610713630526509
256773.411807,2766866.126422,0.043956043956044,0.28003663003663,0.256776556776557,0.0139194139194139,0.0221611721611722,0.383150183150183
257273.411807,2766866.126422,0.0561467889908257,0.408990825688073,0,0.00458715596330275,0.0434862385321101,0.486788990825688
257773.411807,2766866.126422,0.0280682443588332,0.228948816730875,0.237020730141258,0.00752155567785727,0.0313703907539901,0.467070262337186
258273.411807,2766866.126422,0.1003663003663,0.125274725274725,0.00183150183150183,0.00476190476190476,0.0379120879120879,0.72985347985348
258773.411807,2766866.126422,0.152293577981651,0.0763302752293578,0,0.0401834862385321,0.109908256880734,0.621284403669725
259273.411807,2766866.126422,0.0473307649972482,0.238488350761328,0,0.00990643918547056,0.064758759860576,0.639515685195377
259773.411807,2766866.126422,0.105494505494505,0.194505494505495,0,0.00714285714285714,0.10970695970696,0.583150183150183
260273.411807,2766866.126422,0.0656880733944954,0.143669724770642,0,0.0275229357798165,0.0620183486238532,0.701100917431193
260773.411807,2766866.126422,0.0392588515868648,0.31663914878004,0.002568336085122,0.0319207484865162,0.0603558980003669,0.54925701706109
261273.411807,2766866.126422,0.0728937728937729,0.16025641025641,0,0.0135531135531136,0.0595238095238095,0.693772893772894
261773.411807,2766866.126422,0.0669724770642202,0.207155963302752,0.225871559633028,0.0170642201834862,0.0614678899082569,0.421467889908257
262273.411807,2766866.126422,0.086589616584113,0.18253531462117,0.0185287103283801,0.0126582278481013,0.0561364887176665,0.643551641900569
252273.411807,2766366.126422,0.0683901723505684,0.0121012101210121,0.168133480014668,0.729189585625229,0.00788412174550788,0.0143014301430143
252773.411807,2766366.126422,0.256410256410256,0.318681318681319,0.00128205128205128,0.108791208791209,0.0245421245421245,0.29029304029304
253273.411807,2766366.126422,0.125274725274725,0.152930402930403,0,0.0155677655677656,0.0761904761904762,0.63003663003663
253773.411807,2766366.126422,0.0352035203520352,0.155115511551155,0.00733406674000733,0.0181518151815182,0.0449211587825449,0.739273927392739
254273.411807,2766366.126422,0.0421245421245421,0.113553113553114,0.272161172161172,0.122161172161172,0.0749084249084249,0.375091575091575
254773.411807,2766366.126422,0.0474358974358974,0.212820512820513,0,0.0730769230769231,0.129487179487179,0.537179487179487
255273.411807,2766366.126422,0.0632563256325633,0.228639530619729,0.127062706270627,0.0265859919325266,0.0353868720205354,0.519068573524019
255773.411807,2766366.126422,0.043956043956044,0.257692307692308,0.224542124542125,0.00256410256410256,0.010989010989011,0.46025641025641
256273.411807,2766366.126422,0.0551282051282051,0.242673992673993,0.191941391941392,0.000915750915750916,0.0128205128205128,0.496520146520147
256773.411807,2766366.126422,0.125045837917125,0.151631829849652,0.00531719838650532,0.0163182984965163,0.0342867620095343,0.667400073340667
257273.411807,2766366.126422,0.126190476190476,0.234249084249084,0,0.0305860805860806,0.0935897435897436,0.515384615384615
257773.411807,2766366.126422,0.056959706959707,0.269413919413919,0.000732600732600733,0.0412087912087912,0.0532967032967033,0.578388278388278
258273.411807,2766366.126422,0.0716905023835717,0.182801613494683,0,0.00971763843050972,0.0401540154015402,0.695636230289696
258773.411807,2766366.126422,0.0538461538461538,0.218498168498168,0,0.0203296703296703,0.0901098901098901,0.617216117216117
259273.411807,2766366.126422,0.0688644688644689,0.164468864468864,0,0.0644688644688645,0.0531135531135531,0.649084249084249
259773.411807,2766366.126422,0.061972863953062,0.23047304730473,0,0.0487715438210488,0.106527319398607,0.552255225522552
260273.411807,2766366.126422,0.0571428571428571,0.192857142857143,0,0.0205128205128205,0.0827838827838828,0.646703296703297
260773.411807,2766366.126422,0.0346153846153846,0.2,0.174725274725275,0.010989010989011,0.0258241758241758,0.553846153846154
261273.411807,2766366.126422,0.0412541254125413,0.178034470113678,0.24972497249725,0.0152181884855152,0.0465713237990466,0.469196919691969
261773.411807,2766366.126422,0.0871794871794872,0.141575091575092,0,0.0421245421245421,0.0981684981684982,0.630952380952381
262273.411807,2766366.126422,0.114652014652015,0.133333333333333,0,0.0175824175824176,0.0970695970695971,0.637362637362637
252273.411807,2765866.126422,0.397051474262869,0.169165417291354,0.126686656671664,0.218140929535232,0.0222388805597201,0.0667166416791604
252773.411807,2765866.126422,0.0973229922441831,0.393294971228421,0,0.0765574180635477,0.0788091068301226,0.354015511633725
253273.411807,2765866.126422,0.0777111444277861,0.314342828585707,0,0.0857071464267866,0.0429785107446277,0.479260369815092
253773.411807,2765866.126422,0.0482258870564718,0.0699650174912544,0.170414792603698,0.10119940029985,0.102448775612194,0.507746126936532
254273.411807,2765866.126422,0.0297723292469352,0.152614460845634,0.417312984738554,0.00600450337753315,0.0165123842882162,0.377783337503127
254773.411807,2765866.126422,0.0747126436781609,0.366566716641679,0,0.00824587706146927,0.0239880059970015,0.526486756621689
255273.411807,2765866.126422,0.111944027986007,0.284607696151924,0.000749625187406297,0.0427286356821589,0.0539730134932534,0.50599700149925
255773.411807,2765866.126422,0.162621966474856,0.0848136102076557,0,0.0107580685514136,0.0330247685764323,0.708781586189642
256273.411807,2765866.126422,0.0729635182408796,0.349825087456272,0,0.0119940029985007,0.024487756121939,0.540729635182409
256773.411807,2765866.126422,0.113193403298351,0.153173413293353,0,0.0177411294352824,0.0469765117441279,0.668915542228886
257273.411807,2765866.126422,0.0517888416312234,0.237678258694021,0,0.0172629472104078,0.039279459594696,0.653990492869652
257773.411807,2765866.126422,0.0427286356821589,0.33808095952024,0.0664667666166917,0.0154922538730635,0.0299850074962519,0.507246376811594
258273.411807,2765866.126422,0.0419790104947526,0.534732633683158,0,0.000749625187406297,0.00824587706146927,0.414292853573213
258773.411807,2765866.126422,0.0637978483862897,0.321491118338754,0.122091568676507,0.00500375281461096,0.0307730798098574,0.456842631973981
259273.411807,2765866.126422,0.0594702648675662,0.448025987006497,0,0.0104947526236882,0.0302348825587206,0.451774112943528
259773.411807,2765866.126422,0.0517241379310345,0.123188405797101,0.243378310844578,0.107446276861569,0.0897051474262869,0.38455772113943
260273.411807,2765866.126422,0.0888166124593445,0.0745559169377033,0,0.0472854640980736,0.0645484113084814,0.724793595196397
260773.411807,2765866.126422,0.106696651674163,0.0877061469265367,0.0449775112443778,0.00674662668665667,0.0302348825587206,0.723638180909545
261273.411807,2765866.126422,0.0482258870564718,0.355822088955522,0.0772113943028486,0.0689655172413793,0.0634682658670665,0.386306846576712
261773.411807,2765866.126422,0.0427820865649237,0.159119339504628,0.134600950713035,0.208406304728546,0.0265198899174381,0.428571428571429
262273.411807,2765866.126422,0.0902048975512244,0.32583708145927,0,0.0329835082458771,0.112443778110945,0.438530734632684
