"x","y","forest","agri","water","built","other","grass"
173773.411807,2613366.126422,0.0538461538461538,0.563736263736264,0,0.000183150183150183,0.00641025641025641,0.375824175824176
174273.411807,2613366.126422,0.0671067106710671,0.548221488815548,0,0.00311697836450312,0.0451045104510451,0.336450311697836
174773.411807,2613366.126422,0.116117216117216,0.212087912087912,0.000183150183150183,0.0965201465201465,0.248901098901099,0.326190476190476
175273.411807,2613366.126422,0.026007326007326,0.602014652014652,0,0,0.00915750915750916,0.362820512820513
175773.411807,2613366.126422,0.0654565456545655,0.475797579757976,0,0.00825082508250825,0.0528052805280528,0.397689768976898
176273.411807,2613366.126422,0.113919413919414,0.13021978021978,0.00457875457875458,0.202930402930403,0.252930402930403,0.295421245421245
176773.411807,2613366.126422,0.00347985347985348,0.38003663003663,0,0,0.000366300366300366,0.616117216117216
177273.411807,2613366.126422,0.0364869820315365,0.132929959662633,0,0.000183351668500183,0.00366703337000367,0.826732673267327
177773.411807,2613366.126422,0.0331501831501832,0.719047619047619,0,0.0032967032967033,0.00457875457875458,0.23992673992674
178273.411807,2613366.126422,0.0774725274725275,0.674908424908425,0,0.0188644688644689,0.00659340659340659,0.222161172161172
178773.411807,2613366.126422,0.0812247891455812,0.612211221122112,0.00055005500550055,0.0482214888155482,0.0493215988265493,0.208470847084708
179273.411807,2613366.126422,0.0776556776556777,0.267948717948718,0.000183150183150183,0.164652014652015,0.26007326007326,0.229487179487179
179773.411807,2613366.126422,0.0177655677655678,0.700549450549451,0.000915750915750916,0.0527472527472527,0.0490842490842491,0.178937728937729
180273.411807,2613366.126422,0.0401540154015402,0.475614228089476,0.00201686835350202,0.111844517785112,0.134580124679135,0.235790245691236
180773.411807,2613366.126422,0.0956043956043956,0.223992673992674,0.0278388278388278,0.247619047619048,0.18992673992674,0.215018315018315
181273.411807,2613366.126422,0.138278388278388,0.39010989010989,0,0.0212454212454212,0.0908424908424908,0.35952380952381
181773.411807,2613366.126422,0.0267693436010268,0.814814814814815,0,0.000183351668500183,0.00201686835350202,0.156215621562156
182273.411807,2613366.126422,0.0798534798534798,0.469413919413919,0,0.0542124542124542,0.095970695970696,0.300549450549451
182773.411807,2613366.126422,0.0291208791208791,0.647435897435897,0.00164835164835165,0.000549450549450549,0.0351648351648352,0.286080586080586
183273.411807,2613366.126422,0.0102676934360103,0.78034470113678,0,0.00165016501650165,0.0287862119545288,0.178951228456179
183773.411807,2613366.126422,0.043956043956044,0.571794871794872,0.00146520146520147,0.065018315018315,0.145054945054945,0.172710622710623
184273.411807,2613366.126422,0.0745421245421245,0.515018315018315,0.00183150183150183,0.0371794871794872,0.113003663003663,0.258424908424908
184773.411807,2613366.126422,0.0694902823615695,0.350751741840851,0.00183351668500183,0.111661166116612,0.219288595526219,0.246974697469747
185273.411807,2613366.126422,0.023992673992674,0.596336996336996,0,0.00714285714285714,0.0263736263736264,0.346153846153846
185773.411807,2613366.126422,0.00732600732600733,0.548901098901099,0,0.0113553113553114,0.0683150183150183,0.364102564102564
173773.411807,2612866.126422,0.133137722354667,0.364936732074088,0,0.0121034293049697,0.0627177700348432,0.427104346231432
174273.411807,2612866.126422,0.0212571009712296,0.605094374198277,0,0.00293201392706615,0.0188748396554884,0.351841671247938
174773.411807,2612866.126422,0.0350523031748945,0.492016883831896,0,0.011194714626537,0.0598274912828042,0.401908607083869
175273.411807,2612866.126422,0.0221896203924445,0.667339079405832,0,0.000550155877498625,0.0205391527599487,0.289381991564277
175773.411807,2612866.126422,0.120395821880154,0.215869525380246,0.000549752611324904,0.0971229613340663,0.283489096573209,0.282572842221001
176273.411807,2612866.126422,0.0873554780693705,0.462286658102404,0.000550559735731327,0.0570746926041475,0.0803817214167737,0.312350890071573
176773.411807,2612866.126422,0.0187052998349532,0.811296534017972,0,0.000366770584999083,0.0141206675224647,0.155510728039611
177273.411807,2612866.126422,0.009529045262965,0.83635697269562,0,0.0192413413963716,0.0130108118013561,0.121861828843687
177773.411807,2612866.126422,0.0434942191227748,0.760322995044962,0,0.00899247568361167,0.0152321526885667,0.171958157460084
178273.411807,2612866.126422,0.00623509994498441,0.671006785255822,0,0.013203741059967,0.0117366587199707,0.297817715019255
178773.411807,2612866.126422,0.00733003481766538,0.718893164742533,0.00403151914971596,0.0122778083195895,0.0203408466190214,0.237126626351475
179273.411807,2612866.126422,0.0440447788585061,0.639383373095981,0,0.025325747843641,0.0420260598274913,0.249220040374381
179773.411807,2612866.126422,0.0878415551072804,0.381624793691546,0.00146708233999633,0.0810562992847974,0.103062534384742,0.344947735191638
180273.411807,2612866.126422,0.111783030969397,0.575224482316291,0.00183250870441635,0.0793476269012278,0.051676745464541,0.180135605644127
180773.411807,2612866.126422,0.0614791704899982,0.499357680308313,0,0.0200036703982382,0.0636814094329235,0.355478069370527
181273.411807,2612866.126422,0.0634513112048414,0.630845406198423,0,0.0583165230148542,0.0471300201723822,0.200256739409499
181773.411807,2612866.126422,0.0863111599780099,0.480483782297966,0,0.0848451530144768,0.136705149349459,0.211654755360088
182273.411807,2612866.126422,0.233804367773903,0.230501009359516,0.00697375665259681,0.161130482657368,0.114332905120206,0.25325747843641
182773.411807,2612866.126422,0.0872913992297818,0.380707867229048,0,0.0676691729323308,0.0940766550522648,0.370254905556574
183273.411807,2612866.126422,0.11544804837823,0.43723657687374,0.000183250870441635,0.0311526479750779,0.0943741982774418,0.321605277625069
183773.411807,2612866.126422,0.0844191594788034,0.366856303908974,0.00642319691686548,0.111029546705818,0.156542484859607,0.274729308129932
184273.411807,2612866.126422,0.0460297084173849,0.670456629378324,0.000916926462497708,0.0236567027324409,0.0414450761048964,0.217494956904456
184773.411807,2612866.126422,0.0454462158695254,0.447498625618472,0,0.051676745464541,0.138537658053876,0.316840754993586
185273.411807,2612866.126422,0.0211047898697009,0.651862727105891,0,0.000183519911910442,0.0159662323362085,0.310882730776289
185773.411807,2612866.126422,0.035209976159912,0.470750045846323,0.00256739409499358,0.0242068586099395,0.0786722904823033,0.388593434806529
173773.411807,2612366.126422,0.0498991010823702,0.590900752155568,0,0.000366905155017428,0.00201797835259585,0.356815263254449
174273.411807,2612366.126422,0.0472527472527473,0.471062271062271,0,0.0111721611721612,0.0258241758241758,0.444688644688645
174773.411807,2612366.126422,0.0489908256880734,0.356330275229358,0,0.0293577981651376,0.141467889908257,0.423853211009174
175273.411807,2612366.126422,0.0155934690882407,0.635663181067694,0,0.0143093010456797,0.0399926618968997,0.294441386901486
175773.411807,2612366.126422,0.0318681318681319,0.736813186813187,0,0.0100732600732601,0.0278388278388278,0.193406593406593
176273.411807,2612366.126422,0.0442201834862385,0.54,0,0.0132110091743119,0.0311926605504587,0.371376146788991
176773.411807,2612366.126422,0.0284351495138507,0.698220509998165,0,0.00311869381764814,0.0209135938359934,0.249312052834342
177273.411807,2612366.126422,0.0844322344322344,0.349267399267399,0,0.0833333333333333,0.205677655677656,0.277289377289377
177773.411807,2612366.126422,0.118899082568807,0.206422018348624,0.00495412844036697,0.164036697247706,0.257614678899083,0.248073394495413
178273.411807,2612366.126422,0.0543019629425793,0.483214089157953,0,0.0530177949000183,0.131352045496239,0.27811410750321
178773.411807,2612366.126422,0.05,0.630769230769231,0,0.0351648351648352,0.0761904761904762,0.207875457875458
179273.411807,2612366.126422,0.0445871559633028,0.542018348623853,0.000917431192660551,0.043302752293578,0.0528440366972477,0.316330275229358
179773.411807,2612366.126422,0.153549807374794,0.200513667217024,0.011557512383049,0.0500825536598789,0.0399926618968997,0.544303797468354
180273.411807,2612366.126422,0.0333333333333333,0.53992673992674,0.00402930402930403,0.0804029304029304,0.0846153846153846,0.257692307692308
180773.411807,2612366.126422,0.0128440366972477,0.69743119266055,0,0.0018348623853211,0.0190825688073394,0.268807339449541
181273.411807,2612366.126422,0.108970831040176,0.49220326545588,0.00421940928270042,0.00752155567785727,0.0539350577875619,0.333149880755825
181773.411807,2612366.126422,0.0604395604395604,0.214285714285714,0.0159340659340659,0.363003663003663,0.195054945054945,0.151282051282051
182273.411807,2612366.126422,0.108440366972477,0.561284403669725,0.0018348623853211,0.0172477064220183,0.0737614678899083,0.23743119266055
182773.411807,2612366.126422,0.0247660979636764,0.601174096496056,0.000183452577508714,0.0291689598238855,0.0253164556962025,0.319390937442671
183273.411807,2612366.126422,0.0362637362637363,0.623809523809524,0,0.015018315018315,0.0331501831501832,0.291758241758242
183773.411807,2612366.126422,0.0155963302752294,0.602018348623853,0,0.0110091743119266,0.0576146788990826,0.313761467889908
184273.411807,2612366.126422,0.00440286186020914,0.699321225463218,0,0.00220143093010457,0.0209135938359934,0.273160887910475
184773.411807,2612366.126422,0.00311355311355311,0.604029304029304,0,0.00274725274725275,0.0424908424908425,0.347619047619048
185273.411807,2612366.126422,0.00605504587155963,0.673577981651376,0,0.00275229357798165,0.0229357798165138,0.294678899082569
185773.411807,2612366.126422,0.0392588515868648,0.401577692166575,0.0328380113740598,0.000550357732526142,0.0199963309484498,0.505778756191524
173773.411807,2611866.126422,0.015018315018315,0.768498168498169,0,0,0.0043956043956044,0.212087912087912
174273.411807,2611866.126422,0.0667400073340667,0.559039237257059,0,0.000916758342500917,0.0295196186285295,0.343784378437844
174773.411807,2611866.126422,0.0902930402930403,0.398717948717949,0,0.0291208791208791,0.148168498168498,0.333699633699634
175273.411807,2611866.126422,0.0924908424908425,0.327838827838828,0.000183150183150183,0.0646520146520147,0.165018315018315,0.34981684981685
175773.411807,2611866.126422,0.0388705537220389,0.687385405207187,0,0.0216354968830216,0.015034836817015,0.237073707370737
176273.411807,2611866.126422,0.0283882783882784,0.614102564102564,0.000183150183150183,0.0223443223443223,0.028021978021978,0.306959706959707
176773.411807,2611866.126422,0.0135531135531136,0.587179487179487,0,0.00824175824175824,0.0236263736263736,0.367399267399267
177273.411807,2611866.126422,0.121378804547121,0.542354235423542,0,0.0141180784745141,0.0243857719105244,0.297763109644298
177773.411807,2611866.126422,0.015018315018315,0.757142857142857,0.00183150183150183,0.0010989010989011,0.0106227106227106,0.214285714285714
178273.411807,2611866.126422,0.0302197802197802,0.617948717948718,0.000183150183150183,0.0234432234432234,0.0860805860805861,0.242124542124542
178773.411807,2611866.126422,0.0102676934360103,0.78052805280528,0,0.00348368170150348,0.041987532086542,0.163733039970664
179273.411807,2611866.126422,0.0578754578754579,0.66025641025641,0,0.0197802197802198,0.0338827838827839,0.228205128205128
179773.411807,2611866.126422,0.122161172161172,0.705494505494506,0,0.0131868131868132,0.0421245421245421,0.117032967032967
180273.411807,2611866.126422,0.00165016501650165,0.833333333333333,0,0.0011001100110011,0.0271360469380271,0.136780344701137
180773.411807,2611866.126422,0.0164835164835165,0.693956043956044,0,0.000183150183150183,0.00879120879120879,0.280586080586081
181273.411807,2611866.126422,0.116117216117216,0.238278388278388,0.00183150183150183,0.144139194139194,0.215934065934066,0.283699633699634
181773.411807,2611866.126422,0.0830583058305831,0.337367070040337,0.000366703337000367,0.294829482948295,0.143931059772644,0.14044737807114
182273.411807,2611866.126422,0.257326007326007,0.483882783882784,0,0.00897435897435897,0.0382783882783883,0.211538461538462
182773.411807,2611866.126422,0.0368131868131868,0.655311355311355,0.00146520146520147,0,0.00457875457875458,0.301831501831502
183273.411807,2611866.126422,0.0742574257425743,0.631646497983132,0,0.0291529152915292,0.0223689035570224,0.242574257425743
183773.411807,2611866.126422,0.1003663003663,0.483150183150183,0,0.00476190476190476,0.0344322344322344,0.377289377289377
184273.411807,2611866.126422,0.0406593406593407,0.531868131868132,0.0282051282051282,0.0126373626373626,0.0463369963369963,0.34029304029304
184773.411807,2611866.126422,0.022002200220022,0.760909424275761,0,0.000733406674000733,0.0165016501650165,0.1998533186652
185273.411807,2611866.126422,0.0336996336996337,0.434249084249084,0.0216117216117216,0.00128205128205128,0.0250915750915751,0.484065934065934
185773.411807,2611866.126422,0.0261904761904762,0.598717948717949,0.00659340659340659,0.00604395604395604,0.0778388278388278,0.284615384615385
173773.411807,2611366.126422,0.026407482119934,0.665505226480836,0.000183385292499542,0.0143040528149642,0.0370438290849074,0.256556024206859
174273.411807,2611366.126422,0.059190031152648,0.630932746930548,0,0.0102620487447315,0.0480117280557083,0.251603445116364
174773.411807,2611366.126422,0.0148651128647458,0.727289410901083,0,0.00458799779776106,0.00880895577170123,0.244448522664709
175273.411807,2611366.126422,0.0540986612873648,0.609389326975976,0,0.00421786172748946,0.0258573262424354,0.306436823766734
175773.411807,2611366.126422,0.0469122228330585,0.56056441268096,0,0.00659703133589885,0.0659703133589885,0.319956019791094
176273.411807,2611366.126422,0.0820334006239677,0.569829326481923,0,0.0291796659937603,0.0644154890805652,0.254542117819783
176773.411807,2611366.126422,0.0614340729873464,0.4801026957638,0,0.00275077938749312,0.0201723821749496,0.435540069686411
177273.411807,2611366.126422,0.0192413413963716,0.510720175920836,0,0.0186915887850467,0.0300531427524281,0.421293751145318
177773.411807,2611366.126422,0.0541383740135805,0.583593319875206,0,0.00238575885483575,0.0383556615892824,0.321526885667095
178273.411807,2611366.126422,0.0249403997799376,0.778103796075555,0,0.00513478818998716,0.0141206675224647,0.177700348432056
178773.411807,2611366.126422,0.0410481949789262,0.587868792376764,0.000183250870441635,0.03811618105186,0.0866776617188932,0.246105919003115
179273.411807,2611366.126422,0.0383556615892824,0.459717379335658,0,0.0956138741053404,0.123141860891907,0.283171224077812
179773.411807,2611366.126422,0.104346231432239,0.473317439941317,0,0.0183385292499542,0.111131487254722,0.292866312121768
180273.411807,2611366.126422,0.0472787245739417,0.605460875939161,0,0.009529045262965,0.0518599963349826,0.28587135788895
180773.411807,2611366.126422,0.039823820884566,0.846210313819049,0,0.000550559735731327,0.00660671682877592,0.106808588731877
181273.411807,2611366.126422,0.015587749862461,0.7601320374106,0,0.0196222262974509,0.0179717586649551,0.186686227764533
181773.411807,2611366.126422,0.0458127176104087,0.795492028587136,0,0.00989554700384827,0.0328019058090526,0.115997800989555
182273.411807,2611366.126422,0.12038906221325,0.546889337493118,0,0.00201871903101487,0.0192695907505964,0.311433290512021
182773.411807,2611366.126422,0.0205391527599487,0.681643132220796,0,0.00146708233999633,0.0282413350449294,0.26810929763433
183273.411807,2611366.126422,0.0604727872457394,0.652556349642661,0,0.00513102437236577,0.0263881253435954,0.255451713395639
183773.411807,2611366.126422,0.0137639933932832,0.599008992475684,0.000917599559552211,0.039823820884566,0.0935951550743256,0.252890438612589
184273.411807,2611366.126422,0.0634513112048414,0.499174766183752,0.00128369704749679,0.0295250320924262,0.0469466348798826,0.359618558591601
184773.411807,2611366.126422,0.00751328568810702,0.75444383360821,0,0.00256551218618288,0.0267546270844787,0.208722741433022
185273.411807,2611366.126422,0.0124793540099101,0.403193246467242,0.0372545421178198,0.0152321526885667,0.0445953385942375,0.487245366122224
185773.411807,2611366.126422,0.103429304969741,0.0568494406748579,0.00550155877498625,0.338896020539153,0.319640564826701,0.175683110214561
173773.411807,2610866.126422,0.0702623371858375,0.254448725004586,0.00220143093010457,0.193175564116676,0.296642817831591,0.183269124931205
174273.411807,2610866.126422,0.0445054945054945,0.415201465201465,0.00183150183150183,0.134798534798535,0.216117216117216,0.187545787545788
174773.411807,2610866.126422,0.0321100917431193,0.70348623853211,0,0.018348623853211,0.0277064220183486,0.218348623853211
175273.411807,2610866.126422,0.0500825536598789,0.69326729040543,0,0.0247660979636764,0.0594386351128233,0.172445422858191
175773.411807,2610866.126422,0.0659340659340659,0.574542124542124,0.000366300366300366,0.0446886446886447,0.0899267399267399,0.224542124542125
176273.411807,2610866.126422,0.145688073394495,0.16954128440367,0.00073394495412844,0.203853211009174,0.305504587155963,0.174678899082569
176773.411807,2610866.126422,0.121445606310769,0.445973215923684,0,0.024399192808659,0.0598055402678408,0.348376444689048
177273.411807,2610866.126422,0.0153846153846154,0.787362637362637,0,0.0184981684981685,0.0276556776556777,0.151098901098901
177773.411807,2610866.126422,0.00623853211009174,0.740183486238532,0,0.00018348623853211,0.0018348623853211,0.251559633027523
178273.411807,2610866.126422,0.0245826453861677,0.722069345074298,0,0.00366905155017428,0.020546688680976,0.229132269308384
178773.411807,2610866.126422,0.0703296703296703,0.310989010989011,0.000732600732600733,0.168131868131868,0.186996336996337,0.262820512820513
179273.411807,2610866.126422,0.0473394495412844,0.588440366972477,0,0.0559633027522936,0.0987155963302752,0.20954128440367
179773.411807,2610866.126422,0.029535864978903,0.595120161438268,0.001284168042561,0.0190790680609063,0.0717299578059072,0.283250779673454
180273.411807,2610866.126422,0.0538461538461538,0.685347985347985,0,0.00164835164835165,0.0166666666666667,0.242490842490842
180773.411807,2610866.126422,0.108807339449541,0.631192660550459,0,0.0143119266055046,0.0544954128440367,0.191192660550459
181273.411807,2610866.126422,0.0163272793982755,0.785910842047331,0,0.00990643918547056,0.0363236103467254,0.151531829022198
181773.411807,2610866.126422,0.0635531135531135,0.752747252747253,0,0.00622710622710623,0.0208791208791209,0.156593406593407
182273.411807,2610866.126422,0.0684403669724771,0.574311926605505,0,0.00715596330275229,0.0220183486238532,0.328073394495413
182773.411807,2610866.126422,0.0442120711796001,0.708860759493671,0.00238488350761328,0.0172445422858191,0.0216474041460283,0.205650339387268
183273.411807,2610866.126422,0.0377289377289377,0.723626373626374,0,0.00164835164835165,0.0214285714285714,0.215567765567766
183773.411807,2610866.126422,0.0442201834862385,0.53302752293578,0.00036697247706422,0.0513761467889908,0.121651376146789,0.249357798165138
184273.411807,2610866.126422,0.0460465969546872,0.434599156118143,0.00110071546505228,0.0884241423592002,0.16694184553293,0.262887543569987
184773.411807,2610866.126422,0.036996336996337,0.413003663003663,0.0326007326007326,0.00476190476190476,0.0397435897435897,0.472893772893773
185273.411807,2610866.126422,0.0177981651376147,0.520366972477064,0.0455045871559633,0.00770642201834862,0.0607339449541284,0.347889908256881
185773.411807,2610866.126422,0.0603558980003669,0.503760777838929,0.00110071546505228,0.0392588515868648,0.102366538249862,0.293157218858925
173773.411807,2610366.126422,0.0655677655677656,0.474725274725275,0.000366300366300366,0.0717948717948718,0.16996336996337,0.217582417582418
174273.411807,2610366.126422,0.0210854418775211,0.792445911257792,0,0.0229189585625229,0.035020168683535,0.128529519618629
174773.411807,2610366.126422,0.0307692307692308,0.872893772893773,0,0.00238095238095238,0.00824175824175824,0.0857142857142857
175273.411807,2610366.126422,0.0331501831501832,0.820695970695971,0,0,0.0032967032967033,0.142857142857143
175773.411807,2610366.126422,0.0447378071140447,0.664283094976164,0,0.00238357169050238,0.0113678034470114,0.277227722772277
176273.411807,2610366.126422,0.0249084249084249,0.780952380952381,0,0.00421245421245421,0.00860805860805861,0.181318681318681
176773.411807,2610366.126422,0.0816849816849817,0.432967032967033,0,0.102930402930403,0.164652014652015,0.217765567765568
177273.411807,2610366.126422,0.0262192885955262,0.701503483681701,0,0.00696736340300697,0.0122845617895123,0.253025302530253
177773.411807,2610366.126422,0.0946886446886447,0.51978021978022,0,0.0102564102564103,0.0305860805860806,0.344688644688645
178273.411807,2610366.126422,0.0379120879120879,0.732234432234432,0,0.000549450549450549,0.0142857142857143,0.215018315018315
178773.411807,2610366.126422,0.0667400073340667,0.524385771910524,0.000183351668500183,0.0863586358635864,0.0892922625595893,0.233039970663733
179273.411807,2610366.126422,0.163736263736264,0.27985347985348,0,0.0487179487179487,0.122527472527473,0.385164835164835
179773.411807,2610366.126422,0.0120879120879121,0.497619047619048,0.00146520146520147,0.0252747252747253,0.0703296703296703,0.393223443223443
180273.411807,2610366.126422,0.0616061606160616,0.499083241657499,0.000916758342500917,0.0766409974330766,0.0986431976530986,0.263109644297763
180773.411807,2610366.126422,0.041025641025641,0.511904761904762,0.00128205128205128,0.186446886446886,0.132417582417582,0.126923076923077
181273.411807,2610366.126422,0.0505494505494506,0.616849816849817,0.000366300366300366,0.0208791208791209,0.0657509157509158,0.245604395604396
181773.411807,2610366.126422,0.0911257792445911,0.18023469013568,0.0238357169050238,0.033003300330033,0.0883755042170884,0.583425009167583
182273.411807,2610366.126422,0.0443223443223443,0.530952380952381,0,0.00714285714285714,0.0683150183150183,0.349267399267399
182773.411807,2610366.126422,0.0287545787545788,0.683516483516484,0,0.00201465201465201,0.0937728937728938,0.191941391941392
183273.411807,2610366.126422,0.00898423175650898,0.555738907224056,0,0.000366703337000367,0.05995599559956,0.374954162082875
183773.411807,2610366.126422,0.0375457875457875,0.305677655677656,0.0283882783882784,0.0192307692307692,0.146336996336996,0.462820512820513
184273.411807,2610366.126422,0.0804029304029304,0.305860805860806,0.0743589743589744,0.0501831501831502,0.067032967032967,0.422161172161172
184773.411807,2610366.126422,0.0418041804180418,0.432343234323432,0.0392372570590392,0.0124679134580125,0.0724239090575724,0.401723505683902
185273.411807,2610366.126422,0.0324175824175824,0.678021978021978,0,0.000549450549450549,0.0117216117216117,0.277289377289377
185773.411807,2610366.126422,0.0377289377289377,0.626556776556777,0,0.0100732600732601,0.0507326007326007,0.274908424908425
173773.411807,2609866.126422,0.0805061434072987,0.544837704016138,0,0.0284247203374289,0.100678525582248,0.245552906656886
174273.411807,2609866.126422,0.0238226131574125,0.81051859996335,0,0,0.0111783030969397,0.154480483782298
174773.411807,2609866.126422,0.0326665443200587,0.787300422095797,0,0.00293631859056708,0.011194714626537,0.16590200036704
175273.411807,2609866.126422,0.024390243902439,0.629011553273428,0,0.00165046763249587,0.0240234733174399,0.320924261874198
175773.411807,2609866.126422,0.0756826094923951,0.609675645959318,0,0.00439802089059923,0.0126443100604728,0.297599413597215
176273.411807,2609866.126422,0.0407414204441182,0.685446870985502,0.00201871903101487,0.0405579005322077,0.0300972655533125,0.201137823453845
176773.411807,2609866.126422,0.0656519347148359,0.645699614890886,0.000183385292499542,0.00513478818998716,0.015587749862461,0.267742527049331
177273.411807,2609866.126422,0.0328019058090526,0.523914238592633,0,0.0315191497159611,0.0533260032985157,0.358438702583837
177773.411807,2609866.126422,0.0783630023857589,0.203890622132501,0,0.231602128830978,0.241695723986052,0.244448522664709
178273.411807,2609866.126422,0.0460297084173849,0.578397212543554,0,0.0623509994498441,0.0300751879699248,0.283146891619292
178773.411807,2609866.126422,0.0819131390874107,0.441634597764339,0.000733003481766538,0.174638079530878,0.0635880520432472,0.237493128092358
179273.411807,2609866.126422,0.277298586896678,0.131400256927877,0.000734079647641769,0.105707469260415,0.132317856487429,0.35254175077996
179773.411807,2609866.126422,0.01998899688245,0.44801026957638,0.00146708233999633,0.0449293966623877,0.0537318907023657,0.43187236383642
180273.411807,2609866.126422,0.0159428257284222,0.751511819681143,0,0.00641378046545721,0.0212571009712296,0.204874473153747
180773.411807,2609866.126422,0.0376215819416407,0.562121490181685,0.00311983850247752,0.0917599559552211,0.132134336575518,0.173242796843458
181273.411807,2609866.126422,0.0830735375022923,0.286081056299285,0.0297084173849257,0.0192554557124519,0.0502475701448744,0.531633962956171
181773.411807,2609866.126422,0.0874106652006597,0.354407183434121,0,0,0.0133773135422393,0.54480483782298
182273.411807,2609866.126422,0.0332171040557901,0.317305927693155,0.019086070838686,0.0203707102220591,0.00367039823820885,0.606349788952101
182773.411807,2609866.126422,0.0379607555474051,0.449660737208876,0.0529983495323675,0.0282413350449294,0.0498807995598753,0.381258023106547
183273.411807,2609866.126422,0.0351841671247938,0.376030786146234,0.0371999266996518,0.0164925783397471,0.0602895363752978,0.474803005314275
183773.411807,2609866.126422,0.0367039823820885,0.374380620297302,0.0139475133051936,0.0846026793907139,0.14094329234722,0.349421912277482
184273.411807,2609866.126422,0.0720704199523198,0.135705116449661,0.00550155877498625,0.344764349899138,0.245552906656886,0.196405648267009
184773.411807,2609866.126422,0.0240058640278541,0.429906542056075,0,0.0126443100604728,0.099321971779366,0.434121312076232
185273.411807,2609866.126422,0.00385391815011929,0.512204074142044,0,0.0100935951550743,0.0649660488162966,0.408882363736465
185773.411807,2609866.126422,0.0194388410049514,0.479552539886301,0,0.00275077938749312,0.0573995965523565,0.440858243168898
173773.411807,2609366.126422,0.0555861309851403,0.68042560997982,0,0,0.00238488350761328,0.261603375527426
174273.411807,2609366.126422,0.0217948717948718,0.822161172161172,0,0.00952380952380952,0.0161172161172161,0.13040293040293
174773.411807,2609366.126422,0.0508256880733945,0.698532110091743,0,0.0392660550458716,0.0146788990825688,0.196697247706422
175273.411807,2609366.126422,0.0752155567785727,0.595487066593286,0,0.0568702990277013,0.0288020546688681,0.243625022931572
175773.411807,2609366.126422,0.0774725274725275,0.676739926739927,0.000183150183150183,0.0043956043956044,0.0186813186813187,0.222527472527473
176273.411807,2609366.126422,0.0673394495412844,0.584220183486238,0,0.0335779816513761,0.0803669724770642,0.234495412844037
176773.411807,2609366.126422,0.0341221794166208,0.744083654375344,0,0,0.0119244175380664,0.209869748669969
177273.411807,2609366.126422,0.0353479853479853,0.545421245421245,0,0.114652014652015,0.0626373626373626,0.241941391941392
177773.411807,2609366.126422,0.0622018348623853,0.254862385321101,0,0.208073394495413,0.124403669724771,0.35045871559633
178273.411807,2609366.126422,0.0587048248027885,0.307099614749587,0,0.0653091175931022,0.0715465052283985,0.497339937626124
178773.411807,2609366.126422,0.126923076923077,0.195970695970696,0.00659340659340659,0.29029304029304,0.184249084249084,0.195970695970696
179273.411807,2609366.126422,0.0814678899082569,0.470825688073394,0.00165137614678899,0.111376146788991,0.0678899082568807,0.266788990825688
179773.411807,2609366.126422,0.0541185103650706,0.6547422491286,0,0.00843881856540084,0.0410933773619519,0.241607044578976
180273.411807,2609366.126422,0.126923076923077,0.281501831501832,0,0.0937728937728938,0.156227106227106,0.341575091575092
180773.411807,2609366.126422,0.056697247706422,0.293761467889908,0.00330275229357798,0.240183486238532,0.197614678899083,0.208440366972477
181273.411807,2609366.126422,0.0258668134287287,0.524124013942396,0.0264171711612548,0.0168776371308017,0.0209135938359934,0.385800770500826
181773.411807,2609366.126422,0.0234432234432234,0.697802197802198,0,0.0141025641025641,0.0448717948717949,0.21978021978022
182273.411807,2609366.126422,0.0185321100917431,0.579266055045872,0,0.00770642201834862,0.0444036697247706,0.350091743119266
182773.411807,2609366.126422,0.0240322876536415,0.464501926252064,0,0.00495321959273528,0.0436617134470739,0.462850853054485
183273.411807,2609366.126422,0.0141025641025641,0.601282051282051,0,0.00238095238095238,0.0355311355311355,0.346703296703297
183773.411807,2609366.126422,0.00660550458715596,0.565871559633027,0,0.0214678899082569,0.0612844036697248,0.344770642201835
184273.411807,2609366.126422,0.019262520638415,0.504494588148964,0,0.0236653824986241,0.0667767382131719,0.385800770500826
184773.411807,2609366.126422,0.0173992673992674,0.499084249084249,0,0.0173992673992674,0.0692307692307692,0.396886446886447
185273.411807,2609366.126422,0.0647706422018349,0.161284403669725,0.000917431192660551,0.138348623853211,0.266238532110092,0.368440366972477
185773.411807,2609366.126422,0.0443955237571088,0.329113924050633,0.000550357732526142,0.0612731608879105,0.164740414602825,0.399926618968997
173773.411807,2608866.126422,0.0159340659340659,0.773992673992674,0,0,0.00421245421245421,0.205860805860806
174273.411807,2608866.126422,0.0452878621195453,0.707554088742208,0,0.0249358269160249,0.0165016501650165,0.205720572057206
174773.411807,2608866.126422,0.0591575091575092,0.690659340659341,0,0.00183150183150183,0.00457875457875458,0.243772893772894
175273.411807,2608866.126422,0.0446886446886447,0.717032967032967,0.00128205128205128,0.0331501831501832,0.0289377289377289,0.174908424908425
175773.411807,2608866.126422,0.0672900623395673,0.514851485148515,0.00128346167950128,0.0883755042170884,0.0843417675100843,0.243857719105244
176273.411807,2608866.126422,0.0891941391941392,0.531501831501832,0,0.0201465201465201,0.0619047619047619,0.297252747252747
176773.411807,2608866.126422,0.0498168498168498,0.560989010989011,0,0.0443223443223443,0.0571428571428571,0.287728937728938
177273.411807,2608866.126422,0.118628529519619,0.502566923359003,0,0.0143014301430143,0.0482214888155482,0.316281628162816
177773.411807,2608866.126422,0.183882783882784,0.195970695970696,0,0.235164835164835,0.138644688644689,0.246336996336996
178273.411807,2608866.126422,0.118315018315018,0.202564102564103,0.0115384615384615,0.272893772893773,0.0893772893772894,0.305311355311355
178773.411807,2608866.126422,0.106710671067107,0.135130179684635,0,0.433626696002934,0.154015401540154,0.170517051705171
179273.411807,2608866.126422,0.205677655677656,0.249450549450549,0.000183150183150183,0.144688644688645,0.114652014652015,0.285347985347985
179773.411807,2608866.126422,0.0985347985347985,0.521062271062271,0,0.00274725274725275,0.00989010989010989,0.367765567765568
180273.411807,2608866.126422,0.0484048404840484,0.63036303630363,0,0.00146681334800147,0.0148514851485149,0.304913824715805
180773.411807,2608866.126422,0.0206959706959707,0.66025641025641,0,0.0113553113553114,0.0450549450549451,0.262637362637363
181273.411807,2608866.126422,0.0285714285714286,0.737912087912088,0.0247252747252747,0.0102564102564103,0.0598901098901099,0.138644688644689
181773.411807,2608866.126422,0.024019068573524,0.549138247158049,0,0.0216354968830216,0.0958929226255959,0.309314264759809
182273.411807,2608866.126422,0,0.561355311355311,0,0.00366300366300366,0.0728937728937729,0.362087912087912
182773.411807,2608866.126422,0.0664835164835165,0.341575091575092,0,0.0804029304029304,0.126739926739927,0.384798534798535
183273.411807,2608866.126422,0.00531719838650532,0.503116978364503,0,0.00183351668500183,0.0375870920425376,0.452145214521452
183773.411807,2608866.126422,0.00695970695970696,0.646703296703297,0.000732600732600733,0.00879120879120879,0.0296703296703297,0.307142857142857
184273.411807,2608866.126422,0,0.501648351648352,0,0.0216117216117216,0.0708791208791209,0.405860805860806
184773.411807,2608866.126422,0.0214521452145215,0.605060506050605,0.00458379171250458,0.0205353868720205,0.0804913824715805,0.267876787678768
185273.411807,2608866.126422,0.0144688644688645,0.789194139194139,0,0.000366300366300366,0.0164835164835165,0.179487179487179
185773.411807,2608866.126422,0.0267399267399267,0.558241758241758,0.00164835164835165,0.0141025641025641,0.058974358974359,0.34029304029304
173773.411807,2608366.126422,0.0286081056299285,0.714469099578214,0,0.0022006235099945,0.0075187969924812,0.247203374289382
174273.411807,2608366.126422,0.0131940626717977,0.805937328202309,0,0.000549752611324904,0.00623052959501558,0.174088326919553
174773.411807,2608366.126422,0.0337676637915214,0.805468893374931,0,0.00256927876674619,0.00495503762158194,0.153239126445219
175273.411807,2608366.126422,0.0429121584448927,0.770768384375573,0,0.00513478818998716,0.00513478818998716,0.17604988079956
175773.411807,2608366.126422,0.0747663551401869,0.384643577056991,0.000183250870441635,0.0536925050393989,0.124793842770753,0.361920469122228
176273.411807,2608366.126422,0.126995779042026,0.183703431822353,0,0.103505230317489,0.179115434024592,0.40668012479354
176773.411807,2608366.126422,0.0421786172748946,0.403631028791491,0,0.00880249403997799,0.0612506876948469,0.48413717219879
177273.411807,2608366.126422,0.1434854315558,0.349092908191314,0.000549752611324904,0.122778083195895,0.0879604178119846,0.296133406633681
177773.411807,2608366.126422,0.10790970820334,0.0308313452009543,0.00422095797394017,0.681592952835383,0.126628739218205,0.0488162965681776
178273.411807,2608366.126422,0.0473134054648817,0.0366770584999083,0.00275077938749312,0.774436090225564,0.0957271226847607,0.0430955437373923
178773.411807,2608366.126422,0.212571009712296,0.0346344145134689,0.00128275609309144,0.408832691955287,0.193512919186366,0.149166208539491
179273.411807,2608366.126422,0.199486144246651,0.0587263718113415,0.0475316571848046,0.288676821435126,0.189943108827308,0.21563589649477
179773.411807,2608366.126422,0.115349348982212,0.336695397029158,0.0722538052448194,0.0276911791674308,0.0680359435173299,0.37997432605905
180273.411807,2608366.126422,0.0507604911123328,0.413597214586769,0,0.085761407366685,0.107751511819681,0.342129375114532
180773.411807,2608366.126422,0.0583593319875206,0.44797210497339,0.000917599559552211,0.125344099834832,0.103321710405579,0.264085153239126
181273.411807,2608366.126422,0.0282413350449294,0.586282780121034,0.0379607555474051,0.0163212910324592,0.0201723821749496,0.311021456079222
181773.411807,2608366.126422,0.0295033901411032,0.531610775151182,0.00146600696353308,0.0337181601612608,0.087777166941543,0.315924500641378
182273.411807,2608366.126422,0.00220223894292531,0.551293815378969,0.00440447788585061,0.058909891723252,0.0576252523398789,0.325564323729125
182773.411807,2608366.126422,0.0218228498074454,0.337795708784155,0.00916926462497708,0.102512378507244,0.0827067669172932,0.445993031358885
183273.411807,2608366.126422,0.0241891148982958,0.460142935678944,0.00989554700384827,0.0252886201209456,0.0747663551401869,0.405717427157779
183773.411807,2608366.126422,0.0234905487245366,0.488530005505597,0,0.0168838318957607,0.0657001284639383,0.405395485410167
184273.411807,2608366.126422,0.0245736291949386,0.546671556941133,0,0.00861910874747845,0.066018705299835,0.354116999816615
184773.411807,2608366.126422,0.0201575957485798,0.613523914238593,0.00256551218618288,0.00733003481766538,0.0553417628733736,0.301081180135606
185273.411807,2608366.126422,0.0412919801798495,0.695173426316755,0,0.0104606349788952,0.0660671682877592,0.187006790236741
185773.411807,2608366.126422,0.0207225380524482,0.79589216944801,0,0,0.00605171465248487,0.177333577847057
173773.411807,2607866.126422,0.0447624289121262,0.4736745551275,0,0.0931939093744267,0.121445606310769,0.266923500275179
174273.411807,2607866.126422,0.0675824175824176,0.429120879120879,0.000366300366300366,0.115567765567766,0.185164835164835,0.202197802197802
174773.411807,2607866.126422,0.0299082568807339,0.767706422018349,0,0.0100917431192661,0.0275229357798165,0.164770642201835
175273.411807,2607866.126422,0.0346725371491469,0.685378829572555,0,0.00990643918547056,0.0515501742799486,0.218492019812878
175773.411807,2607866.126422,0.00897435897435897,0.308974358974359,0.346520146520147,0.010989010989011,0.0406593406593407,0.283882783882784
176273.411807,2607866.126422,0.0552293577981651,0.404770642201835,0.0645871559633028,0.00899082568807339,0.0363302752293578,0.430091743119266
176773.411807,2607866.126422,0.0300862227114291,0.381031003485599,0,0.014125848468171,0.0414602825169694,0.533296642817832
177273.411807,2607866.126422,0.0468864468864469,0.273443223443223,0,0.0441391941391941,0.0514652014652015,0.584065934065934
177773.411807,2607866.126422,0.104587155963303,0.134495412844037,0.00807339449541284,0.282201834862385,0.11302752293578,0.357614678899083
178273.411807,2607866.126422,0.0961291506145661,0.204366171344707,0.00458631443771785,0.444872500458631,0.109704641350211,0.140341221794166
178773.411807,2607866.126422,0.0595238095238095,0.0272893772893773,0.00677655677655678,0.732783882783883,0.143040293040293,0.0305860805860806
179273.411807,2607866.126422,0.064954128440367,0.372477064220184,0.063302752293578,0.0697247706422018,0.0203669724770642,0.409174311926606
179773.411807,2607866.126422,0.0390753990093561,0.749036873968079,0,0,0.00678774536782242,0.205099981654742
180273.411807,2607866.126422,0.041025641025641,0.184798534798535,0.0710622710622711,0.0333333333333333,0.0278388278388278,0.641941391941392
180773.411807,2607866.126422,0.0256880733944954,0.592110091743119,0.0488073394495413,0.00128440366972477,0.015045871559633,0.317064220183486
181273.411807,2607866.126422,0.00642084021280499,0.667400476976702,0,0,0.00110071546505228,0.325077967345441
181773.411807,2607866.126422,0.0664835164835165,0.387545787545788,0.03003663003663,0.00347985347985348,0.0195970695970696,0.492857142857143
182273.411807,2607866.126422,0.0726605504587156,0.278532110091743,0.000917431192660551,0.0475229357798165,0.118899082568807,0.481467889908257
182773.411807,2607866.126422,0.0245826453861677,0.292056503393873,0.00146762062006971,0.0627407815079802,0.200880572372042,0.418271876719868
183273.411807,2607866.126422,0.00256410256410256,0.442857142857143,0.00714285714285714,0.0364468864468864,0.107326007326007,0.403663003663004
183773.411807,2607866.126422,0.0357798165137615,0.494128440366972,0.00348623853211009,0.0207339449541284,0.0658715596330275,0.38
184273.411807,2607866.126422,0.0581544670702623,0.67895798935975,0.00110071546505228,0.00165107319757843,0.00972298660796184,0.250412768299395
184773.411807,2607866.126422,0.0157509157509158,0.88974358974359,0,0.0010989010989011,0.0126373626373626,0.0807692307692308
185273.411807,2607866.126422,0.0379816513761468,0.728440366972477,0,0.0196330275229358,0.0708256880733945,0.143119266055046
185773.411807,2607866.126422,0.0106402494955054,0.775087139974317,0,0.00201797835259585,0.0124747752705926,0.19977985690699
173773.411807,2607366.126422,0.0501831501831502,0.678021978021978,0,0,0.00494505494505494,0.266849816849817
174273.411807,2607366.126422,0.0845251191785845,0.403190319031903,0.00696736340300697,0.0614228089475614,0.176567656765677,0.267326732673267
174773.411807,2607366.126422,0.0635531135531135,0.475274725274725,0,0.0468864468864469,0.107692307692308,0.306593406593407
175273.411807,2607366.126422,0.105494505494505,0.286080586080586,0.000366300366300366,0.118315018315018,0.212820512820513,0.276923076923077
175773.411807,2607366.126422,0.118078474514118,0.0449211587825449,0.241107444077741,0.01998533186652,0.0348368170150348,0.541070773744041
176273.411807,2607366.126422,0.0915750915750916,0.395604395604396,0.108791208791209,0.0417582417582418,0.104578754578755,0.257692307692308
176773.411807,2607366.126422,0.0672161172161172,0.358608058608059,0,0.0741758241758242,0.0717948717948718,0.428205128205128
