"x","y","forest","agri","water","built","other","grass"
220273.411807,2447366.126422,0.52486610558531,0.0132619229788319,0.041826064779393,0.0703902065799541,0.0578933945422086,0.291762305534302
220773.411807,2447366.126422,0.831039755351682,0,0,0,0,0.168960244648318
221273.411807,2447366.126422,0.738508682328907,0.00791624106230848,0,0,0,0.253575076608784
221773.411807,2447366.126422,0.466207600102015,0,0,0,0,0.533792399897985
222273.411807,2447366.126422,0.804026503567788,0,0,0,0,0.195973496432212
222773.411807,2447366.126422,0.72752808988764,0,0,0,0,0.27247191011236
223273.411807,2447366.126422,0.808212190767661,0,0,0,0,0.191787809232339
223773.411807,2447366.126422,0.56039755351682,0.208970438328237,0,0,0,0.230632008154944
220273.411807,2446866.126422,0.212271062271062,0.00457875457875458,0.0421245421245421,0.0357142857142857,0.0382783882783883,0.667032967032967
220773.411807,2446866.126422,0.637697103043638,0.01998533186652,0,0,0,0.342317565089842
221273.411807,2446866.126422,0.832234432234432,0.000183150183150183,0,0,0,0.167582417582418
221773.411807,2446866.126422,0.517399267399267,0.0271062271062271,0,0,0,0.455494505494505
222273.411807,2446866.126422,0.559222588925559,0.0177851118445178,0,0,0,0.422992299229923
222773.411807,2446866.126422,0.552747252747253,0,0,0,0,0.447252747252747
223273.411807,2446866.126422,0.7503663003663,0,0,0,0,0.2496336996337
223773.411807,2446866.126422,0.687202053538687,0.0122845617895123,0,0.00055005500550055,0.00146681334800147,0.298496516318298
220273.411807,2446366.126422,0.231432239134421,0.000366770584999083,0.497707683843756,0.0231065468549422,0.0152209792774619,0.23216578030442
220773.411807,2446366.126422,0.414696719809419,0.00256551218618288,0,0.0137438152831226,0.0128275609309144,0.556166391790361
221273.411807,2446366.126422,0.703798862176546,0.0170673518076711,0,0,0,0.279133786015783
221773.411807,2446366.126422,0.576930130203558,0.0177883733724555,0,0,0.00165046763249587,0.403631028791491
222273.411807,2446366.126422,0.549935862195345,0.00164925783397471,0,0,0.00274876305662452,0.445666116914055
222773.411807,2446366.126422,0.684896311249771,0,0,0,0,0.315103688750229
223273.411807,2446366.126422,0.819732257472951,0,0,0,0,0.180267742527049
223773.411807,2446366.126422,0.657137621403702,0,0,0,0,0.342862378596298
220773.411807,2445866.126422,0.335897435897436,0.00695970695970696,0,0,0.000915750915750916,0.656227106227106
221273.411807,2445866.126422,0.735229357798165,0.00220183486238532,0,0,0,0.26256880733945
221773.411807,2445866.126422,0.698770867730692,0.00880572372041827,0,0,0,0.29242340854889
222273.411807,2445866.126422,0.645421245421245,0,0,0,0,0.354578754578755
222773.411807,2445866.126422,0.589357798165138,0,0,0,0,0.410642201834862
223273.411807,2445866.126422,0.763346175013759,0,0,0,0,0.236653824986241
223773.411807,2445866.126422,0.444688644688645,0,0,0,0,0.555311355311355
220773.411807,2445366.126422,0.265676567656766,0.0121012101210121,0.198386505317198,0.0506050605060506,0.0496883021635497,0.423542354235424
221273.411807,2445366.126422,0.77014652014652,0,0,0,0,0.22985347985348
221773.411807,2445366.126422,0.780952380952381,0,0,0,0,0.219047619047619
222273.411807,2445366.126422,0.698569856985699,0.000916758342500917,0,0,0,0.3005133846718
222773.411807,2445366.126422,0.573626373626374,0,0,0,0,0.426373626373626
223273.411807,2445366.126422,0.811904761904762,0,0,0,0,0.188095238095238
223773.411807,2445366.126422,0.227539420608728,0.00238357169050238,0.000183351668500183,0.00201686835350202,0.00935093509350935,0.758525852585259
220773.411807,2444866.126422,0.184533626534726,0.00586402785413231,0.356606193879421,0.0740333516584204,0.0459959684808503,0.33296683159245
221273.411807,2444866.126422,0.476050651495687,0.0141310332171041,0,0.000367039823820885,0.00165167920719398,0.507799596256194
221773.411807,2444866.126422,0.821199339812947,0.00788556757748029,0,0,0,0.170915092609573
222273.411807,2444866.126422,0.590251053692505,0.00293201392706615,0,0,0,0.406816932380429
222773.411807,2444866.126422,0.341530556065333,0,0,0,0,0.658469443934667
223273.411807,2444866.126422,0.830735375022923,0,0,0,0,0.169264624977077
223773.411807,2444866.126422,0.342312625984973,0.00641378046545721,0,0.024555616639179,0.105002748763057,0.521715228147334
220773.411807,2444366.126422,0.141208791208791,0.0144688644688645,0.39981684981685,0.0489010989010989,0.0628205128205128,0.332783882783883
221273.411807,2444366.126422,0.43743119266055,0.00018348623853211,0,0.00073394495412844,0.00110091743119266,0.560550458715596
221773.411807,2444366.126422,0.675839295542102,0,0,0,0.000366905155017428,0.32379379930288
222273.411807,2444366.126422,0.680952380952381,0,0,0,0,0.319047619047619
222773.411807,2444366.126422,0.703853211009174,0,0,0,0,0.296146788990826
223273.411807,2444366.126422,0.89011190607228,0,0,0,0,0.10988809392772
223773.411807,2444366.126422,0.853479853479853,0.000732600732600733,0,0.00146520146520147,0.0104395604395604,0.133882783882784
220773.411807,2443866.126422,0.115878254492116,0.0201686835350202,0.388155482214888,0.23028969563623,0.055005500550055,0.19050238357169
221273.411807,2443866.126422,0.463919413919414,0.0010989010989011,0.00128205128205128,0.000366300366300366,0.00347985347985348,0.52985347985348
221773.411807,2443866.126422,0.762271062271062,0,0,0,0,0.237728937728938
222273.411807,2443866.126422,0.701136780344701,0,0,0,0,0.298863219655299
222773.411807,2443866.126422,0.716666666666667,0,0,0,0,0.283333333333333
223273.411807,2443866.126422,0.752197802197802,0,0,0,0,0.247802197802198
223773.411807,2443866.126422,0.312981298129813,0.0242024202420242,0,0.0601393472680601,0.160982764943161,0.441694169416942
220273.411807,2443366.126422,0.0755547405098111,0.0124701998899688,0.311204841371722,0.048413717219879,0.0473134054648817,0.505043095543737
220773.411807,2443366.126422,0.133773135422393,0.0483782297965915,0.0161260765988638,0.317207256734469,0.15246472420744,0.332050577240242
221273.411807,2443366.126422,0.276380987337126,0,0,0,0.000367039823820885,0.723251972839053
221773.411807,2443366.126422,0.727306070053182,0,0,0,0,0.272693929946818
222273.411807,2443366.126422,0.832325453545904,0,0,0,0,0.167674546454096
222773.411807,2443366.126422,0.859974307212333,0,0,0,0,0.140025692787667
223273.411807,2443366.126422,0.696497340913259,0,0,0,0,0.303502659086741
223773.411807,2443366.126422,0.189664650907092,0.068719076415613,0.000916254352208173,0.0527762506871908,0.0733003481766538,0.614623419461242
219273.411807,2442866.126422,0.176373626373626,0.0478021978021978,0.267032967032967,0.0631868131868132,0.0428571428571429,0.402747252747253
219773.411807,2442866.126422,0.144036697247706,0.0629357798165138,0.0445871559633028,0.0253211009174312,0.0844036697247706,0.638715596330275
220273.411807,2442866.126422,0.0416437350944781,0.177949000183453,0.0152265639332233,0.0616400660429279,0.0612731608879105,0.642267473858008
220773.411807,2442866.126422,0.0186813186813187,0.136446886446886,0.00238095238095238,0.0454212454212454,0.0516483516483516,0.745421245421245
221273.411807,2442866.126422,0.220366972477064,0.0667889908256881,0,0.00073394495412844,0.024954128440367,0.687155963302752
221773.411807,2442866.126422,0.639882590350394,0,0,0,0.000733810310034856,0.359383599339571
222273.411807,2442866.126422,0.635531135531135,0,0,0.000183150183150183,0.00201465201465201,0.362271062271062
222773.411807,2442866.126422,0.358715596330275,0.0488073394495413,0.00899082568807339,0.0532110091743119,0.0548623853211009,0.475412844036697
223273.411807,2442866.126422,0.26967528893781,0.132269308383783,0,0.106402494955054,0.0961291506145661,0.395523757108787
223773.411807,2442866.126422,0.0135531135531136,0.38003663003663,0,0,0.00586080586080586,0.600549450549451
219773.411807,2442366.126422,0.0518315018315018,0.131318681318681,0.0681318681318681,0.047985347985348,0.05,0.650732600732601
220273.411807,2442366.126422,0.0316849816849817,0.268681318681319,0.00622710622710623,0.115201465201465,0.0673992673992674,0.510805860805861
220773.411807,2442366.126422,0.0287862119545288,0.326365969930326,0,0.0157682434910158,0.0121012101210121,0.616978364503117
221273.411807,2442366.126422,0.0153846153846154,0.232967032967033,0,0.00347985347985348,0.0263736263736264,0.721794871794872
221773.411807,2442366.126422,0.0514652014652015,0.00238095238095238,0,0.000183150183150183,0.00586080586080586,0.94010989010989
222273.411807,2442366.126422,0.153648698203154,0.127062706270627,0,0.000733406674000733,0.0161349468280161,0.702420242024202
222773.411807,2442366.126422,0.56007326007326,0.0203296703296703,0.0184981684981685,0.0119047619047619,0.0380952380952381,0.351098901098901
223273.411807,2442366.126422,0.293956043956044,0.056043956043956,0,0.0267399267399267,0.0474358974358974,0.575824175824176
223773.411807,2442366.126422,0.303813714704804,0.0427209387605427,0,0.0221855518885222,0.0511551155115512,0.58012467913458
219773.411807,2441866.126422,0.0524866948063865,0.0741420444118187,0.038172141677372,0.063497889521013,0.0614791704899982,0.710222059093412
220273.411807,2441866.126422,0.0410783055198973,0.178433889602054,0.000916926462497708,0.260590500641849,0.0788556757748029,0.4401247019989
220773.411807,2441866.126422,0.0448964632582005,0.16474253252703,0.00293201392706615,0.0886934212937511,0.100421477002016,0.598314091991937
221273.411807,2441866.126422,0.00165167920719398,0.216186456230501,0,0.000550559735731327,0.00605615709304459,0.775555147733529
221773.411807,2441866.126422,0.0630845406198423,0.298734641481753,0,0.0416284613973959,0.0451127819548872,0.551439574546121
222273.411807,2441866.126422,0.034084661902144,0.462158695253802,0,0.0113615539673813,0.0417811984606927,0.450613890415979
222773.411807,2441866.126422,0.276564507249037,0.0554230133969536,0.0345017434391632,0.0440447788585061,0.0574417324279684,0.532024224628372
223273.411807,2441866.126422,0.773519163763066,0,0,0,0,0.226480836236934
223773.411807,2441866.126422,0.706432105552501,0.0109950522264981,0,0,0,0.282572842221001
219773.411807,2441366.126422,0.0141284403669725,0.0376146788990826,0.381467889908257,0.122935779816514,0.0622018348623853,0.381651376146789
220273.411807,2441366.126422,0.0464135021097046,0.0550357732526142,0.00843881856540084,0.495505411851037,0.156118143459916,0.238488350761328
220773.411807,2441366.126422,0.039010989010989,0.143040293040293,0.00586080586080586,0.0203296703296703,0.043040293040293,0.748717948717949
221273.411807,2441366.126422,0.00422018348623853,0.263119266055046,0,0.00752293577981651,0.0269724770642202,0.698165137614679
221773.411807,2441366.126422,0.0170610897083104,0.362135388002201,0.00311869381764814,0.020546688680976,0.0480645753072831,0.549073564483581
222273.411807,2441366.126422,0.0915750915750916,0.22032967032967,0.00238095238095238,0.0659340659340659,0.127655677655678,0.492124542124542
222773.411807,2441366.126422,0.255412844036697,0.144220183486239,0.0165137614678899,0.0187155963302752,0.0634862385321101,0.501651376146789
223273.411807,2441366.126422,0.77453678224179,0,0,0,0,0.22546321775821
223773.411807,2441366.126422,0.75970695970696,0,0,0,0,0.24029304029304
219773.411807,2440866.126422,0.0152014652014652,0.0624542124542125,0.557142857142857,0.141941391941392,0.0353479853479853,0.187912087912088
220273.411807,2440866.126422,0.028021978021978,0.139377289377289,0.199450549450549,0.047985347985348,0.0587912087912088,0.526373626373626
220773.411807,2440866.126422,0.0276861019435277,0.367620095342868,0.0022002200220022,0.0905757242390906,0.0397873120645398,0.472130546387972
221273.411807,2440866.126422,0.00457875457875458,0.226556776556777,0.000549450549450549,0.00641025641025641,0.0261904761904762,0.735714285714286
221773.411807,2440866.126422,0.0115384615384615,0.201831501831502,0,0.00714285714285714,0.0148351648351648,0.764652014652015
222273.411807,2440866.126422,0.439310597726439,0.0209020902090209,0,0.00201686835350202,0.00568390172350568,0.532086541987532
222773.411807,2440866.126422,0.626739926739927,0,0,0,0,0.373260073260073
223273.411807,2440866.126422,0.665201465201465,0,0,0,0,0.334798534798535
223773.411807,2440866.126422,0.773193986065273,0,0,0,0,0.226806013934727
219773.411807,2440366.126422,0.049366856303909,0.00697375665259681,0.386492934483391,0.0895577170122958,0.0690034868783263,0.398605248669481
220273.411807,2440366.126422,0.0117366587199707,0.0561158995048597,0.204474601136989,0.0374105996699065,0.0649183935448377,0.625343847423437
220773.411807,2440366.126422,0.0395821880153931,0.103536741799524,0.00146600696353308,0.185816382627817,0.126259849734286,0.543338830859447
221273.411807,2440366.126422,0.00275279867865663,0.288126261699394,0,0.00165167920719398,0.0260598274912828,0.681409432923472
221773.411807,2440366.126422,0.0128369704749679,0.179350816064552,0.000733541169998166,0.011186502842472,0.0605171465248487,0.735375022923162
222273.411807,2440366.126422,0.225581821513652,0.0639545537841305,0,0.00146600696353308,0.023089609675646,0.685908008063038
222773.411807,2440366.126422,0.521196549825656,0.000734079647641769,0,0.00201871903101487,0.00679023674068636,0.469260414755001
223273.411807,2440366.126422,0.718136805428205,0,0,0,0,0.281863194571795
223773.411807,2440366.126422,0.629833241707898,0.00403151914971596,0,0.00348176653839106,0.00659703133589885,0.356056441268096
220273.411807,2439866.126422,0.0964960557695836,0.0220143093010457,0.0970464135021097,0.0854889011190607,0.098147128967162,0.600807191341038
220773.411807,2439866.126422,0.0664835164835165,0.162454212454212,0,0.0684981684981685,0.0492673992673993,0.653296703296703
221273.411807,2439866.126422,0.0385321100917431,0.179449541284404,0.00018348623853211,0.0787155963302752,0.0552293577981651,0.647889908256881
221773.411807,2439866.126422,0.0664098330581545,0.0603558980003669,0,0.242340854889011,0.198862594019446,0.432030820033021
222273.411807,2439866.126422,0.0818681318681319,0.0710622710622711,0,0.108974358974359,0.0987179487179487,0.639377289377289
222773.411807,2439866.126422,0.497064220183486,0.000917431192660551,0,0.00477064220183486,0.0251376146788991,0.472110091743119
223273.411807,2439866.126422,0.612915061456613,0,0,0,0.0144927536231884,0.372592184920198
223773.411807,2439866.126422,0.36007326007326,0.0192307692307692,0,0.00164835164835165,0.0267399267399267,0.592307692307692
218773.411807,2439366.126422,0.121611721611722,0.0214285714285714,0.191025641025641,0.0928571428571429,0.082967032967033,0.49010989010989
219273.411807,2439366.126422,0.671067106710671,0.00953428676200953,0,0.00348368170150348,0.0144847818115145,0.301430143014301
219773.411807,2439366.126422,0.179120879120879,0.0855311355311355,0,0.0137362637362637,0.0289377289377289,0.692673992673993
220273.411807,2439366.126422,0.12014652014652,0.0584249084249084,0,0.0840659340659341,0.102930402930403,0.634432234432234
220773.411807,2439366.126422,0.0744407774110744,0.0308030803080308,0.0368536853685369,0.0746241290795746,0.0726072607260726,0.710671067106711
221273.411807,2439366.126422,0.0604395604395604,0.0921245421245421,0.0179487179487179,0.0985347985347985,0.11959706959707,0.611355311355311
221773.411807,2439366.126422,0.0758241758241758,0.154029304029304,0.00238095238095238,0.030952380952381,0.0397435897435897,0.697069597069597
222273.411807,2439366.126422,0.0903923725705904,0.151265126512651,0,0.105427209387605,0.0918591859185919,0.561056105610561
222773.411807,2439366.126422,0.179304029304029,0.0100732600732601,0,0.00274725274725275,0.0223443223443223,0.785531135531136
223273.411807,2439366.126422,0.0648351648351648,0.0119047619047619,0,0.0243589743589744,0.0765567765567766,0.822344322344322
223773.411807,2439366.126422,0.12999633296663,0.0135680234690136,0,0.00825082508250825,0.0471213788045471,0.801063439677301
218773.411807,2438866.126422,0.142673757564643,0.0251237850724372,0.00696864111498258,0.186136071887035,0.121584448927196,0.517513295433706
219273.411807,2438866.126422,0.310793476269012,0.000733003481766538,0,0.0152098222466557,0.0414146967198094,0.631849001282756
219773.411807,2438866.126422,0.448889704532942,0.0121123141860892,0,0,0.00311983850247752,0.535878142778491
220273.411807,2438866.126422,0.329176600036677,0.00293416467999266,0,0.00696864111498258,0.0269576379974326,0.633962956170915
220773.411807,2438866.126422,0.173538574308228,0.0425142019424592,0.00311526479750779,0.0582737768004398,0.0590067802822063,0.663551401869159
221273.411807,2438866.126422,0.0299137456414021,0.252523398788769,0.0236740686364471,0.0143145531290145,0.0611121306661773,0.61846210313819
221773.411807,2438866.126422,0.0566660553823583,0.0621676141573446,0,0.0568494406748579,0.0612506876948469,0.763066202090592
222273.411807,2438866.126422,0.0443467106468756,0.263881253435954,0,0.000733003481766538,0.0212571009712296,0.669781931464174
222773.411807,2438866.126422,0.0462470178014315,0.246650761607634,0,0.00532207744540283,0.0247751881079097,0.677004955037622
223273.411807,2438866.126422,0.171098477902072,0.0212726939299468,0,0.0397946084724005,0.0691362552723272,0.698697964423253
223773.411807,2438866.126422,0.470221733553234,0.00787978742899029,0.00146600696353308,0.0159428257284222,0.0472787245739417,0.457210921751878
219273.411807,2438366.126422,0.228571428571429,0.0523809523809524,0.00256410256410256,0.0216117216117216,0.0402930402930403,0.654578754578755
219773.411807,2438366.126422,0.550825688073394,0.00146788990825688,0,0.000917431192660551,0.00073394495412844,0.44605504587156
220273.411807,2438366.126422,0.496606127316089,0.00862227114290956,0.00091726288754357,0.00568702990277013,0.0126582278481013,0.475509080902587
220773.411807,2438366.126422,0.299450549450549,0.0598901098901099,0.00201465201465201,0.039010989010989,0.0496336996336996,0.55
221273.411807,2438366.126422,0.0110091743119266,0.454495412844037,0.00055045871559633,0.00770642201834862,0.0253211009174312,0.500917431192661
221773.411807,2438366.126422,0.0108237020730141,0.248761695101816,0.00220143093010457,0.124013942395891,0.0739313887360117,0.540267840763163
222273.411807,2438366.126422,0.00750915750915751,0.0646520146520147,0.000732600732600733,0.0316849816849817,0.0527472527472527,0.842673992673993
222773.411807,2438366.126422,0.00990825688073394,0.379816513761468,0,0.00128440366972477,0.0100917431192661,0.598899082568807
223273.411807,2438366.126422,0.107319757842598,0.228581911575858,0,0.0348559897266557,0.0599889928453495,0.56925334800954
223773.411807,2438366.126422,0.230586080586081,0,0,0.00586080586080586,0.0141025641025641,0.749450549450549
218773.411807,2437866.126422,0.302014652014652,0.0141025641025641,0.00183150183150183,0.0871794871794872,0.0695970695970696,0.525274725274725
219273.411807,2437866.126422,0.375320865419875,0.0146681334800147,0,0.0022002200220022,0.00293362669600293,0.604877154382105
219773.411807,2437866.126422,0.562087912087912,0.00549450549450549,0.00274725274725275,0,0.00128205128205128,0.428388278388278
220273.411807,2437866.126422,0.749084249084249,0,0,0,0,0.250915750915751
220773.411807,2437866.126422,0.187935460212688,0.0682068206820682,0,0.0467546754675468,0.0727906123945728,0.624312431243124
221273.411807,2437866.126422,0.0527472527472527,0.250549450549451,0.00476190476190476,0.00897435897435897,0.0201465201465201,0.662820512820513
221773.411807,2437866.126422,0.00256410256410256,0.53021978021978,0,0.00641025641025641,0.0115384615384615,0.449267399267399
222273.411807,2437866.126422,0.000733406674000733,0.0797579757975798,0,0.181884855152182,0.101576824349102,0.636046938027136
222773.411807,2437866.126422,0.0615384615384615,0.0208791208791209,0,0.0818681318681319,0.103296703296703,0.732417582417582
223273.411807,2437866.126422,0.123809523809524,0.0565934065934066,0.00274725274725275,0.0305860805860806,0.0646520146520147,0.721611721611722
223773.411807,2437866.126422,0.515034836817015,0.00256692335900257,0,0.0154015401540154,0.0273193986065273,0.43967730106344
218273.411807,2437366.126422,0.636263534593503,0.00532207744540283,0,0,0.000917599559552211,0.357496788401542
218773.411807,2437366.126422,0.68787823216578,0.0128369704749679,0,0,0.00568494406748579,0.293599853291766
219273.411807,2437366.126422,0.679677478468023,0,0,0,0,0.320322521531977
219773.411807,2437366.126422,0.663424481556249,0,0,0,0,0.336575518443751
220273.411807,2437366.126422,0.702549055565744,0,0,0.000183385292499542,0.000733541169998166,0.296534017971759
220773.411807,2437366.126422,0.193329668315924,0.3340663368151,0,0.0428807036833425,0.0443467106468756,0.385376580538758
221273.411807,2437366.126422,0.0108276748027161,0.413286841622316,0.00238575885483575,0.00275279867865663,0.0508350155991925,0.519911910442283
221773.411807,2437366.126422,0.00495140289748762,0.112231799009719,0,0.072803961122318,0.0188886851274528,0.791124151843022
222273.411807,2437366.126422,0.0166758292101887,0.0978559648158329,0.00128275609309144,0.160894264247755,0.170056807769837,0.553234377863295
222773.411807,2437366.126422,0.0471646173609837,0.0946962745457882,0,0.046063497889521,0.0579922921636998,0.754083318040007
223273.411807,2437366.126422,0.102145607922245,0.111498257839721,0.000183385292499542,0.112965340179718,0.1199339812947,0.553273427471117
223773.411807,2437366.126422,0.695253802455562,0.000916254352208173,0,0.000183250870441635,0.00311526479750779,0.300531427524281
217773.411807,2436866.126422,0.613186813186813,0.0175824175824176,0.124725274725275,0.019047619047619,0.0532967032967033,0.172161172161172
218273.411807,2436866.126422,0.684036697247706,0.00201834862385321,0,0,0,0.31394495412844
218773.411807,2436866.126422,0.239405613648872,0.0851219959640433,0,0,0.001284168042561,0.674188222344524
219273.411807,2436866.126422,0.574908424908425,0.000183150183150183,0,0.00402930402930403,0.0115384615384615,0.409340659340659
219773.411807,2436866.126422,0.729908256880734,0,0,0,0,0.270091743119266
220273.411807,2436866.126422,0.751421757475693,0,0,0,0.000733810310034856,0.247844432214273
220773.411807,2436866.126422,0.366666666666667,0.0278388278388278,0,0.0408424908424908,0.0701465201465201,0.494505494505495
221273.411807,2436866.126422,0.0106422018348624,0.326422018348624,0.00018348623853211,0.00844036697247706,0.0271559633027523,0.627155963302752
221773.411807,2436866.126422,0.0465969546872134,0.218675472390387,0.015410016510732,0.0576041093377362,0.0414602825169694,0.620253164556962
222273.411807,2436866.126422,0.0245421245421245,0.293223443223443,0,0.00549450549450549,0.0360805860805861,0.640659340659341
222773.411807,2436866.126422,0.0611009174311927,0.191376146788991,0,0.00495412844036697,0.0251376146788991,0.71743119266055
223273.411807,2436866.126422,0.103650706292423,0.0546688680975968,0.0066042927903137,0.117226197028068,0.0889745000917263,0.628875435699872
223773.411807,2436866.126422,0.398168498168498,0.0133699633699634,0.00128205128205128,0.145970695970696,0.113736263736264,0.327472527472527
217773.411807,2436366.126422,0.56985698569857,0.0190685735240191,0.0865419875320865,0.00916758342500917,0.0715071507150715,0.243857719105244
218273.411807,2436366.126422,0.337545787545788,0,0,0,0,0.662454212454212
218773.411807,2436366.126422,0.214835164835165,0.0547619047619048,0,0,0.000549450549450549,0.72985347985348
219273.411807,2436366.126422,0.207370737073707,0.0726072607260726,0,0,0,0.72002200220022
219773.411807,2436366.126422,0.306593406593407,0.0836996336996337,0,0.00421245421245421,0.0214285714285714,0.584065934065934
220273.411807,2436366.126422,0.603296703296703,0,0,0,0,0.396703296703297
220773.411807,2436366.126422,0.352218555188852,0.0166850018335167,0,0.00238357169050238,0.0077007700770077,0.621012101210121
221273.411807,2436366.126422,0.0470695970695971,0.229304029304029,0,0.0228937728937729,0.0510989010989011,0.6496336996337
221773.411807,2436366.126422,0.01996336996337,0.302747252747253,0.000366300366300366,0.00989010989010989,0.0223443223443223,0.644688644688645
222273.411807,2436366.126422,0.01998533186652,0.451595159515952,0.000366703337000367,0.00916758342500917,0.0172350568390172,0.501650165016502
222773.411807,2436366.126422,0.0747252747252747,0.125641025641026,0,0.0159340659340659,0.060989010989011,0.722710622710623
223273.411807,2436366.126422,0.129487179487179,0.0703296703296703,0.00695970695970696,0.111904761904762,0.117399267399267,0.563919413919414
223773.411807,2436366.126422,0.299229922992299,0.109277594426109,0,0.015034836817015,0.0372203887055372,0.539237257059039
217773.411807,2435866.126422,0.264064504306395,0.0333516584203775,0.398204141469672,0.0172255818215137,0.107751511819681,0.17940260216236
218273.411807,2435866.126422,0.710222059093412,0.0108276748027161,0,0.000917599559552211,0.00403743806202973,0.27399522848229
218773.411807,2435866.126422,0.454061984228865,0.0238400880249404,0,0.00953603520997616,0.0100861910874748,0.502475701448744
219273.411807,2435866.126422,0.432288803371816,0.0632215503023639,0,0.000366501740883269,0.000366501740883269,0.503756642844054
219773.411807,2435866.126422,0.40264268673151,0.00568911726922371,0,0.0244081482840888,0.0546889337493118,0.512571113965865
220273.411807,2435866.126422,0.542820465798643,0.00110031175499725,0,0.000550155877498625,0.00256739409499358,0.452961672473868
220773.411807,2435866.126422,0.406816932380429,0.0236393622869709,0,0.000916254352208173,0.0053142752428074,0.563313175737585
221273.411807,2435866.126422,0.15342264635713,0.052303174894476,0,0.0673518076711323,0.0873554780693705,0.639566893007891
221773.411807,2435866.126422,0.0388776820099028,0.147075004584632,0,0.0188886851274528,0.0465798642948836,0.748578763983129
222273.411807,2435866.126422,0.00934579439252336,0.477002015759575,0.000366501740883269,0.0047645226314825,0.0428807036833425,0.465640461792194
222773.411807,2435866.126422,0.0607450908423564,0.160946962745458,0,0.0192695907505964,0.0512020554230134,0.707836300238576
223273.411807,2435866.126422,0.107647166697231,0.242985512561893,0,0.0258573262424354,0.0458463231248854,0.577663671373556
223773.411807,2435866.126422,0.0296866410115448,0.288620120945574,0.000183250870441635,0.0573575224482316,0.0514934945940993,0.572658970130108
218273.411807,2435366.126422,0.841467889908257,0,0,0.00055045871559633,0.00311926605504587,0.154862385321101
218773.411807,2435366.126422,0.309667950834709,0.00311869381764814,0,0,0.00220143093010457,0.685011924417538
219273.411807,2435366.126422,0.305128205128205,0.0789377289377289,0,0.000549450549450549,0.00128205128205128,0.614102564102564
219773.411807,2435366.126422,0.426238532110092,0.00513761467889908,0,0.0229357798165138,0.0475229357798165,0.498165137614679
220273.411807,2435366.126422,0.634195560447624,0,0,0,0,0.365804439552376
220773.411807,2435366.126422,0.284981684981685,0.0934065934065934,0,0.000549450549450549,0.00952380952380952,0.611538461538462
221273.411807,2435366.126422,0.15743119266055,0.131926605504587,0,0.0798165137614679,0.11651376146789,0.514311926605505
221773.411807,2435366.126422,0.0333883691065859,0.308750687947166,0,0.00623738763529628,0.0122913226930838,0.639332232617868
222273.411807,2435366.126422,0.0245421245421245,0.248717948717949,0.00201465201465201,0.054029304029304,0.0853479853479854,0.585347985347985
222773.411807,2435366.126422,0.0128440366972477,0.280917431192661,0.00055045871559633,0.0346788990825688,0.0445871559633028,0.626422018348624
223273.411807,2435366.126422,0.0537516052100532,0.193909374426711,0.00091726288754357,0.0150431113557145,0.0352228948816731,0.701155751238305
223773.411807,2435366.126422,0.0653846153846154,0.248351648351648,0.00183150183150183,0.1,0.05,0.534432234432234
218273.411807,2434866.126422,0.350915750915751,0.0254578754578755,0.361904761904762,0.00750915750915751,0.0679487179487179,0.186263736263736
218773.411807,2434866.126422,0.823443223443223,0,0,0,0,0.176556776556777
219273.411807,2434866.126422,0.361752841950862,0.0192519251925193,0,0.000183351668500183,0.0011001100110011,0.617711771177118
219773.411807,2434866.126422,0.569413919413919,0,0,0,0.000183150183150183,0.43040293040293
220273.411807,2434866.126422,0.658058608058608,0.0131868131868132,0,0,0.00952380952380952,0.319230769230769
220773.411807,2434866.126422,0.503667033370004,0.00128346167950128,0,0.00605060506050605,0.0192519251925193,0.46974697469747
221273.411807,2434866.126422,0.109340659340659,0.142307692307692,0,0.00476190476190476,0.0161172161172161,0.727472527472527
221773.411807,2434866.126422,0.0478021978021978,0.188461538461538,0,0.122893772893773,0.116117216117216,0.524725274725275
222273.411807,2434866.126422,0.0421708837550422,0.26971030436377,0,0.0146681334800147,0.0187018701870187,0.654748808214155
222773.411807,2434866.126422,0.0412087912087912,0.123076923076923,0,0.060989010989011,0.104029304029304,0.670695970695971
223273.411807,2434866.126422,0.0489010989010989,0.0765567765567766,0.00897435897435897,0.304395604395604,0.0776556776556777,0.483516483516484
223773.411807,2434866.126422,0.0922258892555922,0.0515218188485515,0.00586725339200587,0.260542720938761,0.105793912724606,0.484048404840484
218773.411807,2434366.126422,0.881899871630295,0,0,0,0,0.118100128369705
219273.411807,2434366.126422,0.448231629100238,0,0,0,0,0.551768370899762
219773.411807,2434366.126422,0.505230317489448,0,0,0.000917599559552211,0.00403743806202973,0.48981464488897
220273.411807,2434366.126422,0.555107280396112,0,0,0.000183385292499542,0.00110031175499725,0.443609022556391
220773.411807,2434366.126422,0.46527396005131,0.000366501740883269,0,0.00183250870441635,0.00586402785413231,0.526663001649258
221273.411807,2434366.126422,0.369058542851899,0.00605615709304459,0,0.0141310332171041,0.0172508717195816,0.59350339511837
221773.411807,2434366.126422,0.088391710984779,0.0981111314872547,0.00146708233999633,0.123601687144691,0.0869246286447827,0.601503759398496
222273.411807,2434366.126422,0.053142752428074,0.172255818215137,0,0.00604727872457394,0.0227231079347627,0.745831042697453
222773.411807,2434366.126422,0.102220590934116,0.0559735731326849,0.00734079647641769,0.082583960359699,0.0594604514589833,0.692420627638099
223273.411807,2434366.126422,0.0667522464698331,0.0363102879149092,0.00990280579497524,0.517696680726206,0.215294333394462,0.154043645699615
223773.411807,2434366.126422,0.0954737035000916,0.0809968847352025,0.000549752611324904,0.314275242807403,0.290086127909108,0.21861828843687
218773.411807,2433866.126422,0.557512383048982,0.0198128783709411,0.178866263070996,0.0300862227114291,0.0543019629425793,0.159420289855072
219273.411807,2433866.126422,0.795054945054945,0,0,0.000183150183150183,0.00128205128205128,0.203479853479853
219773.411807,2433866.126422,0.545871559633027,0,0,0,0,0.454128440366972
220273.411807,2433866.126422,0.678407631627224,0,0,0,0,0.321592368372776
220773.411807,2433866.126422,0.624725274725275,0,0,0.000915750915750916,0.00183150183150183,0.372527472527473
221273.411807,2433866.126422,0.188623853211009,0.00201834862385321,0,0.00220183486238532,0.00532110091743119,0.801834862385321
221773.411807,2433866.126422,0.192258301229132,0.0271509814712897,0,0.0311869381764814,0.0476976701522656,0.701706108970831
222273.411807,2433866.126422,0.0316849816849817,0.100549450549451,0,0.019047619047619,0.0591575091575092,0.78956043956044
222773.411807,2433866.126422,0.0341284403669725,0.304403669724771,0,0.0645871559633028,0.0860550458715596,0.510825688073394
223273.411807,2433866.126422,0.0931939093744267,0.0214639515685195,0,0.447624289121262,0.164190056870299,0.273527793065493
223773.411807,2433866.126422,0.0673992673992674,0.0179487179487179,0.000183150183150183,0.557509157509158,0.226007326007326,0.130952380952381
