"x","y","forest","agri","water","built","other","grass"
280273.411807,2779366.126422,0.0196222262974509,0.0430955437373923,0.0238400880249404,0.746928296350633,0.0454795525398863,0.121034293049697
280773.411807,2779366.126422,0.0564412680960235,0.085761407366685,0.028587135788895,0.34414513468939,0.124060839288987,0.36100421477002
281273.411807,2779366.126422,0.192879427417875,0.0765278032666544,0,0.378234538447422,0.115617544503579,0.236740686364471
281773.411807,2779366.126422,0.0293416467999266,0.0368604437924078,0.0328259673574179,0.59600220062351,0.125252154777187,0.179717586649551
282273.411807,2779366.126422,0.00348176653839106,0.034084661902144,0.171706065603812,0.412131207623236,0.189298149166209,0.189298149166209
282773.411807,2779366.126422,0.0363369425582676,0.0293631859056708,0.0923105156909525,0.233620847861993,0.0943292347219673,0.514039273261149
283273.411807,2779366.126422,0.0493306436823767,0.0432789290298918,0.0218228498074454,0.189803777737026,0.109847790207225,0.585916009536035
283773.411807,2779366.126422,0.250137438152831,0.0278541323071285,0.000549752611324904,0.180685358255452,0.091258933479934,0.44951438519333
284273.411807,2779366.126422,0.29895393650211,0.00587263718113415,0,0.0163332721600294,0.0260598274912828,0.652780326665443
284773.411807,2779366.126422,0.474601136988814,0.00275077938749312,0,0.00330093526499175,0.0467632495873831,0.472583898771319
285273.411807,2779366.126422,0.740883269195529,0.000366501740883269,0,0.00311526479750779,0.0120945574491479,0.243540406816932
285773.411807,2779366.126422,0.494219122774821,0.00311983850247752,0,0.00183519911910442,0.0400073407964764,0.460818498807121
286273.411807,2779366.126422,0.517880066018705,0.00110031175499725,0,0.00348432055749129,0.0317256556024207,0.445809646066385
286773.411807,2779366.126422,0.656587868792377,0.00458127176104087,0,0.000733003481766538,0.00842954004031519,0.329668315924501
287273.411807,2779366.126422,0.298219856854469,0.00422095797394017,0.000183519911910442,0.00146815929528354,0.055606533308864,0.640300972655533
287773.411807,2779366.126422,0.447658049654466,0.0028154594317891,0,0.0368569234706936,0.0824161760941899,0.430253391348861
275273.411807,2778866.126422,0.021978021978022,0.0201018493701421,0.00696864111498258,0.174752077191102,0.161350844277674,0.614848566068078
275773.411807,2778866.126422,0.0504494588148963,0.0190790680609063,0.000366905155017428,0.2168409466153,0.126031920748487,0.587231700605394
276273.411807,2778866.126422,0.0311355311355311,0.0250915750915751,0.000915750915750916,0.386996336996337,0.0893772893772894,0.466483516483516
276773.411807,2778866.126422,0.0172477064220183,0.0275229357798165,0,0.207339449541284,0.111743119266055,0.636146788990826
277273.411807,2778866.126422,0.0172445422858191,0.0284351495138507,0.198128783709411,0.195010089891763,0.0843881856540084,0.476793248945148
277773.411807,2778866.126422,0.00512820512820513,0.0282051282051282,0.387179487179487,0.221794871794872,0.104945054945055,0.252747252747253
279773.411807,2778866.126422,0.11651376146789,0.0207339449541284,0,0.0638532110091743,0.0614678899082569,0.73743119266055
280273.411807,2778866.126422,0.0895248578242524,0.0843881856540084,0.00110071546505228,0.439002017978353,0.228765364153366,0.157218858924968
280773.411807,2778866.126422,0.158241758241758,0.114652014652015,0,0.0331501831501832,0.0681318681318681,0.625824175824176
281273.411807,2778866.126422,0.192293577981651,0.00128440366972477,0,0.0073394495412844,0.0155963302752294,0.78348623853211
281773.411807,2778866.126422,0.220326545587966,0.00091726288754357,0,0.00495321959273528,0.0221977618785544,0.751605210053201
282273.411807,2778866.126422,0.36996336996337,0.0223443223443223,0,0.0641025641025641,0.0481684981684982,0.495421245421245
282773.411807,2778866.126422,0.0598165137614679,0.0236697247706422,0.016697247706422,0.00623853211009174,0.0348623853211009,0.858715596330275
283273.411807,2778866.126422,0.524674371674922,0.000183452577508714,0,0.00165107319757843,0.00807191341038342,0.465419189139607
283773.411807,2778866.126422,0.42967032967033,0.0122710622710623,0,0.0232600732600733,0.030952380952381,0.503846153846154
284273.411807,2778866.126422,0.419816513761468,0.00770642201834862,0,0.0330275229357798,0.0719266055045872,0.467522935779817
284773.411807,2778866.126422,0.649972482113374,0.00421940928270042,0,0.00091726288754357,0.00495321959273528,0.339937626123647
285273.411807,2778866.126422,0.47014652014652,0.00714285714285714,0,0.000183150183150183,0.00201465201465201,0.520512820512821
285773.411807,2778866.126422,0.405504587155963,0.0328440366972477,0,0.00532110091743119,0.0644036697247706,0.491926605504587
286273.411807,2778866.126422,0.561731792331682,0.00678774536782242,0,0.00201797835259585,0.0313703907539901,0.398092093193909
286773.411807,2778866.126422,0.404761904761905,0.0221611721611722,0,0.0267399267399267,0.130952380952381,0.415384615384615
287273.411807,2778866.126422,0.12697247706422,0.00972477064220183,0,0.169357798165138,0.200366972477064,0.493577981651376
287773.411807,2778866.126422,0.302176696542894,0.0238156209987196,0,0.0348271446862996,0.0548015364916773,0.58437900128041
275273.411807,2778366.126422,0.0152487961476726,0.0607276618512574,0.00615302300695559,0.448635634028892,0.180845371856608,0.288389513108614
275773.411807,2778366.126422,0.0468864468864469,0.0902930402930403,0,0.208791208791209,0.126556776556777,0.527472527472527
276273.411807,2778366.126422,0.0278694536120279,0.0535386872020535,0.000733406674000733,0.64008067473414,0.131096442977631,0.146681334800147
276773.411807,2778366.126422,0.0446886446886447,0.0694139194139194,0,0.546153846153846,0.163919413919414,0.175824175824176
277273.411807,2778366.126422,0.0945054945054945,0.0701465201465201,0,0.266300366300366,0.184981684981685,0.384065934065934
277773.411807,2778366.126422,0.0355702236890356,0.0630729739640631,0,0.0759075907590759,0.0672900623395673,0.758159149248258
278273.411807,2778366.126422,0.0214285714285714,0,0,0.000732600732600733,0,0.977838827838828
278773.411807,2778366.126422,0.0793040293040293,0.00879120879120879,0,0.0945054945054945,0.0382783882783883,0.779120879120879
279273.411807,2778366.126422,0.360836083608361,0.00751741840850752,0,0.00678401173450678,0.0251191785845251,0.5997433076641
279773.411807,2778366.126422,0.299084249084249,0.00714285714285714,0.0179487179487179,0.00146520146520147,0.00604395604395604,0.668315018315018
280273.411807,2778366.126422,0.238461538461538,0.00549450549450549,0.0395604395604396,0.0111721611721612,0.0276556776556777,0.677655677655678
280773.411807,2778366.126422,0.145397873120645,0.132196552988632,0.00238357169050238,0.0124679134580125,0.0821415474880821,0.625412541254125
281273.411807,2778366.126422,0.348534798534799,0.00347985347985348,0.00531135531135531,0.023992673992674,0.112637362637363,0.506043956043956
281773.411807,2778366.126422,0.585714285714286,0.00183150183150183,0,0.00402930402930403,0.0228937728937729,0.385531135531136
282273.411807,2778366.126422,0.601026769343601,0.00476714338100477,0.00366703337000367,0.00055005500550055,0.00275027502750275,0.387238723872387
282773.411807,2778366.126422,0.149267399267399,0.0283882783882784,0.056959706959707,0.0161172161172161,0.0694139194139194,0.67985347985348
283273.411807,2778366.126422,0.730769230769231,0.0010989010989011,0,0,0.0119047619047619,0.256227106227106
283773.411807,2778366.126422,0.882654932159883,0,0,0,0,0.117345067840117
284273.411807,2778366.126422,0.718681318681319,0.00201465201465201,0,0.000732600732600733,0.0113553113553114,0.267216117216117
284773.411807,2778366.126422,0.498717948717949,0.00128205128205128,0,0.0144688644688645,0.0269230769230769,0.458608058608059
285273.411807,2778366.126422,0.665566556655666,0,0,0,0.00458379171250458,0.32984965163183
285773.411807,2778366.126422,0.691575091575092,0.000183150183150183,0,0.000732600732600733,0.0126373626373626,0.294871794871795
286273.411807,2778366.126422,0.627655677655678,0.000366300366300366,0,0.00201465201465201,0.0161172161172161,0.353846153846154
286773.411807,2778366.126422,0.560506050605061,0.0304363769710304,0,0.00385038503850385,0.0245691235790246,0.380638063806381
287273.411807,2778366.126422,0.633516483516483,0.0010989010989011,0,0.0179487179487179,0.0655677655677656,0.281868131868132
287773.411807,2778366.126422,0.532105397799949,0.00383729854182655,0,0.150422102839601,0.0729086722947045,0.240726528523919
275273.411807,2777866.126422,0.0969729440128583,0.0758103402089472,0.00375033485132601,0.406375569247254,0.143584248593624,0.27350656308599
275773.411807,2777866.126422,0.0322758114799193,0.0762882816798093,0.000366770584999083,0.525582248303686,0.170731707317073,0.194755180634513
276273.411807,2777866.126422,0.01905809052593,0.155030236393623,0.00256551218618288,0.679310976727139,0.0929081913139087,0.051126992853216
276773.411807,2777866.126422,0.0515690952468343,0.0959809139291613,0.0012846393833731,0.659020003670398,0.126445219306295,0.0657001284639383
277273.411807,2777866.126422,0.0726205758298184,0.086007702182285,0.000183385292499542,0.263708050614341,0.188520080689529,0.388960205391528
277773.411807,2777866.126422,0.0949239508887667,0.0555250137438153,0,0.431189298149166,0.144401685908008,0.273960051310244
278273.411807,2777866.126422,0.0917599559552211,0.0300972655533125,0,0.0330335841438796,0.0322995044962378,0.812809689851349
278773.411807,2777866.126422,0.155143957454612,0,0,0.000366770584999083,0.00146708233999633,0.843022189620392
279273.411807,2777866.126422,0.166941542972329,0.00842954004031519,0.0122778083195895,0.0315191497159611,0.0738501007879787,0.706981858163826
279773.411807,2777866.126422,0.421178197834465,0.0102771150669848,0.00403743806202973,0.00256927876674619,0.0167003119838502,0.545237658285924
280273.411807,2777866.126422,0.350082523381625,0.00733541169998166,0,0.000183385292499542,0.000366770584999083,0.642031909040895
280773.411807,2777866.126422,0.172439069085578,0.00513102437236577,0.00494777350192413,0.0364669232178853,0.0919919369617006,0.689023272860546
281273.411807,2777866.126422,0.30299137456414,0.0521196549825656,0,0.0106441548908057,0.0570746926041475,0.577170122958341
281773.411807,2777866.126422,0.286997982761783,0.0216394645149459,0.00293416467999266,0.0295250320924262,0.104896387309738,0.554006968641115
282273.411807,2777866.126422,0.766538391057358,0.00201575957485798,0,0.00256551218618288,0.0218068535825545,0.207073483599047
282773.411807,2777866.126422,0.878509818315287,0.0012846393833731,0,0,0.00568911726922371,0.114516425032116
283273.411807,2777866.126422,0.801577113515496,0,0,0,0.00293416467999266,0.195488721804511
283773.411807,2777866.126422,0.567344694887301,0.000549752611324904,0,0.000549752611324904,0.0089792926516401,0.422576507238409
284273.411807,2777866.126422,0.593136355294549,0.00293631859056708,0,0.00238575885483575,0.0299137456414021,0.371627821618646
284773.411807,2777866.126422,0.691362552723272,0.00201723821749496,0,0.000183385292499542,0.0154043645699615,0.291032459196772
285273.411807,2777866.126422,0.555250137438153,0.00109950522264981,0,0.000549752611324904,0.00494777350192413,0.438152831225948
285773.411807,2777866.126422,0.577537162782162,0.00201871903101487,0,0.0012846393833731,0.0163332721600294,0.402826206643421
286273.411807,2777866.126422,0.62809462681093,0.000916926462497708,0,0.00165046763249587,0.00806895286997983,0.361269026224097
286773.411807,2777866.126422,0.533443283855598,0.00201575957485798,0,0.00384826827927433,0.0412314458493678,0.419461242440902
287273.411807,2777866.126422,0.70948797944577,0.0130299137456414,0,0.00532207744540283,0.0137639933932832,0.258396035969903
287773.411807,2777866.126422,0.761965702585104,0.00230355771691835,0,0.00947018172510878,0.0296902994625032,0.196570258510366
275273.411807,2777366.126422,0.0206378986866792,0.162958992227285,0.043956043956044,0.050656660412758,0.0895202358616993,0.632270168855535
275773.411807,2777366.126422,0.0357732526141992,0.0416437350944781,0.000733810310034856,0.4778939644102,0.134470739313887,0.309484498257201
276273.411807,2777366.126422,0.0362637362637363,0.146886446886447,0,0.556410256410256,0.121611721611722,0.138827838827839
276773.411807,2777366.126422,0.0211009174311927,0.0647706422018349,0.00036697247706422,0.787706422018349,0.0464220183486239,0.0796330275229358
277273.411807,2777366.126422,0.0476976701522656,0.122362869198312,0,0.528893780957622,0.121078701155751,0.179966978536048
277773.411807,2777366.126422,0.143589743589744,0.0871794871794872,0,0.0769230769230769,0.0924908424908425,0.59981684981685
278273.411807,2777366.126422,0.257614678899083,0.00935779816513761,0.0073394495412844,0.00073394495412844,0.00403669724770642,0.72091743119266
278773.411807,2777366.126422,0.249862410566868,0.00091726288754357,0,0,0.00220143093010457,0.747018895615483
279273.411807,2777366.126422,0.202930402930403,0.0010989010989011,0,0.00549450549450549,0.0225274725274725,0.767948717948718
279773.411807,2777366.126422,0.404036697247706,0.0152293577981651,0.0185321100917431,0.00146788990825688,0.0155963302752294,0.545137614678899
280273.411807,2777366.126422,0.369290038525041,0.00403595670519171,0.00091726288754357,0.00165107319757843,0.0249495505411851,0.59915611814346
280773.411807,2777366.126422,0.202380952380952,0.00421245421245421,0.00384615384615385,0.00476190476190476,0.010989010989011,0.773809523809524
281273.411807,2777366.126422,0.530091743119266,0,0,0.00458715596330275,0.00825688073394495,0.457064220183486
281773.411807,2777366.126422,0.698587415153183,0.00330214639515685,0,0.00421940928270042,0.0346725371491469,0.259218492019813
282273.411807,2777366.126422,0.568681318681319,0.0111721611721612,0,0.00989010989010989,0.0644688644688645,0.345787545787546
282773.411807,2777366.126422,0.354128440366972,0.00495412844036697,0,0.00458715596330275,0.0381651376146789,0.598165137614679
283273.411807,2777366.126422,0.749403779123097,0.00110071546505228,0,0.00458631443771785,0.0264171711612548,0.218492019812878
283773.411807,2777366.126422,0.797435897435897,0.000549450549450549,0,0.000183150183150183,0.00384615384615385,0.197985347985348
284273.411807,2777366.126422,0.667339449541284,0.00073394495412844,0,0.0715596330275229,0.0704587155963303,0.189908256880734
284773.411807,2777366.126422,0.805907172995781,0.000183452577508714,0,0.00476976701522656,0.0254999082737112,0.163639699137773
285273.411807,2777366.126422,0.790842490842491,0.000732600732600733,0,0.00238095238095238,0.0166666666666667,0.189377289377289
285773.411807,2777366.126422,0.685871559633027,0.00990825688073394,0,0.00440366972477064,0.0172477064220183,0.28256880733945
286273.411807,2777366.126422,0.689231333700238,0.000183452577508714,0,0.000733810310034856,0.00605393505778756,0.30379746835443
286773.411807,2777366.126422,0.586446886446886,0.000732600732600733,0,0.00293040293040293,0.0294871794871795,0.38040293040293
287273.411807,2777366.126422,0.532477064220183,0.00128440366972477,0,0.0411009174311927,0.0609174311926605,0.364220183486239
287773.411807,2777366.126422,0.628169014084507,0.00179257362355954,0,0.00256081946222791,0.0199743918053777,0.347503201024328
275273.411807,2776866.126422,0.07223113964687,0.0411985018726592,0.0224719101123595,0.166666666666667,0.156500802568218,0.540930979133226
275773.411807,2776866.126422,0.0575091575091575,0.0397435897435897,0.00421245421245421,0.214102564102564,0.114835164835165,0.56959706959707
276273.411807,2776866.126422,0.0964429776310964,0.143381004767143,0,0.244041070773744,0.131829849651632,0.384305097176384
276773.411807,2776866.126422,0.0565934065934066,0.332600732600733,0.00787545787545788,0.188461538461538,0.0771062271062271,0.337362637362637
277273.411807,2776866.126422,0.104395604395604,0.274358974358974,0,0.173626373626374,0.107692307692308,0.33992673992674
277773.411807,2776866.126422,0.0663733039970664,0.083975064173084,0,0.363586358635864,0.154932159882655,0.331133113311331
278273.411807,2776866.126422,0.448168498168498,0.0274725274725275,0.00531135531135531,0.0168498168498168,0.0195970695970696,0.482600732600733
278773.411807,2776866.126422,0.103663003663004,0.000183150183150183,0,0.0159340659340659,0.041025641025641,0.839194139194139
279273.411807,2776866.126422,0.297946461312798,0.000366703337000367,0,0.0119178584525119,0.0300696736340301,0.65969930326366
279773.411807,2776866.126422,0.770512820512821,0.000366300366300366,0,0.0043956043956044,0.00915750915750916,0.215567765567766
280273.411807,2776866.126422,0.614285714285714,0.0021978021978022,0,0.00494505494505494,0.0119047619047619,0.366666666666667
280773.411807,2776866.126422,0.563256325632563,0,0,0.00146681334800147,0.00165016501650165,0.433626696002934
281273.411807,2776866.126422,0.176007326007326,0.0263736263736264,0.0758241758241758,0.00146520146520147,0.0108058608058608,0.70952380952381
281773.411807,2776866.126422,0.134981684981685,0.00842490842490842,0.0135531135531136,0.0344322344322344,0.113736263736264,0.694871794871795
282273.411807,2776866.126422,0.486065273193986,0.0122845617895123,0.011001100110011,0.00733406674000733,0.0216354968830216,0.461679501283462
282773.411807,2776866.126422,0.882600732600733,0.000366300366300366,0,0.00146520146520147,0.0108058608058608,0.104761904761905
283273.411807,2776866.126422,0.481868131868132,0.0043956043956044,0,0.00586080586080586,0.0249084249084249,0.482967032967033
283773.411807,2776866.126422,0.722772277227723,0.00586725339200587,0,0.0375870920425376,0.0551888522185552,0.178584525119179
284273.411807,2776866.126422,0.661538461538462,0.00421245421245421,0,0.0545787545787546,0.0551282051282051,0.224542124542125
284773.411807,2776866.126422,0.560622710622711,0.00897435897435897,0,0.0858974358974359,0.0972527472527473,0.247252747252747
285273.411807,2776866.126422,0.804913824715805,0,0,0.000733406674000733,0.0066006600660066,0.187752108544188
285773.411807,2776866.126422,0.680952380952381,0.0021978021978022,0,0.0282051282051282,0.043956043956044,0.244688644688645
286273.411807,2776866.126422,0.6,0.00421245421245421,0,0.015018315018315,0.0384615384615385,0.342307692307692
286773.411807,2776866.126422,0.369270260359369,0.00476714338100477,0,0.0174184085075174,0.0405207187385405,0.568023469013568
287273.411807,2776866.126422,0.345238095238095,0.00641025641025641,0,0.0815018315018315,0.121428571428571,0.445421245421245
287773.411807,2776866.126422,0.6349449987209,0.000511639805576874,0,0.0603734970580711,0.0429777436684574,0.261192120746994
275273.411807,2776366.126422,0.013661934101259,0.0758103402089472,0.0573265470131262,0.372354674524511,0.0693811947495312,0.411465309402625
275773.411807,2776366.126422,0.0390610673024023,0.0405281496423987,0.0267742527049331,0.693563176233266,0.119567210709701,0.0805061434072987
276273.411807,2776366.126422,0.0452629649990837,0.345061389041598,0.000183250870441635,0.0503939893714495,0.0437969580355507,0.515301447681876
276773.411807,2776366.126422,0.0453294182418792,0.129748577720683,0.000183519911910442,0.264268673151037,0.126261699394384,0.434208111580106
277273.411807,2776366.126422,0.0174216027874564,0.0196222262974509,0,0.841371721987897,0.0977443609022556,0.0238400880249404
277773.411807,2776366.126422,0.129741616272677,0.148616455928166,0.000916254352208173,0.207256734469489,0.0896096756459593,0.423859263331501
278273.411807,2776366.126422,0.276380987337126,0.00715727656450725,0.00807487612405946,0.036520462470178,0.0473481372728941,0.624518260231235
278773.411807,2776366.126422,0.112781954887218,0.00421786172748946,0.0232899321474418,0.0161379057399597,0.0478635613423803,0.795708784155511
279273.411807,2776366.126422,0.264797507788162,0.0137438152831226,0,0.0139270661535642,0.0623052959501558,0.645226314824995
279773.411807,2776366.126422,0.657184804551294,0.0152321526885667,0,0.0152321526885667,0.0455129381537897,0.266837951917783
280273.411807,2776366.126422,0.754813863928113,0,0,0,0,0.245186136071887
280773.411807,2776366.126422,0.786695986805937,0.00274876305662452,0,0,0.00329851566794942,0.207256734469489
281273.411807,2776366.126422,0.709120939621949,0.00367039823820885,0,0.00110111947146265,0.00183519911910442,0.284272343549275
281773.411807,2776366.126422,0.405098111131487,0.00733541169998166,0.0179717586649551,0.00293416467999266,0.00916926462497708,0.557491289198606
282273.411807,2776366.126422,0.224482316291002,0.0201575957485798,0.0623052959501558,0.00842954004031519,0.0280373831775701,0.656587868792377
282773.411807,2776366.126422,0.572949164984401,0.0034868783262984,0,0.011194714626537,0.0598274912828042,0.35254175077996
283273.411807,2776366.126422,0.683293599853292,0.00165046763249587,0,0.00275077938749312,0.0262240968274344,0.286081056299285
283773.411807,2776366.126422,0.345061389041598,0.00348176653839106,0,0.00384826827927433,0.0458127176104087,0.601795858530328
284273.411807,2776366.126422,0.451458983299688,0.000367039823820885,0,0.000734079647641769,0.0139475133051936,0.533492383923656
284773.411807,2776366.126422,0.491289198606272,0.00605171465248487,0,0.00843572345497891,0.0379607555474051,0.456262607738859
285273.411807,2776366.126422,0.424042514201942,0.00861279091075683,0,0.0042147700201576,0.047645226314825,0.515484698552318
285773.411807,2776366.126422,0.559735731326849,0.00311983850247752,0,0.00899247568361167,0.0557900532207745,0.372361901266287
286273.411807,2776366.126422,0.60810562992848,0.00348432055749129,0,0.066385475884834,0.0330093526499175,0.289015220979277
286773.411807,2776366.126422,0.595748579805754,0.00201575957485798,0,0.017042330951072,0.0375664284405351,0.347626901227781
287273.411807,2776366.126422,0.641769131950817,0.00165167920719398,0,0.0548724536612222,0.0561570930445953,0.245549642136172
287773.411807,2776366.126422,0.351676478116202,0.00639877143588431,0,0.0780650115177886,0.059124648067571,0.504735090862554
275273.411807,2775866.126422,0.0297507370678102,0.0436880192977754,0.0270704904851246,0.480836236933798,0.178236397748593,0.240418118466899
275773.411807,2775866.126422,0.0744817464685379,0.319757842597689,0.00605393505778756,0.118510365070629,0.0722803155384333,0.408915795266924
276273.411807,2775866.126422,0.17014652014652,0.300915750915751,0,0.00293040293040293,0.026007326007326,0.5
276773.411807,2775866.126422,0.0598165137614679,0.252110091743119,0,0.055045871559633,0.0526605504587156,0.580366972477064
277273.411807,2775866.126422,0.0420106402494955,0.153549807374794,0,0.323059988992845,0.115942028985507,0.365437534397358
277773.411807,2775866.126422,0.0437728937728938,0.093040293040293,0.00164835164835165,0.433150183150183,0.204945054945055,0.223443223443223
278273.411807,2775866.126422,0.261651376146789,0.0368807339449541,0.00385321100917431,0.0218348623853211,0.0614678899082569,0.614311926605505
278773.411807,2775866.126422,0.473491102549991,0.0203632361034673,0.001284168042561,0.104751421757476,0.114474408365438,0.285635663181068
279273.411807,2775866.126422,0.354395604395604,0.0117216117216117,0,0.0529304029304029,0.0954212454212454,0.485531135531136
279773.411807,2775866.126422,0.712660550458716,0.0073394495412844,0,0.0036697247706422,0.0135779816513761,0.262752293577982
280273.411807,2775866.126422,0.518436984039626,0.0111906072280316,0.000183452577508714,0.00752155567785727,0.0502660062373876,0.412401394239589
280773.411807,2775866.126422,0.723626373626374,0.00128205128205128,0,0.00164835164835165,0.00622710622710623,0.267216117216117
281273.411807,2775866.126422,0.591192660550459,0.00110091743119266,0,0.0106422018348624,0.0414678899082569,0.355596330275229
281773.411807,2775866.126422,0.769216657494038,0.00091726288754357,0,0,0.00862227114290956,0.221243808475509
282273.411807,2775866.126422,0.795787545787546,0.000183150183150183,0,0,0.00201465201465201,0.202014652014652
282773.411807,2775866.126422,0.769357798165138,0.00055045871559633,0,0.00348623853211009,0.0170642201834862,0.20954128440367
283273.411807,2775866.126422,0.388185654008439,0.0111906072280316,0,0.0642084021280499,0.316272243625023,0.220143093010457
283773.411807,2775866.126422,0.682600732600733,0.00586080586080586,0.00128205128205128,0.00347985347985348,0.0205128205128205,0.286263736263736
284273.411807,2775866.126422,0.784770642201835,0.00055045871559633,0,0.00146788990825688,0.00477064220183486,0.208440366972477
284773.411807,2775866.126422,0.667767382131719,0,0,0.00311869381764814,0.00733810310034856,0.321775820950284
285273.411807,2775866.126422,0.706227106227106,0.000183150183150183,0,0.00476190476190476,0.0252747252747253,0.263553113553114
285773.411807,2775866.126422,0.530091743119266,0.02,0,0.0110091743119266,0.0669724770642202,0.371926605504587
286273.411807,2775866.126422,0.602458264538617,0.0174279948633278,0.00201797835259585,0.0770500825536599,0.0392588515868648,0.261786828104935
286773.411807,2775866.126422,0.324358974358974,0.0353479853479853,0.00293040293040293,0.327472527472527,0.142673992673993,0.167216117216117
287273.411807,2775866.126422,0.242752293577982,0.0559633027522936,0.00293577981651376,0.251559633027523,0.0625688073394495,0.384220183486239
287773.411807,2775866.126422,0.2550576184379,0.0089628681177977,0,0.289628681177977,0.175416133162612,0.270934699103713
275273.411807,2775366.126422,0.0422685928303906,0.0286249331193151,0,0.560192616372392,0.0987158908507223,0.27019796682718
275773.411807,2775366.126422,0.0712454212454212,0.054029304029304,0.0122710622710623,0.367032967032967,0.148168498168498,0.347252747252747
276273.411807,2775366.126422,0.113861386138614,0.0892922625595893,0.00458379171250458,0.0671067106710671,0.072973964063073,0.652181884855152
276773.411807,2775366.126422,0.13956043956044,0.0600732600732601,0,0.0833333333333333,0.125091575091575,0.591941391941392
277273.411807,2775366.126422,0.093956043956044,0.0901098901098901,0,0.103113553113553,0.104395604395604,0.608424908424908
277773.411807,2775366.126422,0.0643564356435644,0.147781444811148,0.0579391272460579,0.048038137147048,0.0894756142280895,0.592409240924092
278273.411807,2775366.126422,0.0448717948717949,0.233150183150183,0.0498168498168498,0.225824175824176,0.0919413919413919,0.354395604395604
278773.411807,2775366.126422,0.0401098901098901,0.056959706959707,0.00457875457875458,0.402197802197802,0.123076923076923,0.373076923076923
279273.411807,2775366.126422,0.0870920425375871,0.190869086908691,0.0124679134580125,0.156398973230656,0.137697103043638,0.415474880821415
279773.411807,2775366.126422,0.17985347985348,0.126190476190476,0,0.144322344322344,0.109340659340659,0.44029304029304
280273.411807,2775366.126422,0.242673992673993,0.0315018315018315,0.000915750915750916,0.0423076923076923,0.130769230769231,0.551831501831502
280773.411807,2775366.126422,0.367253392005867,0.0300696736340301,0.00403373670700403,0.0152181884855152,0.0487715438210488,0.534653465346535
281273.411807,2775366.126422,0.872893772893773,0.000915750915750916,0,0.000366300366300366,0.00256410256410256,0.123260073260073
281773.411807,2775366.126422,0.617216117216117,0.00146520146520147,0,0.00384615384615385,0.0415750915750916,0.335897435897436
282273.411807,2775366.126422,0.714521452145215,0.00201686835350202,0,0.00623395672900623,0.037953795379538,0.239273927392739
282773.411807,2775366.126422,0.821978021978022,0.00274725274725275,0.000366300366300366,0.00695970695970696,0.0181318681318681,0.14981684981685
283273.411807,2775366.126422,0.645238095238095,0.0010989010989011,0,0.0043956043956044,0.0326007326007326,0.316666666666667
283773.411807,2775366.126422,0.579391272460579,0.00165016501650165,0,0.0225522552255226,0.033003300330033,0.363403006967363
284273.411807,2775366.126422,0.686080586080586,0.000183150183150183,0,0.0111721611721612,0.0342490842490843,0.268315018315018
284773.411807,2775366.126422,0.45970695970696,0.00622710622710623,0.00402930402930403,0.156410256410256,0.168864468864469,0.204761904761905
285273.411807,2775366.126422,0.268610194352769,0.00825082508250825,0,0.212871287128713,0.153098643197653,0.357169050238357
285773.411807,2775366.126422,0.724175824175824,0.0043956043956044,0,0.00311355311355311,0.026007326007326,0.242307692307692
286273.411807,2775366.126422,0.627655677655678,0.00164835164835165,0,0.0727106227106227,0.0391941391941392,0.258791208791209
286773.411807,2775366.126422,0.452878621195453,0.0526219288595526,0,0.276861019435277,0.0777411074440777,0.13989732306564
287273.411807,2775366.126422,0.0935897435897436,0.0945054945054945,0.0126373626373626,0.57032967032967,0.176373626373626,0.0525641025641026
287773.411807,2775366.126422,0.0764901509337426,0.118188795088258,0.00409311844461499,0.333077513430545,0.24379636735738,0.224354054745459
275273.411807,2774866.126422,0,0.0241092954728101,0,0.24939726761318,0.109027591749263,0.617465845164747
275773.411807,2774866.126422,0.0506143407298735,0.0607005318173482,0.000733541169998166,0.261324041811847,0.155510728039611,0.471116816431322
276273.411807,2774866.126422,0.0450797141286421,0.148982957669049,0.0205240974894631,0.461608942642478,0.183434121312076,0.140370166758292
276773.411807,2774866.126422,0.0418425399155808,0.14920168838319,0.0820334006239677,0.255092677555515,0.184804551293815,0.287025142227932
277273.411807,2774866.126422,0.0150375939849624,0.0792224463598019,0.0718870346598203,0.224830368604438,0.154777186869613,0.454245369521364
277773.411807,2774866.126422,0.0787978742899029,0.135422393256368,0.0269378779549203,0.0287703866593366,0.0689023272860546,0.661169140553418
278273.411807,2774866.126422,0.0508350155991925,0.119104422829877,0.0297302257294917,0.20352358230868,0.149018168471279,0.447788585061479
278773.411807,2774866.126422,0.092792958004768,0.0832569227947919,0.00366770584999083,0.350265908674124,0.289565376856776,0.180451127819549
279273.411807,2774866.126422,0.0599230346344145,0.0738501007879787,0.0106285504856148,0.241158145501191,0.249221183800623,0.365218984790178
279773.411807,2774866.126422,0.0794641218572215,0.211047898697009,0.000367039823820885,0.131400256927877,0.182051752615159,0.395668930078914
280273.411807,2774866.126422,0.0654685494223363,0.25582248303686,0.00641848523748395,0.0513478818998716,0.111314872547222,0.509627727856226
280773.411807,2774866.126422,0.164192779915705,0.14458493677845,0.0047645226314825,0.0520432472054242,0.148799706798607,0.485614806670332
281273.411807,2774866.126422,0.181317672967517,0.0934116351624151,0.000917599559552211,0.0679023674068636,0.125344099834832,0.53110662506882
281773.411807,2774866.126422,0.647533467815881,0.00990280579497524,0,0.0251237850724372,0.0735375022923162,0.24390243902439
282273.411807,2774866.126422,0.939893714495144,0.000366501740883269,0,0.000183250870441635,0.00751328568810702,0.0520432472054242
282773.411807,2774866.126422,0.764727472930813,0.015782712424298,0,0.00146815929528354,0.0126628739218205,0.205358781427785
283273.411807,2774866.126422,0.773885934348065,0.00311754997249221,0,0.000550155877498625,0.0115532734274711,0.210893086374473
283773.411807,2774866.126422,0.704599596848085,0.00329851566794942,0,0.00183250870441635,0.0168590800806304,0.273410298698919
284273.411807,2774866.126422,0.536979262249954,0.00146815929528354,0,0.00550559735731327,0.0311983850247752,0.424848596072674
284773.411807,2774866.126422,0.62387676508344,0.00183385292499542,0,0.00843572345497891,0.0225563909774436,0.343297267559142
285273.411807,2774866.126422,0.301814183617372,0.015026571376214,0.000549752611324904,0.236943375481034,0.148249954187282,0.297416162726773
285773.411807,2774866.126422,0.387043494219123,0.00275279867865663,0,0.278766746191962,0.168287759221876,0.163149201688383
286273.411807,2774866.126422,0.450761048963873,0.00898587933247754,0,0.149825783972125,0.0918760315422703,0.298551256189254
286773.411807,2774866.126422,0.430089792926516,0.0197910940076965,0,0.200476452263148,0.0780648708081363,0.271577789994502
287273.411807,2774866.126422,0.0429436593870435,0.0513855753349238,0.00789135621214902,0.65131216737016,0.164433841071756,0.0820334006239677
287773.411807,2774866.126422,0.0534937292039928,0.154594317890965,0.0760174046583056,0.411313027898643,0.135398003583312,0.169183516764781
275273.411807,2774366.126422,0.0380595014741356,0.312248726882873,0.000804073974805682,0.0450281425891182,0.0804073974805682,0.523452157598499
275773.411807,2774366.126422,0.0607228031553843,0.200330214639516,0,0.23115024766098,0.1284168042561,0.379379930288021
276273.411807,2774366.126422,0.054029304029304,0.130952380952381,0.000732600732600733,0.543040293040293,0.143406593406593,0.127838827838828
276773.411807,2774366.126422,0.0563302752293578,0.0801834862385321,0,0.190275229357798,0.11302752293578,0.560183486238532
277273.411807,2774366.126422,0.077600440286186,0.0165107319757843,0.0368739680792515,0.0132085855806274,0.0267840763162722,0.829022197761879
277773.411807,2774366.126422,0.0424908424908425,0.67948717948718,0.0391941391941392,0.000732600732600733,0.010989010989011,0.227106227106227
278273.411807,2774366.126422,0.035045871559633,0.288440366972477,0.0418348623853211,0.111559633027523,0.101834862385321,0.421284403669725
278773.411807,2774366.126422,0.0820033021463952,0.0335718216840947,0,0.465419189139607,0.240873234268941,0.178132452760961
279273.411807,2774366.126422,0.485164835164835,0.00567765567765568,0,0.0265567765567766,0.0672161172161172,0.415384615384615
279773.411807,2774366.126422,0.585504587155963,0.0735779816513761,0.00330275229357798,0.00788990825688073,0.0223853211009174,0.307339449541284
280273.411807,2774366.126422,0.55200880572372,0.0487983856173179,0,0.0139423958906623,0.0585213722252798,0.32672904054302
280773.411807,2774366.126422,0.563919413919414,0.0228937728937729,0,0.00677655677655678,0.0265567765567766,0.37985347985348
281273.411807,2774366.126422,0.482018348623853,0.0847706422018349,0.00128440366972477,0.0115596330275229,0.0700917431192661,0.350275229357798
281773.411807,2774366.126422,0.161805173362686,0.176664832140892,0.00238488350761328,0.0931939093744267,0.15978719501009,0.406164006604293
282273.411807,2774366.126422,0.24010989010989,0.131318681318681,0,0.0543956043956044,0.125641025641026,0.448534798534799
282773.411807,2774366.126422,0.445504587155963,0.0291743119266055,0,0.0214678899082569,0.0823853211009174,0.421467889908257
283273.411807,2774366.126422,0.309117593102183,0.0187121629058888,0,0.0403595670519171,0.0748486516235553,0.556962025316456
283773.411807,2774366.126422,0.272710622710623,0.0120879120879121,0,0.0252747252747253,0.0789377289377289,0.610989010989011
284273.411807,2774366.126422,0.58348623853211,0.00146788990825688,0,0.0313761467889908,0.0328440366972477,0.350825688073394
284773.411807,2774366.126422,0.589983489268024,0.001284168042561,0,0.0445789763346175,0.0332049165290772,0.33094844982572
285273.411807,2774366.126422,0.177472527472527,0.00421245421245421,0,0.363186813186813,0.194322344322344,0.260805860805861
285773.411807,2774366.126422,0.188256880733945,0.0163302752293578,0,0.386238532110092,0.191743119266055,0.21743119266055
286273.411807,2774366.126422,0.0851219959640433,0.0744817464685379,0.00091726288754357,0.264722069345074,0.29389102916896,0.280865896165841
286773.411807,2774366.126422,0.282967032967033,0.0626373626373626,0.00842490842490842,0.188461538461538,0.186446886446886,0.271062271062271
287273.411807,2774366.126422,0.0552293577981651,0.201651376146789,0.0704587155963303,0.311743119266055,0.170275229357798,0.190642201834862
287773.411807,2774366.126422,0.0653008962868118,0.149039692701665,0.0965428937259923,0.462483994878361,0.149807938540333,0.0768245838668374
275273.411807,2773866.126422,0.048689138576779,0.437667201712146,0,0.0607276618512574,0.0995184590690209,0.353397538790797
275773.411807,2773866.126422,0.0336996336996337,0.221062271062271,0.000183150183150183,0.273443223443223,0.126007326007326,0.345604395604396
276273.411807,2773866.126422,0.0463879721305464,0.105610561056106,0,0.432159882654932,0.164099743307664,0.251741840850752
276773.411807,2773866.126422,0.130769230769231,0.171611721611722,0,0.0435897435897436,0.05,0.604029304029304
277273.411807,2773866.126422,0.0811355311355311,0.0250915750915751,0.0492673992673993,0.252564102564103,0.102197802197802,0.48974358974359
277773.411807,2773866.126422,0.101576824349102,0.159332599926659,0.000183351668500183,0.187935460212688,0.0682068206820682,0.482764943160983
278273.411807,2773866.126422,0.0741758241758242,0.147985347985348,0,0.396336996336996,0.144871794871795,0.236630036630037
278773.411807,2773866.126422,0.0745421245421245,0.0287545787545788,0,0.623626373626374,0.154578754578755,0.118498168498168
279273.411807,2773866.126422,0.228089475614228,0.0353868720205354,0.00275027502750275,0.188852218555189,0.123395672900623,0.421525485881922
279773.411807,2773866.126422,0.578754578754579,0.000366300366300366,0,0.000549450549450549,0.0021978021978022,0.418131868131868
280273.411807,2773866.126422,0.805311355311355,0.00146520146520147,0,0,0,0.193223443223443
280773.411807,2773866.126422,0.821598826549322,0,0,0,0.000366703337000367,0.178034470113678
281273.411807,2773866.126422,0.785714285714286,0.000549450549450549,0,0.000366300366300366,0.00567765567765568,0.207692307692308
281773.411807,2773866.126422,0.706959706959707,0.00787545787545788,0,0.00238095238095238,0.0236263736263736,0.259157509157509
282273.411807,2773866.126422,0.633663366336634,0.0157682434910158,0.00128346167950128,0.00605060506050605,0.0793912724605794,0.263843050971764
282773.411807,2773866.126422,0.361904761904762,0.0532967032967033,0,0.0586080586080586,0.0851648351648352,0.441025641025641
283273.411807,2773866.126422,0.436080586080586,0.00274725274725275,0.0163003663003663,0.00146520146520147,0.00769230769230769,0.535714285714286
283773.411807,2773866.126422,0.222405573890722,0.0022002200220022,0.000366703337000367,0.0044004400440044,0.00366703337000367,0.766960029336267
284273.411807,2773866.126422,0.281135531135531,0.00604395604395604,0.00842490842490842,0.0203296703296703,0.0194139194139194,0.664652014652015
284773.411807,2773866.126422,0.429120879120879,0.0137362637362637,0,0.119230769230769,0.116117216117216,0.321794871794872
285273.411807,2773866.126422,0.537770443711038,0.00146681334800147,0,0.0804913824715805,0.0546387972130546,0.325632563256326
285773.411807,2773866.126422,0.153663003663004,0.0322344322344322,0.000732600732600733,0.213369963369963,0.226373626373626,0.373626373626374
286273.411807,2773866.126422,0.0258241758241758,0.0853479853479854,0.0166666666666667,0.380586080586081,0.289194139194139,0.202380952380952
286773.411807,2773866.126422,0.0322698936560323,0.182434910157682,0.0544554455445545,0.445177851118445,0.161716171617162,0.123945727906124
287273.411807,2773866.126422,0.103113553113553,0.12967032967033,0.0868131868131868,0.348717948717949,0.161538461538462,0.17014652014652
287773.411807,2773866.126422,0.155026861089793,0.056792018419033,0.0202097723202865,0.304681504221028,0.187515988743924,0.275773855205935
275273.411807,2773366.126422,0.0908116796142513,0.0776855076346102,0.34315563889633,0.015269220466113,0.0423252076078221,0.430752745780873
275773.411807,2773366.126422,0.0935264991747662,0.195488721804511,0,0.0234733174399413,0.0401613790573996,0.647350082523382
276273.411807,2773366.126422,0.0390324354040682,0.316657504123145,0.0199743448781382,0.133040131940627,0.059190031152648,0.432105552501374
276773.411807,2773366.126422,0.0934116351624151,0.27803266654432,0.000367039823820885,0.0849697192145348,0.127729858689668,0.415489080565241
277273.411807,2773366.126422,0.0737208875848157,0.0658353200073354,0,0.535485054098661,0.155327342747112,0.169631395562076
277773.411807,2773366.126422,0.0628550485614807,0.0487447315374748,0.0348176653839106,0.555433388308594,0.142935678944475,0.155213487264065
278273.411807,2773366.126422,0.0561570930445953,0.0284455863461186,0.00110111947146265,0.698660304643054,0.181317672967517,0.0343182235272527
278773.411807,2773366.126422,0.0372272143774069,0.0218228498074454,0.00348432055749129,0.783788740143041,0.114065651934715,0.039611223179901
279273.411807,2773366.126422,0.130474619754444,0.0518599963349826,0.000183250870441635,0.426974528129009,0.224115814550119,0.166391790361004
