"x","y","forest","agri","water","built","other","grass"
160773.411807,2571866.126422,0.047985347985348,0.195604395604396,0.0379120879120879,0.0923076923076923,0.178937728937729,0.447252747252747
161273.411807,2571866.126422,0.0543119266055046,0.25743119266055,0.13394495412844,0.0618348623853211,0.0899082568807339,0.40256880733945
161773.411807,2571866.126422,0.0293524124013942,0.21537332599523,0.107319757842598,0.0357732526141992,0.110071546505228,0.50210970464135
162273.411807,2571866.126422,0.0144688644688645,0.426190476190476,0.000183150183150183,0.0188644688644689,0.0807692307692308,0.45952380952381
162773.411807,2571866.126422,0.024954128440367,0.499082568807339,0,0.0572477064220183,0.0910091743119266,0.327706422018349
163273.411807,2571866.126422,0.0361401577692167,0.374610163272794,0.00715465052283985,0.0506329113924051,0.0757659145110989,0.455696202531646
163773.411807,2571866.126422,0.0807692307692308,0.0776556776556777,0,0.229304029304029,0.250732600732601,0.361538461538462
164273.411807,2571866.126422,0.0539449541284404,0.408073394495413,0,0.0680733944954128,0.0787155963302752,0.391192660550459
164773.411807,2571866.126422,0.0456796917996698,0.19831223628692,0.0410933773619519,0.0739313887360117,0.121812511465786,0.519170794349661
165273.411807,2571866.126422,0.00915750915750916,0.423809523809524,0.0695970695970696,0.0340659340659341,0.0996336996336996,0.363736263736264
165773.411807,2571866.126422,0.0247706422018349,0.527706422018349,0.00055045871559633,0.0554128440366972,0.028256880733945,0.363302752293578
166273.411807,2571866.126422,0.130251330031187,0.164923867180334,0.0480645753072831,0.0447624289121262,0.0792515134837644,0.532746285085305
166773.411807,2571866.126422,0.0195970695970696,0.176923076923077,0.331135531135531,0.0542124542124542,0.0935897435897436,0.324542124542125
167273.411807,2571866.126422,0.0829357798165138,0.149724770642202,0.0981651376146789,0.12256880733945,0.129174311926606,0.41743119266055
167773.411807,2571866.126422,0.161438268207668,0.128049899101082,0.01284168042561,0.0348559897266557,0.0882406897816914,0.574573472757292
168273.411807,2571866.126422,0.032967032967033,0.267032967032967,0.00146520146520147,0.168681318681319,0.078021978021978,0.451831501831502
168773.411807,2571866.126422,0.0374311926605505,0.287706422018349,0.000917431192660551,0.128990825688073,0.0554128440366972,0.48954128440367
169273.411807,2571866.126422,0.0152265639332233,0.181434599156118,0.0809025866813429,0.199596404329481,0.167859108420473,0.354980737479362
169773.411807,2571866.126422,0.00714285714285714,0.124542124542125,0.486080586080586,0.0639194139194139,0.0261904761904762,0.292124542124542
170273.411807,2571866.126422,0.0172477064220183,0.166788990825688,0.363669724770642,0.0770642201834862,0.071743119266055,0.30348623853211
170773.411807,2571866.126422,0.0187121629058888,0.181618051733627,0.324711062190424,0.0607228031553843,0.1726288754357,0.241607044578976
171273.411807,2571866.126422,0.0289377289377289,0.387179487179487,0,0.0518315018315018,0.0245421245421245,0.507509157509157
171773.411807,2571866.126422,0.0172477064220183,0.368807339449541,0.00715596330275229,0.0258715596330275,0.0688073394495413,0.512110091743119
172273.411807,2571866.126422,0.00366905155017428,0.36085121995964,0,0.0286186020913594,0.0273344340487984,0.579526692350028
172773.411807,2571866.126422,0.0133699633699634,0.579304029304029,0.00787545787545788,0.00695970695970696,0.0108058608058608,0.381684981684982
160773.411807,2571366.126422,0.0766409974330766,0.266226622662266,0.000366703337000367,0.162449578291162,0.17950128346168,0.314814814814815
161273.411807,2571366.126422,0.0717948717948718,0.193772893772894,0.0232600732600733,0.232234432234432,0.145238095238095,0.333699633699634
161773.411807,2571366.126422,0.12967032967033,0.0877289377289377,0.000732600732600733,0.203296703296703,0.212087912087912,0.366483516483516
162273.411807,2571366.126422,0.0546387972130546,0.316648331499817,0,0.0540887422075541,0.126512651265127,0.448111477814448
162773.411807,2571366.126422,0.0357142857142857,0.324908424908425,0,0.0234432234432234,0.144139194139194,0.471794871794872
163273.411807,2571366.126422,0.0844322344322344,0.315201465201465,0,0.0230769230769231,0.0864468864468864,0.490842490842491
163773.411807,2571366.126422,0.0504217088375504,0.114411441144114,0,0.226806013934727,0.256692335900257,0.351668500183352
164273.411807,2571366.126422,0.0816849816849817,0.152380952380952,0,0.186996336996337,0.20970695970696,0.369230769230769
164773.411807,2571366.126422,0.0875457875457875,0.271245421245421,0,0.093040293040293,0.111538461538462,0.436630036630037
165273.411807,2571366.126422,0.0500550055005501,0.383204987165383,0,0.0924092409240924,0.0885588558855886,0.385771910524386
165773.411807,2571366.126422,0.0366300366300366,0.434065934065934,0,0.0558608058608059,0.0738095238095238,0.3996336996337
166273.411807,2571366.126422,0.0582417582417582,0.165567765567766,0.0496336996336996,0.0289377289377289,0.118681318681319,0.578937728937729
166773.411807,2571366.126422,0.165199853318665,0.0755408874220755,0.0876420975430876,0.134763476347635,0.208470847084708,0.328382838283828
167273.411807,2571366.126422,0.0529304029304029,0.0646520146520147,0.0183150183150183,0.462271062271062,0.166483516483516,0.235347985347985
167773.411807,2571366.126422,0.056043956043956,0.169047619047619,0.315934065934066,0.141391941391941,0.0648351648351648,0.252747252747253
168273.411807,2571366.126422,0.127062706270627,0.0977264393105977,0.030986431976531,0.0764576457645765,0.156949028236157,0.510817748441511
168773.411807,2571366.126422,0.0408424908424908,0.328754578754579,0.0534798534798535,0.0578754578754579,0.0683150183150183,0.450732600732601
169273.411807,2571366.126422,0.0291208791208791,0.105860805860806,0.165018315018315,0.198901098901099,0.128021978021978,0.373076923076923
169773.411807,2571366.126422,0.00935093509350935,0.112944627796113,0.360836083608361,0.22973964063073,0.0502383571690502,0.236890355702237
170273.411807,2571366.126422,0.0144688644688645,0.130952380952381,0.0362637362637363,0.395054945054945,0.0598901098901099,0.363369963369963
170773.411807,2571366.126422,0.0208791208791209,0.129120879120879,0.285347985347985,0.0815018315018315,0.0549450549450549,0.428205128205128
171273.411807,2571366.126422,0.0280528052805281,0.260909424275761,0.118078474514118,0.0881921525485882,0.0687568756875688,0.436010267693436
171773.411807,2571366.126422,0.0291208791208791,0.188827838827839,0.0593406593406593,0.179120879120879,0.0945054945054945,0.449084249084249
172273.411807,2571366.126422,0.0163003663003663,0.305311355311355,0.158608058608059,0.0534798534798535,0.0648351648351648,0.401465201465201
172773.411807,2571366.126422,0.0454712137880455,0.313164649798313,0.0528052805280528,0.128896222955629,0.0870920425375871,0.372570590392373
160773.411807,2570866.126422,0.00659703133589885,0.439802089059923,0,0.0196078431372549,0.115264797507788,0.418728238959135
161273.411807,2570866.126422,0.00605615709304459,0.331620480822169,0,0.112681225913012,0.179115434024592,0.370526702147183
161773.411807,2570866.126422,0.0297084173849257,0.392627911241518,0,0.0326425820649184,0.16394645149459,0.381074637814047
162273.411807,2570866.126422,0.00586402785413231,0.465823712662635,0,0.0047645226314825,0.106835257467473,0.416712479384277
162773.411807,2570866.126422,0.0233070288126262,0.414020921269958,0.00367039823820885,0.0214718296935217,0.122407781244265,0.41512204074142
163273.411807,2570866.126422,0.0410783055198973,0.253805244819366,0.044379240784889,0.0856409315972859,0.116816431322208,0.458279845956354
163773.411807,2570866.126422,0.0696353307678211,0.127909107568261,0.151548469855232,0.0808136338647609,0.119296316657504,0.450797141286421
164273.411807,2570866.126422,0.0794641218572215,0.144430170673518,0.156358964947697,0.0873554780693705,0.0732244448522665,0.459166819599927
164773.411807,2570866.126422,0.0724371905373189,0.402897487621493,0.0152209792774619,0.0251237850724372,0.0209059233449477,0.463414634146341
165273.411807,2570866.126422,0.100421477002016,0.209089243173905,0.00714678394722375,0.188748396554884,0.165292285138354,0.329301814183617
165773.411807,2570866.126422,0.0908423563956689,0.0244081482840888,0.00972655533125344,0.431822352725271,0.247568361167187,0.195632226096531
166273.411807,2570866.126422,0.066385475884834,0.0135705116449661,0,0.502108930863745,0.269392994681827,0.148542086924629
166773.411807,2570866.126422,0.111966281839839,0.10646875572659,0,0.182151365218985,0.0859446582371266,0.51346893897746
167273.411807,2570866.126422,0.039823820884566,0.0499174160396403,0.000917599559552211,0.541016700311984,0.166819599926592,0.201504863277666
167773.411807,2570866.126422,0.146524848707134,0.0654685494223363,0.0159545204474601,0.155143957454612,0.203557674674491,0.413350449293967
168273.411807,2570866.126422,0.0954737035000916,0.15136521898479,0.0415979475902511,0.0597397837639729,0.117463807953088,0.534359538207806
168773.411807,2570866.126422,0.122958340979996,0.217287575701964,0.0495503762158194,0.117452743622683,0.0640484492567444,0.428702514222793
169273.411807,2570866.126422,0.0962772785622593,0.359068402714102,0,0.0485971025123785,0.0566660553823583,0.439391160828902
169773.411807,2570866.126422,0.097306212204508,0.083745647791827,0.132490379329302,0.0982224665567161,0.109950522264981,0.478284771852666
170273.411807,2570866.126422,0.0321159845843274,0.106258028996146,0.0499174160396403,0.295650578087722,0.0860708386859974,0.429987153606166
170773.411807,2570866.126422,0.0273244085824317,0.207225380524482,0.131670640014671,0.220979277461948,0.0429121584448927,0.369888134971575
171273.411807,2570866.126422,0.0262048744731537,0.108484515301448,0.294300897929265,0.192230163093275,0.0656038116181052,0.313175737584754
171773.411807,2570866.126422,0.0113782345384474,0.104606349788952,0.277298586896678,0.267755551477335,0.139842172875757,0.19911910442283
172273.411807,2570866.126422,0.046396479002384,0.196222262974509,0.0553823583348615,0.122868145974693,0.161012286814597,0.418118466898955
172773.411807,2570866.126422,0.0415979475902511,0.181968114348543,0.0593732820230896,0.127359354956936,0.131574124977094,0.458127176104086
160773.411807,2570366.126422,0.0043956043956044,0.310622710622711,0.12967032967033,0.0457875457875458,0.150915750915751,0.358608058608059
161273.411807,2570366.126422,0.0278899082568807,0.205504587155963,0.066605504587156,0.0502752293577982,0.142018348623853,0.507706422018349
161773.411807,2570366.126422,0.0234819299211154,0.300862227114291,0.0275178866263071,0.0555861309851403,0.0708126949183636,0.521739130434783
162273.411807,2570366.126422,0.0201465201465201,0.198901098901099,0.27967032967033,0.0393772893772894,0.0793040293040293,0.382600732600733
162773.411807,2570366.126422,0.0128440366972477,0.136146788990826,0.30697247706422,0.0721100917431193,0.0831192660550459,0.388807339449541
163273.411807,2570366.126422,0.0176114474408365,0.15263254448725,0.0587048248027885,0.143276463034306,0.0963126031920749,0.531462117042744
163773.411807,2570366.126422,0.0238095238095238,0.361172161172161,0.00787545787545788,0.0164835164835165,0.0615384615384615,0.529120879120879
164273.411807,2570366.126422,0.0744954128440367,0.309357798165138,0.0231192660550459,0.00256880733944954,0.0537614678899083,0.536697247706422
164773.411807,2570366.126422,0.0561364887176665,0.149697303247111,0.247660979636764,0.0119244175380664,0.0341221794166208,0.500458631443772
165273.411807,2570366.126422,0.0115384615384615,0.84047619047619,0,0.00512820512820513,0.0261904761904762,0.116666666666667
165773.411807,2570366.126422,0.0411009174311927,0.158532110091743,0,0.554311926605505,0.106605504587156,0.139449541284404
166273.411807,2570366.126422,0.0247660979636764,0.0078884608328747,0.00220143093010457,0.822601357549074,0.124931205283434,0.0176114474408365
166773.411807,2570366.126422,0.0868131868131868,0.0826007326007326,0,0.387362637362637,0.193406593406593,0.24981684981685
167273.411807,2570366.126422,0.0343119266055046,0.150642201834862,0.0642201834862385,0.155229357798165,0.108440366972477,0.487155963302752
167773.411807,2570366.126422,0.0436617134470739,0.117226197028068,0.0667767382131719,0.163272793982755,0.210053201247478,0.399009356081453
168273.411807,2570366.126422,0.0291208791208791,0.203113553113553,0.111721611721612,0.109340659340659,0.162454212454212,0.384249084249084
168773.411807,2570366.126422,0.0295412844036697,0.210642201834862,0.230825688073394,0.0660550458715596,0.0581651376146789,0.404770642201835
169273.411807,2570366.126422,0.0181618051733627,0.492937075765915,0.0744817464685379,0.0412768299394606,0.0407264722069345,0.33241607044579
169773.411807,2570366.126422,0.0703296703296703,0.247985347985348,0.01996336996337,0.0758241758241758,0.101831501831502,0.484065934065934
170273.411807,2570366.126422,0.0341284403669725,0.28256880733945,0,0.00587155963302752,0.0211009174311927,0.656330275229358
170773.411807,2570366.126422,0.0509998165474225,0.232250963126032,0.0225646670335718,0.155017427994863,0.0805356815263254,0.458631443771785
171273.411807,2570366.126422,0.0769230769230769,0.122344322344322,0.146336996336996,0.0624542124542125,0.0811355311355311,0.510805860805861
171773.411807,2570366.126422,0.0998165137614679,0.115779816513761,0.100183486238532,0.13394495412844,0.253761467889908,0.29651376146789
172273.411807,2570366.126422,0.0687947165657677,0.216107136305265,0,0.205099981654742,0.188405797101449,0.321592368372776
172773.411807,2570366.126422,0.0866300366300366,0.229487179487179,0,0.0983516483516483,0.0703296703296703,0.515201465201465
160773.411807,2569866.126422,0.017968463513018,0.161349468280161,0.364686468646865,0.0185185185185185,0.059039237257059,0.378437843784378
161273.411807,2569866.126422,0.0501831501831502,0.105677655677656,0.404212454212454,0.0232600732600733,0.041025641025641,0.375641025641026
161773.411807,2569866.126422,0.0578754578754579,0.0750915750915751,0.256227106227106,0.132783882783883,0.133699633699634,0.344322344322344
162273.411807,2569866.126422,0.046021268793546,0.14026402640264,0.18958562522919,0.00495049504950495,0.0515218188485515,0.567656765676568
162773.411807,2569866.126422,0.0331501831501832,0.189377289377289,0.0926739926739927,0.00604395604395604,0.0423076923076923,0.636446886446886
163273.411807,2569866.126422,0.0188644688644689,0.357509157509158,0.000183150183150183,0.010989010989011,0.0397435897435897,0.572710622710623
163773.411807,2569866.126422,0.057022368903557,0.396406307297396,0,0.00311697836450312,0.0377704437110378,0.505683901723506
164273.411807,2569866.126422,0.0730769230769231,0.360805860805861,0,0.0214285714285714,0.0882783882783883,0.456410256410256
164773.411807,2569866.126422,0.0501831501831502,0.269413919413919,0.127838827838828,0.000366300366300366,0.0269230769230769,0.525274725274725
165273.411807,2569866.126422,0.0251191785845251,0.186835350201687,0.173083975064173,0.0144847818115145,0.0623395672900623,0.538137147048038
165773.411807,2569866.126422,0.0893772893772894,0.0844322344322344,0,0.381684981684982,0.208791208791209,0.235714285714286
166273.411807,2569866.126422,0.086996336996337,0.0205128205128205,0,0.592673992673993,0.194688644688645,0.105128205128205
166773.411807,2569866.126422,0.0654565456545655,0.115694902823616,0,0.262559589292263,0.150531719838651,0.405757242390906
167273.411807,2569866.126422,0.0679487179487179,0.251831501831502,0.00256410256410256,0.0311355311355311,0.0358974358974359,0.610622710622711
167773.411807,2569866.126422,0.137728937728938,0.176373626373626,0.0164835164835165,0.0476190476190476,0.114652014652015,0.507142857142857
168273.411807,2569866.126422,0.0363036303630363,0.2995966263293,0.0755408874220755,0.0913091309130913,0.20957095709571,0.287678767876788
168773.411807,2569866.126422,0.00769230769230769,0.153663003663004,0.204578754578755,0.191391941391941,0.136630036630037,0.306043956043956
169273.411807,2569866.126422,0.0179487179487179,0.141758241758242,0.244871794871795,0.112087912087912,0.0377289377289377,0.445604395604396
169773.411807,2569866.126422,0.0210854418775211,0.236890355702237,0.143747708104144,0.105427209387605,0.14044737807114,0.352401906857352
170273.411807,2569866.126422,0.0554945054945055,0.0974358974358974,0.158424908424908,0.106593406593407,0.0791208791208791,0.502930402930403
170773.411807,2569866.126422,0.0701465201465201,0.137179487179487,0.05,0.0305860805860806,0.0675824175824176,0.644505494505495
171273.411807,2569866.126422,0.0100843417675101,0.369086908690869,0,0.0359369270260359,0.0311697836450312,0.553722038870554
171773.411807,2569866.126422,0.0463369963369963,0.222893772893773,0.168498168498169,0.0857142857142857,0.101648351648352,0.374908424908425
172273.411807,2569866.126422,0.0591575091575092,0.136630036630037,0.129120879120879,0.131135531135531,0.144871794871795,0.399084249084249
172773.411807,2569866.126422,0.125962596259626,0.306930693069307,0.00055005500550055,0.0911257792445911,0.134946828016135,0.34048404840484
160773.411807,2569366.126422,0.00824628916987356,0.226681326736302,0.159428257284222,0.000549752611324904,0.0346344145134689,0.570459959684808
161273.411807,2569366.126422,0.0363369425582676,0.427784914663241,0.0919434758671316,0.00385391815011929,0.0124793540099101,0.427601394751331
161773.411807,2569366.126422,0.0561158995048597,0.336878782321658,0.0377773702549056,0.0597836053548505,0.0548322024573629,0.454612140106363
162273.411807,2569366.126422,0.0131940626717977,0.379879054425509,0,0.00311526479750779,0.0311526479750779,0.572658970130108
162773.411807,2569366.126422,0.0310148651128647,0.304459533859424,0,0.0390897412369242,0.0893741971003854,0.536061662690402
163273.411807,2569366.126422,0.0562992847973593,0.238400880249404,0,0.138272510544654,0.119750596002201,0.447276728406382
163773.411807,2569366.126422,0.0813633864760858,0.211105002748763,0,0.168590800806304,0.186549386109584,0.352391423859263
164273.411807,2569366.126422,0.0587263718113415,0.306661772802349,0,0.0880895577170123,0.133051936135071,0.413470361534226
164773.411807,2569366.126422,0.0929763432972676,0.434623143223913,0.0102695763799743,0.0210893086374473,0.0289748762149276,0.41206675224647
165273.411807,2569366.126422,0.0914421843503757,0.227231079347627,0.11544804837823,0.0786146234194612,0.0967564595931831,0.390507604911123
165773.411807,2569366.126422,0.141860891906772,0.276564507249037,0.0423930996513122,0.0618462103138191,0.0545054138374014,0.422829877041659
166273.411807,2569366.126422,0.0456629378323858,0.240234733174399,0.00861910874747845,0.343113882266642,0.0909591050797726,0.271410232899321
166773.411807,2569366.126422,0.0580905259299982,0.183617372182518,0,0.320505772402419,0.181968114348543,0.255818215136522
167273.411807,2569366.126422,0.0594604514589833,0.26573683244632,0,0.0394567810607451,0.105340429436594,0.530005505597357
167773.411807,2569366.126422,0.0995782138272511,0.10783055198973,0.0130203557674674,0.110581331377224,0.169448010269576,0.499541536768751
168273.411807,2569366.126422,0.0379329301814184,0.242440901594283,0.0348176653839106,0.108301264431006,0.254168957302547,0.322338281106835
168773.411807,2569366.126422,0.00311983850247752,0.0728574050284456,0.207193980546889,0.424114516425032,0.188658469443935,0.104055790053221
169273.411807,2569366.126422,0.0106363469649734,0.170181551439575,0.269759765266826,0.114432422519714,0.0775719787273061,0.357417935081606
169773.411807,2569366.126422,0.0227231079347627,0.146967198094191,0.233828110683526,0.0412314458493678,0.0903426791277259,0.464907458310427
170273.411807,2569366.126422,0.111580106441549,0.0702881262616994,0.181501192879427,0.0965314736648926,0.143329051202055,0.396770049550376
170773.411807,2569366.126422,0.0478635613423803,0.168347698514579,0.200623509994498,0.0909591050797726,0.110764716669723,0.381441408399046
171273.411807,2569366.126422,0.0414146967198094,0.14458493677845,0.199193696170057,0.0798973795125527,0.135055891515485,0.399853399303647
171773.411807,2569366.126422,0.0214718296935217,0.359148467608736,0,0.044411818682327,0.0211047898697009,0.553863094145715
172273.411807,2569366.126422,0.022006235099945,0.277461947551806,0,0.0295250320924262,0.0746378140473134,0.596368971208509
172773.411807,2569366.126422,0.0131940626717977,0.523364485981308,0,0.0656038116181052,0.061205790727506,0.336631849001283
160773.411807,2568866.126422,0.0232600732600733,0.437545787545788,0,0.000732600732600733,0.0293040293040293,0.509157509157509
161273.411807,2568866.126422,0.0561467889908257,0.282201834862385,0.0677064220183486,0.0223853211009174,0.0223853211009174,0.549174311926605
161773.411807,2568866.126422,0.0559530361401578,0.287286736378646,0.00385250412768299,0.0464135021097046,0.0625573289304715,0.543936892313337
162273.411807,2568866.126422,0.0184981684981685,0.40989010989011,0,0.00915750915750916,0.0443223443223443,0.518131868131868
162773.411807,2568866.126422,0.0594495412844037,0.271376146788991,0,0.0607339449541284,0.0444036697247706,0.564036697247706
163273.411807,2568866.126422,0.0504494588148963,0.21830856723537,0.0563199412951752,0.21115391671253,0.144927536231884,0.318840579710145
163773.411807,2568866.126422,0.0721611721611722,0.240659340659341,0.0043956043956044,0.149084249084249,0.142124542124542,0.391575091575092
164273.411807,2568866.126422,0.0910091743119266,0.0965137614678899,0,0.245688073394495,0.220917431192661,0.345871559633028
164773.411807,2568866.126422,0.0579710144927536,0.198862594019446,0,0.289488167308751,0.197211520821868,0.256466703357182
165273.411807,2568866.126422,0.0419413919413919,0.533882783882784,0,0.0223443223443223,0.065018315018315,0.336813186813187
165773.411807,2568866.126422,0.0434862385321101,0.204403669724771,0.16,0.0245871559633028,0.0409174311926606,0.526605504587156
166273.411807,2568866.126422,0.0324711062190424,0.510915428361769,0,0.0612731608879105,0.0330214639515685,0.36231884057971
166773.411807,2568866.126422,0.0423076923076923,0.498534798534799,0.0111721611721612,0.0415750915750916,0.0395604395604396,0.366849816849817
167273.411807,2568866.126422,0.0177981651376147,0.380917431192661,0,0.0201834862385321,0.0258715596330275,0.555229357798165
167773.411807,2568866.126422,0.0443955237571088,0.256650155934691,0,0.0267840763162722,0.0616400660429279,0.610530177949
168273.411807,2568866.126422,0.0395604395604396,0.143406593406593,0.0536630036630037,0.243956043956044,0.21978021978022,0.2996336996337
168773.411807,2568866.126422,0.0561467889908257,0.211743119266055,0.22954128440367,0.121834862385321,0.104220183486239,0.27651376146789
169273.411807,2568866.126422,0.00238488350761328,0.254265272427078,0.225646670335718,0.064758759860576,0.0537516052100532,0.399192808658962
169773.411807,2568866.126422,0.0527472527472527,0.16025641025641,0.0972527472527473,0.0549450549450549,0.20989010989011,0.424908424908425
170273.411807,2568866.126422,0.0612844036697248,0.121834862385321,0.127339449541284,0.142385321100917,0.112477064220183,0.434678899082569
170773.411807,2568866.126422,0.153733259952302,0.093010456796918,0.0919097413318657,0.0966795083470923,0.104934874334984,0.459732159236837
171273.411807,2568866.126422,0.0465201465201465,0.136446886446886,0.321062271062271,0.0989010989010989,0.146703296703297,0.2503663003663
171773.411807,2568866.126422,0.139449541284404,0.120183486238532,0.0313761467889908,0.127522935779817,0.118348623853211,0.463119266055046
172273.411807,2568866.126422,0.139974316639149,0.195193542469272,0,0.0504494588148963,0.080168776371308,0.534213905705375
172773.411807,2568866.126422,0.0254578754578755,0.483699633699634,0,0.052014652014652,0.0686813186813187,0.37014652014652
160773.411807,2568366.126422,0.063989732306564,0.398239823982398,0,0.0414374770810414,0.0685735240190686,0.427759442610928
161273.411807,2568366.126422,0.0351648351648352,0.442124542124542,0,0.0615384615384615,0.0529304029304029,0.408241758241758
161773.411807,2568366.126422,0.0899267399267399,0.091025641025641,0,0.271245421245421,0.261904761904762,0.285897435897436
162273.411807,2568366.126422,0.0594059405940594,0.406674000733407,0,0.01998533186652,0.0352035203520352,0.478731206453979
162773.411807,2568366.126422,0.0602564102564103,0.336080586080586,0,0.000549450549450549,0.00677655677655678,0.596336996336996
163273.411807,2568366.126422,0.019047619047619,0.347252747252747,0.0750915750915751,0.0556776556776557,0.0875457875457875,0.415384615384615
163773.411807,2568366.126422,0.0187018701870187,0.323799046571324,0.14008067473414,0.147414741474147,0.0892922625595893,0.280711404473781
164273.411807,2568366.126422,0.067032967032967,0.437728937728938,0,0.0617216117216117,0.0741758241758242,0.359340659340659
164773.411807,2568366.126422,0.0426739926739927,0.551465201465202,0,0.0961538461538462,0.0970695970695971,0.212637362637363
165273.411807,2568366.126422,0.0190685735240191,0.501283461679501,0,0.0656398973230656,0.0469380271360469,0.367070040337367
165773.411807,2568366.126422,0.0254578754578755,0.139194139194139,0.224908424908425,0.0152014652014652,0.0289377289377289,0.566300366300366
166273.411807,2568366.126422,0.0212454212454212,0.353113553113553,0,0.0230769230769231,0.0232600732600733,0.579304029304029
166773.411807,2568366.126422,0.0581224789145581,0.297396406307297,0,0.0397873120645398,0.0726072607260726,0.532086541987532
167273.411807,2568366.126422,0.0472527472527473,0.238095238095238,0,0.0111721611721612,0.0168498168498168,0.686630036630037
167773.411807,2568366.126422,0.0371794871794872,0.176373626373626,0.155677655677656,0.170512820512821,0.181318681318681,0.278937728937729
168273.411807,2568366.126422,0.0597726439310598,0.128712871287129,0.0847084708470847,0.222405573890722,0.133296662999633,0.371103777044371
168773.411807,2568366.126422,0.043956043956044,0.218131868131868,0.082967032967033,0.0972527472527473,0.112087912087912,0.445604395604396
169273.411807,2568366.126422,0.0159340659340659,0.177289377289377,0.296153846153846,0.0144688644688645,0.0340659340659341,0.462087912087912
169773.411807,2568366.126422,0.0834250091675834,0.104693802713605,0.111294462779611,0.0630729739640631,0.220755408874221,0.416758342500917
170273.411807,2568366.126422,0.0600732600732601,0.158791208791209,0.213736263736264,0.0847985347985348,0.105128205128205,0.377472527472527
170773.411807,2568366.126422,0.171245421245421,0.115567765567766,0.102747252747253,0.0613553113553114,0.121794871794872,0.427289377289377
171273.411807,2568366.126422,0.0322698936560323,0.151998533186652,0.165383204987165,0.284195086175284,0.175467546754675,0.190685735240191
171773.411807,2568366.126422,0.0527472527472527,0.0840659340659341,0.197069597069597,0.117948717948718,0.217032967032967,0.331135531135531
172273.411807,2568366.126422,0.0681318681318681,0.133150183150183,0.127289377289377,0.0866300366300366,0.117948717948718,0.466849816849817
172773.411807,2568366.126422,0.0273193986065273,0.48019801980198,0.0451045104510451,0.0946094609460946,0.0683901723505684,0.284378437843784
160773.411807,2567866.126422,0.0448964632582005,0.327286054608759,0,0.0568077698369067,0.0758658603628367,0.495143851933297
161273.411807,2567866.126422,0.0203707102220591,0.328133602495871,0,0.052303174894476,0.0554230133969536,0.543769498990641
161773.411807,2567866.126422,0.0152209792774619,0.606088391710985,0,0.00843572345497891,0.0218228498074454,0.348432055749129
162273.411807,2567866.126422,0.00329851566794942,0.542789078248122,0,0,0.0106285504856148,0.443283855598314
162773.411807,2567866.126422,0.0941457148100569,0.26573683244632,0,0.0581758120756102,0.0726738851165352,0.509267755551477
163273.411807,2567866.126422,0.0915092609572712,0.180817898404548,0,0.12818631945718,0.14817531633963,0.451311204841372
163773.411807,2567866.126422,0.0351841671247938,0.354407183434121,0,0.0672530694520799,0.0956569543705333,0.447498625618472
164273.411807,2567866.126422,0.0836850798311617,0.341530556065333,0,0.172325197283905,0.0932281152505047,0.309231051569095
164773.411807,2567866.126422,0.0562992847973593,0.435173299101412,0.00311754997249221,0.10012836970475,0.134788189987163,0.270493306436824
165273.411807,2567866.126422,0.00678028220634048,0.772768920652373,0,0.000366501740883269,0.0404984423676012,0.179585853032802
165773.411807,2567866.126422,0.0273444668746559,0.179849513672233,0.181501192879427,0.0170673518076711,0.0284455863461186,0.565791888419894
166273.411807,2567866.126422,0.0159545204474601,0.410599669906474,0,0.0115532734274711,0.0478635613423803,0.514028974876215
166773.411807,2567866.126422,0.0749496060106286,0.0716510903426791,0,0.276708814366868,0.205973978376397,0.370716510903427
167273.411807,2567866.126422,0.05395485410167,0.158744723802533,0.0811158010644155,0.0862543585979079,0.0581758120756102,0.561754450357864
167773.411807,2567866.126422,0.0364936732074088,0.255272327159362,0.188703465982028,0.0680359435173299,0.0876581698147808,0.36383642031909
168273.411807,2567866.126422,0.0641378046545721,0.239508887667216,0.118929814916621,0.0584570276708814,0.0703683342495877,0.448598130841121
168773.411807,2567866.126422,0.0888236373646541,0.182051752615159,0.120756102037071,0.066801247935401,0.272710589098917,0.268856670948798
169273.411807,2567866.126422,0.10416284613974,0.147258389877132,0.246653218411883,0.0379607555474051,0.0711534934898221,0.392811296534018
169773.411807,2567866.126422,0.0119113065787062,0.112332783580722,0.327469305479201,0.0218068535825545,0.0656038116181052,0.460875939160711
170273.411807,2567866.126422,0.0113782345384474,0.117819783446504,0.3444668746559,0.0339511837034318,0.0480822169205359,0.444301706735181
170773.411807,2567866.126422,0.0302585732624244,0.137172198789657,0.293416467999266,0.0876581698147808,0.115349348982212,0.33614524115166
171273.411807,2567866.126422,0.00989554700384827,0.16364302730438,0.32178852849551,0.130841121495327,0.148066703316841,0.225765072384094
171773.411807,2567866.126422,0.0506514956872821,0.195265186272711,0.183703431822353,0.0959809139291613,0.17030647825289,0.304092494035603
172273.411807,2567866.126422,0.0353933614524115,0.0889418668622776,0.190353933614524,0.17604988079956,0.174766183752063,0.334494773519164
172773.411807,2567866.126422,0.0663368150998717,0.145501191130658,0.187648891332234,0.0434304562946674,0.126443100604728,0.430639545537841
160773.411807,2567366.126422,0.00384615384615385,0.282967032967033,0.0573260073260073,0.132417582417582,0.0575091575091575,0.465934065934066
161273.411807,2567366.126422,0.0574311926605505,0.222752293577982,0.0122935779816514,0.157064220183486,0.0988990825688073,0.451559633027523
161773.411807,2567366.126422,0.073747936158503,0.323059988992845,0,0.0500825536598789,0.0774169877086773,0.475692533480095
162273.411807,2567366.126422,0.0417582417582418,0.486080586080586,0,0.0278388278388278,0.0492673992673993,0.395054945054945
162773.411807,2567366.126422,0.0644036697247706,0.341834862385321,0,0.0306422018348624,0.0559633027522936,0.507155963302752
163273.411807,2567366.126422,0.112823335167859,0.253348009539534,0,0.122913226930838,0.138506696019079,0.372408732342689
163773.411807,2567366.126422,0.0815018315018315,0.230952380952381,0,0.232234432234432,0.165018315018315,0.29029304029304
164273.411807,2567366.126422,0.0363302752293578,0.462018348623853,0.00715596330275229,0.0108256880733945,0.0640366972477064,0.419633027522936
164773.411807,2567366.126422,0.0260502660062374,0.553659878921299,0.000733810310034856,0.0165107319757843,0.0291689598238855,0.373876352962759
165273.411807,2567366.126422,0.0192307692307692,0.711904761904762,0,0.0168498168498168,0.0293040293040293,0.222710622710623
165773.411807,2567366.126422,0.0242201834862385,0.250091743119266,0.018348623853211,0.00238532110091743,0.0363302752293578,0.668623853211009
166273.411807,2567366.126422,0.0543019629425793,0.128233351678591,0.0790680609062557,0.112823335167859,0.13979086406164,0.485782425243075
166773.411807,2567366.126422,0.0633699633699634,0.157142857142857,0,0.119413919413919,0.113553113553114,0.546520146520146
167273.411807,2567366.126422,0.041651376146789,0.17045871559633,0.0992660550458716,0.0464220183486239,0.0392660550458716,0.602935779816514
167773.411807,2567366.126422,0.0654925701706109,0.111539167125298,0.142359200146762,0.0944780774169877,0.118143459915612,0.467987525224729
168273.411807,2567366.126422,0.056959706959707,0.178205128205128,0.138644688644689,0.0536630036630037,0.0836996336996337,0.488827838827839
168773.411807,2567366.126422,0.120917431192661,0.0642201834862385,0.0726605504587156,0.12256880733945,0.195412844036697,0.424220183486239
169273.411807,2567366.126422,0.0818198495688864,0.0770500825536599,0.156301596037424,0.116492386718033,0.195193542469272,0.373142542652724
169773.411807,2567366.126422,0.0155677655677656,0.122710622710623,0.304761904761905,0.165934065934066,0.188278388278388,0.202747252747253
170273.411807,2567366.126422,0.081651376146789,0.102385321100917,0.248256880733945,0.135412844036697,0.0954128440366973,0.336880733944954
170773.411807,2567366.126422,0.0579710144927536,0.123096679508347,0.256099798202165,0.0348559897266557,0.139240506329114,0.388736011740965
171273.411807,2567366.126422,0.0379120879120879,0.11959706959707,0.117399267399267,0.104029304029304,0.132967032967033,0.488095238095238
171773.411807,2567366.126422,0.0627522935779816,0.104403669724771,0.0458715596330275,0.0511926605504587,0.122752293577982,0.61302752293578
172273.411807,2567366.126422,0.0643918547055586,0.175931021830857,0.144744083654375,0.10273344340488,0.161621720785177,0.350577875619152
172773.411807,2567366.126422,0.0373626373626374,0.262820512820513,0.0197802197802198,0.0728937728937729,0.0734432234432234,0.533699633699634
160773.411807,2566866.126422,0.0165016501650165,0.138613861386139,0.294279427942794,0.145031169783645,0.116978364503117,0.288595526219289
161273.411807,2566866.126422,0.0538461538461538,0.252197802197802,0.000366300366300366,0.0913919413919414,0.127838827838828,0.474358974358974
161773.411807,2566866.126422,0.015018315018315,0.419047619047619,0.0393772893772894,0.0289377289377289,0.0357142857142857,0.461904761904762
162273.411807,2566866.126422,0.0242024202420242,0.495966263292996,0,0.0317198386505317,0.0232856618995233,0.424825815914925
162773.411807,2566866.126422,0.0144688644688645,0.441391941391941,0,0.0032967032967033,0.0380952380952381,0.502747252747253
163273.411807,2566866.126422,0.0263736263736264,0.373809523809524,0.0741758241758242,0.0358974358974359,0.0644688644688645,0.425274725274725
163773.411807,2566866.126422,0.105427209387605,0.0368536853685369,0,0.422258892555922,0.248074807480748,0.187385405207187
164273.411807,2566866.126422,0.0617216117216117,0.337179487179487,0,0.0139194139194139,0.0527472527472527,0.534432234432234
164773.411807,2566866.126422,0.0195970695970696,0.612637362637363,0.00915750915750916,0.00622710622710623,0.0307692307692308,0.321611721611722
165273.411807,2566866.126422,0.0132013201320132,0.486982031536487,0,0.00348368170150348,0.0416208287495416,0.454712137880455
165773.411807,2566866.126422,0.0395604395604396,0.225457875457875,0.0523809523809524,0.0296703296703297,0.0538461538461538,0.599084249084249
166273.411807,2566866.126422,0.0236263736263736,0.180952380952381,0.0644688644688645,0.0032967032967033,0.0274725274725275,0.70018315018315
166773.411807,2566866.126422,0.057022368903557,0.136413641364136,0.055005500550055,0.0808580858085809,0.0799413274660799,0.590759075907591
167273.411807,2566866.126422,0.047985347985348,0.26025641025641,0.0245421245421245,0.113736263736264,0.0990842490842491,0.454395604395604
167773.411807,2566866.126422,0.0884615384615385,0.177289377289377,0.0357142857142857,0.0551282051282051,0.101831501831502,0.541575091575092
168273.411807,2566866.126422,0.0447378071140447,0.204437110377704,0.0198019801980198,0.111294462779611,0.142464246424642,0.477264393105977
168773.411807,2566866.126422,0.100732600732601,0.16043956043956,0,0.118498168498168,0.121245421245421,0.499084249084249
169273.411807,2566866.126422,0.0787545787545788,0.078021978021978,0.0470695970695971,0.131868131868132,0.23003663003663,0.434249084249084
169773.411807,2566866.126422,0.094976164283095,0.0781078107810781,0.0944261092775944,0.146864686468647,0.273010634396773,0.312614594792813
170273.411807,2566866.126422,0.0293040293040293,0.148534798534799,0.231684981684982,0.146520146520147,0.160805860805861,0.283150183150183
170773.411807,2566866.126422,0.0802197802197802,0.0441391941391941,0.0353479853479853,0.0937728937728938,0.135897435897436,0.610622710622711
171273.411807,2566866.126422,0.01998533186652,0.264759809314265,0.00495049504950495,0.00861752841950862,0.0425375870920425,0.659149248258159
171773.411807,2566866.126422,0.0402930402930403,0.119047619047619,0.0324175824175824,0.052014652014652,0.126739926739927,0.629487179487179
172273.411807,2566866.126422,0.0945054945054945,0.131501831501832,0.13003663003663,0.0562271062271062,0.132417582417582,0.455311355311355
172773.411807,2566866.126422,0.0878254492115878,0.211404473780711,0.00861752841950862,0.00825082508250825,0.03997066373304,0.643931059772644
160773.411807,2566366.126422,0.155213487264065,0.129741616272677,0.164009529045263,0.0615722924683892,0.066703316840755,0.422759758108851
161273.411807,2566366.126422,0.0378051018535511,0.264268673151037,0.0484492567443568,0.07469260414755,0.0647825289043861,0.510001835199119
161773.411807,2566366.126422,0.0385109114249037,0.373922611406565,0,0.0284247203374289,0.0480469466348799,0.511094810196222
162273.411807,2566366.126422,0.0505772402418911,0.451346893897746,0,0.0808136338647609,0.0991387209089243,0.318123511086678
162773.411807,2566366.126422,0.0458799779776106,0.45237658285924,0,0.0295467058175812,0.0778124426500275,0.39438429069554
163273.411807,2566366.126422,0.0680359435173299,0.0762882816798093,0,0.377406931964057,0.260590500641849,0.217678342196956
163773.411807,2566366.126422,0.07623236210372,0.0317024005864028,0,0.468938977460143,0.232362103719993,0.190764156129742
164273.411807,2566366.126422,0.0945127546338778,0.22389429253074,0.000917599559552211,0.0636814094329235,0.106992108643788,0.510001835199119
164773.411807,2566366.126422,0.0251237850724372,0.390794058316523,0,0.0212726939299468,0.0394278378874014,0.523381624793692
165273.411807,2566366.126422,0.03811618105186,0.253252702950339,0,0.00971229613340663,0.0579072750595565,0.641011544804838
165773.411807,2566366.126422,0.00440447788585061,0.337493118003303,0,0.00238575885483575,0.0247751881079097,0.630941457148101
166273.411807,2566366.126422,0.0579497524298551,0.303319273794242,0,0.00128369704749679,0.01998899688245,0.617458279845956
166773.411807,2566366.126422,0.0404984423676012,0.234194612424409,0,0.0701850833791461,0.100421477002016,0.554700384826828
167273.411807,2566366.126422,0.0930445953385942,0.262984033767664,0,0.0445953385942375,0.084235639566893,0.515140392732611
167773.411807,2566366.126422,0.0427287731523932,0.357417935081606,0,0.010819732257473,0.0467632495873831,0.542270309921144
168273.411807,2566366.126422,0.0412314458493678,0.304379695803555,0,0.0328019058090526,0.0414146967198094,0.580172255818215
168773.411807,2566366.126422,0.0242246283721784,0.484859607267389,0,0.00605615709304459,0.0288126261699394,0.456046981097449
169273.411807,2566366.126422,0.101595452044746,0.197322574729507,0.00146708233999633,0.133137722354667,0.128919860627178,0.437557307903906
169773.411807,2566366.126422,0.0864944108484515,0.154846985523181,0,0.156129741616273,0.161993769470405,0.44053509254169
170273.411807,2566366.126422,0.071389245733162,0.0985501926959075,0.0403743806202973,0.090475316571848,0.125160579922922,0.574050284455863
170773.411807,2566366.126422,0.0592334494773519,0.268476068219329,0,0.0194388410049514,0.0590500641848524,0.593801577113515
171273.411807,2566366.126422,0.0425142019424592,0.158328752061572,0,0.0137438152831226,0.0377496793109767,0.747663551401869
171773.411807,2566366.126422,0.0693705267021472,0.197834465039457,0,0.0449623784180584,0.0561570930445953,0.631675536795742
172273.411807,2566366.126422,0.0390610673024023,0.0775719787273061,0,0.0645516229598386,0.0838070786722905,0.735008252338162
