"x","y","forest","agri","water","built","other","grass"
263273.411807,2530366.126422,0.966767371601209,0.000251762336354481,0,0,0,0.0329808660624371
263773.411807,2530366.126422,0.792600050339794,0.00704757110495847,0,0,0,0.200352378555248
264273.411807,2530366.126422,0.830150753768844,0.00050251256281407,0,0,0,0.169346733668342
264773.411807,2530366.126422,0.700402819738167,0,0,0,0,0.299597180261833
265273.411807,2530366.126422,0.0677070224012082,0.289957211175434,0.0521016863830858,0.172413793103448,0.0173672287943619,0.400453058142462
265773.411807,2530366.126422,0.306030150753769,0.0638190954773869,0.000753768844221105,0.288190954773869,0.0748743718592965,0.266331658291457
266273.411807,2530366.126422,0.647784491440081,0,0,0,0.000251762336354481,0.351963746223565
266773.411807,2530366.126422,0.749307827837906,0.0251698968034231,0,0,0,0.225522275358671
267273.411807,2530366.126422,0.713065326633166,0.0118090452261307,0,0,0.00050251256281407,0.274623115577889
267773.411807,2530366.126422,0.962487411883182,0.0322255790533736,0,0,0,0.00528700906344411
268273.411807,2530366.126422,0.925497105461868,0.0745028945381324,0,0,0,0
268773.411807,2530366.126422,0.834422110552764,0.0545226130653266,0,0,0,0.11105527638191
269273.411807,2530366.126422,0.760574018126888,0.066968781470292,0,0,0.000251762336354481,0.172205438066465
269773.411807,2530366.126422,0.818776743015354,0,0,0,0,0.181223256984646
270273.411807,2530366.126422,0.526884422110553,0,0,0.000251256281407035,0.00402010050251256,0.468844221105528
270773.411807,2530366.126422,0.422205438066465,0.000251762336354481,0,0.000755287009063444,0.00176233635448137,0.575025176233635
271273.411807,2530366.126422,0.359677825320916,0.0156053360181223,0,0.00679587213692424,0.0168638308582935,0.601057135665744
271773.411807,2530366.126422,0.227386934673367,0.0226130653266332,0,0.00226130653266332,0.00879396984924623,0.73894472361809
272273.411807,2530366.126422,0.245720040281974,0.000755287009063444,0,0.00151057401812689,0.00528700906344411,0.746727089627392
272773.411807,2530366.126422,0.203624465139693,0.00654417316889001,0,0.0168638308582935,0.0332242637805185,0.739743267052605
273273.411807,2530366.126422,0.174874371859296,0.071608040201005,0.00201005025125628,0.367587939698492,0.168844221105528,0.215075376884422
273773.411807,2530366.126422,0.160624370594159,0.00881168177240685,0,0.0251762336354481,0.0181268882175227,0.787260825780463
274273.411807,2530366.126422,0.0385099421092374,0.0128366473697458,0.562798892524541,0.0760130883463378,0.0118298514976089,0.29801157815253
263273.411807,2529866.126422,0.87394495412844,0,0,0,0,0.12605504587156
263773.411807,2529866.126422,0.793248945147679,0,0,0,0,0.206751054852321
264273.411807,2529866.126422,0.595604395604396,0.000366300366300366,0,0,0.00311355311355311,0.400915750915751
264773.411807,2529866.126422,0.329357798165138,0.0152293577981651,0,0.00036697247706422,0.00036697247706422,0.654678899082569
265273.411807,2529866.126422,0.00201797835259585,0.288937809576225,0.129150614566135,0.291322693083838,0.0337552742616034,0.254815630159604
265773.411807,2529866.126422,0.515750915750916,0.0366300366300366,0.000183150183150183,0.225824175824176,0.082967032967033,0.138644688644689
266273.411807,2529866.126422,0.848440366972477,0,0,0,0,0.151559633027523
266773.411807,2529866.126422,0.778939644102,0.0381581361218125,0,0,0,0.182902219776188
267273.411807,2529866.126422,0.914285714285714,0.043956043956044,0,0,0,0.0417582417582418
267773.411807,2529866.126422,0.907155963302752,0,0,0,0,0.0928440366972477
268273.411807,2529866.126422,0.878004035956705,0.0220143093010457,0,0,0,0.0999816547422491
268773.411807,2529866.126422,0.571611721611722,0.0010989010989011,0,0,0.0181318681318681,0.409157509157509
269273.411807,2529866.126422,0.658715596330275,0.00220183486238532,0,0.00073394495412844,0.0111926605504587,0.327155963302752
269773.411807,2529866.126422,0.66758392955421,0.00220143093010457,0,0.00348559897266557,0.00165107319757843,0.325077967345441
270273.411807,2529866.126422,0.407326007326007,0.0117216117216117,0,0.00549450549450549,0.00934065934065934,0.566117216117216
270773.411807,2529866.126422,0.479266055045872,0.00018348623853211,0,0.00256880733944954,0.00275229357798165,0.515229357798165
271273.411807,2529866.126422,0.259035039442304,0.0552192258301229,0.000366905155017428,0.00183452577508714,0.00807191341038342,0.675472390387085
271773.411807,2529866.126422,0.28040293040293,0.0120879120879121,0,0.00824175824175824,0.0153846153846154,0.683882783882784
272273.411807,2529866.126422,0.344403669724771,0.0121100917431193,0,0.00348623853211009,0.0110091743119266,0.628990825688073
272773.411807,2529866.126422,0.130801687763713,0.0339387268391121,0.0144927536231884,0.0414602825169694,0.0447624289121262,0.734544120344891
273273.411807,2529866.126422,0.106227106227106,0.0316849816849817,0.0783882783882784,0.043040293040293,0.0527472527472527,0.687912087912088
273773.411807,2529866.126422,0.189908256880734,0.00256880733944954,0.00403669724770642,0.0055045871559633,0.0170642201834862,0.780917431192661
263273.411807,2529366.126422,0.833516483516484,0,0,0.00146520146520147,0.0010989010989011,0.163919413919414
263773.411807,2529366.126422,0.61025641025641,0.00622710622710623,0,0,0.00293040293040293,0.380586080586081
264273.411807,2529366.126422,0.242024202420242,0.0304363769710304,0,0,0.00311697836450312,0.724422442244224
264773.411807,2529366.126422,0.178205128205128,0.313736263736264,0.00311355311355311,0.00183150183150183,0.000732600732600733,0.502380952380952
265273.411807,2529366.126422,0.107326007326007,0.163919413919414,0.093040293040293,0.527838827838828,0.0294871794871795,0.0783882783882784
265773.411807,2529366.126422,0.353685368536854,0.0146681334800147,0.000366703337000367,0.000733406674000733,0.00495049504950495,0.625595892922626
266273.411807,2529366.126422,0.679304029304029,0.00146520146520147,0,0.000183150183150183,0.00311355311355311,0.315934065934066
266773.411807,2529366.126422,0.877106227106227,0,0,0,0,0.122893772893773
267273.411807,2529366.126422,0.92005867253392,0,0,0,0,0.0799413274660799
267773.411807,2529366.126422,0.897802197802198,0,0,0,0,0.102197802197802
268273.411807,2529366.126422,0.826923076923077,0.00201465201465201,0,0,0.000366300366300366,0.170695970695971
268773.411807,2529366.126422,0.613311331133113,0.00476714338100477,0.0245691235790246,0.000366703337000367,0.00916758342500917,0.347818115144848
269273.411807,2529366.126422,0.596703296703297,0,0,0,0,0.403296703296703
269773.411807,2529366.126422,0.547252747252747,0,0,0,0,0.452747252747253
270273.411807,2529366.126422,0.643381004767143,0.0011001100110011,0,0,0,0.355518885221856
270773.411807,2529366.126422,0.564285714285714,0,0,0.000732600732600733,0.000915750915750916,0.434065934065934
271273.411807,2529366.126422,0.305677655677656,0.0153846153846154,0.241025641025641,0.0282051282051282,0.010989010989011,0.398717948717949
271773.411807,2529366.126422,0.212871287128713,0.0165016501650165,0.248991565823249,0.057022368903557,0.0271360469380271,0.437477081041437
273773.411807,2529366.126422,0.0117216117216117,0.00421245421245421,0.571611721611722,0.0655677655677656,0.0142857142857143,0.332600732600733
263273.411807,2528866.126422,0.76748027160947,0.000367039823820885,0,0,0.000367039823820885,0.231785648742889
263773.411807,2528866.126422,0.184852374839538,0.037593984962406,0,0.0196222262974509,0.0489638730973776,0.708967540803228
264273.411807,2528866.126422,0.113615539673813,0.0628550485614807,0,0.0798973795125527,0.0634048011728056,0.680227231079348
264773.411807,2528866.126422,0.000734079647641769,0.270508350155992,0.036520462470178,0.561387410534043,0.0455129381537897,0.0853367590383557
265273.411807,2528866.126422,0.496974142673758,0.0110031175499725,0.177700348432056,0.229781771501926,0.011186502842472,0.0733541169998166
265773.411807,2528866.126422,0.641194795675279,0.000183250870441635,0,0.000549752611324904,0.00238226131574125,0.355689939527213
266273.411807,2528866.126422,0.804551293815379,0.00183519911910442,0,0,0.000367039823820885,0.193246467241696
266773.411807,2528866.126422,0.929763432972676,0,0,0,0,0.0702365670273244
267273.411807,2528866.126422,0.930731170973062,0,0,0,0,0.0692688290269379
267773.411807,2528866.126422,0.876307579372362,0.000183519911910442,0,0,0.000550559735731327,0.122958340979996
268273.411807,2528866.126422,0.828351366220429,0,0,0,0,0.171648633779571
268773.411807,2528866.126422,0.760491112332784,0.000733003481766538,0,0.000733003481766538,0.00183250870441635,0.236210371999267
269273.411807,2528866.126422,0.399155808405212,0.00201871903101487,0,0.000734079647641769,0.00238575885483575,0.595705634061296
269773.411807,2528866.126422,0.577847056666055,0,0,0,0,0.422152943333945
270273.411807,2528866.126422,0.735019241341396,0.000733003481766538,0,0.000183250870441635,0.000183250870441635,0.263881253435954
270773.411807,2528866.126422,0.289227381170857,0.0339511837034318,0.342081115801064,0.101302991374564,0.0489998164800881,0.184437511469994
263273.411807,2528366.126422,0.577064220183486,0.0218348623853211,0,0.00660550458715596,0.0251376146788991,0.369357798165138
263773.411807,2528366.126422,0.102916895982389,0.0432948082920565,0.0183452577508714,0.126031920748487,0.0396257567418822,0.669785360484315
264273.411807,2528366.126422,0.00201465201465201,0.0294871794871795,0.0269230769230769,0.654945054945055,0.224542124542125,0.0620879120879121
264773.411807,2528366.126422,0.00256880733944954,0.00917431192660551,0.0772477064220184,0.668623853211009,0.198348623853211,0.0440366972477064
265273.411807,2528366.126422,0.500275178866263,0.00220143093010457,0.0242157402311502,0.0223812144560631,0.00495321959273528,0.445973215923684
265773.411807,2528366.126422,0.907692307692308,0.00494505494505494,0,0,0,0.0873626373626374
266273.411807,2528366.126422,0.783853211009174,0.0100917431192661,0,0,0,0.20605504587156
266773.411807,2528366.126422,0.870299027701339,0.00238488350761328,0,0,0,0.127316088791048
267273.411807,2528366.126422,0.920695970695971,0,0,0,0,0.0793040293040293
267773.411807,2528366.126422,0.855229357798165,0,0,0,0,0.144770642201835
268273.411807,2528366.126422,0.786094294624839,0,0,0,0,0.213905705375161
268773.411807,2528366.126422,0.502930402930403,0.000915750915750916,0,0.00311355311355311,0.0108058608058608,0.482234432234432
269273.411807,2528366.126422,0.809174311926605,0,0,0,0,0.190825688073395
269773.411807,2528366.126422,0.507613281966612,0.000366905155017428,0,0.00110071546505228,0.00275178866263071,0.488167308750688
270273.411807,2528366.126422,0.25018315018315,0.0543956043956044,0.3003663003663,0.0432234432234432,0.056959706959707,0.294871794871795
263273.411807,2527866.126422,0.775091575091575,0.000366300366300366,0,0.00915750915750916,0.0148351648351648,0.200549450549451
263773.411807,2527866.126422,0.0946886446886447,0.0324175824175824,0.060989010989011,0.308241758241758,0.19029304029304,0.313369963369963
264273.411807,2527866.126422,0,0.00403373670700403,0.101393472680601,0.81004767143381,0.0507884121745508,0.0337367070040337
264773.411807,2527866.126422,0.293040293040293,0.067032967032967,0.113553113553114,0.15989010989011,0.0353479853479853,0.331135531135531
265273.411807,2527866.126422,0.418315018315018,0.000183150183150183,0,0.000183150183150183,0.00494505494505494,0.576373626373626
265773.411807,2527866.126422,0.66996699669967,0.000183351668500183,0,0.000366703337000367,0.000916758342500917,0.328566189952329
266273.411807,2527866.126422,0.848534798534799,0,0,0,0,0.151465201465201
266773.411807,2527866.126422,0.888644688644689,0,0,0,0,0.111355311355311
267273.411807,2527866.126422,0.825449211587825,0,0,0,0,0.174550788412175
267773.411807,2527866.126422,0.884249084249084,0,0,0,0,0.115750915750916
268273.411807,2527866.126422,0.784615384615385,0.0214285714285714,0,0,0,0.193956043956044
268773.411807,2527866.126422,0.453978731206454,0,0,0.000183351668500183,0.000916758342500917,0.544921158782545
269273.411807,2527866.126422,0.463736263736264,0.0128205128205128,0,0.00164835164835165,0.00805860805860806,0.513736263736264
269773.411807,2527866.126422,0.152564102564103,0.0247252747252747,0.467399267399267,0.0641025641025641,0.0556776556776557,0.235531135531136
263273.411807,2527366.126422,0.480088089557717,0.000367039823820885,0,0.102404110846027,0.110295467058176,0.306845292714259
263773.411807,2527366.126422,0,0.00385109114249037,0.0214560792224464,0.355217311571612,0.106546854942234,0.512928663121218
264273.411807,2527366.126422,0.0852116547553601,0.0214403518416712,0.0137438152831226,0.631482499541873,0.0835623969213854,0.164559281656588
264773.411807,2527366.126422,0.436593870434942,0.0600110111947146,0,0.000917599559552211,0.00587263718113415,0.496604881629657
265273.411807,2527366.126422,0.530900421786173,0.00293416467999266,0,0.00256739409499358,0.0276911791674308,0.43590684027141
265773.411807,2527366.126422,0.705882352941177,0,0,0,0,0.294117647058824
266273.411807,2527366.126422,0.741971003853918,0,0,0,0,0.258028996146082
266773.411807,2527366.126422,0.866312121767834,0,0,0,0,0.133687878232166
267273.411807,2527366.126422,0.827744181784864,0,0,0,0,0.172255818215137
267773.411807,2527366.126422,0.80510185355111,0,0,0,0,0.19489814644889
268273.411807,2527366.126422,0.652668256005868,0,0,0.000916926462497708,0.00256739409499358,0.34384742343664
268773.411807,2527366.126422,0.678761224115815,0.0117280557082646,0,0,0.000183250870441635,0.309327469305479
269273.411807,2527366.126422,0.380253257478436,0.0739585244999082,0.0957973940172509,0.0451458983299688,0.0178014314553129,0.387043494219123
263273.411807,2526866.126422,0.14348623853211,0.00532110091743119,0.0229357798165138,0.296146788990826,0.155229357798165,0.376880733944954
263773.411807,2526866.126422,0.0387084938543387,0.0346725371491469,0.0820033021463952,0.32232617868281,0.0253164556962025,0.496973032471106
264273.411807,2526866.126422,0.286813186813187,0.0386446886446886,0.0192307692307692,0.252930402930403,0.0573260073260073,0.345054945054945
264773.411807,2526866.126422,0.522752293577982,0.00275229357798165,0,0.00330275229357798,0.011743119266055,0.459449541284404
265273.411807,2526866.126422,0.617501375894331,0,0,0,0,0.382498624105669
265773.411807,2526866.126422,0.421428571428571,0.000183150183150183,0,0.000732600732600733,0.00256410256410256,0.575091575091575
266273.411807,2526866.126422,0.664036697247706,0.00165137614678899,0,0.0036697247706422,0.0379816513761468,0.292660550458716
266773.411807,2526866.126422,0.833608512199596,0,0,0,0,0.166391487800404
267273.411807,2526866.126422,0.804395604395604,0,0,0,0,0.195604395604396
267773.411807,2526866.126422,0.694495412844037,0.00752293577981651,0,0.0106422018348624,0.0256880733944954,0.261651376146789
268273.411807,2526866.126422,0.473124197394973,0,0,0,0,0.526875802605027
268773.411807,2526866.126422,0.393223443223443,0,0,0.000183150183150183,0.0021978021978022,0.604395604395604
269273.411807,2526866.126422,0.408990825688073,0.038348623853211,0.0135779816513761,0.0601834862385321,0.071743119266055,0.407155963302752
263273.411807,2526366.126422,0.00970695970695971,0.0113553113553114,0,0.452380952380952,0.176739926739927,0.34981684981685
263773.411807,2526366.126422,0.0203296703296703,0.0307692307692308,0.176556776556777,0.57948717948718,0.0276556776556777,0.165201465201465
264273.411807,2526366.126422,0.476714338100477,0.0243857719105244,0,0.0022002200220022,0.0117345067840117,0.484965163182985
264773.411807,2526366.126422,0.726190476190476,0.000366300366300366,0,0,0.000366300366300366,0.273076923076923
265273.411807,2526366.126422,0.660622710622711,0,0,0,0.0010989010989011,0.338278388278388
265773.411807,2526366.126422,0.74972497249725,0.00165016501650165,0,0,0.000733406674000733,0.247891455812248
266273.411807,2526366.126422,0.658791208791209,0,0,0.000549450549450549,0.00457875457875458,0.336080586080586
266773.411807,2526366.126422,0.732967032967033,0.000366300366300366,0,0.000183150183150183,0.0010989010989011,0.265384615384615
267273.411807,2526366.126422,0.70993766043271,0,0,0,0,0.29006233956729
267773.411807,2526366.126422,0.695787545787546,0,0,0,0,0.304212454212454
268273.411807,2526366.126422,0.379487179487179,0.00274725274725275,0,0,0,0.617765567765568
268773.411807,2526366.126422,0.755592225889256,0,0,0,0,0.244407774110744
269273.411807,2526366.126422,0.185347985347985,0.084981684981685,0.301831501831502,0.0974358974358974,0.0919413919413919,0.238461538461538
263273.411807,2525866.126422,0.00991007524316388,0.0172508717195816,0.044411818682327,0.55202789502661,0.192512387594054,0.183886951734263
263773.411807,2525866.126422,0.170548322024574,0.00953603520997616,0.0812396845772969,0.193654868879516,0.035209976159912,0.509811113148726
264273.411807,2525866.126422,0.575774234927616,0.000733003481766538,0,0,0.00256551218618288,0.420927249404435
264773.411807,2525866.126422,0.782345384474215,0.000550559735731327,0,0,0.00440447788585061,0.212699577904203
265273.411807,2525866.126422,0.728222996515679,0,0,0,0.00165046763249587,0.270126535851825
265773.411807,2525866.126422,0.511269928532161,0.0520432472054242,0,0.000183250870441635,0.000549752611324904,0.435953820780649
266273.411807,2525866.126422,0.694072306845293,0.00385391815011929,0,0.0034868783262984,0.00660671682877592,0.291980179849514
266773.411807,2525866.126422,0.738125802310655,0,0,0,0,0.261874197689345
267273.411807,2525866.126422,0.772585669781931,0,0,0,0,0.227414330218069
267773.411807,2525866.126422,0.695723986052487,0.00201871903101487,0,0.000367039823820885,0.000550559735731327,0.301339695356946
268273.411807,2525866.126422,0.554740509811113,0.00110031175499725,0,0,0,0.44415917843389
268773.411807,2525866.126422,0.609492395088877,0.000733003481766538,0,0.000733003481766538,0.00494777350192413,0.384093824445666
263273.411807,2525366.126422,0.0405504587155963,0.02,0.195229357798165,0.679449541284404,0.0293577981651376,0.0354128440366972
263773.411807,2525366.126422,0.147312419739497,0.00330214639515685,0,0.00568702990277013,0.028251696936342,0.815446707026234
264273.411807,2525366.126422,0.542673992673993,0,0,0.000366300366300366,0.00311355311355311,0.453846153846154
264773.411807,2525366.126422,0.76605504587156,0,0,0.00018348623853211,0.00128440366972477,0.232477064220183
265273.411807,2525366.126422,0.536782241790497,0.000183452577508714,0,0.00330214639515685,0.0221977618785544,0.437534397358283
265773.411807,2525366.126422,0.523076923076923,0.000732600732600733,0.000366300366300366,0.000183150183150183,0.00128205128205128,0.474358974358974
266273.411807,2525366.126422,0.737981651376147,0,0,0,0.00275229357798165,0.259266055045872
266773.411807,2525366.126422,0.684828471840029,0.00220143093010457,0,0.00146762062006971,0.00587048248027885,0.305631994129518
267273.411807,2525366.126422,0.70952380952381,0,0,0,0,0.29047619047619
267773.411807,2525366.126422,0.74256880733945,0,0,0,0,0.25743119266055
268273.411807,2525366.126422,0.669235002751789,0.00440286186020914,0,0,0.00421940928270042,0.322142726105302
268773.411807,2525366.126422,0.357142857142857,0.0144688644688645,0,0.000915750915750916,0.0021978021978022,0.625274725274725
269273.411807,2525366.126422,0.0592660550458716,0.0335779816513761,0.505504587155963,0.144036697247706,0.0414678899082569,0.216146788990826
263273.411807,2524866.126422,0.155311355311355,0.0567765567765568,0.175641025641026,0.323809523809524,0.023992673992674,0.264468864468864
263773.411807,2524866.126422,0.103296703296703,0.01996336996337,0,0.0505494505494506,0.106043956043956,0.72014652014652
264273.411807,2524866.126422,0.307847451411808,0.000916758342500917,0,0.00146681334800147,0.00311697836450312,0.686651998533187
264773.411807,2524866.126422,0.860989010989011,0,0,0,0,0.139010989010989
265273.411807,2524866.126422,0.621428571428571,0.00146520146520147,0,0.00457875457875458,0.013003663003663,0.35952380952381
265773.411807,2524866.126422,0.793179317931793,0.00201686835350202,0,0.000916758342500917,0.00458379171250458,0.199303263659699
266273.411807,2524866.126422,0.838278388278388,0,0,0,0,0.161721611721612
266773.411807,2524866.126422,0.813369963369963,0,0,0,0,0.186630036630037
267273.411807,2524866.126422,0.735606894022736,0.00128346167950128,0,0,0.00238357169050238,0.260726072607261
267773.411807,2524866.126422,0.469047619047619,0.000915750915750916,0,0.000183150183150183,0.00183150183150183,0.528021978021978
268273.411807,2524866.126422,0.54981684981685,0.0010989010989011,0,0,0.00164835164835165,0.447435897435897
268773.411807,2524866.126422,0.270810414374771,0.0011001100110011,0,0.000733406674000733,0.0077007700770077,0.71965529886322
269273.411807,2524866.126422,0.284065934065934,0.0124542124542125,0,0.00293040293040293,0.0168498168498168,0.683699633699634
263273.411807,2524366.126422,0.047715177096715,0.164433841071756,0.0699210864378785,0.598641952651863,0.0126628739218205,0.106625068819967
263773.411807,2524366.126422,0.169631395562076,0.00623509994498441,0,0.00330093526499175,0.0117366587199707,0.809095910507977
264273.411807,2524366.126422,0.395088876672164,0.00384826827927433,0,0.00842954004031519,0.0133773135422393,0.579256001466007
264773.411807,2524366.126422,0.460267939071389,0.060561570930446,0,0.135437694989906,0.127913378601578,0.21581941640668
265273.411807,2524366.126422,0.484870713368788,0.0150375939849624,0,0,0.00513478818998716,0.494956904456263
265773.411807,2524366.126422,0.698918819864394,0.00513102437236577,0,0,0,0.29595015576324
266273.411807,2524366.126422,0.628372178381354,0,0,0.000367039823820885,0.000367039823820885,0.370893741971004
266773.411807,2524366.126422,0.779204107830552,0.000550155877498625,0,0,0.000916926462497708,0.219328809829452
267273.411807,2524366.126422,0.841854498808869,0,0,0,0,0.158145501191131
267773.411807,2524366.126422,0.829510001835199,0,0,0,0,0.170489998164801
268273.411807,2524366.126422,0.781221346048047,0,0,0,0,0.218778653951953
268773.411807,2524366.126422,0.424958768554151,0.00183250870441635,0,0.000916254352208173,0.00201575957485798,0.570276708814367
269273.411807,2524366.126422,0.225913011561754,0.0146815929528354,0,0.038172141677372,0.0420260598274913,0.679207193980547
269773.411807,2524366.126422,0.0476801760498808,0.0783055198973042,0.450577663671374,0.0931597285897671,0.0625343847423437,0.267742527049331
263273.411807,2523866.126422,0.0394495412844037,0.0765137614678899,0.152844036697248,0.505688073394495,0.0979816513761468,0.127522935779817
263773.411807,2523866.126422,0.100715465052284,0.0537516052100532,0.0898917629792699,0.148780040359567,0.026967528893781,0.579893597505045
264273.411807,2523866.126422,0.415384615384615,0.013003663003663,0.000915750915750916,0.0128205128205128,0.0600732600732601,0.497802197802198
264773.411807,2523866.126422,0.220183486238532,0.0963302752293578,0.0106422018348624,0.134495412844037,0.164954128440367,0.373394495412844
265273.411807,2523866.126422,0.423958906622638,0.00568702990277013,0,0.00366905155017428,0.00807191341038342,0.558613098514034
265773.411807,2523866.126422,0.510989010989011,0.00146520146520147,0,0.00256410256410256,0.0115384615384615,0.473443223443223
266273.411807,2523866.126422,0.486605504587156,0,0,0,0,0.513394495412844
266773.411807,2523866.126422,0.798935975050449,0.00110071546505228,0,0,0.001284168042561,0.198679141441937
267273.411807,2523866.126422,0.697802197802198,0,0,0,0,0.302197802197802
267773.411807,2523866.126422,0.790091743119266,0,0,0,0,0.209908256880734
268273.411807,2523866.126422,0.642084021280499,0,0,0.000183452577508714,0,0.357732526141992
268773.411807,2523866.126422,0.351282051282051,0.112087912087912,0,0.000366300366300366,0.000549450549450549,0.535714285714286
269273.411807,2523866.126422,0.0825688073394495,0.0673394495412844,0,0.00220183486238532,0.00568807339449541,0.842201834862385
269773.411807,2523866.126422,0.134837644468905,0.032104201064025,0.0350394423041644,0.0667767382131719,0.0493487433498441,0.68189323059989
270273.411807,2523866.126422,0,0.0183150183150183,0.956593406593407,0.0221611721611722,0.00293040293040293,0
263273.411807,2523366.126422,0.0937728937728938,0.164468864468864,0.128937728937729,0.29010989010989,0.0732600732600733,0.249450549450549
263773.411807,2523366.126422,0.115018315018315,0.0758241758241758,0.115018315018315,0.511355311355311,0.1003663003663,0.0824175824175824
264273.411807,2523366.126422,0.292629262926293,0.0306197286395306,0.000366703337000367,0.0471213788045471,0.0744407774110744,0.554822148881555
264773.411807,2523366.126422,0.345970695970696,0.0172161172161172,0.000183150183150183,0.00183150183150183,0.00604395604395604,0.628754578754579
265273.411807,2523366.126422,0.364652014652015,0.0679487179487179,0,0.0021978021978022,0.00659340659340659,0.558608058608059
265773.411807,2523366.126422,0.432526585991932,0.0011001100110011,0,0.0011001100110011,0.000916758342500917,0.564356435643564
266273.411807,2523366.126422,0.794139194139194,0.000366300366300366,0,0,0.000183150183150183,0.205311355311355
266773.411807,2523366.126422,0.775641025641026,0,0,0,0,0.224358974358974
267273.411807,2523366.126422,0.596809680968097,0,0,0,0,0.403190319031903
267773.411807,2523366.126422,0.757692307692308,0,0,0.000183150183150183,0,0.242124542124542
268273.411807,2523366.126422,0.443956043956044,0,0,0.00787545787545788,0.00164835164835165,0.546520146520146
268773.411807,2523366.126422,0.413274660799413,0.0364869820315365,0,0,0,0.55023835716905
269273.411807,2523366.126422,0.109157509157509,0.0353479853479853,0.00183150183150183,0.0582417582417582,0.113186813186813,0.682234432234432
269773.411807,2523366.126422,0.280769230769231,0.0238095238095238,0.00476190476190476,0.000549450549450549,0.0183150183150183,0.671794871794872
263273.411807,2522866.126422,0.288860341347036,0.0877225178931914,0,0.0155991925123876,0.11635162415122,0.491466324096164
263773.411807,2522866.126422,0.0944434256372639,0.130203557674674,0.0896754080322758,0.250504309554374,0.0542820465798643,0.380891252521548
264273.411807,2522866.126422,0.0192413413963716,0.0787978742899029,0.0498442367601246,0.320139270661536,0.258200476452263,0.273776800439802
264773.411807,2522866.126422,0.396035969902734,0.00422095797394017,0,0.0475316571848046,0.0478986970086254,0.504312717929895
265273.411807,2522866.126422,0.55198973042362,0.00421786172748946,0,0.000366770584999083,0.00275077938749312,0.440674857876398
265773.411807,2522866.126422,0.603628367234744,0.0053142752428074,0,0.0163093274693055,0.0295033901411032,0.34524463991204
266273.411807,2522866.126422,0.860524866948064,0.000550559735731327,0,0.000734079647641769,0.0047715177096715,0.133418975958892
266773.411807,2522866.126422,0.733907940583165,0,0,0,0,0.266092059416835
267273.411807,2522866.126422,0.765438885834708,0,0,0,0,0.234561114165292
267773.411807,2522866.126422,0.687832629840338,0.00770783630023858,0,0.000734079647641769,0.0146815929528354,0.289043861258947
268273.411807,2522866.126422,0.607555474050981,0,0,0.0139372822299652,0.00843572345497891,0.370071520264075
268773.411807,2522866.126422,0.623602712112883,0.0185083379146051,0,0.000183250870441635,0.00219901044529962,0.355506688656771
269273.411807,2522866.126422,0.420811158010644,0.0110111947146265,0,0.217471095613874,0.0673518076711323,0.283354743989723
269773.411807,2522866.126422,0.251604621309371,0.00146708233999633,0,0.130570328259674,0.0372272143774069,0.579130753713552
270273.411807,2522866.126422,0.0888766721641928,0.0439802089059923,0.280923584387026,0.100054975261132,0.0604727872457394,0.425691772035917
263273.411807,2522366.126422,0.371743119266055,0.0458715596330275,0,0.0073394495412844,0.0601834862385321,0.514862385321101
263773.411807,2522366.126422,0.0493487433498441,0.191341038341589,0.115758576407999,0.0297193175564117,0.0961291506145661,0.517703173729591
264273.411807,2522366.126422,0.000915750915750916,0.126556776556777,0.212820512820513,0.335347985347985,0.170695970695971,0.153663003663004
264773.411807,2522366.126422,0.187889908256881,0.0506422018348624,0.0137614678899083,0.23743119266055,0.115779816513761,0.394495412844037
265273.411807,2522366.126422,0.594753256283251,0.00550357732526142,0,0.00311869381764814,0.0190790680609063,0.377545404512933
265773.411807,2522366.126422,0.667765567765568,0,0,0.000183150183150183,0.000183150183150183,0.331868131868132
266273.411807,2522366.126422,0.790825688073394,0,0,0,0.00036697247706422,0.208807339449541
266773.411807,2522366.126422,0.721518987341772,0,0,0,0,0.278481012658228
267273.411807,2522366.126422,0.672161172161172,0,0,0,0,0.327838827838828
267773.411807,2522366.126422,0.681467889908257,0.00348623853211009,0.00018348623853211,0,0,0.314862385321101
268273.411807,2522366.126422,0.549990827371125,0.0111906072280316,0,0.0163272793982755,0.0300862227114291,0.392405063291139
268773.411807,2522366.126422,0.434798534798535,0.0380952380952381,0,0.108791208791209,0.10018315018315,0.318131868131868
269273.411807,2522366.126422,0.175963302752294,0.0108256880733945,0,0.264954128440367,0.0631192660550459,0.485137614678899
269773.411807,2522366.126422,0.514401027334434,0.0245826453861677,0,0.00972298660796184,0.00935608145294441,0.441937259218492
270273.411807,2522366.126422,0.26978021978022,0.0386446886446886,0.0472527472527473,0.0543956043956044,0.0844322344322344,0.505494505494505
263273.411807,2521866.126422,0.133333333333333,0.0659340659340659,0.000183150183150183,0.243406593406593,0.121062271062271,0.436080586080586
263773.411807,2521866.126422,0.0450549450549451,0.165384615384615,0.115201465201465,0.0397435897435897,0.197802197802198,0.436813186813187
264273.411807,2521866.126422,0.0183351668500183,0.245691235790246,0.231023102310231,0.167033370003667,0.0311697836450312,0.306747341400807
264773.411807,2521866.126422,0.0934065934065934,0.0331501831501832,0.0166666666666667,0.374908424908425,0.243589743589744,0.238278388278388
265273.411807,2521866.126422,0.65989010989011,0.00293040293040293,0,0.0021978021978022,0.00952380952380952,0.325457875457875
265773.411807,2521866.126422,0.746974697469747,0,0,0,0,0.253025302530253
266273.411807,2521866.126422,0.766483516483517,0.000183150183150183,0,0.00256410256410256,0.00476190476190476,0.226007326007326
266773.411807,2521866.126422,0.280952380952381,0,0,0,0.000183150183150183,0.718864468864469
267273.411807,2521866.126422,0.695269526952695,0.00128346167950128,0,0,0,0.303447011367803
267773.411807,2521866.126422,0.392124542124542,0.00604395604395604,0.000915750915750916,0.00293040293040293,0.021978021978022,0.576007326007326
268273.411807,2521866.126422,0.4,0.00732600732600733,0,0.0265567765567766,0.0554945054945055,0.510622710622711
268773.411807,2521866.126422,0.186468646864686,0.0170517051705171,0.00146681334800147,0.207554088742208,0.0539053905390539,0.533553355335534
269273.411807,2521866.126422,0.49047619047619,0.0021978021978022,0.000183150183150183,0.0789377289377289,0.015018315018315,0.413186813186813
269773.411807,2521866.126422,0.461904761904762,0.0510989010989011,0,0.00421245421245421,0.0164835164835165,0.466300366300366
270273.411807,2521866.126422,0.466813348001467,0.00953428676200953,0,0.0357535753575358,0.0577557755775578,0.43014301430143
263273.411807,2521366.126422,0.161497522481189,0.046063497889521,0,0.170673518076711,0.161130482657368,0.46063497889521
263773.411807,2521366.126422,0.0517146524848707,0.287181368054282,0.0462130937098845,0.0313588850174216,0.0724371905373189,0.511094810196222
264273.411807,2521366.126422,0.0630382994319223,0.193696170056808,0.166575041231446,0.0492944841487997,0.0494777350192413,0.477918270111783
264773.411807,2521366.126422,0.0956138741053404,0.082583960359699,0.225729491649844,0.426316755367957,0.101486511286475,0.0682694072306845
265273.411807,2521366.126422,0.827251054465432,0.00256739409499358,0,0.00733541169998166,0.0168714469099578,0.145974692829635
265773.411807,2521366.126422,0.462341946124244,0.00568077698369067,0,0.0375664284405351,0.0579072750595565,0.436503573391974
266273.411807,2521366.126422,0.708570379886218,0.000367039823820885,0,0.00311983850247752,0.00532207744540283,0.282620664342081
266773.411807,2521366.126422,0.588483403631029,0.00110031175499725,0,0.00366770584999083,0.00641848523748395,0.400330093526499
267273.411807,2521366.126422,0.820230896096756,0,0,0.00238226131574125,0.00586402785413231,0.17152281473337
267773.411807,2521366.126422,0.442650027527987,0.0277115066984768,0.009543035419343,0.0216553496054322,0.028629106258029,0.469810974490732
268273.411807,2521366.126422,0.244452594901889,0.0454795525398863,0,0.104529616724739,0.0454795525398863,0.5600586832936
268773.411807,2521366.126422,0.09529045262965,0.0144768187648891,0,0.184900128275609,0.074216602528862,0.63111599780099
269273.411807,2521366.126422,0.145531290144981,0.0284455863461186,0.0888236373646541,0.367590383556616,0.101302991374564,0.268306111213067
269773.411807,2521366.126422,0.217678342196956,0.0368604437924078,0.0995782138272511,0.335778470566661,0.0794058316523015,0.230698697964423
263273.411807,2520866.126422,0.129174311926606,0.0535779816513761,0.00018348623853211,0.229357798165138,0.250825688073395,0.336880733944954
263773.411807,2520866.126422,0.128049899101082,0.228948816730875,0.0535681526325445,0.072463768115942,0.0860392588515869,0.430930104567969
264273.411807,2520866.126422,0.0483516483516484,0.256959706959707,0.0445054945054945,0.0441391941391941,0.0542124542124542,0.551831501831502
264773.411807,2520866.126422,0.00165137614678899,0.229174311926606,0.390275229357798,0.212844036697248,0.0284403669724771,0.137614678899083
265273.411807,2520866.126422,0.0451293340671436,0.330398092093194,0.157035406347459,0.0772335351311686,0.0119244175380664,0.378279214822968
265773.411807,2520866.126422,0.108241758241758,0.391758241758242,0.00787545787545788,0.00128205128205128,0.0294871794871795,0.461355311355311
266273.411807,2520866.126422,0.64348623853211,0.00330275229357798,0,0.0135779816513761,0.0122935779816514,0.327339449541284
266773.411807,2520866.126422,0.506145661346542,0.0346725371491469,0.000366905155017428,0.0471473124197395,0.0449458814896349,0.366721702439919
267273.411807,2520866.126422,0.357509157509158,0.026007326007326,0.00586080586080586,0.0181318681318681,0.0463369963369963,0.546153846153846
267773.411807,2520866.126422,0.125871559633028,0.0579816513761468,0.00238532110091743,0.385871559633028,0.169724770642202,0.258165137614679
268273.411807,2520866.126422,0.0291689598238855,0.00495321959273528,0.000183452577508714,0.31957439002018,0.0464135021097046,0.599706475875986
268773.411807,2520866.126422,0.170879120879121,0.076007326007326,0.165934065934066,0.3,0.0763736263736264,0.210805860805861
263273.411807,2520366.126422,0.101465201465201,0.217399267399267,0,0.177289377289377,0.127472527472527,0.376373626373626
263773.411807,2520366.126422,0.0245421245421245,0.50018315018315,0.0347985347985348,0.0106227106227106,0.0595238095238095,0.37032967032967
264273.411807,2520366.126422,0.0348368170150348,0.37972130546388,0.0119178584525119,0.00641730839750642,0.0390539053905391,0.528052805280528
264773.411807,2520366.126422,0.0428571428571429,0.0761904761904762,0,0.0382783882783883,0.129120879120879,0.713553113553114
265273.411807,2520366.126422,0.00494505494505494,0.114285714285714,0.452197802197802,0.245970695970696,0.0653846153846154,0.117216117216117
265773.411807,2520366.126422,0.0088008800880088,0.545287862119545,0,0,0.00586725339200587,0.44004400440044
266273.411807,2520366.126422,0.180586080586081,0.271611721611722,0.000915750915750916,0.124175824175824,0.0619047619047619,0.360805860805861
266773.411807,2520366.126422,0.076007326007326,0.467948717948718,0.0157509157509158,0.0567765567765568,0.0386446886446886,0.344871794871795
267273.411807,2520366.126422,0.100660066006601,0.32013201320132,0.00458379171250458,0.0498716538320499,0.0495049504950495,0.475247524752475
267773.411807,2520366.126422,0.00805860805860806,0.00915750915750916,0.00952380952380952,0.519230769230769,0.0626373626373626,0.391391941391941
268273.411807,2520366.126422,0.0937728937728938,0.0529304029304029,0,0.0935897435897436,0.0304029304029304,0.729304029304029
263273.411807,2519866.126422,0.109561387410534,0.394934850431272,0.00238575885483575,0.106992108643788,0.0385391815011929,0.347586713158378
263773.411807,2519866.126422,0.155143957454612,0.262974509444343,0,0.0489638730973776,0.0784889051898038,0.454428754813864
264273.411807,2519866.126422,0.170056807769837,0.330584570276709,0.00219901044529962,0.0133773135422393,0.0509437419827744,0.432838555983141
264773.411807,2519866.126422,0.0803817214167737,0.360433106992109,0.0390897412369242,0.00697375665259681,0.0288126261699394,0.484309047531657
265273.411807,2519866.126422,0.0680359435173299,0.236567027324409,0.205574912891986,0.161195672107097,0.13588850174216,0.192737942417018
265773.411807,2519866.126422,0.0146600696353308,0.330951072017592,0.113615539673813,0.061205790727506,0.00659703133589885,0.472970496609859
266273.411807,2519866.126422,0.0121123141860892,0.604881629656818,0,0,0.00275279867865663,0.380253257478436
266773.411807,2519866.126422,0.123418301852191,0.395378690629012,0,0.00201723821749496,0.0278745644599303,0.451311204841372
267273.411807,2519866.126422,0.0901594282572842,0.301630932746931,0,0.111416529228514,0.0481949789261499,0.448598130841121
267773.411807,2519866.126422,0.0578087722517893,0.00899247568361167,0.0012846393833731,0.183152872086621,0.0574417324279684,0.691319508166636
268273.411807,2519866.126422,0.0573995965523565,0.117366587199707,0.113332110764717,0.204841371721988,0.0357601320374106,0.471300201723822
263273.411807,2519366.126422,0.14954128440367,0.121100917431193,0.013394495412844,0.25651376146789,0.0528440366972477,0.406605504587156
263773.411807,2519366.126422,0.190056870299028,0.184736745551275,0.014125848468171,0.122362869198312,0.123096679508347,0.365620986974867
264273.411807,2519366.126422,0.127106227106227,0.164468864468864,0.0463369963369963,0.0283882783882784,0.0663003663003663,0.567399267399267
264773.411807,2519366.126422,0.125321100917431,0.291559633027523,0.145504587155963,0.0423853211009174,0.101651376146789,0.293577981651376
265273.411807,2519366.126422,0.242340854889011,0.0508163639699138,0.0748486516235553,0.0212804989910108,0.0172445422858191,0.59346908824069
265773.411807,2519366.126422,0.123260073260073,0.097985347985348,0.277655677655678,0.301648351648352,0.00421245421245421,0.195238095238095
266273.411807,2519366.126422,0.0944954128440367,0.230275229357798,0.0464220183486239,0.183119266055046,0.0311926605504587,0.414495412844037
266773.411807,2519366.126422,0.00550357732526142,0.376261236470372,0,0.000183452577508714,0.002568336085122,0.615483397541735
267273.411807,2519366.126422,0.0664835164835165,0.330952380952381,0,0.00567765567765568,0.0366300366300366,0.56025641025641
267773.411807,2519366.126422,0.214311926605505,0.0790825688073395,0.00201834862385321,0.107155963302752,0.0746788990825688,0.522752293577982
268273.411807,2519366.126422,0.105485232067511,0.0475142175747569,0.352595853971748,0.236653824986241,0.024399192808659,0.233351678591084
263273.411807,2518866.126422,0.200732600732601,0.164102564102564,0,0.0476190476190476,0.109340659340659,0.478205128205128
263773.411807,2518866.126422,0.185347985347985,0.0684981684981685,0.0159340659340659,0.299084249084249,0.10970695970696,0.321428571428571
264273.411807,2518866.126422,0.0924092409240924,0.0515218188485515,0.00843417675100843,0.446644664466447,0.109277594426109,0.291712504583792
264773.411807,2518866.126422,0.124358974358974,0.0619047619047619,0.0512820512820513,0.304945054945055,0.122344322344322,0.335164835164835
265273.411807,2518866.126422,0.235714285714286,0.0628205128205128,0.0793040293040293,0.0364468864468864,0.095970695970696,0.48974358974359
265773.411807,2518866.126422,0.558855885588559,0.0055005500550055,0,0.0102676934360103,0.0243857719105244,0.400990099009901
266273.411807,2518866.126422,0.267582417582418,0.111721611721612,0.160989010989011,0.187728937728938,0.0186813186813187,0.253296703296703
266773.411807,2518866.126422,0,0.15970695970696,0.38974358974359,0.201465201465201,0.0293040293040293,0.21978021978022
