"x","y","forest","agri","water","built","other","grass"
288273.411807,2779366.126422,0.700201575957486,0.00109950522264981,0,0.00494777350192413,0.0423309510720176,0.251420194245923
288773.411807,2779366.126422,0.644521930629473,0.000734079647641769,0,0,0.00146815929528354,0.353275830427601
289273.411807,2779366.126422,0.317439941316706,0.00770218228498074,0,0.0317256556024207,0.0632679259123418,0.57986429488355
289773.411807,2779366.126422,0.176104086494411,0.0113615539673813,0,0.0771486164559282,0.13340663368151,0.60197910940077
290273.411807,2779366.126422,0.407781244265003,0.000183519911910442,0,0.00275279867865663,0.0170673518076711,0.572215085336759
290773.411807,2779366.126422,0.553456812763616,0.000366770584999083,0,0.00568494406748579,0.0506143407298735,0.389877131854025
291273.411807,2779366.126422,0.446765622136705,0.000733003481766538,0,0.00146600696353308,0.00439802089059923,0.546637346527396
291773.411807,2779366.126422,0.425949715544137,0.00623967700495504,0,0.00220223894292531,0.0244081482840888,0.541200220223894
292273.411807,2779366.126422,0.494039977993765,0.00201723821749496,0,0.000550155877498625,0.0100861910874748,0.493306436823767
292773.411807,2779366.126422,0.575774234927616,0.00128275609309144,0,0.00348176653839106,0.0282206340480117,0.39124060839289
293273.411807,2779366.126422,0.675720315654249,0.0034868783262984,0,0.00183519911910442,0.0284455863461186,0.29051202055423
293773.411807,2779366.126422,0.432422519713919,0.00605171465248487,0.000733541169998166,0.00605171465248487,0.0196222262974509,0.535118283513662
294273.411807,2779366.126422,0.346160894264248,0.00274876305662452,0,0.00109950522264981,0.0111783030969397,0.638812534359538
294773.411807,2779366.126422,0.451826023123509,0.00220223894292531,0,0.0108276748027161,0.105340429436594,0.429803633694256
295273.411807,2779366.126422,0.479369154593802,0.00238400880249404,0,0.00495140289748762,0.0377773702549056,0.475518063451311
295773.411807,2779366.126422,0.184350375664284,0.0350009162543522,0.0155763239875389,0.133040131940627,0.118929814916621,0.513102437236577
296273.411807,2779366.126422,0.00422095797394017,0.0126628739218205,0.937970269774271,0.0181684712791338,0.00330335841438796,0.0236740686364471
296773.411807,2779366.126422,0.362552723271594,0.0522648083623693,0.00146708233999633,0.134421419402164,0.111314872547222,0.337979094076655
297273.411807,2779366.126422,0.107018508337915,0.0751328568810702,0.0104452996151732,0.462891698735569,0.202308960967565,0.142202675462708
297773.411807,2779366.126422,0.157460084419159,0.146265369792623,0,0.0979996329601762,0.125894659570563,0.472380253257478
298273.411807,2779366.126422,0.0502475701448744,0.446726572528883,0.000366770584999083,0.00641848523748395,0.0410783055198973,0.455162295983862
298773.411807,2779366.126422,0.139820414146967,0.21641927799157,0,0.034084661902144,0.0390324354040682,0.57064321055525
299273.411807,2779366.126422,0.155257845476234,0.0686364470545054,0,0.0273444668746559,0.076344283354744,0.672416957239861
299773.411807,2779366.126422,0.166697230882083,0.0607005318173482,0.00550155877498625,0.131303869429672,0.138455895837154,0.497340913258757
300273.411807,2779366.126422,0.106142034548944,0.0433781190019194,0.000191938579654511,0.5021113243762,0.169097888675624,0.179078694817658
288273.411807,2778866.126422,0.741391941391941,0.00732600732600733,0,0.0395604395604396,0.0357142857142857,0.176007326007326
288773.411807,2778866.126422,0.818899082568807,0,0,0.00055045871559633,0.00036697247706422,0.180183486238532
289273.411807,2778866.126422,0.627591267657311,0.001284168042561,0,0.00440286186020914,0.0258668134287287,0.340854889011191
289773.411807,2778866.126422,0.222710622710623,0.0133699633699634,0,0.0994505494505494,0.166300366300366,0.498168498168498
290273.411807,2778866.126422,0.588440366972477,0.00073394495412844,0,0.0328440366972477,0.0361467889908257,0.341834862385321
290773.411807,2778866.126422,0.436984039625757,0.0199963309484498,0,0.0170610897083104,0.0533847000550358,0.472573839662447
291273.411807,2778866.126422,0.334432234432234,0.000183150183150183,0,0.00476190476190476,0.0532967032967033,0.607326007326007
291773.411807,2778866.126422,0.408073394495413,0.0073394495412844,0,0.0055045871559633,0.0744954128440367,0.504587155963303
292273.411807,2778866.126422,0.425243074665199,0.00421940928270042,0,0.0240322876536415,0.0691616217207852,0.477343606677674
292773.411807,2778866.126422,0.545054945054945,0.00274725274725275,0,0.000183150183150183,0.00750915750915751,0.444505494505494
293273.411807,2778866.126422,0.68697247706422,0.00275229357798165,0,0.0115596330275229,0.0271559633027523,0.271559633027523
293773.411807,2778866.126422,0.414235920014676,0.00220143093010457,0,0.0148596587782058,0.0377912309667951,0.530911759310218
294273.411807,2778866.126422,0.393406593406593,0.00164835164835165,0,0.00274725274725275,0.0322344322344322,0.56996336996337
294773.411807,2778866.126422,0.393211009174312,0.00275229357798165,0,0.00477064220183486,0.0332110091743119,0.56605504587156
295273.411807,2778866.126422,0.118693817648138,0.00348559897266557,0,0.0315538433314988,0.2168409466153,0.629425793432398
295773.411807,2778866.126422,0.243956043956044,0.00604395604395604,0.00769230769230769,0.0188644688644689,0.147619047619048,0.575824175824176
296273.411807,2778866.126422,0.0464220183486239,0.024954128440367,0.575045871559633,0.127339449541284,0.0405504587155963,0.185688073394495
296773.411807,2778866.126422,0.164923867180334,0.0374243258117777,0.153549807374794,0.170794349660613,0.115391671252981,0.357915978719501
297273.411807,2778866.126422,0.177655677655678,0.0774725274725275,0.0278388278388278,0.095970695970696,0.0672161172161172,0.553846153846154
297773.411807,2778866.126422,0.024954128440367,0.118165137614679,0.0715596330275229,0.00862385321100917,0.0425688073394495,0.734128440366972
298273.411807,2778866.126422,0.115391671252981,0.280132085855806,0.00146762062006971,0.0199963309484498,0.0366905155017428,0.54632177582095
298773.411807,2778866.126422,0.148351648351648,0.0358974358974359,0,0.135714285714286,0.172527472527473,0.507509157509157
299273.411807,2778866.126422,0.274128440366972,0.0284403669724771,0.0814678899082569,0.0634862385321101,0.0691743119266055,0.483302752293578
299773.411807,2778866.126422,0.157952669235003,0.124197394973399,0,0.00091726288754357,0.0119244175380664,0.705008255365988
300273.411807,2778866.126422,0.0857471705352005,0.162286591214272,0.000191828122002686,0.246882793017456,0.15787454440821,0.347017072702858
288273.411807,2778366.126422,0.258342500916758,0.00898423175650898,0.00201686835350202,0.0991932526585992,0.125779244591126,0.505683901723506
288773.411807,2778366.126422,0.408424908424908,0.0104395604395604,0.0108058608058608,0.0177655677655678,0.0177655677655678,0.534798534798535
289273.411807,2778366.126422,0.707509157509158,0.000366300366300366,0,0.00347985347985348,0.0201465201465201,0.268498168498168
289773.411807,2778366.126422,0.538687202053539,0.00971763843050972,0,0.0216354968830216,0.0540887422075541,0.375870920425376
290273.411807,2778366.126422,0.458241758241758,0.000183150183150183,0,0.0108058608058608,0.0386446886446886,0.492124542124542
290773.411807,2778366.126422,0.563003663003663,0.000549450549450549,0,0,0.0010989010989011,0.435347985347985
291273.411807,2778366.126422,0.504950495049505,0.0033003300330033,0,0.00715071507150715,0.026035936927026,0.458562522918959
291773.411807,2778366.126422,0.366666666666667,0.00238095238095238,0,0.00531135531135531,0.0408424908424908,0.584798534798535
292273.411807,2778366.126422,0.492857142857143,0.00293040293040293,0,0.00934065934065934,0.0347985347985348,0.46007326007326
292773.411807,2778366.126422,0.332233223322332,0.0155848918225156,0,0.0881921525485882,0.139163916391639,0.424825815914925
293273.411807,2778366.126422,0.385897435897436,0.00311355311355311,0,0.0553113553113553,0.0968864468864469,0.458791208791209
293773.411807,2778366.126422,0.587545787545788,0.00164835164835165,0,0.00860805860805861,0.0249084249084249,0.377289377289377
294273.411807,2778366.126422,0.461496149614961,0.00348368170150348,0,0.0117345067840117,0.0584891822515585,0.464796479647965
294773.411807,2778366.126422,0.328937728937729,0.000915750915750916,0,0.00421245421245421,0.0186813186813187,0.647252747252747
295273.411807,2778366.126422,0.138461538461538,0.00238095238095238,0.00476190476190476,0.0032967032967033,0.113369963369963,0.737728937728938
295773.411807,2778366.126422,0.118811881188119,0.00788412174550788,0,0.0212687935460213,0.144297763109644,0.707737440410708
296273.411807,2778366.126422,0.152747252747253,0.0289377289377289,0.49047619047619,0.0490842490842491,0.026007326007326,0.252747252747253
296773.411807,2778366.126422,0.103846153846154,0.0203296703296703,0.378754578754579,0.319230769230769,0.00787545787545788,0.16996336996337
297273.411807,2778366.126422,0.46039603960396,0.00348368170150348,0.135496883021635,0.0088008800880088,0.00806747341400807,0.383755042170884
297773.411807,2778366.126422,0.27032967032967,0.0344322344322344,0.212637362637363,0.00622710622710623,0.0010989010989011,0.475274725274725
298273.411807,2778366.126422,0.12014652014652,0.0106227106227106,0.476556776556777,0.01996336996337,0.019047619047619,0.353663003663004
298773.411807,2778366.126422,0.0485881921525486,0.0449211587825449,0.381004767143381,0.0533553355335534,0.117711771177118,0.354418775210854
299273.411807,2778366.126422,0.11043956043956,0.0648351648351648,0.076007326007326,0.100732600732601,0.117216117216117,0.530769230769231
299773.411807,2778366.126422,0.0754578754578755,0.0542124542124542,0.334432234432234,0.06996336996337,0.0736263736263736,0.392307692307692
300273.411807,2778366.126422,0.0794930875576037,0.0829493087557604,0.0334101382488479,0.239247311827957,0.0961981566820276,0.468701996927803
288273.411807,2777866.126422,0.70295033901411,0.00146600696353308,0,0.00201575957485798,0.00879604178119846,0.2847718526663
288773.411807,2777866.126422,0.368140943292347,0.00770783630023858,0,0.07469260414755,0.0570746926041475,0.492383923655717
289273.411807,2777866.126422,0.536585365853659,0.00293416467999266,0,0.000916926462497708,0.0115532734274711,0.44801026957638
289773.411807,2777866.126422,0.700568077698369,0.00549752611324904,0,0.00659703133589885,0.0271211288253619,0.260216236027121
290273.411807,2777866.126422,0.699027344466875,0.00183519911910442,0,0.00440447788585061,0.0280785465222977,0.266654432005873
290773.411807,2777866.126422,0.598569594718504,0.00201723821749496,0,0.00623509994498441,0.0408949202273978,0.352283146891619
291273.411807,2777866.126422,0.565878687923768,0.00164925783397471,0,0.0426974528129009,0.045629466739967,0.34414513468939
291773.411807,2777866.126422,0.466691135988255,0.00201871903101487,0,0.000550559735731327,0.0130299137456414,0.517709671499358
292273.411807,2777866.126422,0.427287731523932,0.0022006235099945,0,0.00128369704749679,0.0229231615624427,0.546304786356134
292773.411807,2777866.126422,0.599963349825912,0.009529045262965,0,0.0047645226314825,0.0203408466190214,0.365402235660619
293273.411807,2777866.126422,0.439163149201688,0.0233070288126262,0,0.144613690585429,0.098733712607818,0.294182418792439
293773.411807,2777866.126422,0.532550889418669,0.0284247203374289,0,0.0377773702549056,0.0454795525398863,0.355767467449111
294273.411807,2777866.126422,0.348543155579989,0.00109950522264981,0,0.00366501740883269,0.0207073483599047,0.625984973428624
294773.411807,2777866.126422,0.547990456964581,0.00587263718113415,0,0.0152321526885667,0.0693705267021472,0.361534226463571
295273.411807,2777866.126422,0.33614524115166,0.0168714469099578,0,0.0260407115349349,0.117733357784706,0.503209242618742
295773.411807,2777866.126422,0.224848818031886,0.0267546270844787,0.0216236027121129,0.185999633498259,0.154113982041415,0.386659336631849
296273.411807,2777866.126422,0,0.0992842723435493,0.543953018902551,0.305193613507066,0,0.0515690952468343
296773.411807,2777866.126422,0,0.00696864111498258,0.21181001283697,0.688245002750779,0.0022006235099945,0.0907757197872731
297273.411807,2777866.126422,0.0760491112332784,0.0328019058090526,0.139087410665201,0.213670514934946,0.146417445482866,0.391973611874656
297773.411807,2777866.126422,0.138924573316205,0.0256927876674619,0.0912093962194898,0.142411451642503,0.152688566709488,0.449073224444852
298273.411807,2777866.126422,0.226297450944434,0.0172382174949569,0.00788556757748029,0.0918760315422703,0.123418301852191,0.533284430588667
298773.411807,2777866.126422,0.143118929814917,0.030602895363753,0,0.0886934212937511,0.153930731170973,0.583654022356606
299273.411807,2777866.126422,0.135621214901817,0.0135804734813727,0.000183519911910442,0.151036887502294,0.159478803450174,0.540099100752432
299773.411807,2777866.126422,0.138089125252155,0.0341096644049147,0.00183385292499542,0.233082706766917,0.16816431322208,0.424720337428938
300273.411807,2777866.126422,0.0687140115163148,0.0560460652591171,0.283685220729367,0.263147792706334,0.0750479846449136,0.253358925143954
288273.411807,2777366.126422,0.528937728937729,0.00274725274725275,0,0.0882783882783883,0.0450549450549451,0.334981684981685
288773.411807,2777366.126422,0.292293577981651,0.0205504587155963,0,0.187522935779817,0.182018348623853,0.317614678899083
289273.411807,2777366.126422,0.519537699504678,0.00532012474775271,0.00568702990277013,0,0.00201797835259585,0.467437167492203
289773.411807,2777366.126422,0.865384615384615,0.000183150183150183,0,0.00641025641025641,0.00293040293040293,0.125091575091575
290273.411807,2777366.126422,0.721467889908257,0.00422018348623853,0,0.00201834862385321,0.0159633027522936,0.256330275229358
290773.411807,2777366.126422,0.541918913960741,0.0121078701155751,0,0.08273711245643,0.117776554760594,0.245459548706659
291273.411807,2777366.126422,0.479120879120879,0.00805860805860806,0,0.127838827838828,0.101282051282051,0.283699633699634
291773.411807,2777366.126422,0.518348623853211,0.00532110091743119,0,0.135045871559633,0.127522935779817,0.213761467889908
292273.411807,2777366.126422,0.428545221060356,0.000366905155017428,0,0.000550357732526142,0.00275178866263071,0.56778572738947
292773.411807,2777366.126422,0.436813186813187,0.00347985347985348,0.000915750915750916,0.00293040293040293,0.013003663003663,0.542857142857143
293273.411807,2777366.126422,0.498348623853211,0.00146788990825688,0,0.00385321100917431,0.0269724770642202,0.469357798165138
293773.411807,2777366.126422,0.419556044762429,0.0135754907356448,0,0.179049715648505,0.125298110438452,0.26252063841497
294273.411807,2777366.126422,0.3003663003663,0.0153846153846154,0,0.23040293040293,0.144139194139194,0.30970695970696
294773.411807,2777366.126422,0.315045871559633,0.0152293577981651,0.00055045871559633,0.265871559633027,0.246605504587156,0.156697247706422
295273.411807,2777366.126422,0.146578609429462,0.0473307649972482,0.000183452577508714,0.437350944780774,0.197578425976885,0.170977802238121
295773.411807,2777366.126422,0.067032967032967,0.122161172161172,0.0527472527472527,0.304029304029304,0.111721611721612,0.342307692307692
296273.411807,2777366.126422,0,0,0.913394495412844,0.086605504587156,0,0
296773.411807,2777366.126422,0,0,0.449642267473858,0.550357732526142,0,0
297273.411807,2777366.126422,0,0,0.116300366300366,0.883699633699634,0,0
297773.411807,2777366.126422,0.0271559633027523,0.0100917431192661,0.114128440366972,0.754678899082569,0.0238532110091743,0.0700917431192661
298273.411807,2777366.126422,0.0554026784076316,0.01284168042561,0.0913593835993396,0.558429645936525,0.0928270042194093,0.189139607411484
298773.411807,2777366.126422,0.0901098901098901,0.0216117216117216,0.0124542124542125,0.386080586080586,0.218131868131868,0.271611721611722
299273.411807,2777366.126422,0.180917431192661,0.0111926605504587,0.00018348623853211,0.120733944954128,0.19394495412844,0.49302752293578
299773.411807,2777366.126422,0.158686479545038,0.0150431113557145,0,0.087873784626674,0.129884424876169,0.608512199596404
300273.411807,2777366.126422,0.0974486859773643,0.0732783426050259,0.345290619604834,0.173796278534433,0.071360061384999,0.238826011893344
288273.411807,2776866.126422,0.508800880088009,0.00348368170150348,0,0.0506050605060506,0.0242024202420242,0.412907957462413
288773.411807,2776866.126422,0.34029304029304,0.0111721611721612,0,0.194139194139194,0.127655677655678,0.326739926739927
289273.411807,2776866.126422,0.282051282051282,0.00915750915750916,0,0.0767399267399267,0.0857142857142857,0.546336996336996
289773.411807,2776866.126422,0.604877154382105,0.00403373670700403,0.00146681334800147,0,0.00055005500550055,0.389072240557389
290273.411807,2776866.126422,0.582967032967033,0.00769230769230769,0,0.0194139194139194,0.0163003663003663,0.373626373626374
290773.411807,2776866.126422,0.178205128205128,0.0276556776556777,0,0.228205128205128,0.162454212454212,0.403479853479853
291273.411807,2776866.126422,0.304913824715805,0.0236523652365237,0.0022002200220022,0.184451778511184,0.165933259992666,0.318848551521819
291773.411807,2776866.126422,0.577838827838828,0.0102564102564103,0,0.124542124542125,0.0934065934065934,0.193956043956044
292273.411807,2776866.126422,0.502930402930403,0.00641025641025641,0,0.0743589743589744,0.0838827838827839,0.332417582417582
292773.411807,2776866.126422,0.671433810047671,0.00238357169050238,0,0.0207187385405207,0.0458379171250458,0.25962596259626
293273.411807,2776866.126422,0.45952380952381,0.000915750915750916,0,0.00274725274725275,0.0238095238095238,0.513003663003663
293773.411807,2776866.126422,0.439194139194139,0.00641025641025641,0,0.013003663003663,0.0461538461538462,0.495238095238095
294273.411807,2776866.126422,0.402090209020902,0.000183351668500183,0,0,0.00586725339200587,0.591859185918592
294773.411807,2776866.126422,0.252014652014652,0.00677655677655678,0,0.0166666666666667,0.173443223443223,0.551098901098901
295273.411807,2776866.126422,0.275641025641026,0.0221611721611722,0.00622710622710623,0.301098901098901,0.112637362637363,0.282234432234432
295773.411807,2776866.126422,0.0685735240190686,0.0623395672900623,0.0799413274660799,0.168133480014668,0.0698569856985699,0.551155115511551
296273.411807,2776866.126422,0.0232600732600733,0.0238095238095238,0.219413919413919,0.0527472527472527,0.0510989010989011,0.62967032967033
296773.411807,2776866.126422,0.067032967032967,0.0446886446886447,0.216666666666667,0.120695970695971,0.157509157509158,0.393406593406593
297273.411807,2776866.126422,0.0313531353135314,0.141914191419142,0.461312797946461,0.153098643197653,0.0671067106710671,0.145214521452145
297773.411807,2776866.126422,0.0913919413919414,0.0967032967032967,0.204761904761905,0.187912087912088,0.0437728937728938,0.375457875457875
298273.411807,2776866.126422,0.0406593406593407,0.0173992673992674,0.341025641025641,0.192857142857143,0.00146520146520147,0.406593406593407
298773.411807,2776866.126422,0,0.00641730839750642,0.286945361202787,0.662816281628163,0.00256692335900257,0.0412541254125413
299273.411807,2776866.126422,0.0787545787545788,0.0882783882783883,0.0646520146520147,0.566666666666667,0.0727106227106227,0.128937728937729
299773.411807,2776866.126422,0.107326007326007,0.021978021978022,0,0.24981684981685,0.233150183150183,0.387728937728938
300273.411807,2776866.126422,0.0447388632872504,0.0675883256528418,0.372311827956989,0.268241167434716,0.0673963133640553,0.179723502304147
288273.411807,2776366.126422,0.180868609125893,0.0280373831775701,0.000183250870441635,0.318856514568444,0.170973062122045,0.301081180135606
288773.411807,2776366.126422,0.154340245916682,0.0396403009726555,0.00201871903101487,0.125160579922922,0.179665993760323,0.499174160396403
289273.411807,2776366.126422,0.0746378140473134,0.0480469466348799,0.0245736291949386,0.160645516229598,0.218045112781955,0.474050981111315
289773.411807,2776366.126422,0.142569177203592,0.00164925783397471,0,0.000916254352208173,0.0555250137438153,0.79934029686641
290273.411807,2776366.126422,0.68452927142595,0.00183519911910442,0,0.0203707102220591,0.0299137456414021,0.263351073591485
290773.411807,2776366.126422,0.480836236933798,0.00843572345497891,0,0.0854575463047864,0.119383825417202,0.305886667889235
291273.411807,2776366.126422,0.558915154846986,0.0102620487447315,0,0.0470954737035001,0.0602895363752978,0.323437786329485
291773.411807,2776366.126422,0.695173426316755,0.000550559735731327,0,0.000917599559552211,0.00403743806202973,0.299320976325931
292273.411807,2776366.126422,0.523198239501192,0.00733541169998166,0,0.0946268109297634,0.130020172382175,0.244819365486888
292773.411807,2776366.126422,0.331317573758475,0.0351841671247938,0,0.199010445299615,0.176653839105736,0.25783397471138
293273.411807,2776366.126422,0.598641952651863,0.0082583960359699,0,0.0691870067902367,0.0579922921636998,0.265920352358231
293773.411807,2776366.126422,0.50412616908124,0.0022006235099945,0,0.00458463231248854,0.00495140289748762,0.48413717219879
294273.411807,2776366.126422,0.338647608576141,0.0185083379146051,0,0.085761407366685,0.128825361920469,0.4282572842221
294773.411807,2776366.126422,0.318590567076528,0.0102771150669848,0,0.0820334006239677,0.177830794641219,0.411268122591301
295273.411807,2776366.126422,0.0559325142123602,0.0841738492572896,0.0170548322024574,0.35209976159912,0.127452778287181,0.363286264441592
295773.411807,2776366.126422,0.00604727872457394,0.0437969580355507,0.146967198094191,0.0137438152831226,0.0353674179952355,0.754077331867326
296273.411807,2776366.126422,0.0508350155991925,0.0442282987704166,0.135988254725638,0.29051202055423,0.154156726004772,0.324279684345751
296773.411807,2776366.126422,0.113882266642215,0.0126535851824684,0,0.516412983678709,0.220245736291949,0.136805428204658
297273.411807,2776366.126422,0.161810518599963,0.0960234561114165,0.0130108118013561,0.487997067986073,0.0696353307678211,0.17152281473337
297773.411807,2776366.126422,0.0396403009726555,0.0212883097816113,0.00146815929528354,0.723435492750964,0.1370893741971,0.0770783630023858
298273.411807,2776366.126422,0.0993948285347515,0.0194388410049514,0,0.404364569961489,0.15606088391711,0.320740876581698
298773.411807,2776366.126422,0.0635880520432472,0.0146600696353308,0,0.233095107201759,0.14018691588785,0.548469855231812
299273.411807,2776366.126422,0.00440447788585061,0.0183519911910442,0.35272527069187,0.0620297302257295,0.0330335841438796,0.529454945861626
299773.411807,2776366.126422,0.0254905556574363,0.01998899688245,0.376306620209059,0.46396479002384,0.0638180817898405,0.0504309554373739
300273.411807,2776366.126422,0.0809980806142035,0.0299424184261036,0.0654510556621881,0.435892514395393,0.21957773512476,0.168138195777351
288273.411807,2775866.126422,0.0271062271062271,0.102930402930403,0.010989010989011,0.21007326007326,0.23040293040293,0.418498168498169
288773.411807,2775866.126422,0.0678899082568807,0.0352293577981651,0.00128440366972477,0.339449541284404,0.310091743119266,0.24605504587156
289273.411807,2775866.126422,0.311869381764814,0.0148596587782058,0.00201797835259585,0.152999449642267,0.157218858924968,0.361034672537149
289773.411807,2775866.126422,0.229120879120879,0.00274725274725275,0,0.0148351648351648,0.054029304029304,0.699267399267399
290273.411807,2775866.126422,0.528990825688073,0.0121100917431193,0,0.161834862385321,0.0273394495412844,0.269724770642202
290773.411807,2775866.126422,0.111355714547789,0.0168776371308017,0,0.489451476793249,0.200330214639516,0.181984956888644
291273.411807,2775866.126422,0.506959706959707,0.00183150183150183,0,0.0655677655677656,0.112087912087912,0.313553113553114
291773.411807,2775866.126422,0.784587155963303,0.00220183486238532,0,0.0299082568807339,0.0168807339449541,0.166422018348624
292273.411807,2775866.126422,0.826453861676757,0.00513667217024399,0,0.0165107319757843,0.0313703907539901,0.120528343423225
292773.411807,2775866.126422,0.67051282051282,0.0126373626373626,0,0.078021978021978,0.0868131868131868,0.152014652014652
293273.411807,2775866.126422,0.230275229357798,0.0528440366972477,0.00238532110091743,0.294495412844037,0.254862385321101,0.165137614678899
293773.411807,2775866.126422,0.214272610530178,0.0475142175747569,0.0130251330031187,0.328013208585581,0.17831590533847,0.218858924967896
294273.411807,2775866.126422,0.306776556776557,0.188644688644689,0,0.0961538461538462,0.078021978021978,0.33040293040293
294773.411807,2775866.126422,0.0688073394495413,0.0614678899082569,0.0111926605504587,0.584220183486238,0.177064220183486,0.0972477064220184
295273.411807,2775866.126422,0.0550357732526142,0.125114657860943,0.151715281599706,0.168226013575491,0.0610897083104018,0.438818565400844
295773.411807,2775866.126422,0.00897435897435897,0.095970695970696,0.285714285714286,0.0388278388278388,0.0732600732600733,0.497252747252747
296273.411807,2775866.126422,0.0577981651376147,0.0431192660550459,0.0330275229357798,0.733761467889908,0.0889908256880734,0.043302752293578
296773.411807,2775866.126422,0.0805356815263254,0.0803522289488167,0.0343056319941295,0.50779673454412,0.182168409466153,0.114841313520455
297273.411807,2775866.126422,0.105311355311355,0.0437728937728938,0.00164835164835165,0.584065934065934,0.140659340659341,0.124542124542125
297773.411807,2775866.126422,0.0572477064220183,0.0392660550458716,0.00293577981651376,0.813577981651376,0.0755963302752294,0.0113761467889908
298273.411807,2775866.126422,0.0706292423408549,0.0585213722252798,0,0.649605576958356,0.105668684645019,0.11557512383049
298773.411807,2775866.126422,0.0619047619047619,0.0364468864468864,0.000549450549450549,0.6496336996337,0.176190476190476,0.0752747252747253
299273.411807,2775866.126422,0.0710091743119266,0.294862385321101,0.0139449541284404,0.362935779816514,0.160550458715596,0.096697247706422
299773.411807,2775866.126422,0.0240322876536415,0.072463768115942,0.177582095028435,0.179233168226014,0.0610897083104018,0.485598972665566
300273.411807,2775866.126422,0.0117015154421638,0.0157299060042202,0.256474199117591,0.662190677153271,0.0251294839823518,0.0287742183004028
288273.411807,2775366.126422,0.0748074807480748,0.143014301430143,0.0474880821415475,0.314264759809314,0.161166116611661,0.259259259259259
288773.411807,2775366.126422,0.0514652014652015,0.0613553113553114,0.0021978021978022,0.307509157509158,0.234981684981685,0.342490842490842
289273.411807,2775366.126422,0.291758241758242,0.0181318681318681,0.00128205128205128,0.159157509157509,0.308241758241758,0.221428571428571
289773.411807,2775366.126422,0.48001466813348,0.0088008800880088,0.000733406674000733,0.059039237257059,0.110744407774111,0.340667400073341
290273.411807,2775366.126422,0.398534798534799,0.00641025641025641,0,0.163919413919414,0.0697802197802198,0.361355311355311
290773.411807,2775366.126422,0.123260073260073,0.0245421245421245,0,0.507509157509157,0.156410256410256,0.188278388278388
291273.411807,2775366.126422,0.566740007334067,0.0154015401540154,0,0.188852218555189,0.0594059405940594,0.16960029336267
291773.411807,2775366.126422,0.591758241758242,0.00769230769230769,0,0.0644688644688645,0.110622710622711,0.225457875457875
292273.411807,2775366.126422,0.562271062271062,0.0124542124542125,0,0.0509157509157509,0.0434065934065934,0.330952380952381
292773.411807,2775366.126422,0.695819581958196,0.00275027502750275,0,0.011001100110011,0.0165016501650165,0.273927392739274
293273.411807,2775366.126422,0.655677655677656,0.00494505494505494,0,0.0179487179487179,0.030952380952381,0.29047619047619
293773.411807,2775366.126422,0.314652014652015,0.0243589743589744,0,0.366300366300366,0.112637362637363,0.182051282051282
294273.411807,2775366.126422,0.0718738540520719,0.0535386872020535,0.00623395672900623,0.661349468280161,0.134396773010634,0.0726072607260726
294773.411807,2775366.126422,0.0327838827838828,0.145970695970696,0.0514652014652015,0.536446886446886,0.14029304029304,0.093040293040293
295273.411807,2775366.126422,0.0432234432234432,0.0402930402930403,0.0582417582417582,0.104578754578755,0.045970695970696,0.707692307692308
295773.411807,2775366.126422,0.0143014301430143,0.0482214888155482,0.268976897689769,0.092959295929593,0.124862486248625,0.450678401173451
296273.411807,2775366.126422,0.073992673992674,0.0386446886446886,0.00934065934065934,0.736813186813187,0.108791208791209,0.0324175824175824
296773.411807,2775366.126422,0.0648351648351648,0.0778388278388278,0.0153846153846154,0.695787545787546,0.0891941391941392,0.056959706959707
297273.411807,2775366.126422,0.103226989365603,0.0443711037770444,0.00348368170150348,0.574624129079575,0.171433810047671,0.102860286028603
297773.411807,2775366.126422,0.15,0.0655677655677656,0.00622710622710623,0.512454212454212,0.162087912087912,0.103663003663004
298273.411807,2775366.126422,0.0494505494505494,0.0362637362637363,0.000549450549450549,0.854395604395604,0.0521978021978022,0.00714285714285714
298773.411807,2775366.126422,0.108544187752109,0.0753575357535754,0.00733406674000733,0.638980564723139,0.107627429409608,0.0621562156215622
299273.411807,2775366.126422,0.132783882783883,0.123809523809524,0.00677655677655678,0.421428571428571,0.181135531135531,0.134065934065934
299773.411807,2775366.126422,0.112637362637363,0.0575091575091575,0.000915750915750916,0.591025641025641,0.0935897435897436,0.144322344322344
300273.411807,2775366.126422,0.0263056835637481,0.0695084485407066,0.308371735791091,0.290130568356375,0.064900153609831,0.240783410138249
288273.411807,2774866.126422,0.0914421843503757,0.15246472420744,0.0353674179952355,0.375481033534909,0.196811434854316,0.148433205057724
288773.411807,2774866.126422,0.0934116351624151,0.0598274912828042,0.00330335841438796,0.384474215452377,0.269040190860708,0.189943108827308
289273.411807,2774866.126422,0.145424536952136,0.0601503759398496,0.00733541169998166,0.391344214194022,0.230882083256923,0.164863377957088
289773.411807,2774866.126422,0.540040315191497,0.0260216236027121,0.000549752611324904,0.101704233095107,0.110500274876306,0.221183800623053
290273.411807,2774866.126422,0.227564690768948,0.0236740686364471,0.00110111947146265,0.465957056340613,0.148834648559369,0.13286841622316
290773.411807,2774866.126422,0.48780487804878,0.0152209792774619,0,0.135154960572162,0.163212910324592,0.198606271777003
291273.411807,2774866.126422,0.65805387575591,0.00641378046545721,0,0.0861279091075683,0.068719076415613,0.180685358255452
291773.411807,2774866.126422,0.810056891172692,0.00311983850247752,0,0.00110111947146265,0.0115617544503579,0.17416039640301
292273.411807,2774866.126422,0.548688795158628,0.00916926462497708,0,0.0152209792774619,0.0157711351549606,0.411149825783972
292773.411807,2774866.126422,0.414879970679861,0.00109950522264981,0,0.00274876305662452,0.0284038849184534,0.552867876122412
293273.411807,2774866.126422,0.80069737566526,0.0152321526885667,0,0.000734079647641769,0.00807487612405946,0.175261515874472
293773.411807,2774866.126422,0.458830001833853,0.0328259673574179,0.00421786172748946,0.0964606638547588,0.150192554557125,0.257472950669356
294273.411807,2774866.126422,0.0569910207073484,0.0494777350192413,0.00934579439252336,0.604727872457394,0.144951438519333,0.13450613890416
294773.411807,2774866.126422,0.0814828408882364,0.0411084602679391,0.0176179115434025,0.51036887502294,0.18241879243898,0.167003119838502
295273.411807,2774866.126422,0.0651017788373372,0.0324591967724189,0.00348432055749129,0.20410783055199,0.0937098844672657,0.601136988813497
295773.411807,2774866.126422,0.0346344145134689,0.0582737768004398,0.109950522264981,0.070734835990471,0.0945574491478835,0.631849001282756
296273.411807,2774866.126422,0.0361534226463571,0.0311983850247752,0.00367039823820885,0.728757570196366,0.139108093228115,0.0611121306661773
296773.411807,2774866.126422,0.026407482119934,0.0150375939849624,0.000366770584999083,0.901338712635247,0.0517146524848707,0.00513478818998716
297273.411807,2774866.126422,0.0371999266996518,0.0291368884002199,0.00311526479750779,0.850284038849185,0.0628550485614807,0.0174088326919553
297773.411807,2774866.126422,0.0715727656450725,0.02073775004588,0.00110111947146265,0.803266654432006,0.0877225178931914,0.0155991925123876
298273.411807,2774866.126422,0.0623509994498441,0.0273244085824317,0.000733541169998166,0.774986246103063,0.0806895286997983,0.0539152759948652
298773.411807,2774866.126422,0.0549752611324904,0.0161260765988638,0.000366501740883269,0.849551035367418,0.0606560381161811,0.0183250870441635
299273.411807,2774866.126422,0.0289961460818499,0.0247751881079097,0.000550559735731327,0.896494769682511,0.0449623784180584,0.00422095797394017
299773.411807,2774866.126422,0.0742710434623143,0.0452961672473868,0,0.77205208142307,0.0698697964423253,0.0385109114249037
300273.411807,2774866.126422,0.072552783109405,0.0748560460652591,0.0115163147792706,0.573896353166987,0.120729366602687,0.146449136276392
288273.411807,2774366.126422,0.0978021978021978,0.132051282051282,0.00549450549450549,0.21007326007326,0.222161172161172,0.332417582417582
288773.411807,2774366.126422,0.098348623853211,0.0842201834862385,0.00642201834862385,0.386605504587156,0.218165137614679,0.206238532110092
289273.411807,2774366.126422,0.111539167125298,0.0431113557145478,0.00587048248027885,0.553843331498808,0.187488534213906,0.098147128967162
289773.411807,2774366.126422,0.0591575091575092,0.0531135531135531,0.00347985347985348,0.575091575091575,0.184065934065934,0.125091575091575
290273.411807,2774366.126422,0.198715596330275,0.0242201834862385,0.00128440366972477,0.474311926605505,0.189357798165138,0.112110091743119
290773.411807,2774366.126422,0.423592001467621,0.0150431113557145,0,0.310218308567235,0.128967161988626,0.122179416620804
291273.411807,2774366.126422,0.594871794871795,0.0100732600732601,0,0.06996336996337,0.01996336996337,0.305128205128205
291773.411807,2774366.126422,0.711559633027523,0.00495412844036697,0,0.00788990825688073,0.0357798165137615,0.239816513761468
292273.411807,2774366.126422,0.324160704457898,0.0132085855806274,0,0.177398642450926,0.0893414052467437,0.395890662263805
292773.411807,2774366.126422,0.263736263736264,0.00366300366300366,0,0.00879120879120879,0.0708791208791209,0.652930402930403
293273.411807,2774366.126422,0.687706422018349,0.00055045871559633,0,0.0113761467889908,0.0267889908256881,0.273577981651376
293773.411807,2774366.126422,0.303614015776922,0.0333883691065859,0.001284168042561,0.291689598238855,0.193359016694185,0.176664832140892
294273.411807,2774366.126422,0.190842490842491,0.0238095238095238,0.00659340659340659,0.383699633699634,0.0793040293040293,0.315750915750916
294773.411807,2774366.126422,0.143853211009174,0.0651376146788991,0.00293577981651376,0.33394495412844,0.142935779816514,0.311192660550459
295273.411807,2774366.126422,0.0992478444322143,0.0631076866629976,0.000550357732526142,0.243258117776555,0.151531829022198,0.442304164373509
295773.411807,2774366.126422,0.0186813186813187,0.0395604395604396,0.0468864468864469,0.032051282051282,0.0247252747252747,0.838095238095238
296273.411807,2774366.126422,0.0678899082568807,0.0220183486238532,0,0.458715596330275,0.152110091743119,0.299266055045872
296773.411807,2774366.126422,0.0464135021097046,0.0394423041643735,0.002568336085122,0.667950834709228,0.127316088791048,0.116308934140525
297273.411807,2774366.126422,0.0498168498168498,0.0316849816849817,0.00494505494505494,0.77967032967033,0.0937728937728938,0.0401098901098901
297773.411807,2774366.126422,0.0598165137614679,0.0130275229357798,0.00018348623853211,0.693761467889908,0.130825688073395,0.102385321100917
298273.411807,2774366.126422,0.0526508897450009,0.0350394423041644,0,0.800587048248028,0.0845716382315172,0.0271509814712897
298773.411807,2774366.126422,0.0615384615384615,0.03003663003663,0.000549450549450549,0.775824175824176,0.0743589743589744,0.0576923076923077
299273.411807,2774366.126422,0.0464220183486239,0.0355963302752294,0.00477064220183486,0.795412844036697,0.0834862385321101,0.0343119266055046
299773.411807,2774366.126422,0.118143459915612,0.0379746835443038,0.00146762062006971,0.63768115942029,0.0915428361768483,0.113190240322877
300273.411807,2774366.126422,0.124496451179743,0.0521772491847305,0.00556301553807788,0.669480145789373,0.0717437176290044,0.0765394206790715
288273.411807,2773866.126422,0.317565089842318,0.101393472680601,0.0099009900990099,0.107994132746608,0.14998166483315,0.313164649798313
288773.411807,2773866.126422,0.227655677655678,0.0483516483516484,0.000732600732600733,0.231684981684982,0.22032967032967,0.271245421245421
289273.411807,2773866.126422,0.0538461538461538,0.109157509157509,0.00238095238095238,0.204761904761905,0.274175824175824,0.355677655677656
289773.411807,2773866.126422,0.565823248991566,0.0168683535020169,0.000733406674000733,0.061972863953062,0.0960762742940961,0.258525852585259
290273.411807,2773866.126422,0.446336996336996,0.0157509157509158,0.000366300366300366,0.0505494505494506,0.118864468864469,0.368131868131868
290773.411807,2773866.126422,0.810622710622711,0.00146520146520147,0,0.000183150183150183,0.00476190476190476,0.182967032967033
291273.411807,2773866.126422,0.789328932893289,0.00403373670700403,0,0.0088008800880088,0.0326365969930326,0.165199853318665
291773.411807,2773866.126422,0.66996336996337,0.00384615384615385,0.000366300366300366,0.00567765567765568,0.0346153846153846,0.285531135531136
292273.411807,2773866.126422,0.572161172161172,0.00842490842490842,0,0.0644688644688645,0.0983516483516483,0.256593406593407
292773.411807,2773866.126422,0.774477447744774,0.0066006600660066,0,0.0245691235790246,0.063989732306564,0.13036303630363
293273.411807,2773866.126422,0.398901098901099,0.0293040293040293,0.00402930402930403,0.193772893772894,0.176190476190476,0.197802197802198
293773.411807,2773866.126422,0.140659340659341,0.0271062271062271,0.00293040293040293,0.595970695970696,0.167032967032967,0.0663003663003663
294273.411807,2773866.126422,0.203703703703704,0.0392372570590392,0.0033003300330033,0.273744041070774,0.121378804547121,0.358635863586359
294773.411807,2773866.126422,0.195604395604396,0.0362637362637363,0.0010989010989011,0.413736263736264,0.132051282051282,0.221245421245421
295273.411807,2773866.126422,0.0778388278388278,0.0635531135531135,0.0368131868131868,0.482967032967033,0.115934065934066,0.222893772893773
295773.411807,2773866.126422,0.0685735240190686,0.072973964063073,0.0394206087275394,0.463513017968464,0.0608727539420609,0.294646131279795
296273.411807,2773866.126422,0.030952380952381,0.0529304029304029,0.0529304029304029,0.101098901098901,0.124175824175824,0.637912087912088
296773.411807,2773866.126422,0.0225274725274725,0.0141025641025641,0.0021978021978022,0.506593406593407,0.141575091575092,0.313003663003663
297273.411807,2773866.126422,0.074990832416575,0.0295196186285295,0.00495049504950495,0.694352768610194,0.114044737807114,0.0821415474880821
297773.411807,2773866.126422,0.110805860805861,0.0347985347985348,0.00934065934065934,0.682417582417582,0.111538461538462,0.0510989010989011
298273.411807,2773866.126422,0.0576923076923077,0.0294871794871795,0.00164835164835165,0.818498168498168,0.0542124542124542,0.0384615384615385
298773.411807,2773866.126422,0.0436376971030436,0.0234690135680235,0.000733406674000733,0.872203887055372,0.0383204987165383,0.0216354968830216
299273.411807,2773866.126422,0.140659340659341,0.0417582417582418,0.00201465201465201,0.592124542124542,0.112271062271062,0.111172161172161
299773.411807,2773866.126422,0.0401098901098901,0.0315018315018315,0.000549450549450549,0.834432234432234,0.0701465201465201,0.0232600732600733
300273.411807,2773866.126422,0.0591397849462366,0.027073732718894,0.00345622119815668,0.71178955453149,0.127304147465438,0.071236559139785
288273.411807,2773366.126422,0.273776800439802,0.0652373098772219,0.00714678394722375,0.20065970313359,0.233095107201759,0.220084295400403
288773.411807,2773366.126422,0.591117636263535,0.00844191594788034,0,0.017434391631492,0.0675353275830428,0.31547072857405
289273.411807,2773366.126422,0.583165230148542,0.0265908674124335,0,0.0377773702549056,0.102879149092243,0.249587383091876
