"x","y","forest","agri","water","built","other","grass"
174773.411807,2502866.126422,0.600150225338007,0.00600901352028042,0.0197796695042564,0.268652979469204,0.056835252879319,0.0485728592889334
175273.411807,2502866.126422,0.153076538269135,0.011255627813907,0,0.65407703851926,0.125062531265633,0.056528264132066
175773.411807,2502866.126422,0.190154922538731,0.00924537731134433,0,0.49800099950025,0.121689155422289,0.180909545227386
176273.411807,2502866.126422,0.0485728592889334,0.0175262894341512,0.00876314471707561,0.831497245868803,0.0600901352028042,0.0335503254882323
176773.411807,2502866.126422,0.190345172586293,0.0225112556278139,0.00475237618809405,0.572036018009004,0.0967983991995998,0.113556778389195
177273.411807,2502866.126422,0.108195902048976,0.0852073963018491,0.00224887556221889,0.653173413293353,0.0877061469265367,0.0634682658670665
177773.411807,2502866.126422,0.169253880821232,0.0205307961942914,0.0100150225338007,0.595643465197797,0.0650976464697046,0.139459188783175
178273.411807,2502866.126422,0.0857928964482241,0.0117558779389695,0.000250125062531266,0.706103051525763,0.0785392696348174,0.117558779389695
178773.411807,2502866.126422,0.0307346326836582,0.0132433783108446,0.000499750124937531,0.904547726136932,0.0439780109945027,0.00699650174912544
179273.411807,2502866.126422,0.164997496244367,0.0495743615423135,0.00175262894341512,0.471957936905358,0.175262894341512,0.136454682023035
179773.411807,2502866.126422,0.0927963981990995,0.0697848924462231,0.00125062531265633,0.660830415207604,0.0717858929464732,0.103551775887944
180273.411807,2502866.126422,0.170914542728636,0.0739630184907546,0.00174912543728136,0.410544727636182,0.170414792603698,0.172413793103448
180773.411807,2502866.126422,0.215823735603405,0.0525788683024537,0.000250375563345017,0.433900851276915,0.132448673009514,0.164997496244367
181273.411807,2502866.126422,0.0455227613806903,0.0157578789394697,0,0.801900950475238,0.0925462731365683,0.044272136068034
181773.411807,2502866.126422,0.253623188405797,0.0304847576211894,0,0.339580209895052,0.126186906546727,0.250124937531234
182273.411807,2502866.126422,0.150726089133701,0.0122684026039059,0,0.344266399599399,0.153229844767151,0.339509263895844
182773.411807,2502866.126422,0.0227613806903452,0.0475237618809405,0,0.313156578289145,0.120060030015008,0.496498249124562
183273.411807,2502866.126422,0.0619690154922539,0.0487256371814093,0.00424787606196902,0.640179910044978,0.142428785607196,0.102448775612194
183773.411807,2502866.126422,0.123184777165749,0.0538307461191788,0,0.593640460691037,0.123685528292439,0.105658487731597
184273.411807,2502866.126422,0.0182591295647824,0.00700350175087544,0,0.926213106553277,0.0415207603801901,0.00700350175087544
184773.411807,2502866.126422,0.0524737631184408,0.0169915042478761,0,0.753623188405797,0.0892053973013493,0.0877061469265367
185273.411807,2502866.126422,0.0363044566850275,0.0175262894341512,0.00175262894341512,0.815222834251377,0.114171256885328,0.0150225338007011
173773.411807,2502366.126422,0,0.000366300366300366,0.993772893772894,0.00549450549450549,0.000366300366300366,0
174273.411807,2502366.126422,0.00055005500550055,0,0.948478181151448,0.0467546754675468,0.00403373670700403,0.000183351668500183
174773.411807,2502366.126422,0.389377289377289,0.00421245421245421,0.0212454212454212,0.392490842490842,0.107875457875458,0.0847985347985348
175273.411807,2502366.126422,0.0155677655677656,0.0104395604395604,0.132417582417582,0.769230769230769,0.0587912087912088,0.0135531135531136
175773.411807,2502366.126422,0.0429042904290429,0.0188852218555189,0.0088008800880088,0.615328199486615,0.151448478181151,0.162632929959663
176273.411807,2502366.126422,0.0437728937728938,0.0172161172161172,0.0791208791208791,0.696153846153846,0.108974358974359,0.0547619047619048
176773.411807,2502366.126422,0.123626373626374,0.0194139194139194,0.00824175824175824,0.574542124542124,0.137728937728938,0.136446886446886
177273.411807,2502366.126422,0.0623395672900623,0.0359369270260359,0.0315364869820315,0.774477447744774,0.0595892922625596,0.0361202786945361
177773.411807,2502366.126422,0.0206959706959707,0.0230769230769231,0.0492673992673993,0.880769230769231,0.0203296703296703,0.00586080586080586
178273.411807,2502366.126422,0.0267399267399267,0.0144688644688645,0.000183150183150183,0.925457875457876,0.0313186813186813,0.00183150183150183
178773.411807,2502366.126422,0.0588558855885589,0.0427209387605427,0.000916758342500917,0.787678767876788,0.0524385771910524,0.0573890722405574
179273.411807,2502366.126422,0.0921245421245421,0.095970695970696,0.00201465201465201,0.67985347985348,0.0811355311355311,0.0489010989010989
179773.411807,2502366.126422,0.032051282051282,0.0274725274725275,0.000366300366300366,0.86959706959707,0.0531135531135531,0.0173992673992674
180273.411807,2502366.126422,0.0535386872020535,0.0231023102310231,0.00165016501650165,0.809314264759809,0.0854418775210854,0.026952695269527
180773.411807,2502366.126422,0.0358974358974359,0.0146520146520147,0,0.87032967032967,0.0474358974358974,0.0316849816849817
181273.411807,2502366.126422,0.0507326007326007,0.0148351648351648,0.000549450549450549,0.848901098901099,0.0401098901098901,0.0448717948717949
181773.411807,2502366.126422,0.158232489915658,0.0192519251925193,0,0.546387972130546,0.0581224789145581,0.218005133846718
182273.411807,2502366.126422,0.234981684981685,0.0186813186813187,0.0536630036630037,0.0195970695970696,0.0452380952380952,0.627838827838828
182773.411807,2502366.126422,0.196336996336996,0.0236263736263736,0,0.221794871794872,0.249450549450549,0.308791208791209
183273.411807,2502366.126422,0.135496883021635,0.0410707737440411,0.000366703337000367,0.535020168683535,0.213971397139714,0.0740740740740741
183773.411807,2502366.126422,0.0721611721611722,0.0432234432234432,0,0.804761904761905,0.0443223443223443,0.0355311355311355
184273.411807,2502366.126422,0.091025641025641,0.0631868131868132,0.00146520146520147,0.714468864468864,0.0851648351648352,0.0446886446886447
184773.411807,2502366.126422,0.173634030069674,0.00825082508250825,0.000183351668500183,0.394572790612395,0.218188485515218,0.205170517051705
185273.411807,2502366.126422,0.272161172161172,0.0296703296703297,0,0.195604395604396,0.191391941391941,0.311172161172161
174273.411807,2501866.126422,0.164376030786146,0.0232728605460876,0.372732270478285,0.307861462341946,0.017042330951072,0.114715044896463
174773.411807,2501866.126422,0.0130299137456414,0.00367039823820885,0,0.913929161314003,0.0447788585061479,0.0245916681959993
175273.411807,2501866.126422,0,0.000183385292499542,0.555474050981111,0.444342563726389,0,0
175773.411807,2501866.126422,0,0,0.164192779915705,0.835807220084295,0,0
176273.411807,2501866.126422,0.0148651128647458,0.00917599559552211,0.128096898513489,0.771150669847678,0.0680858873187741,0.00862543585979079
176773.411807,2501866.126422,0.00586832935998533,0.00256739409499358,0.224646983311938,0.70419952319824,0.057582981844856,0.00513478818998716
177273.411807,2501866.126422,0.0322521531977277,0.0461792193512919,0.196444933113432,0.63789628000733,0.0639545537841305,0.0232728605460876
177773.411807,2501866.126422,0.080932281152505,0.0304643053771334,0.00495503762158194,0.757753716278216,0.0781794824738484,0.047715177096715
178273.411807,2501866.126422,0.0854575463047864,0.0518980377773703,0.000733541169998166,0.74014304052815,0.0685860993948285,0.053181734824867
178773.411807,2501866.126422,0.0269378779549203,0.0111783030969397,0.000916254352208173,0.919552867876122,0.0183250870441635,0.023089609675646
179273.411807,2501866.126422,0.0645990089924757,0.0214718296935217,0.000367039823820885,0.753165718480455,0.0884565975408332,0.0719398054688934
179773.411807,2501866.126422,0.057582981844856,0.0452961672473868,0.00403447643498991,0.771501925545571,0.100861910874748,0.0207225380524482
180273.411807,2501866.126422,0.0899761773868426,0.0384826827927433,0.000733003481766538,0.72420743998534,0.0784313725490196,0.0681693238042881
180773.411807,2501866.126422,0.102037071022206,0.0227564690768948,0,0.652413286841622,0.114883464855937,0.10790970820334
181273.411807,2501866.126422,0.119017054832202,0.0205391527599487,0,0.584815697781038,0.0933431138822666,0.182284980744544
181773.411807,2501866.126422,0.0472787245739417,0.047645226314825,0.00219901044529962,0.641927799157046,0.168041048194979,0.0929081913139087
182273.411807,2501866.126422,0.267939071389246,0.0308313452009543,0,0.141493852082951,0.149752248118921,0.409983483207928
182773.411807,2501866.126422,0.0629011553273428,0.0408949202273978,0.0066018705299835,0.678342196955804,0.153860260407115,0.0573995965523565
183273.411807,2501866.126422,0.184900128275609,0.051676745464541,0.00623052959501558,0.468938977460143,0.19736118746564,0.0908924317390508
183773.411807,2501866.126422,0.132501376399339,0.028629106258029,0.00642319691686548,0.439530189025509,0.217104055790053,0.175812075610204
184273.411807,2501866.126422,0.154593801577114,0.0144874381074638,0,0.373739226114066,0.181734824867046,0.275444709334311
184773.411807,2501866.126422,0.286604361370716,0.0053142752428074,0,0.0711013377313542,0.204691222283306,0.432288803371816
185273.411807,2501866.126422,0.337860157827124,0.0121123141860892,0.118737383006056,0.0693705267021472,0.106258028996146,0.355661589282437
174273.411807,2501366.126422,0.0272893772893773,0.023992673992674,0.779487179487179,0.036996336996337,0.0256410256410256,0.106593406593407
174773.411807,2501366.126422,0.0357798165137615,0.00348623853211009,0.160366972477064,0.635045871559633,0.114495412844037,0.0508256880733945
175273.411807,2501366.126422,0.0111906072280316,0.010273344340488,0.121995964043295,0.810676940011007,0.0453127866446524,0.000550357732526142
175773.411807,2501366.126422,0,0,0.0912087912087912,0.903296703296703,0.00549450549450549,0
176273.411807,2501366.126422,0,0.00073394495412844,0.0192660550458716,0.98,0,0
176773.411807,2501366.126422,0,0.000366905155017428,0.00953953403045313,0.990093560814529,0,0
177273.411807,2501366.126422,0.00476190476190476,0.0183150183150183,0.010989010989011,0.908608058608059,0.0428571428571429,0.0144688644688645
177773.411807,2501366.126422,0.0636697247706422,0.117798165137615,0.0497247706422018,0.428256880733945,0.138899082568807,0.201651376146789
178273.411807,2501366.126422,0.103283801137406,0.153916712529811,0.0467804072647221,0.529811043845166,0.030820033021464,0.135388002201431
178773.411807,2501366.126422,0.0456043956043956,0.0327838827838828,0.0102564102564103,0.812820512820513,0.0761904761904762,0.0223443223443223
179273.411807,2501366.126422,0.083302752293578,0.0324770642201835,0.00055045871559633,0.782018348623853,0.0739449541284404,0.0277064220183486
179773.411807,2501366.126422,0.0772335351311686,0.0519170794349661,0,0.711245643001284,0.0856723536965694,0.0739313887360117
180273.411807,2501366.126422,0.131684981684982,0.0483516483516484,0,0.527472527472527,0.139377289377289,0.153113553113553
180773.411807,2501366.126422,0.0201834862385321,0.0260550458715596,0,0.840550458715596,0.0711926605504587,0.0420183486238532
181273.411807,2501366.126422,0.0473307649972482,0.0344890845716382,0,0.796917996697854,0.0805356815263254,0.0407264722069345
181773.411807,2501366.126422,0.0184981684981685,0.0102564102564103,0.000915750915750916,0.90952380952381,0.05,0.0108058608058608
182273.411807,2501366.126422,0.0344954128440367,0.0411009174311927,0.00146788990825688,0.855963302752294,0.0434862385321101,0.0234862385321101
182773.411807,2501366.126422,0.0489818381948266,0.0293524124013942,0.0111906072280316,0.867914144193726,0.026967528893781,0.0155934690882407
183273.411807,2501366.126422,0.143406593406593,0.16025641025641,0.00164835164835165,0.436630036630037,0.123809523809524,0.134249084249084
183773.411807,2501366.126422,0.26348623853211,0.0128440366972477,0,0.169724770642202,0.124036697247706,0.429908256880734
184273.411807,2501366.126422,0.0875068794716566,0.00843881856540084,0.000550357732526142,0.514584479911943,0.179049715648505,0.209869748669969
184773.411807,2501366.126422,0.249267399267399,0.0197802197802198,0,0.156410256410256,0.233882783882784,0.340659340659341
185273.411807,2501366.126422,0.376880733944954,0.00642201834862385,0.00752293577981651,0.114678899082569,0.115779816513761,0.378715596330275
175273.411807,2500866.126422,0.0747252747252747,0.0106227106227106,0.00183150183150183,0.741575091575092,0.0891941391941392,0.0820512820512821
175773.411807,2500866.126422,0.0282361569490282,0.00678401173450678,0.0916758342500917,0.703887055372204,0.0768243491015768,0.0925925925925926
176273.411807,2500866.126422,0.000183150183150183,0,0.223260073260073,0.767948717948718,0.00860805860805861,0
176773.411807,2500866.126422,0.0375457875457875,0.0342490842490843,0,0.791575091575092,0.100732600732601,0.0358974358974359
177273.411807,2500866.126422,0.0044004400440044,0.00275027502750275,0.0381371470480381,0.929042904290429,0.0229189585625229,0.00275027502750275
177773.411807,2500866.126422,0.0413919413919414,0.0450549450549451,0.0120879120879121,0.72967032967033,0.0505494505494506,0.121245421245421
178273.411807,2500866.126422,0.116483516483516,0.105860805860806,0.0214285714285714,0.45,0.121428571428571,0.184798534798535
178773.411807,2500866.126422,0.154748808214155,0.0522552255225523,0.0418041804180418,0.447194719471947,0.114778144481115,0.189218921892189
179273.411807,2500866.126422,0.195970695970696,0.0518315018315018,0.00531135531135531,0.472344322344322,0.0745421245421245,0.2
179773.411807,2500866.126422,0.131501831501832,0.11959706959707,0.00146520146520147,0.306959706959707,0.133882783882784,0.306593406593407
180273.411807,2500866.126422,0.0704070407040704,0.059039237257059,0.000733406674000733,0.697103043637697,0.0907590759075908,0.081958195819582
180773.411807,2500866.126422,0.0313186813186813,0.03003663003663,0.000915750915750916,0.876190476190476,0.0531135531135531,0.00842490842490842
181273.411807,2500866.126422,0.00842490842490842,0.00347985347985348,0.00238095238095238,0.968315018315018,0.0119047619047619,0.00549450549450549
181773.411807,2500866.126422,0.126329299596626,0.0242024202420242,0,0.645581224789146,0.092959295929593,0.110927759442611
182273.411807,2500866.126422,0.0232600732600733,0.0289377289377289,0.00146520146520147,0.825274725274725,0.0793040293040293,0.0417582417582418
182773.411807,2500866.126422,0.0727106227106227,0.0216117216117216,0,0.651831501831502,0.11996336996337,0.133882783882784
183273.411807,2500866.126422,0.0894756142280895,0.0280528052805281,0,0.250825082508251,0.189218921892189,0.442427576090942
183773.411807,2500866.126422,0.190842490842491,0.0135531135531136,0,0.216117216117216,0.166483516483516,0.413003663003663
184273.411807,2500866.126422,0.174175824175824,0.0141025641025641,0,0.386446886446886,0.136263736263736,0.289010989010989
184773.411807,2500866.126422,0.252475247524752,0.0099009900990099,0,0.11037770443711,0.145764576457646,0.481481481481481
185273.411807,2500866.126422,0.577289377289377,0.000183150183150183,0,0,0,0.422527472527473
175273.411807,2500366.126422,0.0929763432972676,0.0154043645699615,0.0106363469649734,0.673940949935815,0.0849073904272877,0.122134604804695
175773.411807,2500366.126422,0.0705515851200293,0.00604727872457394,0.00201575957485798,0.684808502840389,0.118746564046179,0.117830309693971
176273.411807,2500366.126422,0.00972655533125344,0.0130299137456414,0.285373463020738,0.628005138557533,0.026977427050835,0.0368875022939989
176773.411807,2500366.126422,0.017604988079956,0.00825233816247937,0.035209976159912,0.863377957087842,0.0597836053548505,0.0157711351549606
177273.411807,2500366.126422,0.0152098222466557,0.0194245922668133,0.0751328568810702,0.825911673080447,0.0613890415979476,0.00293201392706615
177773.411807,2500366.126422,0.00862543585979079,0.0110111947146265,0.177280234905487,0.73040924940356,0.0579922921636998,0.0146815929528354
178273.411807,2500366.126422,0.121217678342197,0.0445626260773886,0.00128369704749679,0.492572895653769,0.210342930496974,0.130020172382175
178773.411807,2500366.126422,0.0740333516584204,0.168774051676745,0.0441634597764339,0.348909657320872,0.0995052226498076,0.26461425691772
179273.411807,2500366.126422,0.112314186089191,0.0513855753349238,0.00293631859056708,0.186272710589099,0.208845659754083,0.438245549642136
179773.411807,2500366.126422,0.207225380524482,0.011186502842472,0,0.205391527599487,0.284430588666789,0.291766000366771
180273.411807,2500366.126422,0.0996884735202492,0.0329851566794942,0,0.491295583654022,0.223016309327469,0.153014476818765
180773.411807,2500366.126422,0.0906588364837585,0.0300972655533125,0,0.734997247201321,0.0748761240594605,0.0693705267021472
181273.411807,2500366.126422,0.0133871263524665,0.00605171465248487,0,0.951769668072621,0.0212726939299468,0.0075187969924812
181773.411807,2500366.126422,0.013560564412681,0.0148433205057724,0,0.944841487997068,0.0137438152831226,0.0130108118013561
182273.411807,2500366.126422,0.0574417324279684,0.046063497889521,0,0.779409065883648,0.0693705267021472,0.047715177096715
182773.411807,2500366.126422,0.172932330827068,0.01998899688245,0,0.187236383642032,0.205758298184486,0.414083990463965
183273.411807,2500366.126422,0.0844786512735936,0.040131940626718,0.000549752611324904,0.527029503390141,0.159978009895547,0.187832142202675
183773.411807,2500366.126422,0.333272160029363,0.0521196549825656,0.0308313452009543,0.114883464855937,0.0976325931363553,0.371260781794825
184273.411807,2500366.126422,0.134971575279663,0.0278745644599303,0,0.160645516229598,0.185585916009536,0.490922428021273
184773.411807,2500366.126422,0.288436870075133,0.00916254352208173,0,0.0866776617188932,0.152647975077882,0.463074949606011
185273.411807,2500366.126422,0.397320609286108,0.000183519911910442,0.00385391815011929,0,0.00311983850247752,0.595522114149385
175773.411807,2499866.126422,0.109340659340659,0.017032967032967,0,0.65,0.108058608058608,0.115567765567766
176273.411807,2499866.126422,0.011743119266055,0.0036697247706422,0.296697247706422,0.648256880733945,0.033394495412844,0.00623853211009174
176773.411807,2499866.126422,0.000366905155017428,0.00770500825536599,0.387268391120895,0.596587782058338,0.0078884608328747,0.000183452577508714
177273.411807,2499866.126422,0.015018315018315,0.0230769230769231,0.000915750915750916,0.855311355311355,0.0934065934065934,0.0122710622710623
177773.411807,2499866.126422,0.00293577981651376,0.0179816513761468,0.242201834862385,0.695229357798165,0.0258715596330275,0.0157798165137615
178273.411807,2499866.126422,0.0150431113557145,0.10273344340488,0.0185287103283801,0.277380297193176,0.118326912493121,0.467987525224729
178773.411807,2499866.126422,0.0238095238095238,0.119230769230769,0.0157509157509158,0.486263736263736,0.188278388278388,0.166666666666667
179273.411807,2499866.126422,0.0574311926605505,0.0688073394495413,0,0.127339449541284,0.128073394495413,0.618348623853211
179773.411807,2499866.126422,0.0886075949367089,0.0271509814712897,0.000183452577508714,0.404146028251697,0.216107136305265,0.263804806457531
180273.411807,2499866.126422,0.0313186813186813,0.0164835164835165,0.000183150183150183,0.796886446886447,0.0855311355311355,0.0695970695970696
180773.411807,2499866.126422,0.0776146788990826,0.024954128440367,0.00055045871559633,0.766605504587156,0.0741284403669725,0.0561467889908257
181273.411807,2499866.126422,0.0155934690882407,0.00733810310034856,0,0.944046963859842,0.0280682443588332,0.00495321959273528
181773.411807,2499866.126422,0.0478021978021978,0.0181318681318681,0,0.853113553113553,0.0545787545787546,0.0263736263736264
182273.411807,2499866.126422,0.0785321100917431,0.0477064220183486,0.00587155963302752,0.739449541284404,0.0513761467889908,0.0770642201834862
182773.411807,2499866.126422,0.0363236103467254,0.0277013392038158,0,0.645753072830673,0.0919097413318657,0.19831223628692
183273.411807,2499866.126422,0.12985347985348,0.0271062271062271,0,0.315018315018315,0.181318681318681,0.346703296703297
183773.411807,2499866.126422,0.186788990825688,0.0135779816513761,0.00495412844036697,0.116330275229358,0.0913761467889908,0.58697247706422
184273.411807,2499866.126422,0.252797651807008,0.0640249495505412,0,0.276463034305632,0.152815997064759,0.25389836727206
184773.411807,2499866.126422,0.17014652014652,0.0293040293040293,0.00146520146520147,0.154212454212454,0.247619047619048,0.397252747252747
185273.411807,2499866.126422,0.272293577981651,0.00330275229357798,0.0236697247706422,0.0238532110091743,0.114678899082569,0.562201834862385
176273.411807,2499366.126422,0.0474358974358974,0.0397435897435897,0.0166666666666667,0.357692307692308,0.156593406593407,0.381868131868132
176773.411807,2499366.126422,0.00622710622710623,0.00769230769230769,0.207875457875458,0.744871794871795,0.0230769230769231,0.0102564102564103
177273.411807,2499366.126422,0.00568390172350568,0.011001100110011,0.130546387972131,0.803263659699303,0.0493215988265493,0.000183351668500183
177773.411807,2499366.126422,0.00641025641025641,0.0131868131868132,0.0163003663003663,0.877655677655678,0.0745421245421245,0.0119047619047619
178273.411807,2499366.126422,0.0157509157509158,0.113919413919414,0.056043956043956,0.307875457875458,0.206959706959707,0.299450549450549
178773.411807,2499366.126422,0.0869086908690869,0.0416208287495416,0.000366703337000367,0.524569123579025,0.172533920058673,0.174000733406674
179273.411807,2499366.126422,0.0291208791208791,0.0836996336996337,0.000732600732600733,0.778571428571429,0.0673992673992674,0.0404761904761905
179773.411807,2499366.126422,0.0893772893772894,0.0584249084249084,0.0382783882783883,0.51996336996337,0.0974358974358974,0.196520146520147
180273.411807,2499366.126422,0.0744407774110744,0.150715071507151,0.0201686835350202,0.216721672167217,0.0889255592225889,0.449028236156949
180773.411807,2499366.126422,0.00879120879120879,0.039010989010989,0,0.908974358974359,0.0307692307692308,0.0124542124542125
181273.411807,2499366.126422,0.00805860805860806,0.0142857142857143,0,0.932051282051282,0.0283882783882784,0.0172161172161172
181773.411807,2499366.126422,0.104143747708104,0.0201686835350202,0,0.723505683901724,0.059039237257059,0.0931426475980931
182273.411807,2499366.126422,0.0214285714285714,0.0380952380952381,0,0.593589743589744,0.0728937728937729,0.273992673992674
182773.411807,2499366.126422,0.0197802197802198,0.0576923076923077,0,0.414102564102564,0.0816849816849817,0.426739926739927
183273.411807,2499366.126422,0.0469380271360469,0.0390539053905391,0,0.263292995966263,0.0883755042170884,0.562339567290062
183773.411807,2499366.126422,0.0326007326007326,0.0371794871794872,0,0.328205128205128,0.112087912087912,0.48992673992674
184273.411807,2499366.126422,0.0333333333333333,0.0100732600732601,0.00146520146520147,0.707509157509158,0.0752747252747253,0.172344322344322
184773.411807,2499366.126422,0.212687935460213,0.00678401173450678,0,0.239273927392739,0.131829849651632,0.409424275760909
185273.411807,2499366.126422,0.232600732600733,0.0267399267399267,0,0.0250915750915751,0.0948717948717949,0.620695970695971
176773.411807,2498866.126422,0.0854575463047864,0.0179717586649551,0.117549972492206,0.470383275261324,0.141206675224647,0.167430772052081
177273.411807,2498866.126422,0,0,0.533443283855598,0.466556716144402,0,0
177773.411807,2498866.126422,0.00550559735731327,0.0139475133051936,0.00770783630023858,0.848963112497706,0.0693705267021472,0.0545054138374014
178273.411807,2498866.126422,0.00476801760498808,0.00623509994498441,0.00935264991747662,0.896937465615258,0.0823399963322941,0.000366770584999083
178773.411807,2498866.126422,0.0371999266996518,0.0214403518416712,0.0410481949789262,0.770936411947957,0.0934579439252336,0.0359171706065604
179273.411807,2498866.126422,0.150853367590384,0.0332171040557901,0.0278950266103872,0.444301706735181,0.080932281152505,0.262800513855753
179773.411807,2498866.126422,0.111681643132221,0.0254905556574363,0,0.569227947918577,0.170364936732074,0.123234916559692
180273.411807,2498866.126422,0.0740333516584204,0.0518599963349826,0.0448964632582005,0.536192046912223,0.17042330951072,0.122594832325454
180773.411807,2498866.126422,0.028629106258029,0.0130299137456414,0.000183519911910442,0.88786933382272,0.052303174894476,0.0179849513672233
181273.411807,2498866.126422,0.077205208142307,0.0293416467999266,0.00366770584999083,0.71611956721071,0.0676691729323308,0.105996699064735
181773.411807,2498866.126422,0.040131940626718,0.0348176653839106,0,0.613707165109034,0.0886934212937511,0.222649807586586
182273.411807,2498866.126422,0.0110111947146265,0.0660671682877592,0,0.420627638098734,0.167370159662323,0.334923839236557
182773.411807,2498866.126422,0.0102695763799743,0.0711534934898221,0,0.414634146341463,0.169631395562076,0.334311388226664
183273.411807,2498866.126422,0.110866776617189,0.0498442367601246,0,0.252336448598131,0.174454828660436,0.41249770936412
183773.411807,2498866.126422,0.0497338961277299,0.0508350155991925,0.000367039823820885,0.485960726738851,0.154523765828592,0.258579555881813
184273.411807,2498866.126422,0.0438290849073904,0.0632679259123418,0.00256739409499358,0.616724738675958,0.0509811113148725,0.222629745094443
184773.411807,2498866.126422,0.0668865677111966,0.0426974528129009,0.00366501740883269,0.548469855231812,0.130657870624885,0.207623236210372
185273.411807,2498866.126422,0.290695540466141,0.0132134336575518,0,0.264268673151037,0.133602495870802,0.298219856854469
176773.411807,2498366.126422,0.0304531278664465,0.0148596587782058,0,0.753623188405797,0.150431113557145,0.0506329113924051
177273.411807,2498366.126422,0.0102564102564103,0.00421245421245421,0.249084249084249,0.708241758241758,0.0192307692307692,0.00897435897435897
177773.411807,2498366.126422,0,0,0.148623853211009,0.851376146788991,0,0
178273.411807,2498366.126422,0.0359567051917079,0.0245826453861677,0.00715465052283985,0.664098330581545,0.192808658961658,0.0753990093560815
178773.411807,2498366.126422,0.0767399267399267,0.0417582417582418,0.00164835164835165,0.452014652014652,0.269047619047619,0.158791208791209
179273.411807,2498366.126422,0.0407339449541284,0.0234862385321101,0.00697247706422018,0.828807339449541,0.0601834862385321,0.0398165137614679
179773.411807,2498366.126422,0.0675105485232067,0.0139423958906623,0.000366905155017428,0.776921665749404,0.0911759310218309,0.0500825536598789
180273.411807,2498366.126422,0.078021978021978,0.0197802197802198,0,0.704029304029304,0.082967032967033,0.115201465201465
180773.411807,2498366.126422,0.0889908256880734,0.0508256880733945,0.0315596330275229,0.488623853211009,0.184036697247706,0.155963302752294
181273.411807,2498366.126422,0.0693450742982939,0.0431113557145478,0.00403595670519171,0.531829022197762,0.175197211520822,0.176481379563383
181773.411807,2498366.126422,0.0578754578754579,0.0934065934065934,0.000183150183150183,0.339010989010989,0.202197802197802,0.307326007326007
182273.411807,2498366.126422,0.028256880733945,0.0721100917431193,0.00238532110091743,0.370825688073394,0.182752293577982,0.343669724770642
182773.411807,2498366.126422,0.0629242340854889,0.0779673454412034,0.00110071546505228,0.541368556228215,0.158869932122546,0.157769216657494
183273.411807,2498366.126422,0.0902930402930403,0.0283882783882784,0.0010989010989011,0.677472527472528,0.113736263736264,0.089010989010989
183773.411807,2498366.126422,0.036697247706422,0.0253211009174312,0.00311926605504587,0.769174311926605,0.068256880733945,0.0974311926605505
184273.411807,2498366.126422,0.0299027701339204,0.0199963309484498,0.000183452577508714,0.876352962759127,0.0467804072647221,0.0267840763162722
184773.411807,2498366.126422,0.0637362637362637,0.082967032967033,0.00274725274725275,0.417399267399267,0.173260073260073,0.25989010989011
185273.411807,2498366.126422,0.232660550458716,0.0139449541284404,0,0.229174311926606,0.133761467889908,0.39045871559633
177273.411807,2497866.126422,0.0667400073340667,0.0155848918225156,0.000366703337000367,0.695819581958196,0.072973964063073,0.148514851485149
177773.411807,2497866.126422,0.000183150183150183,0.0010989010989011,0.112454212454212,0.883333333333333,0.00293040293040293,0
178273.411807,2497866.126422,0.017032967032967,0.00805860805860806,0.13021978021978,0.74010989010989,0.0871794871794872,0.0173992673992674
178773.411807,2497866.126422,0.0198019801980198,0.0077007700770077,0.0456545654565457,0.815914924825816,0.107627429409608,0.0033003300330033
179273.411807,2497866.126422,0.00842490842490842,0.0355311355311355,0.0545787545787546,0.812271062271062,0.0741758241758242,0.015018315018315
179773.411807,2497866.126422,0.0690476190476191,0.0243589743589744,0.00366300366300366,0.734065934065934,0.105311355311355,0.0635531135531135
180273.411807,2497866.126422,0.0447378071140447,0.015034836817015,0,0.873670700403374,0.0374037403740374,0.0291529152915292
180773.411807,2497866.126422,0.0708791208791209,0.0351648351648352,0.00146520146520147,0.716483516483516,0.0954212454212454,0.0805860805860806
181273.411807,2497866.126422,0.03003663003663,0.107692307692308,0.00622710622710623,0.535164835164835,0.189194139194139,0.131684981684982
181773.411807,2497866.126422,0.0286028602860286,0.0755408874220755,0.0055005500550055,0.156398973230656,0.0344701136780345,0.699486615328199
182273.411807,2497866.126422,0.041025641025641,0.0521978021978022,0.00824175824175824,0.217399267399267,0.127289377289377,0.553846153846154
182773.411807,2497866.126422,0.105494505494505,0.236263736263736,0.00274725274725275,0.0822344322344322,0.113003663003663,0.46025641025641
183273.411807,2497866.126422,0.088008800880088,0.177117711771177,0,0.00568390172350568,0.0342867620095343,0.694902823615695
183773.411807,2497866.126422,0.0476190476190476,0.229304029304029,0.000549450549450549,0.258424908424908,0.0441391941391941,0.41996336996337
184273.411807,2497866.126422,0.0553113553113553,0.252747252747253,0.00421245421245421,0.1503663003663,0.113919413919414,0.423443223443223
184773.411807,2497866.126422,0.0434543454345435,0.394756142280895,0,0.224605793912725,0.0841584158415842,0.253025302530253
185273.411807,2497866.126422,0.0512820512820513,0.11996336996337,0,0.525824175824176,0.143223443223443,0.15970695970696
177773.411807,2497366.126422,0.0238575885483575,0.00458799779776106,0.0946962745457882,0.764360433106992,0.0488162965681776,0.0636814094329235
178273.411807,2497366.126422,0.0097194205024757,0.00623509994498441,0.114432422519714,0.865028424720337,0.0022006235099945,0.00238400880249404
178773.411807,2497366.126422,0.000733003481766538,0.000366501740883269,0.0185083379146051,0.973245372915521,0.00714678394722375,0
179273.411807,2497366.126422,0.0216553496054322,0.0339511837034318,0.00862543585979079,0.874655900165168,0.0528537346302074,0.0082583960359699
179773.411807,2497366.126422,0.0414450761048964,0.0342930496974143,0.00861910874747845,0.816798092792958,0.06400146708234,0.0348432055749129
180273.411807,2497366.126422,0.0161260765988638,0.0104452996151732,0.00109950522264981,0.916071101337731,0.0359171706065604,0.0203408466190214
180773.411807,2497366.126422,0.00183519911910442,0.00275279867865663,0.00422095797394017,0.965681776472747,0.0255092677555515,0
181273.411807,2497366.126422,0.0805061434072987,0.0363102879149092,0.0119200440124702,0.505409866128737,0.127269392994682,0.238584265541904
181773.411807,2497366.126422,0.00146600696353308,0.0393989371449514,0,0.647791827011178,0.0749496060106286,0.236393622869709
182273.411807,2497366.126422,0,0.0192695907505964,0,0.735364287025142,0.038172141677372,0.207193980546889
182773.411807,2497366.126422,0,0.0181551439574546,0.00495140289748762,0.693563176233266,0.0282413350449294,0.255088941866862
183273.411807,2497366.126422,0.0042147700201576,0.0249221183800623,0.000366501740883269,0.489096573208723,0.0747663551401869,0.406633681509987
183773.411807,2497366.126422,0.00385391815011929,0.0601945311066251,0.0282620664342081,0.298403376766379,0.0438612589465957,0.565424848596073
184273.411807,2497366.126422,0.00403447643498991,0.044379240784889,0.0183385292499542,0.282963506326793,0.0735375022923162,0.576746744911058
184773.411807,2497366.126422,0.00311526479750779,0.0223566061938794,0.0120945574491479,0.258200476452263,0.0494777350192413,0.65475536008796
185273.411807,2497366.126422,0.0466140576252523,0.0877225178931914,0,0.453477702330703,0.0820334006239677,0.330152321526886
178273.411807,2496866.126422,0.0163272793982755,0.00348559897266557,0.0311869381764814,0.835259585397175,0.105852137222528,0.0078884608328747
178773.411807,2496866.126422,0,0,0.159340659340659,0.840659340659341,0,0
179273.411807,2496866.126422,0.0121100917431193,0.00770642201834862,0.117064220183486,0.814311926605505,0.0401834862385321,0.00862385321100917
179773.411807,2496866.126422,0.0654925701706109,0.0214639515685195,0.100532012474775,0.684094661529995,0.0741148413135205,0.0543019629425793
180273.411807,2496866.126422,0.00384615384615385,0.0168498168498168,0.0032967032967033,0.937179487179487,0.0282051282051282,0.0106227106227106
180773.411807,2496866.126422,0.00440366972477064,0.00440366972477064,0.0106422018348624,0.952844036697248,0.0273394495412844,0.00036697247706422
181273.411807,2496866.126422,0.0337552742616034,0.00990643918547056,0,0.885342139057054,0.0423775454045129,0.0286186020913594
181773.411807,2496866.126422,0.0728937728937729,0.0538461538461538,0.00311355311355311,0.506776556776557,0.201648351648352,0.161721611721612
182273.411807,2496866.126422,0.0475229357798165,0.0214678899082569,0.0106422018348624,0.639082568807339,0.210275229357798,0.0710091743119266
182773.411807,2496866.126422,0.0975967712346359,0.0311869381764814,0,0.649238671803339,0.131352045496239,0.0906255732893047
183273.411807,2496866.126422,0.0379120879120879,0.032051282051282,0,0.8,0.0708791208791209,0.0591575091575092
183773.411807,2496866.126422,0.0227522935779817,0.041651376146789,0,0.84348623853211,0.0528440366972477,0.0392660550458716
184273.411807,2496866.126422,0.063474591818015,0.0258668134287287,0.000733810310034856,0.81031003485599,0.0612731608879105,0.0383415886993212
184773.411807,2496866.126422,0.0342490842490843,0.0254578754578755,0,0.594688644688645,0.125457875457875,0.22014652014652
185273.411807,2496866.126422,0.0157798165137615,0.0339449541284404,0,0.355229357798165,0.156330275229358,0.438715596330275
178273.411807,2496366.126422,0.0379120879120879,0.0120879120879121,0.0159340659340659,0.840659340659341,0.0611721611721612,0.0322344322344322
178773.411807,2496366.126422,0.000366703337000367,0,0.16978364503117,0.824165749908324,0.00568390172350568,0
179273.411807,2496366.126422,0.00347985347985348,0.000732600732600733,0.1003663003663,0.890842490842491,0.00402930402930403,0.000549450549450549
179773.411807,2496366.126422,0.00732600732600733,0.017032967032967,0.0113553113553114,0.843406593406593,0.0943223443223443,0.0265567765567766
180273.411807,2496366.126422,0.0170517051705171,0.0183351668500183,0.0165016501650165,0.834433443344334,0.11037770443711,0.0033003300330033
180773.411807,2496366.126422,0.0463369963369963,0.0413919413919414,0.0179487179487179,0.780952380952381,0.0967032967032967,0.0166666666666667
181273.411807,2496366.126422,0.0166666666666667,0.0184981684981685,0,0.864468864468865,0.0902930402930403,0.0100732600732601
181773.411807,2496366.126422,0.0887422075540887,0.0535386872020535,0,0.642464246424643,0.103043637697103,0.112211221122112
182273.411807,2496366.126422,0.0967032967032967,0.0274725274725275,0.000549450549450549,0.625091575091575,0.128754578754579,0.121428571428571
182773.411807,2496366.126422,0.0976190476190476,0.0307692307692308,0.00164835164835165,0.724358974358974,0.0745421245421245,0.0710622710622711
183273.411807,2496366.126422,0.0143014301430143,0.0113678034470114,0.000366703337000367,0.911074440777411,0.0445544554455446,0.0183351668500183
183773.411807,2496366.126422,0.137362637362637,0.115750915750916,0.00384615384615385,0.517216117216117,0.0538461538461538,0.171978021978022
184273.411807,2496366.126422,0.106593406593407,0.0551282051282051,0.00183150183150183,0.63021978021978,0.0763736263736264,0.12985347985348
184773.411807,2496366.126422,0.0658232489915658,0.0513384671800513,0.000733406674000733,0.684085075174184,0.127796112944628,0.0702236890355702
185273.411807,2496366.126422,0.154578754578755,0.0468864468864469,0,0.358608058608059,0.170695970695971,0.269230769230769
178773.411807,2495866.126422,0.0177753344328386,0.0225398570643211,0.00293201392706615,0.7645226314825,0.117463807953088,0.0747663551401869
179273.411807,2495866.126422,0.0102771150669848,0.00293631859056708,0.0152321526885667,0.963846577353643,0.00605615709304459,0.00165167920719398
179773.411807,2495866.126422,0.000550155877498625,0.00183385292499542,0.113515496057216,0.881899871630295,0.0022006235099945,0
180273.411807,2495866.126422,0.000183250870441635,0.000549752611324904,0.0120945574491479,0.947590251053693,0.0395821880153931,0
180773.411807,2495866.126422,0.0291796659937603,0.0189025509267756,0.0383556615892824,0.847311433290512,0.0524866948063865,0.0137639933932832
181273.411807,2495866.126422,0.041995231982395,0.0260407115349349,0.00916926462497708,0.839354483770402,0.0599669906473501,0.0234733174399413
181773.411807,2495866.126422,0.116364302730438,0.0300531427524281,0,0.572292468389225,0.13230712845886,0.148982957669049
182273.411807,2495866.126422,0.092126995779042,0.0412919801798495,0.00201871903101487,0.697559185171591,0.115617544503579,0.0513855753349238
182773.411807,2495866.126422,0.041995231982395,0.0438290849073904,0.0066018705299835,0.797726022373006,0.0993948285347515,0.0104529616724739
183273.411807,2495866.126422,0.0377496793109767,0.0289536375297783,0.000733003481766538,0.838189481400037,0.0743998533993036,0.0199743448781382
183773.411807,2495866.126422,0.0579922921636998,0.0638649293448339,0.00311983850247752,0.737383006056157,0.0877225178931914,0.0499174160396403
184273.411807,2495866.126422,0.0478635613423803,0.0221896203924445,0.00678525582248304,0.850357601320374,0.0667522464698331,0.00605171465248487
184773.411807,2495866.126422,0.00842954004031519,0.028587135788895,0.00146600696353308,0.916987355689939,0.0393989371449514,0.00513102437236577
185273.411807,2495866.126422,0.0792806019453111,0.0478986970086254,0,0.339695356946229,0.236740686364471,0.296384657735364
179273.411807,2495366.126422,0.0346788990825688,0.018348623853211,0.0205504587155963,0.830275229357798,0.0489908256880734,0.0471559633027523
179773.411807,2495366.126422,0.00458631443771785,0.00183452577508714,0.0187121629058888,0.969363419556045,0.00550357732526142,0
180273.411807,2495366.126422,0.0278388278388278,0.0164835164835165,0.102197802197802,0.843956043956044,0.00915750915750916,0.000366300366300366
180773.411807,2495366.126422,0.00073394495412844,0,0.0822018348623853,0.917064220183486,0,0
181273.411807,2495366.126422,0,0,0.0577875619152449,0.941111722619703,0.00110071546505228,0
181773.411807,2495366.126422,0.0212454212454212,0.0258241758241758,0.00787545787545788,0.881135531135531,0.0467032967032967,0.0172161172161172
182273.411807,2495366.126422,0.0278899082568807,0.031743119266055,0.0271559633027523,0.796146788990826,0.0996330275229358,0.0174311926605505
182773.411807,2495366.126422,0.019262520638415,0.0091726288754357,0.00165107319757843,0.862410566868465,0.0909924784443221,0.0165107319757843
183273.411807,2495366.126422,0.0767399267399267,0.0380952380952381,0.0117216117216117,0.594688644688645,0.212820512820513,0.0659340659340659
183773.411807,2495366.126422,0.205321100917431,0.0794495412844037,0.00311926605504587,0.528440366972477,0.172110091743119,0.0115596330275229
184273.411807,2495366.126422,0.282150064208402,0.0414602825169694,0.001284168042561,0.283617684828472,0.301779490001835,0.0897083104017612
184773.411807,2495366.126422,0.0307692307692308,0.032051282051282,0.00476190476190476,0.721062271062271,0.112087912087912,0.0992673992673993
185273.411807,2495366.126422,0.043302752293578,0.0790825688073395,0.00146788990825688,0.665504587155963,0.119082568807339,0.0915596330275229
