"x","y","forest","agri","water","built","other","grass"
167273.411807,2530366.126422,0.0376215819416407,0.0978161130482657,0.0734079647641769,0.450357863828225,0.136171774637548,0.204624701780143
167773.411807,2530366.126422,0.0610673024023473,0.105996699064735,0.050797726022373,0.238400880249404,0.166513845589584,0.377223546671557
168273.411807,2530366.126422,0.000916254352208173,0.11434854315558,0.432105552501374,0.27359354956936,0.0608392889866227,0.118196811434854
168773.411807,2530366.126422,0,0,0.450908423563957,0.549091576436043,0,0
169273.411807,2530366.126422,0.116999816614707,0.142306986979644,0.0876581698147808,0.346598202824134,0.142673757564643,0.163763066202091
169773.411807,2530366.126422,0.024555616639179,0.299431922301631,0.144035184167125,0.314824995418728,0.0885101704233095,0.128642111050027
170273.411807,2530366.126422,0.0300972655533125,0.155808405211966,0.213250137639934,0.247935400991008,0.179115434024592,0.173793356579189
170773.411807,2530366.126422,0.0456629378323858,0.150559325142124,0.138455895837154,0.066018705299835,0.0986612873647534,0.500641848523748
171273.411807,2530366.126422,0.0802638812534359,0.0674363203225215,0.00733003481766538,0.10207073483599,0.190031152647975,0.552867876122412
171773.411807,2530366.126422,0.172692237107726,0.00880895577170123,0,0.300605615709304,0.144613690585429,0.37327950082584
172273.411807,2530366.126422,0.204841371721988,0.0364936732074088,0,0,0.0135705116449661,0.745094443425637
172773.411807,2530366.126422,0.280388054023207,0.0247289328514362,0,0.00266311584553928,0.0698116796652083,0.622408217614609
167273.411807,2529866.126422,0.0211009174311927,0.0429357798165138,0.460550458715596,0.346605504587156,0.0781651376146789,0.0506422018348624
167773.411807,2529866.126422,0.0376077783892864,0.143826820766832,0.110988809392772,0.345808108603926,0.143643368189323,0.218125114657861
168273.411807,2529866.126422,0.015018315018315,0.0549450549450549,0.573809523809524,0.161904761904762,0.0886446886446886,0.105677655677656
168773.411807,2529866.126422,0.00715596330275229,0.0381651376146789,0.297798165137615,0.630642201834862,0.0144954128440367,0.011743119266055
169273.411807,2529866.126422,0,0.0532012474775271,0.516052100532012,0.366721702439919,0.0429279031370391,0.0210970464135021
169773.411807,2529866.126422,0.00989010989010989,0.084981684981685,0.365018315018315,0.428571428571429,0.0681318681318681,0.0434065934065934
170273.411807,2529866.126422,0.0236697247706422,0.154311926605505,0.418165137614679,0.107706422018349,0.0812844036697248,0.214862385321101
170773.411807,2529866.126422,0.200330214639516,0.0770500825536599,0.0522839845899835,0.0267840763162722,0.0897083104017612,0.553843331498808
171273.411807,2529866.126422,0.093956043956044,0.0564102564102564,0.000366300366300366,0.0518315018315018,0.205128205128205,0.592307692307692
171773.411807,2529866.126422,0.0636697247706422,0.0407339449541284,0,0.164403669724771,0.122201834862385,0.608990825688073
172273.411807,2529866.126422,0.0286186020913594,0.184920198128784,0,0.00091726288754357,0.0374243258117777,0.748119611080536
172773.411807,2529866.126422,0.211787072243346,0.0273764258555133,0,0.000570342205323194,0.0988593155893536,0.661406844106464
167273.411807,2529366.126422,0.0249084249084249,0.0924908424908425,0.585714285714286,0.115934065934066,0.0710622710622711,0.10989010989011
167773.411807,2529366.126422,0.00146520146520147,0.0173992673992674,0.457142857142857,0.458974358974359,0.0122710622710623,0.0527472527472527
168273.411807,2529366.126422,0,0,0.596076274294096,0.403923725705904,0,0
168773.411807,2529366.126422,0.0216117216117216,0.107692307692308,0.434065934065934,0.318498168498168,0.05,0.0681318681318681
169273.411807,2529366.126422,0.00769230769230769,0.166300366300366,0.353663003663004,0.288095238095238,0.0333333333333333,0.150915750915751
169773.411807,2529366.126422,0.0099009900990099,0.0306197286395306,0.652731939860653,0.251008434176751,0.0302530253025303,0.0254858819215255
170273.411807,2529366.126422,0.00384615384615385,0.078021978021978,0.497252747252747,0.30970695970696,0.0701465201465201,0.041025641025641
170773.411807,2529366.126422,0.0877289377289377,0.0573260073260073,0.0283882783882784,0.244139194139194,0.19029304029304,0.392124542124542
171273.411807,2529366.126422,0.149064906490649,0.144481114778144,0.000183351668500183,0.0308030803080308,0.0755408874220755,0.5999266593326
171773.411807,2529366.126422,0.093040293040293,0.0804029304029304,0,0.00293040293040293,0.056043956043956,0.767582417582418
172273.411807,2529366.126422,0.0353479853479853,0.0860805860805861,0,0.00311355311355311,0.0514652014652015,0.823992673992674
172773.411807,2529366.126422,0.0555767034640274,0.0567186905215074,0,0.0131328511610202,0.197183098591549,0.677388656261896
167273.411807,2528866.126422,0.0880895577170123,0.126628739218205,0.209946779225546,0.218939254909158,0.0671682877592219,0.289227381170857
167773.411807,2528866.126422,0.183385292499542,0.125985695947185,0.0258573262424354,0.267742527049331,0.101595452044746,0.295433706216761
168273.411807,2528866.126422,0.0214403518416712,0.0474619754443834,0.760674363203225,0.091258933479934,0.0344511636430273,0.0447132123877588
168773.411807,2528866.126422,0,0.0723068452927143,0.607450908423564,0.290144980730409,0.0289961460818499,0.00110111947146265
169273.411807,2528866.126422,0.0165046763249587,0.0561158995048597,0.540803227581148,0.226847606821933,0.0821566110397946,0.0775719787273061
169773.411807,2528866.126422,0.0295033901411032,0.0564412680960235,0.623785962983324,0.136155396738135,0.0791643760307861,0.0749496060106286
170273.411807,2528866.126422,0.0251422279317306,0.0434942191227748,0.31950816663608,0.299137456414021,0.183336391998532,0.129381537896862
170773.411807,2528866.126422,0.0441958554923895,0.0304419585549239,0,0.336328626444159,0.256739409499358,0.332294150009169
171273.411807,2528866.126422,0.102437236576874,0.099321971779366,0.0117280557082646,0.0888766721641928,0.185083379146051,0.512552684625252
171773.411807,2528866.126422,0.0860708386859974,0.0923105156909525,0,0.0148651128647458,0.21141493852083,0.595338594237475
172273.411807,2528866.126422,0.0740876581698148,0.0480469466348799,0,0.189803777737026,0.330643682376673,0.357417935081606
172773.411807,2528866.126422,0.0492676431424767,0.106524633821571,0,0.0745672436750999,0.153319383678904,0.616321095681948
167273.411807,2528366.126422,0.0106422018348624,0.11302752293578,0.0227522935779817,0.787706422018349,0.0201834862385321,0.0456880733944954
167773.411807,2528366.126422,0.0623738763529628,0.080168776371308,0.00348559897266557,0.599339570720969,0.115208218675472,0.139423958906623
168273.411807,2528366.126422,0.0580586080586081,0.119047619047619,0.291208791208791,0.314468864468864,0.101648351648352,0.115567765567766
168773.411807,2528366.126422,0,0.0693577981651376,0.696330275229358,0.187522935779817,0.036697247706422,0.0100917431192661
169273.411807,2528366.126422,0.00275178866263071,0.0363236103467254,0.607228031553843,0.291506145661347,0.0443955237571088,0.0177949000183453
169773.411807,2528366.126422,0.00824175824175824,0.0868131868131868,0.578205128205128,0.175091575091575,0.0934065934065934,0.0582417582417582
170273.411807,2528366.126422,0.0229357798165138,0.0796330275229358,0.46697247706422,0.215229357798165,0.10605504587156,0.109174311926606
170773.411807,2528366.126422,0.137405980554027,0.0568702990277013,0.00146762062006971,0.0522839845899835,0.204916529077234,0.547055586130985
171273.411807,2528366.126422,0.0734432234432234,0.17014652014652,0.00586080586080586,0.00402930402930403,0.0598901098901099,0.686630036630037
171773.411807,2528366.126422,0.0328440366972477,0.153577981651376,0.141284403669725,0.138348623853211,0.205321100917431,0.328623853211009
172273.411807,2528366.126422,0.0588882773802972,0.173729590900752,0,0.0552192258301229,0.161805173362686,0.550357732526142
172773.411807,2528366.126422,0.0361216730038023,0.0950570342205323,0,0.0169201520912548,0.155513307984791,0.69638783269962
167773.411807,2527866.126422,0.0860805860805861,0.244322344322344,0.0864468864468864,0.246886446886447,0.1003663003663,0.235897435897436
168273.411807,2527866.126422,0.0946094609460946,0.234323432343234,0.176200953428676,0.287495416208288,0.09002566923359,0.117345067840117
168773.411807,2527866.126422,0.00164835164835165,0.178937728937729,0.223992673992674,0.30970695970696,0.183333333333333,0.102380952380952
169273.411807,2527866.126422,0,0.0494505494505494,0.81959706959707,0.0967032967032967,0.00641025641025641,0.0278388278388278
169773.411807,2527866.126422,0.0033003300330033,0.0557389072240557,0.598643197653099,0.278144481114778,0.0498716538320499,0.0143014301430143
170273.411807,2527866.126422,0.00604395604395604,0.0765567765567766,0.487179487179487,0.315750915750916,0.0855311355311355,0.0289377289377289
170773.411807,2527866.126422,0.0564102564102564,0.0487179487179487,0.0181318681318681,0.207509157509158,0.243406593406593,0.425824175824176
171273.411807,2527866.126422,0.0506050605060506,0.0821415474880821,0,0.0282361569490282,0.088008800880088,0.751008434176751
171773.411807,2527866.126422,0.034981684981685,0.163919413919414,0,0.0576923076923077,0.0492673992673993,0.694139194139194
172273.411807,2527866.126422,0.0241758241758242,0.160989010989011,0.00366300366300366,0.454578754578755,0.106959706959707,0.2496336996337
172773.411807,2527866.126422,0.0550057099352874,0.0555767034640274,0,0.418157594213932,0.216787209744956,0.254472782641797
167773.411807,2527366.126422,0.0682193288098294,0.0841738492572896,0.386026040711535,0.320557491289199,0.0469466348798826,0.0940766550522648
168273.411807,2527366.126422,0.0300531427524281,0.222466556716144,0.287154113982041,0.267363019974345,0.0535092541689573,0.139453912406084
168773.411807,2527366.126422,0.00752431638832813,0.118370343182235,0.00165167920719398,0.771150669847678,0.0963479537529822,0.00495503762158194
169273.411807,2527366.126422,0,0.0797726022373006,0.486887951586283,0.360352099761599,0.0418118466898955,0.0311754997249221
169773.411807,2527366.126422,0.00183250870441635,0.05717427157779,0.664650907091809,0.221367051493495,0.0364669232178853,0.0185083379146051
170273.411807,2527366.126422,0.0178014314553129,0.0405579005322077,0.619379702697743,0.19067718847495,0.0765278032666544,0.0550559735731327
170773.411807,2527366.126422,0.0319090408949202,0.0698697964423253,0.261140656519347,0.211259856959472,0.191637630662021,0.234183018521915
171273.411807,2527366.126422,0.142019424592267,0.0309693971046362,0,0.0907091808686091,0.176837089976177,0.55946490745831
171773.411807,2527366.126422,0.0647825289043861,0.0475316571848046,0,0.0466140576252523,0.126261699394384,0.714810056891173
172273.411807,2527366.126422,0.0405281496423987,0.0539152759948652,0,0.290665688611773,0.266458830001834,0.348432055749129
172773.411807,2527366.126422,0.0821761460909264,0.116986874643333,0,0.180901654936275,0.191173673197641,0.428761651131824
168273.411807,2526866.126422,0.0166666666666667,0.122344322344322,0.157692307692308,0.450549450549451,0.111721611721612,0.141025641025641
168773.411807,2526866.126422,0.0119266055045872,0.146788990825688,0.0121100917431193,0.664770642201835,0.0869724770642202,0.0774311926605505
169273.411807,2526866.126422,0.001284168042561,0.0581544670702623,0.00953953403045313,0.881489634929371,0.0458631443771785,0.00366905155017428
169773.411807,2526866.126422,0.00476190476190476,0.063003663003663,0.433699633699634,0.421794871794872,0.0587912087912088,0.0179487179487179
170273.411807,2526866.126422,0.00018348623853211,0.0431192660550459,0.73045871559633,0.203119266055046,0.0227522935779817,0.00036697247706422
170773.411807,2526866.126422,0.0497156485048615,0.0766831773986425,0.49220326545588,0.113740598055403,0.0889745000917263,0.178682810493487
171273.411807,2526866.126422,0.181501831501831,0.0641025641025641,0.0355311355311355,0.0282051282051282,0.0864468864468864,0.604212454212454
171773.411807,2526866.126422,0.0655045871559633,0.14697247706422,0,0.00348623853211009,0.0304587155963303,0.753577981651376
172273.411807,2526866.126422,0.0590717299578059,0.0487983856173179,0,0.235553109521189,0.25389836727206,0.402678407631627
172773.411807,2526866.126422,0.0863117870722434,0.246197718631179,0,0.00133079847908745,0.0553231939163498,0.610836501901141
168273.411807,2526366.126422,0.00843417675100843,0.117345067840117,0.484231756508984,0.182434910157682,0.108727539420609,0.0988265493215988
168773.411807,2526366.126422,0.0582417582417582,0.0976190476190476,0.264835164835165,0.306043956043956,0.104212454212454,0.169047619047619
169273.411807,2526366.126422,0.0183150183150183,0.0575091575091575,0.333150183150183,0.397435897435897,0.0932234432234432,0.1003663003663
169773.411807,2526366.126422,0.00513384671800513,0.113127979464613,0.488265493215988,0.295379537953795,0.0597726439310598,0.0383204987165383
170273.411807,2526366.126422,0.0472527472527473,0.121062271062271,0.469047619047619,0.203113553113553,0.0774725274725275,0.0820512820512821
170773.411807,2526366.126422,0.0358974358974359,0.0646520146520147,0.519230769230769,0.208241758241758,0.0972527472527473,0.0747252747252747
171273.411807,2526366.126422,0.145031169783645,0.0755408874220755,0.207370737073707,0.24972497249725,0.127062706270627,0.195269526952695
171773.411807,2526366.126422,0.0754578754578755,0.0648351648351648,0.000549450549450549,0.154578754578755,0.193956043956044,0.510622710622711
172273.411807,2526366.126422,0.0487179487179487,0.0604395604395604,0,0.505677655677656,0.166483516483516,0.218681318681319
172773.411807,2526366.126422,0.200038066235249,0.0527217358203274,0,0.0274076893795204,0.27141225732775,0.448420251237153
168773.411807,2525866.126422,0.000183519911910442,0.0570746926041475,0.398788768581391,0.475316571848045,0.0535878142778491,0.0150486327766563
169273.411807,2525866.126422,0.004401247019989,0.0750045846323125,0.516779754263708,0.353200073354117,0.0372272143774069,0.0133871263524665
169773.411807,2525866.126422,0.0146600696353308,0.074216602528862,0.52574674729705,0.260582737768004,0.0566245189664651,0.0681693238042881
170273.411807,2525866.126422,0.0267939071389246,0.134336575518444,0.541750779959626,0.130666177280235,0.0664342081115801,0.100018351991191
170773.411807,2525866.126422,0.0561158995048597,0.113332110764717,0.44415917843389,0.19182101595452,0.102879149092243,0.0916926462497708
171273.411807,2525866.126422,0.0467289719626168,0.117280557082646,0.205240974894631,0.290452629649991,0.189114898295767,0.151181968114349
171773.411807,2525866.126422,0.0695540466140576,0.0924940356028629,0,0.133418975958892,0.16186456230501,0.542668379519178
172273.411807,2525866.126422,0.0408949202273978,0.0740876581698148,0,0.289565376856776,0.11204841371722,0.483403631028791
172773.411807,2525866.126422,0.202016359140194,0.0285333840593494,0,0.00532623169107856,0.0393760700019022,0.724747955107476
168773.411807,2525366.126422,0.0110091743119266,0.0524770642201835,0.40605504587156,0.316146788990826,0.1,0.114311926605505
169273.411807,2525366.126422,0.00330214639515685,0.0876903320491653,0.505778756191524,0.303614015776922,0.0506329113924051,0.0489818381948266
169773.411807,2525366.126422,0.00476190476190476,0.104395604395604,0.459157509157509,0.258241758241758,0.105494505494505,0.0679487179487179
170273.411807,2525366.126422,0.0106422018348624,0.0976146788990826,0.595412844036697,0.174495412844037,0.0787155963302752,0.0431192660550459
170773.411807,2525366.126422,0.066042927903137,0.141808842414236,0.456796917996698,0.0453127866446524,0.0847550908090259,0.205283434232251
171273.411807,2525366.126422,0.0417582417582418,0.147252747252747,0.333516483516483,0.0406593406593407,0.0868131868131868,0.35
171773.411807,2525366.126422,0.100917431192661,0.110091743119266,0.00201834862385321,0.0970642201834862,0.177064220183486,0.512844036697248
172273.411807,2525366.126422,0.0926435516419006,0.0961291506145661,0.010273344340488,0.0614566134654192,0.123096679508347,0.616400660429279
172773.411807,2525366.126422,0.0973384030418251,0.0376425855513308,0.0167300380228137,0.0136882129277567,0.055893536121673,0.778707224334601
168773.411807,2524866.126422,0.0282051282051282,0.0846153846153846,0.273260073260073,0.271978021978022,0.162454212454212,0.179487179487179
169273.411807,2524866.126422,0.00366300366300366,0.111538461538462,0.472344322344322,0.336996336996337,0.0553113553113553,0.0201465201465201
169773.411807,2524866.126422,0.000366703337000367,0.0445544554455446,0.653465346534653,0.228639530619729,0.0623395672900623,0.0106343967730106
170273.411807,2524866.126422,0,0.0597069597069597,0.55,0.298901098901099,0.0602564102564103,0.0311355311355311
170773.411807,2524866.126422,0.0564102564102564,0.118131868131868,0.362087912087912,0.136263736263736,0.101831501831502,0.225274725274725
171273.411807,2524866.126422,0.0353868720205354,0.104510451045105,0.132746607994133,0.152731939860653,0.104327099376604,0.47029702970297
171773.411807,2524866.126422,0.117032967032967,0.0437728937728938,0.0120879120879121,0.320879120879121,0.170512820512821,0.335714285714286
172273.411807,2524866.126422,0.111538461538462,0.0228937728937729,0,0.0415750915750916,0.108974358974359,0.715018315018315
172773.411807,2524866.126422,0.106775789874381,0.186524552721736,0.0157974876284735,0.027027027027027,0.0913589645984012,0.572516178149981
169273.411807,2524366.126422,0.00348432055749129,0.117549972492206,0.250871080139373,0.458463231248854,0.0953603520997616,0.0742710434623143
169773.411807,2524366.126422,0.00366501740883269,0.083745647791827,0.501740883269196,0.279457577423493,0.0661535642294301,0.0652373098772219
170273.411807,2524366.126422,0.0119287942741787,0.028629106258029,0.0750596439713709,0.656634244815563,0.141860891906772,0.085887318774087
170773.411807,2524366.126422,0.0106363469649734,0.124335228314689,0.33211076471667,0.226297450944434,0.174766183752063,0.13185402530717
171273.411807,2524366.126422,0.100421477002016,0.0628550485614807,0.362653472603995,0.142935678944475,0.0945574491478835,0.23657687374015
171773.411807,2524366.126422,0.0723068452927143,0.0888236373646541,0.2073775004588,0.283538263901633,0.123508900715728,0.224444852266471
172273.411807,2524366.126422,0.182468366037044,0.0143040528149642,0,0.0577663671373556,0.0911424903722722,0.654318723638364
172773.411807,2524366.126422,0.066577896138482,0.12193266121362,0.0171200304356097,0.0593494388434468,0.0757085790374738,0.659311394331368
168773.411807,2523866.126422,0.0194495412844037,0.0693577981651376,0.0146788990825688,0.324954128440367,0.14605504587156,0.425504587155963
169273.411807,2523866.126422,0.010273344340488,0.0665932856356632,0.419556044762429,0.354430379746835,0.0823702073014126,0.0667767382131719
169773.411807,2523866.126422,0,0.0241758241758242,0.526190476190476,0.389194139194139,0.0333333333333333,0.0271062271062271
170273.411807,2523866.126422,0.0139449541284404,0.0596330275229358,0.340183486238532,0.401467889908257,0.111926605504587,0.0728440366972477
170773.411807,2523866.126422,0.00201797835259585,0.181067694001101,0.13410383415887,0.437350944780774,0.124380847550908,0.121078701155751
171273.411807,2523866.126422,0.0375457875457875,0.135897435897436,0.28003663003663,0.236080586080586,0.123626373626374,0.186813186813187
171773.411807,2523866.126422,0.0179816513761468,0.0844036697247706,0.401100917431193,0.224403669724771,0.122752293577982,0.149357798165138
172273.411807,2523866.126422,0.0950284351495139,0.181067694001101,0.117776554760594,0.114657860942946,0.155567785727389,0.335901669418455
172773.411807,2523866.126422,0.0467680608365019,0.100950570342205,0.0760456273764259,0.351330798479087,0.101140684410646,0.323764258555133
168273.411807,2523366.126422,0.0377704437110378,0.112027869453612,0,0.468280161349468,0.104693802713605,0.277227722772277
168773.411807,2523366.126422,0.0501831501831502,0.0793040293040293,0.00421245421245421,0.300549450549451,0.284065934065934,0.281684981684982
169273.411807,2523366.126422,0.0549450549450549,0.10018315018315,0.0487179487179487,0.340842490842491,0.187912087912088,0.267399267399267
169773.411807,2523366.126422,0.000366703337000367,0.0977264393105977,0.459479281261459,0.292262559589292,0.0724239090575724,0.0777411074440777
170273.411807,2523366.126422,0,0.0844322344322344,0.472893772893773,0.377106227106227,0.0545787545787546,0.010989010989011
170773.411807,2523366.126422,0,0.0813186813186813,0.504029304029304,0.320512820512821,0.0622710622710623,0.0318681318681319
171273.411807,2523366.126422,0.00476714338100477,0.0352035203520352,0.557572423909058,0.356252291895856,0.0394206087275394,0.00678401173450678
171773.411807,2523366.126422,0.00604395604395604,0.0989010989010989,0.428754578754579,0.185164835164835,0.162820512820513,0.118315018315018
172273.411807,2523366.126422,0.0538461538461538,0.113003663003663,0.08003663003663,0.235714285714286,0.165750915750916,0.351648351648352
172773.411807,2523366.126422,0.049486105824134,0.119908641035402,0,0.327940616673011,0.182908260373049,0.319756376094404
169773.411807,2522866.126422,0.00586402785413231,0.0738501007879787,0.398753894080997,0.362836723474437,0.068719076415613,0.0899761773868426
170273.411807,2522866.126422,0.000734079647641769,0.189576069003487,0.520829510001835,0.163516241512204,0.0488162965681776,0.0765278032666544
170773.411807,2522866.126422,0.00678525582248304,0.143774069319641,0.541353383458647,0.0891252521547772,0.134971575279663,0.08399046396479
171273.411807,2522866.126422,0.000916254352208173,0.0412314458493678,0.555250137438153,0.297782664467656,0.0588235294117647,0.0459959684808503
171773.411807,2522866.126422,0.0047715177096715,0.0704716461736098,0.498256560836851,0.228482290328501,0.0655166085520279,0.132501376399339
172273.411807,2522866.126422,0.0253071703649367,0.138822666422153,0.0671190170548322,0.171648633779571,0.102695763799743,0.494406748578764
172773.411807,2522866.126422,0.0758988015978695,0.172912307399658,0,0.144949591021495,0.185276773825376,0.420962526155602
169773.411807,2522366.126422,0.000366300366300366,0.0758241758241758,0.458608058608059,0.175641025641026,0.0547619047619048,0.234798534798535
170273.411807,2522366.126422,0.00073394495412844,0.137614678899083,0.373577981651376,0.309357798165138,0.0645871559633028,0.114128440366972
170773.411807,2522366.126422,0.0183452577508714,0.0931939093744267,0.258301229132269,0.399192808658962,0.151715281599706,0.0792515134837644
171273.411807,2522366.126422,0.0230769230769231,0.0815018315018315,0.250549450549451,0.224542124542125,0.182967032967033,0.237362637362637
171773.411807,2522366.126422,0.0161467889908257,0.0858715596330275,0.385321100917431,0.335596330275229,0.0763302752293578,0.100733944954128
172273.411807,2522366.126422,0.0462300495321959,0.0845716382315172,0.161988625940194,0.209319390937443,0.123463584663365,0.374426710695285
172773.411807,2522366.126422,0.130608365019011,0.05,0.00380228136882129,0.0129277566539924,0.0948669201520912,0.707794676806084
170273.411807,2521866.126422,0.000549450549450549,0.124542124542125,0.467032967032967,0.287179487179487,0.0538461538461538,0.0668498168498168
170773.411807,2521866.126422,0.00201465201465201,0.122344322344322,0.482234432234432,0.148168498168498,0.115384615384615,0.12985347985348
171273.411807,2521866.126422,0.0192519251925193,0.115144847818115,0.118261826182618,0.372387238723872,0.200586725339201,0.174367436743674
171773.411807,2521866.126422,0.0256410256410256,0.0523809523809524,0.0679487179487179,0.416849816849817,0.184432234432234,0.252747252747253
172273.411807,2521866.126422,0.089010989010989,0.0684981684981685,0.105311355311355,0.291575091575092,0.118498168498168,0.327106227106227
172773.411807,2521866.126422,0.0553863722877807,0.0911686334221545,0.0550057099352874,0.0525314046440807,0.211267605633803,0.534640274076894
170273.411807,2521366.126422,0.000367039823820885,0.105156909524683,0.523765828592402,0.256193797026977,0.0489998164800881,0.0655166085520279
170773.411807,2521366.126422,0.000366770584999083,0.0733541169998166,0.599669906473501,0.255639097744361,0.0584999083073537,0.0124701998899688
171273.411807,2521366.126422,0.000549752611324904,0.0802638812534359,0.562213670514935,0.263148249954187,0.0731170973062122,0.0207073483599047
171773.411807,2521366.126422,0.00440447788585061,0.0814828408882364,0.328500642319692,0.346669113598825,0.150486327766563,0.0884565975408332
172273.411807,2521366.126422,0.0370438290849074,0.112598569594719,0.0328259673574179,0.411699981661471,0.184485604254539,0.221346048046947
172773.411807,2521366.126422,0.0892143808255659,0.0816054784097394,0,0.0964428381206011,0.220848392619365,0.511888910024729
170273.411807,2520866.126422,0.00513761467889908,0.107889908256881,0.638715596330275,0.0754128440366972,0.0521100917431193,0.120733944954128
170773.411807,2520866.126422,0.00220143093010457,0.112823335167859,0.545221060355898,0.209869748669969,0.0821867547239039,0.0476976701522656
171273.411807,2520866.126422,0.0021978021978022,0.143956043956044,0.544139194139194,0.156776556776557,0.0758241758241758,0.0771062271062271
171773.411807,2520866.126422,0.0102752293577982,0.128256880733945,0.468073394495413,0.158899082568807,0.130825688073395,0.103669724770642
172273.411807,2520866.126422,0.0177949000183453,0.0304531278664465,0.0895248578242524,0.643184736745551,0.188222344523941,0.030820033021464
172773.411807,2520866.126422,0.0344106463878327,0.017680608365019,0,0.503041825095057,0.224714828897338,0.220152091254753
170773.411807,2520366.126422,0.0122710622710623,0.195604395604396,0.472893772893773,0.126923076923077,0.112454212454212,0.0798534798534798
171273.411807,2520366.126422,0.00201686835350202,0.145397873120645,0.535020168683535,0.103960396039604,0.143931059772644,0.0696736340300697
171773.411807,2520366.126422,0.00146520146520147,0.134615384615385,0.400549450549451,0.217582417582418,0.134981684981685,0.110805860805861
172273.411807,2520366.126422,0.043956043956044,0.0928571428571429,0.178205128205128,0.253479853479853,0.208608058608059,0.222893772893773
172773.411807,2520366.126422,0.0656642558051009,0.0163684811572136,0.0173201370384469,0.541301865245527,0.249333840883137,0.110011419870575
170773.411807,2519866.126422,0.00806895286997983,0.110031175499725,0.516779754263708,0.166330460297084,0.0766550522648084,0.122134604804695
171273.411807,2519866.126422,0.0120945574491479,0.125710097122961,0.506871907641561,0.190947407000183,0.102620487447315,0.0617555433388309
171773.411807,2519866.126422,0.00201871903101487,0.144980730409249,0.463754817397688,0.174527436226831,0.111763626353459,0.102954670581758
172273.411807,2519866.126422,0.0322758114799193,0.153126719237117,0.142490372272144,0.234366403814414,0.243719053731891,0.194021639464515
172773.411807,2519866.126422,0.0875023777820049,0.0258702682138102,0,0.354574852577516,0.27106714856382,0.26098535286285
171273.411807,2519366.126422,0,0.0184981684981685,0.616300366300366,0.322344322344322,0.0346153846153846,0.00824175824175824
171773.411807,2519366.126422,0.00440366972477064,0.220917431192661,0.433761467889908,0.222935779816514,0.0592660550458716,0.0587155963302752
172273.411807,2519366.126422,0.00862227114290956,0.107870115575124,0.339203815813612,0.122362869198312,0.0785177031737296,0.343423225096313
172773.411807,2519366.126422,0.11615969581749,0.178326996197719,0.00380228136882129,0.029467680608365,0.102091254752852,0.570152091254753
171273.411807,2518866.126422,0.000366703337000367,0.0881921525485882,0.541620828749542,0.254492115878254,0.0408874220755409,0.0744407774110744
171773.411807,2518866.126422,0.00695970695970696,0.0791208791208791,0.528571428571429,0.201648351648352,0.146886446886447,0.0368131868131868
172273.411807,2518866.126422,0.0424908424908425,0.132600732600733,0.185897435897436,0.192490842490843,0.208974358974359,0.237545787545788
172773.411807,2518866.126422,0.26627331556909,0.0873620098972212,0,0.00152264940997335,0.0314046440807004,0.613437381043015
171273.411807,2518366.126422,0.0119113065787062,0.059190031152648,0.684075499358622,0.125710097122961,0.0344511636430273,0.0846619021440352
171773.411807,2518366.126422,0.0135804734813727,0.106441548908057,0.238759405395485,0.254725637731694,0.180216553496054,0.206276380987337
172273.411807,2518366.126422,0.0878415551072804,0.0733541169998166,0.0432789290298918,0.189253621859527,0.236383642031909,0.369888134971575
172773.411807,2518366.126422,0.226555069431235,0.0136960243484877,0,0.0658170058968994,0.1578847251284,0.536047175194978
171773.411807,2517866.126422,0.0456880733944954,0.0440366972477064,0.0388990825688073,0.34256880733945,0.21743119266055,0.311376146788991
172273.411807,2517866.126422,0.0964960557695836,0.0436617134470739,0,0.0884241423592002,0.168592918730508,0.602825169693634
172773.411807,2517866.126422,0.10722433460076,0.0692015209125475,0,0.0195817490494297,0.0802281368821293,0.723764258555133
171773.411807,2517366.126422,0.0421245421245421,0.0789377289377289,0.275457875457875,0.134249084249084,0.0736263736263736,0.395604395604396
172273.411807,2517366.126422,0.124908424908425,0.0628205128205128,0,0.100549450549451,0.120879120879121,0.590842490842491
172773.411807,2517366.126422,0.0654739246288542,0.120289303387895,0,0.103730491054435,0.141796726303769,0.568709554625048
172273.411807,2516866.126422,0.0634425377015081,0.0244409776391056,0.000520020800832033,0.0964638585543422,0.116224648985959,0.698907956318253
172773.411807,2516866.126422,0.0324604473540644,0.0613747954173486,0,0.17785051827605,0.134751773049645,0.593562465902891
