"x","y","forest","agri","water","built","other","grass"
189273.411807,2668866.126422,0,0.122300620055591,0.267906777849049,0.471456061577935,0.0547359418430618,0.0836005986743639
189773.411807,2668866.126422,0,0.370378285958538,0,0.403718743321222,0.178884377003633,0.0470185937166061
190273.411807,2668866.126422,0.00128259940145361,0.24091492090637,0,0.476913210773835,0.184053014108593,0.0968362548097478
190773.411807,2668866.126422,0.10498182595681,0.130425486422921,0.139191789608724,0.341885824246312,0.0528116313876417,0.230703442377592
191273.411807,2668866.126422,0.00299209232742039,0.0651848685616585,0.501389185723445,0.197050651848686,0.0707416114554392,0.162641590083351
191773.411807,2668866.126422,0,0.0117571611799914,0.422616502778965,0.551303976058145,0.0143223599828987,0
192273.411807,2668866.126422,0.00149668590977122,0.0384862091084028,0.321146033782339,0.493906350224503,0.0449005772931366,0.100064143681847
192773.411807,2668866.126422,0.000641162641590083,0.030989527676854,0.500320581320795,0.349006197905535,0.0483009189997863,0.0707416114554392
193273.411807,2668866.126422,0.0126122274476272,0.0880718255664814,0.0440359127832407,0.0395468148781531,0.0294997862334331,0.786233433091065
193773.411807,2668866.126422,0.00470387000213812,0.47124224930511,0.00171049818259568,0.016249732734659,0.0226641009193928,0.483429548856104
194273.411807,2668866.126422,0.00726650993802094,0.456294079931609,0.00726650993802094,0.030989527676854,0.0271425518273135,0.471040820688181
194773.411807,2668866.126422,0.0322787516032493,0.292432663531424,0.0335613510047029,0.187900812312954,0.128259940145361,0.325566481402309
195273.411807,2668866.126422,0.0344237759247381,0.446653837930297,0,0.137908915971777,0.104126576865512,0.276886893307676
195773.411807,2668866.126422,0.0279974353494336,0.627270784355632,0,0.100448813849113,0.0624064971147681,0.181876469331054
196273.411807,2668866.126422,0.0515177426250534,0.561564771269773,0,0.139162035057717,0.1004702864472,0.147285164600257
196773.411807,2668866.126422,0.093863587769938,0.438956596108617,0,0.205045969638657,0.118024374599102,0.144109471883686
197273.411807,2668866.126422,0.0976704424022227,0.23359692241932,0,0.211369950844197,0.215430647574268,0.241932036759991
197773.411807,2668866.126422,0.0575032064985036,0.351004702864472,0,0.153484395040616,0.12056434373664,0.317443351859769
198273.411807,2668866.126422,0.0585845627539021,0.221723326918965,0,0.347444943339748,0.153303399615138,0.218943767372247
198773.411807,2668866.126422,0.0487283607608463,0.162000427441761,0.000854883522120111,0.38298781790981,0.23316948065826,0.172259029707202
189273.411807,2668366.126422,0,0.459226681326736,0,0.0432472054242258,0.108301264431006,0.389224848818032
189773.411807,2668366.126422,0,0.399339328317122,0,0.0282620664342081,0.479721049733896,0.0926775555147734
190273.411807,2668366.126422,0,0.5600586832936,0,0.142490372272144,0.115165963689712,0.182284980744544
192773.411807,2668366.126422,0.00513855753349238,0.127913378601578,0.122040741420444,0.550559735731327,0.0930445953385942,0.101302991374564
193273.411807,2668366.126422,0.0122868145974693,0.208509077571979,0.0144874381074638,0.162112598569595,0.156977810379608,0.445626260773886
193773.411807,2668366.126422,0.024555616639179,0.204691222283306,0.000183250870441635,0.059190031152648,0.0579072750595565,0.653472603994869
194273.411807,2668366.126422,0.0245916681959993,0.213433657551844,0,0.0620297302257295,0.0836850798311617,0.616259864195265
194773.411807,2668366.126422,0.0267742527049331,0.216578030441959,0.0122868145974693,0.247386759581882,0.183568677792041,0.313405464881717
195273.411807,2668366.126422,0.0197910940076965,0.630749496060106,0.00513102437236577,0.0386659336631849,0.0613890415979476,0.244273410298699
195773.411807,2668366.126422,0.0499174160396403,0.629840337676638,0.000367039823820885,0.0972655533125344,0.0478986970086254,0.174710956138741
196273.411807,2668366.126422,0.0418118466898955,0.528883183568678,0,0.0872913992297818,0.0537318907023657,0.288281679809279
196773.411807,2668366.126422,0.0639545537841305,0.530877771669415,0,0.11544804837823,0.0833791460509437,0.206340480117281
197273.411807,2668366.126422,0.0618462103138191,0.508900715727656,0,0.0824004404477886,0.115617544503579,0.231235089007157
197773.411807,2668366.126422,0.0748211993398129,0.417751696313956,0,0.185219145424537,0.0766550522648084,0.245552906656886
198273.411807,2668366.126422,0.0729338464357706,0.338464357705699,0,0.253435953820781,0.0962067069818582,0.238959135055892
198773.411807,2668366.126422,0.0154156726004772,0.100385391815012,0,0.689117269223711,0.112497706001101,0.082583960359699
188773.411807,2667866.126422,0.021830856723537,0.322509631260319,0.0420106402494955,0.120344890845716,0.0163272793982755,0.476976701522656
189273.411807,2667866.126422,0,0.386080586080586,0,0.0637362637362637,0.207692307692308,0.342490842490842
189773.411807,2667866.126422,0,0.192293577981651,0,0.137064220183486,0.0794495412844037,0.591192660550459
190273.411807,2667866.126422,0,0.131352045496239,0,0.0310034855989727,0.0493487433498441,0.788295725554944
192773.411807,2667866.126422,0.00018348623853211,0.145688073394495,0.0651376146788991,0.398715596330275,0.156146788990826,0.234128440366972
193273.411807,2667866.126422,0.0354063474591818,0.1726288754357,0.000183452577508714,0.150247660979637,0.149146945514584,0.492386718033388
193773.411807,2667866.126422,0.0326007326007326,0.132051282051282,0.0021978021978022,0.272710622710623,0.224358974358974,0.336080586080586
194273.411807,2667866.126422,0.0299082568807339,0.319449541284404,0,0.134495412844037,0.124954128440367,0.391192660550459
194773.411807,2667866.126422,0.0225646670335718,0.351678591084205,0,0.187855439368923,0.157769216657494,0.280132085855806
195273.411807,2667866.126422,0.0144688644688645,0.456593406593407,0.00897435897435897,0.0490842490842491,0.0677655677655678,0.403113553113553
195773.411807,2667866.126422,0.0141284403669725,0.688807339449541,0,0.0631192660550459,0.0565137614678899,0.17743119266055
196273.411807,2667866.126422,0.0598055402678408,0.483947899467988,0,0.152265639332233,0.112823335167859,0.19115758576408
196773.411807,2667866.126422,0.0474358974358974,0.446703296703297,0,0.146336996336996,0.138827838827839,0.220695970695971
197273.411807,2667866.126422,0.024954128440367,0.624220183486239,0,0.044954128440367,0.0724770642201835,0.233394495412844
197773.411807,2667866.126422,0.0662263804806457,0.357549073564484,0,0.129884424876169,0.137222527976518,0.309117593102183
198273.411807,2667866.126422,0.0586080586080586,0.0813186813186813,0,0.515750915750916,0.158974358974359,0.185347985347985
198773.411807,2667866.126422,0.0488073394495413,0.0337614678899083,0,0.66348623853211,0.168073394495413,0.0858715596330275
188273.411807,2667366.126422,0.0342490842490843,0.235531135531136,0.259340659340659,0.231135531135531,0.0454212454212454,0.194322344322344
188773.411807,2667366.126422,0.0124542124542125,0.483333333333333,0,0.0652014652014652,0.0512820512820513,0.387728937728938
189273.411807,2667366.126422,0,0.184818481848185,0,0.111844517785112,0.107444077741107,0.595892922625596
189773.411807,2667366.126422,0.0021978021978022,0.424542124542125,0,0.00659340659340659,0.0525641025641026,0.514102564102564
190273.411807,2667366.126422,0.0256410256410256,0.466666666666667,0,0.0333333333333333,0.0195970695970696,0.454761904761905
192773.411807,2667366.126422,0.00402930402930403,0.165384615384615,0.171978021978022,0.350732600732601,0.145970695970696,0.161904761904762
193273.411807,2667366.126422,0.00677655677655678,0.446886446886447,0.00787545787545788,0.107875457875458,0.0750915750915751,0.355494505494506
193773.411807,2667366.126422,0.0328199486615328,0.226439310597726,0,0.257609094242758,0.206087275394206,0.277044371103777
194273.411807,2667366.126422,0.0163003663003663,0.327289377289377,0,0.0545787545787546,0.0776556776556777,0.524175824175824
194773.411807,2667366.126422,0.0384615384615385,0.337545787545788,0,0.231501831501832,0.147252747252747,0.245238095238095
195273.411807,2667366.126422,0.0209020902090209,0.353685368536854,0,0.0392372570590392,0.068023469013568,0.518151815181518
195773.411807,2667366.126422,0.0448717948717949,0.417032967032967,0.0144688644688645,0.167948717948718,0.163919413919414,0.191758241758242
196273.411807,2667366.126422,0.0659340659340659,0.387179487179487,0,0.170512820512821,0.171062271062271,0.205311355311355
196773.411807,2667366.126422,0.0271360469380271,0.606160616061606,0,0.0544554455445545,0.0711404473780711,0.241107444077741
197273.411807,2667366.126422,0.047985347985348,0.23040293040293,0.000366300366300366,0.0565934065934066,0.150549450549451,0.514102564102564
197773.411807,2667366.126422,0.0494505494505494,0.364285714285714,0,0.0943223443223443,0.144871794871795,0.347069597069597
198273.411807,2667366.126422,0.0537220388705537,0.136046938027136,0,0.521452145214521,0.140630729739641,0.148148148148148
198773.411807,2667366.126422,0.0457875457875458,0.0163003663003663,0,0.784798534798535,0.128754578754579,0.0243589743589744
188273.411807,2666866.126422,0.00385391815011929,0.535511102954671,0,0.1493852082951,0.101486511286475,0.209763259313636
188773.411807,2666866.126422,0.00311754997249221,0.339446176416651,0,0.0794058316523015,0.178800660187053,0.399229781771502
189273.411807,2666866.126422,0.00146600696353308,0.24775517683709,0,0.00696353307678211,0.0417811984606927,0.702034084661902
189773.411807,2666866.126422,0.00220223894292531,0.158377683978712,0,0,0.0106441548908057,0.828775922187557
190273.411807,2666866.126422,0.0407115349348982,0.0341096644049147,0,0.309004217861727,0.0144874381074638,0.601687144690996
192773.411807,2666866.126422,0.00568911726922371,0.187924389796293,0.0897412369242063,0.212516057992292,0.12883097816113,0.375298219856854
193273.411807,2666866.126422,0.00788556757748029,0.354483770401614,0.0115532734274711,0.107280396112232,0.077205208142307,0.441591784338896
193773.411807,2666866.126422,0.0157595748579806,0.491478834524464,0.000733003481766538,0.0445299615173172,0.0623052959501558,0.385193329668316
194273.411807,2666866.126422,0.00458799779776106,0.524132868416223,0,0.0161497522481189,0.0161497522481189,0.438979629289778
194773.411807,2666866.126422,0.0306253438474234,0.231248853841922,0.000550155877498625,0.204291215844489,0.168347698514579,0.364936732074088
195273.411807,2666866.126422,0.0467289719626168,0.107018508337915,0,0.308044713212388,0.351841671247938,0.186366135239142
195773.411807,2666866.126422,0.0458799779776106,0.288126261699394,0,0.185722150853368,0.183152872086621,0.297118737383006
196273.411807,2666866.126422,0.0317256556024207,0.447276728406382,0,0.0794058316523015,0.0689528699798276,0.372638914359068
196773.411807,2666866.126422,0.0302363936228697,0.291185633131757,0,0.0634048011728056,0.0984057174271578,0.51676745464541
197273.411807,2666866.126422,0.0247751881079097,0.143879610937787,0.00715727656450725,0.0844191594788034,0.147550009175996,0.592218755734997
197773.411807,2666866.126422,0.0317256556024207,0.15202640748212,0,0.222079589216945,0.163029525032092,0.431138822666422
198273.411807,2666866.126422,0.0524097489463075,0.118929814916621,0,0.389224848818032,0.218801539307312,0.220634048011728
198773.411807,2666866.126422,0.0600110111947146,0.0535878142778491,0,0.629289777940907,0.165351440631308,0.0917599559552211
187773.411807,2666366.126422,0.0532967032967033,0.358791208791209,0,0.195970695970696,0.0750915750915751,0.316849816849817
192773.411807,2666366.126422,0.0110091743119266,0.481467889908257,0.00660550458715596,0.0660550458715596,0.0761467889908257,0.358715596330275
193273.411807,2666366.126422,0.00697119794533113,0.583012291322693,0.0152265639332233,0.0570537516052101,0.0335718216840947,0.304164373509448
193773.411807,2666366.126422,0.0128205128205128,0.561355311355311,0,0.0673992673992674,0.0338827838827839,0.324542124542125
194273.411807,2666366.126422,0.0231192660550459,0.392110091743119,0,0.161284403669725,0.0948623853211009,0.328623853211009
194773.411807,2666366.126422,0.0414602825169694,0.245459548706659,0,0.173362685745735,0.170794349660613,0.368923133370024
195273.411807,2666366.126422,0.0261904761904762,0.35952380952381,0,0.0946886446886447,0.152564102564103,0.367032967032967
195773.411807,2666366.126422,0.044954128440367,0.355045871559633,0,0.109357798165138,0.172293577981651,0.318348623853211
196273.411807,2666366.126422,0.0238488350761328,0.356081452944414,0,0.0702623371858375,0.113924050632911,0.435883324160704
196773.411807,2666366.126422,0.043956043956044,0.326923076923077,0.00769230769230769,0.152564102564103,0.131135531135531,0.337728937728938
197273.411807,2666366.126422,0.0458715596330275,0.324587155963303,0,0.161651376146789,0.13651376146789,0.331376146788991
197773.411807,2666366.126422,0.0234819299211154,0.176114474408365,0,0.247660979636764,0.177215189873418,0.375527426160338
198273.411807,2666366.126422,0.0481684981684982,0.107692307692308,0,0.405128205128205,0.183150183150183,0.255860805860806
198773.411807,2666366.126422,0.0403669724770642,0.227522935779817,0.00073394495412844,0.149357798165138,0.151009174311927,0.431009174311927
192273.411807,2665866.126422,0.00513384671800513,0.105610561056106,0.431793179317932,0.146131279794646,0.0881921525485882,0.223138980564723
192773.411807,2665866.126422,0.0172161172161172,0.214652014652015,0.0423076923076923,0.166300366300366,0.117948717948718,0.441575091575092
193273.411807,2665866.126422,0.0298534798534799,0.395787545787546,0.0335164835164835,0.128021978021978,0.0882783882783883,0.324542124542125
193773.411807,2665866.126422,0.0154015401540154,0.295746241290796,0,0.151631829849652,0.0804913824715805,0.456729006233957
194273.411807,2665866.126422,0.0351648351648352,0.296520146520147,0,0.198717948717949,0.16007326007326,0.30952380952381
194773.411807,2665866.126422,0.0119047619047619,0.495787545787546,0,0.0399267399267399,0.0413919413919414,0.410989010989011
195273.411807,2665866.126422,0.0245691235790246,0.583425009167583,0,0.0405207187385405,0.0539053905390539,0.297579757975798
195773.411807,2665866.126422,0.030952380952381,0.493223443223443,0,0.0655677655677656,0.0968864468864469,0.313369963369963
196273.411807,2665866.126422,0.0408424908424908,0.381684981684982,0,0.145054945054945,0.114835164835165,0.317582417582418
196773.411807,2665866.126422,0.0418041804180418,0.314998166483315,0,0.1996699669967,0.13989732306564,0.303630363036304
197273.411807,2665866.126422,0.0564102564102564,0.361355311355311,0,0.11007326007326,0.178021978021978,0.294139194139194
197773.411807,2665866.126422,0.047985347985348,0.422344322344322,0,0.0723443223443224,0.103846153846154,0.353479853479854
198273.411807,2665866.126422,0.0427209387605427,0.317015034836817,0,0.214338100476714,0.136780344701137,0.289145581224789
198773.411807,2665866.126422,0.0338827838827839,0.456227106227106,0,0.0736263736263736,0.0545787545787546,0.381684981684982
192773.411807,2665366.126422,0.00623967700495504,0.306845292714259,0.14516425032116,0.209029179665994,0.106992108643788,0.225729491649844
193273.411807,2665366.126422,0.0337428938199156,0.180267742527049,0.000183385292499542,0.0781221346048047,0.106913625527233,0.600770218228498
193773.411807,2665366.126422,0.0426974528129009,0.0720175920835624,0.0963899578522998,0.307861462341946,0.216602528862012,0.264431006047279
194273.411807,2665366.126422,0.0146815929528354,0.317489447605065,0.139475133051936,0.168838318957607,0.0778124426500275,0.281703064782529
194773.411807,2665366.126422,0.00990280579497524,0.403264258206492,0.106546854942234,0.102145607922245,0.0865578580597836,0.291582615074271
195273.411807,2665366.126422,0.0232728605460876,0.41707898112516,0.0872274143302181,0.0287703866593366,0.081729888216969,0.361920469122228
195773.411807,2665366.126422,0.0322995044962378,0.330152321526886,0,0.234721967333456,0.175628555698293,0.227197650945128
196273.411807,2665366.126422,0.0568494406748579,0.306803594351733,0,0.147625160462131,0.164863377957088,0.32385842655419
196773.411807,2665366.126422,0.0371999266996518,0.198277441817849,0,0.322704782847719,0.219351291918637,0.222466556716144
197273.411807,2665366.126422,0.0433106992108644,0.197283905303725,0,0.0721233253808038,0.0961644338410718,0.591117636263535
197773.411807,2665366.126422,0.04401247019989,0.0977443609022556,0,0.401430405281496,0.183201907207042,0.273610856409316
198273.411807,2665366.126422,0.0267546270844787,0.587502290635881,0.000183250870441635,0.0842954004031519,0.0610225398570643,0.240241891148983
198773.411807,2665366.126422,0.0554230133969536,0.405395485410167,0,0.181684712791338,0.109744907322444,0.247751881079097
192273.411807,2664866.126422,0.0216117216117216,0.045970695970696,0.251282051282051,0.113369963369963,0.0743589743589744,0.493406593406593
192773.411807,2664866.126422,0.00990825688073394,0.18,0.0289908256880734,0.27394495412844,0.298715596330275,0.208440366972477
193273.411807,2664866.126422,0.00770500825536599,0.288754356998716,0.000183452577508714,0.0532012474775271,0.0676940011007155,0.582461933590167
193773.411807,2664866.126422,0.0271062271062271,0.132417582417582,0.000366300366300366,0.0912087912087912,0.15970695970696,0.589194139194139
194273.411807,2664866.126422,0.0196330275229358,0.49302752293578,0,0.0790825688073395,0.0695412844036697,0.338715596330275
194773.411807,2664866.126422,0.0319207484865162,0.337919647771051,0.0152265639332233,0.104017611447441,0.184369840396258,0.326545587965511
195273.411807,2664866.126422,0.0368131868131868,0.357875457875458,0,0.261172161172161,0.127655677655678,0.216483516483516
195773.411807,2664866.126422,0.0405504587155963,0.238715596330275,0.0655045871559633,0.185137614678899,0.117798165137615,0.352293577981651
196273.411807,2664866.126422,0.0550357732526142,0.196110805356815,0.0106402494955054,0.354613832324344,0.154650522839846,0.228948816730875
196773.411807,2664866.126422,0.0463369963369963,0.234432234432234,0.0298534798534799,0.20018315018315,0.148901098901099,0.34029304029304
197273.411807,2664866.126422,0.0313761467889908,0.0744954128440367,0,0.557981651376147,0.207522935779817,0.128623853211009
197773.411807,2664866.126422,0.081452944413869,0.202164740414603,0,0.259218492019813,0.182168409466153,0.274995413685562
198273.411807,2664866.126422,0.0307692307692308,0.478021978021978,0,0.0811355311355311,0.0855311355311355,0.324542124542125
198773.411807,2664866.126422,0.0376146788990826,0.460733944954128,0,0.0612844036697248,0.0605504587155963,0.379816513761468
188773.411807,2664366.126422,0.00897435897435897,0.301648351648352,0.0010989010989011,0.471062271062271,0.102930402930403,0.114285714285714
189273.411807,2664366.126422,0.0287862119545288,0.303997066373304,0.000366703337000367,0.497983131646498,0.104693802713605,0.0641730839750642
189773.411807,2664366.126422,0.013003663003663,0.095970695970696,0.00476190476190476,0.753296703296703,0.109157509157509,0.0238095238095238
190273.411807,2664366.126422,0.00989010989010989,0.0448717948717949,0.0010989010989011,0.837545787545788,0.0853479853479854,0.0212454212454212
190773.411807,2664366.126422,0.0467546754675468,0.0258525852585259,0.0540887422075541,0.68005133846718,0.0737073707370737,0.11954528786212
191273.411807,2664366.126422,0.00311355311355311,0.0419413919413919,0.43003663003663,0.372344322344322,0.0351648351648352,0.117399267399267
191773.411807,2664366.126422,0.00201465201465201,0.106227106227106,0.0978021978021978,0.140842490842491,0.112820512820513,0.54029304029304
192273.411807,2664366.126422,0.0183351668500183,0.354052071873854,0.00146681334800147,0.0814081408140814,0.0718738540520719,0.472863953061973
192773.411807,2664366.126422,0.00732600732600733,0.383333333333333,0.000549450549450549,0.0853479853479854,0.0624542124542125,0.460989010989011
193273.411807,2664366.126422,0.0441391941391941,0.153479853479853,0,0.226556776556777,0.228205128205128,0.347619047619048
193773.411807,2664366.126422,0.0357535753575358,0.105427209387605,0.000183351668500183,0.177117711771177,0.222038870553722,0.459479281261459
194273.411807,2664366.126422,0.0227106227106227,0.358241758241758,0,0.0358974358974359,0.0514652014652015,0.531684981684982
194773.411807,2664366.126422,0.0137362637362637,0.577289377289377,0,0.0441391941391941,0.0576923076923077,0.307142857142857
195273.411807,2664366.126422,0.0313531353135314,0.463146314631463,0.00256692335900257,0.171067106710671,0.111111111111111,0.220755408874221
195773.411807,2664366.126422,0.0360805860805861,0.488461538461538,0,0.0968864468864469,0.0789377289377289,0.2996336996337
196273.411807,2664366.126422,0.0507326007326007,0.362820512820513,0.000183150183150183,0.137545787545788,0.125457875457875,0.323260073260073
196773.411807,2664366.126422,0.0469380271360469,0.209204253758709,0,0.295012834616795,0.209387605427209,0.239457279061239
197273.411807,2664366.126422,0.0155677655677656,0.0961538461538462,0.00952380952380952,0.594871794871795,0.162637362637363,0.121245421245421
197773.411807,2664366.126422,0.0617216117216117,0.102747252747253,0.00879120879120879,0.362271062271062,0.211721611721612,0.252747252747253
198273.411807,2664366.126422,0.0364869820315365,0.226439310597726,0,0.223505683901724,0.110561056105611,0.403006967363403
198773.411807,2664366.126422,0.0326007326007326,0.231868131868132,0,0.269047619047619,0.152747252747253,0.313736263736264
187273.411807,2663866.126422,0.00550155877498625,0.141573445809646,0,0.463047863561342,0.0894920227397763,0.300385109114249
187773.411807,2663866.126422,0.0588235294117647,0.108118013560564,0,0.520432472054242,0.204507971412864,0.108118013560564
188273.411807,2663866.126422,0.11194714626537,0.140759772435309,0.00183519911910442,0.452009543035419,0.191594788034502,0.101853551110295
188773.411807,2663866.126422,0.219695580414451,0.0841738492572896,0,0.433889602053915,0.130937098844673,0.131303869429672
189273.411807,2663866.126422,0.172072567344695,0.136155396738135,0,0.42037749679311,0.121312076232362,0.150082462891699
189773.411807,2663866.126422,0.14112681225913,0.106808588731877,0.000734079647641769,0.381354376949899,0.164800880895577,0.205175261515874
190273.411807,2663866.126422,0.140473134054649,0.101045296167247,0,0.345131120484137,0.198239501192004,0.215110948101962
190773.411807,2663866.126422,0.0322521531977277,0.0414146967198094,0.177386842587502,0.558365402235661,0.0685358255451713,0.122045079714129
191273.411807,2663866.126422,0.00642319691686548,0.0838685997430721,0.146632409616443,0.521747109561387,0.151403927326115,0.0899247568361167
191773.411807,2663866.126422,0.00605171465248487,0.123601687144691,0.137722354667156,0.293966623876765,0.266092059416835,0.172565560242069
192273.411807,2663866.126422,0.0269378779549203,0.213670514934946,0.00293201392706615,0.107385010078798,0.0892431739050761,0.559831409199194
192773.411807,2663866.126422,0.0163332721600294,0.389245733162048,0.000734079647641769,0.219306294732979,0.0824004404477886,0.291980179849514
193273.411807,2663866.126422,0.0524481936548689,0.309370988446727,0.00623509994498441,0.202090592334495,0.114065651934715,0.315789473684211
193773.411807,2663866.126422,0.0181418361737218,0.311892981491662,0.000366501740883269,0.159611508154664,0.143118929814917,0.366868242624152
194273.411807,2663866.126422,0.0229399889888053,0.307762892273812,0,0.0862543585979079,0.0601945311066251,0.52284822903285
194773.411807,2663866.126422,0.0429121584448927,0.169081239684577,0,0.183385292499542,0.162112598569595,0.442508710801394
195273.411807,2663866.126422,0.023089609675646,0.476818764889133,0,0.0685358255451713,0.0850284038849184,0.346527396005131
195773.411807,2663866.126422,0.034868783262984,0.340796476417691,0,0.0851532391264452,0.0946962745457882,0.444485226647091
196273.411807,2663866.126422,0.0649183935448377,0.214194021639465,0,0.250687694846873,0.224646983311938,0.245552906656886
196773.411807,2663866.126422,0.0307861462341946,0.164925783397471,0,0.247571925966648,0.196994685724757,0.359721458676929
197273.411807,2663866.126422,0.0411084602679391,0.128096898513489,0.000183519911910442,0.343182235272527,0.289227381170857,0.198201504863278
197773.411807,2663866.126422,0.0324591967724189,0.274344397579314,0,0.216578030441959,0.249587383091876,0.227030992114432
198273.411807,2663866.126422,0.0437969580355507,0.260399486897563,0.118196811434854,0.209822246655672,0.167674546454096,0.200109950522265
198773.411807,2663866.126422,0.0576252523398789,0.300238575885484,0.0311983850247752,0.211231418608919,0.133418975958892,0.266287392182052
186773.411807,2663366.126422,0.0212844036697248,0.0699082568807339,0,0.00899082568807339,0.0372477064220183,0.86256880733945
187273.411807,2663366.126422,0.00843881856540084,0.137039075399009,0,0.289855072463768,0.10273344340488,0.461933590166942
187773.411807,2663366.126422,0.00128205128205128,0.106593406593407,0,0.638095238095238,0.137362637362637,0.116666666666667
188273.411807,2663366.126422,0.0073394495412844,0.0812844036697248,0,0.803302752293578,0.0689908256880734,0.0390825688073395
188773.411807,2663366.126422,0.0315538433314988,0.0864061640066043,0.000366905155017428,0.665749403779123,0.141441937259218,0.0744817464685379
189273.411807,2663366.126422,0.0338827838827839,0.0822344322344322,0,0.747802197802198,0.0838827838827839,0.0521978021978022
189773.411807,2663366.126422,0.0458715596330275,0.0497247706422018,0,0.658165137614679,0.122752293577982,0.12348623853211
190273.411807,2663366.126422,0.0851219959640433,0.0574206567602275,0.0299027701339204,0.383966244725738,0.204366171344707,0.239222161071363
190773.411807,2663366.126422,0.0166666666666667,0.0785714285714286,0.00183150183150183,0.443956043956044,0.166300366300366,0.292673992673993
191273.411807,2663366.126422,0.0229357798165138,0.14,0.0143119266055046,0.232844036697248,0.184403669724771,0.405504587155963
191773.411807,2663366.126422,0.010273344340488,0.143643368189323,0.109154283617685,0.199963309484498,0.199412951751972,0.337552742616034
192273.411807,2663366.126422,0.0377289377289377,0.365750915750916,0.0021978021978022,0.0626373626373626,0.0538461538461538,0.477838827838828
192773.411807,2663366.126422,0.0297247706422018,0.564587155963303,0,0.123669724770642,0.0423853211009174,0.239633027522936
193273.411807,2663366.126422,0.0487983856173179,0.287103283801137,0.000183452577508714,0.203448908457164,0.171344707393139,0.289121262153733
193773.411807,2663366.126422,0.0254578754578755,0.395787545787546,0,0.134798534798535,0.0877289377289377,0.356227106227106
194273.411807,2663366.126422,0.0253211009174312,0.28256880733945,0.0154128440366972,0.083302752293578,0.102385321100917,0.491009174311927
194773.411807,2663366.126422,0.0497156485048615,0.226013575490736,0,0.258301229132269,0.193175564116676,0.272793982755458
195273.411807,2663366.126422,0.039010989010989,0.247069597069597,0,0.245787545787546,0.207692307692308,0.26043956043956
195773.411807,2663366.126422,0.0286238532110092,0.505137614678899,0,0.0801834862385321,0.0644036697247706,0.321651376146789
196273.411807,2663366.126422,0.0260502660062374,0.554760594386351,0,0.0897083104017612,0.114290955787929,0.215189873417722
196773.411807,2663366.126422,0.0135531135531136,0.508241758241758,0,0.0148351648351648,0.0443223443223443,0.419047619047619
197273.411807,2663366.126422,0.0190825688073394,0.493211009174312,0.0036697247706422,0.117064220183486,0.088256880733945,0.278715596330275
197773.411807,2663366.126422,0.023115024766098,0.518803889194643,0.00110071546505228,0.030820033021464,0.0454962392221611,0.380664098330582
198273.411807,2663366.126422,0.028021978021978,0.376007326007326,0.0575091575091575,0.0765567765567766,0.0899267399267399,0.371978021978022
198773.411807,2663366.126422,0.0706422018348624,0.336697247706422,0,0.154311926605505,0.144036697247706,0.294311926605505
186773.411807,2662866.126422,0.0368131868131868,0.0712454212454212,0,0.00641025641025641,0.056959706959707,0.828571428571429
187273.411807,2662866.126422,0,0.125091575091575,0,0.208058608058608,0.141208791208791,0.525641025641026
187773.411807,2662866.126422,0.000183351668500183,0.183351668500183,0,0.455262192885955,0.10964429776311,0.251558489182252
188273.411807,2662866.126422,0.0117216117216117,0.0904761904761905,0,0.622710622710623,0.136446886446886,0.138644688644689
188773.411807,2662866.126422,0.0131868131868132,0.0769230769230769,0.000183150183150183,0.689010989010989,0.147985347985348,0.0727106227106227
189273.411807,2662866.126422,0.0691235790245691,0.155665566556656,0,0.532819948661533,0.106343967730106,0.136046938027136
189773.411807,2662866.126422,0.076007326007326,0.0428571428571429,0.0417582417582418,0.596336996336996,0.122893772893773,0.12014652014652
190273.411807,2662866.126422,0.00970695970695971,0.101282051282051,0.052014652014652,0.256043956043956,0.128571428571429,0.452380952380952
190773.411807,2662866.126422,0.00935093509350935,0.0583058305830583,0.0100843417675101,0.0711404473780711,0.0889255592225889,0.762192885955262
191273.411807,2662866.126422,0.0542124542124542,0.134249084249084,0.0100732600732601,0.0886446886446886,0.0994505494505494,0.613369963369963
191773.411807,2662866.126422,0.01996336996337,0.18974358974359,0.000183150183150183,0.189010989010989,0.113186813186813,0.487912087912088
192273.411807,2662866.126422,0.0363036303630363,0.356618995232857,0,0.130546387972131,0.136963696369637,0.33956729006234
192773.411807,2662866.126422,0.0532967032967033,0.215934065934066,0,0.172893772893773,0.16025641025641,0.397619047619048
193273.411807,2662866.126422,0.0747252747252747,0.196153846153846,0,0.148534798534799,0.193406593406593,0.387179487179487
193773.411807,2662866.126422,0.0471213788045471,0.172350568390172,0,0.0606894022735607,0.113678034470114,0.606160616061606
194273.411807,2662866.126422,0.0454212454212454,0.264285714285714,0,0.104395604395604,0.139194139194139,0.446703296703297
194773.411807,2662866.126422,0.0512820512820513,0.257142857142857,0.0010989010989011,0.273443223443223,0.160622710622711,0.256410256410256
195273.411807,2662866.126422,0.0471213788045471,0.351851851851852,0,0.148148148148148,0.152365236523652,0.3005133846718
195773.411807,2662866.126422,0.058974358974359,0.442490842490842,0.00421245421245421,0.0741758241758242,0.146336996336996,0.273809523809524
196273.411807,2662866.126422,0.0265567765567766,0.625091575091575,0,0.043040293040293,0.0393772893772894,0.265934065934066
196773.411807,2662866.126422,0.0683901723505684,0.414558122478915,0,0.0601393472680601,0.120645397873121,0.336266960029336
197273.411807,2662866.126422,0.056043956043956,0.402197802197802,0,0.0293040293040293,0.136080586080586,0.376373626373626
197773.411807,2662866.126422,0.039010989010989,0.343956043956044,0,0.084981684981685,0.157142857142857,0.374908424908425
198273.411807,2662866.126422,0.0504217088375504,0.256692335900257,0.0463879721305464,0.182251558489182,0.188668866886689,0.275577557755776
198773.411807,2662866.126422,0.023992673992674,0.521062271062271,0,0.141025641025641,0.0802197802197802,0.233699633699634
186773.411807,2662366.126422,0.00697375665259681,0.0901082767480272,0,0.0214718296935217,0.0706551660855203,0.810790970820334
187273.411807,2662366.126422,0.0102695763799743,0.177700348432056,0,0.0975609756097561,0.099211443242252,0.615257656335962
187773.411807,2662366.126422,0.0375664284405351,0.101337731354224,0.000549752611324904,0.526113249037933,0.102620487447315,0.231812351108668
188273.411807,2662366.126422,0.0345017434391632,0.0675353275830428,0,0.681042393099651,0.129014498073041,0.0879060378051019
188773.411807,2662366.126422,0.0203557674674491,0.0913258756647717,0,0.65596919127086,0.149092242802127,0.0832569227947919
189273.411807,2662366.126422,0.178669598680594,0.114165292285138,0,0.28587135788895,0.0978559648158329,0.323437786329485
189773.411807,2662366.126422,0.0264268673151037,0.0847861993026243,0.129565057808772,0.393650211047899,0.163699761424115,0.201871903101487
190273.411807,2662366.126422,0.0306253438474234,0.0515312671923712,0.00385109114249037,0.252704933064368,0.154227030992114,0.507060333761232
190773.411807,2662366.126422,0.0463624702217336,0.0632215503023639,0,0.0597397837639729,0.139637163276526,0.691039032435404
191273.411807,2662366.126422,0.0165167920719398,0.0390897412369242,0,0.0277115066984768,0.0361534226463571,0.880528537346302
191773.411807,2662366.126422,0.0680359435173299,0.0691362552723272,0.000366770584999083,0.331193838254172,0.136622042912158,0.394645149459013
192273.411807,2662366.126422,0.0298698918819864,0.0925416895730255,0,0.608576140736669,0.141469671980942,0.127542605827378
192773.411807,2662366.126422,0.0910258763075794,0.112681225913012,0,0.310699210864379,0.2073775004588,0.27821618645623
193273.411807,2662366.126422,0.035209976159912,0.14010636346965,0,0.323124885384192,0.132770951769668,0.368787823216578
193773.411807,2662366.126422,0.0408649441084845,0.15026571376214,0.00128275609309144,0.306395455378413,0.17262231995602,0.328568810701851
194273.411807,2662366.126422,0.0332171040557901,0.396770049550376,0,0.0715727656450725,0.097082033400624,0.401358047348137
194773.411807,2662366.126422,0.0280579497524299,0.628461397395929,0.000550155877498625,0.0121034293049697,0.0097194205024757,0.321107647166697
195273.411807,2662366.126422,0.0227231079347627,0.560381161810519,0,0.0280373831775701,0.131390874106652,0.257467472970497
195773.411807,2662366.126422,0.0161497522481189,0.525233987887686,0,0.0341347036153423,0.0653330886401175,0.359148467608736
196273.411807,2662366.126422,0.0399779937649001,0.445442875481386,0,0.0612506876948469,0.116816431322208,0.336512011736659
196773.411807,2662366.126422,0.0335349092908191,0.309877221916804,0.00128275609309144,0.0727505955653289,0.250870441634598,0.331684075499359
197273.411807,2662366.126422,0.0212883097816113,0.593686915030281,0,0.0284455863461186,0.0594604514589833,0.297118737383006
197773.411807,2662366.126422,0.0106363469649734,0.334494773519164,0,0.0324591967724189,0.10397946084724,0.518430221896204
198273.411807,2662366.126422,0.0557082646142569,0.113432288803372,0.0254718709913872,0.0826461425691772,0.169690306028954,0.553051126992853
198773.411807,2662366.126422,0.0983666727839971,0.350339511837034,0,0.0642319691686548,0.130115617544504,0.35694622866581
186773.411807,2661866.126422,0.0146788990825688,0.0730275229357798,0,0.0176146788990826,0.0500917431192661,0.844587155963303
187273.411807,2661866.126422,0.0605393505778756,0.141075032104201,0,0.244725738396624,0.220509998165474,0.333149880755825
187773.411807,2661866.126422,0.0373626373626374,0.11043956043956,0.00531135531135531,0.526923076923077,0.174358974358974,0.145604395604396
188273.411807,2661866.126422,0.0460550458715596,0.093394495412844,0.0018348623853211,0.654862385321101,0.125871559633028,0.0779816513761468
188773.411807,2661866.126422,0.104567969179967,0.0744817464685379,0,0.428912126215373,0.164373509447808,0.227664648688314
189273.411807,2661866.126422,0.000732600732600733,0.160989010989011,0.0401098901098901,0.362087912087912,0.0996336996336996,0.336446886446886
189773.411807,2661866.126422,0.0174311926605505,0.139449541284404,0.00880733944954129,0.369724770642202,0.105504587155963,0.359082568807339
190273.411807,2661866.126422,0.0550357732526142,0.207301412584847,0,0.11263988259035,0.127499541368556,0.497523390203632
190773.411807,2661866.126422,0.0553113553113553,0.19010989010989,0,0.0879120879120879,0.093956043956044,0.572710622710623
191273.411807,2661866.126422,0.0678899082568807,0.143302752293578,0,0.115229357798165,0.202752293577982,0.470825688073394
191773.411807,2661866.126422,0.119244175380664,0.0148596587782058,0,0.359750504494588,0.18547055586131,0.320675105485232
192273.411807,2661866.126422,0.0421245421245421,0.021978021978022,0,0.682234432234432,0.202930402930403,0.0507326007326007
192773.411807,2661866.126422,0.0355963302752294,0.0343119266055046,0,0.62256880733945,0.168440366972477,0.139082568807339
193273.411807,2661866.126422,0.0194459732159237,0.0264171711612548,0.000183452577508714,0.723170060539351,0.13979086406164,0.0909924784443221
193773.411807,2661866.126422,0.0287545787545788,0.299450549450549,0,0.333699633699634,0.106593406593407,0.231501831501832
194273.411807,2661866.126422,0.0519266055045872,0.331376146788991,0,0.0697247706422018,0.135596330275229,0.411376146788991
194773.411807,2661866.126422,0.0328380113740598,0.439185470555861,0.00091726288754357,0.0790680609062557,0.112823335167859,0.33516785910842
195273.411807,2661866.126422,0.0340659340659341,0.234065934065934,0,0.0221611721611722,0.071978021978022,0.637728937728938
195773.411807,2661866.126422,0.0528440366972477,0.30348623853211,0,0.120917431192661,0.141100917431193,0.381651376146789
196273.411807,2661866.126422,0.0350394423041644,0.3494771601541,0,0.0354063474591818,0.112456430012842,0.467620620069712
196773.411807,2661866.126422,0.0509157509157509,0.464102564102564,0.000183150183150183,0.0595238095238095,0.157692307692308,0.267582417582418
197273.411807,2661866.126422,0.0295412844036697,0.667889908256881,0.000917431192660551,0.0203669724770642,0.0908256880733945,0.19045871559633
197773.411807,2661866.126422,0.0420106402494955,0.327095945698037,0.00165107319757843,0.0887910475142176,0.213722252797652,0.32672904054302
198273.411807,2661866.126422,0.0432234432234432,0.228205128205128,0.0333333333333333,0.0822344322344322,0.114285714285714,0.498717948717949
198773.411807,2661866.126422,0.098348623853211,0.195229357798165,0.013394495412844,0.148073394495413,0.227522935779817,0.31743119266055
189773.411807,2661366.126422,0.0461538461538462,0.208424908424908,0.122893772893773,0.187362637362637,0.167765567765568,0.267399267399267
190273.411807,2661366.126422,0.0155677655677656,0.189010989010989,0.0987179487179487,0.0498168498168498,0.086996336996337,0.55989010989011
190773.411807,2661366.126422,0.0229189585625229,0.415658232489916,0,0.0496883021635497,0.0960762742940961,0.415658232489916
191273.411807,2661366.126422,0.0604395604395604,0.333699633699634,0,0.0796703296703297,0.149450549450549,0.376739926739927
191773.411807,2661366.126422,0.0813186813186813,0.0591575091575092,0,0.347619047619048,0.264835164835165,0.247069597069597
192273.411807,2661366.126422,0.0513384671800513,0.015034836817015,0,0.707370737073707,0.187752108544188,0.0385038503850385
192773.411807,2661366.126422,0.0278388278388278,0.0267399267399267,0,0.757326007326007,0.138461538461538,0.0496336996336996
193273.411807,2661366.126422,0.0578754578754579,0.032051282051282,0,0.628205128205128,0.161538461538462,0.12032967032967
193773.411807,2661366.126422,0.0282361569490282,0.184635130179685,0.0033003300330033,0.383571690502384,0.17986798679868,0.22038870553722
194273.411807,2661366.126422,0.0465201465201465,0.299267399267399,0,0.108424908424908,0.188827838827839,0.356959706959707
194773.411807,2661366.126422,0.0373626373626374,0.396703296703297,0,0.0798534798534798,0.16007326007326,0.326007326007326
195273.411807,2661366.126422,0.0832416574990832,0.366153281994866,0,0.0753575357535754,0.222038870553722,0.253208654198753
195773.411807,2661366.126422,0.0305860805860806,0.422527472527473,0,0.00567765567765568,0.150915750915751,0.39029304029304
196273.411807,2661366.126422,0.0146520146520147,0.0970695970695971,0,0.0285714285714286,0.0503663003663004,0.809340659340659
196773.411807,2661366.126422,0.0645397873120645,0.398056472313898,0.000916758342500917,0.0539053905390539,0.218371837183718,0.264209754308764
197273.411807,2661366.126422,0.0397435897435897,0.488644688644689,0,0.0282051282051282,0.105311355311355,0.338095238095238
197773.411807,2661366.126422,0.0377289377289377,0.43003663003663,0,0.123809523809524,0.114835164835165,0.293589743589744
198273.411807,2661366.126422,0.0803080308030803,0.268060139347268,0,0.059039237257059,0.13953061972864,0.453061972863953
198773.411807,2661366.126422,0.0787545787545788,0.142673992673993,0,0.287179487179487,0.248351648351648,0.243040293040293
188773.411807,2660866.126422,0.00201723821749496,0.061984228864845,0.19200440124702,0.433889602053915,0.122684760682193,0.187419768934531
