"x","y","forest","agri","water","built","other","grass"
183773.411807,2654866.126422,0,0.009543035419343,0.768948430904753,0.169388878693338,0.0512020554230134,0.000917599559552211
184273.411807,2654866.126422,0,0.0280579497524299,0.704933064368238,0.141940216394645,0.0964606638547588,0.0286081056299285
184773.411807,2654866.126422,0.011544804837823,0.0197910940076965,0.554333883085945,0.161993769470405,0.0901594282572842,0.162177020340847
185273.411807,2654866.126422,0.0233070288126262,0.0618462103138191,0.0456964580657001,0.188474949532024,0.160946962745458,0.519728390530373
185773.411807,2654866.126422,0.108380707867229,0.195305336512012,0.00403447643498991,0.0938932697597653,0.111681643132221,0.486704566293783
186273.411807,2654866.126422,0.0657216494845361,0.169587628865979,0,0.0474226804123711,0.125,0.592268041237113
183773.411807,2654366.126422,0.00110091743119266,0.0355963302752294,0.584403669724771,0.191926605504587,0.0790825688073395,0.107889908256881
184273.411807,2654366.126422,0.000366905155017428,0.0897083104017612,0.461016327279398,0.191891396074115,0.121445606310769,0.13557145477894
184773.411807,2654366.126422,0.00659340659340659,0.0593406593406593,0.229120879120879,0.282051282051282,0.217582417582418,0.205311355311355
185273.411807,2654366.126422,0,0.19743119266055,0.0644036697247706,0.402201834862385,0.10605504587156,0.229908256880734
185773.411807,2654366.126422,0.0598055402678408,0.292973766281416,0.0365070629242341,0.0554026784076316,0.0911759310218309,0.464135021097046
186273.411807,2654366.126422,0.0278207109737249,0.442812982998454,0.0213807315816589,0.0386398763523957,0.0643997939206594,0.404945904173107
182273.411807,2653866.126422,0.00384615384615385,0.0846153846153846,0.436446886446886,0.176923076923077,0.0981684981684982,0.2
182773.411807,2653866.126422,0,0.0730769230769231,0.53974358974359,0.22032967032967,0.104029304029304,0.0628205128205128
183273.411807,2653866.126422,0.0033003300330033,0.0777411074440777,0.441144114411441,0.261459479281261,0.104327099376604,0.112027869453612
183773.411807,2653866.126422,0.000549450549450549,0.0172161172161172,0.675824175824176,0.21007326007326,0.084981684981685,0.0113553113553114
184273.411807,2653866.126422,0.00274725274725275,0.0525641025641026,0.578388278388278,0.0974358974358974,0.100915750915751,0.167948717948718
184773.411807,2653866.126422,0.0231023102310231,0.0603226989365603,0.0100843417675101,0.293362669600293,0.153098643197653,0.46002933626696
185273.411807,2653866.126422,0.0119047619047619,0.0888278388278388,0.194139194139194,0.082967032967033,0.0815018315018315,0.540659340659341
185773.411807,2653866.126422,0.0527472527472527,0.16959706959707,0.0851648351648352,0.0756410256410256,0.119230769230769,0.497619047619048
186273.411807,2653866.126422,0.0278350515463918,0.289175257731959,0.0301546391752577,0.0798969072164948,0.154896907216495,0.418041237113402
181773.411807,2653366.126422,0.011544804837823,0.0428807036833425,0.588418544988089,0.153197727689207,0.0938244456661169,0.110133773135422
182273.411807,2653366.126422,0.000550559735731327,0.171224077812443,0.586162598641953,0.146999449440264,0.0611121306661773,0.0339511837034318
182773.411807,2653366.126422,0.000550155877498625,0.122684760682193,0.63598019438841,0.150375939849624,0.0773885934348065,0.0130203557674674
183273.411807,2653366.126422,0,0.125710097122961,0.575590984057174,0.107018508337915,0.152647975077882,0.0390324354040682
183773.411807,2653366.126422,0.00623967700495504,0.0196366305744173,0.719581574600844,0.148100568911727,0.0869884382455496,0.0194531106625069
184273.411807,2653366.126422,0.0122868145974693,0.167614157344581,0.150926095727123,0.11204841371722,0.211626627544471,0.345497891069136
184773.411807,2653366.126422,0.0232728605460876,0.111233278358072,0.000733003481766538,0.00201575957485798,0.05717427157779,0.805570826461426
185273.411807,2653366.126422,0.028629106258029,0.180583593319875,0,0.038172141677372,0.0943292347219673,0.658285924022756
185773.411807,2653366.126422,0.028791490922428,0.193288098294517,0,0.113148725472217,0.16394645149459,0.500825233816248
186273.411807,2653366.126422,0.0603092783505155,0.139175257731959,0.00438144329896907,0.0507731958762887,0.12319587628866,0.622164948453608
181773.411807,2652866.126422,0.00622710622710623,0.0917582417582418,0.682234432234432,0.054029304029304,0.0457875457875458,0.11996336996337
182273.411807,2652866.126422,0.0036697247706422,0.0847706422018349,0.762752293577982,0.0409174311926606,0.0594495412844037,0.0484403669724771
182773.411807,2652866.126422,0.0280682443588332,0.120161438268208,0.42799486332783,0.148963492937076,0.158686479545038,0.116125481563016
183273.411807,2652866.126422,0.0104395604395604,0.0838827838827839,0.18021978021978,0.284798534798535,0.221611721611722,0.219047619047619
183773.411807,2652866.126422,0.0111926605504587,0.0658715596330275,0.0361467889908257,0.204220183486239,0.268440366972477,0.414128440366972
184273.411807,2652866.126422,0.0350394423041644,0.132085855806274,0,0.0401761144744084,0.0559530361401578,0.736745551274995
184773.411807,2652866.126422,0.0404761904761905,0.0833333333333333,0,0.155311355311355,0.11959706959707,0.601282051282051
185273.411807,2652866.126422,0.0412844036697248,0.207889908256881,0,0.0644036697247706,0.0803669724770642,0.60605504587156
185773.411807,2652866.126422,0.0315538433314988,0.148596587782058,0,0.109154283617685,0.142542652724271,0.568152632544487
186273.411807,2652866.126422,0.014940752189593,0.179031427099433,0.0193199381761978,0.074703760947965,0.168469860896445,0.543534260690366
181773.411807,2652366.126422,0.00128346167950128,0.117345067840117,0.718738540520719,0.0847084708470847,0.052988632196553,0.0249358269160249
182273.411807,2652366.126422,0.000549450549450549,0.187545787545788,0.53003663003663,0.104761904761905,0.136080586080586,0.041025641025641
182773.411807,2652366.126422,0.00842490842490842,0.186813186813187,0.199450549450549,0.236446886446886,0.152380952380952,0.216483516483516
183273.411807,2652366.126422,0.0267693436010268,0.119361936193619,0.0203520352035204,0.116061606160616,0.116244957829116,0.601210121012101
183773.411807,2652366.126422,0.0401098901098901,0.0906593406593407,0,0.108974358974359,0.127655677655678,0.632600732600733
184273.411807,2652366.126422,0.0554945054945055,0.10952380952381,0,0.0318681318681319,0.10018315018315,0.702930402930403
184773.411807,2652366.126422,0.0469380271360469,0.125962596259626,0,0.101393472680601,0.115694902823616,0.61001100110011
185273.411807,2652366.126422,0.026007326007326,0.193223443223443,0,0.0269230769230769,0.146336996336996,0.607509157509157
185773.411807,2652366.126422,0.021978021978022,0.284065934065934,0,0.00293040293040293,0.0983516483516483,0.592673992673993
186273.411807,2652366.126422,0.0680412371134021,0.265721649484536,0,0.0219072164948454,0.0652061855670103,0.579123711340206
181273.411807,2651866.126422,0.0119200440124702,0.0590500641848524,0.405098111131487,0.286631212176783,0.105263157894737,0.13203741059967
181773.411807,2651866.126422,0.0617555433388309,0.103903243540407,0.326736301997434,0.0927249404434671,0.127725856697819,0.287154113982041
182273.411807,2651866.126422,0.00330335841438796,0.139842172875757,0.455863461185539,0.152505046797578,0.11194714626537,0.136538814461369
182773.411807,2651866.126422,0.0601503759398496,0.155327342747112,0.155510728039611,0.15606088391711,0.0973775903172566,0.375573079039061
183273.411807,2651866.126422,0.0899761773868426,0.068719076415613,0,0.144218435037566,0.168590800806304,0.528495510353674
183773.411807,2651866.126422,0.0453294182418792,0.0579922921636998,0,0.205175261515874,0.174527436226831,0.516975591851716
184273.411807,2651866.126422,0.0366770584999083,0.106180084357235,0,0.0896754080322758,0.0942600403447643,0.673207408765817
184773.411807,2651866.126422,0.0569910207073484,0.123511086677662,0,0.0274876305662452,0.0850284038849184,0.706981858163826
185273.411807,2651866.126422,0.172141677371995,0.110295467058176,0,0.113965865296385,0.252523398788769,0.351073591484676
185773.411807,2651866.126422,0.00788556757748029,0.249587383091876,0,0.0022006235099945,0.0546488171648634,0.685677608655786
186273.411807,2651866.126422,0.0355670103092783,0.204123711340206,0,0.133762886597938,0.131701030927835,0.494845360824742
181273.411807,2651366.126422,0.0299027701339204,0.0152265639332233,0.611263988259035,0.0922766464868831,0.0576041093377362,0.193725921849202
181773.411807,2651366.126422,0.047985347985348,0.0263736263736264,0.412087912087912,0.138095238095238,0.0796703296703297,0.295787545787546
182273.411807,2651366.126422,0.0673394495412844,0.0218348623853211,0.0148623853211009,0.0664220183486239,0.0460550458715596,0.78348623853211
182773.411807,2651366.126422,0.0787011557512383,0.0889745000917263,0.0313703907539901,0.541552008805724,0.175197211520822,0.0842047330764997
183273.411807,2651366.126422,0.0672161172161172,0.0532967032967033,0.0168498168498168,0.34981684981685,0.268131868131868,0.244688644688645
183773.411807,2651366.126422,0.0581651376146789,0.218165137614679,0,0.0510091743119266,0.0827522935779817,0.589908256880734
184273.411807,2651366.126422,0.0280682443588332,0.279398275545771,0,0.093010456796918,0.0726472206934507,0.526875802605027
184773.411807,2651366.126422,0.041025641025641,0.234065934065934,0,0.00677655677655678,0.0250915750915751,0.693040293040293
185273.411807,2651366.126422,0.0653211009174312,0.177064220183486,0,0.0372477064220183,0.14605504587156,0.574311926605505
185773.411807,2651366.126422,0.0454962392221611,0.208402128049899,0,0.0704457897633462,0.159420289855072,0.516235553109521
186273.411807,2651366.126422,0.0633693972179289,0.189850592478104,0,0.132663575476558,0.263523956723339,0.35059247810407
180773.411807,2650866.126422,0.0010989010989011,0.0624542124542125,0.753296703296703,0.10018315018315,0.0331501831501832,0.0498168498168498
181273.411807,2650866.126422,0.00164835164835165,0.0412087912087912,0.79981684981685,0.11959706959707,0.0318681318681319,0.00586080586080586
181773.411807,2650866.126422,0,0.0205353868720205,0.87953795379538,0.0812247891455812,0.0181518151815182,0.00055005500550055
182273.411807,2650866.126422,0.0032967032967033,0.113736263736264,0.472710622710623,0.176923076923077,0.134615384615385,0.0987179487179487
182773.411807,2650866.126422,0.0327838827838828,0.0336996336996337,0,0.565750915750916,0.286080586080586,0.0816849816849817
183273.411807,2650866.126422,0.0443711037770444,0.0837917125045838,0,0.277227722772277,0.287678767876788,0.306930693069307
183773.411807,2650866.126422,0.0888278388278388,0.158791208791209,0,0.116849816849817,0.124175824175824,0.511355311355311
184273.411807,2650866.126422,0.0617216117216117,0.191575091575092,0,0.0728937728937729,0.12032967032967,0.553479853479854
184773.411807,2650866.126422,0.0946094609460946,0.168133480014668,0,0.0484048404840484,0.0958929226255959,0.592959295929593
185273.411807,2650866.126422,0.065018315018315,0.197619047619048,0,0.0223443223443223,0.0738095238095238,0.641208791208791
185773.411807,2650866.126422,0.0467032967032967,0.214102564102564,0,0.0835164835164835,0.13040293040293,0.525274725274725
186273.411807,2650866.126422,0.0827319587628866,0.185309278350515,0,0.186855670103093,0.214432989690722,0.330670103092783
180773.411807,2650366.126422,0,0.0400073407964764,0.828592402275647,0.104973389612773,0.0187190310148651,0.00770783630023858
181273.411807,2650366.126422,0.000733541169998166,0.0284247203374289,0.873464148175316,0.0696864111498258,0.0198056115899505,0.00788556757748029
181773.411807,2650366.126422,0,0.0168590800806304,0.847352024922118,0.112699285321605,0.0214403518416712,0.00164925783397471
182273.411807,2650366.126422,0.0702881262616994,0.0956138741053404,0.0902917966599376,0.14112681225913,0.123508900715728,0.479170489998165
182773.411807,2650366.126422,0.0968274344397579,0.165230148542087,0,0.0577663671373556,0.0874747845222813,0.592701265358518
183273.411807,2650366.126422,0.0674363203225215,0.203041964449331,0,0.0727505955653289,0.093274693054792,0.563496426608026
183773.411807,2650366.126422,0.0390897412369242,0.208662139842173,0,0.17856487428886,0.134703615342265,0.438979629289778
184273.411807,2650366.126422,0.0863744727672841,0.21199339812947,0,0.0124701998899688,0.0460297084173849,0.643132220795892
184773.411807,2650366.126422,0.106835257467473,0.276708814366868,0,0.000549752611324904,0.032618654938611,0.583287520615723
185273.411807,2650366.126422,0.0357863828225362,0.351624151220407,0,0.0299137456414021,0.0783630023857589,0.504312717929895
185773.411807,2650366.126422,0.035209976159912,0.231065468549422,0,0.0825233816247937,0.196589033559509,0.454612140106363
186273.411807,2650366.126422,0.0311855670103093,0.423453608247423,0,0.0744845360824742,0.0729381443298969,0.397938144329897
180273.411807,2649866.126422,0,0.0426739926739927,0.743772893772894,0.183882783882784,0.0258241758241758,0.00384615384615385
180773.411807,2649866.126422,0.0154128440366972,0.0655045871559633,0.723302752293578,0.113211009174312,0.0357798165137615,0.0467889908256881
181273.411807,2649866.126422,0.00733810310034856,0.0838378279214823,0.746651990460466,0.0612731608879105,0.0454962392221611,0.0554026784076316
181773.411807,2649866.126422,0.0282051282051282,0.0692307692307692,0.344688644688645,0.125641025641026,0.0826007326007326,0.3496336996337
182273.411807,2649866.126422,0.0655045871559633,0.148440366972477,0,0.105871559633028,0.181651376146789,0.498532110091743
182773.411807,2649866.126422,0.0484314804623005,0.424509264355164,0,0.0119244175380664,0.127866446523574,0.387268391120895
183273.411807,2649866.126422,0.0434065934065934,0.241575091575092,0,0.0532967032967033,0.076007326007326,0.585714285714286
183773.411807,2649866.126422,0.0377981651376147,0.340550458715596,0,0.0592660550458716,0.0921100917431193,0.470275229357798
184273.411807,2649866.126422,0.0300862227114291,0.409649605576958,0,0.0150431113557145,0.0194459732159237,0.525775087139974
184773.411807,2649866.126422,0.0778388278388278,0.245970695970696,0,0.0366300366300366,0.13040293040293,0.509157509157509
185273.411807,2649866.126422,0.0422018348623853,0.338165137614679,0,0.0277064220183486,0.06,0.531926605504587
185773.411807,2649866.126422,0.0357732526141992,0.261236470372409,0,0.0614566134654192,0.19684461566685,0.444689047881123
186273.411807,2649866.126422,0.00669757856774858,0.614631633178774,0,0.00592478104070067,0.0450798557444616,0.327666151468315
179773.411807,2649366.126422,0.000549450549450549,0.0586080586080586,0.487728937728938,0.403296703296703,0.045970695970696,0.00384615384615385
180273.411807,2649366.126422,0.00055005500550055,0.0691235790245691,0.774110744407774,0.125229189585625,0.026952695269527,0.00403373670700403
180773.411807,2649366.126422,0.00293040293040293,0.0545787545787546,0.806227106227106,0.0957875457875458,0.0168498168498168,0.0236263736263736
181273.411807,2649366.126422,0.0153846153846154,0.156959706959707,0.592673992673993,0.0664835164835165,0.0461538461538462,0.122344322344322
181773.411807,2649366.126422,0.0331866519985332,0.35038503850385,0,0.0665566556655666,0.114594792812615,0.435276861019435
182273.411807,2649366.126422,0.0100732600732601,0.373992673992674,0,0.00604395604395604,0.056959706959707,0.552930402930403
182773.411807,2649366.126422,0.00183150183150183,0.804395604395604,0.0010989010989011,0.00274725274725275,0.00384615384615385,0.186080586080586
183273.411807,2649366.126422,0.0122845617895123,0.433443344334433,0,0.0291529152915292,0.0394206087275394,0.485698569856986
183773.411807,2649366.126422,0.0338827838827839,0.398351648351648,0,0.0272893772893773,0.0587912087912088,0.481684981684982
184273.411807,2649366.126422,0.0518315018315018,0.455128205128205,0,0.0261904761904762,0.0732600732600733,0.393589743589744
184773.411807,2649366.126422,0.0465713237990466,0.31004767143381,0,0.0187018701870187,0.132379904657132,0.492299229922992
185273.411807,2649366.126422,0.0483516483516484,0.216300366300366,0,0.157142857142857,0.211904761904762,0.366300366300366
185773.411807,2649366.126422,0.0177655677655678,0.531135531135531,0,0.0338827838827839,0.0456043956043956,0.371611721611722
186273.411807,2649366.126422,0.0280927835051546,0.432731958762887,0,0.00128865979381443,0.0342783505154639,0.50360824742268
179773.411807,2648866.126422,0,0.0278745644599303,0.787639831285531,0.169448010269576,0.0150375939849624,0
180273.411807,2648866.126422,0,0.0362836723474437,0.79146050943742,0.147700201575957,0.0238226131574125,0.000733003481766538
180773.411807,2648866.126422,0.000734079647641769,0.0774454028262066,0.710772618829143,0.116535144063131,0.0499174160396403,0.0445953385942375
181273.411807,2648866.126422,0.00843572345497891,0.159728589767101,0.137905739959655,0.105263157894737,0.102145607922245,0.486521181001284
181773.411807,2648866.126422,0.0386659336631849,0.216969030602895,0,0.192046912222833,0.289169873556899,0.263148249954187
182273.411807,2648866.126422,0.0211047898697009,0.499908240044045,0,0.00440447788585061,0.0401908607083869,0.434391631492017
182773.411807,2648866.126422,0.00953603520997616,0.652301485420869,0.00201723821749496,0.00183385292499542,0.0053181734824867,0.328993214744178
183273.411807,2648866.126422,0.0212571009712296,0.573391973611875,0.00989554700384827,0.0335349092908191,0.0709180868609126,0.291002382261316
183773.411807,2648866.126422,0.0132134336575518,0.489998164800881,0.057258212516058,0.0389062213250138,0.0978161130482657,0.30280785465223
184273.411807,2648866.126422,0.0218228498074454,0.496240601503759,0,0.0097194205024757,0.0770218228498075,0.395195305336512
184773.411807,2648866.126422,0.074216602528862,0.321238775884185,0,0.0579072750595565,0.146234194612424,0.400403151914972
185273.411807,2648866.126422,0.031932464672417,0.260047715177097,0,0.0644154890805652,0.194714626536979,0.448889704532942
185773.411807,2648866.126422,0.0295250320924262,0.324591967724189,0,0.0515312671923712,0.0891252521547772,0.505226480836237
186273.411807,2648866.126422,0.0172680412371134,0.394845360824742,0,0.0149484536082474,0.0677835051546392,0.505154639175258
179273.411807,2648366.126422,0.00770642201834862,0.0530275229357798,0.615963302752294,0.228256880733945,0.0308256880733945,0.0642201834862385
179773.411807,2648366.126422,0,0.0924600990643919,0.638965327462851,0.0579710144927536,0.0363236103467254,0.174279948633278
180273.411807,2648366.126422,0.00989010989010989,0.112820512820513,0.616300366300366,0.0593406593406593,0.03003663003663,0.171611721611722
180773.411807,2648366.126422,0.00110091743119266,0.0860550458715596,0.525504587155963,0.167706422018349,0.0618348623853211,0.157798165137615
181273.411807,2648366.126422,0.0460465969546872,0.168409466152999,0,0.0434782608695652,0.155384333149881,0.586681342872867
181773.411807,2648366.126422,0.0401098901098901,0.324175824175824,0,0.141941391941392,0.17967032967033,0.314102564102564
182273.411807,2648366.126422,0.0144954128440367,0.739266055045872,0,0.00642201834862385,0.011743119266055,0.228073394495413
182773.411807,2648366.126422,0.00825536598789213,0.604659695468721,0,0.000733810310034856,0.0146762062006971,0.371674922032655
183273.411807,2648366.126422,0.00695970695970696,0.605494505494505,0,0.0131868131868132,0.0450549450549451,0.329304029304029
183773.411807,2648366.126422,0.013394495412844,0.549357798165138,0,0.00275229357798165,0.0203669724770642,0.414128440366972
184273.411807,2648366.126422,0.024399192808659,0.594936708860759,0,0,0.0209135938359934,0.359750504494588
184773.411807,2648366.126422,0.0646520146520147,0.271611721611722,0,0.000549450549450549,0.036996336996337,0.626190476190476
185273.411807,2648366.126422,0.0154128440366972,0.365504587155963,0,0.0554128440366972,0.0902752293577982,0.473394495412844
185773.411807,2648366.126422,0.0717299578059072,0.167125298110438,0.00146762062006971,0.123280132085856,0.234085488901119,0.40231150247661
186273.411807,2648366.126422,0.0507470376094796,0.413961875321999,0,0.00309119010819165,0.0543534260690366,0.477846470891293
180773.411807,2647866.126422,0.00293040293040293,0.124542124542125,0.0386446886446886,0.124358974358974,0.113736263736264,0.595787545787546
181273.411807,2647866.126422,0.0708791208791209,0.155128205128205,0.0205128205128205,0.111538461538462,0.135347985347985,0.506593406593407
181773.411807,2647866.126422,0.0133846718005134,0.537587092042538,0,0.00458379171250458,0.011001100110011,0.433443344334433
182273.411807,2647866.126422,0.0342490842490843,0.538644688644689,0,0.00641025641025641,0.0346153846153846,0.386080586080586
182773.411807,2647866.126422,0.00567765567765568,0.575091575091575,0,0.000915750915750916,0.00311355311355311,0.415201465201465
183273.411807,2647866.126422,0.0258525852585259,0.575907590759076,0,0.00183351668500183,0.0506050605060506,0.345801246791346
183773.411807,2647866.126422,0.0492673992673993,0.478021978021978,0,0.0424908424908425,0.134615384615385,0.295604395604396
184273.411807,2647866.126422,0.034981684981685,0.418498168498169,0,0.019047619047619,0.116117216117216,0.411355311355311
184773.411807,2647866.126422,0.0187018701870187,0.411257792445911,0,0.0196186285295196,0.0856252291895856,0.464796479647965
185273.411807,2647866.126422,0.0227106227106227,0.483333333333333,0,0.00531135531135531,0.0245421245421245,0.464102564102564
185773.411807,2647866.126422,0.0139194139194139,0.25952380952381,0,0.0139194139194139,0.113186813186813,0.599450549450549
186273.411807,2647866.126422,0.0412371134020619,0.477061855670103,0,0.00283505154639175,0.0685567010309278,0.410309278350515
180273.411807,2647366.126422,0.128458860179586,0.0183250870441635,0.0562580172255818,0.312442734102987,0.179585853032802,0.30492944841488
180773.411807,2647366.126422,0.0227564690768948,0.0824004404477886,0,0.112497706001101,0.217287575701964,0.565057808772252
181273.411807,2647366.126422,0.0775719787273061,0.0520814230698698,0.011186502842472,0.00733541169998166,0.039611223179901,0.812213460480469
181773.411807,2647366.126422,0.00714678394722375,0.303280190580905,0,0.00293201392706615,0.0390324354040682,0.647608576140737
182273.411807,2647366.126422,0.0211047898697009,0.534042943659387,0,0.00256927876674619,0.0480822169205359,0.39420077078363
182773.411807,2647366.126422,0.0234733174399413,0.684944067485788,0,0,0.00715202640748212,0.284430588666789
183273.411807,2647366.126422,0.0393989371449514,0.466739967014843,0,0.00146600696353308,0.0240058640278541,0.468389224848818
183773.411807,2647366.126422,0.0198201504863278,0.608919067718848,0,0.00458799779776106,0.0521196549825656,0.314553129014498
184273.411807,2647366.126422,0.046396479002384,0.560242068586099,0,0,0.0117366587199707,0.381624793691546
184773.411807,2647366.126422,0.0289536375297783,0.412314458493678,0,0.0223566061938794,0.165842037749679,0.370533260032985
185273.411807,2647366.126422,0.0530372545421178,0.398788768581391,0,0.00110111947146265,0.07469260414755,0.472380253257478
185773.411807,2647366.126422,0.0392444525949019,0.455345681276362,0,0.0075187969924812,0.0401613790573996,0.457729690078856
186273.411807,2647366.126422,0.0291237113402062,0.270618556701031,0,0.0242268041237113,0.0817010309278351,0.594329896907216
180273.411807,2646866.126422,0.0437728937728938,0.0276556776556777,0.0217948717948718,0.396520146520146,0.324358974358974,0.185897435897436
180773.411807,2646866.126422,0.0752293577981651,0.106422018348624,0,0.209174311926606,0.244036697247706,0.365137614678899
181273.411807,2646866.126422,0.002568336085122,0.293340671436434,0.00990643918547056,0.0091726288754357,0.0372408732342689,0.647771051183269
181773.411807,2646866.126422,0.0368131868131868,0.273260073260073,0.0115384615384615,0.0380952380952381,0.121978021978022,0.518315018315018
182273.411807,2646866.126422,0.044954128440367,0.239082568807339,0.00036697247706422,0.0308256880733945,0.114678899082569,0.570091743119266
182773.411807,2646866.126422,0.0739313887360117,0.42799486332783,0,0.078884608328747,0.0535681526325445,0.365620986974867
183273.411807,2646866.126422,0.0695970695970696,0.336446886446886,0,0.0274725274725275,0.177472527472527,0.389010989010989
183773.411807,2646866.126422,0.111743119266055,0.115779816513761,0,0.217247706422018,0.16605504587156,0.389174311926606
184273.411807,2646866.126422,0.104384516602458,0.0491652907723353,0,0.548890111906072,0.172261970280682,0.125298110438452
184773.411807,2646866.126422,0.056043956043956,0.544505494505494,0,0.000183150183150183,0.0347985347985348,0.364468864468864
185273.411807,2646866.126422,0.0286238532110092,0.535963302752294,0,0.000917431192660551,0.0115596330275229,0.422935779816514
185773.411807,2646866.126422,0.0418271876719868,0.516052100532012,0,0,0.0155934690882407,0.42652724270776
186273.411807,2646866.126422,0.0193199381761978,0.731066460587326,0,0,0.00128799587841319,0.248325605358063
180273.411807,2646366.126422,0.0242024202420242,0.141914191419142,0,0.0429042904290429,0.147781444811148,0.643197653098643
180773.411807,2646366.126422,0.0166666666666667,0.39029304029304,0,0.0336996336996337,0.102014652014652,0.457326007326007
181273.411807,2646366.126422,0.00494505494505494,0.292124542124542,0,0.214102564102564,0.100549450549451,0.388278388278388
181773.411807,2646366.126422,0.0280528052805281,0.334800146681335,0,0.033003300330033,0.0782911624495783,0.525852585258526
182273.411807,2646366.126422,0.132967032967033,0.199267399267399,0,0.0717948717948718,0.12014652014652,0.475824175824176
182773.411807,2646366.126422,0.0120879120879121,0.601831501831502,0,0.013003663003663,0.060989010989011,0.312087912087912
183273.411807,2646366.126422,0.0661899523285662,0.21965529886322,0,0.0858085808580858,0.393839383938394,0.234506784011734
183773.411807,2646366.126422,0.0148351648351648,0.0327838827838828,0.000183150183150183,0.722344322344322,0.180586080586081,0.0492673992673993
184273.411807,2646366.126422,0.0342490842490843,0.137728937728938,0.00146520146520147,0.5503663003663,0.109157509157509,0.167032967032967
184773.411807,2646366.126422,0.0412541254125413,0.521635496883022,0,0.0124679134580125,0.117711771177118,0.306930693069307
185273.411807,2646366.126422,0.0776556776556777,0.494871794871795,0,0.000549450549450549,0.0104395604395604,0.416483516483517
185773.411807,2646366.126422,0.0494505494505494,0.429120879120879,0,0.000183150183150183,0.0554945054945055,0.465750915750916
186273.411807,2646366.126422,0.0347938144329897,0.744072164948454,0,0.00206185567010309,0.00824742268041237,0.210824742268041
179773.411807,2645866.126422,0.00861910874747845,0.066385475884834,0.126352466532184,0.16412983678709,0.0977443609022556,0.536768751146158
180273.411807,2645866.126422,0.0207073483599047,0.373465273960051,0.000366501740883269,0.00623052959501558,0.0243723657687374,0.574857980575408
180773.411807,2645866.126422,0.0245916681959993,0.546522297669297,0.000183519911910442,0.0311983850247752,0.034868783262984,0.362635345935034
181273.411807,2645866.126422,0.00366770584999083,0.781221346048047,0,0.0104529616724739,0.00238400880249404,0.202273977626994
181773.411807,2645866.126422,0.0240058640278541,0.657320872274143,0,0.032618654938611,0.0683525746747297,0.217702034084662
182273.411807,2645866.126422,0.0165167920719398,0.401908607083869,0,0.0258763075793724,0.0697375665259681,0.485960726738851
182773.411807,2645866.126422,0.00293416467999266,0.423436640381441,0,0.00146708233999633,0.0066018705299835,0.565560242068586
183273.411807,2645866.126422,0.0311526479750779,0.326736301997434,0,0.122778083195895,0.129191863661352,0.39014110317024
183773.411807,2645866.126422,0.0144980730409249,0.0234905487245366,0,0.781978344650395,0.17838135437695,0.00165167920719398
184273.411807,2645866.126422,0.04401247019989,0.358518246836604,0.00385109114249037,0.253805244819366,0.0858243168897854,0.253988630111865
184773.411807,2645866.126422,0.0428807036833425,0.502657137621404,0,0.017042330951072,0.157045995968481,0.280373831775701
185273.411807,2645866.126422,0.05395485410167,0.599559552211415,0,0.00899247568361167,0.0829510001835199,0.254542117819783
185773.411807,2645866.126422,0.0342930496974143,0.435356684393912,0,0.0647350082523382,0.123418301852191,0.342196955804144
186273.411807,2645866.126422,0.0768041237113402,0.199484536082474,0,0.00592783505154639,0.0832474226804124,0.634536082474227
179773.411807,2645366.126422,0.0497156485048615,0.100715465052284,0.0130251330031187,0.0365070629242341,0.0777838928636947,0.722252797651807
180273.411807,2645366.126422,0.00879120879120879,0.405860805860806,0.0267399267399267,0.0133699633699634,0.0245421245421245,0.520695970695971
180773.411807,2645366.126422,0.127889908256881,0.440550458715596,0,0.00110091743119266,0.0313761467889908,0.399082568807339
181273.411807,2645366.126422,0.0188956154833975,0.607228031553843,0,0.000183452577508714,0.00275178866263071,0.37094111172262
181773.411807,2645366.126422,0.0615384615384615,0.397435897435897,0,0.0166666666666667,0.215201465201465,0.309157509157509
182273.411807,2645366.126422,0.00972477064220183,0.598715596330275,0,0,0.00201834862385321,0.38954128440367
182773.411807,2645366.126422,0.0291689598238855,0.0328380113740598,0,0.00183452577508714,0.0429279031370391,0.893230599889928
183273.411807,2645366.126422,0.0512820512820513,0.0987179487179487,0.0346153846153846,0.236630036630037,0.185347985347985,0.393406593406593
183773.411807,2645366.126422,0.0748623853211009,0.0495412844036697,0,0.615412844036697,0.183853211009174,0.0763302752293578
184273.411807,2645366.126422,0.0530177949000183,0.567602274811961,0.00293524124013942,0.0157769216657494,0.0895248578242524,0.271142909557879
184773.411807,2645366.126422,0.0556776556776557,0.47985347985348,0.0249084249084249,0.0536630036630037,0.109340659340659,0.276556776556777
185273.411807,2645366.126422,0.00128440366972477,0.345137614678899,0.0108256880733945,0.0154128440366972,0.0141284403669725,0.613211009174312
185773.411807,2645366.126422,0.0210970464135021,0.468170977802238,0,0.00220143093010457,0.0291689598238855,0.47936158503027
186273.411807,2645366.126422,0.00618238021638331,0.134466769706337,0,0,0.0226687274600721,0.836682122617208
179273.411807,2644866.126422,0.0043956043956044,0.0853479853479854,0.223809523809524,0.23040293040293,0.12985347985348,0.326190476190476
179773.411807,2644866.126422,0.0445054945054945,0.385347985347985,0.0133699633699634,0.0485347985347985,0.106593406593407,0.401648351648352
180273.411807,2644866.126422,0.00495049504950495,0.603593692702604,0.0066006600660066,0.00935093509350935,0.00495049504950495,0.370553722038871
180773.411807,2644866.126422,0.0258241758241758,0.640842490842491,0.0131868131868132,0.01996336996337,0.0214285714285714,0.278754578754579
181273.411807,2644866.126422,0.039010989010989,0.653113553113553,0,0.0188644688644689,0.107326007326007,0.181684981684982
181773.411807,2644866.126422,0.0438210487715438,0.541620828749542,0.0139347268060139,0.0174184085075174,0.0854418775210854,0.297763109644298
182273.411807,2644866.126422,0.0106227106227106,0.473992673992674,0,0.00860805860805861,0.0358974358974359,0.470879120879121
182773.411807,2644866.126422,0.0324175824175824,0.535897435897436,0,0.00805860805860806,0.0600732600732601,0.363553113553114
183273.411807,2644866.126422,0.0278694536120279,0.34030069673634,0,0.21965529886322,0.145214521452145,0.266960029336267
183773.411807,2644866.126422,0.0838827838827839,0.209157509157509,0,0.0805860805860806,0.222710622710623,0.403663003663004
184273.411807,2644866.126422,0.0598901098901099,0.48956043956044,0.00494505494505494,0.00183150183150183,0.0324175824175824,0.411355311355311
184773.411807,2644866.126422,0.0335533553355336,0.646864686468647,0,0.0183351668500183,0.0155848918225156,0.285661899523286
185273.411807,2644866.126422,0.0384615384615385,0.135164835164835,0,0.00805860805860806,0.0831501831501831,0.735164835164835
185773.411807,2644866.126422,0.0254578754578755,0.413919413919414,0,0.0862637362637363,0.16043956043956,0.313919413919414
186273.411807,2644866.126422,0.0190721649484536,0.132474226804124,0,0.00412371134020619,0.0435567010309278,0.800773195876289
179273.411807,2644366.126422,0.0315654248485961,0.0935951550743256,0.00789135621214902,0.133235456046981,0.309781611304827,0.423930996513122
179773.411807,2644366.126422,0.0427287731523932,0.430772052081423,0.0104529616724739,0.0177883733724555,0.0689528699798276,0.429304969741427
180273.411807,2644366.126422,0.0104452996151732,0.463258200476452,0.0287703866593366,0.0470954737035001,0.0577240241891149,0.392706615356423
180773.411807,2644366.126422,0.0225729491649844,0.653697926224995,0.00899247568361167,0.00862543585979079,0.0183519911910442,0.287759221875574
181273.411807,2644366.126422,0.0405281496423987,0.552906656886118,0,0.00898587933247754,0.0174216027874564,0.38015771135155
181773.411807,2644366.126422,0.011544804837823,0.567527945757742,0,0.0234561114165292,0.0733003481766538,0.324170789811252
182273.411807,2644366.126422,0.0372545421178198,0.397871169021839,0,0.026977427050835,0.109744907322444,0.428151954487062
182773.411807,2644366.126422,0.0309921144324225,0.569227947918577,0,0.0245736291949386,0.0893086374472767,0.285897671006785
183273.411807,2644366.126422,0.0188748396554884,0.402785413230713,0.00733003481766538,0.0152098222466557,0.0568077698369067,0.498992120212571
183773.411807,2644366.126422,0.0568911726922371,0.51458983299688,0,0.0205542301339695,0.148284088823637,0.259680675353276
184273.411807,2644366.126422,0.0405281496423987,0.40418118466899,0,0.0196222262974509,0.158628278012103,0.377040161379057
184773.411807,2644366.126422,0.0445299615173172,0.528495510353674,0,0.0756826094923951,0.17372182517867,0.177570093457944
185273.411807,2644366.126422,0.0829510001835199,0.111763626353459,0,0.234538447421545,0.328317122407781,0.242429803633694
185773.411807,2644366.126422,0.0397946084724005,0.0341096644049147,0,0.549605721621126,0.315055932514212,0.0614340729873464
186273.411807,2644366.126422,0.0827319587628866,0.0438144329896907,0,0.275257731958763,0.316752577319588,0.281443298969072
178773.411807,2643866.126422,0.0021978021978022,0.121611721611722,0.0576923076923077,0.127838827838828,0.115750915750916,0.574908424908425
179273.411807,2643866.126422,0.0106422018348624,0.305871559633028,0.00385321100917431,0.058348623853211,0.101467889908257,0.519816513761468
179773.411807,2643866.126422,0.0110071546505228,0.456246560264172,0.0909924784443221,0.106769400110072,0.0742982938910292,0.260686112639883
180273.411807,2643866.126422,0.00293040293040293,0.627838827838828,0.0205128205128205,0.0201465201465201,0.0271062271062271,0.301465201465201
180773.411807,2643866.126422,0.0484403669724771,0.649908256880734,0,0.0119266055045872,0.106788990825688,0.182935779816514
181273.411807,2643866.126422,0.0266006237387635,0.671069528526876,0,0.00807191341038342,0.0405430196294258,0.253714914694551
181773.411807,2643866.126422,0.0327838827838828,0.580586080586081,0,0.00695970695970696,0.101098901098901,0.278571428571429
182273.411807,2643866.126422,0.0519266055045872,0.548073394495413,0,0.0304587155963303,0.175045871559633,0.194495412844037
182773.411807,2643866.126422,0.00825536598789213,0.638781874885342,0,0.0121078701155751,0.0636580443955238,0.277196844615667
183273.411807,2643866.126422,0.0120879120879121,0.43992673992674,0,0.00769230769230769,0.0681318681318681,0.472161172161172
183773.411807,2643866.126422,0.0218348623853211,0.586238532110092,0.00532110091743119,0.0596330275229358,0.0548623853211009,0.272110091743119
184273.411807,2643866.126422,0.0122913226930838,0.556044762428912,0.00770500825536599,0.0190790680609063,0.0843881856540084,0.320491652907723
184773.411807,2643866.126422,0.0421245421245421,0.635164835164835,0,0.015018315018315,0.0664835164835165,0.241208791208791
185273.411807,2643866.126422,0.0765137614678899,0.0867889908256881,0,0.188623853211009,0.380183486238532,0.267889908256881
185773.411807,2643866.126422,0.0616400660429279,0.0394423041643735,0,0.506512566501559,0.331498807558246,0.060906255732893
186273.411807,2643866.126422,0.0808861411643483,0.0734157650695518,0,0.22952086553323,0.34183410613086,0.274343122102009
178773.411807,2643366.126422,0.0601393472680601,0.0815914924825816,0.00513384671800513,0.0933259992665933,0.255775577557756,0.504033736707004
179273.411807,2643366.126422,0.0168498168498168,0.442307692307692,0.05,0.0593406593406593,0.112820512820513,0.318681318681319
179773.411807,2643366.126422,0.0481684981684982,0.228021978021978,0.0432234432234432,0.0313186813186813,0.0857142857142857,0.563553113553114
180273.411807,2643366.126422,0.0254858819215255,0.485148514851485,0,0.0801246791345801,0.0795746241290796,0.32966629996333
180773.411807,2643366.126422,0.0212454212454212,0.7,0,0.00842490842490842,0.0754578754578755,0.194871794871795
181273.411807,2643366.126422,0.0148351648351648,0.808241758241758,0,0.0119047619047619,0.0236263736263736,0.141391941391941
181773.411807,2643366.126422,0.0377704437110378,0.479281261459479,0,0.0641730839750642,0.20993766043271,0.208837550421709
182273.411807,2643366.126422,0.0456043956043956,0.133516483516484,0,0.203113553113553,0.444688644688645,0.173076923076923
182773.411807,2643366.126422,0.0428571428571429,0.408608058608059,0,0.0437728937728938,0.212820512820513,0.291941391941392
183273.411807,2643366.126422,0.0243857719105244,0.570957095709571,0,0.0165016501650165,0.170517051705171,0.217638430509718
183773.411807,2643366.126422,0.0342490842490843,0.585531135531136,0,0.0452380952380952,0.0978021978021978,0.237179487179487
184273.411807,2643366.126422,0.0492673992673993,0.463186813186813,0,0.021978021978022,0.211172161172161,0.254395604395604
184773.411807,2643366.126422,0.0430876420975431,0.528786211954529,0,0.00678401173450678,0.0718738540520719,0.349468280161349
185273.411807,2643366.126422,0.136630036630037,0.0895604395604396,0,0.200549450549451,0.279304029304029,0.293956043956044
185773.411807,2643366.126422,0.100549450549451,0.284249084249084,0,0.115934065934066,0.262637362637363,0.236630036630037
186273.411807,2643366.126422,0.109536082474227,0.339948453608247,0,0.0925257731958763,0.105670103092784,0.352319587628866
178273.411807,2642866.126422,0,0.198056115899505,0.298367870896754,0.198056115899505,0.0814230698697964,0.22409682743444
178773.411807,2642866.126422,0.0172255818215137,0.228330584570277,0.00641378046545721,0.100421477002016,0.137438152831226,0.510170423309511
179273.411807,2642866.126422,0.0034868783262984,0.565608368507983,0.0295467058175812,0.0486327766562672,0.0583593319875206,0.294365938704349
179773.411807,2642866.126422,0.00825233816247937,0.38785989363653,0.0682193288098294,0.0559325142123602,0.059600220062351,0.42013570511645
180273.411807,2642866.126422,0.0133773135422393,0.7645226314825,0.00146600696353308,0.0146600696353308,0.00696353307678211,0.199010445299615
180773.411807,2642866.126422,0,0.675353275830428,0.000183519911910442,0.0304643053771334,0.0255092677555515,0.268489631124977
181273.411807,2642866.126422,0.0529983495323675,0.593068035943517,0,0.0410783055198973,0.0674857876398313,0.245369521364387
181773.411807,2642866.126422,0.0564412680960235,0.497892614989921,0,0.0295033901411032,0.0830126443100605,0.333150082462892
182273.411807,2642866.126422,0.0669847678473114,0.337126078179482,0,0.0600110111947146,0.351807671132318,0.184070471646174
182773.411807,2642866.126422,0.0333761232349166,0.784522281313039,0,0.00183385292499542,0.0377773702549056,0.142490372272144
183273.411807,2642866.126422,0.0177753344328386,0.639912039582188,0,0.0229063588052043,0.0448964632582005,0.274509803921569
183773.411807,2642866.126422,0.0310148651128647,0.599926592035236,0.00220223894292531,0.0378051018535511,0.0677188474949532,0.26133235456047
184273.411807,2642866.126422,0.0168714469099578,0.36787089675408,0,0.00256739409499358,0.0766550522648084,0.53603520997616
184773.411807,2642866.126422,0.11214953271028,0.39912039582188,0,0.00549752611324904,0.187832142202675,0.295400403151915
185273.411807,2642866.126422,0.0211047898697009,0.742154523765829,0,0.00110111947146265,0.0143145531290145,0.221325013763993
185773.411807,2642866.126422,0.0838070786722905,0.703099211443242,0,0,0.0161379057399597,0.196955804144508
