"x","y","forest","agri","water","built","other","grass"
300773.411807,2723866.126422,0.950619878125657,0.0121874343349443,0,0.00084051271275478,0.0239546123135112,0.012397562513133
301273.411807,2723866.126422,0.910874747845223,0.000733541169998166,0,0.00275077938749312,0.0280579497524299,0.057582981844856
301773.411807,2723866.126422,0.933113432288803,0,0,0.00403151914971596,0.0137438152831226,0.0491112332783581
302273.411807,2723866.126422,0.776839787116902,0.0194531106625069,0.0467975775371628,0.015782712424298,0.0280785465222977,0.113048265736832
302773.411807,2723866.126422,0.854025307170365,0.0168714469099578,0,0.000183385292499542,0.00715202640748212,0.121767834219696
303273.411807,2723866.126422,0.774967931097673,0.0296866410115448,0,0.000183250870441635,0.00274876305662452,0.192413413963716
303773.411807,2723866.126422,0.761607634428335,0,0,0,0.000183519911910442,0.238208845659754
304273.411807,2723866.126422,0.401063634696497,0.258573262424354,0,0.0502475701448744,0.0306253438474234,0.259490188886851
304773.411807,2723866.126422,0,0.431372549019608,0.0492944841487997,0.055158512002932,0.0122778083195895,0.451896646509071
305273.411807,2723866.126422,0.428702514222793,0.19911910442283,0.093778674986236,0.0959809139291613,0.145714810056891,0.0367039823820885
305773.411807,2723866.126422,0.814230698697964,0.0128369704749679,0,0.0066018705299835,0.0491472583898771,0.117183201907207
306273.411807,2723866.126422,0.717243906908558,0.0357339197361187,0,0.0117280557082646,0.0459959684808503,0.189298149166209
306773.411807,2723866.126422,0.932648192328868,0.000183519911910442,0,0.000734079647641769,0.0110111947146265,0.0554230133969536
307273.411807,2723866.126422,0.763066202090592,0.0273244085824317,0,0.00421786172748946,0.0330093526499175,0.172382174949569
307773.411807,2723866.126422,0.909107568260949,0.00164925783397471,0,0.00109950522264981,0.0236393622869709,0.0645043063954554
308273.411807,2723866.126422,0.866581024041108,0.00293631859056708,0,0.00146815929528354,0.0374380620297302,0.0915764360433107
308773.411807,2723866.126422,0.858793324775353,0.00696864111498258,0,0.000550155877498625,0.0324591967724189,0.101228681459747
309273.411807,2723866.126422,0.876122411581455,0.00934579439252336,0,0.000183250870441635,0.0403151914971596,0.0740333516584204
309773.411807,2723866.126422,0.897595889153973,0,0,0,0,0.102404110846027
310273.411807,2723866.126422,0.789290298918027,0.0152209792774619,0.0209059233449477,0.000366770584999083,0.00696864111498258,0.167247386759582
310773.411807,2723866.126422,0.87447315374748,0.0331684075499359,0.0293201392706615,0.000549752611324904,0.00678028220634048,0.0557082646142569
311273.411807,2723866.126422,0.449440264268673,0.291796659937603,0.195999265920352,0.00220223894292531,0.0104606349788952,0.0501009359515507
311773.411807,2723866.126422,0.878415551072804,0.0768384375573079,0.00146708233999633,0,0.0188886851274528,0.024390243902439
312273.411807,2723866.126422,0.554700384826828,0.144218435037566,0.115264797507788,0.000549752611324904,0.0139270661535642,0.171339563862928
312773.411807,2723866.126422,0.799229216369976,0.00532207744540283,0,0.00256927876674619,0.0433106992108644,0.14956872820701
313273.411807,2723866.126422,0.708188850360096,0.0112029874633236,0,0.00240064017071219,0.0376100293411576,0.240597492664711
300773.411807,2723366.126422,0.959857082807902,0,0,0,0,0.0401429171920975
301273.411807,2723366.126422,0.928820399926619,0,0,0,0,0.071179600073381
301773.411807,2723366.126422,0.770512820512821,0,0,0,0,0.229487179487179
302273.411807,2723366.126422,0.888073394495413,0,0,0.0036697247706422,0.0122935779816514,0.0959633027522936
302773.411807,2723366.126422,0.708310401761145,0.00843881856540084,0.0454962392221611,0.0137589433131535,0.0341221794166208,0.189873417721519
303273.411807,2723366.126422,0.534798534798535,0.0102564102564103,0.0186813186813187,0.0230769230769231,0.0336996336996337,0.379487179487179
303773.411807,2723366.126422,0.247889908256881,0.355779816513761,0,0.00899082568807339,0.0220183486238532,0.365321100917431
304273.411807,2723366.126422,0,0.767198679141442,0.00403595670519171,0.116859291873051,0.0126582278481013,0.0992478444322143
304773.411807,2723366.126422,0.0263736263736264,0.668131868131868,0.0562271062271062,0.19010989010989,0.0146520146520147,0.0445054945054945
305273.411807,2723366.126422,0.575963302752294,0.00788990825688073,0,0.00770642201834862,0.0152293577981651,0.393211009174312
305773.411807,2723366.126422,0.772518803889195,0.00752155567785727,0,0.00275178866263071,0.0108237020730141,0.206384149697303
306273.411807,2723366.126422,0.826190476190476,0.000183150183150183,0,0.00641025641025641,0.0401098901098901,0.127106227106227
306773.411807,2723366.126422,0.848807339449541,0.0036697247706422,0,0.00146788990825688,0.0172477064220183,0.128807339449541
307273.411807,2723366.126422,0.814162538983673,0.0185287103283801,0,0.00587048248027885,0.0735644835809943,0.087873784626674
307773.411807,2723366.126422,0.824358974358974,0.0117216117216117,0,0.00732600732600733,0.123443223443223,0.0331501831501832
308273.411807,2723366.126422,0.844403669724771,0.0036697247706422,0,0.00128440366972477,0.111376146788991,0.0392660550458716
308773.411807,2723366.126422,0.85598972665566,0.0262337185837461,0,0.00220143093010457,0.0420106402494955,0.0735644835809943
309273.411807,2723366.126422,0.568131868131868,0.00714285714285714,0,0.000183150183150183,0.0144688644688645,0.41007326007326
309773.411807,2723366.126422,0.168990825688073,0.177798165137615,0.0669724770642202,0.00330275229357798,0.0214678899082569,0.561467889908257
310273.411807,2723366.126422,0.535131168592919,0.0823702073014126,0.112089524857824,0.0253164556962025,0.0979636763896533,0.147128967161989
310773.411807,2723366.126422,0.870512820512821,0.0177655677655678,0.00659340659340659,0.000549450549450549,0.0102564102564103,0.0943223443223443
311273.411807,2723366.126422,0.591192660550459,0.0943119266055046,0.0629357798165138,0.00715596330275229,0.0790825688073395,0.165321100917431
311773.411807,2723366.126422,0.580810860392589,0.107870115575124,0.110438451660246,0.0462300495321959,0.10126582278481,0.0533847000550358
312273.411807,2723366.126422,0.776923076923077,0.0470695970695971,0,0.00549450549450549,0.0613553113553114,0.109157509157509
312773.411807,2723366.126422,0.661284403669725,0.0339449541284404,0.00238532110091743,0.0181651376146789,0.178899082568807,0.105321100917431
313273.411807,2723366.126422,0.767280491059514,0.018147851614625,0,0.0085401654657059,0.0381638644248732,0.167867627435282
300773.411807,2722866.126422,0.89618288590604,0,0,0,0,0.10381711409396
301273.411807,2722866.126422,0.765384615384615,0.0203296703296703,0,0,0,0.214285714285714
301773.411807,2722866.126422,0.52035203520352,0.0328199486615328,0,0.000733406674000733,0.0055005500550055,0.440594059405941
302273.411807,2722866.126422,0.61978021978022,0.078021978021978,0,0,0.00146520146520147,0.300732600732601
302773.411807,2722866.126422,0.771428571428571,0.00970695970695971,0.0043956043956044,0.0043956043956044,0.0192307692307692,0.190842490842491
303273.411807,2722866.126422,0.428126145947928,0.0795746241290796,0.0781078107810781,0.0627062706270627,0.0627062706270627,0.288778877887789
303773.411807,2722866.126422,0.00146520146520147,0.717765567765568,0.0891941391941392,0.047985347985348,0.0322344322344322,0.111355311355311
304273.411807,2722866.126422,0,0.83021978021978,0.0296703296703297,0.0998168498168498,0.00256410256410256,0.0377289377289377
304773.411807,2722866.126422,0.302713604693803,0.453061972863953,0.00421708837550422,0.0293362669600293,0.0434543454345435,0.167216721672167
305273.411807,2722866.126422,0.717582417582418,0.0021978021978022,0,0.00366300366300366,0.043956043956044,0.232600732600733
305773.411807,2722866.126422,0.510805860805861,0.0195970695970696,0.0010989010989011,0.0043956043956044,0.021978021978022,0.442124542124542
306273.411807,2722866.126422,0.665749908324166,0.00311697836450312,0,0.00275027502750275,0.0302530253025303,0.298129812981298
306773.411807,2722866.126422,0.817582417582418,0.00824175824175824,0,0.0010989010989011,0.0406593406593407,0.132417582417582
307273.411807,2722866.126422,0.764468864468864,0.0465201465201465,0,0.00531135531135531,0.0880952380952381,0.0956043956043956
307773.411807,2722866.126422,0.697653098643198,0.0205353868720205,0.0623395672900623,0.0229189585625229,0.165199853318665,0.0313531353135314
308273.411807,2722866.126422,0.89981684981685,0.0104395604395604,0,0.0021978021978022,0.0377289377289377,0.0498168498168498
308773.411807,2722866.126422,0.950915750915751,0.00402930402930403,0,0,0.0108058608058608,0.0342490842490843
309273.411807,2722866.126422,0.948661532819949,0,0,0,0,0.0513384671800513
309773.411807,2722866.126422,0.564835164835165,0.0732600732600733,0.0146520146520147,0.00769230769230769,0.0435897435897436,0.295970695970696
310273.411807,2722866.126422,0.805128205128205,0.0208791208791209,0.0254578754578755,0.00366300366300366,0.0595238095238095,0.0853479853479854
310773.411807,2722866.126422,0.818298496516318,0.0168683535020169,0.0691235790245691,0.00916758342500917,0.0401540154015402,0.0463879721305464
311273.411807,2722866.126422,0.593772893772894,0.0846153846153846,0.128937728937729,0.0108058608058608,0.120879120879121,0.060989010989011
311773.411807,2722866.126422,0.818131868131868,0.0989010989010989,0,0.00805860805860806,0.0476190476190476,0.0272893772893773
312273.411807,2722866.126422,0.746057939127246,0.230656398973231,0,0.00275027502750275,0.00495049504950495,0.0155848918225156
312773.411807,2722866.126422,0.873443223443223,0.0998168498168498,0,0,0.00128205128205128,0.0254578754578755
313273.411807,2722866.126422,0.789656091708878,0.0258597707278059,0,0,0,0.184484137563316
300773.411807,2722366.126422,0.847236814456819,0,0,0.00168102542550956,0.00126076906913217,0.14982139104854
301273.411807,2722366.126422,0.826334128002934,0,0,0,0,0.173665871997066
301773.411807,2722366.126422,0.544438336082096,0.0267546270844787,0,0.00238226131574125,0.00458127176104087,0.421843503756643
302273.411807,2722366.126422,0.405028445586346,0.0743255643237291,0,0.00110111947146265,0.00330335841438796,0.516241512204074
302773.411807,2722366.126422,0.651567944250871,0.0586832935998533,0,0.00128369704749679,0.00385109114249037,0.284613973959288
303273.411807,2722366.126422,0.0775151181968114,0.61993769470405,0.0458127176104087,0.196444933113432,0.00293201392706615,0.0573575224482316
303773.411807,2722366.126422,0.00807487612405946,0.401541567260048,0.270141310332171,0.24481556248853,0.0198201504863278,0.055606533308864
304273.411807,2722366.126422,0.0540986612873648,0.563359618558592,0.0682193288098294,0.00953603520997616,0.0434623143223913,0.261324041811847
304773.411807,2722366.126422,0.686641011544805,0.0547920102620487,0.00146600696353308,0.0089792926516401,0.0547920102620487,0.193329668315924
305273.411807,2722366.126422,0.65993760322995,0.0178014314553129,0,0,0.00422095797394017,0.318040007340796
305773.411807,2722366.126422,0.58389877131854,0.00495140289748762,0,0.000183385292499542,0.0022006235099945,0.408765816981478
306273.411807,2722366.126422,0.815466373465274,0.0104452996151732,0,0.000366501740883269,0.0489279824079164,0.124793842770753
306773.411807,2722366.126422,0.807304092494036,0.0326665443200587,0.000550559735731327,0.00238575885483575,0.0860708386859974,0.0710222059093412
307273.411807,2722366.126422,0.776453328443059,0.0100861910874748,0.00183385292499542,0.00146708233999633,0.0762882816798093,0.133871263524665
307773.411807,2722366.126422,0.811251603445116,0.00879604178119846,0,0.00109950522264981,0.023089609675646,0.155763239875389
308273.411807,2722366.126422,0.969535694622867,0.00183519911910442,0,0.000367039823820885,0.00532207744540283,0.0229399889888053
308773.411807,2722366.126422,0.729506693563176,0.0353933614524115,0.00550155877498625,0.000183385292499542,0.0273244085824317,0.202090592334495
309273.411807,2722366.126422,0.641378046545721,0.034084661902144,0.0141103170240059,0.00384826827927433,0.061205790727506,0.245372915521349
309773.411807,2722366.126422,0.719765094512755,0.0412919801798495,0,0.0102771150669848,0.132317856487429,0.0963479537529822
310273.411807,2722366.126422,0.822483036860444,0.0177883733724555,0.0214560792224464,0.00605171465248487,0.0265908674124335,0.105629928479736
310773.411807,2722366.126422,0.832325453545904,0.0181418361737218,0.0104452996151732,0.00384826827927433,0.0208905992303463,0.11434854315558
311273.411807,2722366.126422,0.810974490732244,0.00568911726922371,0.000367039823820885,0.0126628739218205,0.080932281152505,0.0893741971003854
311773.411807,2722366.126422,0.717953420135705,0.06400146708234,0.000183385292499542,0.00495140289748762,0.0150375939849624,0.197872730607005
312273.411807,2722366.126422,0.747480300531428,0.0751328568810702,0,0,0,0.177386842587502
312773.411807,2722366.126422,0.801431455312901,0.097082033400624,0,0,0,0.101486511286475
313273.411807,2722366.126422,0.787409975993598,0.00266737796745799,0,0,0,0.209922646038944
300773.411807,2721866.126422,0.679697351828499,0.010718789407314,0.00966792770071459,0.00651534258091635,0.0823875577973939,0.211013030685162
301273.411807,2721866.126422,0.742432581177766,0.000366905155017428,0,0.00293524124013942,0.00550357732526142,0.248761695101816
301773.411807,2721866.126422,0.628754578754579,0.000183150183150183,0,0.0021978021978022,0.00293040293040293,0.365934065934066
302273.411807,2721866.126422,0.331009174311927,0.263302752293578,0.00972477064220183,0.011743119266055,0.0132110091743119,0.371009174311927
302773.411807,2721866.126422,0.0185287103283801,0.702806824435883,0.0585213722252798,0.062190423775454,0.0155934690882407,0.142359200146762
303273.411807,2721866.126422,0,0.638461538461538,0.0595238095238095,0.178388278388278,0.0186813186813187,0.104945054945055
303773.411807,2721866.126422,0.296146788990826,0.147889908256881,0.218715596330275,0.0655045871559633,0.0484403669724771,0.223302752293578
304273.411807,2721866.126422,0.829756008071913,0.00183452577508714,0,0.00220143093010457,0.0537516052100532,0.112456430012842
304773.411807,2721866.126422,0.651098901098901,0.0141025641025641,0,0.000183150183150183,0.00805860805860806,0.326556776556777
305273.411807,2721866.126422,0.698532110091743,0.0372477064220183,0,0,0.0339449541284404,0.230275229357798
305773.411807,2721866.126422,0.873784626674005,0.00165107319757843,0,0,0.00697119794533113,0.117593102183086
306273.411807,2721866.126422,0.797802197802198,0.00934065934065934,0,0.00293040293040293,0.0402930402930403,0.1496336996337
306773.411807,2721866.126422,0.839633027522936,0.00935779816513761,0.00348623853211009,0.00880733944954129,0.071743119266055,0.0669724770642202
307273.411807,2721866.126422,0.813245276096129,0.0106402494955054,0,0.00183452577508714,0.0533847000550358,0.120895248578243
307773.411807,2721866.126422,0.71996336996337,0.0126373626373626,0.00842490842490842,0.00402930402930403,0.0435897435897436,0.211355311355311
308273.411807,2721866.126422,0.724036697247706,0.02,0.00036697247706422,0.00770642201834862,0.0526605504587156,0.195229357798165
308773.411807,2721866.126422,0.677306916162172,0.0368739680792515,0.00183452577508714,0.00953953403045313,0.127499541368556,0.14694551458448
309273.411807,2721866.126422,0.822344322344322,0.0166666666666667,0.0243589743589744,0.0163003663003663,0.0672161172161172,0.0531135531135531
309773.411807,2721866.126422,0.894495412844037,0.00513761467889908,0,0.00128440366972477,0.0315596330275229,0.0675229357798165
310273.411807,2721866.126422,0.939460649422124,0,0,0.000183452577508714,0.00366905155017428,0.0566868464501926
310773.411807,2721866.126422,0.686080586080586,0.0580586080586081,0.0472527472527473,0.00274725274725275,0.0283882783882784,0.177472527472527
311273.411807,2721866.126422,0.555412844036697,0.0743119266055046,0.0625688073394495,0.00587155963302752,0.0245871559633028,0.277247706422018
311773.411807,2721866.126422,0.76884975233902,0.00898917629792699,0.00550357732526142,0.00201797835259585,0.0310034855989727,0.183636030086223
312273.411807,2721866.126422,0.745787545787546,0.0010989010989011,0.000183150183150183,0.00146520146520147,0.00586080586080586,0.245604395604396
312773.411807,2721866.126422,0.564220183486238,0.0519266055045872,0.00568807339449541,0.0359633027522936,0.0807339449541284,0.261467889908257
313273.411807,2721866.126422,0.62743528155858,0.0256204963971177,0,0.00240192153722978,0.030157459300774,0.314384841206298
300773.411807,2721366.126422,0.915058724832215,0.00524328859060403,0,0,0.0285234899328859,0.0511744966442953
301273.411807,2721366.126422,0.905311355311355,0,0,0.000183150183150183,0,0.0945054945054945
301773.411807,2721366.126422,0.744957829116245,0.0115511551155116,0.000183351668500183,0.0022002200220022,0.0055005500550055,0.235606894022736
302273.411807,2721366.126422,0.0507326007326007,0.364102564102564,0.269413919413919,0.122161172161172,0.0142857142857143,0.179304029304029
302773.411807,2721366.126422,0,0.292490842490843,0.296520146520147,0.197435897435897,0.0249084249084249,0.188644688644689
303273.411807,2721366.126422,0.0242024202420242,0.53997066373304,0.0286028602860286,0.0221855518885222,0.0773744041070774,0.307664099743308
303773.411807,2721366.126422,0.635714285714286,0.0293040293040293,0.0655677655677656,0.0307692307692308,0.0412087912087912,0.197435897435897
304273.411807,2721366.126422,0.478021978021978,0.152380952380952,0.234432234432234,0.0122710622710623,0.00457875457875458,0.118315018315018
304773.411807,2721366.126422,0.844517785111844,0.000366703337000367,0,0.00055005500550055,0.0223689035570224,0.132196552988632
305273.411807,2721366.126422,0.711355311355311,0.00183150183150183,0,0.00164835164835165,0.0355311355311355,0.2496336996337
305773.411807,2721366.126422,0.855677655677656,0.00970695970695971,0,0.0021978021978022,0.0554945054945055,0.0769230769230769
306273.411807,2721366.126422,0.910891089108911,0.00898423175650898,0.000183351668500183,0.000733406674000733,0.0517051705170517,0.0275027502750275
306773.411807,2721366.126422,0.75970695970696,0.0285714285714286,0.000549450549450549,0.0032967032967033,0.0532967032967033,0.154578754578755
307273.411807,2721366.126422,0.768864468864469,0.0448717948717949,0.0188644688644689,0.00402930402930403,0.0714285714285714,0.0919413919413919
307773.411807,2721366.126422,0.959479281261459,0.0044004400440044,0,0,0.00531719838650532,0.0308030803080308
308273.411807,2721366.126422,0.946520146520146,0.017032967032967,0,0,0.00128205128205128,0.0351648351648352
308773.411807,2721366.126422,0.8996336996337,0.0305860805860806,0,0.00183150183150183,0.0159340659340659,0.052014652014652
309273.411807,2721366.126422,0.825815914924826,0.0441877521085442,0,0.0022002200220022,0.0102676934360103,0.117528419508618
309773.411807,2721366.126422,0.783333333333333,0.0267399267399267,0.00293040293040293,0.00549450549450549,0.0135531135531136,0.167948717948718
310273.411807,2721366.126422,0.645054945054945,0.0221611721611722,0.00164835164835165,0.00750915750915751,0.0738095238095238,0.24981684981685
310773.411807,2721366.126422,0.815548221488816,0.0176017601760176,0.00623395672900623,0.00605060506050605,0.0432709937660433,0.111294462779611
311273.411807,2721366.126422,0.471245421245421,0.0758241758241758,0.0736263736263736,0.00476190476190476,0.0274725274725275,0.347069597069597
311773.411807,2721366.126422,0.780586080586081,0.0276556776556777,0.00402930402930403,0.00146520146520147,0.0230769230769231,0.163186813186813
312273.411807,2721366.126422,0.798496516318299,0.000916758342500917,0,0.0033003300330033,0.0066006600660066,0.190685735240191
312773.411807,2721366.126422,0.545421245421245,0.107875457875458,0.000366300366300366,0.0534798534798535,0.130769230769231,0.162087912087912
313273.411807,2721366.126422,0.752599306851506,0.0303918954945348,0.00239936017062117,0.0111970141295654,0.0730471874166889,0.130365235937083
300773.411807,2720866.126422,0.969321285984451,0.000210128178188695,0,0,0,0.0304685858373608
301273.411807,2720866.126422,0.793691545938016,0.013203741059967,0.000183385292499542,0.000366770584999083,0,0.192554557124519
301773.411807,2720866.126422,0.0518599963349826,0.0833791460509437,0.226314824995419,0.416895730254719,0.00989554700384827,0.211654755360088
302273.411807,2720866.126422,0.000183519911910442,0.267388511653514,0.114883464855937,0.247017801431455,0.0379886217654616,0.332538080381721
302773.411807,2720866.126422,0.0674857876398313,0.307353750229232,0.0102695763799743,0.072803961122318,0.0210893086374473,0.520997615991198
303273.411807,2720866.126422,0.536925050393989,0.131390874106652,0.00183250870441635,0.00494777350192413,0.030602895363753,0.294300897929265
303773.411807,2720866.126422,0.911359882547256,0,0,0.000183519911910442,0.00385391815011929,0.0846026793907139
304273.411807,2720866.126422,0.363653035026591,0.133871263524665,0.181551439574546,0.00770218228498074,0.0273244085824317,0.285897671006785
304773.411807,2720866.126422,0.775884185449881,0.00439802089059923,0,0.00403151914971596,0.066703316840755,0.148982957669049
305273.411807,2720866.126422,0.835015599192512,0.0152321526885667,0,0.00330335841438796,0.0521196549825656,0.0943292347219673
305773.411807,2720866.126422,0.858609939482853,0.00550155877498625,0.00495140289748762,0.00568494406748579,0.0739042728773152,0.0513478818998716
306273.411807,2720866.126422,0.933479934029687,0.00109950522264981,0.000183250870441635,0.00201575957485798,0.0219901044529962,0.0412314458493678
306773.411807,2720866.126422,0.870251422279317,0.0146815929528354,0.000734079647641769,0.00146815929528354,0.0425766195632226,0.0702881262616994
307273.411807,2720866.126422,0.838070786722905,0.0295250320924262,0.0166880616174583,0.00330093526499175,0.0801393728222996,0.0322758114799193
307773.411807,2720866.126422,0.909657320872274,0.0131940626717977,0,0.00109950522264981,0.0452629649990837,0.0307861462341946
308273.411807,2720866.126422,0.917599559552211,0.00146815929528354,0,0,0.00899247568361167,0.0719398054688934
308773.411807,2720866.126422,0.708784155510728,0.0330093526499175,0.00238400880249404,0.00623509994498441,0.0687694846873281,0.180817898404548
309273.411807,2720866.126422,0.765622136705149,0.0177753344328386,0.00109950522264981,0.00366501740883269,0.0808136338647609,0.131024372365769
309773.411807,2720866.126422,0.593136355294549,0.106074509084236,0.00275279867865663,0.00256927876674619,0.0932281152505047,0.202238942925307
310273.411807,2720866.126422,0.817164863377957,0.0379607555474051,0.00605171465248487,0.00513478818998716,0.0957271226847607,0.0379607555474051
310773.411807,2720866.126422,0.972695620304196,0.00109950522264981,0,0,0.000549752611324904,0.0256551218618288
311273.411807,2720866.126422,0.75518443751147,0.0561570930445953,0.0607450908423564,0.00403743806202973,0.0335841438796109,0.0902917966599376
311773.411807,2720866.126422,0.868696130570328,0.0201723821749496,0.0022006235099945,0.00476801760498808,0.072803961122318,0.0313588850174216
312273.411807,2720866.126422,0.851383544071834,0.0850284038849184,0.000183250870441635,0.000733003481766538,0.00989554700384827,0.0527762506871908
312773.411807,2720866.126422,0.766746191961828,0.0691870067902367,0.00367039823820885,0.00330335841438796,0.119838502477519,0.0372545421178198
313273.411807,2720866.126422,0.865564150440117,0.0160042678047479,0.00213390237396639,0.00320085356094959,0.055748199519872,0.0573486263003468
300773.411807,2720366.126422,0.752627154266499,0.00819672131147541,0,0,0,0.239176124422026
301273.411807,2720366.126422,0.346908824068978,0.417904971564851,0.0387084938543387,0.0443955237571088,0.00953953403045313,0.142542652724271
301773.411807,2720366.126422,0,0.533699633699634,0.0597069597069597,0.21007326007326,0.00421245421245421,0.192307692307692
302273.411807,2720366.126422,0.340733944954128,0.158165137614679,0.0244036697247706,0.0721100917431193,0.0500917431192661,0.354495412844037
302773.411807,2720366.126422,0.887910475142176,0.00165107319757843,0.000183452577508714,0.001284168042561,0.00825536598789213,0.100715465052284
303273.411807,2720366.126422,0.91025641025641,0.000366300366300366,0,0.000915750915750916,0.0183150183150183,0.0701465201465201
303773.411807,2720366.126422,0.869908256880734,0.00275229357798165,0,0.00036697247706422,0.00954128440366972,0.11743119266055
304273.411807,2720366.126422,0.549990827371125,0.0561364887176665,0.0177949000183453,0.00183452577508714,0.0157769216657494,0.358466336452027
304773.411807,2720366.126422,0.683882783882784,0.034981684981685,0.00586080586080586,0.000732600732600733,0.0142857142857143,0.26025641025641
305273.411807,2720366.126422,0.831559633027523,0.00073394495412844,0,0.0055045871559633,0.0245871559633028,0.137614678899083
305773.411807,2720366.126422,0.949550541185104,0,0,0,0.00550357732526142,0.0449458814896349
306273.411807,2720366.126422,0.826373626373626,0.00622710622710623,0.00146520146520147,0.00293040293040293,0.0245421245421245,0.138461538461538
306773.411807,2720366.126422,0.647889908256881,0.0638532110091743,0.024954128440367,0.00605504587155963,0.0895412844036697,0.167706422018349
307273.411807,2720366.126422,0.937626123647037,0.00550357732526142,0,0.00110071546505228,0.0266006237387635,0.0291689598238855
307773.411807,2720366.126422,0.96043956043956,0,0,0,0.00146520146520147,0.0380952380952381
308273.411807,2720366.126422,0.725321100917431,0.0623853211009174,0.0154128440366972,0.00422018348623853,0.0708256880733945,0.121834862385321
308773.411807,2720366.126422,0.742982938910292,0.0365070629242341,0.0126582278481013,0.0108237020730141,0.143826820766832,0.0532012474775271
309273.411807,2720366.126422,0.890842490842491,0.00952380952380952,0.00641025641025641,0.00183150183150183,0.0749084249084249,0.0164835164835165
309773.411807,2720366.126422,0.920183486238532,0.0179816513761468,0,0.00073394495412844,0.0381651376146789,0.0229357798165138
310273.411807,2720366.126422,0.971931755641167,0.00495321959273528,0,0,0,0.023115024766098
310773.411807,2720366.126422,0.962454212454212,0,0,0,0.000183150183150183,0.0373626373626374
311273.411807,2720366.126422,0.702568807339449,0.0812844036697248,0.0310091743119266,0.00128440366972477,0.024954128440367,0.158899082568807
311773.411807,2720366.126422,0.797835259585397,0.0203632361034673,0,0.00568702990277013,0.0284351495138507,0.147679324894515
312273.411807,2720366.126422,0.868131868131868,0.060989010989011,0.0021978021978022,0.00238095238095238,0.0331501831501832,0.0331501831501832
312773.411807,2720366.126422,0.699082568807339,0.103853211009174,0.0928440366972477,0.00201834862385321,0.0805504587155963,0.021651376146789
313273.411807,2720366.126422,0.955164131305044,0.00960768614891913,0,0.000533760341606619,0.0202828929810515,0.0144115292233787
300773.411807,2719866.126422,0.14869966442953,0.227768456375839,0.368917785234899,0.0864093959731544,0.0243288590604027,0.143875838926175
301273.411807,2719866.126422,0,0.507875457875458,0.126190476190476,0.191758241758242,0.019047619047619,0.155128205128205
301773.411807,2719866.126422,0.0991932526585992,0.444261092775944,0.124129079574624,0.180968096809681,0.0845251191785845,0.0669233590025669
302273.411807,2719866.126422,0.734798534798535,0.00476190476190476,0,0.000366300366300366,0.026007326007326,0.234065934065934
302773.411807,2719866.126422,0.881501831501831,0.00531135531135531,0,0.000183150183150183,0.0192307692307692,0.0937728937728938
303273.411807,2719866.126422,0.885405207187385,0.0121012101210121,0,0.00146681334800147,0.0511551155115512,0.0498716538320499
303773.411807,2719866.126422,0.858791208791209,0.00402930402930403,0,0.000549450549450549,0.0225274725274725,0.114102564102564
304273.411807,2719866.126422,0.847985347985348,0,0,0.000183150183150183,0.0043956043956044,0.147435897435897
304773.411807,2719866.126422,0.536120278694536,0.10964429776311,0.0425375870920425,0.00348368170150348,0.024019068573524,0.284195086175284
305273.411807,2719866.126422,0.687179487179487,0.0183150183150183,0.0010989010989011,0.000366300366300366,0.00769230769230769,0.285347985347985
305773.411807,2719866.126422,0.945787545787546,0,0,0,0,0.0542124542124542
306273.411807,2719866.126422,0.753208654198753,0.00623395672900623,0.000183351668500183,0.00055005500550055,0.0196186285295196,0.22020535386872
306773.411807,2719866.126422,0.648534798534799,0.0619047619047619,0.0249084249084249,0.00421245421245421,0.0695970695970696,0.190842490842491
307273.411807,2719866.126422,0.836630036630037,0.0492673992673993,0.00128205128205128,0.00659340659340659,0.0706959706959707,0.0355311355311355
307773.411807,2719866.126422,0.848734873487349,0.00935093509350935,0.000366703337000367,0.000366703337000367,0.0232856618995233,0.117895122845618
308273.411807,2719866.126422,0.749267399267399,0.0335164835164835,0.000183150183150183,0.00311355311355311,0.0787545787545788,0.135164835164835
308773.411807,2719866.126422,0.937912087912088,0.000549450549450549,0,0.000183150183150183,0.017032967032967,0.0443223443223443
309273.411807,2719866.126422,0.912907957462413,0.0251191785845251,0,0,0,0.061972863953062
309773.411807,2719866.126422,0.92967032967033,0.0408424908424908,0,0,0,0.0294871794871795
310273.411807,2719866.126422,0.846886446886447,0.0236263736263736,0.0406593406593407,0.00366300366300366,0.0146520146520147,0.0705128205128205
310773.411807,2719866.126422,0.719288595526219,0.0297029702970297,0.026952695269527,0.0146681334800147,0.102860286028603,0.106527319398607
311273.411807,2719866.126422,0.605677655677656,0.0470695970695971,0.0628205128205128,0.00750915750915751,0.0481684981684982,0.228754578754579
311773.411807,2719866.126422,0.713003663003663,0.0267399267399267,0.00531135531135531,0.0234432234432234,0.115384615384615,0.116117216117216
312273.411807,2719866.126422,0.921708837550422,0.026035936927026,0.00183351668500183,0.00128346167950128,0.0221855518885222,0.026952695269527
312773.411807,2719866.126422,0.970879120879121,0.0100732600732601,0,0.00183150183150183,0.00201465201465201,0.0152014652014652
313273.411807,2719866.126422,0.922154092242069,0.0543854972007465,0,0.000266595574513463,0.000266595574513463,0.0229272194081578
300773.411807,2719366.126422,0,0.58289556629544,0.0893044757301954,0.0571548644673251,0.0378230720739651,0.232822021433074
301273.411807,2719366.126422,0.189253621859527,0.530350265908674,0.0280579497524299,0.00385109114249037,0.0355767467449111,0.212910324591968
301773.411807,2719366.126422,0.665567161444017,0.0487447315374748,0.0146600696353308,0.00274876305662452,0.0822796408282939,0.185999633498259
302273.411807,2719366.126422,0.774270508350156,0.00770783630023858,0,0.000917599559552211,0.0304643053771334,0.18663975041292
302773.411807,2719366.126422,0.875481386392811,0.0121034293049697,0.00330093526499175,0.000733541169998166,0.0515312671923712,0.0568494406748579
303273.411807,2719366.126422,0.903426791277259,0.00348176653839106,0,0,0.0373831775700935,0.0557082646142569
303773.411807,2719366.126422,0.932281152505047,0,0,0,0,0.0677188474949532
304273.411807,2719366.126422,0.754997249220613,0.00990280579497524,0,0.0022006235099945,0.0113698881349716,0.221529433339446
304773.411807,2719366.126422,0.576690489279824,0.0287703866593366,0.000916254352208173,0.0159428257284222,0.0542422576507238,0.323437786329485
305273.411807,2719366.126422,0.600110111947146,0.0394567810607451,0.0640484492567444,0.0306478252890439,0.085887318774087,0.179849513672233
305773.411807,2719366.126422,0.709884467265725,0.0137538969374656,0.0097194205024757,0.00586832935998533,0.0405281496423987,0.220245736291949
306273.411807,2719366.126422,0.87447315374748,0.00439802089059923,0.000733003481766538,0.00293201392706615,0.034084661902144,0.0833791460509437
306773.411807,2719366.126422,0.976509451275463,0.000734079647641769,0,0,0.00238575885483575,0.0203707102220591
307273.411807,2719366.126422,0.869796442325325,0,0,0,0,0.130203557674674
307773.411807,2719366.126422,0.917537108301264,0,0,0.000183250870441635,0.000733003481766538,0.0815466373465274
308273.411807,2719366.126422,0.898513488713525,0.000734079647641769,0.000367039823820885,0.00201871903101487,0.0102771150669848,0.0880895577170123
308773.411807,2719366.126422,0.69998166147075,0.0346598202824134,0.00366770584999083,0.00678525582248304,0.0794058316523015,0.175499724922061
309273.411807,2719366.126422,0.328385559831409,0.0894264247755177,0.0298698918819864,0.0249221183800623,0.189298149166209,0.338097855964816
309773.411807,2719366.126422,0.704532941824188,0.0438612589465957,0.00679023674068636,0.0132134336575518,0.0849697192145348,0.146632409616443
310273.411807,2719366.126422,0.574912891986063,0.0342930496974143,0.0861910874747845,0.0223730056849441,0.0836236933797909,0.198606271777003
310773.411807,2719366.126422,0.94282572842221,0.00604727872457394,0,0,0.0124610591900312,0.0386659336631849
311273.411807,2719366.126422,0.573683244632043,0.101302991374564,0.0113782345384474,0.00587263718113415,0.0310148651128647,0.276748027160947
311773.411807,2719366.126422,0.631028791490922,0.146158078122135,0.0130203557674674,0.011186502842472,0.1199339812947,0.0786722904823033
312273.411807,2719366.126422,0.757375847535276,0.0491112332783581,0.0104452996151732,0.00989554700384827,0.140736668499175,0.0324354040681693
312773.411807,2719366.126422,0.824187924389796,0.0082583960359699,0,0,0,0.167553679574234
313273.411807,2719366.126422,0.956255001333689,0.0104027740730862,0,0.000533475593491598,0.00346759135769539,0.0293411576420379
300773.411807,2718866.126422,0.280159730979403,0.430643127364439,0.102984447246742,0.0426649852879361,0.0544346364018495,0.0891130727196301
301273.411807,2718866.126422,0.844615666850119,0.00403595670519171,0.000183452577508714,0.00146762062006971,0.0214639515685195,0.128233351678591
301773.411807,2718866.126422,0.810805860805861,0.00494505494505494,0,0.00146520146520147,0.0327838827838828,0.15
302273.411807,2718866.126422,0.808073394495413,0.0139449541284404,0,0.00018348623853211,0.0827522935779817,0.095045871559633
302773.411807,2718866.126422,0.806457530728307,0.0168776371308017,0,0.002568336085122,0.112272977435333,0.0618235186204366
303273.411807,2718866.126422,0.911538461538462,0.00164835164835165,0,0,0.010989010989011,0.0758241758241758
303773.411807,2718866.126422,0.819816513761468,0.0322935779816514,0.00238532110091743,0.00165137614678899,0.0394495412844037,0.104403669724771
304273.411807,2718866.126422,0.807741698770868,0.0106402494955054,0,0.0139423958906623,0.0744817464685379,0.0931939093744267
304773.411807,2718866.126422,0.646153846153846,0.0236263736263736,0.00805860805860806,0.00293040293040293,0.0254578754578755,0.293772893772894
305273.411807,2718866.126422,0.808073394495413,0.0100917431192661,0,0.00440366972477064,0.0253211009174312,0.152110091743119
305773.411807,2718866.126422,0.672353696569437,0.0344890845716382,0.0207301412584847,0.00807191341038342,0.0409099247844432,0.223445239405614
306273.411807,2718866.126422,0.80018315018315,0.00164835164835165,0,0.00128205128205128,0.00512820512820513,0.191758241758242
306773.411807,2718866.126422,0.947522935779816,0.00036697247706422,0,0,0.0108256880733945,0.0412844036697248
307273.411807,2718866.126422,0.749587231700605,0.0144927536231884,0.00293524124013942,0.00513667217024399,0.0317372959090075,0.196110805356815
307773.411807,2718866.126422,0.656776556776557,0.0697802197802198,0.00494505494505494,0.00494505494505494,0.0476190476190476,0.215934065934066
308273.411807,2718866.126422,0.820917431192661,0.0392660550458716,0.0157798165137615,0.0036697247706422,0.0596330275229358,0.0607339449541284
308773.411807,2718866.126422,0.785727389469822,0.0258668134287287,0.00403595670519171,0.0187121629058888,0.075032104201064,0.0906255732893047
309273.411807,2718866.126422,0.860622710622711,0.0272893772893773,0.00641025641025641,0.00531135531135531,0.0371794871794872,0.0631868131868132
309773.411807,2718866.126422,0.867706422018349,0.00055045871559633,0,0.00036697247706422,0.00862385321100917,0.122752293577982
310273.411807,2718866.126422,0.650889745000917,0.0170610897083104,0.00807191341038342,0.010273344340488,0.0493487433498441,0.264355164190057
310773.411807,2718866.126422,0.872527472527473,0.0117216117216117,0.00256410256410256,0.0021978021978022,0.0765567765567766,0.0344322344322344
311273.411807,2718866.126422,0.529908256880734,0.0794495412844037,0.0724770642201835,0.0218348623853211,0.113577981651376,0.182752293577982
311773.411807,2718866.126422,0.700055035773253,0.0370574206567602,0.0768666299761512,0.0100898917629793,0.140524674371675,0.0354063474591818
312273.411807,2718866.126422,0.794139194139194,0.0622710622710623,0.00311355311355311,0.00183150183150183,0.0551282051282051,0.0835164835164835
312773.411807,2718866.126422,0.759266055045872,0.0354128440366972,0.0108256880733945,0.00403669724770642,0.0212844036697248,0.169174311926606
313273.411807,2718866.126422,0.492660795302909,0.100880704563651,0.0202828929810515,0.0226848145182813,0.136642647451294,0.226848145182813
300773.411807,2718366.126422,0.603397651006711,0.112206375838926,0.0857802013422819,0.0167785234899329,0.0251677852348993,0.156669463087248
301273.411807,2718366.126422,0.483882783882784,0.141758241758242,0.181868131868132,0.00457875457875458,0.00824175824175824,0.17967032967033
301773.411807,2718366.126422,0.784561789512285,0,0,0,0,0.215438210487715
302273.411807,2718366.126422,0.81959706959707,0.000366300366300366,0,0.000732600732600733,0.0177655677655678,0.161538461538462
302773.411807,2718366.126422,0.810989010989011,0.00421245421245421,0,0.00476190476190476,0.060989010989011,0.119047619047619
303273.411807,2718366.126422,0.93967730106344,0,0,0.000366703337000367,0.0121012101210121,0.0478547854785479
303773.411807,2718366.126422,0.910622710622711,0.0166666666666667,0.000366300366300366,0.00146520146520147,0.0553113553113553,0.0155677655677656
304273.411807,2718366.126422,0.87032967032967,0.010989010989011,0,0.0043956043956044,0.0435897435897436,0.0706959706959707
304773.411807,2718366.126422,0.374954162082875,0.0540887422075541,0.0438210487715438,0.0115511551155116,0.0788412174550788,0.436743674367437
305273.411807,2718366.126422,0.824358974358974,0.032051282051282,0.000366300366300366,0.00567765567765568,0.0496336996336996,0.0879120879120879
305773.411807,2718366.126422,0.882234432234432,0.00512820512820513,0,0.000549450549450549,0.0265567765567766,0.0855311355311355
306273.411807,2718366.126422,0.68958562522919,0.0328199486615328,0.0124679134580125,0.00696736340300697,0.0405207187385405,0.217638430509718
306773.411807,2718366.126422,0.655494505494505,0.0380952380952381,0.0456043956043956,0.0254578754578755,0.117216117216117,0.118131868131868
307273.411807,2718366.126422,0.558241758241758,0.142490842490842,0.0142857142857143,0.017032967032967,0.16025641025641,0.107692307692308
307773.411807,2718366.126422,0.547854785478548,0.0762742940960763,0.150715071507151,0.0209020902090209,0.17986798679868,0.0243857719105244
308273.411807,2718366.126422,0.755128205128205,0.0415750915750916,0.11025641025641,0.00897435897435897,0.0747252747252747,0.00934065934065934
308773.411807,2718366.126422,0.959157509157509,0,0,0.000732600732600733,0.00238095238095238,0.0377289377289377
309273.411807,2718366.126422,0.87953795379538,0.00165016501650165,0,0.0011001100110011,0.0113678034470114,0.106343967730106
309773.411807,2718366.126422,0.549450549450549,0.045970695970696,0.0467032967032967,0.00915750915750916,0.043956043956044,0.304761904761905
310273.411807,2718366.126422,0.514102564102564,0.0562271062271062,0.0732600732600733,0.0135531135531136,0.0587912087912088,0.284065934065934
310773.411807,2718366.126422,0.828382838283828,0.0251191785845251,0.0210854418775211,0.00421708837550422,0.0430876420975431,0.0781078107810781
311273.411807,2718366.126422,0.904761904761905,0.0043956043956044,0.00183150183150183,0.0021978021978022,0.0545787545787546,0.0322344322344322
311773.411807,2718366.126422,0.785897435897436,0.0195970695970696,0.00897435897435897,0.00531135531135531,0.0827838827838828,0.0974358974358974
