"x","y","forest","agri","water","built","other","grass"
237273.411807,2585366.126422,0.896221094190637,0.0490693739424704,0,0,0,0.0547095318668923
237773.411807,2585366.126422,0.893394495412844,0.0537614678899083,0,0,0.00036697247706422,0.0524770642201835
238273.411807,2585366.126422,0.829389102916896,0.0150431113557145,0.00421940928270042,0.001284168042561,0.0124747752705926,0.137589433131535
238773.411807,2585366.126422,0.928021978021978,0.0113553113553114,0,0,0,0.0606227106227106
239273.411807,2585366.126422,0.913761467889908,0.00220183486238532,0,0,0,0.0840366972477064
239773.411807,2585366.126422,0.397725188038892,0,0,0,0,0.602274811961108
240273.411807,2585366.126422,0.926739926739927,0,0,0,0,0.0732600732600733
240773.411807,2585366.126422,0.932660550458716,0,0,0,0,0.0673394495412844
241273.411807,2585366.126422,0.6547422491286,0.0135754907356448,0,0.0330214639515685,0.0893414052467437,0.209319390937443
241773.411807,2585366.126422,0.61007326007326,0.0906593406593407,0.00641025641025641,0.0172161172161172,0.00787545787545788,0.267765567765568
242273.411807,2585366.126422,0.635045871559633,0.241467889908257,0.0132110091743119,0.00348623853211009,0.00275229357798165,0.104036697247706
242773.411807,2585366.126422,0.822601357549074,0.142359200146762,0,0,0,0.0350394423041644
243273.411807,2585366.126422,0.458241758241758,0.128937728937729,0.167765567765568,0.093040293040293,0.0157509157509158,0.136263736263736
243773.411807,2585366.126422,0.777798165137615,0.0990825688073395,0.0895412844036697,0,0.00128440366972477,0.0322935779816514
244273.411807,2585366.126422,0.888460832874702,0.00348559897266557,0,0.00275178866263071,0.0122913226930838,0.093010456796918
244773.411807,2585366.126422,0.991208791208791,0,0,0,0,0.00879120879120879
245273.411807,2585366.126422,0.959266055045872,0.00697247706422018,0,0,0,0.0337614678899083
245773.411807,2585366.126422,0.827738029719318,0.0941111722619703,0,0,0.001284168042561,0.0768666299761512
246273.411807,2585366.126422,0.851465201465201,0.0194139194139194,0,0,0,0.129120879120879
246773.411807,2585366.126422,0.964036697247706,0.00018348623853211,0,0,0,0.0357798165137615
247273.411807,2585366.126422,0.864245092643552,0.0774169877086773,0.001284168042561,0.00238488350761328,0.00642084021280499,0.0482480278847918
247773.411807,2585366.126422,0.857509157509157,0.0245421245421245,0,0,0.000549450549450549,0.117399267399267
248273.411807,2585366.126422,0.832110091743119,0.0234862385321101,0,0,0,0.144403669724771
248773.411807,2585366.126422,0.338470005503577,0.0229315721885892,0,0,0.00642084021280499,0.632177582095028
249273.411807,2585366.126422,0.808241758241758,0.00659340659340659,0,0,0.000183150183150183,0.184981684981685
249773.411807,2585366.126422,0.939332096474954,0.00612244897959184,0,0,0.00500927643784787,0.0495361781076067
237273.411807,2584866.126422,0.896532280800677,0.0764025937411897,0,0,0,0.0270651254581336
237773.411807,2584866.126422,0.995238095238095,0.00476190476190476,0,0,0,0
238273.411807,2584866.126422,0.718131868131868,0.026007326007326,0.00586080586080586,0.0115384615384615,0.0401098901098901,0.198351648351648
238773.411807,2584866.126422,0.836266960029336,0.0126512651265127,0,0.00146681334800147,0.0104510451045105,0.139163916391639
239273.411807,2584866.126422,0.8996336996337,0.0100732600732601,0,0,0.00238095238095238,0.0879120879120879
239773.411807,2584866.126422,0.671978021978022,0.00659340659340659,0,0,0,0.321428571428571
240273.411807,2584866.126422,0.745507884121746,0.0022002200220022,0,0,0,0.252291895856252
240773.411807,2584866.126422,0.837545787545788,0.00256410256410256,0,0,0.0032967032967033,0.156593406593407
241273.411807,2584866.126422,0.842857142857143,0.00714285714285714,0.00183150183150183,0.00256410256410256,0.00421245421245421,0.141391941391941
241773.411807,2584866.126422,0.581774844151082,0.0194352768610194,0.0271360469380271,0.0977264393105977,0.0218188485515218,0.252108544187752
242273.411807,2584866.126422,0.83956043956044,0.0531135531135531,0,0,0.0113553113553114,0.095970695970696
242773.411807,2584866.126422,0.772344322344322,0.218131868131868,0,0,0,0.00952380952380952
243273.411807,2584866.126422,0.929409607627429,0.0212687935460213,0.0011001100110011,0.000916758342500917,0.00128346167950128,0.046021268793546
243773.411807,2584866.126422,0.976923076923077,0,0,0,0,0.0230769230769231
244273.411807,2584866.126422,0.971428571428571,0.00256410256410256,0,0,0,0.026007326007326
244773.411807,2584866.126422,0.835166850018335,0.0122845617895123,0.000366703337000367,0.00201686835350202,0.0119178584525119,0.138247158049138
245273.411807,2584866.126422,0.983150183150183,0,0,0,0,0.0168498168498168
245773.411807,2584866.126422,0.765018315018315,0,0,0,0,0.234981684981685
246273.411807,2584866.126422,0.496516318298497,0,0,0.000183351668500183,0.000733406674000733,0.502566923359003
246773.411807,2584866.126422,0.858608058608059,0.00164835164835165,0,0,0,0.13974358974359
247273.411807,2584866.126422,0.870512820512821,0.106227106227106,0,0,0,0.0232600732600733
247773.411807,2584866.126422,0.832233223322332,0.0210854418775211,0,0,0.00403373670700403,0.142647598093143
248273.411807,2584866.126422,0.801282051282051,0.0210622710622711,0,0,0.00128205128205128,0.176373626373626
248773.411807,2584866.126422,0.382600732600733,0.00384615384615385,0,0.00677655677655678,0.0152014652014652,0.591575091575092
249273.411807,2584866.126422,0.609094242757609,0.118261826182618,0.015951595159516,0.0425375870920425,0.041987532086542,0.172167216721672
249773.411807,2584866.126422,0.828269729529455,0.0385327899221934,0,0,0,0.133197480548351
237273.411807,2584366.126422,0.950338600451467,0.0457110609480813,0,0,0,0.00395033860045147
237773.411807,2584366.126422,0.986970086254359,0.00807487612405946,0,0,0,0.00495503762158194
238273.411807,2584366.126422,0.917293233082707,0.0242068586099395,0.000183385292499542,0,0.00128369704749679,0.0570328259673574
238773.411807,2584366.126422,0.728788711746381,0.13340663368151,0.00641378046545721,0.000549752611324904,0.0348176653839106,0.0960234561114165
239273.411807,2584366.126422,0.856670948797945,0.0467975775371628,0,0,0,0.0965314736648926
239773.411807,2584366.126422,0.450210893086374,0.0597836053548505,0.0196222262974509,0.059600220062351,0.0447460113698881,0.366037043829085
240273.411807,2584366.126422,0.44731537474803,0.0397654388858347,0.00183250870441635,0.0452629649990837,0.0238226131574125,0.442001099505223
240773.411807,2584366.126422,0.661405762525234,0.0216553496054322,0.00293631859056708,0.02073775004588,0.022389429253074,0.270875389979813
241273.411807,2584366.126422,0.799009719420502,0.0152209792774619,0.0022006235099945,0.0106363469649734,0.0183385292499542,0.154593801577114
241773.411807,2584366.126422,0.549019607843137,0.102620487447315,0.0386659336631849,0.0439802089059923,0.0459959684808503,0.21971779365952
242273.411807,2584366.126422,0.948063864929345,0.015782712424298,0,0,0,0.0361534226463571
242773.411807,2584366.126422,0.958188153310105,0.0212726939299468,0,0,0,0.0205391527599487
243273.411807,2584366.126422,0.889133223382811,0.015026571376214,0,0,0,0.0958402052409749
243773.411807,2584366.126422,0.872086621398422,0.0117452743622683,0,0,0,0.11616810423931
244273.411807,2584366.126422,0.938932697597653,0.000366770584999083,0,0,0,0.0607005318173482
244773.411807,2584366.126422,0.96188381894814,0.000916254352208173,0,0.000549752611324904,0.00329851566794942,0.0333516584203775
245273.411807,2584366.126422,0.708937419710039,0.0704716461736098,0.00605615709304459,0.00991007524316388,0.0423930996513122,0.162231602128831
245773.411807,2584366.126422,0.813680542820466,0.00586832935998533,0,0,0.0053181734824867,0.175132954337062
246273.411807,2584366.126422,0.839105735752245,0.0296866410115448,0,0,0,0.13120762323621
246773.411807,2584366.126422,0.635345935033951,0.0315654248485961,0,0.000367039823820885,0.00679023674068636,0.325931363552945
247273.411807,2584366.126422,0.507610489638731,0.129286631212177,0,0,0.000183385292499542,0.362919493856593
247773.411807,2584366.126422,0.851566794942276,0.0417811984606927,0,0,0,0.106652006597031
248273.411807,2584366.126422,0.816480088089558,0.136355294549459,0,0,0,0.0471646173609837
248773.411807,2584366.126422,0.309554373739226,0.0121034293049697,0,0.000550155877498625,0.00843572345497891,0.669356317623327
249273.411807,2584366.126422,0.357155946490746,0.0359171706065604,0.000366501740883269,0.0260216236027121,0.0344511636430273,0.546087593916071
249773.411807,2584366.126422,0.851363889404342,0.0205975134533309,0,0.00185563184264242,0.0256077194284654,0.100575245871219
237273.411807,2583866.126422,0.901579244218838,0.00451212633953751,0,0,0,0.0939086294416244
237773.411807,2583866.126422,0.733577981651376,0.00220183486238532,0,0,0,0.264220183486239
238273.411807,2583866.126422,0.720601724454229,0.073747936158503,0,0,0.000550357732526142,0.205099981654742
238773.411807,2583866.126422,0.651465201465201,0.235347985347985,0.0926739926739927,0.000366300366300366,0,0.0201465201465201
239273.411807,2583866.126422,0.643853211009174,0.0572477064220183,0,0,0.00623853211009174,0.292660550458716
239773.411807,2583866.126422,0.785543936892313,0.0324711062190424,0.0293524124013942,0.00678774536782242,0.0442120711796001,0.101632727939828
240273.411807,2583866.126422,0.781684981684982,0.00915750915750916,0.00274725274725275,0.0131868131868132,0.0117216117216117,0.181501831501831
240773.411807,2583866.126422,0.789174311926605,0.00807339449541284,0,0,0,0.202752293577982
241273.411807,2583866.126422,0.689965144010273,0.0293524124013942,0,0.00642084021280499,0.029535864978903,0.244725738396624
241773.411807,2583866.126422,0.281135531135531,0.371062271062271,0.138827838827839,0.0155677655677656,0.0338827838827839,0.15952380952381
242273.411807,2583866.126422,0.675596330275229,0.211376146788991,0.00110091743119266,0,0.000917431192660551,0.111009174311927
242773.411807,2583866.126422,0.94716565767749,0.0148596587782058,0,0,0,0.0379746835443038
243273.411807,2583866.126422,0.925641025641026,0.0216117216117216,0,0,0,0.0527472527472527
243773.411807,2583866.126422,0.658532110091743,0.00036697247706422,0,0.00018348623853211,0,0.340917431192661
244273.411807,2583866.126422,0.837644468904788,0.00201797835259585,0,0,0,0.160337552742616
244773.411807,2583866.126422,0.953113553113553,0,0,0,0.00128205128205128,0.0456043956043956
245273.411807,2583866.126422,0.81651376146789,0.0944954128440367,0.00055045871559633,0,0.0165137614678899,0.0719266055045872
245773.411807,2583866.126422,0.852871032838011,0.0528343423225096,0,0,0.00238488350761328,0.0919097413318657
246273.411807,2583866.126422,0.888461538461538,0.0142857142857143,0,0.00164835164835165,0.0108058608058608,0.0847985347985348
246773.411807,2583866.126422,0.649908256880734,0.0526605504587156,0,0,0,0.29743119266055
247273.411807,2583866.126422,0.63052650889745,0.0275178866263071,0,0.000366905155017428,0.00201797835259585,0.33957072096863
247773.411807,2583866.126422,0.783699633699634,0.144139194139194,0.0010989010989011,0.000549450549450549,0.00293040293040293,0.0675824175824176
248273.411807,2583866.126422,0.648623853211009,0.280183486238532,0.00385321100917431,0.00165137614678899,0.00110091743119266,0.0645871559633028
248773.411807,2583866.126422,0.213171895065126,0.0194459732159237,0,0.00403595670519171,0.0742982938910292,0.68904788112273
249273.411807,2583866.126422,0.449084249084249,0.0183150183150183,0,0.0144688644688645,0.0247252747252747,0.493406593406593
249773.411807,2583866.126422,0.502040816326531,0.0343228200371058,0,0.0276437847866419,0.0315398886827458,0.404452690166976
237273.411807,2583366.126422,0.972934874541866,0.0163518466309557,0,0,0,0.0107132788271779
237773.411807,2583366.126422,0.899267399267399,0.0102564102564103,0,0,0,0.0904761904761905
238273.411807,2583366.126422,0.687912087912088,0.0115384615384615,0,0,0,0.300549450549451
238773.411807,2583366.126422,0.716538320498717,0.00898423175650898,0.000733406674000733,0,0,0.273744041070774
239273.411807,2583366.126422,0.870512820512821,0,0,0,0,0.129487179487179
239773.411807,2583366.126422,0.891758241758242,0,0,0,0,0.108241758241758
240273.411807,2583366.126422,0.883388338833883,0,0,0,0,0.116611661166117
240773.411807,2583366.126422,0.724358974358974,0.0326007326007326,0,0,0,0.243040293040293
241273.411807,2583366.126422,0.688827838827839,0.161538461538462,0.00201465201465201,0.0032967032967033,0.000366300366300366,0.143956043956044
241773.411807,2583366.126422,0.374954162082875,0.465713237990466,0.0889255592225889,0,0.0033003300330033,0.0671067106710671
242273.411807,2583366.126422,0.811355311355311,0.153846153846154,0,0,0.000183150183150183,0.0346153846153846
242773.411807,2583366.126422,0.912820512820513,0.0518315018315018,0,0,0,0.0353479853479853
243273.411807,2583366.126422,0.837183718371837,0.00256692335900257,0,0,0,0.16024935826916
243773.411807,2583366.126422,0.662454212454212,0,0,0,0,0.337545787545788
244273.411807,2583366.126422,0.755677655677656,0.000732600732600733,0,0,0,0.243589743589744
244773.411807,2583366.126422,0.785845251191786,0.000183351668500183,0,0,0,0.213971397139714
245273.411807,2583366.126422,0.845421245421245,0.00183150183150183,0,0.0032967032967033,0.0179487179487179,0.131501831501832
245773.411807,2583366.126422,0.844871794871795,0.00531135531135531,0,0.00128205128205128,0.00842490842490842,0.14010989010989
246273.411807,2583366.126422,0.885221855518885,0.0392372570590392,0,0,0,0.0755408874220755
246773.411807,2583366.126422,0.773076923076923,0.0357142857142857,0,0.00164835164835165,0.00695970695970696,0.182600732600733
247273.411807,2583366.126422,0.488095238095238,0.0714285714285714,0,0.000366300366300366,0.0435897435897436,0.396520146520146
247773.411807,2583366.126422,0.140630729739641,0.00916758342500917,0,0.000183351668500183,0.0711404473780711,0.778877887788779
248273.411807,2583366.126422,0.0556776556776557,0.0888278388278388,0,0.00622710622710623,0.0840659340659341,0.765201465201465
248773.411807,2583366.126422,0.260805860805861,0.00366300366300366,0,0.0100732600732601,0.056043956043956,0.669413919413919
249273.411807,2583366.126422,0.416391639163916,0.00146681334800147,0,0.00275027502750275,0.0165016501650165,0.562889622295563
249773.411807,2583366.126422,0.559651722860319,0,0,0,0.000741015190811412,0.43960726194887
237273.411807,2582866.126422,0.802200902934537,0.112584650112867,0,0,0.00620767494356659,0.0790067720090293
237773.411807,2582866.126422,0.887685813910809,0.0447788585061479,0,0,0,0.0675353275830428
238273.411807,2582866.126422,0.750596002200624,0,0,0,0,0.249403997799376
238773.411807,2582866.126422,0.875389408099688,0.000733003481766538,0,0.00164925783397471,0.0175920835623969,0.104636247022173
239273.411807,2582866.126422,0.9543035419343,0,0,0,0,0.0456964580657001
239773.411807,2582866.126422,0.877865395195305,0.0165046763249587,0,0,0.000916926462497708,0.104713002017238
240273.411807,2582866.126422,0.833058457027671,0.000916254352208173,0,0,0,0.166025288620121
240773.411807,2582866.126422,0.581391080932281,0.019086070838686,0.00734079647641769,0.0220223894292531,0.0216553496054322,0.34850431271793
241273.411807,2582866.126422,0.702915826150743,0.0394278378874014,0.000550155877498625,0.00293416467999266,0.037593984962406,0.216578030441959
241773.411807,2582866.126422,0.864577606743632,0.0386659336631849,0,0,0,0.0967564595931831
242273.411807,2582866.126422,0.937419710038539,0.000183519911910442,0,0,0,0.0623967700495504
242773.411807,2582866.126422,0.927562809462681,0,0,0,0,0.0724371905373189
243273.411807,2582866.126422,0.745098039215686,0,0,0,0,0.254901960784314
243773.411807,2582866.126422,0.736832446320426,0.00165167920719398,0,0,0,0.26151587447238
244273.411807,2582866.126422,0.486887951586283,0.00128369704749679,0,0,0,0.51182835136622
244773.411807,2582866.126422,0.297782664467656,0.00733003481766538,0,0.223749312809236,0.0595565328935312,0.411581455011911
245273.411807,2582866.126422,0.569645806570013,0.0154156726004772,0.00422095797394017,0.149018168471279,0.100201871903101,0.161497522481189
245773.411807,2582866.126422,0.827067669172932,0.0053181734824867,0.000550155877498625,0.00128369704749679,0.00696864111498258,0.158811663304603
246273.411807,2582866.126422,0.768187648891332,0.00164925783397471,0,0.000916254352208173,0.0269378779549203,0.202308960967565
246773.411807,2582866.126422,0.895760690034869,0.000550559735731327,0,0,0.00403743806202973,0.0996513121673702
247273.411807,2582866.126422,0.542637080506143,0.0159545204474601,0.00623509994498441,0.00715202640748212,0.0359435173299101,0.39207775536402
247773.411807,2582866.126422,0.158328752061572,0,0,0.000183250870441635,0.00769653655854865,0.833791460509437
248273.411807,2582866.126422,0.525233987887686,0,0,0,0.00642319691686548,0.468342815195449
248773.411807,2582866.126422,0.470383275261324,0,0,0.000183385292499542,0.0161379057399597,0.513295433706217
249273.411807,2582866.126422,0.327835807220084,0.00366501740883269,0,0.00348176653839106,0.00769653655854865,0.657320872274143
249773.411807,2582866.126422,0.625162367786231,0.00371126368528484,0,0,0.00167006865837818,0.369456299870106
237273.411807,2582366.126422,0.908065425831923,0.0592216582064298,0,0,0,0.0327129159616469
237773.411807,2582366.126422,0.952293577981651,0.00788990825688073,0,0,0,0.0398165137614679
238273.411807,2582366.126422,0.873784626674005,0,0,0,0,0.126215373325995
238773.411807,2582366.126422,0.857875457875458,0,0,0,0.000915750915750916,0.141208791208791
239273.411807,2582366.126422,0.95045871559633,0.00165137614678899,0,0,0.00513761467889908,0.0427522935779817
239773.411807,2582366.126422,0.517152815997065,0.0157769216657494,0.000366905155017428,0.226747385800771,0.066042927903137,0.173913043478261
240273.411807,2582366.126422,0.454212454212454,0,0,0,0,0.545787545787546
240773.411807,2582366.126422,0.628990825688073,0.0251376146788991,0.00623853211009174,0.0291743119266055,0.0231192660550459,0.287339449541284
241273.411807,2582366.126422,0.256099798202165,0.214822968262704,0.0897083104017612,0.0438451660245826,0.0920931939093744,0.303430563199413
241773.411807,2582366.126422,0.605677655677656,0.00714285714285714,0,0,0.0331501831501832,0.354029304029304
242273.411807,2582366.126422,0.837247706422018,0.00055045871559633,0,0,0,0.162201834862385
242773.411807,2582366.126422,0.944230416437351,0,0,0,0,0.0557695835626491
243273.411807,2582366.126422,0.929304029304029,0.0217948717948718,0,0,0,0.0489010989010989
243773.411807,2582366.126422,0.872110091743119,0.0144954128440367,0,0,0,0.113394495412844
244273.411807,2582366.126422,0.661713447073931,0,0,0,0,0.338286552926069
244773.411807,2582366.126422,0.825824175824176,0.00750915750915751,0,0,0.00421245421245421,0.162454212454212
245273.411807,2582366.126422,0.638532110091743,0.0172477064220183,0.00018348623853211,0.0965137614678899,0.0710091743119266,0.17651376146789
245773.411807,2582366.126422,0.771968446156668,0.01284168042561,0.000366905155017428,0.00165107319757843,0.0535681526325445,0.159603742432581
246273.411807,2582366.126422,0.834432234432234,0.0263736263736264,0,0,0.000366300366300366,0.138827838827839
246773.411807,2582366.126422,0.84,0.0128440366972477,0,0.0242201834862385,0.0113761467889908,0.111559633027523
247273.411807,2582366.126422,0.532746285085305,0.0210970464135021,0.00165107319757843,0.0460465969546872,0.0594386351128233,0.339020363236103
247773.411807,2582366.126422,0.0935897435897436,0.000183150183150183,0,0,0.00347985347985348,0.902747252747253
248273.411807,2582366.126422,0.615045871559633,0.00018348623853211,0,0,0.00018348623853211,0.384587155963303
248773.411807,2582366.126422,0.365804439552376,0,0,0,0.000550357732526142,0.633645202715098
249273.411807,2582366.126422,0.379487179487179,0,0,0,0.000366300366300366,0.62014652014652
249773.411807,2582366.126422,0.61948051948052,0.00890538033395176,0,0.00445269016697588,0.0103896103896104,0.356771799628943
237273.411807,2581866.126422,0.89314914011841,0.000845785170566676,0,0,0,0.106005074711023
237773.411807,2581866.126422,0.878021978021978,0.00384615384615385,0,0,0.00476190476190476,0.113369963369963
238273.411807,2581866.126422,0.887728937728938,0.00311355311355311,0,0.000183150183150183,0.00989010989010989,0.0990842490842491
238773.411807,2581866.126422,0.633296662999633,0.0320865419875321,0,0.000183351668500183,0.0634396773010634,0.270993766043271
239273.411807,2581866.126422,0.9,0.000915750915750916,0,0,0,0.0990842490842491
239773.411807,2581866.126422,0.485164835164835,0.0210622710622711,0.00512820512820513,0.15,0.0728937728937729,0.265750915750916
240273.411807,2581866.126422,0.640814081408141,0.13953061972864,0.000366703337000367,0.0163182984965163,0.0254858819215255,0.177484415108177
240773.411807,2581866.126422,0.530952380952381,0.179487179487179,0.00750915750915751,0.0252747252747253,0.00714285714285714,0.2496336996337
241273.411807,2581866.126422,0.566300366300366,0.136080586080586,0.0261904761904762,0.0435897435897436,0.0183150183150183,0.20952380952381
241773.411807,2581866.126422,0.373487348734873,0.0407040704070407,0.0421708837550422,0.157865786578658,0.07004033736707,0.315731573157316
242273.411807,2581866.126422,0.534065934065934,0.0122710622710623,0.145238095238095,0.167582417582418,0.0265567765567766,0.114285714285714
242773.411807,2581866.126422,0.823809523809524,0.00970695970695971,0.0305860805860806,0.0208791208791209,0.0217948717948718,0.0932234432234432
243273.411807,2581866.126422,0.865603226989366,0,0,0,0,0.134396773010634
243773.411807,2581866.126422,0.904945054945055,0,0,0,0,0.0950549450549451
244273.411807,2581866.126422,0.934065934065934,0.000732600732600733,0,0,0.000549450549450549,0.0646520146520147
244773.411807,2581866.126422,0.925009167583425,0.000366703337000367,0,0.000733406674000733,0.00623395672900623,0.0676567656765677
245273.411807,2581866.126422,0.783699633699634,0.00146520146520147,0,0.0366300366300366,0.017032967032967,0.161172161172161
245773.411807,2581866.126422,0.586080586080586,0.0727106227106227,0.0241758241758242,0.0428571428571429,0.0743589743589744,0.19981684981685
246273.411807,2581866.126422,0.787862119545288,0.121378804547121,0.0390539053905391,0.00238357169050238,0,0.0493215988265493
246773.411807,2581866.126422,0.693956043956044,0.119230769230769,0.0419413919413919,0.0152014652014652,0.00128205128205128,0.128388278388278
247273.411807,2581866.126422,0.4503663003663,0.105494505494505,0.133882783882784,0.0622710622710623,0.0591575091575092,0.188827838827839
247773.411807,2581866.126422,0.0951595159515952,0.000733406674000733,0.000366703337000367,0.000183351668500183,0.0117345067840117,0.891822515584892
248273.411807,2581866.126422,0.484798534798535,0.00274725274725275,0,0.0124542124542125,0.0197802197802198,0.48021978021978
248773.411807,2581866.126422,0.703113553113553,0.00824175824175824,0,0.0106227106227106,0.0282051282051282,0.24981684981685
249273.411807,2581866.126422,0.556288962229556,0,0,0,0,0.443711037770444
249773.411807,2581866.126422,0.713782882549092,0.00518710633567988,0,0.00351982215635421,0.0103742126713598,0.267135976287514
237273.411807,2581366.126422,0.863431151241535,0,0,0,0,0.136568848758465
237773.411807,2581366.126422,0.686180950633144,0.0262433474031932,0,0.000550559735731327,0.0666177280234905,0.220407414204441
238273.411807,2581366.126422,0.924445259490189,0.00935264991747662,0,0,0,0.0662020905923345
238773.411807,2581366.126422,0.995052226498076,0,0,0,0,0.00494777350192413
239273.411807,2581366.126422,0.992842723435493,0.000734079647641769,0,0,0,0.00642319691686548
239773.411807,2581366.126422,0.900238400880249,0.0258573262424354,0,0,0,0.0739042728773152
240273.411807,2581366.126422,0.82627817482133,0.0949239508887667,0,0,0,0.0787978742899029
240773.411807,2581366.126422,0.616259864195265,0.0346852633510736,0,0.098733712607818,0.103321710405579,0.146999449440264
241273.411807,2581366.126422,0.16779754263708,0.0247570144874381,0,0.532734274711168,0.129470016504676,0.145241151659637
241773.411807,2581366.126422,0.0734835990470955,0.230712845886018,0.162177020340847,0.19736118746564,0.102803738317757,0.233461608942642
242273.411807,2581366.126422,0.0537713341897596,0.164250321159846,0.118920902917967,0.395118370343182,0.120756102037071,0.147182969352175
242773.411807,2581366.126422,0.562626077388593,0.0159545204474601,0.000366770584999083,0.00183385292499542,0.0801393728222996,0.339079405831652
243273.411807,2581366.126422,0.763239875389408,0.042147700201576,0.000366501740883269,0.000733003481766538,0.0351841671247938,0.158328752061572
243773.411807,2581366.126422,0.92512387594054,0.0570746926041475,0,0,0,0.0178014314553129
244273.411807,2581366.126422,0.997799376490005,0,0,0,0,0.0022006235099945
244773.411807,2581366.126422,0.984423676012461,0,0,0,0,0.0155763239875389
245273.411807,2581366.126422,0.280051385575335,0.025325747843641,0.0115617544503579,0.408515323912645,0.0950633143696091,0.179482473848413
245773.411807,2581366.126422,0.856225930680359,0.00385109114249037,0,0.00146708233999633,0.0148542086924629,0.123601687144691
246273.411807,2581366.126422,0.824995418728239,0.00604727872457394,0,0.00678028220634048,0.0128275609309144,0.149349459409932
246773.411807,2581366.126422,0.765278032666544,0.0317489447605065,0.019086070838686,0.011194714626537,0.030280785465223,0.142411451642503
247273.411807,2581366.126422,0.699248120300752,0.0075187969924812,0.0216394645149459,0.0993948285347515,0.0425453878598936,0.129653401797176
247773.411807,2581366.126422,0.350375664284405,0.00458127176104087,0,0.0205240974894631,0.0304196444933113,0.594099321971779
248273.411807,2581366.126422,0.169021838869517,0,0,0,0.000917599559552211,0.83006056157093
248773.411807,2581366.126422,0.750229231615624,0.000183385292499542,0,0,0.000916926462497708,0.248670456629378
249273.411807,2581366.126422,0.754260582737768,0.00146600696353308,0,0,0.000733003481766538,0.243540406816932
249773.411807,2581366.126422,0.856559658563741,0,0,0,0,0.143440341436259
237273.411807,2580866.126422,0.269317540891145,0.0324309080654258,0.000282007896221094,0.029892836999436,0.110265087422448,0.557811618725324
237773.411807,2580866.126422,0.482752293577982,0.0502752293577982,0.0543119266055046,0.00477064220183486,0.124036697247706,0.283853211009174
238273.411807,2580866.126422,0.666116308934141,0.0262337185837461,0.00201797835259585,0.00091726288754357,0.0583379196477711,0.246376811594203
238773.411807,2580866.126422,0.940659340659341,0,0,0,0,0.0593406593406593
239273.411807,2580866.126422,0.946422018348624,0.0036697247706422,0,0,0,0.0499082568807339
239773.411807,2580866.126422,0.941295175197212,0.00201797835259585,0,0,0,0.0566868464501926
240273.411807,2580866.126422,0.764468864468864,0.00293040293040293,0,0.000732600732600733,0.0124542124542125,0.219413919413919
240773.411807,2580866.126422,0.218899082568807,0.0484403669724771,0,0.0735779816513761,0.297614678899083,0.361467889908257
241273.411807,2580866.126422,0.398825903503944,0.0357732526141992,0.0785177031737296,0.253531462117043,0.0726472206934507,0.160704457897633
241773.411807,2580866.126422,0.580769230769231,0.060989010989011,0,0.137545787545788,0.019047619047619,0.201648351648352
242273.411807,2580866.126422,0.0730275229357798,0.204770642201835,0.188807339449541,0.260366972477064,0.138899082568807,0.134128440366972
242773.411807,2580866.126422,0.421757475692533,0.328013208585581,0.0401761144744084,0.0163272793982755,0.00862227114290956,0.185103650706292
243273.411807,2580866.126422,0.696886446886447,0.144139194139194,0.0815018315018315,0.000366300366300366,0.00494505494505494,0.0721611721611722
243773.411807,2580866.126422,0.963669724770642,0.0176146788990826,0,0,0,0.0187155963302752
244273.411807,2580866.126422,0.801871216290589,0.0165107319757843,0,0.111172261970281,0.0262337185837461,0.0442120711796001
244773.411807,2580866.126422,0.89981684981685,0.00146520146520147,0,0.0391941391941392,0.0157509157509158,0.0437728937728938
245273.411807,2580866.126422,0.731192660550459,0.013394495412844,0,0.00605504587155963,0.0308256880733945,0.218532110091743
245773.411807,2580866.126422,0.694551458447991,0.0638414969730325,0.0288020546688681,0.0715465052283985,0.0440286186020914,0.0972298660796184
246273.411807,2580866.126422,0.716849816849817,0.151648351648352,0.0175824175824176,0.0624542124542125,0.00934065934065934,0.0421245421245421
246773.411807,2580866.126422,0.43394495412844,0.0689908256880734,0.0411009174311927,0.287339449541284,0.0636697247706422,0.104954128440367
247273.411807,2580866.126422,0.598972665565951,0.0150431113557145,0.0143093010456797,0.087873784626674,0.0887910475142176,0.195010089891763
247773.411807,2580866.126422,0.533150183150183,0.0119047619047619,0.00421245421245421,0.11959706959707,0.110805860805861,0.22032967032967
248273.411807,2580866.126422,0.731559633027523,0.00513761467889908,0.00018348623853211,0.00201834862385321,0.00954128440366972,0.251559633027523
248773.411807,2580866.126422,0.810676940011007,0.000550357732526142,0,0,0,0.188772702256467
249273.411807,2580866.126422,0.888644688644689,0.0223443223443223,0,0,0.000183150183150183,0.0888278388278388
249773.411807,2580866.126422,0.841187384044527,0.0126159554730983,0,0,0.00686456400742115,0.139332096474954
237273.411807,2580366.126422,0.528615731604173,0.0200169157034113,0,0.00986749365661122,0.062588102621934,0.378911756413871
237773.411807,2580366.126422,0.341025641025641,0.0358974358974359,0.076007326007326,0.130952380952381,0.122344322344322,0.293772893772894
238273.411807,2580366.126422,0.738278388278388,0.00128205128205128,0,0,0.00164835164835165,0.258791208791209
238773.411807,2580366.126422,0.843050971763843,0.00055005500550055,0,0,0,0.156398973230656
239273.411807,2580366.126422,0.756776556776557,0.0294871794871795,0,0,0.00604395604395604,0.207692307692308
239773.411807,2580366.126422,0.863186813186813,0,0,0,0,0.136813186813187
240273.411807,2580366.126422,0.797946461312798,0,0,0,0,0.202053538687202
240773.411807,2580366.126422,0.494322344322344,0.0283882783882784,0,0.0575091575091575,0.16996336996337,0.24981684981685
241273.411807,2580366.126422,0.551098901098901,0.0124542124542125,0,0.0501831501831502,0.165201465201465,0.221062271062271
241773.411807,2580366.126422,0.0935093509350935,0.0628896222955629,0.0610561056105611,0.394939493949395,0.109277594426109,0.278327832783278
242273.411807,2580366.126422,0.442857142857143,0.131501831501832,0.189377289377289,0.181501831501831,0.01996336996337,0.0347985347985348
242773.411807,2580366.126422,0.626190476190476,0.262820512820513,0.0415750915750916,0.0148351648351648,0.00824175824175824,0.0463369963369963
243273.411807,2580366.126422,0.838833883388339,0.147964796479648,0,0,0,0.0132013201320132
243773.411807,2580366.126422,0.911355311355311,0.0626373626373626,0,0,0,0.026007326007326
244273.411807,2580366.126422,0.963003663003663,0.000366300366300366,0,0,0.000183150183150183,0.0364468864468864
244773.411807,2580366.126422,0.529336266960029,0.0507884121745508,0.000733406674000733,0.264026402640264,0.0412541254125413,0.113861386138614
245273.411807,2580366.126422,0.161172161172161,0.0214285714285714,0.00695970695970696,0.64029304029304,0.0655677655677656,0.104578754578755
245773.411807,2580366.126422,0.931684981684982,0.00842490842490842,0,0,0,0.0598901098901099
246273.411807,2580366.126422,0.400806747341401,0.0733406674000733,0.0324532453245325,0.273560689402274,0.0610561056105611,0.158782544921159
246773.411807,2580366.126422,0.178937728937729,0.0465201465201465,0.101282051282051,0.454578754578755,0.056043956043956,0.162637362637363
247273.411807,2580366.126422,0.786996336996337,0.0100732600732601,0.000732600732600733,0.00860805860805861,0.0362637362637363,0.157326007326007
247773.411807,2580366.126422,0.817381738173817,0.00623395672900623,0,0.00385038503850385,0.0207187385405207,0.151815181518152
248273.411807,2580366.126422,0.851648351648352,0.00531135531135531,0,0.0441391941391941,0.0344322344322344,0.0644688644688645
248773.411807,2580366.126422,0.863919413919414,0.0111721611721612,0,0.0606227106227106,0.0119047619047619,0.0523809523809524
249273.411807,2580366.126422,0.957829116244958,0.00055005500550055,0.000183351668500183,0.00128346167950128,0.00733406674000733,0.0328199486615328
249773.411807,2580366.126422,0.87532419414598,0.0135235272323083,0,0.0226009633197481,0.0229714709151538,0.0655798443868099
237273.411807,2579866.126422,0.409424379232506,0.00733634311512415,0,0.00197516930022573,0.111738148984199,0.469525959367946
237773.411807,2579866.126422,0.191961827858323,0.0236740686364471,0.0113782345384474,0.184988071205726,0.289777940906588,0.298219856854469
238273.411807,2579866.126422,0.756831102145608,0.00385109114249037,0,0.00165046763249587,0.015587749862461,0.222079589216945
238773.411807,2579866.126422,0.860546087593916,0,0,0,0,0.139453912406084
239273.411807,2579866.126422,0.583409799963296,0.0196366305744173,0,0.0275279867865663,0.0827674802716095,0.286658102404111
239773.411807,2579866.126422,0.536585365853659,0.0397946084724005,0.000183385292499542,0.00458463231248854,0.0834403080872914,0.335411699981661
240273.411807,2579866.126422,0.866226864577607,0,0,0,0.00128275609309144,0.132490379329302
240773.411807,2579866.126422,0.633143696091026,0.0165167920719398,0,0.0256927876674619,0.0636814094329235,0.260965314736649
241273.411807,2579866.126422,0.421786172748946,0.0629011553273428,0.00330093526499175,0.256922794791858,0.0740876581698148,0.181001283697047
241773.411807,2579866.126422,0.129924867143119,0.0747663551401869,0.0965732087227414,0.668315924500641,0,0.0304196444933113
242273.411807,2579866.126422,0.865479904569646,0.0890071572765645,0,0,0,0.0455129381537897
242773.411807,2579866.126422,0.954703832752613,0.035209976159912,0,0,0,0.0100861910874748
243273.411807,2579866.126422,0.977093641194796,0.0142935678944475,0,0,0,0.00861279091075683
243773.411807,2579866.126422,0.98329968801615,0,0,0,0,0.0167003119838502
244273.411807,2579866.126422,0.979644232532551,0,0,0,0,0.0203557674674491
244773.411807,2579866.126422,0.941542972329119,0,0,0,0,0.0584570276708814
245273.411807,2579866.126422,0.445586346118554,0.00734079647641769,0.00568911726922371,0.290879060378051,0.0455129381537897,0.204991741603964
245773.411807,2579866.126422,0.74014304052815,0.0309921144324225,0.00385109114249037,0.0706033376123235,0.0150375939849624,0.139372822299652
246273.411807,2579866.126422,0.161810518599963,0.0282206340480117,0.127542605827378,0.426424775517684,0.0720175920835624,0.183983873923401
246773.411807,2579866.126422,0.577720682694072,0.04147550009176,0.131216737015966,0.0765278032666544,0.038172141677372,0.134887135254175
247273.411807,2579866.126422,0.799743260590501,0,0,0,0.000733541169998166,0.199523198239501
247773.411807,2579866.126422,0.763056624518966,0.0102620487447315,0,0.00641378046545721,0.00934579439252336,0.210921751878321
248273.411807,2579866.126422,0.86327766562672,0.00220223894292531,0,0.0781794824738484,0.0212883097816113,0.0350523031748945
248773.411807,2579866.126422,0.770401613790574,0.0324591967724189,0.00183385292499542,0.059600220062351,0.0306253438474234,0.105079772602237
249273.411807,2579866.126422,0.908191313908741,0.0181418361737218,0.00128275609309144,0.00824628916987356,0.0289536375297783,0.0351841671247938
249773.411807,2579866.126422,0.745964000742253,0.0339580627203563,0.00278344776396363,0.0246799035071442,0.0488031174614956,0.143811467804788
237273.411807,2579366.126422,0.854483925549915,0.000846023688663283,0,0,0.00451212633953751,0.140157924421884
237773.411807,2579366.126422,0.610275229357798,0.000917431192660551,0,0,0.00917431192660551,0.379633027522936
238273.411807,2579366.126422,0.0557695835626491,0.0407264722069345,0.513850669601908,0.142726105301779,0.119977985690699,0.12694918363603
238773.411807,2579366.126422,0.921978021978022,0.00128205128205128,0.0043956043956044,0.00384615384615385,0.00860805860805861,0.0598901098901099
239273.411807,2579366.126422,0.935963302752294,0,0,0,0,0.0640366972477064
239773.411807,2579366.126422,0.551458447991194,0.0396257567418822,0.0223812144560631,0.0121078701155751,0.0493487433498441,0.325077967345441
240273.411807,2579366.126422,0.967582417582418,0,0,0,0,0.0324175824175824
240773.411807,2579366.126422,0.827889908256881,0.00293577981651376,0,0.00036697247706422,0.0124770642201835,0.156330275229358
241273.411807,2579366.126422,0.183269124931205,0.0643918547055586,0.085305448541552,0.433865345808109,0.122362869198312,0.110805356815263
241773.411807,2579366.126422,0.855860805860806,0.0717948717948718,0.0144688644688645,0.00586080586080586,0.00183150183150183,0.0501831501831502
242273.411807,2579366.126422,0.909724770642202,0.0822018348623853,0,0,0,0.00807339449541284
242773.411807,2579366.126422,0.985323793799303,0.0113740598055403,0,0,0,0.00330214639515685
243273.411807,2579366.126422,0.784065934065934,0,0,0,0.00128205128205128,0.214652014652015
243773.411807,2579366.126422,0.876880733944954,0.00201834862385321,0.00036697247706422,0.0146788990825688,0.0510091743119266,0.055045871559633
244273.411807,2579366.126422,0.957989359750504,0.00091726288754357,0,0,0.00440286186020914,0.0366905155017428
244773.411807,2579366.126422,0.597985347985348,0.00824175824175824,0.0384615384615385,0.253663003663004,0.0379120879120879,0.0637362637362637
245273.411807,2579366.126422,0.61743119266055,0.0985321100917431,0.053394495412844,0.201100917431193,0.00220183486238532,0.0273394495412844
245773.411807,2579366.126422,0.808292056503394,0.0559530361401578,0.0407264722069345,0.0810860392588516,0,0.0139423958906623
246273.411807,2579366.126422,0.643223443223443,0.112637362637363,0.0175824175824176,0.190659340659341,0.00421245421245421,0.0316849816849817
246773.411807,2579366.126422,0.524954128440367,0.285137614678899,0.00532110091743119,0.0519266055045872,0.0135779816513761,0.119082568807339
247273.411807,2579366.126422,0.6547422491286,0.093010456796918,0.00458631443771785,0.0640249495505412,0.0304531278664465,0.153182902219776
247773.411807,2579366.126422,0.800915750915751,0.0391941391941392,0.00146520146520147,0.00952380952380952,0.0142857142857143,0.134615384615385
248273.411807,2579366.126422,0.814311926605505,0.00825688073394495,0,0.0689908256880734,0.0289908256880734,0.0794495412844037
248773.411807,2579366.126422,0.549440469638598,0.0511832691249312,0.00972298660796184,0.220143093010457,0.0544854155200881,0.115024766097964
249273.411807,2579366.126422,0.876373626373626,0.0153846153846154,0.00238095238095238,0.0227106227106227,0.00641025641025641,0.0767399267399267
249773.411807,2579366.126422,0.859183673469388,0.00630797773654916,0.000371057513914657,0.00408163265306122,0.0142857142857143,0.115769944341373
237273.411807,2578866.126422,0.847758669297998,0,0,0,0,0.152241330702002
237773.411807,2578866.126422,0.636996336996337,0.00622710622710623,0,0.010989010989011,0.021978021978022,0.323809523809524
238273.411807,2578866.126422,0.371978021978022,0.0340659340659341,0.0408424908424908,0.0401098901098901,0.157875457875458,0.355128205128205
238773.411807,2578866.126422,0.926109277594426,0.000733406674000733,0,0,0.00421708837550422,0.0689402273560689
239273.411807,2578866.126422,0.973809523809524,0,0,0,0,0.0261904761904762
239773.411807,2578866.126422,0.66996336996337,0.017032967032967,0.000915750915750916,0.00238095238095238,0.0304029304029304,0.279304029304029
240273.411807,2578866.126422,0.670517051705171,0.0359369270260359,0.000733406674000733,0.0157682434910158,0.0551888522185552,0.221855518885222
240773.411807,2578866.126422,0.851098901098901,0.0139194139194139,0,0.0324175824175824,0.0141025641025641,0.0884615384615385
241273.411807,2578866.126422,0.252014652014652,0.0426739926739927,0.0913919413919414,0.534249084249084,0.0256410256410256,0.054029304029304
241773.411807,2578866.126422,0.921525485881922,0.0451045104510451,0,0,0,0.0333700036670334
242273.411807,2578866.126422,0.967216117216117,0.0203296703296703,0,0,0,0.0124542124542125
242773.411807,2578866.126422,0.722893772893773,0.0142857142857143,0,0,0.00695970695970696,0.255860805860806
243273.411807,2578866.126422,0.706270627062706,0.0418041804180418,0.0011001100110011,0.0099009900990099,0.00311697836450312,0.237807114044738
