"x","y","forest","agri","water","built","other","grass"
160773.411807,2558366.126422,0.0112570356472795,0.120075046904315,0.000938086303939962,0.0272045028142589,0.114446529080675,0.726078799249531
161273.411807,2558366.126422,0.114384205578189,0.188028831087433,0,0.0144155437167032,0.107176433719837,0.575994985897838
161773.411807,2558366.126422,0.0262910798122066,0.116431924882629,0.0557120500782473,0.108920187793427,0.208763693270736,0.483881064162754
162273.411807,2558366.126422,0.0228267667292058,0.0584740462789243,0.153220762976861,0.138524077548468,0.299249530956848,0.327704815509694
162773.411807,2558366.126422,0.0244437480413663,0.399561266060796,0.00877467878408023,0.0354120965214666,0.0739580068943905,0.4578502036979
163273.411807,2558366.126422,0.0303599374021909,0.482003129890454,0,0.000625978090766823,0.0331768388106416,0.453834115805947
163773.411807,2558366.126422,0.0637898686679174,0.371169480925578,0.00437773608505316,0.0350218886804253,0.0781738586616635,0.447467166979362
164273.411807,2558366.126422,0.0842995926041993,0.0911939830774052,0,0.29520526480727,0.20369790034472,0.325603259166406
164773.411807,2558366.126422,0.070735524256651,0.176525821596244,0.000938967136150235,0.0926447574334898,0.103286384976526,0.555868544600939
165273.411807,2558366.126422,0.0250156347717323,0.475609756097561,0,0,0.025328330206379,0.474046278924328
165773.411807,2558366.126422,0.0645565653400188,0.261673456596678,0,0.00595424631776872,0.0347853337511752,0.633030397994359
166273.411807,2558366.126422,0.0788732394366197,0.273865414710485,0,0.0287949921752739,0.100782472613459,0.517683881064163
166773.411807,2558366.126422,0.0984990619136961,0.166979362101313,0,0.212632895559725,0.190431519699812,0.331457160725453
167273.411807,2558366.126422,0.0883735506110937,0.267314321529301,0,0.0821059229081793,0.147289251018489,0.414916953932936
167773.411807,2558366.126422,0.0732394366197183,0.249765258215962,0,0.0794992175273865,0.125195618153365,0.472300469483568
168273.411807,2558366.126422,0.0612883051907442,0.075984990619137,0,0.533458411507192,0.174484052532833,0.154784240150094
168773.411807,2558366.126422,0.0545283610153557,0.0727044813538076,0,0.353180821059229,0.209965528047634,0.309620808523974
169273.411807,2558366.126422,0.0131455399061033,0.400312989045383,0,0.000938967136150235,0.0118935837245696,0.573708920187793
169773.411807,2558366.126422,0.0287679799874922,0.189180737961226,0,0.117260787992495,0.0859912445278299,0.578799249530957
170273.411807,2558366.126422,0.0457536822312755,0.414603572547791,0,0.0141021623315575,0.0432466311501097,0.482293951739267
170773.411807,2558366.126422,0.0109546165884194,0.256964006259781,0.0964006259780908,0.0566510172143975,0.0610328638497653,0.517996870109546
171273.411807,2558366.126422,0,0.0691056910569106,0.419324577861163,0.139462163852408,0.0356472795497186,0.3364602876798
171773.411807,2558366.126422,0.0285177060482607,0.0586023190222501,0.0930742713882795,0.104982764023817,0.0363522406769038,0.678470698840489
172273.411807,2558366.126422,0.102347417840376,0.10547730829421,0,0.113615023474178,0.0782472613458529,0.600312989045383
172773.411807,2558366.126422,0.117886178861789,0.0419011882426517,0,0.192307692307692,0.202939337085679,0.444965603502189
160773.411807,2557866.126422,0.4004400440044,0.0975430876420975,0.0152181884855152,0.0467546754675468,0.015034836817015,0.425009167583425
161273.411807,2557866.126422,0.275641025641026,0.0331501831501832,0.00915750915750916,0.0179487179487179,0.0441391941391941,0.61996336996337
161773.411807,2557866.126422,0.0545787545787546,0.0529304029304029,0.0373626373626374,0.246520146520147,0.216300366300366,0.392307692307692
162273.411807,2557866.126422,0.0335533553355336,0.0473047304730473,0.218921892189219,0.297029702970297,0.263476347634763,0.13971397139714
162773.411807,2557866.126422,0.0470695970695971,0.056959706959707,0.0706959706959707,0.269413919413919,0.266666666666667,0.289194139194139
163273.411807,2557866.126422,0.0928571428571429,0.336263736263736,0.00805860805860806,0.0133699633699634,0.047985347985348,0.501465201465201
163773.411807,2557866.126422,0.0641730839750642,0.532269893656032,0,0.00238357169050238,0.0218188485515218,0.379354602126879
164273.411807,2557866.126422,0.0805860805860806,0.204395604395604,0,0.0543956043956044,0.107692307692308,0.552930402930403
164773.411807,2557866.126422,0.0498168498168498,0.223076923076923,0,0.0232600732600733,0.0304029304029304,0.673443223443223
165273.411807,2557866.126422,0.0119178584525119,0.298863219655299,0,0.000366703337000367,0.0128346167950128,0.676017601760176
165773.411807,2557866.126422,0.0164835164835165,0.403663003663004,0.0010989010989011,0.0357142857142857,0.0404761904761905,0.502564102564103
166273.411807,2557866.126422,0.0362637362637363,0.411355311355311,0,0.0298534798534799,0.0516483516483516,0.470879120879121
166773.411807,2557866.126422,0.0551888522185552,0.127979464613128,0,0.323982398239824,0.219471947194719,0.273377337733773
167273.411807,2557866.126422,0.0384615384615385,0.36978021978022,0,0.0371794871794872,0.0571428571428571,0.497435897435897
167773.411807,2557866.126422,0.0857142857142857,0.0994505494505494,0.00183150183150183,0.355494505494506,0.179487179487179,0.278021978021978
168273.411807,2557866.126422,0.022002200220022,0.0245691235790246,0,0.795746241290796,0.117345067840117,0.0403373670700403
168773.411807,2557866.126422,0.0549450549450549,0.205311355311355,0,0.285531135531136,0.193772893772894,0.26043956043956
169273.411807,2557866.126422,0.0250915750915751,0.324725274725275,0,0.122344322344322,0.0767399267399267,0.451098901098901
169773.411807,2557866.126422,0.0357535753575358,0.0566556655665567,0,0.35973597359736,0.217638430509718,0.33021635496883
170273.411807,2557866.126422,0.0201465201465201,0.0340659340659341,0.184432234432234,0.232783882783883,0.0728937728937729,0.455677655677656
170773.411807,2557866.126422,0.00164835164835165,0.294871794871795,0.18974358974359,0.0119047619047619,0.0122710622710623,0.48956043956044
171273.411807,2557866.126422,0.017968463513018,0.239273927392739,0,0.046021268793546,0.0628896222955629,0.633846718005134
171773.411807,2557866.126422,0.0236263736263736,0.0115384615384615,0,0.669047619047619,0.19047619047619,0.105311355311355
172273.411807,2557866.126422,0.104029304029304,0.0384615384615385,0,0.291208791208791,0.188827838827839,0.377472527472527
172773.411807,2557866.126422,0.0467546754675468,0.124679134580125,0,0.17033370003667,0.156215621562156,0.502016868353502
160773.411807,2557366.126422,0.017042330951072,0.0839288986622686,0.232362103719993,0.210371999266997,0.201026204874473,0.255268462525197
161273.411807,2557366.126422,0.212699577904203,0.00165167920719398,0.000183519911910442,0.0130299137456414,0.0310148651128647,0.741420444118187
161773.411807,2557366.126422,0.262424353566844,0.0110031175499725,0,0.00146708233999633,0.0511644966073721,0.673940949935815
162273.411807,2557366.126422,0.465823712662635,0.00238226131574125,0,0.000366501740883269,0.0164925783397471,0.514934945940993
162773.411807,2557366.126422,0.306294732978528,0.12038906221325,0.0132134336575518,0.0467975775371628,0.0946962745457882,0.418608919067719
163273.411807,2557366.126422,0.0185219145424537,0.277095176966807,0.0390610673024023,0.151659636897121,0.20410783055199,0.309554373739226
163773.411807,2557366.126422,0.0802638812534359,0.389408099688474,0,0.0846619021440352,0.118013560564413,0.327652556349643
164273.411807,2557366.126422,0.0425766195632226,0.495320242246284,0,0.0592769315470729,0.0836850798311617,0.319141126812259
164773.411807,2557366.126422,0.0150375939849624,0.642948835503393,0,0.00678525582248304,0.0265908674124335,0.308637447276728
165273.411807,2557366.126422,0.0503939893714495,0.301997434487814,0,0.0657870624885468,0.158145501191131,0.423676012461059
165773.411807,2557366.126422,0.0383556615892824,0.36080014681593,0,0.0513855753349238,0.0669847678473114,0.482473848412553
166273.411807,2557366.126422,0.0322758114799193,0.360902255639098,0,0,0.0216394645149459,0.585182468366037
166773.411807,2557366.126422,0.0930914421843504,0.304013194062672,0,0.111966281839839,0.0965732087227414,0.394355873190398
167273.411807,2557366.126422,0.0919434758671316,0.165718480455129,0,0.272710589098917,0.144797210497339,0.324830244081483
167773.411807,2557366.126422,0.0643682376673391,0.145241151659637,0,0.351732991014121,0.179167430772052,0.259490188886851
168273.411807,2557366.126422,0.0604727872457394,0.124244090159428,0,0.302913688840022,0.15026571376214,0.36210371999267
168773.411807,2557366.126422,0.0625802899614608,0.145714810056891,0,0.24903652046247,0.166452560102771,0.376215819416407
169273.411807,2557366.126422,0.0194388410049514,0.250687694846873,0,0.0962772785622593,0.154777186869613,0.478818998716303
169773.411807,2557366.126422,0.0392156862745098,0.0590067802822063,0.208172988821697,0.212204507971413,0.0738501007879787,0.407549935862195
170273.411807,2557366.126422,0.0155991925123876,0.215452376582859,0,0.0139475133051936,0.0293631859056708,0.725637731693889
170773.411807,2557366.126422,0.057582981844856,0.0885750962772786,0,0.0410783055198973,0.0333761232349166,0.779387493123052
171273.411807,2557366.126422,0.0441634597764339,0.106835257467473,0,0.0355506688656771,0.0529595015576324,0.760491112332784
171773.411807,2557366.126422,0.0482657368324463,0.0640484492567444,0,0.58102404110846,0.187740869884382,0.118920902917967
172273.411807,2557366.126422,0.0434623143223913,0.213093709884467,0,0.153310104529617,0.114615807812213,0.475518063451311
172773.411807,2557366.126422,0.0606560381161811,0.204324720542423,0,0.097306212204508,0.105185999633498,0.53252702950339
160773.411807,2556866.126422,0.0452380952380952,0.0789377289377289,0.182234432234432,0.221978021978022,0.156593406593407,0.315018315018315
161273.411807,2556866.126422,0.111926605504587,0.0073394495412844,0,0.0165137614678899,0.081651376146789,0.78256880733945
161773.411807,2556866.126422,0.0100898917629793,0.099431297009723,0,0.0209135938359934,0.10126582278481,0.768299394606494
162273.411807,2556866.126422,0.132967032967033,0.0163003663003663,0,0.0043956043956044,0.0895604395604396,0.756776556776557
162773.411807,2556866.126422,0.0332110091743119,0.105321100917431,0,0.0515596330275229,0.197064220183486,0.612844036697248
163273.411807,2556866.126422,0.0357732526141992,0.438084755090809,0,0.0121078701155751,0.0539350577875619,0.460099064391855
163773.411807,2556866.126422,0.0421245421245421,0.329304029304029,0,0.183882783882784,0.197619047619048,0.247069597069597
164273.411807,2556866.126422,0.0559633027522936,0.481100917431193,0,0.0390825688073395,0.0614678899082569,0.362385321100917
164773.411807,2556866.126422,0.0357732526141992,0.310218308567235,0,0.0631076866629976,0.110621904237755,0.480278847917813
165273.411807,2556866.126422,0.0437728937728938,0.363919413919414,0,0.112820512820513,0.113003663003663,0.366483516483516
165773.411807,2556866.126422,0.084954128440367,0.188990825688073,0.00036697247706422,0.0594495412844037,0.107339449541284,0.558899082568807
166273.411807,2556866.126422,0.0254999082737112,0.405430196294258,0,0.00697119794533113,0.0625573289304715,0.499541368556228
166773.411807,2556866.126422,0.0423076923076923,0.367032967032967,0,0.00146520146520147,0.05,0.539194139194139
167273.411807,2556866.126422,0.0269724770642202,0.300183486238532,0,0.0805504587155963,0.101467889908257,0.490825688073394
167773.411807,2556866.126422,0.0220143093010457,0.380113740598055,0,0.0449458814896349,0.0438451660245826,0.509080902586681
168273.411807,2556866.126422,0.056043956043956,0.290659340659341,0,0.108424908424908,0.118131868131868,0.426739926739927
168773.411807,2556866.126422,0.0587155963302752,0.107706422018349,0.113394495412844,0.139082568807339,0.0721100917431193,0.508990825688073
169273.411807,2556866.126422,0.00476976701522656,0.0361401577692167,0.167308750687947,0.209502843514951,0.0489818381948266,0.533296642817832
169773.411807,2556866.126422,0.084981684981685,0.0549450549450549,0,0.000366300366300366,0.0203296703296703,0.839377289377289
170273.411807,2556866.126422,0.0339449541284404,0.0755963302752294,0,0.0524770642201835,0.0486238532110092,0.789357798165138
170773.411807,2556866.126422,0.0416437350944781,0.256650155934691,0,0.0267840763162722,0.0522839845899835,0.622638048064575
171273.411807,2556866.126422,0.0360805860805861,0.314835164835165,0,0.0412087912087912,0.0835164835164835,0.524358974358974
171773.411807,2556866.126422,0.0398165137614679,0.15045871559633,0,0.461284403669725,0.119816513761468,0.228623853211009
172273.411807,2556866.126422,0.0445789763346175,0.19684461566685,0,0.0900752155567786,0.0684278114107503,0.600073381031003
172773.411807,2556866.126422,0.0844322344322344,0.248901098901099,0,0.0728937728937729,0.0695970695970696,0.524175824175824
160773.411807,2556366.126422,0.317748441510818,0.0416208287495416,0.0924092409240924,0.0236523652365237,0.0960762742940961,0.428492849284928
161273.411807,2556366.126422,0.0364468864468864,0.12032967032967,0,0.010989010989011,0.0617216117216117,0.770512820512821
161773.411807,2556366.126422,0.109157509157509,0.327655677655678,0,0.00366300366300366,0.0811355311355311,0.478388278388278
162273.411807,2556366.126422,0.00751741840850752,0.455078841217455,0,0.0148514851485149,0.0313531353135314,0.491199119911991
162773.411807,2556366.126422,0.0221611721611722,0.155494505494505,0.00531135531135531,0.258241758241758,0.234615384615385,0.324175824175824
163273.411807,2556366.126422,0.0672161172161172,0.333516483516483,0,0.0631868131868132,0.103663003663004,0.432417582417582
163773.411807,2556366.126422,0.0212687935460213,0.440960762742941,0,0.00568390172350568,0.0476714338100477,0.484415108177484
164273.411807,2556366.126422,0.0373626373626374,0.230586080586081,0,0.0549450549450549,0.131868131868132,0.545238095238095
164773.411807,2556366.126422,0.0386446886446886,0.434065934065934,0,0.071978021978022,0.107692307692308,0.347619047619048
165273.411807,2556366.126422,0.0557389072240557,0.376971030436377,0,0.0247524752475248,0.0777411074440777,0.464796479647965
165773.411807,2556366.126422,0.0335164835164835,0.00989010989010989,0,0.365384615384615,0.249267399267399,0.341941391941392
166273.411807,2556366.126422,0.0712454212454212,0.308791208791209,0,0.152197802197802,0.132051282051282,0.335714285714286
166773.411807,2556366.126422,0.052988632196553,0.211587825449212,0,0.106710671067107,0.107260726072607,0.521452145214521
167273.411807,2556366.126422,0.0216117216117216,0.117032967032967,0,0.238461538461538,0.197069597069597,0.425824175824176
167773.411807,2556366.126422,0.0304029304029304,0.0802197802197802,0,0.0793040293040293,0.139377289377289,0.670695970695971
168273.411807,2556366.126422,0.0265859919325266,0.0792079207920792,0.379354602126879,0.05995599559956,0.0363036303630363,0.418591859185919
168773.411807,2556366.126422,0.0360805860805861,0.0882783882783883,0.15952380952381,0.0805860805860806,0.11025641025641,0.525274725274725
169273.411807,2556366.126422,0.0225274725274725,0.0871794871794872,0,0.0293040293040293,0.218498168498168,0.642490842490843
169773.411807,2556366.126422,0.0678401173450678,0.0397873120645398,0,0.264943160982765,0.200953428676201,0.426475980931426
170273.411807,2556366.126422,0.0608058608058608,0.119413919413919,0,0.224908424908425,0.16025641025641,0.434615384615385
170773.411807,2556366.126422,0.0375457875457875,0.347619047619048,0,0.0917582417582418,0.0456043956043956,0.477472527472527
171273.411807,2556366.126422,0.0542720938760543,0.31976530986432,0.00513384671800513,0.0474880821415475,0.0766409974330766,0.496699669966997
171773.411807,2556366.126422,0.0516483516483516,0.201282051282051,0,0.239194139194139,0.154761904761905,0.353113553113553
172273.411807,2556366.126422,0.0327838827838828,0.525091575091575,0,0.0223443223443223,0.0445054945054945,0.375274725274725
172773.411807,2556366.126422,0.0555555555555556,0.445911257792446,0.00201686835350202,0.0572057205720572,0.0720572057205721,0.367253392005867
160773.411807,2555866.126422,0.0635880520432472,0.101704233095107,0.000549752611324904,0.0694520798973795,0.171339563862928,0.593366318490013
161273.411807,2555866.126422,0.0699210864378785,0.0394567810607451,0,0.0245916681959993,0.0728574050284456,0.793173059276932
161773.411807,2555866.126422,0.0302585732624244,0.215294333394462,0,0.186319457179534,0.181001283697047,0.387126352466532
162273.411807,2555866.126422,0.068719076415613,0.0929081913139087,0,0.254901960784314,0.237309877221917,0.346160894264248
162773.411807,2555866.126422,0.030280785465223,0.0638649293448339,0.189759588915397,0.372728941090108,0.155074325564324,0.188291429620114
163273.411807,2555866.126422,0.0612506876948469,0.208692462864478,0.00861910874747845,0.18815331010453,0.0909591050797726,0.442325325508894
163773.411807,2555866.126422,0.0621220450797141,0.242807403335166,0,0.0546087593916071,0.164925783397471,0.475536008796042
164273.411807,2555866.126422,0.0814828408882364,0.229399889888053,0,0.263167553679574,0.176179115434025,0.249770600110112
164773.411807,2555866.126422,0.0275077938749312,0.482853475151293,0,0.00513478818998716,0.0251237850724372,0.459380157711352
165273.411807,2555866.126422,0.0126443100604728,0.498442367601246,0,0.00861279091075683,0.0439802089059923,0.436320322521532
165773.411807,2555866.126422,0.0137639933932832,0.404110846026794,0,0.0491833363919985,0.0945127546338778,0.438429069554047
166273.411807,2555866.126422,0.0304419585549239,0.247203374289382,0,0.0392444525949019,0.0850907757197873,0.598019438841005
166773.411807,2555866.126422,0.00219901044529962,0.301997434487814,0,0.00439802089059923,0.0758658603628367,0.615539673813451
167273.411807,2555866.126422,0.0346852633510736,0.115066984767847,0.175995595522114,0.0546889337493118,0.051018535511103,0.56854468709855
167773.411807,2555866.126422,0.0115532734274711,0.309004217861727,0.363102879149092,0.125252154777187,0.0381441408399046,0.152943333944618
168273.411807,2555866.126422,0.0621220450797141,0.168957302547187,0,0.0163093274693055,0.146234194612424,0.606377130291369
168773.411807,2555866.126422,0.0695540466140576,0.214351257111397,0,0.12864745824922,0.162048082216921,0.425399155808405
169273.411807,2555866.126422,0.0522648083623693,0.201907207041995,0,0.0891252521547772,0.107463781404731,0.549238951036127
169773.411807,2555866.126422,0.0527762506871908,0.136155396738135,0,0.137071651090343,0.122411581455012,0.55158512002932
170273.411807,2555866.126422,0.0321159845843274,0.201871903101487,0,0.0691870067902367,0.109194347586713,0.587630757937236
170773.411807,2555866.126422,0.0434623143223913,0.115532734274711,0,0.281313038694297,0.175499724922061,0.38419218778654
171273.411807,2555866.126422,0.0450797141286421,0.30602895363753,0,0.199926699651823,0.10646875572659,0.342495876855415
171773.411807,2555866.126422,0.0559735731326849,0.24903652046247,0,0.348137272894109,0.130115617544504,0.216737015966232
172273.411807,2555866.126422,0.0300751879699248,0.596552356501009,0,0.072803961122318,0.0553823583348615,0.245186136071887
172773.411807,2555866.126422,0.011544804837823,0.404434671064688,0,0.0650540590067803,0.0296866410115448,0.489279824079164
160773.411807,2555366.126422,0.387728937728938,0.175641025641026,0,0.0172161172161172,0.067032967032967,0.352380952380952
161273.411807,2555366.126422,0.237981651376147,0.237247706422018,0,0.0275229357798165,0.0655045871559633,0.431743119266055
161773.411807,2555366.126422,0.210236653824986,0.0695285268758026,0,0.0684278114107503,0.0522839845899835,0.599523023298477
162273.411807,2555366.126422,0.0686813186813187,0.0978021978021978,0.0010989010989011,0.273443223443223,0.245787545787546,0.313186813186813
162773.411807,2555366.126422,0.0355963302752294,0.207889908256881,0.0132110091743119,0.141651376146789,0.135596330275229,0.46605504587156
163273.411807,2555366.126422,0.0315538433314988,0.257017061089708,0.0796184186387819,0.107136305265089,0.115024766097964,0.409649605576958
163773.411807,2555366.126422,0.084981684981685,0.224725274725275,0.00714285714285714,0.0807692307692308,0.0813186813186813,0.521062271062271
164273.411807,2555366.126422,0.0108256880733945,0.623669724770642,0,0,0.0172477064220183,0.348256880733945
164773.411807,2555366.126422,0.0132085855806274,0.417721518987342,0,0.0122913226930838,0.0176114474408365,0.53916712529811
165273.411807,2555366.126422,0.0021978021978022,0.297435897435897,0,0,0.0276556776556777,0.672710622710623
165773.411807,2555366.126422,0,0.28,0,0.00146788990825688,0.0396330275229358,0.678899082568807
166273.411807,2555366.126422,0.0388919464318474,0.340121078701156,0.0654925701706109,0.030820033021464,0.00678774536782242,0.5178866263071
166773.411807,2555366.126422,0.00824175824175824,0.129304029304029,0.457326007326007,0.0804029304029304,0.0424908424908425,0.282234432234432
167273.411807,2555366.126422,0.0132110091743119,0.372660550458716,0.156880733944954,0.0878899082568807,0.0847706422018349,0.284587155963303
167773.411807,2555366.126422,0.0480645753072831,0.186020913593836,0.00733810310034856,0.0974133186571271,0.151898734177215,0.50926435516419
168273.411807,2555366.126422,0.0575091575091575,0.201098901098901,0.000183150183150183,0.0752747252747253,0.141941391941392,0.523992673992674
168773.411807,2555366.126422,0.0513761467889908,0.234495412844037,0,0.152110091743119,0.0994495412844037,0.46256880733945
169273.411807,2555366.126422,0.0361401577692167,0.0196294257934324,0,0.650155934690882,0.202898550724638,0.0911759310218309
169773.411807,2555366.126422,0.0576923076923077,0.201282051282051,0,0.157875457875458,0.160805860805861,0.422344322344322
170273.411807,2555366.126422,0.0691743119266055,0.162752293577982,0,0.165137614678899,0.096697247706422,0.506238532110092
170773.411807,2555366.126422,0.106035589800037,0.111355714547789,0,0.209135938359934,0.141441937259218,0.432030820033021
171273.411807,2555366.126422,0.065018315018315,0.353846153846154,0,0.0915750915750916,0.0847985347985348,0.404761904761905
171773.411807,2555366.126422,0.0238532110091743,0.309724770642202,0,0.104770642201835,0.11743119266055,0.444220183486239
172273.411807,2555366.126422,0.0348559897266557,0.203632361034673,0,0.243625022931572,0.19537699504678,0.322509631260319
172773.411807,2555366.126422,0.0562271062271062,0.329120879120879,0,0.0481684981684982,0.101098901098901,0.465384615384615
160773.411807,2554866.126422,0.0671067106710671,0.0557389072240557,0.00531719838650532,0.322882288228823,0.163733039970664,0.385221855518885
161273.411807,2554866.126422,0.0401098901098901,0.232417582417582,0,0.112637362637363,0.0855311355311355,0.529304029304029
161773.411807,2554866.126422,0.021978021978022,0.0716117216117216,0,0.00842490842490842,0.0686813186813187,0.829304029304029
162273.411807,2554866.126422,0.0254858819215255,0.0603226989365603,0,0.000733406674000733,0.01998533186652,0.893472680601394
162773.411807,2554866.126422,0.0111721611721612,0.0514652014652015,0.0115384615384615,0.0313186813186813,0.0776556776556777,0.816849816849817
163273.411807,2554866.126422,0.00531135531135531,0.0564102564102564,0.019047619047619,0.0772893772893773,0.0554945054945055,0.786446886446886
163773.411807,2554866.126422,0.0209020902090209,0.0559222588925559,0.0247524752475248,0.035020168683535,0.068023469013568,0.795379537953795
164273.411807,2554866.126422,0,0.0626373626373626,0,0.00567765567765568,0.0412087912087912,0.89047619047619
164773.411807,2554866.126422,0.0347985347985348,0.128937728937729,0.00860805860805861,0.00769230769230769,0.0437728937728938,0.776190476190476
165273.411807,2554866.126422,0.0256692335900257,0.302346901356802,0.0388705537220389,0.0106343967730106,0.037037037037037,0.585441877521085
165773.411807,2554866.126422,0.0225274725274725,0.0384615384615385,0.368315018315018,0.132234432234432,0.0360805860805861,0.402380952380952
166273.411807,2554866.126422,0.0133699633699634,0.111904761904762,0.304945054945055,0.146520146520147,0.0901098901098901,0.333150183150183
166773.411807,2554866.126422,0.0614228089475614,0.401173450678401,0,0.0984598459845985,0.112761276127613,0.326182618261826
167273.411807,2554866.126422,0.0490842490842491,0.411538461538462,0.00366300366300366,0.0710622710622711,0.0970695970695971,0.367582417582418
167773.411807,2554866.126422,0.0249084249084249,0.296886446886447,0,0.0250915750915751,0.0437728937728938,0.609340659340659
168273.411807,2554866.126422,0.0421708837550422,0.396039603960396,0,0.0161349468280161,0.026035936927026,0.51961862852952
168773.411807,2554866.126422,0.0503663003663004,0.217399267399267,0,0.223260073260073,0.140842490842491,0.368131868131868
169273.411807,2554866.126422,0.0628205128205128,0.0836996336996337,0,0.254212454212454,0.178571428571429,0.420695970695971
169773.411807,2554866.126422,0.041987532086542,0.133846718005134,0,0.0535386872020535,0.117528419508618,0.653098643197653
170273.411807,2554866.126422,0.0382783882783883,0.167765567765568,0,0.121062271062271,0.117582417582418,0.555311355311355
170773.411807,2554866.126422,0.0397435897435897,0.227472527472527,0,0.097985347985348,0.0963369963369963,0.538461538461538
171273.411807,2554866.126422,0.0253025302530253,0.0247524752475248,0,0.623579024569124,0.181151448478181,0.145214521452145
171773.411807,2554866.126422,0.0346153846153846,0.0501831501831502,0.000549450549450549,0.483333333333333,0.193956043956044,0.237362637362637
172273.411807,2554866.126422,0.0956043956043956,0.0232600732600733,0.0285714285714286,0.499267399267399,0.195604395604396,0.157692307692308
172773.411807,2554866.126422,0.0931426475980931,0.0317198386505317,0.028969563623029,0.223872387238724,0.114411441144114,0.507884121745508
160773.411807,2554366.126422,0.0258383727322705,0.0480117280557083,0.216052776250687,0.115814550119113,0.0941909474070002,0.500091625435221
161273.411807,2554366.126422,0.0840521196549826,0.051018535511103,0.117085703798862,0.092126995779042,0.0871719581574601,0.56854468709855
161773.411807,2554366.126422,0.0397946084724005,0.158078122134605,0.199523198239501,0.0423620025673941,0.0344764349899138,0.525765633596186
162273.411807,2554366.126422,0.00311526479750779,0.142752428074033,0.212387758841855,0.116364302730438,0.0749496060106286,0.450430639545538
162773.411807,2554366.126422,0.0192695907505964,0.172325197283905,0.277665626720499,0.0649660488162966,0.0866213984217288,0.379152138006974
163273.411807,2554366.126422,0.00330093526499175,0.132587566477169,0.257839721254355,0.177516963139556,0.0656519347148359,0.363102879149092
163773.411807,2554366.126422,0.0425142019424592,0.0432472054242258,0.435770569910207,0.0963899578522998,0.0252886201209456,0.356789444749863
164273.411807,2554366.126422,0.00165167920719398,0.0266103872270141,0.340796476417691,0.248118920902918,0.0354193429987154,0.347403193246467
164773.411807,2554366.126422,0.0381441408399046,0.0762882816798093,0.372455529066569,0.150375939849624,0.0280579497524299,0.334678158811663
165273.411807,2554366.126422,0.0119113065787062,0.240608392889866,0.295033901411032,0.0850284038849184,0.0941909474070002,0.273227047828477
165773.411807,2554366.126422,0.026977427050835,0.146815929528354,0.0176179115434025,0.102037071022206,0.0913929161314003,0.615158744723802
166273.411807,2554366.126422,0.123418301852191,0.265358518246837,0,0.0555657436273611,0.0645516229598386,0.491105813313772
166773.411807,2554366.126422,0.0621220450797141,0.400403151914972,0,0.0780648708081363,0.0657870624885468,0.393622869708631
167273.411807,2554366.126422,0.0370710222059093,0.196916865479905,0,0.0899247568361167,0.119471462653698,0.556615892824371
167773.411807,2554366.126422,0.0304419585549239,0.234366403814414,0,0.0339262791124152,0.0680359435173299,0.633229415000917
168273.411807,2554366.126422,0.0654205607476635,0.194612424409016,0,0.113065787062489,0.134689389774601,0.492211838006231
168773.411807,2554366.126422,0.0442282987704166,0.130115617544504,0,0.288860341347036,0.123692420627638,0.413103321710406
169273.411807,2554366.126422,0.0210893086374473,0.0599669906473501,0,0.520814230698698,0.179167430772052,0.218962039244453
169773.411807,2554366.126422,0.055158512002932,0.175737584753528,0,0.251236943375481,0.16254352208173,0.355323437786329
170273.411807,2554366.126422,0.0734079647641769,0.101670031198385,0,0.133418975958892,0.115066984767847,0.576436043310699
170773.411807,2554366.126422,0.0474967907573813,0.129286631212177,0,0.132587566477169,0.126902622409683,0.563726389143591
171273.411807,2554366.126422,0.0388491845336265,0.00916254352208173,0,0.59299981674913,0.201392706615356,0.157595748579806
171773.411807,2554366.126422,0.0754266837951918,0.0412919801798495,0,0.397687649109928,0.218205175261516,0.267388511653514
172273.411807,2554366.126422,0.0412616908123968,0.0480469466348799,0.0717036493673207,0.440674857876398,0.174216027874564,0.22409682743444
172773.411807,2554366.126422,0.032618654938611,0.0437969580355507,0.0166758292101887,0.513835440718343,0.174088326919553,0.218984790177753
160773.411807,2553866.126422,0.0100732600732601,0.361721611721612,0.245421245421245,0.013003663003663,0.0269230769230769,0.342857142857143
161273.411807,2553866.126422,0.0135779816513761,0.240366972477064,0.170091743119266,0.0788990825688073,0.0730275229357798,0.424036697247706
161773.411807,2553866.126422,0.0168776371308017,0.246193359016694,0.139057053751605,0.0537516052100532,0.165290772335351,0.378829572555494
162273.411807,2553866.126422,0.131135531135531,0.0769230769230769,0.0514652014652015,0.0250915750915751,0.0628205128205128,0.652564102564103
162773.411807,2553866.126422,0.0326605504587156,0.0902752293577982,0.00844036697247706,0.0614678899082569,0.0844036697247706,0.722752293577982
163273.411807,2553866.126422,0.0172445422858191,0.0502660062373876,0.015410016510732,0.111539167125298,0.0959456980370574,0.709594569803706
163773.411807,2553866.126422,0.0241758241758242,0.152930402930403,0.00714285714285714,0.0456043956043956,0.137912087912088,0.632234432234432
164273.411807,2553866.126422,0.113577981651376,0.234311926605505,0,0.0110091743119266,0.102385321100917,0.538715596330275
164773.411807,2553866.126422,0.076316272243625,0.0821867547239039,0,0.00642084021280499,0.0467804072647221,0.788295725554944
165273.411807,2553866.126422,0.0514652014652015,0.152930402930403,0.000366300366300366,0.0104395604395604,0.0543956043956044,0.73040293040293
165773.411807,2553866.126422,0.0260550458715596,0.205871559633028,0.0396330275229358,0.102935779816514,0.0818348623853211,0.543669724770642
166273.411807,2553866.126422,0.10695285268758,0.063474591818015,0.0642084021280499,0.204366171344707,0.161621720785177,0.39937626123647
166773.411807,2553866.126422,0.0326007326007326,0.213003663003663,0,0.202014652014652,0.13040293040293,0.421978021978022
167273.411807,2553866.126422,0.0036697247706422,0.12256880733945,0,0.21394495412844,0.164770642201835,0.495045871559633
167773.411807,2553866.126422,0.0293524124013942,0.181618051733627,0,0.152449091909741,0.125298110438452,0.511282333516786
168273.411807,2553866.126422,0.0648351648351648,0.175274725274725,0,0.141025641025641,0.0937728937728938,0.525091575091575
168773.411807,2553866.126422,0.0596330275229358,0.117614678899083,0,0.238532110091743,0.175045871559633,0.409174311926606
169273.411807,2553866.126422,0.076316272243625,0.0368739680792515,0,0.437534397358283,0.199046046596955,0.250229315721886
169773.411807,2553866.126422,0.0164835164835165,0.298717948717949,0,0.0404761904761905,0.0727106227106227,0.571611721611722
170273.411807,2553866.126422,0.0267889908256881,0.0777981651376147,0,0.394862385321101,0.120183486238532,0.380366972477064
170773.411807,2553866.126422,0.0478811227297744,0.132819666116309,0,0.282150064208402,0.152449091909741,0.384700055035773
171273.411807,2553866.126422,0.039010989010989,0.082967032967033,0,0.159157509157509,0.16043956043956,0.558424908424908
171773.411807,2553866.126422,0.0324770642201835,0.126238532110092,0.0119266055045872,0.534862385321101,0.121467889908257,0.17302752293578
172273.411807,2553866.126422,0.0319207484865162,0.157402311502477,0.0566868464501926,0.368923133370024,0.109521188772702,0.275545771418088
172773.411807,2553866.126422,0.0437728937728938,0.212820512820513,0.129487179487179,0.246153846153846,0.141575091575092,0.226190476190476
160773.411807,2553366.126422,0.0297029702970297,0.279427942794279,0,0.222405573890722,0.167216721672167,0.301246791345801
161273.411807,2553366.126422,0.0391941391941392,0.298351648351648,0,0.154212454212454,0.12985347985348,0.378388278388278
161773.411807,2553366.126422,0.0399267399267399,0.116117216117216,0,0.325824175824176,0.167765567765568,0.3503663003663
162273.411807,2553366.126422,0.0352035203520352,0.147048038137147,0,0.316098276494316,0.187202053538687,0.314448111477814
162773.411807,2553366.126422,0.0413919413919414,0.182783882783883,0.000366300366300366,0.161904761904762,0.182600732600733,0.430952380952381
163273.411807,2553366.126422,0.0783882783882784,0.111904761904762,0,0.0252747252747253,0.0899267399267399,0.694505494505494
163773.411807,2553366.126422,0.0265859919325266,0.145581224789146,0,0.0152181884855152,0.109277594426109,0.703337000366703
164273.411807,2553366.126422,0.0745421245421245,0.0776556776556777,0.0131868131868132,0.036996336996337,0.127289377289377,0.67032967032967
164773.411807,2553366.126422,0.0626373626373626,0.126739926739927,0.0437728937728938,0.0406593406593407,0.058974358974359,0.667216117216117
165273.411807,2553366.126422,0.0304363769710304,0.113861386138614,0.266409974330766,0.102676934360103,0.141180784745141,0.345434543454345
165773.411807,2553366.126422,0.019047619047619,0.122527472527473,0.199267399267399,0.241575091575092,0.182600732600733,0.234981684981685
166273.411807,2553366.126422,0.0492673992673993,0.13003663003663,0.0783882783882784,0.171611721611722,0.136263736263736,0.434432234432234
166773.411807,2553366.126422,0.00128346167950128,0.11019435276861,0.000916758342500917,0.626329299596626,0.176567656765677,0.0847084708470847
167273.411807,2553366.126422,0.0608058608058608,0.112271062271062,0.0010989010989011,0.213919413919414,0.0981684981684982,0.513736263736264
167773.411807,2553366.126422,0.0375457875457875,0.122893772893773,0,0.226007326007326,0.157875457875458,0.455677655677656
168273.411807,2553366.126422,0.0401540154015402,0.146314631463146,0,0.142464246424642,0.183351668500183,0.487715438210488
168773.411807,2553366.126422,0.0624542124542125,0.101465201465201,0,0.259157509157509,0.16043956043956,0.416483516483517
169273.411807,2553366.126422,0.0673992673992674,0.0331501831501832,0,0.446153846153846,0.190842490842491,0.262454212454212
169773.411807,2553366.126422,0.0491382471580491,0.068023469013568,0,0.219105243857719,0.162082874954162,0.501650165016502
170273.411807,2553366.126422,0.0252747252747253,0.0252747252747253,0,0.594322344322344,0.171428571428571,0.183699633699634
170773.411807,2553366.126422,0.0512820512820513,0.11959706959707,0,0.082967032967033,0.0807692307692308,0.665384615384615
171273.411807,2553366.126422,0.0867253392005867,0.0999266593325999,0.0044004400440044,0.162816281628163,0.154198753208654,0.491932526585992
171773.411807,2553366.126422,0.167399267399267,0.178571428571429,0,0.107326007326007,0.0624542124542125,0.484249084249084
172273.411807,2553366.126422,0.150549450549451,0.0877289377289377,0,0.0496336996336996,0.093040293040293,0.619047619047619
172773.411807,2553366.126422,0.099009900990099,0.281811514484782,0,0.107077374404107,0.141547488082142,0.370553722038871
160773.411807,2552866.126422,0.0419644493311343,0.244823162910024,0.0492944841487997,0.150632215503024,0.203774967931098,0.309510720175921
161273.411807,2552866.126422,0.0790970820334006,0.138190493668563,0,0.172875757019637,0.163332721600294,0.446503945678106
161773.411807,2552866.126422,0.0465798642948836,0.32807628828168,0,0.039611223179901,0.150192554557125,0.435540069686411
162273.411807,2552866.126422,0.0670698185816383,0.186732636980026,0.034084661902144,0.213853765805388,0.232728605460876,0.265530511269929
162773.411807,2552866.126422,0.0567076527803267,0.124242980363369,0.0117452743622683,0.12864745824922,0.128280418425399,0.550376215819416
163273.411807,2552866.126422,0.0495140289748762,0.101412066752246,0.0262240968274344,0.0865578580597836,0.156977810379608,0.579314139006052
163773.411807,2552866.126422,0.0947407000183251,0.0474619754443834,0.000183250870441635,0.155396738134506,0.178119846069269,0.524097489463075
164273.411807,2552866.126422,0.0879060378051019,0.131033217104056,0,0.0113782345384474,0.137639933932832,0.632042576619563
164773.411807,2552866.126422,0.0722538052448194,0.158628278012103,0,0.00385109114249037,0.0973775903172566,0.66788923528333
165273.411807,2552866.126422,0.0540590067802822,0.0557082646142569,0,0.0113615539673813,0.0615722924683892,0.81729888216969
165773.411807,2552866.126422,0.0945127546338778,0.060561570930446,0.0434942191227748,0.160396403009727,0.226647091209396,0.414387961093779
166273.411807,2552866.126422,0.00898587933247754,0.0590500641848524,0.0119200440124702,0.469282963506327,0.142123601687145,0.308637447276728
166773.411807,2552866.126422,0.00714678394722375,0.0569910207073484,0.000916254352208173,0.514018691588785,0.190214403518417,0.230712845886018
167273.411807,2552866.126422,0.0185355111029547,0.12038906221325,0,0.214534777023307,0.122774821068086,0.523765828592402
167773.411807,2552866.126422,0.0581331377223547,0.137905739959655,0,0.109114249037227,0.0970108197322575,0.597836053548505
168273.411807,2552866.126422,0.0828293934396188,0.115997800989555,0,0.146234194612424,0.107385010078798,0.547553600879604
168773.411807,2552866.126422,0.076344283354744,0.0462470178014315,0.0233070288126262,0.310699210864379,0.118186823270325,0.425215635896495
169273.411807,2552866.126422,0.075187969924812,0.00586832935998533,0,0.725105446543187,0.109114249037227,0.0847240051347882
169773.411807,2552866.126422,0.0714678394722375,0.0736668499175371,0,0.148616455928166,0.146050943741983,0.560197910940077
170273.411807,2552866.126422,0.0822169205358781,0.026977427050835,0,0.329418241879244,0.130666177280235,0.430721233253808
170773.411807,2552866.126422,0.0526315789473684,0.0938932697597653,0.00366770584999083,0.182468366037044,0.152209792774619,0.515129286631212
171273.411807,2552866.126422,0.115081546637347,0.0454462158695254,0.00329851566794942,0.00879604178119846,0.070734835990471,0.756642844053509
171773.411807,2552866.126422,0.195815746008442,0.0407414204441182,0.128096898513489,0.123692420627638,0.0948797944576987,0.416773719948614
172273.411807,2552866.126422,0.0144874381074638,0.151292866312122,0.185402530717036,0.183385292499542,0.152209792774619,0.313222079589217
172773.411807,2552866.126422,0.104086494410848,0.0690855781564962,0.0386659336631849,0.0956569543705333,0.0918086860912589,0.600696353307678
160773.411807,2552366.126422,0.0454212454212454,0.198534798534799,0,0.149267399267399,0.176373626373626,0.43040293040293
161273.411807,2552366.126422,0.0790825688073395,0.126788990825688,0.0322935779816514,0.174678899082569,0.177614678899083,0.40954128440367
161773.411807,2552366.126422,0.127316088791048,0.168776371308017,0.0445789763346175,0.0719134103834159,0.166208035222895,0.421207117960007
162273.411807,2552366.126422,0.0358974358974359,0.293589743589744,0.101648351648352,0.0851648351648352,0.160989010989011,0.322710622710623
162773.411807,2552366.126422,0.024954128440367,0.205321100917431,0,0.0122935779816514,0.109908256880734,0.647522935779817
163273.411807,2552366.126422,0.0515501742799486,0.0944780774169877,0.0155934690882407,0.137956338286553,0.190790680609063,0.509631260319207
163773.411807,2552366.126422,0.0397435897435897,0.0322344322344322,0,0.51043956043956,0.218681318681319,0.198901098901099
164273.411807,2552366.126422,0.0732110091743119,0.028256880733945,0,0.291192660550459,0.149724770642202,0.457614678899083
164773.411807,2552366.126422,0.180333883691066,0.0986974866996881,0,0.0552192258301229,0.100165107319758,0.565584296459365
165273.411807,2552366.126422,0.104212454212454,0.109340659340659,0.00494505494505494,0.162454212454212,0.117216117216117,0.501831501831502
