"x","y","forest","agri","water","built","other","grass"
280273.411807,2779366.126422,0.0166880616174583,0.0566660553823583,0.059600220062351,0.712268476068219,0.0337428938199156,0.121034293049697
280773.411807,2779366.126422,0.0593732820230896,0.190397654388858,0.0300531427524281,0.26461425691772,0.0624885468205974,0.393073117097306
281273.411807,2779366.126422,0.193797026977427,0.0800146815929528,0.0416590200036704,0.250137639933933,0.113048265736832,0.321343365755184
281773.411807,2779366.126422,0.0355767467449111,0.232899321474418,0.113515496057216,0.428388043278929,0.044379240784889,0.145241151659637
282273.411807,2779366.126422,0.00879604178119846,0.208905992303463,0.184716877405168,0.35422393256368,0.0791643760307861,0.164192779915705
282773.411807,2779366.126422,0.0354193429987154,0.320242246283722,0.090475316571848,0.249220040374381,0.0620297302257295,0.242613323545605
283273.411807,2779366.126422,0.0515312671923712,0.119383825417202,0.0221896203924445,0.212360168714469,0.0825233816247937,0.51201173665872
283773.411807,2779366.126422,0.250870441634598,0.156129741616273,0,0.109034267912773,0.028587135788895,0.455378413047462
284273.411807,2779366.126422,0.301523215268857,0.462286658102404,0.000367039823820885,0.0181684712791338,0.0150486327766563,0.202605982749128
284773.411807,2779366.126422,0.473684210526316,0.0185219145424537,0,0.00495140289748762,0.0364936732074088,0.466348798826334
285273.411807,2779366.126422,0.741249770936412,0.0109950522264981,0,0.00311526479750779,0.013560564412681,0.231079347626901
285773.411807,2779366.126422,0.494035602862911,0.109377867498624,0,0,0.00862543585979079,0.387961093778675
286273.411807,2779366.126422,0.516596368971209,0.00880249403997799,0,0.00183385292499542,0.0350265908674124,0.437740693196406
286773.411807,2779366.126422,0.65695437053326,0.011544804837823,0.000549752611324904,0.00146600696353308,0.0172255818215137,0.312259483232545
287273.411807,2779366.126422,0.296384657735364,0.00660671682877592,0.00146815929528354,0.0412919801798495,0.0473481372728941,0.606900348687833
287773.411807,2779366.126422,0.447402098797031,0.00409521371896596,0,0.0606603532121833,0.0906066035321218,0.397235730739698
275273.411807,2778866.126422,0.0281425891181989,0.0565532028946663,0.00804073974805682,0.154382203162691,0.133476279817743,0.619404985258644
275773.411807,2778866.126422,0.0506329113924051,0.0337552742616034,0.001284168042561,0.214272610530178,0.117960007338103,0.582095028435149
276273.411807,2778866.126422,0.0351648351648352,0.0573260073260073,0.0010989010989011,0.378388278388278,0.0835164835164835,0.444505494505494
276773.411807,2778866.126422,0.0185321100917431,0.0728440366972477,0,0.18348623853211,0.0557798165137615,0.669357798165138
277273.411807,2778866.126422,0.0168776371308017,0.184736745551275,0.201797835259585,0.17978352595854,0.0288020546688681,0.38800220143093
277773.411807,2778866.126422,0.00512820512820513,0.115384615384615,0.397802197802198,0.194688644688645,0.0600732600732601,0.226923076923077
279773.411807,2778866.126422,0.125321100917431,0.198715596330275,0.00036697247706422,0.0598165137614679,0.0405504587155963,0.575229357798165
280273.411807,2778866.126422,0.0796184186387819,0.0306365804439552,0.00201797835259585,0.58484681709778,0.173362685745735,0.129517519721152
280773.411807,2778866.126422,0.151648351648352,0.157326007326007,0.0010989010989011,0.0833333333333333,0.0501831501831502,0.556410256410256
281273.411807,2778866.126422,0.191926605504587,0.00330275229357798,0,0.00954128440366972,0.0126605504587156,0.78256880733945
281773.411807,2778866.126422,0.221060355898,0.0656760227481196,0,0.00733810310034856,0.016694184553293,0.689231333700238
282273.411807,2778866.126422,0.37032967032967,0.0598901098901099,0,0.0452380952380952,0.0545787545787546,0.46996336996337
282773.411807,2778866.126422,0.0607339449541284,0.0577981651376147,0.0179816513761468,0.00844036697247706,0.0405504587155963,0.814495412844037
283273.411807,2778866.126422,0.524307466519905,0.0524674371674922,0,0.00183452577508714,0.00678774536782242,0.414602825169694
283773.411807,2778866.126422,0.430952380952381,0.0258241758241758,0,0.0375457875457875,0.019047619047619,0.486630036630037
284273.411807,2778866.126422,0.415596330275229,0.106788990825688,0,0.0524770642201835,0.0539449541284404,0.371192660550459
284773.411807,2778866.126422,0.649605576958356,0.00183452577508714,0,0.00238488350761328,0.00733810310034856,0.338836910658595
285273.411807,2778866.126422,0.46996336996337,0.0327838827838828,0,0,0.00146520146520147,0.495787545787546
285773.411807,2778866.126422,0.399816513761468,0.0121100917431193,0,0.00954128440366972,0.0601834862385321,0.518348623853211
286273.411807,2778866.126422,0.559713813979086,0.00201797835259585,0,0.0133920381581361,0.0310034855989727,0.393872683911209
286773.411807,2778866.126422,0.405494505494505,0.0441391941391941,0,0.032967032967033,0.124175824175824,0.393223443223443
287273.411807,2778866.126422,0.130091743119266,0.0669724770642202,0,0.0957798165137615,0.221834862385321,0.485321100917431
287773.411807,2778866.126422,0.305761843790013,0.0102432778489117,0,0.0268886043533931,0.0632522407170295,0.593854033290653
275273.411807,2778366.126422,0.0173889780631354,0.260834670947031,0.00989834135901552,0.332530765115035,0.15944355270198,0.219903691813804
275773.411807,2778366.126422,0.0558608058608059,0.152930402930403,0.00146520146520147,0.189377289377289,0.0882783882783883,0.512087912087912
276273.411807,2778366.126422,0.0353868720205354,0.136046938027136,0.00568390172350568,0.564906490649065,0.0832416574990832,0.174734140080675
276773.411807,2778366.126422,0.0556776556776557,0.0587912087912088,0.0347985347985348,0.554029304029304,0.0932234432234432,0.203479853479853
277273.411807,2778366.126422,0.107142857142857,0.0661172161172161,0,0.257142857142857,0.147802197802198,0.421794871794872
277773.411807,2778366.126422,0.0403373670700403,0.0804913824715805,0,0.0551888522185552,0.0218188485515218,0.802163549688302
278273.411807,2778366.126422,0.0214285714285714,0,0,0,0,0.978571428571429
278773.411807,2778366.126422,0.0816849816849817,0.0404761904761905,0.000183150183150183,0.0851648351648352,0.0192307692307692,0.773260073260073
279273.411807,2778366.126422,0.359369270260359,0.154565456545655,0,0.00366703337000367,0.0331866519985332,0.449211587825449
279773.411807,2778366.126422,0.299084249084249,0.0146520146520147,0.0159340659340659,0.0183150183150183,0.015018315018315,0.636996336996337
280273.411807,2778366.126422,0.24047619047619,0.00714285714285714,0.0419413919413919,0.0115384615384615,0.0263736263736264,0.672527472527473
280773.411807,2778366.126422,0.147598093142648,0.203703703703704,0.0011001100110011,0.0227356068940227,0.063989732306564,0.560872753942061
281273.411807,2778366.126422,0.351098901098901,0.00311355311355311,0.00274725274725275,0.043040293040293,0.0904761904761905,0.509523809523809
281773.411807,2778366.126422,0.583699633699634,0.0763736263736264,0,0.00402930402930403,0.0254578754578755,0.31043956043956
282273.411807,2778366.126422,0.600843417675101,0.0121012101210121,0.000916758342500917,0.000366703337000367,0.00495049504950495,0.380821415474881
282773.411807,2778366.126422,0.148168498168498,0.0272893772893773,0.0492673992673993,0.0487179487179487,0.0485347985347985,0.678021978021978
283273.411807,2778366.126422,0.73021978021978,0.0108058608058608,0,0.00293040293040293,0.0126373626373626,0.243406593406593
283773.411807,2778366.126422,0.882654932159883,0.0386872020535387,0,0,0,0.0786578657865787
284273.411807,2778366.126422,0.715934065934066,0.00952380952380952,0,0.000732600732600733,0.0210622710622711,0.252747252747253
284773.411807,2778366.126422,0.499450549450549,0.0296703296703297,0,0.0117216117216117,0.0261904761904762,0.432967032967033
285273.411807,2778366.126422,0.665566556655666,0.0196186285295196,0,0,0.00605060506050605,0.308764209754309
285773.411807,2778366.126422,0.68974358974359,0.000549450549450549,0,0.000915750915750916,0.015018315018315,0.293772893772894
286273.411807,2778366.126422,0.626556776556777,0.000549450549450549,0,0.00274725274725275,0.0234432234432234,0.346703296703297
286773.411807,2778366.126422,0.55977264393106,0.0397873120645398,0,0.00935093509350935,0.026952695269527,0.364136413641364
287273.411807,2778366.126422,0.636630036630037,0.00476190476190476,0,0.0175824175824176,0.0536630036630037,0.287362637362637
287773.411807,2778366.126422,0.544384753133794,0.00665131747249936,0,0.150166282936812,0.0519314402660527,0.246866206190842
275273.411807,2777866.126422,0.102598446289847,0.131797481918028,0.00535762121618002,0.341816233592285,0.126171979641039,0.29225823734262
275773.411807,2777866.126422,0.0493306436823767,0.0729873464148175,0.004401247019989,0.494590133871264,0.133871263524665,0.244819365486888
276273.411807,2777866.126422,0.0207073483599047,0.179036100421477,0.0113615539673813,0.621770203408466,0.0765988638446033,0.0905259299981675
276773.411807,2777866.126422,0.0453294182418792,0.0895577170122958,0.0161497522481189,0.644338410717563,0.12864745824922,0.0759772435309231
277273.411807,2777866.126422,0.0850907757197873,0.0792224463598019,0.00348432055749129,0.253805244819366,0.146891619292133,0.431505593251421
277773.411807,2777866.126422,0.104452996151732,0.0481949789261499,0.00128275609309144,0.428440535092542,0.103536741799524,0.314091991936962
278273.411807,2777866.126422,0.0919434758671316,0.120756102037071,0,0.0359699027344467,0.0282620664342081,0.723068452927143
278773.411807,2777866.126422,0.155143957454612,0.000366770584999083,0,0.00238400880249404,0.000916926462497708,0.841188336695397
279273.411807,2777866.126422,0.169873556899395,0.0207073483599047,0,0.0377496793109767,0.0604727872457394,0.711196628183984
279773.411807,2777866.126422,0.420994677922555,0.0231235089007157,0.00201871903101487,0.00367039823820885,0.0146815929528354,0.535511102954671
280273.411807,2777866.126422,0.350449293966624,0.000366770584999083,0,0,0,0.649183935448377
280773.411807,2777866.126422,0.171889316474253,0.0139270661535642,0.00164925783397471,0.0775151181968114,0.0613890415979476,0.673630199743449
281273.411807,2777866.126422,0.305010093595155,0.0847861993026243,0,0.00660671682877592,0.0275279867865663,0.576069003486878
281773.411807,2777866.126422,0.285714285714286,0.0324591967724189,0,0.039611223179901,0.0724371905373189,0.569778103796076
282273.411807,2777866.126422,0.765072384093824,0.00384826827927433,0.000733003481766538,0.00641378046545721,0.021073850100788,0.202858713578889
282773.411807,2777866.126422,0.878326298403377,0.00146815929528354,0,0,0.00532207744540283,0.114883464855937
283273.411807,2777866.126422,0.801393728222996,0.0414450761048964,0,0.000733541169998166,0.00110031175499725,0.155327342747112
283773.411807,2777866.126422,0.567344694887301,0.00183250870441635,0,0.00146600696353308,0.0106285504856148,0.418728238959135
284273.411807,2777866.126422,0.589649476968251,0.00440447788585061,0,0.00660671682877592,0.0337676637915214,0.365571664525601
284773.411807,2777866.126422,0.689895470383275,0.00330093526499175,0,0.00458463231248854,0.0192554557124519,0.282963506326793
285273.411807,2777866.126422,0.555433388308594,0.026571376214037,0,0.000183250870441635,0.00458127176104087,0.413230712845886
285773.411807,2777866.126422,0.576436043310699,0.000550559735731327,0,0.00220223894292531,0.0176179115434025,0.403193246467242
286273.411807,2777866.126422,0.62791124151843,0.10819732257473,0,0,0.00898587933247754,0.254905556574363
286773.411807,2777866.126422,0.531244273410299,0.00623052959501558,0,0.00879604178119846,0.0437969580355507,0.409932197177937
287273.411807,2777866.126422,0.709304459533859,0.0179849513672233,0.000183519911910442,0.00972655533125344,0.0100935951550743,0.252706918700679
287773.411807,2777866.126422,0.766316867161505,0,0,0.00972613258254415,0.0153570514461223,0.208599948809829
275273.411807,2777366.126422,0.024390243902439,0.170731707317073,0.0517287590458322,0.0415438220316269,0.053068882337175,0.658536585365854
275773.411807,2777366.126422,0.0436617134470739,0.167125298110438,0.00752155567785727,0.468354430379747,0.0638414969730325,0.249495505411851
276273.411807,2777366.126422,0.0397435897435897,0.18974358974359,0.00201465201465201,0.506959706959707,0.0985347985347985,0.163003663003663
276773.411807,2777366.126422,0.031743119266055,0.11394495412844,0.0139449541284404,0.679266055045872,0.0473394495412844,0.113761467889908
277273.411807,2777366.126422,0.0662263804806457,0.149880755824619,0.00697119794533113,0.492570170610897,0.103650706292423,0.180700788846083
277773.411807,2777366.126422,0.156227106227106,0.138644688644689,0.000549450549450549,0.0666666666666667,0.0714285714285714,0.566483516483516
278273.411807,2777366.126422,0.258348623853211,0.0185321100917431,0.00825688073394495,0.00018348623853211,0.00348623853211009,0.711192660550459
278773.411807,2777366.126422,0.249862410566868,0.00146762062006971,0,0.000550357732526142,0.00366905155017428,0.744450559530361
279273.411807,2777366.126422,0.201648351648352,0.0021978021978022,0,0.00934065934065934,0.0271062271062271,0.75970695970696
279773.411807,2777366.126422,0.401467889908257,0.0275229357798165,0.0036697247706422,0.00256880733944954,0.0152293577981651,0.54954128440367
280273.411807,2777366.126422,0.367822417904972,0.0198128783709411,0.00183452577508714,0.00898917629792699,0.026967528893781,0.574573472757292
280773.411807,2777366.126422,0.202197802197802,0.00549450549450549,0.00347985347985348,0.00164835164835165,0.0126373626373626,0.774542124542125
281273.411807,2777366.126422,0.530091743119266,0,0,0.00256880733944954,0.00770642201834862,0.459633027522936
281773.411807,2777366.126422,0.695101816180517,0.00238488350761328,0,0.00825536598789213,0.0352228948816731,0.259035039442304
282273.411807,2777366.126422,0.571978021978022,0.00421245421245421,0,0.0183150183150183,0.0518315018315018,0.353663003663004
282773.411807,2777366.126422,0.354311926605505,0.00477064220183486,0,0.0073394495412844,0.0401834862385321,0.593394495412844
283273.411807,2777366.126422,0.747752705925518,0.00110071546505228,0,0.00697119794533113,0.02568336085122,0.218492019812878
283773.411807,2777366.126422,0.798168498168498,0.034981684981685,0,0.000366300366300366,0.0032967032967033,0.163186813186813
284273.411807,2777366.126422,0.666605504587156,0.00422018348623853,0,0.0273394495412844,0.115229357798165,0.186605504587156
284773.411807,2777366.126422,0.810493487433498,0.00183452577508714,0,0.00476976701522656,0.0148596587782058,0.168042560997982
285273.411807,2777366.126422,0.787912087912088,0.000366300366300366,0,0.00494505494505494,0.0166666666666667,0.19010989010989
285773.411807,2777366.126422,0.68605504587156,0.00165137614678899,0,0.00073394495412844,0.0132110091743119,0.298348623853211
286273.411807,2777366.126422,0.689414786277747,0.160337552742616,0,0.00146762062006971,0.00403595670519171,0.144744083654375
286773.411807,2777366.126422,0.589010989010989,0.00531135531135531,0,0.00457875457875458,0.0256410256410256,0.375457875457875
287273.411807,2777366.126422,0.535045871559633,0.00954128440366972,0,0.0425688073394495,0.0499082568807339,0.362935779816514
287773.411807,2777366.126422,0.629193341869398,0.000768245838668374,0,0.00819462227912932,0.0143405889884763,0.347503201024328
275273.411807,2776866.126422,0.0989834135901552,0.199036918138042,0.0374531835205993,0.137239165329053,0.0754414125200642,0.451845906902087
275773.411807,2776866.126422,0.0657509157509158,0.17985347985348,0.00457875457875458,0.233699633699634,0.0642857142857143,0.451831501831502
276273.411807,2776866.126422,0.101576824349102,0.228822882288229,0.00238357169050238,0.231573157315732,0.107444077741107,0.328199486615328
276773.411807,2776866.126422,0.0652014652014652,0.469047619047619,0.0159340659340659,0.172893772893773,0.0681318681318681,0.208791208791209
277273.411807,2776866.126422,0.110989010989011,0.264468864468864,0.000549450549450549,0.165018315018315,0.0798534798534798,0.379120879120879
277773.411807,2776866.126422,0.0682068206820682,0.0907590759075908,0,0.378804547121379,0.109460946094609,0.352768610194353
278273.411807,2776866.126422,0.446703296703297,0.00879120879120879,0.00604395604395604,0.0293040293040293,0.0344322344322344,0.474725274725275
278773.411807,2776866.126422,0.103296703296703,0.000915750915750916,0,0.0316849816849817,0.0304029304029304,0.833699633699634
279273.411807,2776866.126422,0.297579757975798,0.000733406674000733,0.000366703337000367,0.024019068573524,0.0254858819215255,0.651815181518152
279773.411807,2776866.126422,0.76959706959707,0.000732600732600733,0,0.00677655677655678,0.0111721611721612,0.211721611721612
280273.411807,2776866.126422,0.614652014652015,0.0117216117216117,0,0.00366300366300366,0.0155677655677656,0.354395604395604
280773.411807,2776866.126422,0.563256325632563,0,0,0.000183351668500183,0.00293362669600293,0.433626696002934
281273.411807,2776866.126422,0.176190476190476,0.0249084249084249,0.0824175824175824,0,0.00732600732600733,0.709157509157509
281773.411807,2776866.126422,0.138278388278388,0.0164835164835165,0.0106227106227106,0.054029304029304,0.0767399267399267,0.703846153846154
282273.411807,2776866.126422,0.485331866519985,0.0115511551155116,0.00586725339200587,0.0104510451045105,0.0223689035570224,0.464429776310964
282773.411807,2776866.126422,0.882234432234432,0.000183150183150183,0,0.0043956043956044,0.00915750915750916,0.104029304029304
283273.411807,2776866.126422,0.47985347985348,0.000549450549450549,0,0.00879120879120879,0.0225274725274725,0.488278388278388
283773.411807,2776866.126422,0.722955628896223,0.00146681334800147,0,0.0359369270260359,0.0674734140080675,0.172167216721672
284273.411807,2776866.126422,0.658424908424908,0.00347985347985348,0,0.0553113553113553,0.0626373626373626,0.22014652014652
284773.411807,2776866.126422,0.564835164835165,0.00677655677655678,0,0.080952380952381,0.093040293040293,0.254395604395604
285273.411807,2776866.126422,0.804363769710304,0,0,0.00055005500550055,0.00458379171250458,0.19050238357169
285773.411807,2776866.126422,0.707509157509158,0.00769230769230769,0,0.00366300366300366,0.0261904761904762,0.254945054945055
286273.411807,2776866.126422,0.598717948717949,0.0032967032967033,0,0.00989010989010989,0.036996336996337,0.351098901098901
286773.411807,2776866.126422,0.369086908690869,0.0227356068940227,0,0.0238357169050238,0.0353868720205354,0.548954895489549
287273.411807,2776866.126422,0.344322344322344,0.0126373626373626,0,0.0879120879120879,0.117582417582418,0.437545787545788
287773.411807,2776866.126422,0.646201074443592,0.00255819902788437,0,0.0434893834740343,0.0429777436684574,0.264773599386032
275273.411807,2776366.126422,0.012858290918832,0.19849986605947,0.0597374765604072,0.324671845700509,0.0581301901955532,0.346102330565229
275773.411807,2776366.126422,0.0491472583898771,0.0823399963322941,0.0350265908674124,0.646066385475885,0.08399046396479,0.103429304969741
276273.411807,2776366.126422,0.0485614806670332,0.61095840205241,0.00238226131574125,0.0461792193512919,0.0318856514568444,0.260032985156679
276773.411807,2776366.126422,0.0515690952468343,0.216002936318591,0.000183519911910442,0.23251972839053,0.0991007524316388,0.400623967700496
277273.411807,2776366.126422,0.024390243902439,0.0383275261324042,0.0022006235099945,0.829635063267926,0.0788556757748029,0.0265908674124335
277773.411807,2776366.126422,0.128458860179586,0.181051859996335,0.00971229613340663,0.202492211838006,0.0518599963349826,0.426424775517684
278273.411807,2776366.126422,0.27784914663241,0.0139475133051936,0.00844191594788034,0.0273444668746559,0.0418425399155808,0.63057441732428
278773.411807,2776366.126422,0.112965340179718,0.00550155877498625,0.0286081056299285,0.017604988079956,0.0374105996699065,0.797909407665505
279273.411807,2776366.126422,0.26571376214037,0.0241891148982958,0,0.0256551218618288,0.0373831775700935,0.647058823529412
279773.411807,2776366.126422,0.657918884198936,0.00752431638832813,0,0.0229399889888053,0.0412919801798495,0.270324830244081
280273.411807,2776366.126422,0.754813863928113,0.000183385292499542,0,0,0,0.245002750779387
280773.411807,2776366.126422,0.785596481583288,0.00329851566794942,0.00201575957485798,0.000733003481766538,0.00256551218618288,0.205790727505956
281273.411807,2776366.126422,0.70948797944577,0.000550559735731327,0,0,0.00165167920719398,0.288309781611305
281773.411807,2776366.126422,0.404547955253989,0.0053181734824867,0.0185219145424537,0.00256739409499358,0.0121034293049697,0.556941133321108
282273.411807,2776366.126422,0.225765072384094,0.0159428257284222,0.0595565328935312,0.0168590800806304,0.0185083379146051,0.663368150998717
282773.411807,2776366.126422,0.570563406129565,0.0012846393833731,0,0.0150486327766563,0.0629473297852817,0.350155991925124
283273.411807,2776366.126422,0.682193288098294,0,0,0.010819732257473,0.035209976159912,0.271777003484321
283773.411807,2776366.126422,0.338830859446582,0.00439802089059923,0,0.00971229613340663,0.0425142019424592,0.604544621586953
284273.411807,2776366.126422,0.450724903652046,0.000734079647641769,0,0.00165167920719398,0.0161497522481189,0.530739585244999
284773.411807,2776366.126422,0.49202273977627,0.0053181734824867,0,0.00586832935998533,0.0284247203374289,0.468366037043829
285273.411807,2776366.126422,0.427890782481217,0.0337181601612608,0,0.00329851566794942,0.0225398570643211,0.512552684625252
285773.411807,2776366.126422,0.556248853000551,0.00844191594788034,0,0.0141310332171041,0.0486327766562672,0.372545421178198
286273.411807,2776366.126422,0.62002567394095,0.00880249403997799,0,0.039611223179901,0.0447460113698881,0.286814597469283
286773.411807,2776366.126422,0.601062855048561,0.0126443100604728,0,0.0109950522264981,0.0278541323071285,0.347443650357339
287273.411807,2776366.126422,0.650578087722518,0.00256927876674619,0,0.0600110111947146,0.0392732611488346,0.247568361167187
287773.411807,2776366.126422,0.355003839262862,0.00614282057844894,0,0.037112874328129,0.0849756846685436,0.516764781162017
275273.411807,2775866.126422,0.0335030822835701,0.0787992495309568,0.0474403645135352,0.475743768426695,0.123291342803538,0.241222192441705
275773.411807,2775866.126422,0.0807191341038342,0.0948449825720051,0.0232984773436067,0.0897083104017612,0.0585213722252798,0.652907723353513
276273.411807,2775866.126422,0.167216117216117,0.154945054945055,0,0.00531135531135531,0.0408424908424908,0.631684981684982
276773.411807,2775866.126422,0.0662385321100917,0.446605504587156,0,0.0488073394495413,0.0445871559633028,0.393761467889908
277273.411807,2775866.126422,0.0498991010823702,0.344523940561365,0.011557512383049,0.286552926068611,0.0658594753256283,0.241607044578976
277773.411807,2775866.126422,0.0706959706959707,0.131135531135531,0.00567765567765568,0.343589743589744,0.163369963369963,0.285531135531136
278273.411807,2775866.126422,0.260366972477064,0.0414678899082569,0.00458715596330275,0.016697247706422,0.0622018348623853,0.614678899082569
278773.411807,2775866.126422,0.477527059255183,0.0225646670335718,0.00220143093010457,0.125848468170978,0.0832874701889562,0.288570904421207
279273.411807,2775866.126422,0.358791208791209,0.0142857142857143,0,0.0642857142857143,0.0706959706959707,0.491941391941392
279773.411807,2775866.126422,0.711926605504587,0.0055045871559633,0.00220183486238532,0.00477064220183486,0.013394495412844,0.262201834862385
280273.411807,2775866.126422,0.495321959273528,0.00421940928270042,0.000183452577508714,0.0376077783892864,0.0572372041827188,0.405430196294258
280773.411807,2775866.126422,0.723809523809524,0.000732600732600733,0,0.00146520146520147,0.00641025641025641,0.267582417582418
281273.411807,2775866.126422,0.592660550458716,0.00238532110091743,0,0.011743119266055,0.0376146788990826,0.355596330275229
281773.411807,2775866.126422,0.768666299761512,0.00220143093010457,0,0.00183452577508714,0.01284168042561,0.214456063107687
282273.411807,2775866.126422,0.794871794871795,0,0,0.000915750915750916,0.00421245421245421,0.2
282773.411807,2775866.126422,0.768990825688073,0.00036697247706422,0,0.00623853211009174,0.0196330275229358,0.204770642201835
283273.411807,2775866.126422,0.385066960190791,0.00843881856540084,0,0.126215373325995,0.291689598238855,0.188589249678958
283773.411807,2775866.126422,0.681318681318681,0.00842490842490842,0.000366300366300366,0.00549450549450549,0.0278388278388278,0.276556776556777
284273.411807,2775866.126422,0.784770642201835,0.00110091743119266,0,0.00073394495412844,0.00678899082568807,0.206605504587156
284773.411807,2775866.126422,0.667767382131719,0.000366905155017428,0,0.00091726288754357,0.0100898917629793,0.320858558062741
285273.411807,2775866.126422,0.7003663003663,0.000549450549450549,0,0.00970695970695971,0.0344322344322344,0.254945054945055
285773.411807,2775866.126422,0.528256880733945,0.0280733944954128,0,0.0190825688073394,0.0515596330275229,0.37302752293578
286273.411807,2775866.126422,0.586681342872867,0.0387084938543387,0,0.0847550908090259,0.0473307649972482,0.24252430746652
286773.411807,2775866.126422,0.358791208791209,0.0921245421245421,0.000183150183150183,0.222344322344322,0.16025641025641,0.166300366300366
287273.411807,2775866.126422,0.259449541284404,0.0462385321100917,0,0.155229357798165,0.0939449541284404,0.445137614678899
287773.411807,2775866.126422,0.277592829705506,0.00921895006402049,0,0.243021766965429,0.185915492957746,0.284250960307298
275273.411807,2775366.126422,0.0446762974852863,0.0545746388443018,0,0.538523274478331,0.0698234349919743,0.292402354200107
275773.411807,2775366.126422,0.0657509157509158,0.0527472527472527,0.0119047619047619,0.396703296703297,0.101465201465201,0.371428571428571
276273.411807,2775366.126422,0.107260726072607,0.0698569856985699,0.00531719838650532,0.0784745141180785,0.0881921525485882,0.650898423175651
276773.411807,2775366.126422,0.158974358974359,0.106227106227106,0.000549450549450549,0.0564102564102564,0.0842490842490843,0.593589743589744
277273.411807,2775366.126422,0.100732600732601,0.303846153846154,0.000183150183150183,0.093956043956044,0.0721611721611722,0.429120879120879
277773.411807,2775366.126422,0.0669233590025669,0.446461312797946,0.096993032636597,0.0185185185185185,0.0649064906490649,0.306197286395306
278273.411807,2775366.126422,0.0545787545787546,0.375824175824176,0.0468864468864469,0.211721611721612,0.067032967032967,0.243956043956044
278773.411807,2775366.126422,0.0485347985347985,0.0946886446886447,0.00402930402930403,0.395421245421245,0.0970695970695971,0.36025641025641
279273.411807,2775366.126422,0.0944261092775944,0.252841950861753,0.00788412174550788,0.143564356435644,0.107444077741107,0.393839383938394
279773.411807,2775366.126422,0.186996336996337,0.129120879120879,0.000183150183150183,0.149267399267399,0.0804029304029304,0.454029304029304
280273.411807,2775366.126422,0.247069597069597,0.0708791208791209,0.000732600732600733,0.0695970695970696,0.080952380952381,0.530769230769231
280773.411807,2775366.126422,0.365236523652365,0.0214521452145215,0.000733406674000733,0.0166850018335167,0.0458379171250458,0.55005500550055
281273.411807,2775366.126422,0.872161172161172,0.000732600732600733,0.000366300366300366,0,0.00311355311355311,0.123626373626374
281773.411807,2775366.126422,0.616666666666667,0,0,0.0141025641025641,0.0395604395604396,0.32967032967033
282273.411807,2775366.126422,0.712687935460213,0.00128346167950128,0,0.0187018701870187,0.0302530253025303,0.237073707370737
282773.411807,2775366.126422,0.823443223443223,0.000915750915750916,0,0.00586080586080586,0.0206959706959707,0.149084249084249
283273.411807,2775366.126422,0.643223443223443,0.000915750915750916,0,0.00659340659340659,0.039010989010989,0.31025641025641
283773.411807,2775366.126422,0.575357535753575,0.00201686835350202,0,0.0214521452145215,0.0430876420975431,0.358085808580858
284273.411807,2775366.126422,0.686446886446886,0.000732600732600733,0,0.015018315018315,0.0294871794871795,0.268315018315018
284773.411807,2775366.126422,0.4503663003663,0.0124542124542125,0,0.19047619047619,0.128388278388278,0.218315018315018
285273.411807,2775366.126422,0.28034470113678,0.0276861019435277,0,0.160982764943161,0.117161716171617,0.413824715804914
285773.411807,2775366.126422,0.724175824175824,0.00256410256410256,0,0.0043956043956044,0.026007326007326,0.242857142857143
286273.411807,2775366.126422,0.647985347985348,0.0250915750915751,0,0.0265567765567766,0.0276556776556777,0.272710622710623
286773.411807,2775366.126422,0.474880821415475,0.0817748441510818,0,0.160982764943161,0.0759075907590759,0.206453978731206
287273.411807,2775366.126422,0.100915750915751,0.173992673992674,0.0119047619047619,0.525274725274725,0.13021978021978,0.0576923076923077
287773.411807,2775366.126422,0.0936300844205679,0.109490918393451,0.00281401893067281,0.334612432847276,0.207725761064211,0.251726784343822
275273.411807,2774866.126422,0,0.0337530136619341,0,0.232252879721404,0.0597374765604072,0.674256630056255
275773.411807,2774866.126422,0.0555657436273611,0.133137722354667,0,0.198056115899505,0.0977443609022556,0.515496057216211
276273.411807,2774866.126422,0.0962067069818582,0.0276708814366868,0.0194245922668133,0.115081546637347,0.0670698185816383,0.674546454095657
276773.411807,2774866.126422,0.0699210864378785,0.0385391815011929,0.0671682877592219,0.0155991925123876,0.0266103872270141,0.782161864562305
277273.411807,2774866.126422,0.0174216027874564,0.108564093159729,0.0590500641848524,0.239684577296901,0.100311754997249,0.474967907573813
277773.411807,2774866.126422,0.0819131390874107,0.109767271394539,0.083745647791827,0.0262048744731537,0.068719076415613,0.629649990837456
278273.411807,2774866.126422,0.0642319691686548,0.240227564690769,0.0311983850247752,0.184437511469994,0.0912093962194898,0.388695173426317
278773.411807,2774866.126422,0.112598569594719,0.154593801577114,0.0022006235099945,0.30808729139923,0.178800660187053,0.243719053731891
279273.411807,2774866.126422,0.0905259299981675,0.143302180685358,0.00513102437236577,0.135788894997251,0.184716877405168,0.44053509254169
279773.411807,2774866.126422,0.082583960359699,0.184253991558084,0,0.14956872820701,0.127913378601578,0.455679941273628
280273.411807,2774866.126422,0.077205208142307,0.245369521364387,0.0100861910874748,0.0605171465248487,0.0784889051898038,0.528333027691179
280773.411807,2774866.126422,0.16144401685908,0.110866776617189,0.00311526479750779,0.0685358255451713,0.132673630199743,0.523364485981308
281273.411807,2774866.126422,0.184437511469994,0.11635162415122,0.000550559735731327,0.0840521196549826,0.0979996329601762,0.516608552027895
281773.411807,2774866.126422,0.645699614890886,0.00770218228498074,0.000366770584999083,0.0374105996699065,0.0634513112048414,0.245369521364387
282273.411807,2774866.126422,0.939893714495144,0,0,0.00238226131574125,0.00641378046545721,0.0513102437236577
282773.411807,2774866.126422,0.765094512754634,0.00770783630023858,0,0.0034868783262984,0.0124793540099101,0.211231418608919
283273.411807,2774866.126422,0.772235466715569,0.000916926462497708,0,0.00458463231248854,0.0146708233999633,0.207592151109481
283773.411807,2774866.126422,0.703683342495877,0.000733003481766538,0,0.00219901044529962,0.0141103170240059,0.279274326553051
284273.411807,2774866.126422,0.535511102954671,0.0034868783262984,0,0.00844191594788034,0.0324830244081483,0.420077078363002
284773.411807,2774866.126422,0.623509994498441,0.00550155877498625,0,0.00916926462497708,0.0245736291949386,0.337245552906657
285273.411807,2774866.126422,0.308960967564596,0.0300531427524281,0.000916254352208173,0.221550302363936,0.139453912406084,0.299065420560748
285773.411807,2774866.126422,0.391631492016884,0.00440447788585061,0,0.291062580289961,0.144613690585429,0.168287759221876
286273.411807,2774866.126422,0.449660737208876,0.00476801760498808,0,0.157161195672107,0.0836236933797909,0.304786356134238
286773.411807,2774866.126422,0.495876855415063,0.0500274876305662,0,0.0692688290269379,0.0716510903426791,0.313175737584754
287273.411807,2774866.126422,0.155991925123876,0.156726004771518,0.0047715177096715,0.346118553863094,0.210130299137456,0.126261699394384
287773.411807,2774866.126422,0.0726900435116458,0.1924750447914,0.0552853852060404,0.330432556949066,0.142820578448938,0.20629639109291
275273.411807,2774366.126422,0.043956043956044,0.410881801125704,0.00241222192441705,0.0589654248190834,0.0718306084159743,0.411953899758778
275773.411807,2774366.126422,0.0720968629609246,0.344523940561365,0,0.190790680609063,0.0961291506145661,0.296459365254082
276273.411807,2774366.126422,0.0587912087912088,0.139377289377289,0,0.493406593406593,0.146153846153846,0.162271062271062
276773.411807,2774366.126422,0.0735779816513761,0.0394495412844037,0,0.112844036697248,0.053394495412844,0.720733944954128
277273.411807,2774366.126422,0.073747936158503,0.0324711062190424,0.0297193175564117,0.017978352595854,0.0348559897266557,0.811227297743533
277773.411807,2774366.126422,0.0421245421245421,0.40970695970696,0.0282051282051282,0.0010989010989011,0.0119047619047619,0.506959706959707
278273.411807,2774366.126422,0.0372477064220183,0.25743119266055,0.0401834862385321,0.105504587155963,0.0988990825688073,0.460733944954128
278773.411807,2774366.126422,0.0931939093744267,0.0565033938726839,0.001284168042561,0.467070262337186,0.18547055586131,0.196477710511833
279273.411807,2774366.126422,0.487728937728938,0.0357142857142857,0,0.0144688644688645,0.0531135531135531,0.408974358974359
279773.411807,2774366.126422,0.585871559633028,0.119633027522936,0.0036697247706422,0.0108256880733945,0.0170642201834862,0.262935779816514
280273.411807,2774366.126422,0.54778939644102,0.0322876536415337,0.001284168042561,0.0240322876536415,0.0546688680975968,0.339937626123647
280773.411807,2774366.126422,0.565934065934066,0.00421245421245421,0,0.00641025641025641,0.0232600732600733,0.40018315018315
281273.411807,2774366.126422,0.48954128440367,0.132477064220183,0.0018348623853211,0.00917431192660551,0.0478899082568807,0.319082568807339
281773.411807,2774366.126422,0.166758392955421,0.245276096129151,0.00293524124013942,0.103467253714915,0.113924050632911,0.367638965327463
282273.411807,2774366.126422,0.238095238095238,0.114652014652015,0,0.06996336996337,0.0954212454212454,0.481868131868132
282773.411807,2774366.126422,0.445504587155963,0.0181651376146789,0,0.0165137614678899,0.0827522935779817,0.437064220183486
283273.411807,2774366.126422,0.30673270959457,0.00972298660796184,0.000550357732526142,0.0355898000366905,0.0854889011190607,0.561915244909191
283773.411807,2774366.126422,0.268131868131868,0.00531135531135531,0,0.0163003663003663,0.0912087912087912,0.619047619047619
284273.411807,2774366.126422,0.585688073394495,0.00605504587155963,0,0.0330275229357798,0.0297247706422018,0.345504587155963
284773.411807,2774366.126422,0.591267657310585,0.00220143093010457,0,0.0456796917996698,0.0333883691065859,0.327462850853054
285273.411807,2774366.126422,0.191575091575092,0.00989010989010989,0,0.392124542124542,0.149267399267399,0.257142857142857
285773.411807,2774366.126422,0.210825688073394,0.0172477064220183,0.00055045871559633,0.389724770642202,0.142385321100917,0.239266055045872
286273.411807,2774366.126422,0.118143459915612,0.105485232067511,0.00587048248027885,0.235553109521189,0.229132269308384,0.305815446707026
286773.411807,2774366.126422,0.296520146520147,0.080952380952381,0.00476190476190476,0.183882783882784,0.15018315018315,0.283699633699634
287273.411807,2774366.126422,0.0667889908256881,0.208623853211009,0.0260550458715596,0.300183486238532,0.165871559633028,0.232477064220183
287773.411807,2774366.126422,0.0873239436619718,0.203329065300896,0.0842509603072983,0.424583866837388,0.123687580025608,0.0768245838668374
275273.411807,2773866.126422,0.0556447298020332,0.447833065810594,0,0.0508293204922418,0.0620652755484216,0.383627608346709
275773.411807,2773866.126422,0.0452380952380952,0.391025641025641,0.000183150183150183,0.256227106227106,0.0714285714285714,0.235897435897436
276273.411807,2773866.126422,0.0458379171250458,0.0876420975430876,0.000183351668500183,0.618811881188119,0.11954528786212,0.127979464613128
276773.411807,2773866.126422,0.126556776556777,0.227106227106227,0,0.0641025641025641,0.0465201465201465,0.535714285714286
277273.411807,2773866.126422,0.0836996336996337,0.0864468864468864,0.0391941391941392,0.242857142857143,0.0858974358974359,0.461904761904762
277773.411807,2773866.126422,0.101026769343601,0.153832049871654,0.0022002200220022,0.186835350201687,0.0691235790245691,0.486982031536487
278273.411807,2773866.126422,0.0727106227106227,0.148717948717949,0.00586080586080586,0.385531135531136,0.132600732600733,0.254578754578755
278773.411807,2773866.126422,0.093956043956044,0.0347985347985348,0.00238095238095238,0.615567765567766,0.128571428571429,0.124725274725275
279273.411807,2773866.126422,0.235973597359736,0.0342867620095343,0.00751741840850752,0.162999633296663,0.10982764943161,0.449394939493949
279773.411807,2773866.126422,0.578388278388278,0.000183150183150183,0,0,0.00256410256410256,0.418864468864469
280273.411807,2773866.126422,0.804945054945055,0,0,0,0.000366300366300366,0.194688644688645
280773.411807,2773866.126422,0.820498716538321,0,0,0.000183351668500183,0.00146681334800147,0.177851118445178
281273.411807,2773866.126422,0.784981684981685,0.000915750915750916,0,0.00164835164835165,0.00787545787545788,0.204578754578755
281773.411807,2773866.126422,0.707326007326007,0.00934065934065934,0,0.00128205128205128,0.0181318681318681,0.263919413919414
282273.411807,2773866.126422,0.641364136413641,0.0264026402640264,0.00165016501650165,0.0100843417675101,0.057022368903557,0.263476347634763
282773.411807,2773866.126422,0.35952380952381,0.0184981684981685,0,0.0542124542124542,0.0935897435897436,0.474175824175824
283273.411807,2773866.126422,0.435714285714286,0.00402930402930403,0.00805860805860806,0.00695970695970696,0.00897435897435897,0.536263736263736
283773.411807,2773866.126422,0.221855518885222,0.00165016501650165,0,0.00531719838650532,0.00293362669600293,0.768243491015768
284273.411807,2773866.126422,0.279487179487179,0.00695970695970696,0.00879120879120879,0.0197802197802198,0.026007326007326,0.658974358974359
284773.411807,2773866.126422,0.44047619047619,0.0188644688644689,0,0.113919413919414,0.108608058608059,0.318131868131868
285273.411807,2773866.126422,0.540520718738541,0.00311697836450312,0,0.0854418775210854,0.0522552255225523,0.318665199853319
285773.411807,2773866.126422,0.160989010989011,0.0470695970695971,0.00311355311355311,0.21978021978022,0.187179487179487,0.381868131868132
286273.411807,2773866.126422,0.0415750915750916,0.142307692307692,0.0184981684981685,0.306776556776557,0.233882783882784,0.256959706959707
286773.411807,2773866.126422,0.0500550055005501,0.222955628896223,0.063989732306564,0.379354602126879,0.123762376237624,0.15988265493216
287273.411807,2773866.126422,0.114468864468864,0.173626373626374,0.0619047619047619,0.32014652014652,0.161904761904762,0.167948717948718
287773.411807,2773866.126422,0.21770273727296,0.0677922742389358,0.0125351752366334,0.224865694551036,0.160143259145562,0.316960859554873
275273.411807,2773366.126422,0.0921510849182963,0.10983123493169,0.343423519957139,0.015001339405304,0.0233056522903831,0.416287168497187
275773.411807,2773366.126422,0.0949935815147625,0.342747111681643,0,0.0161379057399597,0.0388776820099028,0.507243719053732
276273.411807,2773366.126422,0.0392156862745098,0.275426058273777,0.200476452263148,0.118746564046179,0.0452629649990837,0.320872274143302
276773.411807,2773366.126422,0.0956138741053404,0.308129932097633,0.000367039823820885,0.0941457148100569,0.12038906221325,0.381354376949899
277273.411807,2773366.126422,0.0882083256922795,0.0951769668072621,0.00293416467999266,0.553090042178617,0.104896387309738,0.155694113332111
277773.411807,2773366.126422,0.0634048011728056,0.0379329301814184,0.0331684075499359,0.54480483782298,0.109034267912773,0.211654755360088
278273.411807,2773366.126422,0.0915764360433107,0.022389429253074,0.0110111947146265,0.686731510368875,0.14516425032116,0.0431271792989539
