"x","y","forest","agri","water","built","other","grass"
262773.411807,2765366.126422,0.116111796136457,0.554459515002055,0,0.0260994656802302,0.0228113440197287,0.280517879161529
263273.411807,2765366.126422,0.193211009174312,0.206238532110092,0.00275229357798165,0.0743119266055046,0.0825688073394495,0.440917431192661
263773.411807,2765366.126422,0.096862960924601,0.393505778756192,0.0487983856173179,0.0289855072463768,0.0654925701706109,0.366354797284902
264273.411807,2765366.126422,0.0712454212454212,0.435897435897436,0.116666666666667,0.0225274725274725,0.0399267399267399,0.313736263736264
264773.411807,2765366.126422,0.0418348623853211,0.461651376146789,0,0.0194495412844037,0.0438532110091743,0.433211009174312
265273.411807,2765366.126422,0.0691616217207852,0.322509631260319,0.20821867547239,0.00568702990277013,0.0709961474958723,0.323426894147863
265773.411807,2765366.126422,0.0624542124542125,0.480769230769231,0.00879120879120879,0.0205128205128205,0.0457875457875458,0.381684981684982
266273.411807,2765366.126422,0.100917431192661,0.224587155963303,0.00165137614678899,0.192110091743119,0.160366972477064,0.320366972477064
266773.411807,2765366.126422,0.168226013575491,0.0682443588332416,0.000183452577508714,0.170977802238121,0.0970464135021097,0.495321959273528
267273.411807,2765366.126422,0.113553113553114,0.158241758241758,0.000183150183150183,0.134615384615385,0.126556776556777,0.466849816849817
267773.411807,2765366.126422,0.0634862385321101,0.29302752293578,0.102201834862385,0.00825688073394495,0.0794495412844037,0.453577981651376
268273.411807,2765366.126422,0.124013942395891,0.206200697119795,0.0185287103283801,0.0293524124013942,0.133370023848835,0.488534213905705
268773.411807,2765366.126422,0.0992673992673993,0.296886446886447,0,0.0122710622710623,0.121611721611722,0.46996336996337
269273.411807,2765366.126422,0.112844036697248,0.370642201834862,0.000917431192660551,0.00238532110091743,0.0394495412844037,0.473761467889908
269773.411807,2765366.126422,0.127316088791048,0.316822601357549,0,0.00238488350761328,0.0961291506145661,0.457347275729224
270273.411807,2765366.126422,0.101282051282051,0.295238095238095,0,0.00201465201465201,0.185714285714286,0.415750915750916
270773.411807,2765366.126422,0.110275229357798,0.256146788990826,0,0.00165137614678899,0.120733944954128,0.511192660550459
271273.411807,2765366.126422,0.11410750321042,0.432397725188039,0,0.011557512383049,0.0706292423408549,0.371308016877637
271773.411807,2765366.126422,0.0322344322344322,0.543223443223443,0,0.00128205128205128,0.0358974358974359,0.387362637362637
272273.411807,2765366.126422,0.0713761467889908,0.408073394495413,0,0.0515596330275229,0.113211009174312,0.355779816513761
272773.411807,2765366.126422,0.192258301229132,0.362685745734728,0.0150431113557145,0.00642084021280499,0.010273344340488,0.413318657127133
273273.411807,2765366.126422,0.114285714285714,0.177106227106227,0.00164835164835165,0.316117216117216,0.159340659340659,0.231501831501832
273773.411807,2765366.126422,0.0955963302752294,0.280917431192661,0.210275229357798,0.108256880733945,0.0631192660550459,0.241834862385321
274273.411807,2765366.126422,0.0610897083104018,0.348192992111539,0.161805173362686,0.0614566134654192,0.060906255732893,0.306549257017061
274773.411807,2765366.126422,0.0467032967032967,0.107875457875458,0.0549450549450549,0.604945054945055,0.121245421245421,0.0642857142857143
262773.411807,2764866.126422,0.148673658235657,0.304133251079581,0,0.0783466995681678,0.0816368496812667,0.387209541435328
263273.411807,2764866.126422,0.257509157509157,0.213003663003663,0,0.0833333333333333,0.104212454212454,0.341941391941392
263773.411807,2764866.126422,0.0851648351648352,0.434798534798535,0.00732600732600733,0.0490842490842491,0.0595238095238095,0.364102564102564
264273.411807,2764866.126422,0.0740740740740741,0.614228089475614,0.00495049504950495,0.0335533553355336,0.0386872020535387,0.234506784011734
264773.411807,2764866.126422,0.0593406593406593,0.500549450549451,0,0.0342490842490843,0.0595238095238095,0.346336996336996
265273.411807,2764866.126422,0.0608058608058608,0.432417582417582,0.184798534798535,0.00915750915750916,0.0305860805860806,0.282234432234432
265773.411807,2764866.126422,0.154198753208654,0.422992299229923,0.0133846718005134,0.0033003300330033,0.0218188485515218,0.384305097176384
266273.411807,2764866.126422,0.0782051282051282,0.226190476190476,0.0278388278388278,0.0412087912087912,0.0765567765567766,0.55
266773.411807,2764866.126422,0.255128205128205,0.100732600732601,0,0.147435897435897,0.153113553113553,0.343589743589744
267273.411807,2764866.126422,0.190685735240191,0.141730839750642,0,0.0121012101210121,0.262192885955262,0.393289328932893
267773.411807,2764866.126422,0.172710622710623,0.154212454212454,0,0.0282051282051282,0.360989010989011,0.283882783882784
268273.411807,2764866.126422,0.151465201465201,0.142673992673993,0,0.0313186813186813,0.31043956043956,0.364102564102564
268773.411807,2764866.126422,0.126145947928126,0.341584158415842,0.00421708837550422,0.00348368170150348,0.123028969563623,0.401540154015402
269273.411807,2764866.126422,0.0655677655677656,0.473443223443223,0.0117216117216117,0.00641025641025641,0.167399267399267,0.275457875457875
269773.411807,2764866.126422,0.145054945054945,0.275091575091575,0,0.0326007326007326,0.104761904761905,0.442490842490842
270273.411807,2764866.126422,0.0405207187385405,0.488815548221489,0,0.00055005500550055,0.0485881921525486,0.421525485881922
270773.411807,2764866.126422,0.095970695970696,0.441025641025641,0,0.00915750915750916,0.17967032967033,0.274175824175824
271273.411807,2764866.126422,0.0664835164835165,0.538095238095238,0,0.00146520146520147,0.11043956043956,0.283516483516484
271773.411807,2764866.126422,0.0836083608360836,0.371103777044371,0,0.000366703337000367,0.0234690135680235,0.521452145214521
272273.411807,2764866.126422,0.114285714285714,0.508608058608059,0,0.010989010989011,0.158424908424908,0.207692307692308
272773.411807,2764866.126422,0.0945054945054945,0.647252747252747,0,0.00274725274725275,0.0732600732600733,0.182234432234432
273273.411807,2764866.126422,0.138797213054639,0.251375137513751,0.0174184085075174,0.0755408874220755,0.211221122112211,0.305647231389806
273773.411807,2764866.126422,0.10989010989011,0.0756410256410256,0.0357142857142857,0.254945054945055,0.181684981684982,0.342124542124542
274273.411807,2764866.126422,0.213369963369963,0.146153846153846,0.021978021978022,0.297985347985348,0.0902930402930403,0.23021978021978
274773.411807,2764866.126422,0.115878254492116,0.0691235790245691,0.00201686835350202,0.610561056105611,0.115878254492116,0.0865419875320865
262773.411807,2764366.126422,0.142886513157895,0.524465460526316,0,0.0602384868421053,0.0444078947368421,0.228001644736842
263273.411807,2764366.126422,0.115434024591668,0.516975591851716,0,0.0805652413286842,0.0557900532207745,0.231235089007157
263773.411807,2764366.126422,0.150009169264625,0.271593618191821,0,0.0966440491472584,0.0847240051347882,0.397029158261507
264273.411807,2764366.126422,0.165475536008796,0.289169873556899,0,0.0716510903426791,0.0833791460509437,0.390324354040682
264773.411807,2764366.126422,0.0567076527803267,0.572031565424849,0,0.0132134336575518,0.0394567810607451,0.318590567076528
265273.411807,2764366.126422,0.0496974142673758,0.586099394828535,0,0.0133871263524665,0.0319090408949202,0.318907023656703
265773.411807,2764366.126422,0.0945574491478835,0.202675462708448,0,0.0185083379146051,0.089792926516401,0.594465823712663
266273.411807,2764366.126422,0.065149568728207,0.270875389979813,0.000367039823820885,0.0737750045879978,0.12461002018719,0.465222976692971
266773.411807,2764366.126422,0.14780854575463,0.434806528516413,0.00165046763249587,0.0121034293049697,0.0408949202273978,0.362736108564093
267273.411807,2764366.126422,0.263331500824629,0.119479567527946,0,0,0.0553417628733736,0.561847168774052
267773.411807,2764366.126422,0.121490181684713,0.206092861075427,0,0,0.0710222059093412,0.601394751330519
268273.411807,2764366.126422,0.135705116449661,0.325325508894187,0,0.00146708233999633,0.23620025673941,0.301302035576747
268773.411807,2764366.126422,0.157595748579806,0.202492211838006,0,0.00146600696353308,0.178119846069269,0.460326186549386
269273.411807,2764366.126422,0.126812259130116,0.274729308129932,0,0.000183519911910442,0.129198017984951,0.46907689484309
269773.411807,2764366.126422,0.0618008435723455,0.466165413533835,0,0.000183385292499542,0.0315422703099211,0.440308087291399
270273.411807,2764366.126422,0.0971229613340663,0.504123144584937,0,0,0.0498442367601246,0.348909657320872
270773.411807,2764366.126422,0.122774821068086,0.330335841438796,0,0.00146815929528354,0.0633143696091026,0.482106808588732
271273.411807,2764366.126422,0.104529616724739,0.337612323491656,0,0.00238400880249404,0.215110948101962,0.340363102879149
271773.411807,2764366.126422,0.114165292285138,0.479567527945758,0,0.000733003481766538,0.0141103170240059,0.391423859263332
272273.411807,2764366.126422,0.181868232703248,0.360616626904019,0,0.0034868783262984,0.176546155257845,0.277482106808589
272773.411807,2764366.126422,0.222813130386943,0.314689161929213,0,0.00293416467999266,0.153126719237117,0.306436823766734
273273.411807,2764366.126422,0.183434121312076,0.145501191130658,0,0.00201575957485798,0.112516034451164,0.556532893531244
273773.411807,2764366.126422,0.227931730592769,0.132134336575518,0.00697375665259681,0.114883464855937,0.17030647825289,0.347770233070288
274273.411807,2764366.126422,0.135705116449661,0.0731707317073171,0.0022006235099945,0.46781588116633,0.154043645699615,0.167064001467082
274773.411807,2764366.126422,0.0718343412131208,0.0690855781564962,0.000366501740883269,0.70514934945941,0.125710097122961,0.0278541323071285
262773.411807,2763866.126422,0.0686395396629675,0.487053020961776,0,0.00842581175503494,0.0561035758323058,0.379778051787916
263273.411807,2763866.126422,0.100550458715596,0.34605504587156,0.0998165137614679,0.0779816513761468,0.121651376146789,0.25394495412844
263773.411807,2763866.126422,0.0924600990643919,0.40653091175931,0.000550357732526142,0.155751238304898,0.104934874334984,0.239772518803889
264273.411807,2763866.126422,0.106410256410256,0.376739926739927,0,0.0296703296703297,0.0562271062271062,0.430952380952381
264773.411807,2763866.126422,0.088256880733945,0.35394495412844,0.0306422018348624,0.0462385321100917,0.0544954128440367,0.426422018348624
265273.411807,2763866.126422,0.139057053751605,0.286186020913594,0,0.00770500825536599,0.0552192258301229,0.511832691249312
265773.411807,2763866.126422,0.0591575091575092,0.267765567765568,0.000183150183150183,0.000366300366300366,0.0250915750915751,0.647435897435897
266273.411807,2763866.126422,0.0388990825688073,0.130275229357798,0,0.061651376146789,0.0721100917431193,0.697064220183486
266773.411807,2763866.126422,0.117960007338103,0.119977985690699,0,0.000183452577508714,0.0491652907723353,0.712713263621354
267273.411807,2763866.126422,0.388095238095238,0.138461538461538,0,0.00146520146520147,0.0912087912087912,0.380769230769231
267773.411807,2763866.126422,0.167889908256881,0.295779816513761,0,0.00018348623853211,0.0212844036697248,0.514862385321101
268273.411807,2763866.126422,0.134654191891396,0.218675472390387,0,0.000183452577508714,0.062190423775454,0.584296459365254
268773.411807,2763866.126422,0.26043956043956,0.214835164835165,0,0.000915750915750916,0.185714285714286,0.338095238095238
269273.411807,2763866.126422,0.255963302752294,0.274311926605505,0,0.0161467889908257,0.19743119266055,0.256146788990826
269773.411807,2763866.126422,0.156301596037424,0.423041643735094,0,0.000183452577508714,0.0546688680975968,0.365804439552376
270273.411807,2763866.126422,0.093040293040293,0.38021978021978,0,0.000183150183150183,0.0754578754578755,0.451098901098901
270773.411807,2763866.126422,0.124403669724771,0.308807339449541,0,0.00568807339449541,0.10697247706422,0.454128440366972
271273.411807,2763866.126422,0.127316088791048,0.216474041460283,0,0.00403595670519171,0.099431297009723,0.552742616033755
271773.411807,2763866.126422,0.107142857142857,0.252197802197802,0,0.0032967032967033,0.404578754578755,0.232783882783883
272273.411807,2763866.126422,0.105871559633028,0.252660550458716,0,0.0106422018348624,0.372660550458716,0.258165137614679
272773.411807,2763866.126422,0.108787378462667,0.371858374610163,0,0.0612731608879105,0.260319207484865,0.197761878554394
273273.411807,2763866.126422,0.073992673992674,0.305494505494506,0,0.101465201465201,0.113919413919414,0.405128205128205
273773.411807,2763866.126422,0.107339449541284,0.155596330275229,0.0234862385321101,0.586238532110092,0.071743119266055,0.0555963302752294
274273.411807,2763866.126422,0.118510365070629,0.0728306732709595,0.0078884608328747,0.617501375894331,0.148046230049532,0.0352228948816731
274773.411807,2763866.126422,0.0437728937728938,0.0652014652014652,0,0.651831501831502,0.173443223443223,0.0657509157509158
262773.411807,2763366.126422,0.0481184454040716,0.499074645280691,0.00246761258482418,0.0172732880937693,0.159983549249435,0.27308245938721
263273.411807,2763366.126422,0.071978021978022,0.344688644688645,0.0366300366300366,0.071978021978022,0.0811355311355311,0.393589743589744
263773.411807,2763366.126422,0.0816849816849817,0.310622710622711,0.058974358974359,0.194322344322344,0.11025641025641,0.244139194139194
264273.411807,2763366.126422,0.0674734140080675,0.535386872020535,0.000733406674000733,0.041987532086542,0.0555555555555556,0.298863219655299
264773.411807,2763366.126422,0.123992673992674,0.365201465201465,0.0135531135531136,0.0346153846153846,0.0862637362637363,0.376373626373626
265273.411807,2763366.126422,0.0602564102564103,0.397435897435897,0,0.17032967032967,0.0895604395604396,0.282417582417582
265773.411807,2763366.126422,0.092042537587092,0.399339933993399,0,0,0.0317198386505317,0.476897689768977
266273.411807,2763366.126422,0.076007326007326,0.319230769230769,0,0.000549450549450549,0.0705128205128205,0.533699633699634
266773.411807,2763366.126422,0.0811355311355311,0.0487179487179487,0,0.0010989010989011,0.0485347985347985,0.82051282051282
267273.411807,2763366.126422,0.163916391639164,0.136413641364136,0,0.00201686835350202,0.104327099376604,0.593325999266593
267773.411807,2763366.126422,0.193223443223443,0.141025641025641,0,0.00164835164835165,0.11959706959707,0.544505494505494
268273.411807,2763366.126422,0.126190476190476,0.200732600732601,0,0.000732600732600733,0.113369963369963,0.558974358974359
268773.411807,2763366.126422,0.0973597359735974,0.327649431609828,0,0,0.0368536853685369,0.538137147048038
269273.411807,2763366.126422,0.1496336996337,0.234981684981685,0,0.0358974358974359,0.224175824175824,0.355311355311355
269773.411807,2763366.126422,0.305311355311355,0.18992673992674,0,0.00256410256410256,0.0721611721611722,0.43003663003663
270273.411807,2763366.126422,0.0896589658965897,0.298313164649798,0,0.000183351668500183,0.0966263292995966,0.515218188485515
270773.411807,2763366.126422,0.0542124542124542,0.505677655677656,0,0,0.036996336996337,0.403113553113553
271273.411807,2763366.126422,0.0921245421245421,0.235531135531136,0.000549450549450549,0.00732600732600733,0.145787545787546,0.518681318681319
271773.411807,2763366.126422,0.130913091309131,0.0979097909790979,0,0.0155848918225156,0.264943160982765,0.490649064906491
272273.411807,2763366.126422,0.114835164835165,0.35018315018315,0,0.0470695970695971,0.0789377289377289,0.408974358974359
272773.411807,2763366.126422,0.224358974358974,0.232783882783883,0,0.0723443223443224,0.0761904761904762,0.394322344322344
273273.411807,2763366.126422,0.151815181518152,0.207370737073707,0.00403373670700403,0.0781078107810781,0.111844517785112,0.446828016134947
273773.411807,2763366.126422,0.0983516483516483,0.0822344322344322,0.000366300366300366,0.587728937728938,0.172710622710623,0.0586080586080586
274273.411807,2763366.126422,0.113553113553114,0.0694139194139194,0.00183150183150183,0.635897435897436,0.131318681318681,0.047985347985348
274773.411807,2763366.126422,0.0788412174550788,0.113678034470114,0.0128346167950128,0.585808580858086,0.113127979464613,0.0957095709570957
262773.411807,2762866.126422,0.113486842105263,0.428248355263158,0,0.0789473684210526,0.127261513157895,0.252055921052632
263273.411807,2762866.126422,0.0899247568361167,0.457515140392733,0,0.0306478252890439,0.0622132501376399,0.359699027344467
263773.411807,2762866.126422,0.0618008435723455,0.365303502659087,0,0.24390243902439,0.125802310654686,0.203190904089492
264273.411807,2762866.126422,0.123877588418545,0.131574124977094,0,0.257650723840938,0.311526479750779,0.175371083012644
264773.411807,2762866.126422,0.116535144063131,0.456781060745091,0,0.022389429253074,0.101670031198385,0.302624334740319
265273.411807,2762866.126422,0.129286631212177,0.451127819548872,0,0,0.194938565927013,0.224646983311938
265773.411807,2762866.126422,0.15924500641378,0.119296316657504,0,0.000366501740883269,0.143118929814917,0.577973245372916
266273.411807,2762866.126422,0.287942741787484,0.113782345384474,0,0,0.131767296751698,0.466507616076344
266773.411807,2762866.126422,0.261874197689345,0.335044929396662,0,0,0.0137538969374656,0.389326975976527
267273.411807,2762866.126422,0.120212571009712,0.284038849184534,0,0.00256551218618288,0.0896096756459593,0.503573391973612
267773.411807,2762866.126422,0.27381170857038,0.159295283538264,0,0.0352358230868049,0.208111580106442,0.32354560469811
268273.411807,2762866.126422,0.122317990097194,0.232532550889419,0,0,0.0297084173849257,0.615441041628461
268773.411807,2762866.126422,0.0995052226498076,0.441268096023456,0,0.000366501740883269,0.0417811984606927,0.41707898112516
269273.411807,2762866.126422,0.271976509451275,0.288493301523215,0.000550559735731327,0.00275279867865663,0.0950633143696091,0.341163516241512
269773.411807,2762866.126422,0.286814597469283,0.113882266642215,0,0.0275077938749312,0.220979277461948,0.350816064551623
270273.411807,2762866.126422,0.175920835623969,0.126443100604728,0,0.0996884735202492,0.266263514751695,0.331684075499359
270773.411807,2762866.126422,0.0967149935768031,0.264268673151037,0,0,0.0345017434391632,0.604514589832997
271273.411807,2762866.126422,0.150192554557125,0.44782688428388,0.00623509994498441,0.0066018705299835,0.0330093526499175,0.35613423803411
271773.411807,2762866.126422,0.169690306028954,0.0980392156862745,0,0.114531794026022,0.128825361920469,0.488913322338281
272273.411807,2762866.126422,0.128280418425399,0.212332538080382,0,0.116535144063131,0.178197834465039,0.364654064966049
272773.411807,2762866.126422,0.220979277461948,0.0739042728773152,0,0.17183201907207,0.274894553456813,0.258389877131854
273273.411807,2762866.126422,0.197177936595199,0.158695253802456,0.000183250870441635,0.127909107568261,0.126259849734286,0.389774601429357
273773.411807,2762866.126422,0.158010644154891,0.0559735731326849,0.00275279867865663,0.569278766746192,0.129381537896862,0.0846026793907139
274273.411807,2762866.126422,0.101045296167247,0.0671190170548322,0.004401247019989,0.671740326425821,0.102512378507244,0.053181734824867
274773.411807,2762866.126422,0.136521898479018,0.0514934945940993,0.0439802089059923,0.529228513835441,0.101520982224666,0.137254901960784
262773.411807,2762366.126422,0.101109741060419,0.446157007809289,0.00020550760378134,0.00123304562268804,0.00493218249075216,0.44636251541307
263273.411807,2762366.126422,0.0704587155963303,0.486788990825688,0.0963302752293578,0.0113761467889908,0.0919266055045872,0.243119266055046
263773.411807,2762366.126422,0.161071363052651,0.367272060172445,0.002568336085122,0.0113740598055403,0.203082003302146,0.254632177582095
264273.411807,2762366.126422,0.246336996336996,0.394505494505494,0,0.000549450549450549,0.162454212454212,0.196153846153846
264773.411807,2762366.126422,0.203669724770642,0.329357798165138,0,0,0.252477064220184,0.214495412844037
265273.411807,2762366.126422,0.0585213722252798,0.537149146945515,0,0.00678774536782242,0.0702623371858375,0.327279398275546
265773.411807,2762366.126422,0.116666666666667,0.261355311355311,0,0,0.0710622710622711,0.550915750915751
266273.411807,2762366.126422,0.116146788990826,0.239449541284404,0.00110091743119266,0.0297247706422018,0.12697247706422,0.486605504587156
266773.411807,2762366.126422,0.182168409466153,0.0245826453861677,0,0.0632911392405063,0.0990643918547056,0.630893414052467
267273.411807,2762366.126422,0.103479853479853,0.224175824175824,0.0884615384615385,0.0703296703296703,0.0723443223443224,0.441208791208791
267773.411807,2762366.126422,0.244770642201835,0.0563302752293578,0.0462385321100917,0.124403669724771,0.153761467889908,0.374495412844037
268273.411807,2762366.126422,0.220693450742983,0.220143093010457,0,0.0100898917629793,0.0398092093193909,0.50926435516419
268773.411807,2762366.126422,0.232783882783883,0.212271062271062,0.0272893772893773,0.0296703296703297,0.0928571428571429,0.405128205128205
269273.411807,2762366.126422,0.392110091743119,0.0326605504587156,0.0245871559633028,0.0779816513761468,0.191926605504587,0.280733944954128
269773.411807,2762366.126422,0.411851036507063,0.0447624289121262,0,0.0258668134287287,0.164373509447808,0.353146211704274
270273.411807,2762366.126422,0.252014652014652,0.102747252747253,0,0.0406593406593407,0.27051282051282,0.334065934065934
270773.411807,2762366.126422,0.0493577981651376,0.573394495412844,0.0146788990825688,0.0455045871559633,0.0785321100917431,0.238532110091743
271273.411807,2762366.126422,0.0794349660612732,0.547972849018529,0,0.0280682443588332,0.0434782608695652,0.3010456796918
271773.411807,2762366.126422,0.101282051282051,0.0642857142857143,0,0.294322344322344,0.13003663003663,0.41007326007326
272273.411807,2762366.126422,0.179816513761468,0.0913761467889908,0.0557798165137615,0.0976146788990826,0.125321100917431,0.450091743119266
272773.411807,2762366.126422,0.0900752155567786,0.073747936158503,0.00385250412768299,0.312786644652357,0.173913043478261,0.345624656026417
273273.411807,2762366.126422,0.0904761904761905,0.219413919413919,0.00146520146520147,0.310805860805861,0.0793040293040293,0.298534798534799
273773.411807,2762366.126422,0.0988990825688073,0.0445871559633028,0.013394495412844,0.685321100917431,0.0840366972477064,0.0737614678899083
274273.411807,2762366.126422,0.0854889011190607,0.0572372041827188,0.0110071546505228,0.698587415153183,0.104384516602458,0.0432948082920565
274773.411807,2762366.126422,0.122161172161172,0.0703296703296703,0.00549450549450549,0.656043956043956,0.10018315018315,0.0457875457875458
262773.411807,2761866.126422,0.17622866543286,0.236068270614847,0,0.00164507505654945,0.0845157310302283,0.501542257865515
263273.411807,2761866.126422,0.0791208791208791,0.232234432234432,0,0.000732600732600733,0.082967032967033,0.604945054945055
263773.411807,2761866.126422,0.112454212454212,0.448168498168498,0,0,0.138827838827839,0.300549450549451
264273.411807,2761866.126422,0.256325632563256,0.259075907590759,0,0.00238357169050238,0.265493215988265,0.216721672167217
264773.411807,2761866.126422,0.164652014652015,0.186446886446886,0,0.0542124542124542,0.283516483516484,0.311172161172161
265273.411807,2761866.126422,0.0556776556776557,0.134432234432234,0.000183150183150183,0.423076923076923,0.18992673992674,0.196703296703297
265773.411807,2761866.126422,0.0702236890355702,0.12046204620462,0.0452878621195453,0.445727906123946,0.131096442977631,0.187202053538687
266273.411807,2761866.126422,0.0840659340659341,0.183150183150183,0.0285714285714286,0.18021978021978,0.0820512820512821,0.441941391941392
266773.411807,2761866.126422,0.0857142857142857,0.264102564102564,0.00238095238095238,0.0912087912087912,0.0891941391941392,0.467399267399267
267273.411807,2761866.126422,0.0968096809680968,0.223872387238724,0.131829849651632,0.044004400440044,0.0665566556655666,0.436927026035937
267773.411807,2761866.126422,0.251282051282051,0.0386446886446886,0.00164835164835165,0.102747252747253,0.106410256410256,0.499267399267399
268273.411807,2761866.126422,0.0534798534798535,0.394139194139194,0.00915750915750916,0.0489010989010989,0.0336996336996337,0.460622710622711
268773.411807,2761866.126422,0.107260726072607,0.218738540520719,0.00385038503850385,0.253208654198753,0.0797579757975798,0.337183718371837
269273.411807,2761866.126422,0.215750915750916,0.0723443223443224,0.000183150183150183,0.272161172161172,0.121062271062271,0.318498168498168
269773.411807,2761866.126422,0.356410256410256,0.0181318681318681,0.000183150183150183,0.0752747252747253,0.117582417582418,0.432417582417582
270273.411807,2761866.126422,0.170517051705171,0.0498716538320499,0,0.0735240190685735,0.121195452878621,0.584891822515585
270773.411807,2761866.126422,0.0906593406593407,0.117216117216117,0.00238095238095238,0.326007326007326,0.136630036630037,0.327106227106227
271273.411807,2761866.126422,0.158058608058608,0.104395604395604,0.00421245421245421,0.366666666666667,0.135897435897436,0.230769230769231
271773.411807,2761866.126422,0.173267326732673,0.0727906123945728,0.011001100110011,0.455078841217455,0.099009900990099,0.188852218555189
272273.411807,2761866.126422,0.113553113553114,0.111904761904762,0.0122710622710623,0.574908424908425,0.105494505494505,0.0818681318681319
272773.411807,2761866.126422,0.0831501831501831,0.0974358974358974,0.0663003663003663,0.671611721611722,0.0413919413919414,0.0401098901098901
273273.411807,2761866.126422,0.0586725339200587,0.0704070407040704,0.00788412174550788,0.760542720938761,0.0786578657865787,0.0238357169050238
273773.411807,2761866.126422,0.0672161172161172,0.0838827838827839,0.0184981684981685,0.618681318681319,0.14010989010989,0.0716117216117216
274273.411807,2761866.126422,0.192857142857143,0.0738095238095238,0.00256410256410256,0.372161172161172,0.17985347985348,0.178754578754579
274773.411807,2761866.126422,0.11991199119912,0.0594059405940594,0.00568390172350568,0.536486982031536,0.118261826182618,0.16024935826916
262773.411807,2761366.126422,0.216488486842105,0.154399671052632,0,0.0277549342105263,0.113075657894737,0.48828125
263273.411807,2761366.126422,0.100018351991191,0.253808038172142,0.017434391631492,0.00183519911910442,0.0524866948063865,0.574417324279684
263773.411807,2761366.126422,0.0592334494773519,0.306070053181735,0.122134604804695,0.0476801760498808,0.0537318907023657,0.411149825783972
264273.411807,2761366.126422,0.089792926516401,0.212204507971413,0.0293201392706615,0.188565145684442,0.140553417628734,0.339563862928349
264773.411807,2761366.126422,0.148467608735548,0.285556982932648,0,0.098733712607818,0.0855202789502661,0.38172141677372
265273.411807,2761366.126422,0.0423620025673941,0.800660187052998,0,0.013203741059967,0.0115532734274711,0.132220795892169
265773.411807,2761366.126422,0.0683525746747297,0.340480117280557,0.0903426791277259,0.0945574491478835,0.0569910207073484,0.349276159061756
266273.411807,2761366.126422,0.198017984951367,0.0844191594788034,0.0466140576252523,0.405395485410167,0.0803817214167737,0.185171591117636
266773.411807,2761366.126422,0.0542820465798643,0.161745827984596,0.0141206675224647,0.426920960938933,0.159361819182102,0.183568677792041
267273.411807,2761366.126422,0.0881436686824262,0.0995052226498076,0.00274876305662452,0.221000549752611,0.0958402052409749,0.492761590617555
267773.411807,2761366.126422,0.134887135254175,0.0561570930445953,0,0.320792806019453,0.18241879243898,0.305744173242797
268273.411807,2761366.126422,0.070419952319824,0.12818631945718,0,0.384558958371539,0.101778837337246,0.315055932514212
268773.411807,2761366.126422,0.166025288620121,0.0445299615173172,0.000183250870441635,0.461425691772036,0.144218435037566,0.183617372182518
269273.411807,2761366.126422,0.264452193062947,0.0418425399155808,0.00752431638832813,0.254175077995963,0.149935768030831,0.28207010460635
269773.411807,2761366.126422,0.10012836970475,0.0665688611773336,0.00366770584999083,0.167247386759582,0.176416651384559,0.485971025123785
270273.411807,2761366.126422,0.203225215319773,0.0478284771852666,0.0234561114165292,0.167674546454096,0.0980392156862745,0.459776433938061
270773.411807,2761366.126422,0.0869884382455496,0.0816663608001468,0.0256927876674619,0.662873921820518,0.0992842723435493,0.0434942191227748
271273.411807,2761366.126422,0.0830735375022923,0.0418118466898955,0.00586832935998533,0.722904823033193,0.0821566110397946,0.0641848523748395
271773.411807,2761366.126422,0.0648708081363387,0.0580905259299982,0.00274876305662452,0.654938610958402,0.119113065787062,0.100238226131574
272273.411807,2761366.126422,0.0361534226463571,0.0288126261699394,0.0422095797394017,0.794457698660305,0.0732244448522665,0.0251422279317306
272773.411807,2761366.126422,0.103245919677242,0.0218228498074454,0.0163212910324592,0.669906473500825,0.0665688611773336,0.122134604804695
273273.411807,2761366.126422,0.068719076415613,0.127909107568261,0.0128275609309144,0.674179952354774,0.0725673446948873,0.0437969580355507
273773.411807,2761366.126422,0.142962011378235,0.0541383740135805,0.00110111947146265,0.447054505413837,0.165534960543219,0.189209029179666
274273.411807,2761366.126422,0.198239501192004,0.0559325142123602,0.00953603520997616,0.3598019438841,0.109664404914726,0.266825600586833
274773.411807,2761366.126422,0.124977093641195,0.0784313725490196,0.00128275609309144,0.409748946307495,0.157778999450247,0.227780831958952
262773.411807,2760866.126422,0.0811755034936293,0.25154130702836,0,0.094327990135635,0.163584052609947,0.409371146732429
263273.411807,2760866.126422,0.0728440366972477,0.538899082568807,0.038348623853211,0.00899082568807339,0.0308256880733945,0.310091743119266
263773.411807,2760866.126422,0.0658594753256283,0.715098147128967,0.0475142175747569,0.0225646670335718,0.0368739680792515,0.112089524857824
264273.411807,2760866.126422,0.0985347985347985,0.271978021978022,0.1,0.254945054945055,0.0822344322344322,0.192307692307692
264773.411807,2760866.126422,0.0614678899082569,0.160366972477064,0.0100917431192661,0.540550458715596,0.104587155963303,0.122935779816514
265273.411807,2760866.126422,0.0781507980187122,0.263621353880022,0.0273344340487984,0.161071363052651,0.0937442671069529,0.376077783892864
265773.411807,2760866.126422,0.106959706959707,0.21043956043956,0.0353479853479853,0.373076923076923,0.0763736263736264,0.197802197802198
266273.411807,2760866.126422,0.0805504587155963,0.0807339449541284,0.000917431192660551,0.505871559633028,0.0906422018348624,0.241284403669725
266773.411807,2760866.126422,0.293157218858925,0.0643918547055586,0.0104567969179967,0.318290221977619,0.169143276463034,0.144560631076867
267273.411807,2760866.126422,0.0891941391941392,0.0426739926739927,0.000549450549450549,0.428205128205128,0.146886446886447,0.292490842490843
267773.411807,2760866.126422,0.218165137614679,0.0697247706422018,0,0.210642201834862,0.165137614678899,0.336330275229358
268273.411807,2760866.126422,0.107686662997615,0.0730141258484682,0.000550357732526142,0.192074848651624,0.177398642450926,0.449275362318841
268773.411807,2760866.126422,0.431135531135531,0.0338827838827839,0,0.162087912087912,0.123076923076923,0.24981684981685
269273.411807,2760866.126422,0.209357798165138,0.138532110091743,0.0425688073394495,0.160917431192661,0.128256880733945,0.320366972477064
269773.411807,2760866.126422,0.129334067143643,0.114841313520455,0.00366905155017428,0.421023665382499,0.160887910475142,0.170243991928087
270273.411807,2760866.126422,0.112087912087912,0.0745421245421245,0.0122710622710623,0.32985347985348,0.154395604395604,0.316849816849817
270773.411807,2760866.126422,0.0796330275229358,0.0346788990825688,0.0104587155963303,0.726788990825688,0.104220183486239,0.0442201834862385
271273.411807,2760866.126422,0.0346725371491469,0.0201797835259585,0.00421940928270042,0.866446523573656,0.0590717299578059,0.015410016510732
271773.411807,2760866.126422,0.0620879120879121,0.0371794871794872,0.000183150183150183,0.786630036630037,0.0617216117216117,0.0521978021978022
272273.411807,2760866.126422,0.0422018348623853,0.0631192660550459,0.00587155963302752,0.805688073394495,0.0609174311926605,0.0222018348623853
272773.411807,2760866.126422,0.0201797835259585,0.0170610897083104,0.000183452577508714,0.900935608145294,0.0576041093377362,0.00403595670519171
273273.411807,2760866.126422,0.0728937728937729,0.0822344322344322,0.00311355311355311,0.703479853479854,0.0972527472527473,0.041025641025641
273773.411807,2760866.126422,0.0508256880733945,0.0655045871559633,0.00330275229357798,0.770825688073394,0.0504587155963303,0.0590825688073394
274273.411807,2760866.126422,0.110438451660246,0.0299027701339204,0.00532012474775271,0.743716749220327,0.0627407815079802,0.0478811227297744
274773.411807,2760866.126422,0.247985347985348,0.0496336996336996,0.00549450549450549,0.38003663003663,0.164468864468864,0.152380952380952
262773.411807,2760366.126422,0.0653917334978408,0.627390499691548,0.0555212831585441,0.00164507505654945,0.0137775035986017,0.236273904996915
263273.411807,2760366.126422,0.0697802197802198,0.458608058608059,0.0393772893772894,0.114102564102564,0.0697802197802198,0.248351648351648
263773.411807,2760366.126422,0.105128205128205,0.277106227106227,0,0.123626373626374,0.126923076923077,0.367216117216117
264273.411807,2760366.126422,0.112394572790612,0.275394206087275,0,0.156765676567657,0.116978364503117,0.338467180051338
264773.411807,2760366.126422,0.138095238095238,0.245604395604396,0.0287545787545788,0.0948717948717949,0.106410256410256,0.386263736263736
265273.411807,2760366.126422,0.185531135531136,0.103479853479853,0,0.205128205128205,0.138095238095238,0.367765567765568
265773.411807,2760366.126422,0.182251558489182,0.077007700770077,0.000183351668500183,0.378437843784378,0.0883755042170884,0.273744041070774
266273.411807,2760366.126422,0.0364468864468864,0.0761904761904762,0.000183150183150183,0.484432234432234,0.155860805860806,0.246886446886447
266773.411807,2760366.126422,0.0857142857142857,0.0785714285714286,0,0.551465201465202,0.128754578754579,0.155494505494505
267273.411807,2760366.126422,0.111111111111111,0.0892922625595893,0,0.348734873487349,0.0927759442610928,0.358085808580858
267773.411807,2760366.126422,0.253479853479853,0.0507326007326007,0.00421245421245421,0.163553113553114,0.162637362637363,0.365384615384615
268273.411807,2760366.126422,0.261172161172161,0.114102564102564,0.0210622710622711,0.0551282051282051,0.0741758241758242,0.474358974358974
268773.411807,2760366.126422,0.302163549688302,0.0381371470480381,0.011001100110011,0.132196552988632,0.117895122845618,0.398606527319399
269273.411807,2760366.126422,0.227106227106227,0.189194139194139,0.0534798534798535,0.0492673992673993,0.06996336996337,0.410989010989011
269773.411807,2760366.126422,0.123992673992674,0.123626373626374,0.0135531135531136,0.137912087912088,0.105311355311355,0.495604395604396
270273.411807,2760366.126422,0.0903923725705904,0.224789145581225,0.000366703337000367,0.203153648698203,0.11019435276861,0.371103777044371
270773.411807,2760366.126422,0.115750915750916,0.0655677655677656,0.00347985347985348,0.657142857142857,0.105860805860806,0.0521978021978022
271273.411807,2760366.126422,0.0681318681318681,0.043956043956044,0.000366300366300366,0.721794871794872,0.104945054945055,0.0608058608058608
271773.411807,2760366.126422,0.101943527686102,0.0828749541620829,0.0102676934360103,0.451961862852952,0.113678034470114,0.239273927392739
272273.411807,2760366.126422,0.124175824175824,0.0619047619047619,0.0104395604395604,0.616117216117216,0.113003663003663,0.0743589743589744
272773.411807,2760366.126422,0.0454212454212454,0.0489010989010989,0,0.81025641025641,0.0732600732600733,0.0221611721611722
273273.411807,2760366.126422,0.103410341034103,0.0498716538320499,0.00055005500550055,0.657132379904657,0.132379904657132,0.0566556655665567
273773.411807,2760366.126422,0.103479853479853,0.0298534798534799,0.00256410256410256,0.73021978021978,0.0681318681318681,0.0657509157509158
274273.411807,2760366.126422,0.093040293040293,0.0230769230769231,0.00238095238095238,0.501648351648352,0.0708791208791209,0.308974358974359
274773.411807,2760366.126422,0.143014301430143,0.0726072607260726,0,0.138980564723139,0.138430509717638,0.506967363403007
262773.411807,2759866.126422,0.122944078947368,0.343544407894737,0.0108963815789474,0.0793585526315789,0.0902549342105263,0.353001644736842
263273.411807,2759866.126422,0.101486511286475,0.236006606716829,0.0233070288126262,0.231051569095247,0.0836850798311617,0.324463204257662
263773.411807,2759866.126422,0.070786722904823,0.27214377406932,0.0517146524848707,0.140473134054649,0.127269392994682,0.337612323491656
264273.411807,2759866.126422,0.189114898295767,0.371266263514752,0.0652373098772219,0.0450797141286421,0.0461792193512919,0.283122594832325
264773.411807,2759866.126422,0.100935951550743,0.187190310148651,0.0115617544503579,0.207010460634979,0.112681225913012,0.380620297302257
265273.411807,2759866.126422,0.175132954337062,0.15606088391711,0,0.276361635796809,0.121951219512195,0.270493306436824
265773.411807,2759866.126422,0.034084661902144,0.523914238592633,0.106102253985706,0.0159428257284222,0.0485614806670332,0.271394539124061
266273.411807,2759866.126422,0.121123141860892,0.221875573499725,0,0.0662506881996697,0.0638649293448339,0.52688566709488
266773.411807,2759866.126422,0.104713002017238,0.248487071336879,0.0177883733724555,0.367687511461581,0.0924261874197689,0.168897854392078
267273.411807,2759866.126422,0.0802638812534359,0.283122594832325,0.000183250870441635,0.0439802089059923,0.0738501007879787,0.518599963349826
267773.411807,2759866.126422,0.14112681225913,0.0923105156909525,0.0233070288126262,0.110111947146265,0.19911910442283,0.434024591668196
268273.411807,2759866.126422,0.224463598019439,0.0185219145424537,0.0803227581147992,0.187052998349532,0.120667522464698,0.368971208509078
268773.411807,2759866.126422,0.23877588418545,0.0885101704233095,0.0800806303829943,0.0841121495327103,0.129558365402236,0.3789628000733
269273.411807,2759866.126422,0.12883097816113,0.247017801431455,0.0144980730409249,0.105340429436594,0.0915764360433107,0.412736281886585
269773.411807,2759866.126422,0.141573445809646,0.278929029891803,0.0183385292499542,0.130020172382175,0.116633046029708,0.314505776636714
270273.411807,2759866.126422,0.151548469855232,0.0604727872457394,0.000916254352208173,0.350375664284405,0.125710097122961,0.310976727139454
270773.411807,2759866.126422,0.192879427417875,0.0776289227381171,0.0152321526885667,0.505230317489448,0.113415305560653,0.0956138741053404
271273.411807,2759866.126422,0.0537318907023657,0.0786722904823033,0.00696864111498258,0.713185402530717,0.0695030258573262,0.0779387493123052
271773.411807,2759866.126422,0.0947407000183251,0.0881436686824262,0.00384826827927433,0.643760307861462,0.083745647791827,0.085761407366685
272273.411807,2759866.126422,0.077995962561938,0.0458799779776106,0.000550559735731327,0.721416773719949,0.0820334006239677,0.0721233253808038
272773.411807,2759866.126422,0.0869246286447827,0.0429121584448927,0.00201723821749496,0.760498807995599,0.066018705299835,0.0416284613973959
273273.411807,2759866.126422,0.0425142019424592,0.0359171706065604,0.000733003481766538,0.784313725490196,0.0963899578522998,0.040131940626718
273773.411807,2759866.126422,0.156175445035786,0.0163332721600294,0,0.145714810056891,0.0895577170122958,0.592218755734997
274273.411807,2759866.126422,0.123785072437191,0.0150375939849624,0,0.15184302218962,0.0645516229598386,0.644782688428388
274773.411807,2759866.126422,0.0745831042697453,0.0907091808686091,0.00164925783397471,0.621403701667583,0.163276525563496,0.0483782297965915
262773.411807,2759366.126422,0.107891491985203,0.277024249897246,0,0.228935470612413,0.0988491574188245,0.287299630086313
263273.411807,2759366.126422,0.165688073394495,0.161467889908257,0,0.0526605504587156,0.145871559633028,0.474311926605505
263773.411807,2759366.126422,0.159053384700055,0.223445239405614,0.00752155567785727,0.0110071546505228,0.0612731608879105,0.537699504678041
