"x","y","forest","agri","water","built","other","grass"
198773.411807,2530366.126422,0.0643939393939394,0.719405594405594,0,0,0.00145687645687646,0.21474358974359
199273.411807,2530366.126422,0.175700552260176,0.192268357537329,0.00634076498261403,0.00613622417672326,0.0188177541419513,0.600736346901207
199773.411807,2530366.126422,0.0788237696548908,0.437206452930366,0.00469675311415152,0.00653461302838473,0.0253216254849908,0.447416785787217
200273.411807,2530366.126422,0.206099058534589,0.155546459271388,0,0.000818665575112567,0.00450266066311912,0.633033155955792
200773.411807,2530366.126422,0.125588054816936,0.235835549192064,0.00490897934137861,0.00859071384741256,0.0623849457966864,0.562691757005523
201273.411807,2530366.126422,0.0688176434551766,0.395344088217276,0.00224627322850725,0.0420665713702267,0.11864406779661,0.372881355932203
201773.411807,2530366.126422,0.118092509209988,0.341178878428162,0,0.0049119934506754,0.0941465411379452,0.44167007777323
202273.411807,2530366.126422,0.0922479034567396,0.271425649417059,0.00654530578850481,0.0343628553896502,0.137860503170382,0.457557782777664
202773.411807,2530366.126422,0.104553808454156,0.248111088421483,0.00612619971411068,0.0144986726567286,0.112517868082499,0.514192362671023
203273.411807,2530366.126422,0.0744985673352436,0.325624232501023,0.0194433074089235,0.0141219811706918,0.154932460090053,0.411379451494065
203773.411807,2530366.126422,0.0625894866025772,0.307424831253835,0,0.018204131724279,0.146655757823686,0.465125792595623
204273.411807,2530366.126422,0.0739228098836022,0.277721053706351,0.000204206657137023,0.0175617725137839,0.072084949969369,0.558505207269757
204773.411807,2530366.126422,0.0808432255423659,0.193409742120344,0,0.0446172738436349,0.216537044617274,0.464592713876382
205273.411807,2530366.126422,0.366946205768051,0.212926978932297,0,0.00184086725301698,0.0486807118020045,0.369605236244631
205773.411807,2530366.126422,0.108433734939759,0.11455993465387,0.000204206657137023,0.0463549111701041,0.274453747192158,0.455993465386972
206273.411807,2530366.126422,0.11563651248465,0.161277118297176,0.00286532951289398,0.0108473188702415,0.109087187883749,0.600286532951289
206773.411807,2530366.126422,0.932706074861935,0.00531806095316016,0,0,0.0032726528942524,0.0587032112906525
207273.411807,2530366.126422,0.861343679803962,0.00102103328568511,0,0,0.00122523994282214,0.136410046967531
207773.411807,2530366.126422,0.766680311092919,0,0,0.000409332787556283,0.0229226361031519,0.209987720016373
208273.411807,2530366.126422,0.85211699734097,0.00102270402945388,0,0.00040908161178155,0.0126815299652281,0.133769687052567
208773.411807,2530366.126422,0.887890545231775,0.000204206657137023,0,0,0.00326730651419236,0.108637941596896
209273.411807,2530366.126422,0.636717151043799,0.0100286532951289,0,0,0.0110519852640196,0.342202210397053
209773.411807,2530366.126422,0.193495602372673,0.0836571896093271,0.00184086725301698,0.0040908161178155,0.0425444876252812,0.674371037021886
210273.411807,2530366.126422,0.360628956503982,0.0159281192566878,0,0.000204206657137023,0.0230753522564836,0.60016336532571
210773.411807,2530366.126422,0.133851821530905,0.00777732296356938,0.00204666393778142,0.0225133033155956,0.180720425706099,0.65309046254605
211273.411807,2530366.126422,0.0601880877742947,0.090073145245559,0.00689655172413793,0.309090909090909,0.329153605015674,0.204597701149425
198773.411807,2529866.126422,0.380303419902288,0.0125996400102854,0.00617125224993572,0.0107996914373875,0.00334276163538185,0.586783234764721
199273.411807,2529866.126422,0.0742982938910292,0.407264722069345,0.000366905155017428,0.00935608145294441,0.0203632361034673,0.488350761328197
199773.411807,2529866.126422,0.0353479853479853,0.730952380952381,0,0,0.00805860805860806,0.225641025641026
200273.411807,2529866.126422,0.0959633027522936,0.560917431192661,0,0.00073394495412844,0.0343119266055046,0.308073394495413
200773.411807,2529866.126422,0.105852137222528,0.174646853788296,0,0.0697119794533113,0.205283434232251,0.444505595303614
201273.411807,2529866.126422,0.120695970695971,0.233882783882784,0.0146520146520147,0.0391941391941392,0.183882783882784,0.407692307692308
201773.411807,2529866.126422,0.0965137614678899,0.334678899082569,0,0.00715596330275229,0.0988990825688073,0.462752293577982
202273.411807,2529866.126422,0.0440286186020914,0.346358466336452,0.00807191341038342,0.0610897083104018,0.21115391671253,0.329297376628142
202773.411807,2529866.126422,0.0514652014652015,0.37014652014652,0.00384615384615385,0.0338827838827839,0.166666666666667,0.373992673992674
203273.411807,2529866.126422,0.0528440366972477,0.401834862385321,0,0.0132110091743119,0.0587155963302752,0.473394495412844
203773.411807,2529866.126422,0.111172261970281,0.32672904054302,0,0.0234819299211154,0.142909557879288,0.395707209686296
204273.411807,2529866.126422,0.063003663003663,0.393223443223443,0,0.0159340659340659,0.133882783882784,0.393956043956044
204773.411807,2529866.126422,0.152110091743119,0.368440366972477,0,0.00715596330275229,0.0614678899082569,0.410825688073394
205273.411807,2529866.126422,0.0616400660429279,0.330214639515685,0,0.0185287103283801,0.0997982021647404,0.489818381948266
205773.411807,2529866.126422,0.110805860805861,0.219230769230769,0,0.0245421245421245,0.130586080586081,0.514835164835165
206273.411807,2529866.126422,0.162752293577982,0.297064220183486,0,0.00165137614678899,0.0122935779816514,0.526238532110092
206773.411807,2529866.126422,0.231333700238488,0.16125481563016,0.00165107319757843,0.00421940928270042,0.089157952669235,0.512383048981838
207273.411807,2529866.126422,0.346703296703297,0.0631868131868132,0,0.00421245421245421,0.160805860805861,0.425091575091575
207773.411807,2529866.126422,0.671926605504587,0.0245871559633028,0,0,0.0310091743119266,0.272477064220183
208273.411807,2529866.126422,0.968446156668501,0,0,0,0,0.0315538433314988
208773.411807,2529866.126422,0.7003663003663,0.0194139194139194,0.0142857142857143,0.0450549450549451,0.0415750915750916,0.179304029304029
209273.411807,2529866.126422,0.15394495412844,0.0181651376146789,0.024954128440367,0.0625688073394495,0.0455045871559633,0.694862385321101
209773.411807,2529866.126422,0.063474591818015,0.0216474041460283,0.00440286186020914,0.0302696752889378,0.374610163272794,0.505595303614016
210273.411807,2529866.126422,0.00824175824175824,0.00659340659340659,0.0148351648351648,0.0468864468864469,0.253113553113553,0.67032967032967
210773.411807,2529866.126422,0.00972477064220183,0.0346788990825688,0.0018348623853211,0.259449541284404,0.408073394495413,0.286238532110092
211273.411807,2529866.126422,0.0297307404637248,0.0461854899027674,0,0.408189977561705,0.19053851907255,0.325355272999252
198773.411807,2529366.126422,0.146817248459959,0.603696098562628,0,0.000256673511293635,0.0551848049281314,0.194045174537988
199273.411807,2529366.126422,0.0223443223443223,0.735897435897436,0,0.00384615384615385,0.0230769230769231,0.214835164835165
199773.411807,2529366.126422,0.10982764943161,0.420792079207921,0,0.0172350568390172,0.135313531353135,0.316831683168317
200273.411807,2529366.126422,0.13974358974359,0.255860805860806,0,0.0100732600732601,0.0538461538461538,0.54047619047619
200773.411807,2529366.126422,0.236630036630037,0.142307692307692,0.00274725274725275,0.0131868131868132,0.122161172161172,0.482967032967033
201273.411807,2529366.126422,0.104877154382105,0.225522552255226,0.048954895489549,0.0645397873120645,0.142464246424642,0.413641364136414
201773.411807,2529366.126422,0.0542124542124542,0.402930402930403,0.00695970695970696,0.0161172161172161,0.108608058608059,0.411172161172161
202273.411807,2529366.126422,0.0826007326007326,0.133516483516484,0.00641025641025641,0.151465201465201,0.302930402930403,0.323076923076923
202773.411807,2529366.126422,0.0526219288595526,0.31958195819582,0.000183351668500183,0.00751741840850752,0.118261826182618,0.501833516685002
203273.411807,2529366.126422,0.135897435897436,0.234249084249084,0.000183150183150183,0.041025641025641,0.205860805860806,0.382783882783883
203773.411807,2529366.126422,0.0360805860805861,0.46996336996337,0,0.0021978021978022,0.0417582417582418,0.45
204273.411807,2529366.126422,0.101393472680601,0.281628162816282,0.0011001100110011,0.0397873120645398,0.190869086908691,0.385221855518885
204773.411807,2529366.126422,0.128205128205128,0.26996336996337,0,0.0304029304029304,0.122710622710623,0.448717948717949
205273.411807,2529366.126422,0.0862637362637363,0.314285714285714,0.00384615384615385,0.0384615384615385,0.122161172161172,0.434981684981685
205773.411807,2529366.126422,0.0944261092775944,0.232489915658232,0,0.0650898423175651,0.24954162082875,0.358452511917858
206273.411807,2529366.126422,0.58956043956044,0.121245421245421,0,0.00238095238095238,0.0470695970695971,0.23974358974359
206773.411807,2529366.126422,0.563736263736264,0.0238095238095238,0,0.000366300366300366,0.0181318681318681,0.393956043956044
207273.411807,2529366.126422,0.746974697469747,0.0385038503850385,0,0.000183351668500183,0.00953428676200953,0.204803813714705
207773.411807,2529366.126422,0.926007326007326,0,0,0,0,0.073992673992674
208273.411807,2529366.126422,0.780586080586081,0.00824175824175824,0,0.0159340659340659,0.0128205128205128,0.182417582417582
208773.411807,2529366.126422,0.0815914924825816,0.0225522552255226,0.000733406674000733,0.213604693802714,0.146314631463146,0.535203520352035
209273.411807,2529366.126422,0.0538461538461538,0.0234432234432234,0,0.397435897435897,0.16996336996337,0.355311355311355
209773.411807,2529366.126422,0,0.0117216117216117,0,0.233882783882784,0.554029304029304,0.2003663003663
210273.411807,2529366.126422,0,0.0456545654565457,0,0.385955262192886,0.427759442610928,0.140630729739641
210773.411807,2529366.126422,0.121062271062271,0.101098901098901,0,0.261538461538462,0.00695970695970696,0.509340659340659
211273.411807,2529366.126422,0.178117998506348,0.148805078416729,0,0.00672143390589993,0.0728155339805825,0.593539955190441
198773.411807,2528866.126422,0.0023130300693909,0.898483680287844,0,0,0.000257003341043434,0.0989462863017219
199273.411807,2528866.126422,0.116999816614707,0.624793691545938,0,0.0168714469099578,0.0669356317623327,0.174399413167064
199773.411807,2528866.126422,0.196811434854316,0.157778999450247,0,0.000916254352208173,0.0197910940076965,0.624702217335532
200273.411807,2528866.126422,0.158010644154891,0.162782161864562,0,0.00899247568361167,0.0440447788585061,0.626169939438429
200773.411807,2528866.126422,0.159361819182102,0.131120484137172,0.00641848523748395,0.0474967907573813,0.164313222079589,0.491289198606272
201273.411807,2528866.126422,0.221550302363936,0.219168041048195,0.00329851566794942,0.0117280557082646,0.0793476269012278,0.464907458310427
201773.411807,2528866.126422,0.0902917966599376,0.420994677922555,0.0121123141860892,0.00550559735731327,0.0950633143696091,0.376032299504496
202273.411807,2528866.126422,0.068402714102329,0.265725288831836,0.000733541169998166,0.0627177700348432,0.169814780854575,0.432605905006418
202773.411807,2528866.126422,0.0423309510720176,0.450613890415979,0,0.0163093274693055,0.0896096756459593,0.401136155396738
203273.411807,2528866.126422,0.0337676637915214,0.56836116718664,0.000183519911910442,0.00183519911910442,0.0212883097816113,0.374564140209213
203773.411807,2528866.126422,0.0454795525398863,0.451677975426371,0,0.0119200440124702,0.0614340729873464,0.429488355033926
204273.411807,2528866.126422,0.0560747663551402,0.245006413780465,0,0.0586402785413231,0.218984790177753,0.421293751145318
204773.411807,2528866.126422,0.10772618829143,0.289961460818499,0,0.0792806019453111,0.200220223894293,0.322811525050468
205273.411807,2528866.126422,0.0630845406198423,0.383091876031542,0,0.00128369704749679,0.0260407115349349,0.526499174766184
205773.411807,2528866.126422,0.107018508337915,0.280740333516584,0,0.0042147700201576,0.0538757559098406,0.554150632215503
206273.411807,2528866.126422,0.812809689851349,0.0256927876674619,0,0,0.000367039823820885,0.161130482657368
206773.411807,2528866.126422,0.943700715202641,0,0,0,0,0.0562992847973593
207273.411807,2528866.126422,0.617555433388309,0.00183250870441635,0,0.00293201392706615,0.0491112332783581,0.328568810701851
207773.411807,2528866.126422,0.19104422829877,0.0745090842356396,0.00238575885483575,0.0803817214167737,0.22426133235456,0.42741787483942
208273.411807,2528866.126422,0.00715202640748212,0.201723821749496,0,0.310838070786723,0.170731707317073,0.309554373739226
208773.411807,2528866.126422,0.0042147700201576,0.0346344145134689,0,0.805570826461426,0.104636247022173,0.0509437419827744
209273.411807,2528866.126422,0.0200036703982382,0.135254175077996,0,0.0506514956872821,0.519728390530373,0.274362268306111
209773.411807,2528866.126422,0.0625343847423437,0.0995782138272511,0,0.197505960022006,0.413900605171465,0.226480836236934
210273.411807,2528866.126422,0.187282389591351,0.148066703316841,0,0.0800806303829943,0.0131940626717977,0.571376214037017
210773.411807,2528866.126422,0.195265186272711,0.177830794641219,0,0.000367039823820885,0.0143145531290145,0.612222426133235
211273.411807,2528866.126422,0.234623294073659,0.0759020377640681,0,0.00299121331089923,0.0572069545709478,0.629276500280426
198773.411807,2528366.126422,0.00308562612496786,0.594240164566727,0,0,0.00128567755206994,0.401388531756236
199273.411807,2528366.126422,0.173362685745735,0.104751421757476,0,0.0687947165657677,0.190790680609063,0.462300495321959
199773.411807,2528366.126422,0.141208791208791,0.207509157509158,0,0.00604395604395604,0.0428571428571429,0.602380952380952
200273.411807,2528366.126422,0.175412844036697,0.178165137614679,0.0110091743119266,0.0121100917431193,0.068256880733945,0.555045871559633
200773.411807,2528366.126422,0.134837644468905,0.20253164556962,0.00458631443771785,0.0675105485232067,0.199963309484498,0.390570537516052
201273.411807,2528366.126422,0.13021978021978,0.229120879120879,0,0.0021978021978022,0.0727106227106227,0.565750915750916
201773.411807,2528366.126422,0.0552293577981651,0.280917431192661,0.00256880733944954,0.00513761467889908,0.068256880733945,0.587889908256881
202273.411807,2528366.126422,0.0548523206751055,0.27536231884058,0.00366905155017428,0.075032104201064,0.239405613648872,0.351678591084205
202773.411807,2528366.126422,0.0617216117216117,0.354212454212454,0,0.0126373626373626,0.125457875457875,0.445970695970696
203273.411807,2528366.126422,0.0732110091743119,0.401834862385321,0.00055045871559633,0.0198165137614679,0.0888073394495413,0.415779816513761
203773.411807,2528366.126422,0.0346725371491469,0.340854889011191,0.000366905155017428,0.0161438268207668,0.0796184186387819,0.528343423225096
204273.411807,2528366.126422,0.10018315018315,0.231868131868132,0,0.0188644688644689,0.114285714285714,0.534798534798535
204773.411807,2528366.126422,0.121100917431193,0.320183486238532,0,0,0.0154128440366972,0.543302752293578
205273.411807,2528366.126422,0.0603558980003669,0.495872317006054,0.000183452577508714,0.00220143093010457,0.0240322876536415,0.417354613832324
205773.411807,2528366.126422,0.295604395604396,0.146703296703297,0,0.0152014652014652,0.0970695970695971,0.445421245421245
206273.411807,2528366.126422,0.553211009174312,0.00660550458715596,0,0.00018348623853211,0.0211009174311927,0.418899082568807
206773.411807,2528366.126422,0.159236837277564,0.000550357732526142,0,0,0.00550357732526142,0.834709227664649
207273.411807,2528366.126422,0.00293040293040293,0.0217948717948718,0,0.515018315018315,0.28956043956044,0.170695970695971
207773.411807,2528366.126422,0.00495412844036697,0.122385321100917,0,0.791376146788991,0.0592660550458716,0.0220183486238532
208273.411807,2528366.126422,0.0119244175380664,0.094294624839479,0,0.630159603742433,0.157769216657494,0.105852137222528
208773.411807,2528366.126422,0.0683150183150183,0.05,0,0.342673992673993,0.128754578754579,0.41025641025641
209273.411807,2528366.126422,0.211376146788991,0.0403669724770642,0,0.239266055045872,0.0423853211009174,0.466605504587156
209773.411807,2528366.126422,0.334434048798386,0.0950284351495139,0,0,0.020546688680976,0.549990827371125
210273.411807,2528366.126422,0.268315018315018,0.0985347985347985,0,0.000915750915750916,0.00879120879120879,0.623443223443223
210773.411807,2528366.126422,0.179082568807339,0.088256880733945,0,0.00623853211009174,0.0735779816513761,0.652844036697248
211273.411807,2528366.126422,0.238780852655198,0.132946896035901,0,0.00056095736724009,0.0104712041884817,0.617240089753179
198773.411807,2527866.126422,0.00231006160164271,0.889373716632444,0,0,0,0.108316221765914
199273.411807,2527866.126422,0.134432234432234,0.483882783882784,0,0.000732600732600733,0.0826007326007326,0.298351648351648
199773.411807,2527866.126422,0,0.63036303630363,0,0,0.0022002200220022,0.367436743674367
200273.411807,2527866.126422,0.0100732600732601,0.615750915750916,0,0,0.00256410256410256,0.371611721611722
200773.411807,2527866.126422,0.124358974358974,0.178388278388278,0.0108058608058608,0.0512820512820513,0.133150183150183,0.502014652014652
201273.411807,2527866.126422,0.0823248991565823,0.262742940960763,0.0077007700770077,0.0418041804180418,0.197836450311698,0.407590759075908
201773.411807,2527866.126422,0.0558608058608059,0.244322344322344,0,0.026007326007326,0.155128205128205,0.518681318681319
202273.411807,2527866.126422,0.039010989010989,0.342307692307692,0,0.00769230769230769,0.0844322344322344,0.526556776556777
202773.411807,2527866.126422,0.0579391272460579,0.283461679501283,0,0.0231023102310231,0.10982764943161,0.525669233590026
203273.411807,2527866.126422,0.0712454212454212,0.254395604395604,0,0.0452380952380952,0.161904761904762,0.467216117216117
203773.411807,2527866.126422,0.0749084249084249,0.181318681318681,0.00201465201465201,0.0534798534798535,0.213919413919414,0.474358974358974
204273.411807,2527866.126422,0.0777411074440777,0.292812614594793,0,0.00275027502750275,0.0253025302530253,0.601393472680601
204773.411807,2527866.126422,0.0388278388278388,0.328571428571429,0,0.000732600732600733,0.0115384615384615,0.62032967032967
205273.411807,2527866.126422,0.148534798534799,0.271611721611722,0,0.01996336996337,0.0631868131868132,0.496703296703297
205773.411807,2527866.126422,0.354602126879355,0.0836083608360836,0,0,0.0133846718005134,0.548404840484048
206273.411807,2527866.126422,0.0597069597069597,0.00146520146520147,0,0.0225274725274725,0.0637362637362637,0.852564102564103
206773.411807,2527866.126422,0.0142857142857143,0.0531135531135531,0,0.561172161172161,0.199267399267399,0.172161172161172
207273.411807,2527866.126422,0,0.0418041804180418,0,0.901723505683902,0.0564723138980565,0
207773.411807,2527866.126422,0.0417582417582418,0.0228937728937729,0,0.560622710622711,0.0668498168498168,0.307875457875458
208273.411807,2527866.126422,0.267765567765568,0.0534798534798535,0,0,0,0.678754578754579
208773.411807,2527866.126422,0.297396406307297,0.0665566556655666,0.000183351668500183,0.0106343967730106,0.044004400440044,0.581224789145581
209273.411807,2527866.126422,0.363919413919414,0.034981684981685,0,0.0567765567765568,0.142307692307692,0.402014652014652
209773.411807,2527866.126422,0.343223443223443,0.0435897435897436,0,0.101098901098901,0.237728937728938,0.274358974358974
210273.411807,2527866.126422,0.183168316831683,0.037037037037037,0,0.140814081408141,0.3003300330033,0.338650531719839
210773.411807,2527866.126422,0.20952380952381,0.113736263736264,0,0.00128205128205128,0.0276556776556777,0.647802197802198
211273.411807,2527866.126422,0.356609410007468,0.0842046303211352,0,0.00149365197908887,0.0268857356235997,0.530806572068708
198773.411807,2527366.126422,0.0107941403238242,0.736828578771524,0,0,0.0046260601387818,0.24775122076587
199273.411807,2527366.126422,0.0999449844122501,0.635430038510911,0,0.000733541169998166,0.0614340729873464,0.202457362919494
199773.411807,2527366.126422,0.00549752611324904,0.876855415063222,0,0,0.00128275609309144,0.116364302730438
200273.411807,2527366.126422,0.0139475133051936,0.835566158928244,0,0.00330335841438796,0.000367039823820885,0.146815929528354
200773.411807,2527366.126422,0.0548322024573629,0.236933797909408,0.00238400880249404,0.10416284613974,0.185769301302036,0.41591784338896
201273.411807,2527366.126422,0.0991387209089243,0.17152281473337,0.00513102437236577,0.0142935678944475,0.105552501374382,0.604361370716511
201773.411807,2527366.126422,0.0350523031748945,0.442466507616076,0,0.00752431638832813,0.0200036703982382,0.494953202422463
202273.411807,2527366.126422,0.0319090408949202,0.260773885934348,0,0.00586832935998533,0.0621676141573446,0.639281129653402
202773.411807,2527366.126422,0.0439802089059923,0.190764156129742,0,0.0698185816382628,0.188565145684442,0.506871907641561
203273.411807,2527366.126422,0.0756102037071022,0.288676821435126,0,0.00330335841438796,0.0378051018535511,0.594604514589833
203773.411807,2527366.126422,0.125435540069686,0.255088941866862,0.00953603520997616,0.00843572345497891,0.0737208875848157,0.527782871813681
204273.411807,2527366.126422,0.0820963899578523,0.363386476085761,0.026571376214037,0.00274876305662452,0.0348176653839106,0.490379329301814
204773.411807,2527366.126422,0.10772618829143,0.173976876491099,0.012846393833731,0.123141860891907,0.176362635345935,0.405946045145898
205273.411807,2527366.126422,0.0236567027324409,0.437007152026407,0.00128369704749679,0.0990280579497524,0.0647350082523382,0.374289381991564
205773.411807,2527366.126422,0.0727505955653289,0.103536741799524,0,0.254168957302547,0.123511086677662,0.446032618654939
206273.411807,2527366.126422,0,0.0262433474031932,0,0.635162415122041,0.330702881262617,0.00789135621214902
206773.411807,2527366.126422,0.000183385292499542,0.061617458279846,0,0.404914725838988,0.457546304786356,0.0757381258023107
207273.411807,2527366.126422,0.0844786512735936,0.0386659336631849,0,0.153747480300531,0.417811984606927,0.305295950155763
207773.411807,2527366.126422,0.0912093962194898,0.0734079647641769,0,0.00422095797394017,0.0159662323362085,0.815195448706185
208273.411807,2527366.126422,0.217678342196956,0.0931597285897671,0,0.00183385292499542,0.024390243902439,0.662937832385843
208773.411807,2527366.126422,0.397837639728789,0.0540590067802822,0,0,0.00696353307678211,0.541139820414147
209273.411807,2527366.126422,0.307579372361901,0.0600110111947146,0,0.0396403009726555,0.142227931730593,0.450541383740136
209773.411807,2527366.126422,0.146341463414634,0.158628278012103,0,0.0806895286997983,0.131670640014671,0.482670089858793
210273.411807,2527366.126422,0.209455744914788,0.138904159794759,0,0.00238226131574125,0.0293201392706615,0.61993769470405
210773.411807,2527366.126422,0.216002936318591,0.246650761607634,0.000917599559552211,0.00513855753349238,0.0352358230868049,0.496054321893926
211273.411807,2527366.126422,0.140213123948402,0.127874369040942,0,0.00186950831931202,0.0381379697139652,0.691905028977379
198773.411807,2526866.126422,0.00231421959372589,0.639238878889175,0,0,0,0.3584469015171
199273.411807,2526866.126422,0.100165107319758,0.701339203815814,0,0,0.0357732526141992,0.162722436250229
199773.411807,2526866.126422,0.0252747252747253,0.625274725274725,0,0,0.08003663003663,0.269413919413919
200273.411807,2526866.126422,0.144036697247706,0.129908256880734,0,0.0704587155963303,0.194311926605505,0.461284403669725
200773.411807,2526866.126422,0.0691616217207852,0.141992294991745,0.00330214639515685,0.101816180517336,0.183636030086223,0.500091726288754
201273.411807,2526866.126422,0.0851648351648352,0.183333333333333,0.00274725274725275,0.0258241758241758,0.117948717948718,0.584981684981685
201773.411807,2526866.126422,0.0765137614678899,0.324587155963303,0,0.00880733944954129,0.0847706422018349,0.505321100917431
202273.411807,2526866.126422,0.0744817464685379,0.193542469271693,0.00091726288754357,0.0333883691065859,0.165841130067877,0.531829022197762
202773.411807,2526866.126422,0.120695970695971,0.117216117216117,0,0.021978021978022,0.0906593406593407,0.649450549450549
203273.411807,2526866.126422,0.108073394495413,0.112477064220183,0.0110091743119266,0.0554128440366972,0.229357798165138,0.483669724770642
203773.411807,2526866.126422,0.102549990827371,0.230599889928453,0,0.00385250412768299,0.0453127866446524,0.61768482847184
204273.411807,2526866.126422,0.104395604395604,0.274358974358974,0,0.00384615384615385,0.0135531135531136,0.603846153846154
204773.411807,2526866.126422,0.114128440366972,0.23743119266055,0,0.00238532110091743,0.0295412844036697,0.61651376146789
205273.411807,2526866.126422,0.0676940011007155,0.384149697303247,0,0.0280682443588332,0.0130251330031187,0.507062924234085
205773.411807,2526866.126422,0.0265567765567766,0.0159340659340659,0,0.613186813186813,0.24981684981685,0.0945054945054945
206273.411807,2526866.126422,0.0484403669724771,0.02,0,0.477981651376147,0.178532110091743,0.275045871559633
206773.411807,2526866.126422,0.00733810310034856,0.0418271876719868,0,0.0264171711612548,0.4736745551275,0.45074298293891
207273.411807,2526866.126422,0.138827838827839,0.060989010989011,0,0.0318681318681319,0.26043956043956,0.507875457875458
207773.411807,2526866.126422,0.231192660550459,0.00660550458715596,0,0.00018348623853211,0.00954128440366972,0.752477064220183
208273.411807,2526866.126422,0.288937809576225,0.0438451660245826,0,0.000733810310034856,0.0137589433131535,0.652724270776004
208773.411807,2526866.126422,0.314102564102564,0.0267399267399267,0,0.0556776556776557,0.0864468864468864,0.517032967032967
209273.411807,2526866.126422,0.352660550458716,0.103669724770642,0,0.000917431192660551,0.00587155963302752,0.536880733944954
209773.411807,2526866.126422,0.190974133186571,0.121078701155751,0,0.0236653824986241,0.0717299578059072,0.592551825353146
210273.411807,2526866.126422,0.198351648351648,0.180952380952381,0,0.000183150183150183,0.010989010989011,0.60952380952381
210773.411807,2526866.126422,0.130825688073395,0.190091743119266,0,0.00311926605504587,0.0146788990825688,0.661284403669725
211273.411807,2526866.126422,0.160433807030666,0.139678384442782,0,0.00205684367988033,0.012341062079282,0.68548990276739
198773.411807,2526366.126422,0,0.790041067761807,0,0,0,0.209958932238193
199273.411807,2526366.126422,0.113919413919414,0.71007326007326,0,0,0.0243589743589744,0.151648351648352
199773.411807,2526366.126422,0,0.29042904290429,0,0,0.00605060506050605,0.703520352035203
200273.411807,2526366.126422,0.00164835164835165,0.807142857142857,0,0.000183150183150183,0.00183150183150183,0.189194139194139
200773.411807,2526366.126422,0.08003663003663,0.282051282051282,0.00421245421245421,0.0747252747252747,0.111172161172161,0.447802197802198
201273.411807,2526366.126422,0.0511551155115512,0.171250458379171,0.0077007700770077,0.0210854418775211,0.202053538687202,0.546754675467547
201773.411807,2526366.126422,0.156043956043956,0.143223443223443,0.017032967032967,0.0467032967032967,0.198351648351648,0.438644688644689
202273.411807,2526366.126422,0.116666666666667,0.256227106227106,0.019047619047619,0.0454212454212454,0.153113553113553,0.40952380952381
202773.411807,2526366.126422,0.144847818115145,0.297946461312798,0.0304363769710304,0.0207187385405207,0.0320865419875321,0.473964063072974
203273.411807,2526366.126422,0.112820512820513,0.126556776556777,0.00915750915750916,0.15018315018315,0.122893772893773,0.478388278388278
203773.411807,2526366.126422,0.329120879120879,0.0954212454212454,0,0.103479853479853,0.0529304029304029,0.419047619047619
204273.411807,2526366.126422,0.245691235790246,0.199486615328199,0,0.00696736340300697,0.0443711037770444,0.503483681701503
204773.411807,2526366.126422,0.0826007326007326,0.0844322344322344,0,0.021978021978022,0.12032967032967,0.690659340659341
205273.411807,2526366.126422,0,0.0924908424908425,0,0.716300366300366,0.153663003663004,0.0375457875457875
205773.411807,2526366.126422,0.059039237257059,0.0188852218555189,0,0.144297763109644,0.0830583058305831,0.694719471947195
206273.411807,2526366.126422,0.102197802197802,0.0254578754578755,0,0.0468864468864469,0.315750915750916,0.50970695970696
206773.411807,2526366.126422,0.0728937728937729,0.123076923076923,0,0.0402930402930403,0.265018315018315,0.498717948717949
207273.411807,2526366.126422,0.166666666666667,0.0099009900990099,0,0.000366703337000367,0.0077007700770077,0.815364869820315
207773.411807,2526366.126422,0.31007326007326,0.0173992673992674,0,0.00128205128205128,0.0117216117216117,0.65952380952381
208273.411807,2526366.126422,0.433333333333333,0.0340659340659341,0,0.017032967032967,0.0675824175824176,0.447985347985348
208773.411807,2526366.126422,0.285661899523286,0.0311697836450312,0,0.0498716538320499,0.117345067840117,0.515951595159516
209273.411807,2526366.126422,0.285897435897436,0.104945054945055,0,0.0225274725274725,0.0778388278388278,0.508791208791209
209773.411807,2526366.126422,0.169047619047619,0.136996336996337,0,0.00366300366300366,0.0347985347985348,0.655494505494505
210273.411807,2526366.126422,0.144114411441144,0.151998533186652,0,0.000733406674000733,0.0100843417675101,0.693069306930693
210773.411807,2526366.126422,0.168315018315018,0.237728937728938,0,0.000549450549450549,0.00934065934065934,0.584065934065934
211273.411807,2526366.126422,0.150485436893204,0.245332337565347,0,0.00317401045556385,0.0300597460791636,0.570948469006721
198773.411807,2525866.126422,0.130814700591108,0.587252634284246,0.0177332305319969,0.000771010023130301,0.0205602672834747,0.242868157286045
199273.411807,2525866.126422,0.12415184302219,0.479002384008803,0,0.00513478818998716,0.0361269026224097,0.355584082156611
199773.411807,2525866.126422,0,0.568810701850834,0,0,0.00366501740883269,0.427524280740333
200273.411807,2525866.126422,0.0934116351624151,0.580106441548908,0,0.000183519911910442,0.00238575885483575,0.323912644521931
200773.411807,2525866.126422,0.144324225197139,0.271593618191821,0.0122868145974693,0.0260407115349349,0.0979277461947552,0.44782688428388
201273.411807,2525866.126422,0.215503023639362,0.114715044896463,0,0.0428807036833425,0.198277441817849,0.428623785962983
201773.411807,2525866.126422,0.25729491649844,0.0673518076711323,0.00807487612405946,0.0376215819416407,0.214351257111397,0.415305560653331
202273.411807,2525866.126422,0.16779754263708,0.0368604437924078,0.0689528699798276,0.010819732257473,0.105629928479736,0.609939482853475
202773.411807,2525866.126422,0.149166208539491,0.051126992853216,0.0221733553234378,0.0679860729338464,0.120029320139271,0.589518050210739
203273.411807,2525866.126422,0.0535878142778491,0.282987704165902,0.144063130849697,0.241328684162232,0.152321526885667,0.125711139658653
203773.411807,2525866.126422,0.147441775169631,0.134421419402164,0.00275077938749312,0.187603154227031,0.139006051714652,0.388776820099028
204273.411807,2525866.126422,0.149899212021257,0.109400769653656,0,0.0164925783397471,0.0716510903426791,0.652556349642661
204773.411807,2525866.126422,0.0233070288126262,0.0178014314553129,0,0.754633877775739,0.0108276748027161,0.193429987153606
205273.411807,2525866.126422,0,0.0480469466348799,0,0.833302769117917,0.0828901522097928,0.0357601320374106
205773.411807,2525866.126422,0.0177753344328386,0.0938244456661169,0,0.0373831775700935,0.218801539307312,0.632215503023639
206273.411807,2525866.126422,0.143512571113966,0.0728574050284456,0,0.00165167920719398,0.0550559735731327,0.726922371077262
206773.411807,2525866.126422,0.223363286264442,0.0106363469649734,0,0.0022006235099945,0.0478635613423803,0.71593618191821
207273.411807,2525866.126422,0.153930731170973,0.0346344145134689,0,0.0350009162543522,0.124793842770753,0.651640095290453
207773.411807,2525866.126422,0.237658285924023,0.0453294182418792,0,0.0212883097816113,0.154523765828592,0.541200220223894
208273.411807,2525866.126422,0.267559141756831,0.138639281129653,0,0.00128369704749679,0.0168714469099578,0.575646433156061
208773.411807,2525866.126422,0.243906908557816,0.115997800989555,0,0.000549752611324904,0.0148433205057724,0.624702217335532
209273.411807,2525866.126422,0.264635712974858,0.148651128647458,0,0.00899247568361167,0.0658836483758488,0.511837034318224
209773.411807,2525866.126422,0.186319457179534,0.185952686594535,0,0.00696864111498258,0.035209976159912,0.585549238951036
210273.411807,2525866.126422,0.100971229613341,0.0575407733186733,0,0.118013560564413,0.289169873556899,0.434304562946674
210773.411807,2525866.126422,0.347036153422646,0.109928427234355,0,0.0082583960359699,0.0649660488162966,0.469810974490732
211273.411807,2525866.126422,0.128248270704805,0.0798280052346233,0,0.00149560665544962,0.0286034772854739,0.761824640119649
198773.411807,2525366.126422,0.314476729236308,0.0367703779892003,0.0236564669580869,0.0159424016456673,0.165595268706608,0.44355875546413
199273.411807,2525366.126422,0.199963309484498,0.142726105301779,0.0310034855989727,0.0605393505778756,0.129517519721152,0.436250229315722
199773.411807,2525366.126422,0.0836996336996337,0.188278388278388,0.010989010989011,0.0192307692307692,0.1503663003663,0.547435897435897
200273.411807,2525366.126422,0.068256880733945,0.110642201834862,0.0036697247706422,0.0315596330275229,0.144770642201835,0.641100917431193
200773.411807,2525366.126422,0.225830122913227,0.151715281599706,0.0339387268391121,0.0311869381764814,0.219225830122913,0.33810310034856
201273.411807,2525366.126422,0.203113553113553,0.104395604395604,0,0.0168498168498168,0.116300366300366,0.559340659340659
201773.411807,2525366.126422,0.215229357798165,0.0440366972477064,0,0.0132110091743119,0.0884403669724771,0.639082568807339
202273.411807,2525366.126422,0.2168409466153,0.0434782608695652,0.0199963309484498,0.0104567969179967,0.164740414602825,0.544487250045863
202773.411807,2525366.126422,0.184981684981685,0.021978021978022,0.0888278388278388,0.144139194139194,0.136080586080586,0.423992673992674
203273.411807,2525366.126422,0.0906422018348624,0.10348623853211,0.0269724770642202,0.281834862385321,0.147889908256881,0.349174311926606
203773.411807,2525366.126422,0.0601724454228582,0.0365070629242341,0,0.014125848468171,0.188772702256467,0.70042194092827
204273.411807,2525366.126422,0.010989010989011,0.0655677655677656,0,0.117765567765568,0.0802197802197802,0.725457875457875
204773.411807,2525366.126422,0,0.000917431192660551,0,0.999082568807339,0,0
205273.411807,2525366.126422,0.00587048248027885,0.0669601907906806,0,0.494404696385984,0.264171711612548,0.168592918730508
205773.411807,2525366.126422,0.210805860805861,0.043040293040293,0,0.00750915750915751,0.0531135531135531,0.685531135531136
206273.411807,2525366.126422,0.148440366972477,0.00422018348623853,0,0.00201834862385321,0.0385321100917431,0.806788990825688
206773.411807,2525366.126422,0.175747569253348,0.0687947165657677,0,0.000550357732526142,0.0332049165290772,0.721702439919281
207273.411807,2525366.126422,0.205860805860806,0.0461538461538462,0,0.0230769230769231,0.0996336996336996,0.625274725274725
207773.411807,2525366.126422,0.335229357798165,0.0544954128440367,0,0.046605504587156,0.139082568807339,0.424587155963303
208273.411807,2525366.126422,0.285819115758576,0.0403595670519171,0,0.0654925701706109,0.182902219776188,0.425426527242708
208773.411807,2525366.126422,0.353113553113553,0.0291208791208791,0,0.063003663003663,0.136996336996337,0.417765567765568
209273.411807,2525366.126422,0.291926605504587,0.0943119266055046,0,0.0376146788990826,0.135229357798165,0.440917431192661
209773.411807,2525366.126422,0.22821500642084,0.0603558980003669,0,0.00623738763529628,0.0664098330581545,0.638781874885342
210273.411807,2525366.126422,0.174358974358974,0.0554945054945055,0,0.00695970695970696,0.0470695970695971,0.716117216117216
210773.411807,2525366.126422,0.276880733944954,0.0269724770642202,0,0.00018348623853211,0.0119266055045872,0.684036697247706
211273.411807,2525366.126422,0.222513089005236,0.0134629768137622,0,0.0568436798803291,0.241398653702319,0.465781600598355
198773.411807,2524866.126422,0.174281314168378,0.179928131416838,0.00282340862422998,0.0328542094455852,0.115759753593429,0.49435318275154
199273.411807,2524866.126422,0.145787545787546,0.0595238095238095,0,0.101831501831502,0.18974358974359,0.503113553113553
199773.411807,2524866.126422,0.176384305097176,0.330583058305831,0.0278694536120279,0.0106343967730106,0.124495782911624,0.33003300330033
200273.411807,2524866.126422,0.0763736263736264,0.523809523809524,0.0137362637362637,0.0128205128205128,0.052014652014652,0.321245421245421
200773.411807,2524866.126422,0.343406593406593,0.134615384615385,0,0.0128205128205128,0.103663003663004,0.405494505494505
201273.411807,2524866.126422,0.175100843417675,0.326732673267327,0.0209020902090209,0.00476714338100477,0.0612394572790612,0.411257792445911
201773.411807,2524866.126422,0.153663003663004,0.136813186813187,0.0571428571428571,0.067032967032967,0.206776556776557,0.378571428571429
202273.411807,2524866.126422,0.229487179487179,0.082967032967033,0.0131868131868132,0.0516483516483516,0.18974358974359,0.432967032967033
202773.411807,2524866.126422,0.115511551155116,0.129079574624129,0.0245691235790246,0.0388705537220389,0.131279794646131,0.560689402273561
203273.411807,2524866.126422,0.102380952380952,0.0404761904761905,0,0.0131868131868132,0.0749084249084249,0.769047619047619
203773.411807,2524866.126422,0.000183150183150183,0.0624542124542125,0,0.138278388278388,0.239194139194139,0.55989010989011
204273.411807,2524866.126422,0,0.0203520352035204,0,0.675650898423176,0.242940960762743,0.0610561056105611
204773.411807,2524866.126422,0,0.073992673992674,0,0.708791208791209,0.198168498168498,0.019047619047619
205273.411807,2524866.126422,0.0494505494505494,0.0862637362637363,0,0.14047619047619,0.225641025641026,0.498168498168498
205773.411807,2524866.126422,0.280711404473781,0.00055005500550055,0,0,0.0055005500550055,0.713237990465713
206273.411807,2524866.126422,0.145787545787546,0.0521978021978022,0,0.337912087912088,0.154029304029304,0.31007326007326
206773.411807,2524866.126422,0.113553113553114,0.150915750915751,0,0.0111721611721612,0.0212454212454212,0.703113553113553
207273.411807,2524866.126422,0.325632563256326,0.0243857719105244,0.000183351668500183,0.0117345067840117,0.0573890722405574,0.580674734140081
207773.411807,2524866.126422,0.145604395604396,0.0159340659340659,0.00421245421245421,0.182783882783883,0.27051282051282,0.380952380952381
208273.411807,2524866.126422,0.201831501831502,0.06996336996337,0,0.0100732600732601,0.0928571428571429,0.625274725274725
208773.411807,2524866.126422,0.125595892922626,0.0209020902090209,0,0.339383938393839,0.275027502750275,0.239090575724239
209273.411807,2524866.126422,0.209340659340659,0.0212454212454212,0,0.256776556776557,0.2496336996337,0.263003663003663
209773.411807,2524866.126422,0.318681318681319,0.0648351648351648,0,0.00402930402930403,0.0382783882783883,0.574175824175824
210273.411807,2524866.126422,0.228639530619729,0.0566556655665567,0,0.00421708837550422,0.0784745141180785,0.632013201320132
210773.411807,2524866.126422,0.191941391941392,0.0362637362637363,0,0.0010989010989011,0.0256410256410256,0.745054945054945
211273.411807,2524866.126422,0.200896191187453,0.0425690814040329,0,0.000186706497386109,0.0192307692307692,0.737117251680358
198773.411807,2524366.126422,0.00334104343356464,0.559753276792598,0.00282703675147777,0.0267283474685171,0.0159342071446929,0.391416088409149
199273.411807,2524366.126422,0.0753713552173116,0.199706583532001,0,0.159361819182102,0.177516963139556,0.38804327892903
199773.411807,2524366.126422,0.0450797141286421,0.358805204324721,0.000183250870441635,0.12222833058457,0.195345427890782,0.278358072200843
200273.411807,2524366.126422,0.17434391631492,0.192695907505964,0.00642319691686548,0.0609286107542668,0.0998348320792806,0.465773536428703
200773.411807,2524366.126422,0.358885017421603,0.0618008435723455,0.00311754997249221,0.0212726939299468,0.132770951769668,0.422152943333945
201273.411807,2524366.126422,0.259849734286238,0.0723840938244457,0.0161260765988638,0.0100787978742899,0.0711013377313542,0.570459959684808
