"x","y","forest","agri","water","built","other","grass"
295773.411807,2793366.126422,0.141460370293322,0.0112336176409403,0.0022883295194508,0.0270438943207822,0.0226752652381943,0.79529852298731
296273.411807,2793366.126422,0.0478269910584321,0.0754834684965689,0.0615512580578083,0.290704928259513,0.0634227490122687,0.461010605115409
296773.411807,2793366.126422,0.0842170929507174,0.0521938032855063,0.0103971719692244,0.195050946142649,0.0655021834061135,0.592638802245789
297273.411807,2793366.126422,0.230289161639276,0.0965258997295611,0.000624089868941127,0.0339088828791346,0.0295402537965467,0.60911171208654
297773.411807,2793366.126422,0.163651486795592,0.065710126845498,0.00103971719692244,0.159908504886671,0.16635475150759,0.443335412767727
298273.411807,2793366.126422,0.744645456435849,0,0,0.000415886878768975,0,0.254938656685382
298773.411807,2793366.126422,0.542958185978781,0.00769710838360724,0.000624089868941127,0.00790513833992095,0.0112336176409403,0.429581859787809
299273.411807,2793366.126422,0.328966521106259,0.0168434185901435,0,0.0524017467248908,0.0567685589519651,0.545019754626742
299773.411807,2793366.126422,0.552713661883968,0.000415886878768975,0,0.0311915159076731,0.0135163235599917,0.402162611769599
300273.411807,2793366.126422,0.578155339805825,0.00121359223300971,0,0.0233009708737864,0.0247572815533981,0.372572815533981
295273.411807,2792866.126422,0.0529983495323675,0.0152209792774619,0.181184668989547,0.309004217861727,0.0187052998349532,0.422886484503943
295773.411807,2792866.126422,0.0595565328935312,0.0371999266996518,0.00348176653839106,0.128825361920469,0.107018508337915,0.663917903610042
296273.411807,2792866.126422,0.0488162965681776,0.0724903652046247,0.0034868783262984,0.167370159662323,0.0862543585979079,0.621581941640668
296773.411807,2792866.126422,0.240601503759398,0.0647350082523382,0,0.030808729139923,0.0414450761048964,0.622409682743444
297273.411807,2792866.126422,0.459043430456295,0.00146600696353308,0,0.00384826827927433,0.00623052959501558,0.529411764705882
297773.411807,2792866.126422,0.508533675903836,0.0332171040557901,0.000734079647641769,0.102771150669848,0.0774454028262066,0.277298586896678
298273.411807,2792866.126422,0.598936365303503,0.000366770584999083,0,0.00330093526499175,0.00183385292499542,0.395562075921511
298773.411807,2792866.126422,0.682059739783764,0.00219901044529962,0,0.0053142752428074,0.00403151914971596,0.306395455378413
299273.411807,2792866.126422,0.492934483391448,0.000917599559552211,0,0.0442282987704166,0.0172508717195816,0.444668746559002
299773.411807,2792866.126422,0.255639097744361,0.0121034293049697,0,0.0425453878598936,0.0495140289748762,0.6401980561159
300273.411807,2792866.126422,0.509155967164807,0.00147337402652073,0,0.0159966322879394,0.0132603662386866,0.460113660282046
295273.411807,2792366.126422,0.0898917629792699,0.0326545587965511,0.0581544670702623,0.119977985690699,0.0493487433498441,0.649972482113374
295773.411807,2792366.126422,0.175274725274725,0.0159340659340659,0,0.0690476190476191,0.0445054945054945,0.695238095238095
296273.411807,2792366.126422,0.0444036697247706,0.308440366972477,0,0.0577981651376147,0.0605504587155963,0.528807339449541
296773.411807,2792366.126422,0.0434782608695652,0.0742982938910292,0.00458631443771785,0.11557512383049,0.086589616584113,0.675472390387085
297273.411807,2792366.126422,0.312454212454212,0.0104395604395604,0.00146520146520147,0.041025641025641,0.0267399267399267,0.607875457875458
297773.411807,2792366.126422,0.674678899082569,0.00110091743119266,0,0,0.000917431192660551,0.323302752293578
298273.411807,2792366.126422,0.618418638781875,0.00146762062006971,0.000550357732526142,0.00366905155017428,0.00110071546505228,0.374793615850303
298773.411807,2792366.126422,0.643406593406593,0.0142857142857143,0,0.0342490842490843,0.0221611721611722,0.285897435897436
299273.411807,2792366.126422,0.542201834862385,0.00678899082568807,0,0.036697247706422,0.0244036697247706,0.389908256880734
299773.411807,2792366.126422,0.345808108603926,0.0130251330031187,0,0.0480645753072831,0.0359567051917079,0.557145477893964
300273.411807,2792366.126422,0.355564906374921,0.0439722280664843,0,0.00904691773616663,0.0079949505575426,0.583420997264885
295273.411807,2791866.126422,0.276373626373626,0.0408424908424908,0.000915750915750916,0.00915750915750916,0.0115384615384615,0.661172161172161
295773.411807,2791866.126422,0.119178584525119,0.0715071507150715,0.00586725339200587,0.151265126512651,0.0746241290795746,0.577557755775578
296273.411807,2791866.126422,0.0774725274725275,0.159340659340659,0.00146520146520147,0.0316849816849817,0.0364468864468864,0.693589743589744
296773.411807,2791866.126422,0.175824175824176,0.130586080586081,0,0.14029304029304,0.0723443223443224,0.480952380952381
297273.411807,2791866.126422,0.0410707737440411,0.055005500550055,0.000733406674000733,0.0575724239090576,0.037953795379538,0.807664099743308
297773.411807,2791866.126422,0.134981684981685,0.0274725274725275,0.000366300366300366,0.0765567765567766,0.0556776556776557,0.704945054945055
298273.411807,2791866.126422,0.442673992673993,0.00531135531135531,0,0.0684981684981685,0.0446886446886447,0.438827838827839
298773.411807,2791866.126422,0.667950128346168,0.00531719838650532,0,0.0253025302530253,0.0229189585625229,0.278511184451779
299273.411807,2791866.126422,0.605677655677656,0.00641025641025641,0,0.0131868131868132,0.00989010989010989,0.364835164835165
299773.411807,2791866.126422,0.537545787545788,0.00146520146520147,0,0.00695970695970696,0.00787545787545788,0.446153846153846
300273.411807,2791866.126422,0.36300505050505,0.0170454545454545,0,0.00883838383838384,0.00757575757575758,0.603535353535353
294773.411807,2791366.126422,0.0565241328684162,0.0315654248485961,0.267021471829694,0.408882363736465,0.0100935951550743,0.225913011561754
295273.411807,2791366.126422,0.370988446726573,0.0190720704199523,0.000550155877498625,0.0671190170548322,0.0377773702549056,0.504492939666239
295773.411807,2791366.126422,0.0989554700384827,0.0674363203225215,0.00586402785413231,0.120029320139271,0.0793476269012278,0.628367234744365
296273.411807,2791366.126422,0.480088089557717,0.0110111947146265,0.00385391815011929,0.0264268673151037,0.0291796659937603,0.449440264268673
296773.411807,2791366.126422,0.369154593801577,0.0165046763249587,0,0.0320924261874198,0.0341096644049147,0.54813863928113
297273.411807,2791366.126422,0.135422393256368,0.0120945574491479,0,0.0606560381161811,0.0445299615173172,0.747297049660986
297773.411807,2791366.126422,0.429803633694256,0.0155991925123876,0,0.0203707102220591,0.0187190310148651,0.515507432556432
298273.411807,2791366.126422,0.259673574179351,0.0137538969374656,0,0.039611223179901,0.0414450761048964,0.645516229598386
298773.411807,2791366.126422,0.0901594282572842,0.0186915887850467,0.000733003481766538,0.0661535642294301,0.0685358255451713,0.755726589701301
299273.411807,2791366.126422,0.425215635896495,0.00807487612405946,0,0.0229399889888053,0.0201871903101487,0.523582308680492
299773.411807,2791366.126422,0.576563359618559,0.011186502842472,0,0.0293416467999266,0.0297084173849257,0.353200073354117
300273.411807,2791366.126422,0.524731635445169,0.00736687013260366,0,0.0162071142917281,0.0174700063144601,0.434224373816039
294773.411807,2790866.126422,0.310091743119266,0.0244036697247706,0.00532110091743119,0.0785321100917431,0.0458715596330275,0.535779816513761
295273.411807,2790866.126422,0.259768849752339,0.062190423775454,0.00330214639515685,0.250229315721886,0.103834158869932,0.320675105485232
295773.411807,2790866.126422,0.0912087912087912,0.0597069597069597,0.00128205128205128,0.213553113553114,0.1503663003663,0.483882783882784
296273.411807,2790866.126422,0.0539449541284404,0.0489908256880734,0,0.0851376146788991,0.104403669724771,0.707522935779817
296773.411807,2790866.126422,0.179416620803522,0.0286186020913594,0.000183452577508714,0.0957622454595487,0.0766831773986425,0.619335901669418
297273.411807,2790866.126422,0.426923076923077,0.00842490842490842,0.000732600732600733,0.0344322344322344,0.0302197802197802,0.499267399267399
297773.411807,2790866.126422,0.665688073394495,0.00165137614678899,0,0,0,0.332660550458716
298273.411807,2790866.126422,0.406714364336819,0.0247660979636764,0.000550357732526142,0.0719134103834159,0.0482480278847918,0.447807741698771
298773.411807,2790866.126422,0.473260073260073,0.0102564102564103,0,0.0228937728937729,0.0344322344322344,0.459157509157509
299273.411807,2790866.126422,0.241284403669725,0.0526605504587156,0,0.0414678899082569,0.0598165137614679,0.604770642201835
299773.411807,2790866.126422,0.438818565400844,0.0122913226930838,0,0.0190790680609063,0.0181618051733627,0.511649238671803
300273.411807,2790866.126422,0.729644435093625,0.00441826215022091,0,0.0565958342099726,0.0134651798863875,0.195876288659794
294773.411807,2790366.126422,0.364835164835165,0.0148351648351648,0.000366300366300366,0.0406593406593407,0.0377289377289377,0.541575091575092
295273.411807,2790366.126422,0.354945054945055,0.0120879120879121,0,0.0963369963369963,0.0419413919413919,0.494688644688645
295773.411807,2790366.126422,0.263109644297763,0.0214521452145215,0,0.0432709937660433,0.0430876420975431,0.629079574624129
296273.411807,2790366.126422,0.544505494505494,0.0021978021978022,0,0.0164835164835165,0.0131868131868132,0.423626373626374
296773.411807,2790366.126422,0.511172161172161,0.0195970695970696,0,0.0102564102564103,0.00934065934065934,0.4496336996337
297273.411807,2790366.126422,0.10982764943161,0.0348368170150348,0,0.0452878621195453,0.0568390172350568,0.753208654198753
297773.411807,2790366.126422,0.242124542124542,0.0417582417582418,0.00256410256410256,0.0485347985347985,0.0307692307692308,0.634249084249084
298273.411807,2790366.126422,0.293406593406593,0.0166666666666667,0.000183150183150183,0.0298534798534799,0.0210622710622711,0.638827838827839
298773.411807,2790366.126422,0.171250458379171,0.0165016501650165,0,0.0427209387605427,0.0557389072240557,0.713788045471214
299273.411807,2790366.126422,0.278754578754579,0.0283882783882784,0.000366300366300366,0.0238095238095238,0.019047619047619,0.6496336996337
299773.411807,2790366.126422,0.237362637362637,0.0364468864468864,0,0.0417582417582418,0.0558608058608059,0.628571428571429
300273.411807,2790366.126422,0.426767676767677,0.0105218855218855,0.00589225589225589,0.0338804713804714,0.0237794612794613,0.499158249158249
294273.411807,2789866.126422,0.133040131940627,0.021073850100788,0.110500274876306,0.175737584753528,0.0549752611324904,0.504672897196262
294773.411807,2789866.126422,0.243163883281336,0.0161497522481189,0,0.0306478252890439,0.0352358230868049,0.674802716094696
295273.411807,2789866.126422,0.325875664771685,0.0473134054648817,0.00275077938749312,0.13607188703466,0.0713368787823217,0.416651384558958
295773.411807,2789866.126422,0.280557082646143,0.0241891148982958,0,0.155396738134506,0.045629466739967,0.494227597581089
296273.411807,2789866.126422,0.219673334556799,0.047715177096715,0.00532207744540283,0.180583593319875,0.079647641769132,0.467058175812076
296773.411807,2789866.126422,0.289381991564277,0.0520814230698698,0.000733541169998166,0.142123601687145,0.109114249037227,0.406565193471484
297273.411807,2789866.126422,0.356972695620304,0.0304196444933113,0,0.01905809052593,0.0364669232178853,0.557082646142569
297773.411807,2789866.126422,0.56836116718664,0.00385391815011929,0,0.0209212699577904,0.0159662323362085,0.390897412369242
298273.411807,2789866.126422,0.534384742343664,0.0168714469099578,0.00128369704749679,0.0502475701448744,0.0298918026774253,0.367320740876582
298773.411807,2789866.126422,0.625435220817299,0.0131940626717977,0,0.0227231079347627,0.0108118013560564,0.327835807220084
299273.411807,2789866.126422,0.517342631675537,0.00862543585979079,0,0.0196366305744173,0.0278950266103872,0.426500275279868
299773.411807,2789866.126422,0.129653401797176,0.0205391527599487,0,0.0709701081973226,0.0612506876948469,0.717586649550706
300273.411807,2789866.126422,0.182277415280993,0.0452536308145654,0.000210482003788676,0.0711429172805725,0.0719848452957272,0.629130709324353
293773.411807,2789366.126422,0.156118143459916,0.0410933773619519,0,0.024399192808659,0.0245826453861677,0.753806640983306
294273.411807,2789366.126422,0.359340659340659,0.0183150183150183,0.0021978021978022,0.11996336996337,0.0767399267399267,0.423443223443223
294773.411807,2789366.126422,0.531926605504587,0.00678899082568807,0.00220183486238532,0.0992660550458716,0.0392660550458716,0.320550458715596
295273.411807,2789366.126422,0.401944597321592,0.0183452577508714,0.000183452577508714,0.13410383415887,0.0583379196477711,0.387084938543387
295773.411807,2789366.126422,0.563186813186813,0.00860805860805861,0,0.00457875457875458,0.00384615384615385,0.41978021978022
296273.411807,2789366.126422,0.588807339449541,0.0119266055045872,0.00165137614678899,0.0532110091743119,0.0484403669724771,0.295963302752294
296773.411807,2789366.126422,0.442854522106036,0.0418271876719868,0,0.0328380113740598,0.0368739680792515,0.445606310768666
297273.411807,2789366.126422,0.688827838827839,0.00641025641025641,0,0.00347985347985348,0.00402930402930403,0.297252747252747
297773.411807,2789366.126422,0.560917431192661,0.00495412844036697,0,0.0515596330275229,0.0388990825688073,0.343669724770642
298273.411807,2789366.126422,0.583195743900202,0.0078884608328747,0,0.0174279948633278,0.0106402494955054,0.38084755090809
298773.411807,2789366.126422,0.501831501831502,0.00311355311355311,0,0.0126373626373626,0.00567765567765568,0.476739926739927
299273.411807,2789366.126422,0.48348623853211,0.0111926605504587,0.00036697247706422,0.0585321100917431,0.0354128440366972,0.411009174311927
299773.411807,2789366.126422,0.535314621170427,0.0253164556962025,0,0.0238488350761328,0.0238488350761328,0.391671252981104
300273.411807,2789366.126422,0.384388807069219,0.0338733431516937,0,0.0201977698295813,0.021670523879655,0.539869556069851
293273.411807,2788866.126422,0.195238095238095,0.00677655677655678,0.129120879120879,0.234798534798535,0.0382783882783883,0.395787545787546
293773.411807,2788866.126422,0.197802197802198,0.0701465201465201,0.00842490842490842,0.00842490842490842,0.017032967032967,0.698168498168498
294273.411807,2788866.126422,0.116244957829116,0.044004400440044,0,0.00531719838650532,0.00715071507150715,0.827282728272827
294773.411807,2788866.126422,0.38040293040293,0.017032967032967,0.00604395604395604,0.19010989010989,0.0523809523809524,0.354029304029304
295273.411807,2788866.126422,0.136263736263736,0.0208791208791209,0.00952380952380952,0.493589743589744,0.060989010989011,0.278754578754579
295773.411807,2788866.126422,0.320682068206821,0.0170517051705171,0.000366703337000367,0.0804913824715805,0.0478547854785479,0.533553355335534
296273.411807,2788866.126422,0.485714285714286,0.0492673992673993,0,0.0172161172161172,0.0184981684981685,0.429304029304029
296773.411807,2788866.126422,0.574542124542124,0.0043956043956044,0,0.0102564102564103,0.0144688644688645,0.396336996336996
297273.411807,2788866.126422,0.764209754308764,0.00715071507150715,0,0,0.000366703337000367,0.228272827282728
297773.411807,2788866.126422,0.561355311355311,0.00384615384615385,0,0.0197802197802198,0.0152014652014652,0.39981684981685
298273.411807,2788866.126422,0.73003663003663,0.000366300366300366,0,0.00311355311355311,0.00824175824175824,0.258241758241758
298773.411807,2788866.126422,0.737440410707737,0.00421708837550422,0.000183351668500183,0.0645397873120645,0.0128346167950128,0.180784745141181
299273.411807,2788866.126422,0.498717948717949,0.0846153846153846,0,0.0144688644688645,0.0183150183150183,0.383882783882784
299773.411807,2788866.126422,0.546520146520146,0.0205128205128205,0.00311355311355311,0.10989010989011,0.0318681318681319,0.288095238095238
300273.411807,2788866.126422,0.429924242424242,0.0170454545454545,0,0.0355639730639731,0.0235690235690236,0.493897306397306
292773.411807,2788366.126422,0.0907091808686091,0.0238226131574125,0.120762323621037,0.39912039582188,0.0480117280557083,0.317573758475353
293273.411807,2788366.126422,0.380436777390347,0.0284455863461186,0.000734079647641769,0.131583776839787,0.0622132501376399,0.396586529638466
293773.411807,2788366.126422,0.20814230698698,0.0458463231248854,0.00348432055749129,0.328443058866679,0.0641848523748395,0.349899138089125
294273.411807,2788366.126422,0.289902877038666,0.0419644493311343,0.00384826827927433,0.0377496793109767,0.0317024005864028,0.594832325453546
294773.411807,2788366.126422,0.173059276931547,0.0792806019453111,0.00807487612405946,0.0759772435309231,0.0337676637915214,0.629840337676638
295273.411807,2788366.126422,0.215294333394462,0.00825233816247937,0.000366770584999083,0.254172015404365,0.0568494406748579,0.465065101778837
295773.411807,2788366.126422,0.298698918819864,0.0337181601612608,0,0.0368334249587686,0.043613707165109,0.587135788894997
296273.411807,2788366.126422,0.191961827858323,0.00568911726922371,0,0.0844191594788034,0.0682694072306845,0.649660488162966
296773.411807,2788366.126422,0.137355584082157,0.0102695763799743,0,0.0570328259673574,0.0392444525949019,0.75609756097561
297273.411807,2788366.126422,0.287703866593366,0.0339014110317024,0,0.0558915154846986,0.0632215503023639,0.559281656587869
297773.411807,2788366.126422,0.173793356579189,0.0168838318957607,0,0.0699210864378785,0.0816663608001468,0.657735364287025
298273.411807,2788366.126422,0.261507427104346,0.0385109114249037,0,0.070786722904823,0.0724371905373189,0.556757748028608
298773.411807,2788366.126422,0.43723657687374,0.0120945574491479,0,0.0346344145134689,0.0159428257284222,0.500091625435221
299273.411807,2788366.126422,0.311433290512021,0.00642319691686548,0,0.00880895577170123,0.00642319691686548,0.666911359882547
299773.411807,2788366.126422,0.25582248303686,0.0297084173849257,0,0.0957271226847607,0.0689528699798276,0.549789106913625
300273.411807,2788366.126422,0.289202273205641,0.0496737528941276,0,0.0273626604925279,0.0273626604925279,0.606398652915176
292773.411807,2787866.126422,0.015018315018315,0.140842490842491,0.0205128205128205,0.166849816849817,0.0639194139194139,0.592857142857143
293273.411807,2787866.126422,0.053394495412844,0.141651376146789,0.0177981651376147,0.215229357798165,0.10605504587156,0.465871559633028
293773.411807,2787866.126422,0.01284168042561,0.15978719501009,0.000733810310034856,0.237571087873785,0.093010456796918,0.496055769583563
294273.411807,2787866.126422,0.11043956043956,0.176556776556777,0.03003663003663,0.324908424908425,0.0527472527472527,0.305311355311355
294773.411807,2787866.126422,0.455045871559633,0.0220183486238532,0.000917431192660551,0.121467889908257,0.0273394495412844,0.373211009174312
295273.411807,2787866.126422,0.142359200146762,0.0271509814712897,0.001284168042561,0.328563566318107,0.102549990827371,0.398092093193909
295773.411807,2787866.126422,0.192857142857143,0.0194139194139194,0.00347985347985348,0.278205128205128,0.0934065934065934,0.412637362637363
296273.411807,2787866.126422,0.218165137614679,0.0205504587155963,0.00036697247706422,0.112844036697248,0.0491743119266055,0.598899082568807
296773.411807,2787866.126422,0.479545037607778,0.00605393505778756,0.001284168042561,0.0480645753072831,0.0209135938359934,0.444138690148597
297273.411807,2787866.126422,0.395054945054945,0.0111721611721612,0,0.0446886446886447,0.0318681318681319,0.517216117216117
297773.411807,2787866.126422,0.260550458715596,0.0110091743119266,0,0.0519266055045872,0.0436697247706422,0.632844036697248
298273.411807,2787866.126422,0.295542102366538,0.00843881856540084,0,0.0565033938726839,0.0456796917996698,0.593835993395707
298773.411807,2787866.126422,0.472161172161172,0.00897435897435897,0,0.00714285714285714,0.00714285714285714,0.504578754578755
299273.411807,2787866.126422,0.451926605504587,0.00678899082568807,0,0.00477064220183486,0.00752293577981651,0.528990825688073
299773.411807,2787866.126422,0.555861309851403,0.00843881856540084,0,0.0185287103283801,0.0245826453861677,0.392588515868648
300273.411807,2787866.126422,0.546812539448769,0.014096360193562,0,0.00694298337891858,0.00631180307174416,0.425836313907006
292273.411807,2787366.126422,0.013003663003663,0.076007326007326,0.0714285714285714,0.204212454212454,0.118681318681319,0.516666666666667
292773.411807,2787366.126422,0.221122112211221,0.126329299596626,0.0022002200220022,0.0799413274660799,0.0447378071140447,0.525669233590026
293273.411807,2787366.126422,0.156410256410256,0.136446886446886,0,0.172710622710623,0.0765567765567766,0.457875457875458
293773.411807,2787366.126422,0.0358974358974359,0.148351648351648,0.00494505494505494,0.156410256410256,0.125457875457875,0.528937728937729
294273.411807,2787366.126422,0.0663733039970664,0.144297763109644,0.0331866519985332,0.105793912724606,0.081958195819582,0.568390172350568
294773.411807,2787366.126422,0.237545787545788,0.0811355311355311,0.00659340659340659,0.147985347985348,0.0750915750915751,0.451648351648352
295273.411807,2787366.126422,0.305128205128205,0.0135531135531136,0,0.0152014652014652,0.0153846153846154,0.650732600732601
295773.411807,2787366.126422,0.476714338100477,0.00513384671800513,0,0.0183351668500183,0.0154015401540154,0.484415108177484
296273.411807,2787366.126422,0.272893772893773,0.0217948717948718,0,0.0399267399267399,0.0324175824175824,0.632967032967033
296773.411807,2787366.126422,0.38021978021978,0.0111721611721612,0,0.0415750915750916,0.0371794871794872,0.52985347985348
297273.411807,2787366.126422,0.326916024935827,0.0302530253025303,0,0.0467546754675468,0.052988632196553,0.543087642097543
297773.411807,2787366.126422,0.176007326007326,0.0238095238095238,0,0.0543956043956044,0.0600732600732601,0.685714285714286
298273.411807,2787366.126422,0.271428571428571,0.00714285714285714,0,0.0144688644688645,0.0152014652014652,0.691758241758242
298773.411807,2787366.126422,0.154932159882655,0.00476714338100477,0,0.0511551155115512,0.0392372570590392,0.74990832416575
299273.411807,2787366.126422,0.281684981684982,0.0163003663003663,0,0.0227106227106227,0.0206959706959707,0.658608058608059
299773.411807,2787366.126422,0.463919413919414,0.0404761904761905,0.000366300366300366,0.121978021978022,0.0919413919413919,0.281318681318681
300273.411807,2787366.126422,0.721801346801347,0.0359848484848485,0,0.000631313131313131,0.00252525252525253,0.239057239057239
292273.411807,2786866.126422,0.0825233816247937,0.0542820465798643,0.115165963689712,0.324591967724189,0.0916926462497708,0.331743994131671
292773.411807,2786866.126422,0.107385010078798,0.0439802089059923,0.000733003481766538,0.126809602345611,0.0727505955653289,0.648341579622503
293273.411807,2786866.126422,0.0644154890805652,0.254909157643604,0.0137639933932832,0.246467241695724,0.0957973940172509,0.324646724169572
293773.411807,2786866.126422,0.0968274344397579,0.242435356684394,0.00550155877498625,0.197505960022006,0.0768384375573079,0.380891252521548
294273.411807,2786866.126422,0.0734835990470955,0.245922668132674,0.0256551218618288,0.351108667766172,0.0654205607476635,0.238409382444567
294773.411807,2786866.126422,0.0695540466140576,0.227381170857038,0.00660671682877592,0.255459717379336,0.113231785648743,0.32776656267205
295273.411807,2786866.126422,0.339446176416651,0.0258573262424354,0.000183385292499542,0.143407298734641,0.0649183935448377,0.426187419768935
295773.411807,2786866.126422,0.2869708631116,0.00971229613340663,0.0053142752428074,0.0274876305662452,0.0122778083195895,0.658237126626351
296273.411807,2786866.126422,0.409065883648376,0.0104606349788952,0,0.0100935951550743,0.0102771150669848,0.56010277115067
296773.411807,2786866.126422,0.270126535851825,0.0128369704749679,0,0.0513478818998716,0.0425453878598936,0.623143223913442
297273.411807,2786866.126422,0.343595382078065,0.00458127176104087,0,0.0197910940076965,0.0192413413963716,0.612790910756826
297773.411807,2786866.126422,0.475500091759956,0.00880895577170123,0,0.0524866948063865,0.0433106992108644,0.419893558451092
298273.411807,2786866.126422,0.202090592334495,0.0223730056849441,0,0.0647350082523382,0.0434623143223913,0.667339079405832
298773.411807,2786866.126422,0.13560564412681,0.0553417628733736,0.00274876305662452,0.062671797691039,0.0487447315374748,0.694887300714678
299273.411807,2786866.126422,0.505413837401358,0.0212883097816113,0,0.0846026793907139,0.0583593319875206,0.330335841438796
299773.411807,2786866.126422,0.526499174766184,0.0821566110397946,0,0.0113698881349716,0.0130203557674674,0.366953970291583
300273.411807,2786866.126422,0.632077457377394,0.0113660282045885,0,0.00652494211744896,0.00736687013260366,0.342664702167965
291273.411807,2786366.126422,0.18003663003663,0.0897435897435897,0.0622710622710623,0.342673992673993,0.0818681318681319,0.243406593406593
291773.411807,2786366.126422,0.191192660550459,0.102385321100917,0.00807339449541284,0.190642201834862,0.125688073394495,0.382018348623853
292273.411807,2786366.126422,0.166208035222895,0.0625573289304715,0.00275178866263071,0.405613648871767,0.130067877453678,0.232801320858558
292773.411807,2786366.126422,0.0937728937728938,0.0924908424908425,0.0133699633699634,0.263919413919414,0.0857142857142857,0.450732600732601
293273.411807,2786366.126422,0.311009174311927,0.121834862385321,0.0278899082568807,0.143119266055046,0.041651376146789,0.354495412844037
293773.411807,2786366.126422,0.126582278481013,0.133370023848835,0.00623738763529628,0.358833241607045,0.109704641350211,0.2652724270776
294273.411807,2786366.126422,0.226923076923077,0.117582417582418,0.00531135531135531,0.142490842490842,0.0582417582417582,0.449450549450549
294773.411807,2786366.126422,0.0577981651376147,0.208623853211009,0.0387155963302752,0.43394495412844,0.10605504587156,0.154862385321101
295273.411807,2786366.126422,0.317556411667584,0.0513667217024399,0.00972298660796184,0.199596404329481,0.084021280498991,0.337736195193542
295773.411807,2786366.126422,0.536813186813187,0.0115384615384615,0,0.0446886446886447,0.0316849816849817,0.375274725274725
296273.411807,2786366.126422,0.506605504587156,0.00422018348623853,0,0.0508256880733945,0.0236697247706422,0.414678899082569
296773.411807,2786366.126422,0.250779673454412,0.0223812144560631,0.000366905155017428,0.0135754907356448,0.0148596587782058,0.698037057420657
297273.411807,2786366.126422,0.43974358974359,0.0148351648351648,0,0.0302197802197802,0.0391941391941392,0.476007326007326
297773.411807,2786366.126422,0.358715596330275,0.024954128440367,0,0.0888073394495413,0.0519266055045872,0.475596330275229
298273.411807,2786366.126422,0.37094111172262,0.0443955237571088,0.00330214639515685,0.166024582645386,0.0803522289488167,0.334984406530912
298773.411807,2786366.126422,0.332234432234432,0.0705128205128205,0.00164835164835165,0.188461538461538,0.0970695970695971,0.31007326007326
299273.411807,2786366.126422,0.581284403669725,0.0363302752293578,0,0.0194495412844037,0.0330275229357798,0.329908256880734
299773.411807,2786366.126422,0.648871766648321,0.20546688680976,0,0.00165107319757843,0.00275178866263071,0.14125848468171
300273.411807,2786366.126422,0.587839259415106,0.104565537555228,0,0.00631180307174416,0.00568062276456975,0.295602777193352
291273.411807,2785866.126422,0,0,0.762742940960763,0.237257059039237,0,0
291773.411807,2785866.126422,0.00531135531135531,0.0249084249084249,0.518131868131868,0.426007326007326,0.0192307692307692,0.00641025641025641
292273.411807,2785866.126422,0.0602564102564103,0.0716117216117216,0.134065934065934,0.609340659340659,0.0641025641025641,0.0606227106227106
292773.411807,2785866.126422,0.0947928126145948,0.130729739640631,0.0119178584525119,0.321965529886322,0.0869086908690869,0.353685368536854
293273.411807,2785866.126422,0.283882783882784,0.00915750915750916,0.0168498168498168,0.0615384615384615,0.041025641025641,0.587545787545788
293773.411807,2785866.126422,0.241758241758242,0.0243589743589744,0.0128205128205128,0.0811355311355311,0.0258241758241758,0.614102564102564
294273.411807,2785866.126422,0.123762376237624,0.077007700770077,0.0234690135680235,0.586358635863586,0.0907590759075908,0.0986431976530986
294773.411807,2785866.126422,0.113736263736264,0.183699633699634,0.00274725274725275,0.522893772893773,0.0873626373626374,0.0895604395604396
295273.411807,2785866.126422,0.108608058608059,0.17985347985348,0.0382783882783883,0.400915750915751,0.065018315018315,0.207326007326007
295773.411807,2785866.126422,0.12981298129813,0.0478547854785479,0.0122845617895123,0.352218555188852,0.0940594059405941,0.363769710304364
296273.411807,2785866.126422,0.168864468864469,0.00402930402930403,0,0.0604395604395604,0.0353479853479853,0.731318681318681
296773.411807,2785866.126422,0.35952380952381,0.00805860805860806,0,0.0313186813186813,0.0252747252747253,0.575824175824176
297273.411807,2785866.126422,0.553905390539054,0.0135680234690136,0,0.0192519251925193,0.0165016501650165,0.396773010634397
297773.411807,2785866.126422,0.467216117216117,0.0212454212454212,0,0.0133699633699634,0.0131868131868132,0.484981684981685
298273.411807,2785866.126422,0.682417582417582,0.00952380952380952,0,0.0133699633699634,0.0159340659340659,0.278754578754579
298773.411807,2785866.126422,0.593876054272094,0.0282361569490282,0.000183351668500183,0.0583058305830583,0.0513384671800513,0.268060139347268
299273.411807,2785866.126422,0.784249084249084,0.0108058608058608,0,0.000915750915750916,0.00164835164835165,0.202380952380952
299773.411807,2785866.126422,0.921245421245421,0.0172161172161172,0,0,0,0.0615384615384615
300273.411807,2785866.126422,0.86763468013468,0.0412457912457912,0,0,0,0.0911195286195286
291273.411807,2785366.126422,0,0,1,0,0,0
291773.411807,2785366.126422,0,0,1,0,0,0
292273.411807,2785366.126422,0.0280579497524299,0.0053181734824867,0.238767650834403,0.639097744360902,0.0436456996148909,0.0451127819548872
292773.411807,2785366.126422,0.0709180868609126,0.0393989371449514,0.0967564595931831,0.547187099138721,0.0842954004031519,0.16144401685908
293273.411807,2785366.126422,0.225729491649844,0.0315654248485961,0.085887318774087,0.342081115801064,0.093778674986236,0.220957973940172
293773.411807,2785366.126422,0.320557491289199,0.048413717219879,0.00458463231248854,0.190720704199523,0.12415184302219,0.311571611956721
294273.411807,2785366.126422,0.114531794026022,0.0566245189664651,0.0100787978742899,0.6188381894814,0.0813633864760858,0.118563313175738
294773.411807,2785366.126422,0.0983666727839971,0.0568911726922371,0.00550559735731327,0.697926224995412,0.0482657368324463,0.0930445953385942
295273.411807,2785366.126422,0.201357051164497,0.0649183935448377,0.00568494406748579,0.470016504676325,0.124335228314689,0.133687878232166
295773.411807,2785366.126422,0.206706981858164,0.0399486897562763,0.00787978742899029,0.377863294850651,0.109217518783214,0.258383727322705
296273.411807,2785366.126422,0.247017801431455,0.0143145531290145,0,0.100935951550743,0.0447788585061479,0.592952835382639
296773.411807,2785366.126422,0.4399413167064,0.0152209792774619,0,0.0478635613423803,0.0392444525949019,0.457729690078856
297273.411807,2785366.126422,0.923034634414513,0.00989554700384827,0,0,0,0.0670698185816383
297773.411807,2785366.126422,0.708386859974307,0.00642319691686548,0,0.012846393833731,0.0200036703982382,0.252339878876858
298273.411807,2785366.126422,0.494590133871264,0.0159545204474601,0,0.113698881349716,0.0894920227397763,0.286264441591784
298773.411807,2785366.126422,0.488913322338281,0.015026571376214,0,0.0474619754443834,0.042147700201576,0.406450430639546
299273.411807,2785366.126422,0.666727839970637,0.0783630023857589,0,0.0183519911910442,0.0167003119838502,0.21985685446871
299773.411807,2785366.126422,0.95617091509261,0.0181551439574546,0,0,0,0.0256739409499358
300273.411807,2785366.126422,0.859818985476742,0.0208377183750789,0,0,0,0.119343296148179
291273.411807,2784866.126422,0,0,1,0,0,0
291773.411807,2784866.126422,0,0.00201834862385321,0.550091743119266,0.441284403669725,0.00660550458715596,0
292273.411807,2784866.126422,0,0.00678774536782242,0.0293524124013942,0.950834709227665,0.0106402494955054,0.00238488350761328
292773.411807,2784866.126422,0,0,0.000549450549450549,0.999450549450549,0,0
293273.411807,2784866.126422,0,0,0,1,0,0
293773.411807,2784866.126422,0.0108237020730141,0.0110071546505228,0.0464135021097046,0.89011190607228,0.0260502660062374,0.0155934690882407
294273.411807,2784866.126422,0.0998168498168498,0.0686813186813187,0.058974358974359,0.64010989010989,0.0738095238095238,0.0586080586080586
294773.411807,2784866.126422,0.0702752293577982,0.011743119266055,0.00128440366972477,0.83394495412844,0.0295412844036697,0.0532110091743119
295273.411807,2784866.126422,0.130618235186204,0.0476976701522656,0.0121078701155751,0.589983489268024,0.0882406897816914,0.131352045496239
295773.411807,2784866.126422,0.20952380952381,0.108424908424908,0.000549450549450549,0.323809523809524,0.0706959706959707,0.286996336996337
296273.411807,2784866.126422,0.342201834862385,0.00954128440366972,0,0.0880733944954128,0.0427522935779817,0.51743119266055
296773.411807,2784866.126422,0.860942946248395,0.00238488350761328,0,0,0,0.136672170243992
297273.411807,2784866.126422,0.813003663003663,0.00128205128205128,0,0.00201465201465201,0.000549450549450549,0.183150183150183
297773.411807,2784866.126422,0.797981651376147,0.00018348623853211,0,0.00055045871559633,0.00073394495412844,0.200550458715596
298273.411807,2784866.126422,0.742616033755274,0.00275178866263071,0,0.0299027701339204,0.0174279948633278,0.207301412584847
298773.411807,2784866.126422,0.527472527472527,0.0175824175824176,0,0.0606227106227106,0.0441391941391941,0.35018315018315
299273.411807,2784866.126422,0.824220183486238,0.00293577981651376,0,0.0194495412844037,0.0242201834862385,0.129174311926606
299773.411807,2784866.126422,0.919831223628692,0.00091726288754357,0,0,0,0.0792515134837644
300273.411807,2784866.126422,0.839890595413423,0.00294550810014728,0,0,0,0.15716389648643
291773.411807,2784366.126422,0.181501831501831,0.0368131868131868,0.00860805860805861,0.193772893772894,0.104212454212454,0.475091575091575
292273.411807,2784366.126422,0.0445054945054945,0.0205128205128205,0.451648351648352,0.191575091575092,0.0888278388278388,0.202930402930403
292773.411807,2784366.126422,0,0,0.186651998533187,0.813348001466813,0,0
293273.411807,2784366.126422,0,0,0,1,0,0
293773.411807,2784366.126422,0,0,0,1,0,0
294273.411807,2784366.126422,0,0,0.0311697836450312,0.968830216354969,0,0
294773.411807,2784366.126422,0.0195970695970696,0.00952380952380952,0.13021978021978,0.708241758241758,0.0791208791208791,0.0532967032967033
295273.411807,2784366.126422,0.319047619047619,0.0432234432234432,0.0214285714285714,0.296886446886447,0.0576923076923077,0.261721611721612
295773.411807,2784366.126422,0.457645764576458,0.0229189585625229,0.00275027502750275,0.0898423175650898,0.0583058305830583,0.368536853685369
296273.411807,2784366.126422,0.356410256410256,0.0256410256410256,0.000915750915750916,0.196336996336996,0.0747252747252747,0.345970695970696
296773.411807,2784366.126422,0.672344322344322,0.000549450549450549,0,0.00476190476190476,0.00146520146520147,0.320879120879121
297273.411807,2784366.126422,0.435643564356436,0.00055005500550055,0,0.0291529152915292,0.0141180784745141,0.520535386872021
297773.411807,2784366.126422,0.427838827838828,0.0148351648351648,0,0.0197802197802198,0.0120879120879121,0.525457875457875
298273.411807,2784366.126422,0.692124542124542,0.0322344322344322,0.000183150183150183,0.0228937728937729,0.0186813186813187,0.233882783882784
298773.411807,2784366.126422,0.780711404473781,0.0495049504950495,0.000366703337000367,0.0262192885955262,0.052988632196553,0.0902090209020902
299273.411807,2784366.126422,0.636996336996337,0.0100732600732601,0,0.0282051282051282,0.0159340659340659,0.308791208791209
299773.411807,2784366.126422,0.819413919413919,0.00384615384615385,0,0.00695970695970696,0.00952380952380952,0.16025641025641
300273.411807,2784366.126422,0.90530303030303,0.00231481481481481,0,0,0,0.0923821548821549
291273.411807,2783866.126422,0.0885101704233095,0.0291368884002199,0.015026571376214,0.333333333333333,0.131940626717977,0.402052409748946
291773.411807,2783866.126422,0.0535878142778491,0.112681225913012,0.00972655533125344,0.44833914479721,0.092126995779042,0.283538263901633
292273.411807,2783866.126422,0.12415184302219,0.0524481936548689,0.0788556757748029,0.377773702549056,0.0662020905923345,0.300568494406749
292773.411807,2783866.126422,0.0403151914971596,0.0489279824079164,0.294667399670148,0.367967747846802,0.0568077698369067,0.191313908741067
293273.411807,2783866.126422,0.00110111947146265,0.0034868783262984,0.221875573499725,0.690768948430905,0.0354193429987154,0.0473481372728941
293773.411807,2783866.126422,0,0,0.119200440124702,0.880799559875298,0,0
294273.411807,2783866.126422,0,0,0,1,0,0
294773.411807,2783866.126422,0,0,0.00458799779776106,0.995412002202239,0,0
295273.411807,2783866.126422,0.346964973409133,0.0075187969924812,0.147075004584632,0.234183018521915,0.0506143407298735,0.213643865761966
295773.411807,2783866.126422,0.175737584753528,0.124610591900312,0.0575407733186733,0.389957852299798,0.0839288986622686,0.168224299065421
296273.411807,2783866.126422,0.389796292897779,0.0853367590383557,0.0185355111029547,0.225545971737934,0.0998348320792806,0.180950633143696
296773.411807,2783866.126422,0.713185402530717,0.00990280579497524,0,0.0379607555474051,0.0254905556574363,0.213460480469466
297273.411807,2783866.126422,0.574857980575408,0.062671797691039,0,0.0254718709913872,0.0100787978742899,0.326919552867876
297773.411807,2783866.126422,0.554780693705267,0.0629473297852817,0,0.0178014314553129,0.0201871903101487,0.34428335474399
298273.411807,2783866.126422,0.775536401980561,0.0388776820099028,0,0.0210893086374473,0.0205391527599487,0.14395745461214
298773.411807,2783866.126422,0.424042514201942,0.0758658603628367,0.0119113065787062,0.212571009712296,0.0725673446948873,0.203041964449331
299273.411807,2783866.126422,0.485043127179299,0.0673518076711323,0.000367039823820885,0.0981831528720866,0.0741420444118187,0.274912828041843
299773.411807,2783866.126422,0.675408032275811,0.0229231615624427,0,0.00623509994498441,0.00953603520997616,0.285897671006785
300273.411807,2783866.126422,0.668490844032835,0.00989265417806777,0,0.0107345821932225,0.00841928015154704,0.302462639444327
289773.411807,2783366.126422,0.000549450549450549,0,0.0637362637362637,0.935714285714286,0,0
290273.411807,2783366.126422,0.00146788990825688,0.00807339449541284,0.0557798165137615,0.818348623853211,0.0579816513761468,0.058348623853211
290773.411807,2783366.126422,0.0504494588148963,0.0376077783892864,0.0176114474408365,0.355347642634379,0.109154283617685,0.429829389102917
291273.411807,2783366.126422,0.0278388278388278,0.0446886446886447,0.0115384615384615,0.682600732600733,0.0945054945054945,0.138827838827839
291773.411807,2783366.126422,0.0418348623853211,0.0390825688073395,0.0143119266055046,0.478899082568807,0.0988990825688073,0.32697247706422
292273.411807,2783366.126422,0.0625573289304715,0.0502660062373876,0.0199963309484498,0.63768115942029,0.0937442671069529,0.135754907356448
292773.411807,2783366.126422,0.147069597069597,0.0287545787545788,0.0141025641025641,0.354395604395604,0.115018315018315,0.340659340659341
293273.411807,2783366.126422,0.160917431192661,0.0225688073394495,0.0172477064220183,0.4,0.0625688073394495,0.336697247706422
293773.411807,2783366.126422,0.107503210420106,0.0209135938359934,0.173179233168226,0.453861676756558,0.0662263804806457,0.17831590533847
294273.411807,2783366.126422,0.000549450549450549,0.00512820512820513,0.32967032967033,0.626373626373626,0.00824175824175824,0.03003663003663
294773.411807,2783366.126422,0,0,0,1,0,0
295273.411807,2783366.126422,0,0,0.321775820950284,0.678224179049716,0,0
295773.411807,2783366.126422,0.282234432234432,0.032967032967033,0.125274725274725,0.104578754578755,0.0725274725274725,0.382417582417582
