"x","y","forest","agri","water","built","other","grass"
275273.411807,2765366.126422,0.113556338028169,0.223298122065728,0.187206572769953,0.112382629107981,0.0809859154929577,0.282570422535211
275773.411807,2765366.126422,0.140708126949184,0.209319390937443,0,0.153916712529811,0.121078701155751,0.374977068427811
276273.411807,2765366.126422,0.0901098901098901,0.38974358974359,0,0.0558608058608059,0.106043956043956,0.358241758241758
276773.411807,2765366.126422,0.0721100917431193,0.300183486238532,0,0.175963302752294,0.0937614678899083,0.357981651376147
277273.411807,2765366.126422,0.125298110438452,0.148963492937076,0.0111906072280316,0.084021280498991,0.136855622821501,0.493670886075949
277773.411807,2765366.126422,0.10989010989011,0.227655677655678,0.232783882783883,0.0401098901098901,0.0860805860805861,0.303479853479853
278273.411807,2765366.126422,0.144220183486239,0.136146788990826,0.00568807339449541,0.139082568807339,0.168807339449541,0.40605504587156
278773.411807,2765366.126422,0.0920931939093744,0.0599889928453495,0.00091726288754357,0.264905521922583,0.190607228031554,0.391487800403596
279273.411807,2765366.126422,0.13040293040293,0.0935897435897436,0.0043956043956044,0.478571428571429,0.206776556776557,0.0862637362637363
279773.411807,2765366.126422,0.0702752293577982,0.194678899082569,0.0143119266055046,0.419266055045872,0.146238532110092,0.155229357798165
280273.411807,2765366.126422,0.0665932856356632,0.0465969546872134,0.00440286186020914,0.764997248211337,0.0900752155567786,0.0273344340487984
280773.411807,2765366.126422,0.127472527472527,0.0510989010989011,0.00787545787545788,0.635347985347985,0.122344322344322,0.0558608058608059
281273.411807,2765366.126422,0.0422018348623853,0.0225688073394495,0.00165137614678899,0.870275229357798,0.0579816513761468,0.00532110091743119
281773.411807,2765366.126422,0.0937442671069529,0.0289855072463768,0.00532012474775271,0.749403779123097,0.103283801137406,0.019262520638415
282273.411807,2765366.126422,0.251648351648352,0.0789377289377289,0.0152014652014652,0.422893772893773,0.133333333333333,0.097985347985348
282773.411807,2765366.126422,0.135229357798165,0.0988990825688073,0.0192660550458716,0.444770642201835,0.171926605504587,0.129908256880734
283273.411807,2765366.126422,0.219592735277931,0.146395156851954,0.00513667217024399,0.184920198128784,0.210970464135021,0.232984773436067
283773.411807,2765366.126422,0.108241758241758,0.0884615384615385,0.000732600732600733,0.477655677655678,0.228388278388278,0.0965201465201465
284273.411807,2765366.126422,0.0919266055045872,0.0836697247706422,0.00055045871559633,0.461284403669725,0.217247706422018,0.145321100917431
284773.411807,2765366.126422,0.474591818015043,0.0383415886993212,0.00385250412768299,0.286002568336085,0.109521188772702,0.0876903320491653
285273.411807,2765366.126422,0.560805860805861,0,0,0,0,0.439194139194139
285773.411807,2765366.126422,0.442385321100917,0.015045871559633,0.00036697247706422,0.0655045871559633,0.104403669724771,0.372293577981651
286273.411807,2765366.126422,0.374426710695285,0.0207301412584847,0,0.139974316639149,0.226197028068244,0.238671803338837
286773.411807,2765366.126422,0.425824175824176,0.0232600732600733,0.000366300366300366,0.21043956043956,0.105311355311355,0.234798534798535
287273.411807,2765366.126422,0.774128440366972,0.00587155963302752,0,0,0.000917431192660551,0.219082568807339
287773.411807,2765366.126422,0.875395033860045,0.0990970654627539,0,0,0,0.0255079006772009
275273.411807,2764866.126422,0.0849194729136164,0.07701317715959,0.000585651537335285,0.63601756954612,0.0884333821376281,0.11303074670571
275773.411807,2764866.126422,0.123626373626374,0.121978021978022,0.0593406593406593,0.320695970695971,0.150915750915751,0.223443223443223
276273.411807,2764866.126422,0.0755408874220755,0.341400806747341,0.046021268793546,0.116428309497616,0.0825082508250825,0.338100476714338
276773.411807,2764866.126422,0.093040293040293,0.156043956043956,0.000366300366300366,0.324725274725275,0.194139194139194,0.231684981684982
277273.411807,2764866.126422,0.13956043956044,0.171428571428571,0,0.255311355311355,0.156410256410256,0.277289377289377
277773.411807,2764866.126422,0.116061606160616,0.147598093142648,0.0630729739640631,0.458379171250458,0.127246057939127,0.0876420975430876
278273.411807,2764866.126422,0.143040293040293,0.148901098901099,0.0141025641025641,0.501831501831502,0.101648351648352,0.0904761904761905
278773.411807,2764866.126422,0.0919413919413919,0.112271062271062,0.0168498168498168,0.633150183150183,0.0926739926739927,0.0531135531135531
279273.411807,2764866.126422,0.092042537587092,0.0636230289695636,0.00366703337000367,0.676934360102677,0.114044737807114,0.0496883021635497
279773.411807,2764866.126422,0.112637362637363,0.0472527472527473,0.00659340659340659,0.690842490842491,0.117948717948718,0.0247252747252747
280273.411807,2764866.126422,0.0734432234432234,0.0421245421245421,0.00476190476190476,0.743589743589744,0.0954212454212454,0.0406593406593407
280773.411807,2764866.126422,0.102126879354602,0.041987532086542,0.015951595159516,0.674734140080675,0.123028969563623,0.0421708837550422
281273.411807,2764866.126422,0.0875457875457875,0.0690476190476191,0.0175824175824176,0.757142857142857,0.0534798534798535,0.0152014652014652
281773.411807,2764866.126422,0.0679487179487179,0.0294871794871795,0.0181318681318681,0.826373626373626,0.0498168498168498,0.00824175824175824
282273.411807,2764866.126422,0.192885955262193,0.0713237990465713,0.00348368170150348,0.415108177484415,0.103410341034103,0.213788045471214
282773.411807,2764866.126422,0.0501831501831502,0.0377289377289377,0.00952380952380952,0.670695970695971,0.134432234432234,0.0974358974358974
283273.411807,2764866.126422,0.071978021978022,0.0428571428571429,0.000366300366300366,0.73040293040293,0.113369963369963,0.041025641025641
283773.411807,2764866.126422,0.153832049871654,0.0588558855885589,0.00348368170150348,0.589108910891089,0.156215621562156,0.0385038503850385
284273.411807,2764866.126422,0.347985347985348,0.0461538461538462,0.00164835164835165,0.245604395604396,0.17032967032967,0.188278388278388
284773.411807,2764866.126422,0.339010989010989,0.0289377289377289,0.000732600732600733,0.269047619047619,0.189377289377289,0.172893772893773
285273.411807,2764866.126422,0.664833149981665,0.00275027502750275,0,0.000733406674000733,0.00513384671800513,0.326549321598827
285773.411807,2764866.126422,0.571245421245421,0.00769230769230769,0.00293040293040293,0.0021978021978022,0.0195970695970696,0.396336996336996
286273.411807,2764866.126422,0.347619047619048,0.0173992673992674,0,0.138278388278388,0.0974358974358974,0.399267399267399
286773.411807,2764866.126422,0.582141547488082,0.0205353868720205,0.000366703337000367,0.108727539420609,0.0792079207920792,0.209020902090209
287273.411807,2764866.126422,0.825641025641026,0.000732600732600733,0,0.00659340659340659,0.0272893772893773,0.13974358974359
287773.411807,2764866.126422,0.78155996393147,0.00247971145175834,0,0.0146528403967538,0.049819657348963,0.151487826871055
275273.411807,2764366.126422,0.148680351906158,0.0891495601173021,0,0.36891495601173,0.186510263929619,0.206744868035191
275773.411807,2764366.126422,0.0784889051898038,0.20410783055199,0.00330093526499175,0.202457362919494,0.168897854392078,0.342747111681643
276273.411807,2764366.126422,0.0919919369617006,0.213487264064504,0,0.05717427157779,0.10426974528129,0.533076782114715
276773.411807,2764366.126422,0.0745090842356396,0.155074325564324,0,0.0983666727839971,0.147182969352175,0.524866948063865
277273.411807,2764366.126422,0.0665688611773336,0.565743627361086,0,0.0608839171098478,0.0916926462497708,0.215110948101962
277773.411807,2764366.126422,0.263698002565512,0.113615539673813,0.064687557265897,0.0205240974894631,0.0740333516584204,0.463441451346894
278273.411807,2764366.126422,0.0708386859974307,0.065149568728207,0.0130299137456414,0.604881629656818,0.0814828408882364,0.164617360983667
278773.411807,2764366.126422,0.142490372272144,0.108564093159729,0.00806895286997983,0.417201540436457,0.180817898404548,0.142857142857143
279273.411807,2764366.126422,0.0984057174271578,0.0850284038849184,0.0186915887850467,0.628183983873923,0.11654755360088,0.053142752428074
279773.411807,2764366.126422,0.0923105156909525,0.0532207744540283,0.00734079647641769,0.570012846393834,0.163332721600294,0.113782345384474
280273.411807,2764366.126422,0.0638180817898405,0.0568494406748579,0,0.445993031358885,0.157894736842105,0.275444709334311
280773.411807,2764366.126422,0.116730804471321,0.0641378046545721,0.000549752611324904,0.568993952721275,0.111783030969397,0.137804654572109
281273.411807,2764366.126422,0.115066984767847,0.0734079647641769,0.0126628739218205,0.638465773536429,0.0835015599192512,0.0768948430904753
281773.411807,2764366.126422,0.129653401797176,0.0597836053548505,0.00495140289748762,0.648450394278379,0.0685860993948285,0.0885750962772786
282273.411807,2764366.126422,0.0700018325087044,0.0542422576507238,0.00586402785413231,0.724390690855782,0.120029320139271,0.0254718709913872
282773.411807,2764366.126422,0.102220590934116,0.0480822169205359,0.00697375665259681,0.66801247935401,0.124242980363369,0.0504679757753716
283273.411807,2764366.126422,0.0838070786722905,0.0695030258573262,0.00476801760498808,0.631028791490922,0.128369704749679,0.0825233816247937
283773.411807,2764366.126422,0.257100971229613,0.0289536375297783,0.000183250870441635,0.215503023639362,0.108118013560564,0.39014110317024
284273.411807,2764366.126422,0.458983299688016,0.00862543585979079,0,0.0638649293448339,0.089190677188475,0.379335657918884
284773.411807,2764366.126422,0.354300385109114,0.0110031175499725,0.00165046763249587,0.145424536952136,0.146708233999633,0.340913258756648
285273.411807,2764366.126422,0.361920469122228,0.0260216236027121,0,0.189114898295767,0.242257650723841,0.180685358255452
285773.411807,2764366.126422,0.444668746559002,0.00550559735731327,0,0.0418425399155808,0.146265369792623,0.361717746375482
286273.411807,2764366.126422,0.523748395378691,0.00605171465248487,0.000366770584999083,0.017604988079956,0.06400146708234,0.388226664221529
286773.411807,2764366.126422,0.68719076415613,0.00678028220634048,0.000366501740883269,0.0525929998167491,0.0566245189664651,0.196444933113432
287273.411807,2764366.126422,0.880712057258213,0.00238575885483575,0,0.000917599559552211,0.0119287942741787,0.104055790053221
287773.411807,2764366.126422,0.775496389891697,0.00338447653429603,0,0.00315884476534296,0.0241425992779783,0.193817689530686
275273.411807,2763866.126422,0.0915492957746479,0.0598591549295775,0.000293427230046948,0.62881455399061,0.109741784037559,0.109741784037559
275773.411807,2763866.126422,0.107870115575124,0.075032104201064,0.00110071546505228,0.226013575490736,0.12272977435333,0.467253714914695
276273.411807,2763866.126422,0.221428571428571,0.0551282051282051,0,0.106410256410256,0.128388278388278,0.488644688644689
276773.411807,2763866.126422,0.0511926605504587,0.25743119266055,0,0.0748623853211009,0.0761467889908257,0.540366972477064
277273.411807,2763866.126422,0.110438451660246,0.180700788846083,0.00770500825536599,0.452577508713997,0.106585947532563,0.141992294991745
277773.411807,2763866.126422,0.0639194139194139,0.0952380952380952,0.0554945054945055,0.535897435897436,0.133516483516484,0.115934065934066
278273.411807,2763866.126422,0.0625688073394495,0.180550458715596,0.00110091743119266,0.278348623853211,0.126788990825688,0.350642201834862
278773.411807,2763866.126422,0.0933773619519354,0.307099614749587,0.0240322876536415,0.093010456796918,0.110071546505228,0.372408732342689
279273.411807,2763866.126422,0.0994505494505494,0.19010989010989,0.0617216117216117,0.149084249084249,0.143772893772894,0.355860805860806
279773.411807,2763866.126422,0.0900917431192661,0.142752293577982,0.0271559633027523,0.033394495412844,0.0976146788990826,0.608990825688073
280273.411807,2763866.126422,0.206934507429829,0.178499357915979,0.000550357732526142,0.0884241423592002,0.132085855806274,0.393505778756192
280773.411807,2763866.126422,0.138095238095238,0.0523809523809524,0.00183150183150183,0.623443223443223,0.103113553113553,0.0811355311355311
281273.411807,2763866.126422,0.131559633027523,0.0310091743119266,0.00238532110091743,0.56256880733945,0.0895412844036697,0.182935779816514
281773.411807,2763866.126422,0.156485048614933,0.0357732526141992,0.000366905155017428,0.53641533663548,0.15978719501009,0.111172261970281
282273.411807,2763866.126422,0.0567765567765568,0.0379120879120879,0.00512820512820513,0.797985347985348,0.0851648351648352,0.017032967032967
282773.411807,2763866.126422,0.0614678899082569,0.0401834862385321,0.00623853211009174,0.754862385321101,0.108990825688073,0.028256880733945
283273.411807,2763866.126422,0.0409099247844432,0.0275178866263071,0.00587048248027885,0.82590350394423,0.0849385433865346,0.0148596587782058
283773.411807,2763866.126422,0.331868131868132,0.0238095238095238,0.000366300366300366,0.213736263736264,0.144505494505494,0.285714285714286
284273.411807,2763866.126422,0.511926605504587,0.00311926605504587,0,0.000917431192660551,0.0198165137614679,0.464220183486239
284773.411807,2763866.126422,0.263437901302513,0.0183452577508714,0,0.266556595120161,0.165841130067877,0.285819115758576
285273.411807,2763866.126422,0.425274725274725,0.0331501831501832,0,0.122527472527473,0.163369963369963,0.255677655677656
285773.411807,2763866.126422,0.415596330275229,0.0255045871559633,0.00018348623853211,0.225137614678899,0.19302752293578,0.140550458715596
286273.411807,2763866.126422,0.896532746285085,0.00385250412768299,0,0.0163272793982755,0.0187121629058888,0.0645753072830673
286773.411807,2763866.126422,0.957142857142857,0.00384615384615385,0,0.000915750915750916,0.000732600732600733,0.0373626373626374
287273.411807,2763866.126422,0.986238532110092,0.00018348623853211,0,0,0,0.0135779816513761
287773.411807,2763866.126422,0.910158013544018,0.00293453724604966,0,0,0.000677200902934537,0.0862302483069977
275273.411807,2763366.126422,0.0878477306002928,0.0585651537335286,0.0108345534407028,0.674084919472914,0.0702781844802343,0.098389458272328
275773.411807,2763366.126422,0.144688644688645,0.0620879120879121,0.00952380952380952,0.571245421245421,0.0772893772893773,0.135164835164835
276273.411807,2763366.126422,0.134763476347635,0.0344701136780345,0.000366703337000367,0.533920058672534,0.116795012834617,0.17968463513018
276773.411807,2763366.126422,0.126923076923077,0.110989010989011,0.0021978021978022,0.163553113553114,0.105311355311355,0.491025641025641
277273.411807,2763366.126422,0.142490842490842,0.129487179487179,0.00750915750915751,0.372710622710623,0.181868131868132,0.165934065934066
277773.411807,2763366.126422,0.0836083608360836,0.0903923725705904,0.0221855518885222,0.676934360102677,0.0997433076640997,0.0271360469380271
278273.411807,2763366.126422,0.113369963369963,0.191391941391941,0.0747252747252747,0.0503663003663004,0.118864468864469,0.451282051282051
278773.411807,2763366.126422,0.0804029304029304,0.382417582417582,0.00805860805860806,0.0415750915750916,0.104029304029304,0.383516483516484
279273.411807,2763366.126422,0.174000733406674,0.213788045471214,0.00513384671800513,0.12999633296663,0.151631829849652,0.325449211587825
279773.411807,2763366.126422,0.093956043956044,0.356776556776557,0,0.0351648351648352,0.0868131868131868,0.427289377289377
280273.411807,2763366.126422,0.191391941391941,0.0772893772893773,0.000366300366300366,0.248534798534799,0.158058608058608,0.324358974358974
280773.411807,2763366.126422,0.151265126512651,0.0881921525485882,0.00275027502750275,0.493582691602494,0.12962962962963,0.134580124679135
281273.411807,2763366.126422,0.0769230769230769,0.132600732600733,0.00146520146520147,0.427106227106227,0.152197802197802,0.20970695970696
281773.411807,2763366.126422,0.146153846153846,0.156959706959707,0.0010989010989011,0.317765567765568,0.133516483516484,0.244505494505494
282273.411807,2763366.126422,0.0922258892555922,0.0383204987165383,0.000916758342500917,0.607077374404107,0.12962962962963,0.131829849651632
282773.411807,2763366.126422,0.0388278388278388,0.0210622710622711,0.00238095238095238,0.814835164835165,0.105128205128205,0.0177655677655678
283273.411807,2763366.126422,0.130769230769231,0.067032967032967,0.0108058608058608,0.466666666666667,0.139377289377289,0.185347985347985
283773.411807,2763366.126422,0.186835350201687,0.0628896222955629,0.000183351668500183,0.398239823982398,0.24972497249725,0.102126879354602
284273.411807,2763366.126422,0.447802197802198,0.00787545787545788,0,0.221245421245421,0.0946886446886447,0.228388278388278
284773.411807,2763366.126422,0.532234432234432,0.0120879120879121,0.000915750915750916,0.0597069597069597,0.0538461538461538,0.341208791208791
285273.411807,2763366.126422,0.323615694902824,0.0275027502750275,0,0.121745507884122,0.177484415108177,0.34965163182985
285773.411807,2763366.126422,0.549267399267399,0.0408424908424908,0,0.0705128205128205,0.0272893772893773,0.312087912087912
286273.411807,2763366.126422,0.949267399267399,0.0010989010989011,0,0,0.00164835164835165,0.047985347985348
286773.411807,2763366.126422,0.93967730106344,0.00165016501650165,0,0,0.000733406674000733,0.0579391272460579
287273.411807,2763366.126422,0.933150183150183,0.00659340659340659,0,0,0,0.0602564102564103
287773.411807,2763366.126422,0.876014427412083,0,0,0,0,0.123985572587917
275273.411807,2762866.126422,0.128445747800587,0.117302052785924,0.086217008797654,0.462463343108504,0.06158357771261,0.143988269794721
275773.411807,2762866.126422,0.0548322024573629,0.04401247019989,0.00238400880249404,0.735558408215661,0.138272510544654,0.0249403997799376
276273.411807,2762866.126422,0.083745647791827,0.0569910207073484,0.00604727872457394,0.662268645776067,0.120579072750596,0.0703683342495877
276773.411807,2762866.126422,0.155441365388145,0.216920535878143,0.00238575885483575,0.308313452009543,0.126445219306295,0.190493668563039
277273.411807,2762866.126422,0.159545204474601,0.0755547405098111,0.00366770584999083,0.321841188336695,0.15202640748212,0.287364753346782
277773.411807,2762866.126422,0.0848451530144768,0.0535092541689573,0.00696353307678211,0.652556349642661,0.121861828843687,0.0802638812534359
278273.411807,2762866.126422,0.0704716461736098,0.357680308313452,0.000367039823820885,0.0570746926041475,0.0702881262616994,0.44411818682327
278773.411807,2762866.126422,0.0706033376123235,0.181368054282047,0.0304419585549239,0.24408582431689,0.216944801026958,0.256556024206859
279273.411807,2762866.126422,0.0958402052409749,0.158878504672897,0,0.16364302730438,0.154480483782298,0.42715777899945
279773.411807,2762866.126422,0.104973389612773,0.255826757203157,0.00275279867865663,0.116902183886952,0.159295283538264,0.360249587080198
280273.411807,2762866.126422,0.048413717219879,0.0601503759398496,0.00586832935998533,0.730607005318173,0.0949935815147625,0.0599669906473501
280773.411807,2762866.126422,0.129375114531794,0.0830126443100605,0.00219901044529962,0.266446765622137,0.136705149349459,0.38226131574125
281273.411807,2762866.126422,0.111580106441549,0.188474949532024,0.000183519911910442,0.249403560286291,0.148100568911727,0.302257294916498
281773.411807,2762866.126422,0.121034293049697,0.187052998349532,0,0.253438474234366,0.135154960572162,0.303319273794242
282273.411807,2762866.126422,0.102253985706432,0.0639545537841305,0.0104452996151732,0.492761590617555,0.119846069268829,0.21073850100788
282773.411807,2762866.126422,0.0484492567443568,0.0724903652046247,0.0108276748027161,0.628555698293265,0.118186823270325,0.121490181684713
283273.411807,2762866.126422,0.0634513112048414,0.0984779020722538,0.0022006235099945,0.366587199706584,0.127086007702182,0.342196955804144
283773.411807,2762866.126422,0.0328019058090526,0.0940076965365585,0.00219901044529962,0.157595748579806,0.213120762323621,0.500274876305662
284273.411807,2762866.126422,0.150669847678473,0.0159662323362085,0,0.423013396953569,0.205175261515874,0.205175261515874
284773.411807,2762866.126422,0.390060517146525,0.0253071703649367,0.000366770584999083,0.118100128369705,0.125068769484687,0.341096644049147
285273.411807,2762866.126422,0.363019974344878,0.036100421477002,0.000366501740883269,0.0989554700384827,0.192596664834158,0.308960967564596
285773.411807,2762866.126422,0.459900899247568,0.011194714626537,0.00110111947146265,0.0260598274912828,0.0732244448522665,0.428518994310883
286273.411807,2762866.126422,0.536401980561159,0.0280579497524299,0,0.010819732257473,0.0799559875298001,0.344764349899138
286773.411807,2762866.126422,0.819864394355873,0.00659703133589885,0,0,0.00568077698369067,0.167857797324537
287273.411807,2762866.126422,0.960359699027344,0,0,0,0,0.0396403009726555
287773.411807,2762866.126422,0.945848375451264,0.000902527075812274,0,0,0,0.0532490974729242
275273.411807,2762366.126422,0.207746478873239,0.115023474178404,0.0196596244131455,0.443661971830986,0.0821596244131455,0.13174882629108
275773.411807,2762366.126422,0.271876719867914,0.081452944413869,0.0152265639332233,0.264355164190057,0.14401027334434,0.223078334250596
276273.411807,2762366.126422,0.0884615384615385,0.0551282051282051,0.00549450549450549,0.674908424908425,0.0943223443223443,0.0816849816849817
276773.411807,2762366.126422,0.386605504587156,0.0405504587155963,0.00036697247706422,0.178532110091743,0.11743119266055,0.27651376146789
277273.411807,2762366.126422,0.151898734177215,0.179966978536048,0.000183452577508714,0.332049165290772,0.109337736195194,0.226563933223262
277773.411807,2762366.126422,0.0913919413919414,0.101831501831502,0,0.354212454212454,0.14047619047619,0.312087912087912
278273.411807,2762366.126422,0.0704587155963303,0.234311926605505,0.00917431192660551,0.399816513761468,0.129357798165138,0.156880733944954
278773.411807,2762366.126422,0.125298110438452,0.319207484865162,0.00568702990277013,0.0456796917996698,0.162538983672721,0.341588699321225
279273.411807,2762366.126422,0.112454212454212,0.146520146520147,0.0659340659340659,0.0404761904761905,0.142673992673993,0.491941391941392
279773.411807,2762366.126422,0.0678899082568807,0.0888073394495413,0.00073394495412844,0.597981651376147,0.10954128440367,0.135045871559633
280273.411807,2762366.126422,0.0726472206934507,0.104567969179967,0.0196294257934324,0.63474591818015,0.0928270042194093,0.0755824619335902
280773.411807,2762366.126422,0.0816849816849817,0.0496336996336996,0,0.452014652014652,0.143772893772894,0.272893772893773
281273.411807,2762366.126422,0.0871559633027523,0.0787155963302752,0,0.241651376146789,0.235229357798165,0.357247706422018
281773.411807,2762366.126422,0.164373509447808,0.0831040176114474,0.00623738763529628,0.150431113557145,0.178866263070996,0.416987708677307
282273.411807,2762366.126422,0.100915750915751,0.0635531135531135,0.00879120879120879,0.437912087912088,0.138278388278388,0.250549450549451
282773.411807,2762366.126422,0.0831192660550459,0.0377981651376147,0.00990825688073394,0.413211009174312,0.11302752293578,0.342935779816514
283273.411807,2762366.126422,0.0379746835443038,0.0339387268391121,0.00421940928270042,0.724821133736929,0.107686662997615,0.0913593835993396
283773.411807,2762366.126422,0.111355311355311,0.0879120879120879,0.0155677655677656,0.347619047619048,0.146153846153846,0.291391941391941
284273.411807,2762366.126422,0.192293577981651,0.0154128440366972,0.00018348623853211,0.140183486238532,0.125688073394495,0.526238532110092
284773.411807,2762366.126422,0.307283067327096,0.0223812144560631,0.000183452577508714,0.272977435332966,0.129517519721152,0.267657310585214
285273.411807,2762366.126422,0.787179487179487,0.00512820512820513,0,0.00842490842490842,0.013003663003663,0.186263736263736
285773.411807,2762366.126422,0.479082568807339,0.00770642201834862,0,0.0185321100917431,0.0972477064220184,0.39743119266055
286273.411807,2762366.126422,0.715831957439002,0.0454962392221611,0,0.00862227114290956,0.0174279948633278,0.2126215373326
286773.411807,2762366.126422,0.911355311355311,0.0302197802197802,0,0,0.000915750915750916,0.0575091575091575
287273.411807,2762366.126422,0.874862385321101,0.0335779816513761,0,0.00220183486238532,0.021651376146789,0.0677064220183486
287773.411807,2762366.126422,0.872686230248307,0.00880361173814898,0,0.00270880361173815,0.0130925507900677,0.102708803611738
275273.411807,2761866.126422,0.143777452415813,0.0579795021961933,0.0140556368960469,0.659443631039532,0.0758418740849195,0.0489019033674963
275773.411807,2761866.126422,0.161721611721612,0.0972527472527473,0.0201465201465201,0.563369963369963,0.0694139194139194,0.0880952380952381
276273.411807,2761866.126422,0.0566556655665567,0.0383204987165383,0.00256692335900257,0.771727172717272,0.105793912724606,0.0249358269160249
276773.411807,2761866.126422,0.223076923076923,0.146886446886447,0.0021978021978022,0.24010989010989,0.144505494505494,0.243223443223443
277273.411807,2761866.126422,0.11025641025641,0.254395604395604,0.0529304029304029,0.032051282051282,0.0862637362637363,0.464102564102564
277773.411807,2761866.126422,0.102310231023102,0.162999633296663,0.00916758342500917,0.174550788412175,0.141364136413641,0.40960762742941
278273.411807,2761866.126422,0.0738095238095238,0.0758241758241758,0.00824175824175824,0.63003663003663,0.133333333333333,0.0787545787545788
278773.411807,2761866.126422,0.102197802197802,0.201648351648352,0.043040293040293,0.0846153846153846,0.124908424908425,0.443589743589744
279273.411807,2761866.126422,0.178217821782178,0.115511551155116,0,0.136596993032637,0.131096442977631,0.438577191052439
279773.411807,2761866.126422,0.121062271062271,0.114285714285714,0.0131868131868132,0.616300366300366,0.0653846153846154,0.0697802197802198
280273.411807,2761866.126422,0.0851648351648352,0.0659340659340659,0.00146520146520147,0.660989010989011,0.110622710622711,0.0758241758241758
280773.411807,2761866.126422,0.0559222588925559,0.0782911624495783,0.0132013201320132,0.708104143747708,0.0828749541620829,0.0616061606160616
281273.411807,2761866.126422,0.0664835164835165,0.0602564102564103,0.00256410256410256,0.485897435897436,0.192307692307692,0.192490842490843
281773.411807,2761866.126422,0.0648351648351648,0.356043956043956,0,0.156776556776557,0.146703296703297,0.275641025641026
282273.411807,2761866.126422,0.081041437477081,0.0991932526585992,0.00495049504950495,0.494866153281995,0.113494682801613,0.206453978731206
282773.411807,2761866.126422,0.0880952380952381,0.1,0.0435897435897436,0.205677655677656,0.122344322344322,0.44029304029304
283273.411807,2761866.126422,0.0419413919413919,0.026007326007326,0.00457875457875458,0.742124542124542,0.0985347985347985,0.0868131868131868
283773.411807,2761866.126422,0.0986431976530986,0.01998533186652,0.000183351668500183,0.622112211221122,0.103410341034103,0.155665566556656
284273.411807,2761866.126422,0.176556776556777,0.0203296703296703,0,0.160805860805861,0.178937728937729,0.463369963369963
284773.411807,2761866.126422,0.485714285714286,0.00915750915750916,0,0.165018315018315,0.0968864468864469,0.243223443223443
285273.411807,2761866.126422,0.85038503850385,0.00275027502750275,0,0.00183351668500183,0.0137513751375138,0.131279794646131
285773.411807,2761866.126422,0.911538461538462,0,0,0,0,0.0884615384615385
286273.411807,2761866.126422,0.977655677655678,0.000183150183150183,0,0,0,0.0221611721611722
286773.411807,2761866.126422,0.922625595892923,0.0597726439310598,0,0,0,0.0176017601760176
287273.411807,2761866.126422,0.881868131868132,0.0675824175824176,0,0.000732600732600733,0.00714285714285714,0.0426739926739927
287773.411807,2761866.126422,0.914337240757439,0.00225428313796213,0,0,0,0.0834084761045987
275273.411807,2761366.126422,0.146627565982405,0.0935483870967742,0,0.33108504398827,0.106158357771261,0.32258064516129
275773.411807,2761366.126422,0.160645516229598,0.0847240051347882,0.000550155877498625,0.270860077021823,0.105446543187236,0.377773702549056
276273.411807,2761366.126422,0.127909107568261,0.0454462158695254,0.0300531427524281,0.592083562396921,0.0905259299981675,0.113982041414697
276773.411807,2761366.126422,0.196549825656084,0.0928610754266838,0.00275279867865663,0.36942558267572,0.106258028996146,0.232152688566709
277273.411807,2761366.126422,0.0931597285897671,0.289381991564277,0.0196222262974509,0.114432422519714,0.187786539519531,0.295617091509261
277773.411807,2761366.126422,0.100971229613341,0.242440901594283,0.0494777350192413,0.202125710097123,0.17262231995602,0.232362103719993
278273.411807,2761366.126422,0.109561387410534,0.1159845843274,0.0418425399155808,0.420627638098734,0.155441365388145,0.156542484859607
278773.411807,2761366.126422,0.0865578580597836,0.252521547771869,0,0.257289565376857,0.121217678342197,0.282413350449294
279273.411807,2761366.126422,0.0623052959501558,0.139270661535642,0.00403151914971596,0.418544988088693,0.17372182517867,0.202125710097123
279773.411807,2761366.126422,0.115617544503579,0.0422095797394017,0.00660671682877592,0.734079647641769,0.0754266837951918,0.0260598274912828
280273.411807,2761366.126422,0.0986612873647534,0.0271410232899321,0.00146708233999633,0.629011553273428,0.12781954887218,0.11589950485971
280773.411807,2761366.126422,0.171156312992487,0.0674363203225215,0.000733003481766538,0.442001099505223,0.216969030602895,0.101704233095107
281273.411807,2761366.126422,0.0877225178931914,0.0908423563956689,0.21141493852083,0.179482473848413,0.173426316755368,0.25711139658653
281773.411807,2761366.126422,0.0955437373922611,0.147441775169631,0.00495140289748762,0.166697230882083,0.0981111314872547,0.487254722171282
282273.411807,2761366.126422,0.0736668499175371,0.0991387209089243,0.00989554700384827,0.371999266996518,0.113615539673813,0.331684075499359
282773.411807,2761366.126422,0.0704716461736098,0.065149568728207,0.0297302257294917,0.489264085153239,0.163883281336025,0.181501192879427
283273.411807,2761366.126422,0.0427287731523932,0.0399779937649001,0.00696864111498258,0.677608655785806,0.117366587199707,0.115349348982212
283773.411807,2761366.126422,0.0661535642294301,0.0322521531977277,0.00623052959501558,0.706615356422943,0.125160344511636,0.0635880520432472
284273.411807,2761366.126422,0.207744540282621,0.0293631859056708,0.00146815929528354,0.291980179849514,0.197100385391815,0.272343549275096
284773.411807,2761366.126422,0.506326792591234,0.033192737942417,0.00128369704749679,0.0390610673024023,0.0546488171648634,0.365486887951586
285273.411807,2761366.126422,0.718893164742533,0.00623052959501558,0.000733003481766538,0.0282206340480117,0.0635880520432472,0.182334616089426
285773.411807,2761366.126422,0.701596623233621,0.0291796659937603,0,0.011194714626537,0.112864745824922,0.14516425032116
286273.411807,2761366.126422,0.870346598202824,0.00458463231248854,0,0.00293416467999266,0.0254905556574363,0.0966440491472584
286773.411807,2761366.126422,0.763972878871175,0.0221733553234378,0,0.00384826827927433,0.0364669232178853,0.173538574308228
287273.411807,2761366.126422,0.467241695723986,0.057258212516058,0,0.00293631859056708,0.205358781427785,0.267204991741604
287773.411807,2761366.126422,0.483980144404332,0.0288808664259928,0.00157942238267148,0.000451263537906137,0.0374548736462094,0.447653429602888
275273.411807,2760866.126422,0.140845070422535,0.159037558685446,0.00176056338028169,0.383215962441315,0.144953051643192,0.17018779342723
275773.411807,2760866.126422,0.145844799119428,0.111172261970281,0.0717299578059072,0.287286736378646,0.117593102183086,0.266373142542653
276273.411807,2760866.126422,0.145421245421245,0.0864468864468864,0.00256410256410256,0.371428571428571,0.156959706959707,0.237179487179487
276773.411807,2760866.126422,0.0937614678899083,0.0603669724770642,0.00110091743119266,0.53394495412844,0.18697247706422,0.123853211009174
277273.411807,2760866.126422,0.0669601907906806,0.521555677857274,0,0.0515501742799486,0.107136305265089,0.252797651807008
277773.411807,2760866.126422,0.104212454212454,0.34981684981685,0.0043956043956044,0.13992673992674,0.0529304029304029,0.348717948717949
278273.411807,2760866.126422,0.101651376146789,0.332477064220183,0.00220183486238532,0.132477064220183,0.110642201834862,0.320550458715596
278773.411807,2760866.126422,0.0787011557512383,0.301596037424326,0,0.0986974866996881,0.173913043478261,0.347092276646487
279273.411807,2760866.126422,0.0556776556776557,0.155494505494505,0.00256410256410256,0.212637362637363,0.301282051282051,0.272344322344322
279773.411807,2760866.126422,0.119082568807339,0.08,0.0148623853211009,0.538899082568807,0.11394495412844,0.133211009174312
280273.411807,2760866.126422,0.237754540451293,0.080168776371308,0.000550357732526142,0.381397908640616,0.121445606310769,0.178682810493487
280773.411807,2760866.126422,0.0945054945054945,0.0981684981684982,0.00421245421245421,0.473443223443223,0.15970695970696,0.16996336996337
281273.411807,2760866.126422,0.120917431192661,0.146238532110092,0.0122935779816514,0.284954128440367,0.147155963302752,0.288440366972477
281773.411807,2760866.126422,0.145661346541919,0.030820033021464,0.00587048248027885,0.434782608695652,0.153916712529811,0.228948816730875
282273.411807,2760866.126422,0.0734432234432234,0.0877289377289377,0.00256410256410256,0.414468864468864,0.0961538461538462,0.325641025641026
282773.411807,2760866.126422,0.109908256880734,0.0565137614678899,0.018348623853211,0.427889908256881,0.135596330275229,0.251743119266055
283273.411807,2760866.126422,0.296459365254082,0.0680609062557329,0.000550357732526142,0.361951935424693,0.133003118693818,0.139974316639149
283773.411807,2760866.126422,0.321062271062271,0.0271062271062271,0.00421245421245421,0.138095238095238,0.0897435897435897,0.41978021978022
284273.411807,2760866.126422,0.106238532110092,0.0522935779816514,0.00403669724770642,0.480183486238532,0.175229357798165,0.182018348623853
284773.411807,2760866.126422,0.10988809392772,0.0440286186020914,0.00825536598789213,0.593835993395707,0.14694551458448,0.0970464135021097
285273.411807,2760866.126422,0.111172161172161,0.0543956043956044,0.00769230769230769,0.57032967032967,0.196886446886447,0.0595238095238095
285773.411807,2760866.126422,0.246788990825688,0.188073394495413,0.00036697247706422,0.0539449541284404,0.468807339449541,0.0420183486238532
286273.411807,2760866.126422,0.146395156851954,0.0770500825536599,0,0.00238488350761328,0.372775637497707,0.401394239589066
286773.411807,2760866.126422,0.107875457875458,0.17967032967033,0,0.00457875457875458,0.141025641025641,0.566849816849817
287273.411807,2760866.126422,0.0873394495412844,0.101651376146789,0,0.00146788990825688,0.028256880733945,0.781284403669725
287773.411807,2760866.126422,0.127539503386005,0.0905191873589165,0.00135440180586907,0.0936794582392776,0.0738148984198646,0.613092550790068
275273.411807,2760366.126422,0.0579795021961933,0.318887262079063,0,0.0254758418740849,0.102781844802343,0.494875549048316
275773.411807,2760366.126422,0.117399267399267,0.0970695970695971,0,0.177472527472527,0.20989010989011,0.398168498168498
276273.411807,2760366.126422,0.0535386872020535,0.0414374770810414,0.000366703337000367,0.687568756875688,0.144481114778144,0.0726072607260726
276773.411807,2760366.126422,0.156593406593407,0.0435897435897436,0,0.351831501831502,0.124725274725275,0.323260073260073
277273.411807,2760366.126422,0.0423076923076923,0.465384615384615,0.0241758241758242,0.0302197802197802,0.195054945054945,0.242857142857143
277773.411807,2760366.126422,0.0430876420975431,0.406307297396406,0.0366703337000367,0.0088008800880088,0.146314631463146,0.358819215254859
278273.411807,2760366.126422,0.0604395604395604,0.45952380952381,0.0278388278388278,0.0379120879120879,0.0553113553113553,0.358974358974359
278773.411807,2760366.126422,0.118315018315018,0.113919413919414,0.0582417582417582,0.18003663003663,0.164102564102564,0.365384615384615
279273.411807,2760366.126422,0.12981298129813,0.151998533186652,0.00733406674000733,0.303997066373304,0.174917491749175,0.231939860652732
279773.411807,2760366.126422,0.125457875457875,0.107142857142857,0,0.256593406593407,0.14981684981685,0.360989010989011
280273.411807,2760366.126422,0.246886446886447,0.0181318681318681,0,0.30989010989011,0.0990842490842491,0.326007326007326
280773.411807,2760366.126422,0.125229189585625,0.108544187752109,0,0.0256692335900257,0.17033370003667,0.57022368903557
281273.411807,2760366.126422,0.0785714285714286,0.0895604395604396,0,0.266849816849817,0.192307692307692,0.372710622710623
281773.411807,2760366.126422,0.208791208791209,0.0340659340659341,0.0468864468864469,0.207692307692308,0.116300366300366,0.386263736263736
282273.411807,2760366.126422,0.118261826182618,0.0348368170150348,0.0135680234690136,0.338283828382838,0.145031169783645,0.35001833516685
282773.411807,2760366.126422,0.35018315018315,0.0600732600732601,0.0249084249084249,0.0824175824175824,0.112087912087912,0.37032967032967
283273.411807,2760366.126422,0.137728937728938,0.0195970695970696,0,0.471978021978022,0.187179487179487,0.183516483516484
283773.411807,2760366.126422,0.355885588558856,0.037953795379538,0.000366703337000367,0.0782911624495783,0.186651998533187,0.340850751741841
284273.411807,2760366.126422,0.0815018315018315,0.0514652014652015,0.00311355311355311,0.666849816849817,0.120879120879121,0.0761904761904762
284773.411807,2760366.126422,0.161904761904762,0.0831501831501831,0.000183150183150183,0.46007326007326,0.160622710622711,0.134065934065934
285273.411807,2760366.126422,0.151815181518152,0.0471213788045471,0.00256692335900257,0.526952695269527,0.173267326732673,0.0982764943160983
285773.411807,2760366.126422,0.134798534798535,0.0532967032967033,0.00677655677655678,0.267399267399267,0.202197802197802,0.335531135531136
286273.411807,2760366.126422,0.0536630036630037,0.163919413919414,0.0402930402930403,0.0346153846153846,0.0924908424908425,0.615018315018315
286773.411807,2760366.126422,0.168683535020169,0.118995232856619,0,0.0044004400440044,0.0465713237990466,0.661349468280161
287273.411807,2760366.126422,0.164285714285714,0.0426739926739927,0,0.0558608058608059,0.158974358974359,0.578205128205128
287773.411807,2760366.126422,0.174256086564473,0.0588367899008115,0.000676284941388638,0.227231740306582,0.134806131650135,0.40419296663661
275273.411807,2759866.126422,0.141348973607038,0.196774193548387,0.107038123167155,0.127272727272727,0.138123167155425,0.289442815249267
275773.411807,2759866.126422,0.0838070786722905,0.133871263524665,0.00183385292499542,0.248853841921878,0.160278745644599,0.371355217311572
276273.411807,2759866.126422,0.0923584387025838,0.0927249404434671,0.0042147700201576,0.456477918270112,0.121495327102804,0.232728605460876
276773.411807,2759866.126422,0.196733345567994,0.0934116351624151,0.000367039823820885,0.0238575885483575,0.0913929161314003,0.594237474766012
277273.411807,2759866.126422,0.037593984962406,0.411333211076472,0,0.0293416467999266,0.25197139189437,0.269759765266826
277773.411807,2759866.126422,0.0395821880153931,0.578339747113799,0,0.0130108118013561,0.103719992669965,0.265347260399487
278273.411807,2759866.126422,0.0963479537529822,0.326481923288677,0.0475316571848046,0.0456964580657001,0.135437694989906,0.34850431271793
278773.411807,2759866.126422,0.178800660187053,0.124885384192188,0,0.0825233816247937,0.0997615991197506,0.514028974876215
279273.411807,2759866.126422,0.113982041414697,0.24097489463075,0,0.218801539307312,0.136521898479018,0.289719626168224
279773.411807,2759866.126422,0.126261699394384,0.172325197283905,0.0567076527803267,0.291429620113782,0.0963479537529822,0.256927876674619
280273.411807,2759866.126422,0.0729873464148175,0.0581331377223547,0.0397946084724005,0.446726572528883,0.14395745461214,0.238400880249404
280773.411807,2759866.126422,0.093274693054792,0.102620487447315,0.072200842954004,0.22869708631116,0.149349459409932,0.353857430822796
281273.411807,2759866.126422,0.113782345384474,0.106625068819967,0.0115617544503579,0.0981831528720866,0.167003119838502,0.502844558634612
