"x","y","forest","agri","water","built","other","grass"
173273.411807,2530366.126422,0.0346097201767305,0.037739322533137,0,0.66439617083947,0.151141384388807,0.112113402061856
173773.411807,2530366.126422,0.0592334494773519,0.0438290849073904,0,0.599486521181001,0.177883733724555,0.119567210709701
174273.411807,2530366.126422,0.143668682426242,0.0430639545537841,0,0.30273043796958,0.188198643943559,0.322338281106835
174773.411807,2530366.126422,0.0612956505780877,0.0155991925123876,0,0.495320242246284,0.210313819049367,0.217471095613874
175273.411807,2530366.126422,0.010819732257473,0.0113698881349716,0,0.778470566660554,0.151476251604621,0.0478635613423803
175773.411807,2530366.126422,0.0355506688656771,0.165658786879238,0,0.15356422943009,0.21073850100788,0.434487813817116
176273.411807,2530366.126422,0.0728574050284456,0.14112681225913,0,0.181868232703248,0.161314002569279,0.442833547439897
176773.411807,2530366.126422,0.0385109114249037,0.208325692279479,0.00403447643498991,0.0817898404547955,0.1199339812947,0.547405098111131
177273.411807,2530366.126422,0.0240058640278541,0.0557082646142569,0,0.422943008979293,0.246838922484882,0.250503939893715
177773.411807,2530366.126422,0.0255092677555515,0.333455679941274,0,0.0187190310148651,0.169388878693338,0.452927142594972
178273.411807,2530366.126422,0.0328259673574179,0.226664221529433,0,0.104529616724739,0.220795892169448,0.415184302218962
178773.411807,2530366.126422,0.137987905442551,0.0535092541689573,0,0.112699285321605,0.184167124793843,0.511636430273044
179273.411807,2530366.126422,0.0165167920719398,0.0785465222976693,0.0167003119838502,0.127546338777757,0.193062947329785,0.567627087538998
179773.411807,2530366.126422,0.0550155877498625,0.0214560792224464,0,0.272877315239318,0.35595085274161,0.294700165046763
180273.411807,2530366.126422,0.0357339197361187,0.0938244456661169,0,0.0535092541689573,0.220267546270845,0.596664834157962
180773.411807,2530366.126422,0.0473481372728941,0.0211047898697009,0,0.129014498073041,0.212516057992292,0.590016516792072
181273.411807,2530366.126422,0.0656519347148359,0.0223730056849441,0,0.0245736291949386,0.0649183935448377,0.822483036860444
181773.411807,2530366.126422,0.142752428074033,0.00604727872457394,0,0.0487447315374748,0.152281473336998,0.65017408832692
182273.411807,2530366.126422,0.278583226280051,0.04147550009176,0,0.00311983850247752,0.0565241328684162,0.620297302257295
182773.411807,2530366.126422,0.138822666422153,0.00385109114249037,0,0.00330093526499175,0.0282413350449294,0.825783972125436
183273.411807,2530366.126422,0.330401319406267,0.0168590800806304,0,0.0317024005864028,0.182151365218985,0.438885834707715
183773.411807,2530366.126422,0.608184988071206,0.00734079647641769,0,0.0258763075793724,0.140759772435309,0.217838135437695
184273.411807,2530366.126422,0.583715386026041,0.00788556757748029,0,0.0210893086374473,0.162295983862094,0.225013753896937
184773.411807,2530366.126422,0.433571559464907,0.0194245922668133,0,0.00256551218618288,0.0346344145134689,0.509803921568627
185273.411807,2530366.126422,0.611488346485594,0.0108276748027161,0,0.00256927876674619,0.0315654248485961,0.343549275096348
185773.411807,2530366.126422,0.444677033492823,0.00747607655502392,0,0.00897129186602871,0.0328947368421053,0.505980861244019
173273.411807,2529866.126422,0.101969445978281,0.0368120743603902,0,0.152586048223817,0.11135652494018,0.597275906497331
173773.411807,2529866.126422,0.109337736195194,0.0220143093010457,0,0.414235920014676,0.125298110438452,0.329113924050633
174273.411807,2529866.126422,0.108608058608059,0.0181318681318681,0,0.00897435897435897,0.0428571428571429,0.821428571428571
174773.411807,2529866.126422,0.0484403669724771,0.00935779816513761,0,0.671192660550459,0.190642201834862,0.0803669724770642
175273.411807,2529866.126422,0.0957622454595487,0.0383415886993212,0,0.37809576224546,0.276829939460649,0.210970464135021
175773.411807,2529866.126422,0.043040293040293,0.0924908424908425,0,0.0545787545787546,0.204578754578755,0.605311355311355
176273.411807,2529866.126422,0.0467889908256881,0.0315596330275229,0,0.188256880733945,0.210825688073394,0.52256880733945
176773.411807,2529866.126422,0.0416437350944781,0.0339387268391121,0,0.259768849752339,0.21537332599523,0.449275362318841
177273.411807,2529866.126422,0.0516483516483516,0.0553113553113553,0,0.31007326007326,0.282417582417582,0.300549450549451
177773.411807,2529866.126422,0.0176146788990826,0.33394495412844,0,0.0236697247706422,0.11045871559633,0.514311926605505
178273.411807,2529866.126422,0.0438451660245826,0.300862227114291,0,0.0394423041643735,0.247660979636764,0.368189323059989
178773.411807,2529866.126422,0.0591575091575092,0.137545787545788,0.000549450549450549,0.193040293040293,0.225824175824176,0.383882783882784
179273.411807,2529866.126422,0.0278899082568807,0.228990825688073,0.00458715596330275,0.0788990825688073,0.222752293577982,0.436880733944954
179773.411807,2529866.126422,0.0284351495138507,0.14547789396441,0.00165107319757843,0.121078701155751,0.236286919831224,0.467070262337186
180273.411807,2529866.126422,0.023992673992674,0.0216117216117216,0.0102564102564103,0.193040293040293,0.175457875457875,0.575641025641026
180773.411807,2529866.126422,0.0337614678899083,0.0398165137614679,0,0.128073394495413,0.175963302752294,0.622385321100917
181273.411807,2529866.126422,0.0908090258668134,0.0253164556962025,0,0.094294624839479,0.183269124931205,0.6063107686663
181773.411807,2529866.126422,0.186996336996337,0.100732600732601,0,0.0128205128205128,0.196153846153846,0.503296703296703
182273.411807,2529866.126422,0.175045871559633,0.0779816513761468,0,0.00532110091743119,0.0605504587155963,0.681100917431193
182773.411807,2529866.126422,0.605943863511282,0.00110071546505228,0,0.0137589433131535,0.080168776371308,0.299027701339204
183273.411807,2529866.126422,0.701465201465201,0,0,0,0,0.298534798534799
183773.411807,2529866.126422,0.759082568807339,0,0,0.00018348623853211,0.00073394495412844,0.24
184273.411807,2529866.126422,0.81746468537883,0.000366905155017428,0,0.002568336085122,0.029535864978903,0.150064208402128
184773.411807,2529866.126422,0.234798534798535,0.0106227106227106,0,0.00714285714285714,0.0789377289377289,0.668498168498168
185273.411807,2529866.126422,0.22256880733945,0.0137614678899083,0,0.00220183486238532,0.0357798165137615,0.725688073394495
185773.411807,2529866.126422,0.239976062238181,0,0,0.00418910831837223,0.00987432675044883,0.745960502692998
173273.411807,2529366.126422,0.0685409775817714,0.0701947813303932,0,0.168871738331496,0.203417861080485,0.488974641675854
173773.411807,2529366.126422,0.032967032967033,0.0291208791208791,0,0.593040293040293,0.182234432234432,0.162637362637363
174273.411807,2529366.126422,0.0597726439310598,0.0243857719105244,0,0.556288962229556,0.11037770443711,0.249174917491749
174773.411807,2529366.126422,0.0686813186813187,0.00659340659340659,0,0.543040293040293,0.226007326007326,0.155677655677656
175273.411807,2529366.126422,0.0412087912087912,0.0723443223443224,0,0.155677655677656,0.20989010989011,0.520879120879121
175773.411807,2529366.126422,0.0397873120645398,0.184635130179685,0.00678401173450678,0.155298863219655,0.144297763109644,0.469196919691969
176273.411807,2529366.126422,0.0565934065934066,0.220695970695971,0,0.0600732600732601,0.134981684981685,0.527655677655678
176773.411807,2529366.126422,0.0705128205128205,0.0355311355311355,0,0.161355311355311,0.163736263736264,0.568864468864469
177273.411807,2529366.126422,0.061972863953062,0.0221855518885222,0,0.114044737807114,0.14026402640264,0.661532819948662
177773.411807,2529366.126422,0.0289377289377289,0.172710622710623,0,0.143223443223443,0.273260073260073,0.381868131868132
178273.411807,2529366.126422,0.0113553113553114,0.373809523809524,0,0.101282051282051,0.213003663003663,0.300549450549451
178773.411807,2529366.126422,0.0491382471580491,0.249174917491749,0.000733406674000733,0.198386505317198,0.199119911991199,0.303447011367803
179273.411807,2529366.126422,0.0163003663003663,0.0443223443223443,0.0331501831501832,0.42014652014652,0.292124542124542,0.193956043956044
179773.411807,2529366.126422,0.0496336996336996,0.0496336996336996,0.0754578754578755,0.38040293040293,0.303296703296703,0.141575091575092
180273.411807,2529366.126422,0.0344701136780345,0.0430876420975431,0,0.0412541254125413,0.157682434910158,0.723505683901724
180773.411807,2529366.126422,0.0285714285714286,0.104029304029304,0,0.11025641025641,0.21978021978022,0.537362637362637
181273.411807,2529366.126422,0.2003663003663,0.0408424908424908,0.000549450549450549,0.045970695970696,0.226739926739927,0.485531135531136
181773.411807,2529366.126422,0.140997433076641,0.0328199486615328,0,0.0850751741840851,0.266043270993766,0.475064173083975
182273.411807,2529366.126422,0.424358974358974,0.00494505494505494,0,0.0139194139194139,0.0358974358974359,0.520879120879121
182773.411807,2529366.126422,0.686263736263736,0,0,0.00201465201465201,0.0010989010989011,0.310622710622711
183273.411807,2529366.126422,0.656215621562156,0,0,0.000183351668500183,0.000366703337000367,0.343234323432343
183773.411807,2529366.126422,0.538827838827839,0.00805860805860806,0,0.000549450549450549,0.0135531135531136,0.439010989010989
184273.411807,2529366.126422,0.629304029304029,0.000183150183150183,0,0.0106227106227106,0.0582417582417582,0.301648351648352
184773.411807,2529366.126422,0.390905757242391,0.00055005500550055,0,0.00348368170150348,0.0385038503850385,0.566556655665567
185273.411807,2529366.126422,0.278205128205128,0.00714285714285714,0,0.039010989010989,0.170879120879121,0.504761904761905
185773.411807,2529366.126422,0.545264415894831,0,0,0.00836570062742755,0.0391395279354646,0.407230355542277
173273.411807,2528866.126422,0.0272459499263623,0.0254050073637703,0,0.566273932253314,0.186119293078056,0.194955817378498
173773.411807,2528866.126422,0.041995231982395,0.00623509994498441,0,0.764900055015588,0.157894736842105,0.0289748762149276
174273.411807,2528866.126422,0.0238226131574125,0.009529045262965,0,0.82847718526663,0.107934762690123,0.0302363936228697
174773.411807,2528866.126422,0.060561570930446,0.0420260598274913,0,0.430721233253808,0.193613507065517,0.273077628922738
175273.411807,2528866.126422,0.0304419585549239,0.134238034109664,0,0.0342930496974143,0.17604988079956,0.624977076838438
175773.411807,2528866.126422,0.0309693971046362,0.365585486531061,0.000366501740883269,0.0918086860912589,0.128642111050027,0.382627817482133
176273.411807,2528866.126422,0.0695540466140576,0.281336024958708,0.0205542301339695,0.165351440631308,0.144980730409249,0.318223527252707
176773.411807,2528866.126422,0.25197139189437,0.0529983495323675,0,0.0689528699798276,0.0775719787273061,0.548505409866129
177273.411807,2528866.126422,0.0148433205057724,0.133040131940627,0,0.0800806303829943,0.146417445482866,0.625618471687741
177773.411807,2528866.126422,0.0178014314553129,0.232152688566709,0,0.189943108827308,0.19067718847495,0.36942558267572
178273.411807,2528866.126422,0.0374105996699065,0.320557491289199,0,0.0863744727672841,0.167247386759582,0.388410049514029
178773.411807,2528866.126422,0.0159428257284222,0.217885284955104,0.034084661902144,0.308777716694154,0.184900128275609,0.238409382444567
179273.411807,2528866.126422,0.0113782345384474,0.118370343182235,0.0458799779776106,0.522114149385208,0.230501009359516,0.0717562855569829
179773.411807,2528866.126422,0.0188886851274528,0.181184668989547,0.00421786172748946,0.166697230882083,0.273060700531817,0.35595085274161
180273.411807,2528866.126422,0.0223566061938794,0.0546087593916071,0.0089792926516401,0.223199560197911,0.289353124427341,0.401502657137621
180773.411807,2528866.126422,0.0884565975408332,0.0704716461736098,0,0.0734079647641769,0.201137823453845,0.566525968067535
181273.411807,2528866.126422,0.285347515129287,0.0397946084724005,0,0.0546488171648634,0.177883733724555,0.442325325508894
181773.411807,2528866.126422,0.179769103903244,0.0137438152831226,0,0.146234194612424,0.227964082829393,0.432288803371816
182273.411807,2528866.126422,0.604881629656818,0.000183519911910442,0,0.017434391631492,0.0517526151587447,0.325747843641035
182773.411807,2528866.126422,0.581331377223547,0.00275077938749312,0,0.000733541169998166,0.0434623143223913,0.371721987896571
183273.411807,2528866.126422,0.695620304196445,0,0,0,0.000366501740883269,0.304013194062672
183773.411807,2528866.126422,0.819232886768214,0,0,0,0,0.180767113231786
184273.411807,2528866.126422,0.505043095543737,0.0022006235099945,0,0.0150375939849624,0.0819732257472951,0.395745461214011
184773.411807,2528866.126422,0.552501374381528,0.00348176653839106,0,0.00494777350192413,0.0142935678944475,0.424775517683709
185273.411807,2528866.126422,0.561937970269774,0.0155991925123876,0,0.0119287942741787,0.0489998164800881,0.361534226463571
185773.411807,2528866.126422,0.295753588516746,0.00269138755980861,0,0.183612440191388,0.219497607655502,0.298444976076555
173273.411807,2528366.126422,0.193815571507454,0.0268728142830849,0,0.297441560831953,0.224369593226578,0.257500460150929
173773.411807,2528366.126422,0.121445606310769,0.02568336085122,0,0.424509264355164,0.142726105301779,0.285635663181068
174273.411807,2528366.126422,0.0355311355311355,0.00915750915750916,0,0.821794871794872,0.10018315018315,0.0333333333333333
174773.411807,2528366.126422,0.0264220183486239,0.0181651376146789,0,0.724403669724771,0.129724770642202,0.101284403669725
175273.411807,2528366.126422,0.0328380113740598,0.0902586681342873,0,0.274995413685562,0.172812328013209,0.429095578792882
175773.411807,2528366.126422,0.0243589743589744,0.155494505494505,0,0.0857142857142857,0.145787545787546,0.588644688644689
176273.411807,2528366.126422,0.115229357798165,0.109357798165138,0.104587155963303,0.160733944954128,0.127155963302752,0.382935779816514
176773.411807,2528366.126422,0.0447624289121262,0.0458631443771785,0.00440286186020914,0.272977435332966,0.260869565217391,0.371124564300128
177273.411807,2528366.126422,0.0197802197802198,0.176739926739927,0.000183150183150183,0.146153846153846,0.0952380952380952,0.561904761904762
177773.411807,2528366.126422,0.0205504587155963,0.136880733944954,0.00348623853211009,0.278165137614679,0.134311926605505,0.426605504587156
178273.411807,2528366.126422,0.0245826453861677,0.351128233351679,0.0121078701155751,0.29095578792882,0.113190240322877,0.208035222894882
178773.411807,2528366.126422,0.0272893772893773,0.29029304029304,0.00311355311355311,0.268498168498168,0.108058608058608,0.302747252747253
179273.411807,2528366.126422,0.161834862385321,0.035045871559633,0.0344954128440367,0.291926605504587,0.200733944954128,0.275963302752294
179773.411807,2528366.126422,0.539900935608145,0.0999816547422491,0.000366905155017428,0.00605393505778756,0.0343056319941295,0.319390937442671
180273.411807,2528366.126422,0.267582417582418,0.114468864468864,0,0.00567765567765568,0.0503663003663004,0.561904761904762
180773.411807,2528366.126422,0.0332110091743119,0.391376146788991,0,0.00513761467889908,0.0530275229357798,0.517247706422018
181273.411807,2528366.126422,0.0902586681342873,0.0449458814896349,0,0.0216474041460283,0.12694918363603,0.716198862594019
181773.411807,2528366.126422,0.110622710622711,0.0336996336996337,0,0.116300366300366,0.416483516483517,0.322893772893773
182273.411807,2528366.126422,0.648623853211009,0.00311926605504587,0,0.00513761467889908,0.11743119266055,0.225688073394495
182773.411807,2528366.126422,0.581911575857641,0.00165107319757843,0,0.00091726288754357,0.0544854155200881,0.361034672537149
183273.411807,2528366.126422,0.678937728937729,0,0,0,0,0.321062271062271
183773.411807,2528366.126422,0.71743119266055,0,0,0,0,0.28256880733945
184273.411807,2528366.126422,0.539717483030637,0.00275178866263071,0.00623738763529628,0.0168776371308017,0.0524674371674922,0.381948266373143
184773.411807,2528366.126422,0.449450549450549,0.000549450549450549,0,0.000732600732600733,0.00476190476190476,0.544505494505494
185273.411807,2528366.126422,0.575779816513761,0.00697247706422018,0.0036697247706422,0.00128440366972477,0.00587155963302752,0.406422018348624
185773.411807,2528366.126422,0.606822262118492,0.00299222022740874,0,0.0209455415918612,0.00867743865948534,0.360562537402753
173273.411807,2527866.126422,0.0499816244027931,0.0882028665931643,0,0.201580301359794,0.179529584711503,0.480705622932745
173773.411807,2527866.126422,0.0868131868131868,0.141391941391941,0.000549450549450549,0.118864468864469,0.113369963369963,0.539010989010989
174273.411807,2527866.126422,0.0518885221855519,0.0539053905390539,0.00165016501650165,0.444811147781445,0.151081774844151,0.296662999633297
174773.411807,2527866.126422,0.0661172161172161,0.0205128205128205,0.000183150183150183,0.391575091575092,0.217582417582418,0.304029304029304
175273.411807,2527866.126422,0.0417582417582418,0.036996336996337,0,0.528388278388278,0.147802197802198,0.245054945054945
175773.411807,2527866.126422,0.108544187752109,0.0551888522185552,0,0.242024202420242,0.253575357535754,0.340667400073341
176273.411807,2527866.126422,0.130586080586081,0.18992673992674,0,0.0412087912087912,0.141391941391941,0.496886446886447
176773.411807,2527866.126422,0.0811355311355311,0.0730769230769231,0.0313186813186813,0.269413919413919,0.194505494505495,0.350549450549451
177273.411807,2527866.126422,0.0146681334800147,0.050971763843051,0.0584891822515585,0.356618995232857,0.136780344701137,0.382471580491382
177773.411807,2527866.126422,0.0168498168498168,0.18003663003663,0.0424908424908425,0.444322344322344,0.118498168498168,0.197802197802198
178273.411807,2527866.126422,0.0452380952380952,0.166300366300366,0.00805860805860806,0.226739926739927,0.105860805860806,0.447802197802198
178773.411807,2527866.126422,0.0403373670700403,0.331133113311331,0.0381371470480381,0.249174917491749,0.114594792812615,0.226622662266227
179273.411807,2527866.126422,0.419413919413919,0.0236263736263736,0.000366300366300366,0.0188644688644689,0.0514652014652015,0.486263736263736
179773.411807,2527866.126422,0.132051282051282,0.223809523809524,0,0,0.0421245421245421,0.602014652014652
180273.411807,2527866.126422,0.276310964429776,0.18976897689769,0,0.0273193986065273,0.07004033736707,0.436560322698937
180773.411807,2527866.126422,0.0534798534798535,0.147252747252747,0,0.0774725274725275,0.28992673992674,0.431868131868132
181273.411807,2527866.126422,0.385714285714286,0.0043956043956044,0,0.0032967032967033,0.00915750915750916,0.597435897435897
181773.411807,2527866.126422,0.532086541987532,0.0218188485515218,0,0.00513384671800513,0.0368536853685369,0.404107077374404
182273.411807,2527866.126422,0.600549450549451,0.00128205128205128,0,0.00604395604395604,0.135531135531136,0.256593406593407
182773.411807,2527866.126422,0.60952380952381,0.000183150183150183,0,0.00128205128205128,0.0120879120879121,0.376923076923077
183273.411807,2527866.126422,0.713971397139714,0,0,0.000366703337000367,0.00238357169050238,0.283278327832783
183773.411807,2527866.126422,0.77985347985348,0,0,0,0,0.22014652014652
184273.411807,2527866.126422,0.543040293040293,0,0,0.0139194139194139,0.0179487179487179,0.425091575091575
184773.411807,2527866.126422,0.565273193986065,0.000733406674000733,0,0.000733406674000733,0.0088008800880088,0.424459112577924
185273.411807,2527866.126422,0.365018315018315,0.00274725274725275,0,0.000915750915750916,0.00952380952380952,0.621794871794872
185773.411807,2527866.126422,0.520764864057365,0.0110546758291007,0,0.00627427547057066,0.0343591275769346,0.427547057066029
173273.411807,2527366.126422,0.119661266568483,0.0559646539027982,0,0.0949926362297496,0.0878129602356406,0.641568483063328
173773.411807,2527366.126422,0.0159545204474601,0.153126719237117,0,0.0539152759948652,0.0953603520997616,0.681643132220796
174273.411807,2527366.126422,0.0518599963349826,0.150082462891699,0.00879604178119846,0.308227964082829,0.103353490929082,0.377680043980209
174773.411807,2527366.126422,0.0332171040557901,0.101486511286475,0.0238575885483575,0.328500642319692,0.172875757019637,0.34006239677005
175273.411807,2527366.126422,0.0788556757748029,0.227214377406932,0.000916926462497708,0.282963506326793,0.189620392444526,0.220429121584449
175773.411807,2527366.126422,0.0890599230346344,0.121312076232362,0,0.326736301997434,0.169140553417629,0.29375114531794
176273.411807,2527366.126422,0.0919434758671316,0.121490181684713,0,0.256010277115067,0.109377867498624,0.421178197834465
176773.411807,2527366.126422,0.0786722904823033,0.0320924261874198,0.0478635613423803,0.401980561158995,0.191637630662021,0.247753530166881
177273.411807,2527366.126422,0.030602895363753,0.114715044896463,0.0569910207073484,0.511269928532161,0.0824628916987356,0.203958218801539
177773.411807,2527366.126422,0.118920902917967,0.0836850798311617,0.0280785465222977,0.208295100018352,0.121673701596623,0.439346669113599
178273.411807,2527366.126422,0.0579497524298551,0.359251788006602,0.0113698881349716,0.105996699064735,0.0324591967724189,0.432972675591418
178773.411807,2527366.126422,0.0822796408282939,0.507788161993769,0,0.0318856514568444,0.11214953271028,0.265897013010812
179273.411807,2527366.126422,0.169572398605249,0.246283721783814,0,0.0502844558634612,0.173242796843458,0.360616626904019
179773.411807,2527366.126422,0.0317256556024207,0.422703099211443,0,0.00715202640748212,0.0729873464148175,0.465431872363836
180273.411807,2527366.126422,0.0676195711929632,0.149899212021257,0,0.0828293934396188,0.222649807586586,0.477002015759575
180773.411807,2527366.126422,0.0657001284639383,0.164250321159846,0,0.0879060378051019,0.243163883281336,0.438979629289778
181273.411807,2527366.126422,0.204841371721988,0.010819732257473,0,0.0647350082523382,0.123785072437191,0.59581881533101
181773.411807,2527366.126422,0.574857980575408,0,0,0.000183250870441635,0.00623052959501558,0.418728238959135
182273.411807,2527366.126422,0.43971370893742,0.0034868783262984,0,0.000917599559552211,0.0423930996513122,0.513488713525417
182773.411807,2527366.126422,0.626627544470933,0.000733541169998166,0,0.0066018705299835,0.0775719787273061,0.288465065101779
183273.411807,2527366.126422,0.813450613890416,0,0,0.000549752611324904,0.00274876305662452,0.183250870441635
183773.411807,2527366.126422,0.764543953018903,0,0,0.000183519911910442,0.0141310332171041,0.221141493852083
184273.411807,2527366.126422,0.736658719970658,0.00128369704749679,0,0,0.00843572345497891,0.253621859526866
184773.411807,2527366.126422,0.511636430273044,0.023089609675646,0,0.00201575957485798,0.0183250870441635,0.444933113432289
185273.411807,2527366.126422,0.740869884382455,0.00256927876674619,0.00660671682877592,0.000734079647641769,0.0034868783262984,0.245733162048082
185773.411807,2527366.126422,0.435406698564593,0.0352870813397129,0.02811004784689,0.0212320574162679,0.0364832535885167,0.443480861244019
173273.411807,2526866.126422,0.129762562120375,0.02263942573164,0,0.0353395913859746,0.0918461255291736,0.720412295232836
173773.411807,2526866.126422,0.211337369290039,0.0374243258117777,0,0.312786644652357,0.245276096129151,0.193175564116676
174273.411807,2526866.126422,0.138827838827839,0.0340659340659341,0,0.264835164835165,0.164468864468864,0.397802197802198
174773.411807,2526866.126422,0.185137614678899,0.0759633027522936,0.00110091743119266,0.234311926605505,0.228807339449541,0.274678899082569
175273.411807,2526866.126422,0.0247660979636764,0.415703540634746,0.00293524124013942,0.198128783709411,0.141441937259218,0.217024399192809
175773.411807,2526866.126422,0.0774725274725275,0.145054945054945,0.000366300366300366,0.254578754578755,0.234981684981685,0.287545787545788
176273.411807,2526866.126422,0.0579816513761468,0.0522935779816514,0,0.531743119266055,0.135963302752294,0.222018348623853
176773.411807,2526866.126422,0.266006237387635,0.0260502660062374,0,0.150064208402128,0.096862960924601,0.461016327279398
177273.411807,2526866.126422,0.0159340659340659,0.125274725274725,0.091025641025641,0.484432234432234,0.141025641025641,0.142307692307692
177773.411807,2526866.126422,0.04,0.0671559633027523,0.108990825688073,0.549724770642202,0.108623853211009,0.125504587155963
178273.411807,2526866.126422,0.029535864978903,0.121078701155751,0.0825536598789213,0.282333516785911,0.219042377545405,0.265455879655109
178773.411807,2526866.126422,0.0734432234432234,0.421245421245421,0.00476190476190476,0.166300366300366,0.142857142857143,0.191391941391941
179273.411807,2526866.126422,0.0207339449541284,0.670091743119266,0,0.0234862385321101,0.107889908256881,0.177798165137615
179773.411807,2526866.126422,0.0612731608879105,0.398458998348927,0,0.0258668134287287,0.160154100165107,0.354246927169327
180273.411807,2526866.126422,0.122344322344322,0.0271062271062271,0,0.0840659340659341,0.216117216117216,0.5503663003663
180773.411807,2526866.126422,0.135963302752294,0.00623853211009174,0,0.0429357798165138,0.132477064220183,0.682385321100917
181273.411807,2526866.126422,0.194826637314254,0.00715465052283985,0,0.0632911392405063,0.190974133186571,0.543753439735828
181773.411807,2526866.126422,0.251831501831502,0.00567765567765568,0,0.0505494505494506,0.188095238095238,0.503846153846154
182273.411807,2526866.126422,0.605871559633028,0,0,0.00110091743119266,0.00348623853211009,0.38954128440367
182773.411807,2526866.126422,0.720968629609246,0,0,0,0.00697119794533113,0.272060172445423
183273.411807,2526866.126422,0.864652014652015,0,0,0,0,0.135347985347985
183773.411807,2526866.126422,0.556146788990826,0.00715596330275229,0,0.0104587155963303,0.0667889908256881,0.359449541284404
184273.411807,2526866.126422,0.38084755090809,0.000366905155017428,0,0.0236653824986241,0.0909924784443221,0.504127682993946
184773.411807,2526866.126422,0.504578754578755,0.0527472527472527,0,0.0254578754578755,0.0754578754578755,0.341758241758242
185273.411807,2526866.126422,0.721651376146789,0.00605504587155963,0,0.00073394495412844,0.011743119266055,0.259816513761468
185773.411807,2526866.126422,0.529024536205865,0.0323159784560144,0.00149611011370437,0.00209455415918612,0.0517654099341712,0.383303411131059
173273.411807,2526366.126422,0.0314222712238148,0.0305034913634693,0,0.78335170893054,0.0707460492466005,0.0839764792355751
173773.411807,2526366.126422,0.0681318681318681,0.139377289377289,0,0.245970695970696,0.251648351648352,0.294871794871795
174273.411807,2526366.126422,0.128712871287129,0.0335533553355336,0,0.214888155482215,0.233406674000733,0.389438943894389
174773.411807,2526366.126422,0.0432234432234432,0.0584249084249084,0.00164835164835165,0.322893772893773,0.164652014652015,0.409157509157509
175273.411807,2526366.126422,0.0181318681318681,0.0732600732600733,0.00531135531135531,0.532051282051282,0.131318681318681,0.23992673992674
175773.411807,2526366.126422,0.0584891822515585,0.0806747341400807,0.0685735240190686,0.367803447011368,0.217638430509718,0.206820682068207
176273.411807,2526366.126422,0.0445054945054945,0.0195970695970696,0,0.477289377289377,0.204029304029304,0.254578754578755
176773.411807,2526366.126422,0.102564102564103,0.0443223443223443,0,0.462087912087912,0.144688644688645,0.246336996336996
177273.411807,2526366.126422,0.0291529152915292,0.357719105243858,0.0339200586725339,0.263843050971764,0.0883755042170884,0.226989365603227
177773.411807,2526366.126422,0.0228937728937729,0.0152014652014652,0.0838827838827839,0.754029304029304,0.0518315018315018,0.0721611721611722
178273.411807,2526366.126422,0.0802197802197802,0.036996336996337,0.0173992673992674,0.320512820512821,0.130586080586081,0.414285714285714
178773.411807,2526366.126422,0.0601393472680601,0.215438210487715,0.0249358269160249,0.219288595526219,0.175834250091676,0.304363769710304
179273.411807,2526366.126422,0.0527472527472527,0.46025641025641,0,0.0388278388278388,0.128205128205128,0.31996336996337
179773.411807,2526366.126422,0.137912087912088,0.140842490842491,0,0.0807692307692308,0.136813186813187,0.503663003663004
180273.411807,2526366.126422,0.0539053905390539,0.125045837917125,0,0.215438210487715,0.232306563989732,0.373303997066373
180773.411807,2526366.126422,0.342673992673993,0.186446886446886,0,0.00915750915750916,0.0228937728937729,0.438827838827839
181273.411807,2526366.126422,0.206227106227106,0.0373626373626374,0.000549450549450549,0.0893772893772894,0.0842490842490843,0.582234432234432
181773.411807,2526366.126422,0.155298863219655,0.00421708837550422,0,0.199486615328199,0.303813714704804,0.337183718371837
182273.411807,2526366.126422,0.461355311355311,0.000183150183150183,0,0.00238095238095238,0.0373626373626374,0.498717948717949
182773.411807,2526366.126422,0.597985347985348,0,0,0.0010989010989011,0.0102564102564103,0.390659340659341
183273.411807,2526366.126422,0.723689035570224,0,0,0,0.00055005500550055,0.275760909424276
183773.411807,2526366.126422,0.508424908424908,0.00146520146520147,0.00274725274725275,0.00421245421245421,0.0111721611721612,0.471978021978022
184273.411807,2526366.126422,0.343772893772894,0.0164835164835165,0.000183150183150183,0.0115384615384615,0.0538461538461538,0.574175824175824
184773.411807,2526366.126422,0.454895489548955,0.000183351668500183,0,0.0232856618995233,0.0627062706270627,0.458929226255959
185273.411807,2526366.126422,0.544139194139194,0.000366300366300366,0,0.0272893772893773,0.089010989010989,0.339194139194139
185773.411807,2526366.126422,0.694353152076486,0.0116522258739169,0,0.00418285031371377,0.0167314012548551,0.273080370481028
173273.411807,2525866.126422,0.0423416789396171,0.232142857142857,0,0.128865979381443,0.253129602356406,0.343519882179676
173773.411807,2525866.126422,0.114982578397213,0.0353933614524115,0,0.273244085824317,0.254538785989364,0.321841188336695
174273.411807,2525866.126422,0.0927249404434671,0.0767821147150449,0,0.231812351108668,0.256917720359172,0.341762873373649
174773.411807,2525866.126422,0.0647825289043861,0.184804551293815,0.000183519911910442,0.0644154890805652,0.188658469443935,0.497155441365388
175273.411807,2525866.126422,0.0667522464698331,0.0397946084724005,0,0.176600036677059,0.106363469649734,0.610489638730974
175773.411807,2525866.126422,0.0558915154846986,0.0597397837639729,0.083745647791827,0.440901594282573,0.206340480117281,0.153380978559648
176273.411807,2525866.126422,0.063497889521013,0.0436777390346853,0.0034868783262984,0.385208295100018,0.206459900899248,0.297669297118737
176773.411807,2525866.126422,0.0566660553823583,0.187236383642032,0.00990280579497524,0.297634329726756,0.20392444525949,0.244635980194388
177273.411807,2525866.126422,0.036100421477002,0.0727505955653289,0.134322888033718,0.455928165658787,0.109950522264981,0.190947407000183
177773.411807,2525866.126422,0.0321159845843274,0.0418425399155808,0.104606349788952,0.511286474582492,0.133235456046981,0.176913195081666
178273.411807,2525866.126422,0.0066018705299835,0.0392444525949019,0.0253071703649367,0.854942233632863,0.0474967907573813,0.026407482119934
178773.411807,2525866.126422,0.0527762506871908,0.425325270295034,0,0.0793476269012278,0.0635880520432472,0.3789628000733
179273.411807,2525866.126422,0.0559735731326849,0.171040557900532,0,0.143696091025876,0.221875573499725,0.407414204441182
179773.411807,2525866.126422,0.053181734824867,0.240234733174399,0.000366770584999083,0.139006051714652,0.129653401797176,0.437557307903906
180273.411807,2525866.126422,0.0703683342495877,0.391423859263332,0,0.09529045262965,0.0351841671247938,0.407733186732637
180773.411807,2525866.126422,0.324096164433841,0.0211047898697009,0.00660671682877592,0.233253808038172,0.0524866948063865,0.362451826023124
181273.411807,2525866.126422,0.068402714102329,0.0452961672473868,0,0.245919677241885,0.154777186869613,0.485604254538786
181773.411807,2525866.126422,0.238042880703683,0.0042147700201576,0,0.0754993586219534,0.138904159794759,0.543338830859447
182273.411807,2525866.126422,0.314369609102588,0.00422095797394017,0,0.0324830244081483,0.0756102037071022,0.573316204808222
182773.411807,2525866.126422,0.558591600953603,0.00275077938749312,0,0.00623509994498441,0.0198056115899505,0.412616908123968
183273.411807,2525866.126422,0.455744914788345,0.000366501740883269,0,0.013560564412681,0.0232728605460876,0.507055158512003
183773.411807,2525866.126422,0.304826573683245,0.0750596439713709,0.0829510001835199,0.0603780510185355,0.00367039823820885,0.47311433290512
184273.411807,2525866.126422,0.374472767284064,0.0984779020722538,0.0392444525949019,0.013203741059967,0.0265908674124335,0.44801026957638
184773.411807,2525866.126422,0.553600879604178,0.00219901044529962,0.00256551218618288,0.0247388675096207,0.0478284771852666,0.369067253069452
185273.411807,2525866.126422,0.264268673151037,0.0034868783262984,0,0.0152321526885667,0.0928610754266838,0.624151220407414
185773.411807,2525866.126422,0.469497607655502,0.0385765550239234,0.034988038277512,0.00358851674641148,0.0221291866028708,0.43122009569378
173273.411807,2525366.126422,0.12644947542794,0.0156451316031658,0,0.229155162893429,0.252898950855881,0.375851279219584
173773.411807,2525366.126422,0.243074665199046,0.0174279948633278,0,0.17831590533847,0.16125481563016,0.399926618968997
174273.411807,2525366.126422,0.135164835164835,0.0587912087912088,0,0.0976190476190476,0.115567765567766,0.592857142857143
174773.411807,2525366.126422,0.125137614678899,0.0168807339449541,0,0.46605504587156,0.136880733944954,0.255045871559633
175273.411807,2525366.126422,0.0629242340854889,0.0280682443588332,0,0.242707760044029,0.312052834342323,0.354246927169327
175773.411807,2525366.126422,0.124542124542125,0.119047619047619,0,0.112087912087912,0.137179487179487,0.507142857142857
176273.411807,2525366.126422,0.0576146788990826,0.0368807339449541,0,0.131192660550459,0.135045871559633,0.639266055045872
176773.411807,2525366.126422,0.0348559897266557,0.0456796917996698,0,0.123280132085856,0.198128783709411,0.598055402678408
177273.411807,2525366.126422,0.0393772893772894,0.101831501831502,0.00457875457875458,0.497985347985348,0.151465201465201,0.204761904761905
177773.411807,2525366.126422,0.0422018348623853,0.245137614678899,0.0106422018348624,0.370825688073394,0.148623853211009,0.18256880733945
178273.411807,2525366.126422,0.0132085855806274,0.0278847917813245,0.0317372959090075,0.818932305998899,0.0798018712162906,0.0284351495138507
178773.411807,2525366.126422,0.0377289377289377,0.0322344322344322,0.0553113553113553,0.442490842490842,0.150732600732601,0.281501831501832
179273.411807,2525366.126422,0.0587155963302752,0.0155963302752294,0,0.414495412844037,0.207706422018349,0.30348623853211
179773.411807,2525366.126422,0.199963309484498,0.0251330031186938,0,0.137039075399009,0.174463401210787,0.463401210787012
180273.411807,2525366.126422,0.390842490842491,0.0445054945054945,0,0.143956043956044,0.0826007326007326,0.338095238095238
180773.411807,2525366.126422,0.221100917431193,0.0223853211009174,0.00018348623853211,0.111192660550459,0.0996330275229358,0.545504587155963
181273.411807,2525366.126422,0.171895065125665,0.0198128783709411,0.00220143093010457,0.214456063107687,0.314254265272427,0.277380297193176
181773.411807,2525366.126422,0.311904761904762,0.0364468864468864,0,0.0613553113553114,0.20989010989011,0.38040293040293
182273.411807,2525366.126422,0.374678899082569,0.00128440366972477,0,0.0737614678899083,0.151559633027523,0.398715596330275
182773.411807,2525366.126422,0.346541918913961,0.00385250412768299,0,0.0289855072463768,0.0522839845899835,0.568336085121996
183273.411807,2525366.126422,0.31025641025641,0.0608058608058608,0.274542124542125,0.00915750915750916,0.0267399267399267,0.318498168498168
183773.411807,2525366.126422,0.406238532110092,0.0871559633027523,0.0759633027522936,0.0119266055045872,0.0126605504587156,0.40605504587156
184273.411807,2525366.126422,0.454595487066593,0.18968996514401,0.0322876536415337,0.00568702990277013,0.00366905155017428,0.314070812694918
184773.411807,2525366.126422,0.447435897435897,0.165018315018315,0,0.000366300366300366,0.00183150183150183,0.385347985347985
185273.411807,2525366.126422,0.324403669724771,0.0638532110091743,0.00825688073394495,0.0302752293577982,0.0673394495412844,0.505871559633028
185773.411807,2525366.126422,0.397666068222621,0.00119688809096349,0,0.00388988629563136,0.0203470975463794,0.576900059844405
173273.411807,2524866.126422,0.13965453877251,0.0891216464535097,0.000183755972069092,0.133774347666299,0.0962881293642043,0.540977581771408
173773.411807,2524866.126422,0.0957875457875458,0.0558608058608059,0,0.248351648351648,0.157509157509158,0.442490842490842
174273.411807,2524866.126422,0.13036303630363,0.046021268793546,0,0.107444077741107,0.0826916024935827,0.633480014668134
174773.411807,2524866.126422,0.0963369963369963,0.00659340659340659,0,0.482417582417582,0.1496336996337,0.265018315018315
175273.411807,2524866.126422,0.102380952380952,0.0175824175824176,0,0.374725274725275,0.197069597069597,0.308241758241758
175773.411807,2524866.126422,0.103960396039604,0.111477814448111,0,0.167766776677668,0.110927759442611,0.505867253392006
176273.411807,2524866.126422,0.0902930402930403,0.0424908424908425,0.0456043956043956,0.180952380952381,0.0714285714285714,0.569230769230769
176773.411807,2524866.126422,0.0604395604395604,0.0582417582417582,0,0.249267399267399,0.216483516483516,0.415567765567766
177273.411807,2524866.126422,0.0273193986065273,0.0825082508250825,0.0011001100110011,0.247524752475248,0.178217821782178,0.463329666299963
177773.411807,2524866.126422,0.0437728937728938,0.365018315018315,0.000732600732600733,0.129487179487179,0.142857142857143,0.318131868131868
178273.411807,2524866.126422,0.0426739926739927,0.0943223443223443,0,0.385897435897436,0.217216117216117,0.25989010989011
178773.411807,2524866.126422,0.0258525852585259,0.0933259992665933,0,0.513934726806014,0.175100843417675,0.191785845251192
179273.411807,2524866.126422,0.0454212454212454,0.18040293040293,0,0.404395604395604,0.196886446886447,0.172893772893773
179773.411807,2524866.126422,0.0208791208791209,0.151648351648352,0,0.423260073260073,0.221794871794872,0.182417582417582
180273.411807,2524866.126422,0.0385038503850385,0.0258525852585259,0,0.281628162816282,0.223322332233223,0.430693069306931
180773.411807,2524866.126422,0.133150183150183,0.00402930402930403,0,0.130586080586081,0.231318681318681,0.500915750915751
181273.411807,2524866.126422,0.385164835164835,0.000732600732600733,0,0.126190476190476,0.14047619047619,0.347435897435897
181773.411807,2524866.126422,0.528969563623029,0.000366703337000367,0,0.000183351668500183,0.00513384671800513,0.465346534653465
182273.411807,2524866.126422,0.576007326007326,0,0,0.00457875457875458,0.0164835164835165,0.402930402930403
182773.411807,2524866.126422,0.409157509157509,0.0181318681318681,0.149450549450549,0.00164835164835165,0.00311355311355311,0.418498168498169
183273.411807,2524866.126422,0.326365969930326,0.0368536853685369,0.436193619361936,0.00513384671800513,0.00146681334800147,0.193986065273194
183773.411807,2524866.126422,0.441025641025641,0.00274725274725275,0,0.0010989010989011,0.00695970695970696,0.548168498168498
184273.411807,2524866.126422,0.401648351648352,0.00457875457875458,0.000183150183150183,0.00256410256410256,0.00402930402930403,0.586996336996337
184773.411807,2524866.126422,0.403923725705904,0.0841584158415842,0,0.0066006600660066,0.00788412174550788,0.497433076640997
185273.411807,2524866.126422,0.391208791208791,0.0283882783882784,0.0146520146520147,0.00769230769230769,0.0245421245421245,0.533516483516484
185773.411807,2524866.126422,0.481027786077084,0.018822826411712,0.00717060053779504,0.00268897520167314,0.0155363011652226,0.474753510606513
173273.411807,2524366.126422,0.0506259204712813,0.0949926362297496,0,0.261229749631812,0.108063328424153,0.485088365243004
173773.411807,2524366.126422,0.0889418668622776,0.0236567027324409,0,0.172932330827068,0.0981111314872547,0.616357968090959
174273.411807,2524366.126422,0.125710097122961,0.034084661902144,0,0.398570643210555,0.0896096756459593,0.35202492211838
174773.411807,2524366.126422,0.135254175077996,0.00642319691686548,0,0.32372912461002,0.12883097816113,0.405762525233988
