"x","y","forest","agri","water","built","other","grass"
300773.411807,2765866.126422,0.0883864337101747,0.0373415553271668,0.0339157245632066,0.76635834189791,0.0568687906817403,0.0171291538198013
301273.411807,2765866.126422,0.047978067169294,0.0294722412611378,0.0702535983550377,0.762165867032214,0.0551747772446881,0.0349554489376285
301773.411807,2765866.126422,0.157157499145883,0.0307482063546293,0.0208404509736932,0.615647420567134,0.0597881790228903,0.11581824393577
302273.411807,2765866.126422,0.0465912983898595,0.0349434737923947,0.00171291538198013,0.840698869475848,0.0551558752997602,0.0208975676601576
302773.411807,2765866.126422,0.137080191912269,0.0507196710075394,0.00993831391363948,0.651130911583276,0.107950651130912,0.0431802604523646
303273.411807,2765866.126422,0.0498804236419542,0.0645712333447216,0,0.803211479330372,0.0532968910146908,0.029039972668261
303773.411807,2765866.126422,0.155532716683796,0.0472764645426516,0.121274409044193,0.00274066461116821,0.0154162384378212,0.65775950668037
304273.411807,2765866.126422,0.188485263879369,0.067854694996573,0.0257025359835504,0.413639479095271,0.156614119259767,0.147703906785469
304773.411807,2765866.126422,0.0809702767338572,0.103860608131192,0.0331397335155449,0.566108643662453,0.113426716774855,0.102494021182098
305273.411807,2765866.126422,0.141486810551559,0.0962658444672833,0.0472764645426516,0.575539568345324,0.0859883521754025,0.0534429599177801
305773.411807,2765866.126422,0.140164496230295,0.0891021247429746,0.0308430431802605,0.603152844413982,0.0990404386566141,0.0376970527758739
306273.411807,2765866.126422,0.161940553467714,0.0437307823710284,0.017082336863683,0.528869149299624,0.127434233003075,0.120942944994875
306773.411807,2765866.126422,0.561493662213087,0.0342583076396026,0.0116478245974649,0.140459061322371,0.131209318259678,0.120931825967797
307273.411807,2765866.126422,0.517477724468814,0.0418094585332419,0.00445510623714873,0.0795065113091158,0.113091158327622,0.243660041124058
307773.411807,2765866.126422,0.392552101127434,0.0659378202938162,0.0122992825418517,0.190297232661428,0.146224803553126,0.192688759822344
308273.411807,2765866.126422,0.0339157245632066,0.0969510106200754,0.0116478245974649,0.259335388831792,0.0873586844809866,0.510791366906475
308773.411807,2765866.126422,0.479095270733379,0.0119945167923235,0.00308430431802605,0.0843043180260452,0.144619602467443,0.276901987662783
309273.411807,2765866.126422,0.646395626921763,0.0215237444482405,0.00512470105910489,0.029039972668261,0.0632046463956269,0.234711308507004
309773.411807,2765866.126422,0.240835902706406,0.116478245974649,0.012675573826653,0.0955806783144913,0.127783487495718,0.406646111682083
310273.411807,2765866.126422,0.532213845099383,0.0113091158327622,0.00548320767649075,0.0325565455791638,0.0294722412611378,0.388965044551062
310773.411807,2765866.126422,0.860608131192347,0.000341646737273659,0.000341646737273659,0.0143491629654937,0.0184489238127776,0.105910488554834
311273.411807,2765866.126422,0.387804042480301,0.0250085645769099,0.0157588215142172,0.0955806783144913,0.10688591983556,0.36896197327852
311773.411807,2765866.126422,0.24503084304318,0.0246744345442084,0.000342700479780672,0.212131596984236,0.192597669636737,0.325222755311857
312273.411807,2765866.126422,0.408609497779296,0.00785787495729416,0.00341646737273659,0.0939528527502562,0.0867782712675094,0.399385035872907
312773.411807,2765866.126422,0.430284343953409,0.0226104830421377,0.0171291538198013,0.239465570400822,0.122302158273381,0.168208290510449
300773.411807,2765366.126422,0.0471559633027523,0.043302752293578,0.0631192660550459,0.797064220183486,0.0401834862385321,0.00917431192660551
301273.411807,2765366.126422,0.0394423041643735,0.0291689598238855,0.0220143093010457,0.822417904971565,0.0469638598422308,0.0399926618968997
301773.411807,2765366.126422,0.0534798534798535,0.0529304029304029,0.00641025641025641,0.808791208791209,0.0584249084249084,0.01996336996337
302273.411807,2765366.126422,0.0502752293577982,0.0486238532110092,0.02,0.790642201834862,0.068256880733945,0.0222018348623853
302773.411807,2765366.126422,0.109154283617685,0.0530177949000183,0.0315538433314988,0.640799853237938,0.0884241423592002,0.0770500825536599
303273.411807,2765366.126422,0.0553113553113553,0.0721611721611722,0.00787545787545788,0.453113553113553,0.0974358974358974,0.314102564102564
303773.411807,2765366.126422,0.0671559633027523,0.04,0.116330275229358,0.0704587155963303,0.107889908256881,0.598165137614679
304273.411807,2765366.126422,0.158503026967529,0.106219042377545,0.032104201064025,0.392405063291139,0.130251330031187,0.180517336268575
304773.411807,2765366.126422,0.168315018315018,0.0695970695970696,0.0315018315018315,0.53003663003663,0.0915750915750916,0.108974358974359
305273.411807,2765366.126422,0.386605504587156,0.048256880733945,0.00954128440366972,0.424770642201835,0.0807339449541284,0.0500917431192661
305773.411807,2765366.126422,0.6905155017428,0.0322876536415337,0.00366905155017428,0.0354063474591818,0.0467804072647221,0.191341038341589
306273.411807,2765366.126422,0.448901098901099,0.0294871794871795,0.0148351648351648,0.0965201465201465,0.202747252747253,0.207509157509158
306773.411807,2765366.126422,0.435779816513761,0.0772477064220184,0.0203669724770642,0.293394495412844,0.0743119266055046,0.0988990825688073
307273.411807,2765366.126422,0.800587048248028,0.00825536598789213,0,0.0227481196110805,0.0346725371491469,0.133736929003853
307773.411807,2765366.126422,0.130952380952381,0.078021978021978,0.0195970695970696,0.199084249084249,0.16025641025641,0.412087912087912
308273.411807,2765366.126422,0.730091743119266,0.0269724770642202,0.00073394495412844,0.0913761467889908,0.0541284403669725,0.096697247706422
308773.411807,2765366.126422,0.769216657494038,0.00348559897266557,0.00421940928270042,0.00605393505778756,0.026967528893781,0.190056870299028
309273.411807,2765366.126422,0.662271062271062,0.0021978021978022,0.000732600732600733,0.0192307692307692,0.0521978021978022,0.263369963369963
309773.411807,2765366.126422,0.682201834862385,0.0244036697247706,0.00165137614678899,0.0313761467889908,0.0515596330275229,0.208807339449541
310273.411807,2765366.126422,0.869932122546322,0,0,0.001284168042561,0.00238488350761328,0.126398825903504
310773.411807,2765366.126422,0.857692307692308,0,0,0,0.000183150183150183,0.142124542124542
311273.411807,2765366.126422,0.705321100917431,0.00018348623853211,0,0.00238532110091743,0.00422018348623853,0.287889908256881
311773.411807,2765366.126422,0.566685011924418,0.026967528893781,0,0.0330214639515685,0.066042927903137,0.307283067327096
312273.411807,2765366.126422,0.694139194139194,0.0335164835164835,0,0.0021978021978022,0.00366300366300366,0.266483516483516
312773.411807,2765366.126422,0.931009174311927,0,0,0,0,0.0689908256880734
300773.411807,2764866.126422,0.102930402930403,0.0463369963369963,0.0250915750915751,0.6996336996337,0.091025641025641,0.034981684981685
301273.411807,2764866.126422,0.0417582417582418,0.0307692307692308,0.03003663003663,0.817948717948718,0.0595238095238095,0.01996336996337
301773.411807,2764866.126422,0.0482214888155482,0.0247524752475248,0.00238357169050238,0.888705537220389,0.0326365969930326,0.0033003300330033
302273.411807,2764866.126422,0.182967032967033,0.0432234432234432,0.0311355311355311,0.55989010989011,0.101098901098901,0.0816849816849817
302773.411807,2764866.126422,0.111904761904762,0.0366300366300366,0.0234432234432234,0.713003663003663,0.0553113553113553,0.0597069597069597
303273.411807,2764866.126422,0.0782911624495783,0.0817748441510818,0.106343967730106,0.283461679501283,0.0806747341400807,0.369453612027869
303773.411807,2764866.126422,0.142490842490842,0.113369963369963,0.171794871794872,0.332600732600733,0.0992673992673993,0.14047619047619
304273.411807,2764866.126422,0.168864468864469,0.086996336996337,0.0578754578754579,0.330586080586081,0.0793040293040293,0.276373626373626
304773.411807,2764866.126422,0.308214154748808,0.0511551155115512,0.0764576457645765,0.504767143381005,0.0273193986065273,0.0320865419875321
305273.411807,2764866.126422,0.59010989010989,0.0463369963369963,0.0122710622710623,0.115201465201465,0.137912087912088,0.0981684981684982
305773.411807,2764866.126422,0.716117216117216,0.0338827838827839,0.00934065934065934,0.0567765567765568,0.0846153846153846,0.0992673992673993
306273.411807,2764866.126422,0.473230656398973,0.0663733039970664,0.0295196186285295,0.178217821782178,0.092042537587092,0.160616061606161
306773.411807,2764866.126422,0.336263736263736,0.0580586080586081,0.0166666666666667,0.30989010989011,0.149084249084249,0.13003663003663
307273.411807,2764866.126422,0.193223443223443,0.0866300366300366,0.0379120879120879,0.425824175824176,0.161904761904762,0.0945054945054945
307773.411807,2764866.126422,0.118445177851118,0.0779244591125779,0.0212687935460213,0.242940960762743,0.142830949761643,0.396589658965897
308273.411807,2764866.126422,0.505860805860806,0.0946886446886447,0.0102564102564103,0.12014652014652,0.120512820512821,0.148534798534799
308773.411807,2764866.126422,0.865018315018315,0.00476190476190476,0,0.00897435897435897,0.0166666666666667,0.104578754578755
309273.411807,2764866.126422,0.724055738907224,0.022002200220022,0.00256692335900257,0.0348368170150348,0.0478547854785479,0.168683535020169
309773.411807,2764866.126422,0.754945054945055,0.00256410256410256,0,0.00457875457875458,0.0131868131868132,0.224725274725275
310273.411807,2764866.126422,0.606410256410256,0.000549450549450549,0,0.00384615384615385,0.0100732600732601,0.379120879120879
310773.411807,2764866.126422,0.916941694169417,0.00183351668500183,0.000733406674000733,0.00128346167950128,0.00623395672900623,0.072973964063073
311273.411807,2764866.126422,0.717032967032967,0.00183150183150183,0,0.00714285714285714,0.0221611721611722,0.251831501831502
311773.411807,2764866.126422,0.921611721611722,0.030952380952381,0,0,0,0.0474358974358974
312273.411807,2764866.126422,0.796662999633297,0.0544554455445545,0,0.0077007700770077,0.0126512651265127,0.128529519618629
312773.411807,2764866.126422,0.772710622710623,0.0010989010989011,0,0.0043956043956044,0.00879120879120879,0.213003663003663
300773.411807,2764366.126422,0.589649476968251,0.0110111947146265,0.0104606349788952,0.19086070838686,0.079647641769132,0.118370343182235
301273.411807,2764366.126422,0.20814230698698,0.0381441408399046,0.00806895286997983,0.555290665688612,0.130753713552173,0.059600220062351
301773.411807,2764366.126422,0.134689389774601,0.0304196444933113,0.00659703133589885,0.747846802272311,0.0709180868609126,0.009529045262965
302273.411807,2764366.126422,0.328867682143513,0.0313819049366856,0.00568911726922371,0.443200587263718,0.102954670581758,0.0879060378051019
302773.411807,2764366.126422,0.220245736291949,0.0623509994498441,0.127452778287181,0.24793691545938,0.0588666788923528,0.283146891619292
303273.411807,2764366.126422,0.0307861462341946,0.0483782297965915,0.138354407183434,0.329668315924501,0.103353490929082,0.349459409932197
303773.411807,2764366.126422,0.217838135437695,0.05395485410167,0.0189025509267756,0.436777390346853,0.116902183886952,0.155624885300055
304273.411807,2764366.126422,0.158078122134605,0.0858243168897854,0.0408949202273978,0.406015037593985,0.137538969374656,0.171648633779571
304773.411807,2764366.126422,0.0896096756459593,0.132673630199743,0.0718343412131208,0.544438336082096,0.0540590067802822,0.107385010078798
305273.411807,2764366.126422,0.305927693154707,0.100935951550743,0.0416590200036704,0.367773903468526,0.118003303358414,0.0657001284639383
305773.411807,2764366.126422,0.140839904639648,0.0942600403447643,0.0641848523748395,0.28809829451678,0.116999816614707,0.295617091509261
306273.411807,2764366.126422,0.26681326736302,0.0643210555250137,0.00714678394722375,0.380612057907275,0.118929814916621,0.162177020340847
306773.411807,2764366.126422,0.196733345567994,0.100935951550743,0.0409249403560286,0.4147550009176,0.147733529087906,0.0989172325197284
307273.411807,2764366.126422,0.153860260407115,0.0761048963873097,0.0478635613423803,0.422152943333945,0.15202640748212,0.14799193104713
307773.411807,2764366.126422,0.148433205057724,0.0930914421843504,0.0273043796958036,0.200109950522265,0.159794759025105,0.371266263514752
308273.411807,2764366.126422,0.361350706551661,0.077995962561938,0.0133969535694623,0.18241879243898,0.174710956138741,0.190126628739218
308773.411807,2764366.126422,0.561892536218595,0.0762882816798093,0.00825233816247937,0.0487804878048781,0.11589950485971,0.188886851274528
309273.411807,2764366.126422,0.458310426974528,0.0910756826094924,0.00989554700384827,0.0529595015576324,0.109584020524097,0.278174821330401
309773.411807,2764366.126422,0.810423930996513,0.0256927876674619,0,0.00532207744540283,0.0110111947146265,0.147550009175996
310273.411807,2764366.126422,0.860993948285347,0.00238400880249404,0,0.00201723821749496,0.00495140289748762,0.129653401797176
310773.411807,2764366.126422,0.728055708264614,0,0,0.00146600696353308,0.00128275609309144,0.269195528678761
311273.411807,2764366.126422,0.769498990640484,0.00110111947146265,0,0.000734079647641769,0.00183519911910442,0.226830611121307
311773.411807,2764366.126422,0.8798826334128,0,0,0.00201723821749496,0.00421786172748946,0.113882266642215
312273.411807,2764366.126422,0.722558182151365,0.000366501740883269,0,0.00348176653839106,0.00971229613340663,0.263881253435954
312773.411807,2764366.126422,0.705817581207561,0.00165167920719398,0,0.0115617544503579,0.0148651128647458,0.266103872270141
300773.411807,2763866.126422,0.239266055045872,0.0211009174311927,0.00293577981651376,0.459816513761468,0.164220183486239,0.112660550458716
301273.411807,2763866.126422,0.0880572372041827,0.0504494588148963,0.0302696752889378,0.665932856356632,0.153366354797285,0.0119244175380664
301773.411807,2763866.126422,0.651831501831502,0.026007326007326,0.0021978021978022,0.161172161172161,0.0556776556776557,0.103113553113553
302273.411807,2763866.126422,0.25394495412844,0.0530275229357798,0.0238532110091743,0.370642201834862,0.121651376146789,0.176880733944954
302773.411807,2763866.126422,0.0842047330764997,0.18253531462117,0.123463584663365,0.165657677490369,0.119977985690699,0.324160704457898
303273.411807,2763866.126422,0.224908424908425,0.0822344322344322,0.0148351648351648,0.258058608058608,0.11043956043956,0.30952380952381
303773.411807,2763866.126422,0.29743119266055,0.0422018348623853,0.0187155963302752,0.26605504587156,0.0737614678899083,0.301834862385321
304273.411807,2763866.126422,0.101999633094845,0.0568702990277013,0.0396257567418822,0.734177215189873,0.0566868464501926,0.0106402494955054
304773.411807,2763866.126422,0.0470695970695971,0.0327838827838828,0.0102564102564103,0.864835164835165,0.0404761904761905,0.00457875457875458
305273.411807,2763866.126422,0.0994495412844037,0.08,0.0335779816513761,0.51045871559633,0.135229357798165,0.141284403669725
305773.411807,2763866.126422,0.12694918363603,0.068611263988259,0.0548523206751055,0.492570170610897,0.0999816547422491,0.157035406347459
306273.411807,2763866.126422,0.113369963369963,0.0613553113553114,0.0113553113553114,0.534981684981685,0.157142857142857,0.121794871794872
306773.411807,2763866.126422,0.0977981651376147,0.0686238532110092,0.0500917431192661,0.474862385321101,0.110275229357798,0.198348623853211
307273.411807,2763866.126422,0.0953953403045313,0.0610897083104018,0.0346725371491469,0.354980737479362,0.11410750321042,0.339754173546138
307773.411807,2763866.126422,0.406776556776557,0.078021978021978,0.0276556776556777,0.0494505494505494,0.082967032967033,0.355128205128205
308273.411807,2763866.126422,0.659816513761468,0.0177981651376147,0,0.0229357798165138,0.0302752293577982,0.269174311926606
308773.411807,2763866.126422,0.684094661529995,0.0227481196110805,0.000550357732526142,0.00825536598789213,0.0302696752889378,0.254081819849569
309273.411807,2763866.126422,0.802380952380952,0.0164835164835165,0.000732600732600733,0.0175824175824176,0.0217948717948718,0.141025641025641
309773.411807,2763866.126422,0.87045871559633,0.00678899082568807,0,0.00220183486238532,0.00348623853211009,0.117064220183486
310273.411807,2763866.126422,0.883874518436984,0.00935608145294441,0,0.000183452577508714,0.000366905155017428,0.106219042377545
310773.411807,2763866.126422,0.953113553113553,0,0,0,0,0.0468864468864469
311273.411807,2763866.126422,0.915045871559633,0,0,0,0,0.084954128440367
311773.411807,2763866.126422,0.89157952669235,0.00623738763529628,0,0,0,0.102183085672354
312273.411807,2763866.126422,0.866483516483517,0.000915750915750916,0,0.0021978021978022,0.00238095238095238,0.128021978021978
312773.411807,2763866.126422,0.983119266055046,0,0,0,0,0.0168807339449541
300773.411807,2763366.126422,0.546886446886447,0.034981684981685,0.000183150183150183,0.0663003663003663,0.0924908424908425,0.259157509157509
301273.411807,2763366.126422,0.552014652014652,0.091025641025641,0.00476190476190476,0.124908424908425,0.0423076923076923,0.184981684981685
301773.411807,2763366.126422,0.558672533920059,0.0317198386505317,0.00641730839750642,0.0716905023835717,0.0951595159515952,0.236340300696736
302273.411807,2763366.126422,0.0668498168498168,0.0351648351648352,0.0142857142857143,0.34047619047619,0.128571428571429,0.414652014652015
302773.411807,2763366.126422,0.0445054945054945,0.0461538461538462,0.162271062271062,0.171978021978022,0.0655677655677656,0.509523809523809
303273.411807,2763366.126422,0.167033370003667,0.0735240190685735,0.0198019801980198,0.454712137880455,0.16024935826916,0.124679134580125
303773.411807,2763366.126422,0.113369963369963,0.0824175824175824,0.0186813186813187,0.591208791208791,0.10970695970696,0.0846153846153846
304273.411807,2763366.126422,0.145054945054945,0.0659340659340659,0.0152014652014652,0.581318681318681,0.114835164835165,0.0776556776556777
304773.411807,2763366.126422,0.0823248991565823,0.0808580858085809,0.0319031903190319,0.734690135680235,0.0572057205720572,0.013017968463513
305273.411807,2763366.126422,0.0974358974358974,0.112271062271062,0.0393772893772894,0.527655677655678,0.106043956043956,0.117216117216117
305773.411807,2763366.126422,0.0835164835164835,0.110622710622711,0.0364468864468864,0.371062271062271,0.119047619047619,0.279304029304029
306273.411807,2763366.126422,0.274294096076274,0.0907590759075908,0.0645397873120645,0.165933259992666,0.0973597359735974,0.307114044737807
306773.411807,2763366.126422,0.506959706959707,0.0393772893772894,0.00641025641025641,0.00860805860805861,0.0461538461538462,0.392490842490842
307273.411807,2763366.126422,0.568498168498168,0.0305860805860806,0,0.00695970695970696,0.0472527472527473,0.346703296703297
307773.411807,2763366.126422,0.383755042170884,0.0242024202420242,0,0.00568390172350568,0.0537220388705537,0.532636596993033
308273.411807,2763366.126422,0.908791208791209,0.00347985347985348,0.000183150183150183,0.00604395604395604,0.00897435897435897,0.0725274725274725
308773.411807,2763366.126422,0.580586080586081,0.00934065934065934,0.000366300366300366,0.0104395604395604,0.045970695970696,0.353296703296703
309273.411807,2763366.126422,0.798679867986799,0.00146681334800147,0,0.0099009900990099,0.0172350568390172,0.172717271727173
309773.411807,2763366.126422,0.923626373626374,0.000549450549450549,0,0,0.00238095238095238,0.0734432234432234
310273.411807,2763366.126422,0.956410256410256,0.0010989010989011,0,0.00164835164835165,0.00183150183150183,0.039010989010989
310773.411807,2763366.126422,0.978547854785479,0.000366703337000367,0,0,0,0.0210854418775211
311273.411807,2763366.126422,0.926923076923077,0,0,0,0.000183150183150183,0.0728937728937729
311773.411807,2763366.126422,0.884065934065934,0,0,0.000732600732600733,0.0032967032967033,0.111904761904762
312273.411807,2763366.126422,0.915474880821415,0.000916758342500917,0,0.00843417675100843,0.0100843417675101,0.0650898423175651
312773.411807,2763366.126422,0.954578754578755,0,0,0,0,0.0454212454212454
300773.411807,2762866.126422,0.882914296201138,0.00679023674068636,0,0.00110111947146265,0.00660671682877592,0.102587630757937
301273.411807,2762866.126422,0.822116266275445,0.000916926462497708,0,0,0.00110031175499725,0.17586649550706
301773.411807,2762866.126422,0.8094190947407,0.00641378046545721,0.000733003481766538,0.0342679127725857,0.0269378779549203,0.12222833058457
302273.411807,2762866.126422,0.0968985134887135,0.0422095797394017,0.00330335841438796,0.654615525784548,0.137456414020921,0.0655166085520279
302773.411807,2762866.126422,0.0665688611773336,0.0456629378323858,0.0636346964973409,0.379240784889052,0.161195672107097,0.283697047496791
303273.411807,2762866.126422,0.114531794026022,0.0985889682975994,0.141103170240059,0.253802455561664,0.0998717243906908,0.292101887483966
303773.411807,2762866.126422,0.134336575518444,0.0513855753349238,0.0192695907505964,0.632960176179115,0.118003303358414,0.0440447788585061
304273.411807,2762866.126422,0.16394645149459,0.0680359435173299,0.0187052998349532,0.579314139006052,0.11186502842472,0.0581331377223547
304773.411807,2762866.126422,0.115814550119113,0.0472787245739417,0.0175920835623969,0.664101154480484,0.0982224665567161,0.0569910207073484
305273.411807,2762866.126422,0.165534960543219,0.0912093962194898,0.113782345384474,0.525233987887686,0.0710222059093412,0.0332171040557901
305773.411807,2762866.126422,0.350082523381625,0.133504492939666,0.0645516229598386,0.142490372272144,0.0781221346048047,0.231248853841922
306273.411807,2762866.126422,0.697636063771303,0.011544804837823,0.000183250870441635,0.000733003481766538,0.00824628916987356,0.281656587868792
306773.411807,2762866.126422,0.660855202789503,0.0119287942741787,0.00311983850247752,0.0167003119838502,0.0324830244081483,0.274912828041843
307273.411807,2762866.126422,0.607738859343481,0.00348432055749129,0,0.00183385292499542,0.00275077938749312,0.38419218778654
307773.411807,2762866.126422,0.703866593366319,0.0263881253435954,0.000183250870441635,0.00513102437236577,0.0117280557082646,0.252702950339014
308273.411807,2762866.126422,0.649109928427234,0.0115617544503579,0,0.00330335841438796,0.00605615709304459,0.329968801614975
308773.411807,2762866.126422,0.6799926645883,0.00733541169998166,0,0.00201723821749496,0.00843572345497891,0.302218962039244
309273.411807,2762866.126422,0.775334432838556,0.00366501740883269,0,0.00219901044529962,0.00824628916987356,0.210555250137438
309773.411807,2762866.126422,0.714626536979262,0.0581758120756102,0,0.00899247568361167,0.0102771150669848,0.207928060194531
310273.411807,2762866.126422,0.681459746928296,0,0,0.00165046763249587,0.00568494406748579,0.311204841371722
310773.411807,2762866.126422,0.884368700751329,0,0,0.00164925783397471,0.00604727872457394,0.107934762690123
311273.411807,2762866.126422,0.959625619379703,0,0,0.000917599559552211,0.000550559735731327,0.0389062213250138
311773.411807,2762866.126422,0.973592517880066,0,0,0.000183385292499542,0.000366770584999083,0.0258573262424354
312273.411807,2762866.126422,0.969946857247572,0.00219901044529962,0,0,0,0.0278541323071285
312773.411807,2762866.126422,0.955221141493852,0.0387227014131033,0,0,0,0.00605615709304459
300773.411807,2762366.126422,0.948256880733945,0.00018348623853211,0,0,0,0.0515596330275229
301273.411807,2762366.126422,0.944964226747386,0,0,0,0,0.0550357732526142
301773.411807,2762366.126422,0.622161172161172,0.0161172161172161,0.00164835164835165,0.0347985347985348,0.0831501831501831,0.242124542124542
302273.411807,2762366.126422,0.134311926605505,0.0403669724770642,0.0139449541284404,0.615412844036697,0.144220183486239,0.051743119266055
302773.411807,2762366.126422,0.162172078517703,0.023115024766098,0.00972298660796184,0.0730141258484682,0.147495872317006,0.584479911942763
303273.411807,2762366.126422,0.122710622710623,0.0529304029304029,0.0212454212454212,0.104029304029304,0.135531135531136,0.563553113553114
303773.411807,2762366.126422,0.157798165137615,0.026605504587156,0.0924770642201835,0.0708256880733945,0.0869724770642202,0.565321100917431
304273.411807,2762366.126422,0.169143276463034,0.0676940011007155,0.0229315721885892,0.445789763346175,0.19115758576408,0.103283801137406
304773.411807,2762366.126422,0.18021978021978,0.0961538461538462,0.0778388278388278,0.493772893772894,0.0882783882783883,0.0637362637362637
305273.411807,2762366.126422,0.501651376146789,0.0814678899082569,0.0181651376146789,0.224220183486239,0.0809174311926606,0.0935779816513762
305773.411807,2762366.126422,0.782425243074665,0.016694184553293,0,0.000733810310034856,0.00587048248027885,0.194276279581728
306273.411807,2762366.126422,0.668315018315018,0.00567765567765568,0,0,0,0.326007326007326
306773.411807,2762366.126422,0.751559633027523,0.00275229357798165,0,0,0,0.245688073394495
307273.411807,2762366.126422,0.50926435516419,0.0113740598055403,0,0.00935608145294441,0.0212804989910108,0.448725004586314
307773.411807,2762366.126422,0.928937728937729,0.00183150183150183,0,0,0.00146520146520147,0.0677655677655678
308273.411807,2762366.126422,0.719816513761468,0.00275229357798165,0,0.00146788990825688,0.00532110091743119,0.270642201834862
308773.411807,2762366.126422,0.471473124197395,0.0066042927903137,0,0.00880572372041827,0.028251696936342,0.484865162355531
309273.411807,2762366.126422,0.538278388278388,0.0254578754578755,0.000183150183150183,0.00641025641025641,0.043040293040293,0.386630036630037
309773.411807,2762366.126422,0.70697247706422,0.0106422018348624,0,0.00752293577981651,0.0124770642201835,0.262385321100917
310273.411807,2762366.126422,0.684461566685012,0.00550357732526142,0,0.00843881856540084,0.0225646670335718,0.279031370390754
310773.411807,2762366.126422,0.96978021978022,0.00384615384615385,0,0,0,0.0263736263736264
311273.411807,2762366.126422,0.944954128440367,0.00036697247706422,0,0,0.0018348623853211,0.0528440366972477
311773.411807,2762366.126422,0.993946064942212,0,0,0,0,0.00605393505778756
312273.411807,2762366.126422,0.996153846153846,0.000732600732600733,0,0,0,0.00311355311355311
312773.411807,2762366.126422,0.963669724770642,0.00146788990825688,0,0,0,0.0348623853211009
300773.411807,2761866.126422,0.943040293040293,0,0,0,0,0.056959706959707
301273.411807,2761866.126422,0.81959706959707,0.00769230769230769,0,0.0133699633699634,0.045970695970696,0.113369963369963
301773.411807,2761866.126422,0.158782544921159,0.144297763109644,0.0429042904290429,0.333516685001834,0.175834250091676,0.144664466446645
302273.411807,2761866.126422,0.112637362637363,0.0503663003663004,0.0135531135531136,0.480586080586081,0.134798534798535,0.208058608058608
302773.411807,2761866.126422,0.114102564102564,0.0318681318681319,0.00421245421245421,0.384615384615385,0.178205128205128,0.286996336996337
303273.411807,2761866.126422,0.242390905757242,0.0491382471580491,0.00055005500550055,0.252841950861753,0.161166116611661,0.293912724605794
303773.411807,2761866.126422,0.115934065934066,0.0406593406593407,0.0754578754578755,0.191758241758242,0.181135531135531,0.395054945054945
304273.411807,2761866.126422,0.171062271062271,0.0974358974358974,0.095970695970696,0.228205128205128,0.151098901098901,0.256227106227106
304773.411807,2761866.126422,0.413824715804914,0.055005500550055,0.00825082508250825,0.392739273927393,0.099009900990099,0.0311697836450312
305273.411807,2761866.126422,0.690842490842491,0.041025641025641,0.00201465201465201,0.0177655677655678,0.043040293040293,0.205311355311355
305773.411807,2761866.126422,0.693040293040293,0.0241758241758242,0.00164835164835165,0.000549450549450549,0.00842490842490842,0.272161172161172
306273.411807,2761866.126422,0.337733773377338,0.0033003300330033,0,0.0187018701870187,0.0276861019435277,0.612577924459113
306773.411807,2761866.126422,0.51007326007326,0.00586080586080586,0.000183150183150183,0.000549450549450549,0.00347985347985348,0.47985347985348
307273.411807,2761866.126422,0.833150183150183,0.00384615384615385,0,0,0.000732600732600733,0.162271062271062
307773.411807,2761866.126422,0.846718005133847,0.00146681334800147,0,0.000183351668500183,0.00385038503850385,0.147781444811148
308273.411807,2761866.126422,0.915018315018315,0,0,0.000183150183150183,0.00238095238095238,0.0824175824175824
308773.411807,2761866.126422,0.776923076923077,0.0104395604395604,0,0.000549450549450549,0.00146520146520147,0.210622710622711
309273.411807,2761866.126422,0.947561422808948,0.0166850018335167,0,0,0,0.0357535753575358
309773.411807,2761866.126422,0.994322344322344,0,0,0,0,0.00567765567765568
310273.411807,2761866.126422,0.931501831501832,0,0,0.000549450549450549,0.000549450549450549,0.0673992673992674
310773.411807,2761866.126422,0.988815548221489,0.000183351668500183,0,0,0,0.011001100110011
311273.411807,2761866.126422,0.902747252747253,0.0021978021978022,0,0,0.00146520146520147,0.0935897435897436
311773.411807,2761866.126422,0.984065934065934,0,0,0,0,0.0159340659340659
312273.411807,2761866.126422,0.947011367803447,0.00403373670700403,0,0.00201686835350202,0.00403373670700403,0.0429042904290429
312773.411807,2761866.126422,0.954212454212454,0.00164835164835165,0,0,0.000915750915750916,0.0432234432234432
300773.411807,2761366.126422,0.604331069921086,0.0334006239677005,0,0.0868049183336392,0.102771150669848,0.172692237107726
301273.411807,2761366.126422,0.182651751329543,0.0377773702549056,0,0.331560608839171,0.254722171281863,0.193288098294517
301773.411807,2761366.126422,0.317207256734469,0.121495327102804,0.00439802089059923,0.247571925966648,0.199010445299615,0.110317024005864
302273.411807,2761366.126422,0.34850431271793,0.0748761240594605,0,0.0473481372728941,0.14920168838319,0.380069737566526
302773.411807,2761366.126422,0.365303502659087,0.0212726939299468,0.00385109114249037,0.0988446726572529,0.230515312671924,0.280212726939299
303273.411807,2761366.126422,0.282756093091442,0.0769653655854865,0,0.0373831775700935,0.0606560381161811,0.542239325636797
303773.411807,2761366.126422,0.224444852266471,0.0451458983299688,0.0499174160396403,0.327583042760139,0.148100568911727,0.204808221692054
304273.411807,2761366.126422,0.12800293416468,0.0726205758298184,0.197322574729507,0.447460113698881,0.0498807995598753,0.104713002017238
304773.411807,2761366.126422,0.928898662268646,0.0161260765988638,0.000733003481766538,0.0186915887850467,0.00604727872457394,0.0295033901411032
305273.411807,2761366.126422,0.790970820334006,0.0012846393833731,0,0.000734079647641769,0.0110111947146265,0.195999265920352
305773.411807,2761366.126422,0.749312305153127,0.0229231615624427,0.00128369704749679,0.0322758114799193,0.0295250320924262,0.164679992664588
306273.411807,2761366.126422,0.765622136705149,0.00219901044529962,0,0,0.000733003481766538,0.231445849367785
306773.411807,2761366.126422,0.977060011011195,0,0,0,0,0.0229399889888053
307273.411807,2761366.126422,0.642031909040895,0.0075187969924812,0,0.00696864111498258,0.0157711351549606,0.327709517696681
307773.411807,2761366.126422,0.903060289536375,0,0,0.00146600696353308,0.00366501740883269,0.0918086860912589
308273.411807,2761366.126422,0.88364837584878,0.00385391815011929,0,0.000550559735731327,0.00367039823820885,0.108276748027161
308773.411807,2761366.126422,0.883000183385293,0.0339262791124152,0,0.000733541169998166,0.00623509994498441,0.0761048963873097
309273.411807,2761366.126422,0.979292651640095,0,0,0,0,0.0207073483599047
309773.411807,2761366.126422,0.990456964580657,0,0,0.000183519911910442,0.000183519911910442,0.00917599559552211
310273.411807,2761366.126422,0.937465615257656,0,0,0.000366770584999083,0.000733541169998166,0.0614340729873464
310773.411807,2761366.126422,0.976360637713029,0,0,0,0,0.0236393622869709
311273.411807,2761366.126422,0.826757203156542,0.00367039823820885,0.000183519911910442,0.0159662323362085,0.026977427050835,0.126445219306295
311773.411807,2761366.126422,0.837887401430405,0.0022006235099945,0,0.00843572345497891,0.0119200440124702,0.139556207592151
312273.411807,2761366.126422,0.862195345427891,0.000549752611324904,0,0.00128275609309144,0.00183250870441635,0.134139637163277
312773.411807,2761366.126422,0.879427417874839,0.0449623784180584,0,0.00385391815011929,0.009543035419343,0.0622132501376399
300773.411807,2760866.126422,0.375596330275229,0.0979816513761468,0.00018348623853211,0.0491743119266055,0.12697247706422,0.350091743119266
301273.411807,2760866.126422,0.399926618968997,0.23390203632361,0,0.067327095945698,0.0876903320491653,0.21115391671253
301773.411807,2760866.126422,0.408791208791209,0.0584249084249084,0,0.0432234432234432,0.172161172161172,0.317399267399267
302273.411807,2760866.126422,0.518715596330275,0.0836697247706422,0.00385321100917431,0.0110091743119266,0.0877064220183486,0.295045871559633
302773.411807,2760866.126422,0.432764630343056,0.0212804989910108,0.00110071546505228,0.0350394423041644,0.13557145477894,0.374243258117777
303273.411807,2760866.126422,0.58003663003663,0.0236263736263736,0.000183150183150183,0.0716117216117216,0.114285714285714,0.21025641025641
303773.411807,2760866.126422,0.652477064220183,0.0137614678899083,0,0.048256880733945,0.0579816513761468,0.227522935779817
304273.411807,2760866.126422,0.182718767198679,0.067327095945698,0.153366354797285,0.28104934874335,0.17116125481563,0.144377178499358
304773.411807,2760866.126422,0.628021978021978,0.0357142857142857,0.0119047619047619,0.0501831501831502,0.0864468864468864,0.187728937728938
305273.411807,2760866.126422,0.61743119266055,0.0346788990825688,0.00073394495412844,0.0807339449541284,0.0911926605504587,0.175229357798165
305773.411807,2760866.126422,0.611447440836544,0.0221977618785544,0.00238488350761328,0.064758759860576,0.106402494955054,0.192808658961658
306273.411807,2760866.126422,0.628754578754579,0.0402930402930403,0.0021978021978022,0.0804029304029304,0.152014652014652,0.0963369963369963
306773.411807,2760866.126422,0.550825688073394,0.036697247706422,0.00311926605504587,0.0741284403669725,0.152844036697248,0.182385321100917
307273.411807,2760866.126422,0.696569436800587,0.0214639515685195,0,0.0199963309484498,0.0726472206934507,0.189323059988993
307773.411807,2760866.126422,0.965750915750916,0.00695970695970696,0,0.000183150183150183,0.0021978021978022,0.0249084249084249
308273.411807,2760866.126422,0.990091743119266,0.00256880733944954,0,0.00018348623853211,0,0.00715596330275229
308773.411807,2760866.126422,0.946982205099982,0.001284168042561,0,0,0,0.0517336268574573
309273.411807,2760866.126422,0.815567765567766,0.000366300366300366,0,0.00256410256410256,0.00256410256410256,0.178937728937729
309773.411807,2760866.126422,0.799816513761468,0.00825688073394495,0,0.00403669724770642,0.00697247706422018,0.180917431192661
310273.411807,2760866.126422,0.917813245276096,0,0,0.000733810310034856,0,0.081452944413869
310773.411807,2760866.126422,0.786263736263736,0.00274725274725275,0,0.00787545787545788,0.0194139194139194,0.183699633699634
311273.411807,2760866.126422,0.944954128440367,0.00128440366972477,0,0,0.00036697247706422,0.053394495412844
311773.411807,2760866.126422,0.987892129884425,0.00091726288754357,0,0,0,0.0111906072280316
312273.411807,2760866.126422,0.983333333333333,0,0,0,0,0.0166666666666667
312773.411807,2760866.126422,0.985688073394495,0.00110091743119266,0,0,0,0.0132110091743119
300773.411807,2760366.126422,0.483882783882784,0.0298534798534799,0,0.067032967032967,0.146886446886447,0.272344322344322
301273.411807,2760366.126422,0.484798534798535,0.0923076923076923,0.000183150183150183,0.0571428571428571,0.139194139194139,0.226373626373626
301773.411807,2760366.126422,0.422808947561423,0.0903923725705904,0.0128346167950128,0.0504217088375504,0.210671067106711,0.212871287128713
302273.411807,2760366.126422,0.533150183150183,0.0505494505494506,0.0173992673992674,0.0274725274725275,0.147802197802198,0.223626373626374
302773.411807,2760366.126422,0.538278388278388,0.0558608058608059,0.000183150183150183,0.0293040293040293,0.0924908424908425,0.283882783882784
303273.411807,2760366.126422,0.723505683901724,0.0135680234690136,0,0.037037037037037,0.0986431976530986,0.127246057939127
303773.411807,2760366.126422,0.77032967032967,0.00970695970695971,0.000183150183150183,0.0525641025641026,0.0663003663003663,0.100915750915751
304273.411807,2760366.126422,0.513186813186813,0.0307692307692308,0.125457875457875,0.0181318681318681,0.0346153846153846,0.277838827838828
304773.411807,2760366.126422,0.371653832049872,0.0500550055005501,0.131646497983132,0.0614228089475614,0.00935093509350935,0.375870920425376
305273.411807,2760366.126422,0.496336996336996,0.0452380952380952,0.00897435897435897,0.123443223443223,0.126190476190476,0.19981684981685
305773.411807,2760366.126422,0.504945054945055,0.0622710622710623,0.00384615384615385,0.060989010989011,0.134615384615385,0.233333333333333
306273.411807,2760366.126422,0.780894756142281,0.0344701136780345,0,0.0190685735240191,0.0414374770810414,0.124129079574624
306773.411807,2760366.126422,0.868681318681319,0.00421245421245421,0,0.00402930402930403,0.0111721611721612,0.111904761904762
307273.411807,2760366.126422,0.708608058608059,0.00970695970695971,0,0.00274725274725275,0.0173992673992674,0.261538461538462
307773.411807,2760366.126422,0.816648331499817,0.0231023102310231,0,0.00531719838650532,0.0174184085075174,0.137513751375138
308273.411807,2760366.126422,0.682783882783883,0.0135531135531136,0.000183150183150183,0.0100732600732601,0.0371794871794872,0.256227106227106
308773.411807,2760366.126422,0.865018315018315,0.00128205128205128,0,0.000183150183150183,0.00402930402930403,0.129487179487179
309273.411807,2760366.126422,0.841034103410341,0.017968463513018,0,0.00256692335900257,0.00971763843050972,0.128712871287129
309773.411807,2760366.126422,0.904212454212454,0.0148351648351648,0,0.000183150183150183,0.000549450549450549,0.0802197802197802
310273.411807,2760366.126422,0.860989010989011,0.00146520146520147,0,0,0,0.137545787545788
310773.411807,2760366.126422,0.875137513751375,0.00495049504950495,0,0,0,0.11991199119912
311273.411807,2760366.126422,0.911721611721612,0,0,0.000549450549450549,0.00146520146520147,0.0862637362637363
311773.411807,2760366.126422,0.984432234432234,0,0,0,0,0.0155677655677656
312273.411807,2760366.126422,0.996149614961496,0,0,0,0,0.00385038503850385
312773.411807,2760366.126422,0.905860805860806,0,0,0.000732600732600733,0.00164835164835165,0.0917582417582418
300773.411807,2759866.126422,0.474215452376583,0.0926775555147734,0.00165167920719398,0.130482657368324,0.157276564507249,0.143696091025876
301273.411807,2759866.126422,0.873647533467816,0.00128369704749679,0,0.00880249403997799,0.00990280579497524,0.106363469649734
301773.411807,2759866.126422,0.887483965548836,0.0348176653839106,0,0.00164925783397471,0.0262048744731537,0.0498442367601246
302273.411807,2759866.126422,0.662690401908607,0.0453294182418792,0,0.00605615709304459,0.0735914846760874,0.212332538080382
302773.411807,2759866.126422,0.59215110948102,0.0168714469099578,0.0238400880249404,0.0203557674674491,0.0458463231248854,0.300935264991748
303273.411807,2759866.126422,0.331684075499359,0.0339014110317024,0.112332783580722,0.132123877588419,0.100971229613341,0.288986622686458
303773.411807,2759866.126422,0.166269040190861,0.0442282987704166,0.127913378601578,0.182969352174711,0.103321710405579,0.375298219856854
304273.411807,2759866.126422,0.582431688978544,0.0198056115899505,0.110397946084724,0.00165046763249587,0.0212726939299468,0.264441591784339
304773.411807,2759866.126422,0.598863844603262,0.0247388675096207,0.000366501740883269,0.0232728605460876,0.0289536375297783,0.323804288070368
305273.411807,2759866.126422,0.77610570746926,0.0247751881079097,0.0451458983299688,0.0466140576252523,0.00256927876674619,0.104789869700863
305773.411807,2759866.126422,0.925912341830185,0.00146708233999633,0,0,0,0.0726205758298184
306273.411807,2759866.126422,0.940443467106469,0.0108118013560564,0,0.000183250870441635,0.00128275609309144,0.0472787245739417
306773.411807,2759866.126422,0.934116351624151,0.00697375665259681,0,0,0.00165167920719398,0.057258212516058
