"x","y","forest","agri","water","built","other","grass"
185773.411807,2502866.126422,0.0231788079470199,0.0160044150110375,0,0.91280353200883,0.0320088300220751,0.0160044150110375
186273.411807,2502866.126422,0.119136960600375,0.208880550343965,0,0.342401500938086,0.0687929956222639,0.26078799249531
186773.411807,2502866.126422,0.0924475086179881,0.312754622375431,0,0.11501096834848,0.0836728298339079,0.396114070824193
187273.411807,2502866.126422,0.0475743348982786,0.131768388106416,0.005320813771518,0.299217527386541,0.272926447574335,0.243192488262911
187773.411807,2502866.126422,0.065978736710444,0.399312070043777,0.00125078173858662,0.242651657285804,0.151344590368981,0.139462163852408
188273.411807,2502866.126422,0.0297712315888436,0.684738326543403,0,0.00313381385145722,0.0319649012848637,0.250391726731432
188773.411807,2502866.126422,0.0284820031298905,0.57527386541471,0,0.0184663536776213,0.0701095461658842,0.307668231611894
189273.411807,2502866.126422,0.0459662288930582,0.0966228893058161,0,0.598811757348343,0.155722326454034,0.102876797998749
189773.411807,2502866.126422,0.0498276402381699,0.537449075524914,0,0.120025070510812,0.0592290817925415,0.233469131933563
190273.411807,2502866.126422,0.0685446009389671,0.314866979655712,0,0.150860719874804,0.128638497652582,0.337089201877934
190773.411807,2502866.126422,0.0897435897435897,0.382426516572858,0.00625390869293308,0.103502188868043,0.126954346466542,0.291119449656035
191273.411807,2502866.126422,0.00376057662174867,0.696020056408649,0,0,0.00188028831087433,0.298339078658728
191773.411807,2502866.126422,0.0028169014084507,0.775586854460094,0,0,0,0.221596244131455
192273.411807,2502866.126422,0,0.878986866791745,0.026266416510319,0.00125078173858662,0.00312695434646654,0.0903689806128831
192773.411807,2502866.126422,0.0197430272641805,0.858038232528988,0,0,0,0.122218740206832
193273.411807,2502866.126422,0.0178403755868545,0.669170579029734,0.00125195618153365,0.000938967136150235,0.0353677621283255,0.275430359937402
193773.411807,2502866.126422,0.0856785490931832,0.298936835522201,0.016260162601626,0.0125078173858662,0.0878674171357098,0.498749218261413
194273.411807,2502866.126422,0.0990285177060483,0.339078658727672,0.00313381385145722,0.0426198683798182,0.117518019429646,0.398621121905359
194773.411807,2502866.126422,0.0309859154929577,0.123943661971831,0.0964006259780908,0.290453834115806,0.214397496087637,0.243818466353678
195273.411807,2502866.126422,0.0916197623514697,0.133520950594121,0.0128205128205128,0.116322701688555,0.251719824890557,0.393996247654784
195773.411807,2502866.126422,0.107803196490128,0.0495142588530241,0.000940144155437167,0.305233469131934,0.253838921968035,0.282670009401442
196273.411807,2502866.126422,0.0701095461658842,0.148982785602504,0.0172143974960876,0.272926447574335,0.15868544600939,0.3320813771518
196773.411807,2502866.126422,0.0897435897435897,0.0875547217010632,0.00594121325828643,0.335209505941213,0.16166353971232,0.319887429643527
197273.411807,2502866.126422,0.071137574428079,0.310560952679411,0.0188028831087433,0.179254152303353,0.0758382952052648,0.344406142275149
197773.411807,2502866.126422,0.0460093896713615,0.527699530516432,0.00625978090766823,0.00563380281690141,0.0644757433489828,0.349921752738654
198273.411807,2502866.126422,0.0462789243277048,0.247342088805503,0.00250156347717323,0.234834271419637,0.191682301438399,0.277360850531582
185773.411807,2502366.126422,0.153598971722365,0.0141388174807198,0,0.440552699228792,0.0713367609254499,0.320372750642674
186273.411807,2502366.126422,0.242207554088742,0.0388705537220389,0,0.101210121012101,0.0935093509350935,0.524202420242024
186773.411807,2502366.126422,0.0184981684981685,0.175457875457875,0,0.528388278388278,0.0525641025641026,0.225091575091575
187273.411807,2502366.126422,0.0467032967032967,0.175274725274725,0,0.348168498168498,0.161904761904762,0.267948717948718
187773.411807,2502366.126422,0.0674734140080675,0.198936560322699,0,0.243124312431243,0.132929959662633,0.357535753575358
188273.411807,2502366.126422,0.028021978021978,0.673626373626374,0,0.03003663003663,0.0305860805860806,0.237728937728938
188773.411807,2502366.126422,0.0353479853479853,0.578754578754579,0,0.0181318681318681,0.0415750915750916,0.326190476190476
189273.411807,2502366.126422,0.0861752841950862,0.0931426475980931,0,0.495599559955996,0.186285295196186,0.138797213054639
189773.411807,2502366.126422,0.0613553113553114,0.35,0,0.207692307692308,0.126923076923077,0.254029304029304
190273.411807,2502366.126422,0.0562271062271062,0.480769230769231,0,0.0765567765567766,0.0891941391941392,0.297252747252747
190773.411807,2502366.126422,0.0401540154015402,0.434176751008434,0.00238357169050238,0.0726072607260726,0.108727539420609,0.341950861752842
191273.411807,2502366.126422,0.114102564102564,0.201831501831502,0.00860805860805861,0.197069597069597,0.115934065934066,0.362454212454212
191773.411807,2502366.126422,0.00256410256410256,0.9,0,0,0,0.0974358974358974
192273.411807,2502366.126422,0.0022002200220022,0.751558489182252,0.037953795379538,0.0898423175650898,0.000183351668500183,0.118261826182618
192773.411807,2502366.126422,0.00824175824175824,0.748717948717949,0,0.000183150183150183,0.00146520146520147,0.241391941391941
193273.411807,2502366.126422,0.0115384615384615,0.733516483516483,0,0.000183150183150183,0.0106227106227106,0.244139194139194
193773.411807,2502366.126422,0.120645397873121,0.308214154748808,0,0.0451045104510451,0.138613861386139,0.387422075540887
194273.411807,2502366.126422,0.0899267399267399,0.207326007326007,0.0456043956043956,0.0675824175824176,0.112820512820513,0.476739926739927
194773.411807,2502366.126422,0.116849816849817,0.0840659340659341,0.000183150183150183,0.333882783882784,0.20018315018315,0.264835164835165
195273.411807,2502366.126422,0.0911257792445911,0.092959295929593,0.00531719838650532,0.299413274660799,0.238907224055739,0.272277227722772
195773.411807,2502366.126422,0.078021978021978,0.0684981684981685,0.00293040293040293,0.396153846153846,0.229304029304029,0.225091575091575
196273.411807,2502366.126422,0.0858974358974359,0.166117216117216,0.00512820512820513,0.283516483516484,0.228021978021978,0.231318681318681
196773.411807,2502366.126422,0.0526219288595526,0.128346167950128,0.0672900623395673,0.317015034836817,0.208470847084708,0.226255958929226
197273.411807,2502366.126422,0.130952380952381,0.292490842490843,0.0201465201465201,0.0608058608058608,0.0888278388278388,0.406776556776557
197773.411807,2502366.126422,0.111355311355311,0.236630036630037,0.00256410256410256,0.034981684981685,0.144322344322344,0.47014652014652
198273.411807,2502366.126422,0.150715071507151,0.158599193252659,0.0119178584525119,0.0561056105610561,0.121562156215622,0.501100110011001
185773.411807,2501866.126422,0.458440721649485,0.00257731958762887,0,0.00193298969072165,0.0151417525773196,0.521907216494845
186273.411807,2501866.126422,0.457027670881437,0.0159428257284222,0,0,0.000549752611324904,0.526479750778816
186773.411807,2501866.126422,0.175445035786383,0.172692237107726,0,0.217654615525785,0.0798311616810424,0.354376949899064
187273.411807,2501866.126422,0.0210893086374473,0.150926095727123,0,0.516596368971209,0.0902255639097744,0.221162662754447
187773.411807,2501866.126422,0.0348176653839106,0.0635880520432472,0.0238226131574125,0.218068535825545,0.173172072567345,0.48653106102254
188273.411807,2501866.126422,0.0455129381537897,0.591117636263535,0,0.163699761424115,0.0484492567443568,0.151220407414204
188773.411807,2501866.126422,0.0520814230698698,0.325692279479186,0,0.260773885934348,0.0979277461947552,0.263524665321841
189273.411807,2501866.126422,0.0560747663551402,0.0842954004031519,0,0.587868792376764,0.158145501191131,0.113615539673813
189773.411807,2501866.126422,0.0642319691686548,0.167003119838502,0,0.211231418608919,0.200954303541934,0.356579188841989
190273.411807,2501866.126422,0.0662020905923345,0.500641848523748,0,0.104346231432239,0.0872913992297818,0.241518430221896
190773.411807,2501866.126422,0.0520432472054242,0.173905076049111,0,0.0513102437236577,0.0731170973062122,0.649624335715595
191273.411807,2501866.126422,0.0148651128647458,0.0893741971003854,0.00146815929528354,0.483391447972105,0.138557533492384,0.272343549275096
191773.411807,2501866.126422,0.0784889051898038,0.456996148908858,0,0.00275077938749312,0.0097194205024757,0.45204474601137
192273.411807,2501866.126422,0.000916254352208173,0.586769287154114,0.00696353307678211,0.316840754993586,0.000183250870441635,0.0883269195528679
192773.411807,2501866.126422,0.0165167920719398,0.804734813727289,0,0,0.00165167920719398,0.177096714993577
193273.411807,2501866.126422,0.0291582615074271,0.765816981478085,0,0,0.000733541169998166,0.204291215844489
193773.411807,2501866.126422,0.0879604178119846,0.302913688840022,0.00623052959501558,0.0243723657687374,0.0956569543705333,0.482866043613707
194273.411807,2501866.126422,0.076344283354744,0.24481556248853,0.00403743806202973,0.036520462470178,0.134336575518444,0.503945678106074
194773.411807,2501866.126422,0.0916926462497708,0.223546671556941,0.0166880616174583,0.102879149092243,0.164496607372089,0.400696864111498
195273.411807,2501866.126422,0.0465457210921752,0.0971229613340663,0,0.481949789261499,0.192963166575041,0.181418361737218
195773.411807,2501866.126422,0.0653330886401175,0.0701046063497889,0.00256927876674619,0.511286474582492,0.171774637548174,0.178931914112681
196273.411807,2501866.126422,0.0504309554373739,0.12415184302219,0.0399779937649001,0.345314505776637,0.209976159911975,0.230148542086925
196773.411807,2501866.126422,0.11654755360088,0.106835257467473,0.00183250870441635,0.219534542789078,0.237126626351475,0.318123511086678
197273.411807,2501866.126422,0.113782345384474,0.254175077995963,0,0.077995962561938,0.129565057808772,0.424481556248853
197773.411807,2501866.126422,0.104713002017238,0.276545021089309,0.010819732257473,0.0276911791674308,0.124518613607189,0.455712451861361
198273.411807,2501866.126422,0.128642111050027,0.138171156312992,0.0175920835623969,0.0520432472054242,0.119296316657504,0.544255085211655
185773.411807,2501366.126422,0.569909793814433,0,0,0,0,0.430090206185567
186273.411807,2501366.126422,0.590842490842491,0.00183150183150183,0,0.00146520146520147,0.00604395604395604,0.39981684981685
186773.411807,2501366.126422,0.124036697247706,0.14697247706422,0.00275229357798165,0.066605504587156,0.112293577981651,0.547339449541284
187273.411807,2501366.126422,0.0889745000917263,0.0741148413135205,0,0.584479911942763,0.141625389836727,0.110805356815263
187773.411807,2501366.126422,0.0529304029304029,0.267765567765568,0,0.295970695970696,0.121611721611722,0.261721611721612
188273.411807,2501366.126422,0.0306422018348624,0.441467889908257,0,0.24697247706422,0.0590825688073394,0.221834862385321
188773.411807,2501366.126422,0.0656760227481196,0.31388736011741,0.0078884608328747,0.210420106402495,0.155751238304898,0.246376811594203
189273.411807,2501366.126422,0.0692307692307692,0.411355311355311,0,0.184615384615385,0.108608058608059,0.226190476190476
189773.411807,2501366.126422,0.0827522935779817,0.16697247706422,0,0.291559633027523,0.211376146788991,0.247339449541284
190273.411807,2501366.126422,0.0717299578059072,0.376444689047881,0,0.0900752155567786,0.124564300128417,0.337185837461016
190773.411807,2501366.126422,0.0531135531135531,0.306593406593407,0,0.039010989010989,0.0820512820512821,0.519230769230769
191273.411807,2501366.126422,0.00293577981651376,0.251559633027523,0.00018348623853211,0.298165137614679,0.0944954128440367,0.352660550458716
191773.411807,2501366.126422,0.0823702073014126,0.283801137405981,0,0.298844248761695,0.0330214639515685,0.301962942579343
192273.411807,2501366.126422,0.00512820512820513,0.37032967032967,0.0989010989010989,0.263369963369963,0.00677655677655678,0.255494505494505
192773.411807,2501366.126422,0.0326605504587156,0.697064220183486,0,0,0,0.270275229357798
193273.411807,2501366.126422,0.0194459732159237,0.897816914327646,0,0,0,0.08273711245643
193773.411807,2501366.126422,0.0238095238095238,0.532234432234432,0.000183150183150183,0.00714285714285714,0.0615384615384615,0.375091575091575
194273.411807,2501366.126422,0.0231192660550459,0.315229357798165,0.0961467889908257,0.127339449541284,0.133761467889908,0.304403669724771
194773.411807,2501366.126422,0.0405430196294258,0.297376628141625,0.0253164556962025,0.0436617134470739,0.111906072280316,0.481196110805357
195273.411807,2501366.126422,0.0556776556776557,0.106959706959707,0.00641025641025641,0.295970695970696,0.226007326007326,0.308974358974359
195773.411807,2501366.126422,0.0548623853211009,0.242018348623853,0.0018348623853211,0.18697247706422,0.211743119266055,0.30256880733945
196273.411807,2501366.126422,0.0741148413135205,0.24399192808659,0.00513667217024399,0.141075032104201,0.186754723903871,0.348926802421574
196773.411807,2501366.126422,0.0937728937728938,0.0983516483516483,0,0.200732600732601,0.220879120879121,0.386263736263736
197273.411807,2501366.126422,0.0878899082568807,0.0831192660550459,0,0.423119266055046,0.244220183486239,0.161651376146789
197773.411807,2501366.126422,0.122546321775821,0.276829939460649,0.00550357732526142,0.102366538249862,0.149697303247111,0.343056319941295
198273.411807,2501366.126422,0.144139194139194,0.288095238095238,0.0276556776556777,0.0463369963369963,0.0963369963369963,0.397435897435897
185773.411807,2500866.126422,0.575835475578406,0.0266709511568123,0,0,0.0025706940874036,0.394922879177378
186273.411807,2500866.126422,0.504950495049505,0.0181518151815182,0,0.00146681334800147,0.0517051705170517,0.423725705903924
186773.411807,2500866.126422,0.363003663003663,0.00421245421245421,0,0.0377289377289377,0.0752747252747253,0.51978021978022
187273.411807,2500866.126422,0.291391941391941,0.0148351648351648,0,0.324542124542125,0.127472527472527,0.241758241758242
187773.411807,2500866.126422,0.0841584158415842,0.0876420975430876,0,0.547671433810048,0.178767876787679,0.101760176017602
188273.411807,2500866.126422,0.0450549450549451,0.549084249084249,0,0.0457875457875458,0.073992673992674,0.286080586080586
188773.411807,2500866.126422,0.0360805860805861,0.606593406593407,0,0.0342490842490843,0.0485347985347985,0.274542124542125
189273.411807,2500866.126422,0.052988632196553,0.37037037037037,0,0.236340300696736,0.16024935826916,0.18005133846718
189773.411807,2500866.126422,0.0717948717948718,0.329487179487179,0,0.172710622710623,0.191391941391941,0.234615384615385
190273.411807,2500866.126422,0.0928571428571429,0.293223443223443,0.000366300366300366,0.0882783882783883,0.127106227106227,0.398168498168498
190773.411807,2500866.126422,0.0753575357535754,0.122662266226623,0.000183351668500183,0.105793912724606,0.15969930326366,0.536303630363036
191273.411807,2500866.126422,0.132234432234432,0.123076923076923,0,0.112820512820513,0.135347985347985,0.496520146520147
191773.411807,2500866.126422,0.159157509157509,0.0507326007326007,0.0227106227106227,0.278021978021978,0.101831501831502,0.387545787545788
192273.411807,2500866.126422,0.0157682434910158,0.233039970663733,0.0760909424275761,0.37953795379538,0.00531719838650532,0.29024569123579
192773.411807,2500866.126422,0.0258241758241758,0.698901098901099,0,0,0,0.275274725274725
193273.411807,2500866.126422,0.00274725274725275,0.932600732600733,0,0.000549450549450549,0.00146520146520147,0.0626373626373626
193773.411807,2500866.126422,0.0874587458745875,0.669416941694169,0,0.00201686835350202,0.0229189585625229,0.218188485515218
194273.411807,2500866.126422,0.0525641025641026,0.282783882783883,0.0492673992673993,0.206410256410256,0.188461538461538,0.220512820512821
194773.411807,2500866.126422,0.0256410256410256,0.339377289377289,0.0897435897435897,0.17032967032967,0.162820512820513,0.212087912087912
195273.411807,2500866.126422,0.081958195819582,0.0916758342500917,0.0133846718005134,0.342134213421342,0.247708104143748,0.223138980564723
195773.411807,2500866.126422,0.0840659340659341,0.155311355311355,0.000366300366300366,0.201648351648352,0.188461538461538,0.37014652014652
196273.411807,2500866.126422,0.0342490842490843,0.262820512820513,0.0032967032967033,0.162820512820513,0.161538461538462,0.375274725274725
196773.411807,2500866.126422,0.0773744041070774,0.127796112944628,0.00788412174550788,0.0968096809680968,0.0980931426475981,0.592042537587092
197273.411807,2500866.126422,0.0996336996336996,0.141758241758242,0,0.299084249084249,0.146153846153846,0.313369963369963
197773.411807,2500866.126422,0.111172161172161,0.168864468864469,0,0.0661172161172161,0.156043956043956,0.497802197802198
198273.411807,2500866.126422,0.0759075907590759,0.321048771543821,0.0236523652365237,0.0401540154015402,0.0953428676200953,0.443894389438944
185773.411807,2500366.126422,0.419458762886598,0.00708762886597938,0,0.00869845360824742,0.102126288659794,0.462628865979381
186273.411807,2500366.126422,0.367784496976361,0.00128275609309144,0,0,0.00549752611324904,0.625435220817299
186773.411807,2500366.126422,0.324830244081483,0.0218388695173426,0,0.00275279867865663,0.036520462470178,0.61405762525234
187273.411807,2500366.126422,0.368787823216578,0.0256739409499358,0.000183385292499542,0.106546854942234,0.166697230882083,0.33211076471667
187773.411807,2500366.126422,0.170056807769837,0.043613707165109,0,0.371449514385193,0.196078431372549,0.218801539307312
188273.411807,2500366.126422,0.0862543585979079,0.146815929528354,0.000734079647641769,0.41071756285557,0.0956138741053404,0.259864195265186
188773.411807,2500366.126422,0.0504309554373739,0.219695580414451,0,0.346964973409133,0.171465248487071,0.211443242251971
189273.411807,2500366.126422,0.0963899578522998,0.189847901777533,0,0.270661535642294,0.209822246655672,0.233278358072201
189773.411807,2500366.126422,0.060561570930446,0.342448155624885,0,0.0710222059093412,0.152872086621398,0.373095980913929
190273.411807,2500366.126422,0.0805061434072987,0.186502842472034,0.00275077938749312,0.331743994131671,0.130570328259674,0.26792591234183
190773.411807,2500366.126422,0.0795308777716694,0.152647975077882,0.00201575957485798,0.25563496426608,0.205057724024189,0.305112699285322
191273.411807,2500366.126422,0.0438612589465957,0.180767113231786,0.0146815929528354,0.146081849880712,0.0978161130482657,0.516792071939805
191773.411807,2500366.126422,0.126352466532184,0.0542820465798643,0.0022006235099945,0.301485420869246,0.124701998899688,0.390977443609023
192273.411807,2500366.126422,0.000366501740883269,0.598497342862379,0.0824628916987356,0.127359354956936,0.0273043796958036,0.164009529045263
192773.411807,2500366.126422,0.0117452743622683,0.82583960359699,0,0,0,0.162415122040741
193273.411807,2500366.126422,0.0223730056849441,0.85182468366037,0,0,0,0.125802310654686
193773.411807,2500366.126422,0.0346344145134689,0.793293018141836,0.000733003481766538,0.00568077698369067,0.0042147700201576,0.16144401685908
194273.411807,2500366.126422,0.0851532391264452,0.172325197283905,0.105156909524683,0.0998348320792806,0.213617177463755,0.323912644521931
194773.411807,2500366.126422,0.0276911791674308,0.189253621859527,0.0513478818998716,0.248487071336879,0.253438474234366,0.229781771501926
195273.411807,2500366.126422,0.0608392889866227,0.093274693054792,0.0448964632582005,0.27799157045996,0.21751878321422,0.305479201026205
195773.411807,2500366.126422,0.108643787850982,0.285740502844559,0.0130299137456414,0.0429436593870435,0.0853367590383557,0.464305377133419
196273.411807,2500366.126422,0.176416651384559,0.205941683476985,0.0209059233449477,0.149092242802127,0.180451127819549,0.267192371171832
196773.411807,2500366.126422,0.17262231995602,0.289536375297783,0,0.0229063588052043,0.0996884735202492,0.415246472420744
197273.411807,2500366.126422,0.0535878142778491,0.175812075610204,0.00587263718113415,0.265002752798679,0.131583776839787,0.368140943292347
197773.411807,2500366.126422,0.101045296167247,0.195672107097011,0.00293416467999266,0.0792224463598019,0.165596919127086,0.455529066568861
198273.411807,2500366.126422,0.0584570276708814,0.297965915338098,0.0119113065787062,0.180135605644127,0.204874473153747,0.24665567161444
185773.411807,2499866.126422,0.564755154639175,0.00161082474226804,0,0.00161082474226804,0.0322164948453608,0.399806701030928
186273.411807,2499866.126422,0.333150183150183,0.00476190476190476,0,0.0010989010989011,0.0437728937728938,0.617216117216117
186773.411807,2499866.126422,0.339633027522936,0.00770642201834862,0,0.0255045871559633,0.207706422018349,0.419449541284404
187273.411807,2499866.126422,0.298293891029169,0.0110071546505228,0,0.0445789763346175,0.190423775454045,0.455696202531646
187773.411807,2499866.126422,0.375091575091575,0.0194139194139194,0,0.0153846153846154,0.150915750915751,0.439194139194139
188273.411807,2499866.126422,0.108256880733945,0.0500917431192661,0,0.479816513761468,0.146238532110092,0.215596330275229
188773.411807,2499866.126422,0.0524674371674922,0.212804989910108,0,0.320858558062741,0.154283617684828,0.25958539717483
189273.411807,2499866.126422,0.0598901098901099,0.333333333333333,0,0.111904761904762,0.131868131868132,0.363003663003663
189773.411807,2499866.126422,0.0570642201834862,0.409908256880734,0,0.073394495412844,0.083302752293578,0.376330275229358
190273.411807,2499866.126422,0.0856723536965694,0.134470739313887,0,0.215189873417722,0.193359016694185,0.371308016877637
190773.411807,2499866.126422,0.0664835164835165,0.10989010989011,0.000732600732600733,0.200549450549451,0.178937728937729,0.443406593406593
191273.411807,2499866.126422,0.108623853211009,0.153211009174312,0.00532110091743119,0.0352293577981651,0.0981651376146789,0.599449541284404
191773.411807,2499866.126422,0.174463401210787,0.12548156301596,0.000366905155017428,0.313337002384883,0.0970464135021097,0.289304714731242
192273.411807,2499866.126422,0.0102564102564103,0.648351648351648,0.0838827838827839,0.0377289377289377,0.0227106227106227,0.197069597069597
192773.411807,2499866.126422,0.011743119266055,0.542935779816514,0,0,0.00238532110091743,0.442935779816514
193273.411807,2499866.126422,0.0161438268207668,0.732709594569804,0,0,0,0.251146578609429
193773.411807,2499866.126422,0.0120879120879121,0.596703296703297,0.151648351648352,0.0384615384615385,0.0521978021978022,0.148901098901099
194273.411807,2499866.126422,0.0827522935779817,0.405688073394495,0.0370642201834862,0.0913761467889908,0.171009174311927,0.212110091743119
194773.411807,2499866.126422,0.0645753072830673,0.0515501742799486,0.00293524124013942,0.439735828288387,0.316822601357549,0.124380847550908
195273.411807,2499866.126422,0.0545787545787546,0.186996336996337,0.0168498168498168,0.306959706959707,0.200549450549451,0.234065934065934
195773.411807,2499866.126422,0.041651376146789,0.220183486238532,0.00055045871559633,0.137064220183486,0.14697247706422,0.453577981651376
196273.411807,2499866.126422,0.0823702073014126,0.287103283801137,0.0187121629058888,0.141625389836727,0.14547789396441,0.324711062190424
196773.411807,2499866.126422,0.347435897435897,0.0225274725274725,0,0,0.0043956043956044,0.625641025641026
197273.411807,2499866.126422,0.083302752293578,0.321651376146789,0.00880733944954129,0.0974311926605505,0.152844036697248,0.335963302752294
197773.411807,2499866.126422,0.0658594753256283,0.187121629058888,0.016694184553293,0.237571087873785,0.16694184553293,0.325811777655476
198273.411807,2499866.126422,0.108058608058608,0.334981684981685,0.00732600732600733,0.0813186813186813,0.123626373626374,0.344688644688645
185773.411807,2499366.126422,0.144280205655527,0.0311696658097686,0.0012853470437018,0.180269922879177,0.134318766066838,0.508676092544987
186273.411807,2499366.126422,0.197653098643198,0.0104510451045105,0,0.00586725339200587,0.175100843417675,0.610927759442611
186773.411807,2499366.126422,0.374542124542125,0.0120879120879121,0,0.00146520146520147,0.173076923076923,0.438827838827839
187273.411807,2499366.126422,0.170879120879121,0.0745421245421245,0,0.0664835164835165,0.293040293040293,0.395054945054945
187773.411807,2499366.126422,0.303997066373304,0.015034836817015,0,0.142830949761643,0.0913091309130913,0.446828016134947
188273.411807,2499366.126422,0.171428571428571,0.0531135531135531,0.00146520146520147,0.41959706959707,0.21025641025641,0.144139194139194
188773.411807,2499366.126422,0.0562271062271062,0.254212454212454,0,0.332967032967033,0.205860805860806,0.150732600732601
189273.411807,2499366.126422,0.115511551155116,0.146314631463146,0,0.308214154748808,0.178217821782178,0.251741840850752
189773.411807,2499366.126422,0.0653846153846154,0.152747252747253,0.000183150183150183,0.447802197802198,0.177655677655678,0.156227106227106
190273.411807,2499366.126422,0.0705128205128205,0.0961538461538462,0.000183150183150183,0.342307692307692,0.22967032967033,0.261172161172161
190773.411807,2499366.126422,0.0401540154015402,0.134396773010634,0.0088008800880088,0.376604327099377,0.144297763109644,0.295746241290796
191273.411807,2499366.126422,0.0362637362637363,0.107509157509158,0.00421245421245421,0.461172161172161,0.124358974358974,0.266483516483516
191773.411807,2499366.126422,0.089010989010989,0.142857142857143,0.000915750915750916,0.58003663003663,0.105128205128205,0.0820512820512821
192273.411807,2499366.126422,0.0209020902090209,0.317198386505317,0.0632563256325633,0.336817015034837,0.0265859919325266,0.235240190685735
192773.411807,2499366.126422,0.0364468864468864,0.566849816849817,0,0.0857142857142857,0.0153846153846154,0.295604395604396
193273.411807,2499366.126422,0.03003663003663,0.782417582417582,0,0.0426739926739927,0.021978021978022,0.122893772893773
193773.411807,2499366.126422,0.0033003300330033,0.608360836083608,0.0326365969930326,0.0141180784745141,0.00898423175650898,0.332599926659333
194273.411807,2499366.126422,0.137362637362637,0.225824175824176,0.0223443223443223,0.0868131868131868,0.172710622710623,0.354945054945055
194773.411807,2499366.126422,0.0745421245421245,0.104212454212454,0.0010989010989011,0.267032967032967,0.247619047619048,0.305494505494506
195273.411807,2499366.126422,0.0471213788045471,0.263292995966263,0.0033003300330033,0.189402273560689,0.202053538687202,0.294829482948295
195773.411807,2499366.126422,0.0624542124542125,0.256227106227106,0.00714285714285714,0.137545787545788,0.179304029304029,0.357326007326007
196273.411807,2499366.126422,0.0725274725274725,0.281684981684982,0.0139194139194139,0.0787545787545788,0.165934065934066,0.387179487179487
196773.411807,2499366.126422,0.0869086908690869,0.709387605427209,0,0,0,0.203703703703704
197273.411807,2499366.126422,0.153663003663004,0.221978021978022,0,0.127838827838828,0.158241758241758,0.338278388278388
197773.411807,2499366.126422,0.0554945054945055,0.146886446886447,0.000366300366300366,0.501648351648352,0.131318681318681,0.164285714285714
198273.411807,2499366.126422,0.0614228089475614,0.345251191785845,0,0.0854418775210854,0.155298863219655,0.352585258525853
185773.411807,2498866.126422,0.0309278350515464,0.0280283505154639,0.00869845360824742,0.529317010309278,0.307023195876289,0.0960051546391753
186273.411807,2498866.126422,0.205607476635514,0.101704233095107,0.000733003481766538,0.0864944108484515,0.471137987905443,0.134322888033718
186773.411807,2498866.126422,0.106441548908057,0.142411451642503,0,0.0311983850247752,0.479904569645807,0.240044044778859
187273.411807,2498866.126422,0.0429121584448927,0.0733541169998166,0,0.315789473684211,0.363102879149092,0.204841371721988
187773.411807,2498866.126422,0.0747663551401869,0.17042330951072,0,0.290635880520432,0.191863661352391,0.272310793476269
188273.411807,2498866.126422,0.0998348320792806,0.217471095613874,0.0047715177096715,0.244448522664709,0.220774454028262,0.212699577904203
188773.411807,2498866.126422,0.0812396845772969,0.0951769668072621,0,0.287548138639281,0.198973042362003,0.337062167614157
189273.411807,2498866.126422,0.0731170973062122,0.269928532160528,0,0.18050210738501,0.166208539490563,0.310243723657687
189773.411807,2498866.126422,0.0888236373646541,0.120756102037071,0,0.263167553679574,0.189392549091576,0.337860157827124
190273.411807,2498866.126422,0.0258573262424354,0.0458463231248854,0,0.749312305153127,0.155327342747112,0.0236567027324409
190773.411807,2498866.126422,0.0727505955653289,0.0355506688656771,0,0.756642844053509,0.0991387209089243,0.0359171706065604
191273.411807,2498866.126422,0.00991007524316388,0.00770783630023858,0,0.899247568361167,0.0673518076711323,0.015782712424298
191773.411807,2498866.126422,0.00275077938749312,0.00898587933247754,0,0.916743077205208,0.0695030258573262,0.00201723821749496
192273.411807,2498866.126422,0.0267546270844787,0.230529595015576,0.106652006597031,0.254168957302547,0.0280373831775701,0.353857430822796
192773.411807,2498866.126422,0,0.51881079097082,0,0.0330335841438796,0.0267939071389246,0.421361717746375
193273.411807,2498866.126422,0.00550155877498625,0.716302952503209,0,0,0.000366770584999083,0.277828718136805
193773.411807,2498866.126422,0.0478284771852666,0.683342495876855,0.00274876305662452,0.0562580172255818,0.0225398570643211,0.187282389591351
194273.411807,2498866.126422,0.124242980363369,0.284088823637365,0,0.14534777023307,0.162965681776473,0.283354743989723
194773.411807,2498866.126422,0.0966440491472584,0.158078122134605,0.00385109114249037,0.24390243902439,0.274894553456813,0.222629745094443
195273.411807,2498866.126422,0.074216602528862,0.210371999266997,0.00146600696353308,0.266996518233462,0.221733553234378,0.225215319772769
195773.411807,2498866.126422,0.0574417324279684,0.276380987337126,0.00330335841438796,0.0770783630023858,0.189759588915397,0.396035969902734
196273.411807,2498866.126422,0.08399046396479,0.316889785439208,0,0.00641848523748395,0.0482303319273794,0.544470933431139
196773.411807,2498866.126422,0.134322888033718,0.355873190397654,0,0.0188748396554884,0.036100421477002,0.454828660436137
197273.411807,2498866.126422,0.0587263718113415,0.085887318774087,0,0.48541016700312,0.234171407597724,0.135804734813727
197773.411807,2498866.126422,0.0654685494223363,0.107647166697231,0,0.478268842838804,0.174766183752063,0.173849257289565
198273.411807,2498866.126422,0.10426974528129,0.141103170240059,0,0.182517866959868,0.205240974894631,0.366868242624152
185773.411807,2498366.126422,0.185567010309278,0.0254510309278351,0,0.0663659793814433,0.153028350515464,0.569587628865979
186273.411807,2498366.126422,0.208791208791209,0.0725274725274725,0,0.0906593406593407,0.315750915750916,0.312271062271062
186773.411807,2498366.126422,0.275596330275229,0.0429357798165138,0,0.0343119266055046,0.147339449541284,0.499816513761468
187273.411807,2498366.126422,0.208769033204917,0.0225646670335718,0,0.113373692900385,0.173362685745735,0.481929921115392
187773.411807,2498366.126422,0.0877289377289377,0.383699633699634,0,0.0322344322344322,0.0838827838827839,0.412454212454212
188273.411807,2498366.126422,0.195412844036697,0.261834862385321,0,0.0396330275229358,0.113577981651376,0.38954128440367
188773.411807,2498366.126422,0.108970831040176,0.0462300495321959,0,0.448908457163823,0.221977618785544,0.173913043478261
189273.411807,2498366.126422,0.0549450549450549,0.183333333333333,0,0.336080586080586,0.219413919413919,0.206227106227106
189773.411807,2498366.126422,0.0660550458715596,0.14697247706422,0,0.357981651376147,0.207155963302752,0.221834862385321
190273.411807,2498366.126422,0.136305265088975,0.143643368189323,0,0.261419922949917,0.240322876536415,0.21830856723537
190773.411807,2498366.126422,0.110622710622711,0.114835164835165,0.0043956043956044,0.55970695970696,0.120879120879121,0.0895604395604396
191273.411807,2498366.126422,0.0278899082568807,0.0174311926605505,0,0.759266055045872,0.158899082568807,0.0365137614678899
191773.411807,2498366.126422,0.0247660979636764,0.0337552742616034,0,0.717666483214089,0.169510181618052,0.0543019629425793
192273.411807,2498366.126422,0.0461538461538462,0.257692307692308,0.0010989010989011,0.24029304029304,0.045970695970696,0.408791208791209
192773.411807,2498366.126422,0,0.508256880733945,0,0.0572477064220183,0.0255045871559633,0.408990825688073
193273.411807,2498366.126422,0.00165107319757843,0.746835443037975,0,0,0,0.251513483764447
193773.411807,2498366.126422,0,0.927655677655678,0.000549450549450549,0.000183150183150183,0,0.0716117216117216
194273.411807,2498366.126422,0.0904587155963303,0.475412844036697,0.00201834862385321,0.00880733944954129,0.0576146788990826,0.365688073394495
194773.411807,2498366.126422,0.0720968629609246,0.154833975417355,0.0174279948633278,0.129517519721152,0.208952485782425,0.417171161254816
195273.411807,2498366.126422,0.0745421245421245,0.34010989010989,0.00677655677655678,0.134065934065934,0.135347985347985,0.309157509157509
195773.411807,2498366.126422,0.104954128440367,0.365321100917431,0.011743119266055,0.0319266055045872,0.153394495412844,0.332660550458716
196273.411807,2498366.126422,0.0245826453861677,0.360300862227114,0,0.0247660979636764,0.0645753072830673,0.525775087139974
196773.411807,2498366.126422,0.0468864468864469,0.393772893772894,0.00164835164835165,0.00384615384615385,0.0712454212454212,0.482600732600733
197273.411807,2498366.126422,0.0900917431192661,0.0370642201834862,0,0.519816513761468,0.209357798165138,0.143669724770642
197773.411807,2498366.126422,0.101816180517336,0.244909190974133,0,0.340671436433682,0.163639699137773,0.148963492937076
198273.411807,2498366.126422,0.125457875457875,0.203846153846154,0.00146520146520147,0.162271062271062,0.150732600732601,0.356227106227106
185773.411807,2497866.126422,0.346401028277635,0.0109254498714653,0,0.0562339331619537,0.0687660668380463,0.5176735218509
186273.411807,2497866.126422,0.425375870920425,0.00293362669600293,0,0.000916758342500917,0.0313531353135314,0.539420608727539
186773.411807,2497866.126422,0.329304029304029,0.00531135531135531,0,0.00238095238095238,0.0163003663003663,0.646703296703297
187273.411807,2497866.126422,0.205494505494505,0.0507326007326007,0,0.00934065934065934,0.0712454212454212,0.663186813186813
187773.411807,2497866.126422,0.237073707370737,0.0218188485515218,0,0.0311697836450312,0.0826916024935827,0.627246057939127
188273.411807,2497866.126422,0.377655677655678,0.0873626373626374,0,0.0010989010989011,0.0166666666666667,0.517216117216117
188773.411807,2497866.126422,0.238278388278388,0.0179487179487179,0.00274725274725275,0.0774725274725275,0.0736263736263736,0.58992673992674
189273.411807,2497866.126422,0.0474880821415475,0.0502383571690502,0,0.585991932526586,0.232489915658232,0.0837917125045838
189773.411807,2497866.126422,0.0591575091575092,0.178754578754579,0,0.412820512820513,0.157875457875458,0.191391941391941
190273.411807,2497866.126422,0.0868131868131868,0.112637362637363,0,0.306959706959707,0.187362637362637,0.306227106227106
190773.411807,2497866.126422,0.0372203887055372,0.0300696736340301,0.00055005500550055,0.829482948294829,0.0911257792445911,0.0115511551155116
191273.411807,2497866.126422,0.0258241758241758,0.0172161172161172,0,0.795421245421245,0.14047619047619,0.0210622710622711
191773.411807,2497866.126422,0.01996336996337,0.0833333333333333,0,0.754212454212454,0.0532967032967033,0.0891941391941392
192273.411807,2497866.126422,0.0346534653465347,0.573524019068574,0.00678401173450678,0.0843417675100843,0.00898423175650898,0.291712504583792
192773.411807,2497866.126422,0,0.625091575091575,0,0.202380952380952,0.082967032967033,0.0895604395604396
193273.411807,2497866.126422,0.0153846153846154,0.748534798534799,0,0,0.000183150183150183,0.235897435897436
193773.411807,2497866.126422,0.0192519251925193,0.857902456912358,0,0,0.000366703337000367,0.122478914558122
194273.411807,2497866.126422,0.0725274725274725,0.597252747252747,0.00750915750915751,0.0168498168498168,0.0503663003663004,0.255494505494505
194773.411807,2497866.126422,0.0582417582417582,0.5503663003663,0.0131868131868132,0.0776556776556777,0.102564102564103,0.197985347985348
195273.411807,2497866.126422,0.108910891089109,0.247158049138247,0.00348368170150348,0.140630729739641,0.186101943527686,0.313714704803814
195773.411807,2497866.126422,0.0245421245421245,0.333516483516483,0.000183150183150183,0.0402930402930403,0.133882783882784,0.467582417582418
196273.411807,2497866.126422,0.0188644688644689,0.46996336996337,0.00732600732600733,0.0393772893772894,0.0631868131868132,0.401282051282051
196773.411807,2497866.126422,0.0784745141180785,0.267510084341767,0.000183351668500183,0.0579391272460579,0.0977264393105977,0.498166483314998
197273.411807,2497866.126422,0.0672161172161172,0.0302197802197802,0,0.48956043956044,0.231868131868132,0.181135531135531
197773.411807,2497866.126422,0.104578754578755,0.265018315018315,0.0113553113553114,0.0798534798534798,0.158241758241758,0.380952380952381
198273.411807,2497866.126422,0.0298863219655299,0.694719471947195,0,0.0176017601760176,0.0616061606160616,0.196186285295196
185773.411807,2497366.126422,0.182667525773196,0.0212628865979381,0,0.389819587628866,0.261920103092784,0.144329896907216
186273.411807,2497366.126422,0.302913688840022,0.000733003481766538,0,0.00366501740883269,0.0368334249587686,0.65585486531061
186773.411807,2497366.126422,0.206276380987337,0.00201871903101487,0,0.0012846393833731,0.00605615709304459,0.78436410350523
187273.411807,2497366.126422,0.125068769484687,0.0194388410049514,0,0.0130203557674674,0.0467632495873831,0.795708784155511
187773.411807,2497366.126422,0.104636247022173,0.0106285504856148,0,0,0.00238226131574125,0.882352941176471
188273.411807,2497366.126422,0.0976325931363553,0.0737750045879978,0,0.0115617544503579,0.0976325931363553,0.719398054688934
188773.411807,2497366.126422,0.274344397579314,0.115165963689712,0,0.0847240051347882,0.0691362552723272,0.456629378323858
189273.411807,2497366.126422,0.0382994319223016,0.0410481949789262,0.00549752611324904,0.551401869158878,0.219168041048195,0.14458493677845
189773.411807,2497366.126422,0.0768948430904753,0.210864378785098,0,0.251789319141127,0.167186639750413,0.293264819232887
190273.411807,2497366.126422,0.0612506876948469,0.0520814230698698,0,0.4801026957638,0.186502842472034,0.22006235099945
190773.411807,2497366.126422,0.0382994319223016,0.0362836723474437,0.00201575957485798,0.799157045995968,0.0798973795125527,0.0443467106468756
191273.411807,2497366.126422,0.0293631859056708,0.0431271792989539,0.00110111947146265,0.818131767296752,0.0528537346302074,0.0554230133969536
191773.411807,2497366.126422,0.0729873464148175,0.113882266642215,0,0.55584082156611,0.0946268109297634,0.162662754447093
192273.411807,2497366.126422,0.0635880520432472,0.627450980392157,0.0208905992303463,0.0463624702217336,0.00641378046545721,0.235294117647059
192773.411807,2497366.126422,0,0.601394751330519,0.0416590200036704,0.314369609102588,0.0255092677555515,0.0170673518076711
193273.411807,2497366.126422,0.00843572345497891,0.553456812763616,0,0.0515312671923712,0.0150375939849624,0.371538602604071
193773.411807,2497366.126422,0.0293201392706615,0.778632948506505,0,0,0.000549752611324904,0.191497159611508
194273.411807,2497366.126422,0.0543218939254909,0.297852817030648,0,0.231602128830978,0.220590934116352,0.195632226096531
194773.411807,2497366.126422,0.0715202640748212,0.37593984962406,0.0374105996699065,0.136438657619659,0.163579680909591,0.215110948101962
195273.411807,2497366.126422,0.0454462158695254,0.412131207623236,0.00274876305662452,0.0995052226498076,0.143302180685358,0.296866410115448
195773.411807,2497366.126422,0.0745090842356396,0.294182418792439,0.00715727656450725,0.163516241512204,0.143696091025876,0.316938887869334
196273.411807,2497366.126422,0.057582981844856,0.39611223179901,0.0154043645699615,0.0742710434623143,0.105813313772235,0.350816064551623
196773.411807,2497366.126422,0.0524097489463075,0.436686824262415,0.00219901044529962,0.0940076965365585,0.115814550119113,0.298882169690306
197273.411807,2497366.126422,0.113231785648743,0.14094329234722,0,0.19911910442283,0.297118737383006,0.249587080198201
197773.411807,2497366.126422,0.0836236933797909,0.417568311021456,0,0.0240234733174399,0.0867412433522831,0.38804327892903
