"x","y","forest","agri","water","built","other","grass"
166273.411807,2627366.126422,0,0.0546688680975968,0.135204549623922,0.79600073381031,0.0137589433131535,0.000366905155017428
166773.411807,2627366.126422,0,0.0815018315018315,0.761721611721612,0.148168498168498,0.00457875457875458,0.00402930402930403
167273.411807,2627366.126422,0,0.0688073394495413,0.840917431192661,0.0788990825688073,0.0102752293577982,0.00110091743119266
167773.411807,2627366.126422,0,0.0845716382315172,0.829572555494405,0.075032104201064,0.00623738763529628,0.00458631443771785
168273.411807,2627366.126422,0.0010989010989011,0.132967032967033,0.766117216117216,0.0600732600732601,0.00384615384615385,0.0358974358974359
168773.411807,2627366.126422,0,0.112844036697248,0.758165137614679,0.0827522935779817,0.0122935779816514,0.0339449541284404
169273.411807,2627366.126422,0,0.0653091175931022,0.638598422307833,0.0926435516419006,0.0247660979636764,0.178682810493487
169773.411807,2627366.126422,0,0.0796703296703297,0.76025641025641,0.122710622710623,0.0282051282051282,0.00915750915750916
170273.411807,2627366.126422,0.00568807339449541,0.120550458715596,0.382018348623853,0.186238532110092,0.0917431192660551,0.213761467889908
170773.411807,2627366.126422,0.0680609062557329,0.105852137222528,0.000550357732526142,0.0280682443588332,0.0854889011190607,0.711979453311319
171273.411807,2627366.126422,0.231318681318681,0.0401098901098901,0,0.122527472527473,0.236446886446886,0.36959706959707
171773.411807,2627366.126422,0.178532110091743,0.183119266055046,0,0.0148623853211009,0.0537614678899083,0.569724770642202
172273.411807,2627366.126422,0.215006420840213,0.295542102366538,0.00752155567785727,0.01284168042561,0.0418271876719868,0.427261053017795
172773.411807,2627366.126422,0.116666666666667,0.103479853479853,0.0203296703296703,0.0793040293040293,0.0602564102564103,0.61996336996337
173273.411807,2627366.126422,0.183607183798242,0.0678257546809324,0,0.158387466564769,0.203286205578907,0.386893389377149
166273.411807,2626866.126422,0,0.0567765567765568,0.374542124542125,0.560622710622711,0.000183150183150183,0.00787545787545788
166773.411807,2626866.126422,0,0.0315364869820315,0.59020902090209,0.365969930326366,0.0122845617895123,0
167273.411807,2626866.126422,0,0.0217948717948718,0.563003663003663,0.406593406593407,0.00860805860805861,0
167773.411807,2626866.126422,0,0.0782051282051282,0.692857142857143,0.212820512820513,0.0139194139194139,0.0021978021978022
168273.411807,2626866.126422,0.00128346167950128,0.0966263292995966,0.696002933626696,0.173083975064173,0.0188852218555189,0.0141180784745141
168773.411807,2626866.126422,0,0.0432234432234432,0.845054945054945,0.103113553113553,0.00421245421245421,0.0043956043956044
169273.411807,2626866.126422,0.00586080586080586,0.108608058608059,0.650549450549451,0.086996336996337,0.0587912087912088,0.0891941391941392
169773.411807,2626866.126422,0.00055005500550055,0.146131279794646,0.532086541987532,0.0727906123945728,0.103777044371104,0.144664466446645
170273.411807,2626866.126422,0.056043956043956,0.0968864468864469,0.128205128205128,0.0452380952380952,0.101098901098901,0.572527472527472
170773.411807,2626866.126422,0.137545787545788,0.209340659340659,0,0.00842490842490842,0.0419413919413919,0.602747252747253
171273.411807,2626866.126422,0.0869086908690869,0.324532453245325,0,0.0108177484415108,0.0407040704070407,0.537037037037037
171773.411807,2626866.126422,0.127106227106227,0.251465201465201,0,0.00915750915750916,0.05,0.562271062271062
172273.411807,2626866.126422,0.159157509157509,0.357326007326007,0,0.00897435897435897,0.0525641025641026,0.421978021978022
172773.411807,2626866.126422,0.134030069673634,0.161349468280161,0.0427209387605427,0.0342867620095343,0.0506050605060506,0.577007700770077
173273.411807,2626866.126422,0.130103014116749,0.27088897367417,0,0.0345288057993132,0.126096909576498,0.43838229683327
166273.411807,2626366.126422,0,0.0737208875848157,0.465065101778837,0.434989913808912,0.0119200440124702,0.0143040528149642
166773.411807,2626366.126422,0,0.0643210555250137,0.719809419094741,0.201575957485798,0.00604727872457394,0.00824628916987356
167273.411807,2626366.126422,0,0.0513855753349238,0.339328317122408,0.574050284455863,0.00734079647641769,0.0278950266103872
167773.411807,2626366.126422,0.00238400880249404,0.0882083256922795,0.506876948468733,0.35209976159912,0.0216394645149459,0.028791490922428
168273.411807,2626366.126422,0,0.070734835990471,0.759758108851017,0.149532710280374,0.0124610591900312,0.00751328568810702
168773.411807,2626366.126422,0,0.0379886217654616,0.812626169939438,0.1370893741971,0.00587263718113415,0.00642319691686548
169273.411807,2626366.126422,0.000550155877498625,0.0882083256922795,0.713185402530717,0.0746378140473134,0.0240234733174399,0.0993948285347515
169773.411807,2626366.126422,0.00384826827927433,0.0846619021440352,0.663368150998717,0.158328752061572,0.0463624702217336,0.0434304562946674
170273.411807,2626366.126422,0.10772618829143,0.0359699027344467,0.0657001284639383,0.206826940723068,0.155624885300055,0.428151954487062
170773.411807,2626366.126422,0.099211443242252,0.220795892169448,0.00568494406748579,0.0542820465798643,0.0867412433522831,0.533284430588667
171273.411807,2626366.126422,0.121312076232362,0.333150082462892,0,0.0254718709913872,0.0439802089059923,0.476085761407367
171773.411807,2626366.126422,0.16608552027895,0.28610754266838,0,0.00422095797394017,0.0339511837034318,0.509634795375298
172273.411807,2626366.126422,0.182835136622043,0.196772418852008,0,0.013203741059967,0.050797726022373,0.556390977443609
172773.411807,2626366.126422,0.18270111783031,0.129191863661352,0,0.0754993586219534,0.140553417628734,0.472054242257651
173273.411807,2626366.126422,0.104911140836996,0.242308427288362,0.0150965029619721,0.0441429390407032,0.0729982801452322,0.520542709726734
165273.411807,2625866.126422,0,0.0324175824175824,0.277655677655678,0.406593406593407,0.00915750915750916,0.274175824175824
165773.411807,2625866.126422,0.00458715596330275,0.0686238532110092,0.382385321100917,0.266605504587156,0.0365137614678899,0.241284403669725
166273.411807,2625866.126422,0.0278847917813245,0.0566868464501926,0.632727939827555,0.101999633094845,0.00880572372041827,0.171895065125665
166773.411807,2625866.126422,0.0360805860805861,0.0470695970695971,0.653296703296703,0.0796703296703297,0.00860805860805861,0.175274725274725
167273.411807,2625866.126422,0.0146788990825688,0.0645871559633028,0.621100917431193,0.0941284403669725,0.00862385321100917,0.196880733944954
167773.411807,2625866.126422,0.0135754907356448,0.0805356815263254,0.692900385250413,0.11263988259035,0.00880572372041827,0.0915428361768483
168273.411807,2625866.126422,0,0.0666666666666667,0.807326007326007,0.109157509157509,0.00860805860805861,0.00824175824175824
168773.411807,2625866.126422,0,0.118899082568807,0.640183486238532,0.199816513761468,0.0155963302752294,0.0255045871559633
169273.411807,2625866.126422,0.00110071546505228,0.126398825903504,0.628141625389837,0.16125481563016,0.0557695835626491,0.0273344340487984
169773.411807,2625866.126422,0.0128205128205128,0.123443223443223,0.465934065934066,0.117032967032967,0.0813186813186813,0.199450549450549
170273.411807,2625866.126422,0.0598165137614679,0.102201834862385,0.0735779816513761,0.198715596330275,0.140366972477064,0.425321100917431
170773.411807,2625866.126422,0.137589433131535,0.277930654925702,0.0517336268574573,0.0370574206567602,0.0629242340854889,0.432764630343056
171273.411807,2625866.126422,0.0891941391941392,0.243956043956044,0.00586080586080586,0.047985347985348,0.0868131868131868,0.526190476190476
171773.411807,2625866.126422,0.0587155963302752,0.359816513761468,0,0.0561467889908257,0.0506422018348624,0.474678899082569
172273.411807,2625866.126422,0.11557512383049,0.427627958172812,0,0.0717299578059072,0.0871399743166392,0.297926985874152
172773.411807,2625866.126422,0.10952380952381,0.340659340659341,0,0.0331501831501832,0.0454212454212454,0.471245421245421
173273.411807,2625866.126422,0.102980512036683,0.389759266335499,0,0.0175773786778754,0.0185326709973252,0.471150171952617
164773.411807,2625366.126422,0.102014652014652,0.0441391941391941,0,0.023992673992674,0.0976190476190476,0.732234432234432
165773.411807,2625366.126422,0,0.15018315018315,0.565384615384615,0.131868131868132,0.0485347985347985,0.104029304029304
166273.411807,2625366.126422,0,0.0401098901098901,0.886080586080586,0.065018315018315,0.00311355311355311,0.00567765567765568
166773.411807,2625366.126422,0,0.0315364869820315,0.886138613861386,0.0674734140080675,0.00183351668500183,0.013017968463513
167273.411807,2625366.126422,0,0.0163003663003663,0.90952380952381,0.0723443223443224,0.00164835164835165,0.000183150183150183
167773.411807,2625366.126422,0,0.0327838827838828,0.895604395604396,0.0663003663003663,0.00366300366300366,0.00164835164835165
168273.411807,2625366.126422,0.00165016501650165,0.0313531353135314,0.862852951961863,0.0957095709570957,0.00733406674000733,0.0011001100110011
168773.411807,2625366.126422,0.00201465201465201,0.106410256410256,0.724725274725275,0.111904761904762,0.0225274725274725,0.0324175824175824
169273.411807,2625366.126422,0.00146520146520147,0.159157509157509,0.604761904761905,0.122161172161172,0.0494505494505494,0.063003663003663
169773.411807,2625366.126422,0.0313531353135314,0.146314631463146,0.206820682068207,0.102860286028603,0.140630729739641,0.372020535386872
170273.411807,2625366.126422,0.0278388278388278,0.373260073260073,0.00238095238095238,0.00586080586080586,0.0181318681318681,0.572527472527472
170773.411807,2625366.126422,0.0595238095238095,0.388644688644689,0,0.0793040293040293,0.0824175824175824,0.39010989010989
171273.411807,2625366.126422,0.0614228089475614,0.272277227722772,0.0133846718005134,0.134396773010634,0.174184085075174,0.344334433443344
171773.411807,2625366.126422,0.0450549450549451,0.531501831501832,0.0137362637362637,0.0155677655677656,0.0712454212454212,0.322893772893773
172273.411807,2625366.126422,0.093040293040293,0.286813186813187,0.00311355311355311,0.0413919413919414,0.145970695970696,0.42967032967033
172773.411807,2625366.126422,0.0825082508250825,0.567840117345068,0.0102676934360103,0.0242024202420242,0.0647231389805647,0.25045837917125
173273.411807,2625366.126422,0.128195345288058,0.407668828691339,0.00381533765738268,0.0339565051507058,0.0616177031667303,0.364746280045784
165773.411807,2624866.126422,0,0.212149018168471,0.391631492016884,0.247935400991008,0.0600110111947146,0.0882730776289227
166273.411807,2624866.126422,0,0.0614340729873464,0.894186686227765,0.0405281496423987,0.00385109114249037,0
166773.411807,2624866.126422,0,0.0113615539673813,0.694887300714678,0.292285138354407,0.00128275609309144,0.000183250870441635
167273.411807,2624866.126422,0,0.0144980730409249,0.766929711873738,0.217287575701964,0.0012846393833731,0
167773.411807,2624866.126422,0,0.0416284613973959,0.833119383825417,0.111131487254722,0.0106363469649734,0.00348432055749129
168273.411807,2624866.126422,0,0.0243723657687374,0.815099871724391,0.140736668499175,0.0172255818215137,0.00256551218618288
168773.411807,2624866.126422,0.000734079647641769,0.0847861993026243,0.712974857772068,0.147733529087906,0.025325747843641,0.0284455863461186
169273.411807,2624866.126422,0.0298918026774253,0.122684760682193,0.305519897304236,0.18393544837704,0.108930863744728,0.249037227214377
169773.411807,2624866.126422,0.0573575224482316,0.0397654388858347,0.015026571376214,0.254901960784314,0.190397654388858,0.442550852116548
170273.411807,2624866.126422,0.110662506881997,0.181868232703248,0,0.0392732611488346,0.102954670581758,0.565241328684162
170773.411807,2624866.126422,0.0493306436823767,0.476985145791308,0,0.00550155877498625,0.0394278378874014,0.428754813863928
171273.411807,2624866.126422,0.0833791460509437,0.405900678028221,0,0.0227231079347627,0.0645043063954554,0.423492761590618
171773.411807,2624866.126422,0.0647825289043861,0.574784364103505,0,0.00165167920719398,0.031932464672417,0.326848963112498
172273.411807,2624866.126422,0.0456629378323858,0.450944434256373,0,0.00311754997249221,0.0181551439574546,0.482119933981295
172773.411807,2624866.126422,0.106285504856148,0.301630932746931,0,0.00733003481766538,0.140736668499175,0.444016859080081
173273.411807,2624866.126422,0.0703229505064017,0.454232753678578,0,0.00343970953563921,0.0552264475444296,0.416778138734951
164273.411807,2624366.126422,0.0337614678899083,0.128990825688073,0,0.00752293577981651,0.0148623853211009,0.814862385321101
165773.411807,2624366.126422,0.00862385321100917,0.120917431192661,0.388073394495413,0.234311926605505,0.0418348623853211,0.206238532110092
166273.411807,2624366.126422,0.020546688680976,0.0871399743166392,0.596404329480829,0.0625573289304715,0.0388919464318474,0.194459732159237
166773.411807,2624366.126422,0.00641025641025641,0.0501831501831502,0.563736263736264,0.142857142857143,0.0293040293040293,0.207509157509158
167273.411807,2624366.126422,0.0036697247706422,0.0528440366972477,0.618348623853211,0.177247706422018,0.0341284403669725,0.113761467889908
167773.411807,2624366.126422,0.000550357732526142,0.0790680609062557,0.639882590350394,0.235920014676206,0.0110071546505228,0.0335718216840947
168273.411807,2624366.126422,0.00164835164835165,0.0873626373626374,0.481135531135531,0.0948717948717949,0.0311355311355311,0.303846153846154
168773.411807,2624366.126422,0.00165137614678899,0.0768807339449541,0.199816513761468,0.061651376146789,0.0559633027522936,0.604036697247706
169273.411807,2624366.126422,0.06989543203082,0.0805356815263254,0.122546321775821,0.259768849752339,0.15685195376995,0.310401761144744
169773.411807,2624366.126422,0.0641025641025641,0.0391941391941392,0,0.413369963369963,0.235347985347985,0.247985347985348
170273.411807,2624366.126422,0.0796330275229358,0.182935779816514,0,0.0796330275229358,0.0847706422018349,0.57302752293578
170773.411807,2624366.126422,0.0722803155384333,0.37662814162539,0,0.0161438268207668,0.0498991010823702,0.48504861493304
171273.411807,2624366.126422,0.0708791208791209,0.36996336996337,0,0.00274725274725275,0.0243589743589744,0.532051282051282
171773.411807,2624366.126422,0.0708256880733945,0.35045871559633,0,0.0651376146788991,0.16,0.353577981651376
172273.411807,2624366.126422,0.107686662997615,0.316455696202532,0,0.011557512383049,0.0704457897633462,0.493854338653458
172773.411807,2624366.126422,0.0805860805860806,0.1996336996337,0,0.140842490842491,0.264285714285714,0.314652014652015
173273.411807,2624366.126422,0.0683989300726022,0.313909056171188,0,0.0584638899503248,0.15246465418418,0.406763469621704
165773.411807,2623866.126422,0,0.0858974358974359,0.785531135531136,0.122344322344322,0.00256410256410256,0.00366300366300366
166273.411807,2623866.126422,0,0.0816849816849817,0.881501831501831,0.0236263736263736,0.00384615384615385,0.00934065934065934
166773.411807,2623866.126422,0,0.03997066373304,0.92005867253392,0.0319031903190319,0.00641730839750642,0.00165016501650165
167273.411807,2623866.126422,0.00201465201465201,0.112454212454212,0.622893772893773,0.154761904761905,0.0293040293040293,0.0785714285714286
167773.411807,2623866.126422,0,0.110622710622711,0.582051282051282,0.237728937728938,0.0238095238095238,0.0457875457875458
168273.411807,2623866.126422,0.0163182984965163,0.124129079574624,0.0634396773010634,0.405940594059406,0.133663366336634,0.256508984231756
168773.411807,2623866.126422,0.00915750915750916,0.0906593406593407,0.00531135531135531,0.185347985347985,0.147802197802198,0.561721611721612
169273.411807,2623866.126422,0.0412087912087912,0.0994505494505494,0.00860805860805861,0.242673992673993,0.263003663003663,0.345054945054945
169773.411807,2623866.126422,0.0438210487715438,0.313898056472314,0,0.0293362669600293,0.070957095709571,0.541987532086542
170273.411807,2623866.126422,0.0580586080586081,0.362637362637363,0,0.000549450549450549,0.0194139194139194,0.559340659340659
170773.411807,2623866.126422,0.0952380952380952,0.370512820512821,0,0,0.0234432234432234,0.510805860805861
171273.411807,2623866.126422,0.138430509717638,0.415291529152915,0,0.00751741840850752,0.0154015401540154,0.423359002566923
171773.411807,2623866.126422,0.0732600732600733,0.549450549450549,0,0.0271062271062271,0.0584249084249084,0.291758241758242
172273.411807,2623866.126422,0.082967032967033,0.56996336996337,0,0.0102564102564103,0.0642857142857143,0.272527472527473
172773.411807,2623866.126422,0.211771177117712,0.217821782178218,0,0.033003300330033,0.102310231023102,0.435093509350935
173273.411807,2623866.126422,0.111789393361312,0.424265547500954,0,0.0215566577642121,0.066959175887066,0.375429225486456
165773.411807,2623366.126422,0,0.093778674986236,0.706918700679024,0.191411268122591,0.00403743806202973,0.00385391815011929
166273.411807,2623366.126422,0,0.0735375022923162,0.811113148725472,0.109664404914726,0.00385109114249037,0.00183385292499542
166773.411807,2623366.126422,0,0.0410481949789262,0.877405167674546,0.0720175920835624,0.00293201392706615,0.00659703133589885
167273.411807,2623366.126422,0.0130299137456414,0.0968985134887135,0.646173609836667,0.14956872820701,0.0266103872270141,0.0677188474949532
167773.411807,2623366.126422,0.00513478818998716,0.129836787089675,0.198239501192004,0.32404181184669,0.0469466348798826,0.295800476801761
168273.411807,2623366.126422,0.0131940626717977,0.0650540590067803,0.0188748396554884,0.0723840938244457,0.148799706798607,0.681693238042881
168773.411807,2623366.126422,0.00587263718113415,0.0649660488162966,0.00330335841438796,0.0761607634428336,0.0657001284639383,0.783997063681409
169273.411807,2623366.126422,0.0506143407298735,0.211076471666972,0.000366770584999083,0.0718870346598203,0.121034293049697,0.545021089308637
169773.411807,2623366.126422,0.0412314458493678,0.364669232178853,0,0.0053142752428074,0.0302363936228697,0.558548653106102
170273.411807,2623366.126422,0.0603780510185355,0.309231051569095,0,0.0458799779776106,0.0998348320792806,0.484676087355478
170773.411807,2623366.126422,0.035209976159912,0.332294150009169,0,0.0319090408949202,0.100678525582248,0.49990830735375
171273.411807,2623366.126422,0.066703316840755,0.275975810885102,0,0.0404984423676012,0.0976727139453912,0.519149715961151
171773.411807,2623366.126422,0.0932281152505047,0.356579188841989,0,0.0187190310148651,0.0675353275830428,0.463938337309598
172273.411807,2623366.126422,0.0695030258573262,0.355033926279112,0,0.0297084173849257,0.11204841371722,0.433706216761416
172773.411807,2623366.126422,0.0776983690672531,0.355323437786329,0,0.0414146967198094,0.101337731354224,0.424225765072384
173273.411807,2623366.126422,0.0198738773170266,0.483661379705714,0,0.000573284922606535,0.0743359449646474,0.421555513090006
165773.411807,2622866.126422,0,0.0638532110091743,0.685504587155963,0.236146788990826,0.00256880733944954,0.0119266055045872
166273.411807,2622866.126422,0,0.0322876536415337,0.431297009722987,0.528159970647588,0,0.00825536598789213
166773.411807,2622866.126422,0.00805860805860806,0.0706959706959707,0.372893772893773,0.53992673992674,0.00622710622710623,0.0021978021978022
167273.411807,2622866.126422,0,0.0972477064220184,0.659266055045872,0.0262385321100917,0.0280733944954128,0.189174311926605
167773.411807,2622866.126422,0.00201797835259585,0.0581544670702623,0.178132452760961,0.0552192258301229,0.0449458814896349,0.661529994496423
168273.411807,2622866.126422,0.0210622710622711,0.0249084249084249,0.00531135531135531,0.0576923076923077,0.0787545787545788,0.812271062271062
168773.411807,2622866.126422,0.00605504587155963,0.293394495412844,0,0.0170642201834862,0.0440366972477064,0.639449541284404
169273.411807,2622866.126422,0.00623738763529628,0.418271876719868,0,0,0.00642084021280499,0.569069895432031
169773.411807,2622866.126422,0.0401098901098901,0.377289377289377,0,0.00402930402930403,0.0232600732600733,0.555311355311355
170273.411807,2622866.126422,0.035045871559633,0.204770642201835,0,0.126788990825688,0.153577981651376,0.479816513761468
170773.411807,2622866.126422,0.123463584663365,0.300862227114291,0,0.0592551825353146,0.0735644835809943,0.442854522106036
171273.411807,2622866.126422,0.0472527472527473,0.372161172161172,0,0.00860805860805861,0.0738095238095238,0.498168498168498
171773.411807,2622866.126422,0.0144954128440367,0.518165137614679,0,0.00220183486238532,0.0110091743119266,0.454128440366972
172273.411807,2622866.126422,0.0432948082920565,0.501559346908824,0.00770500825536599,0.0678774536782242,0.060906255732893,0.318657127132636
172773.411807,2622866.126422,0.0518315018315018,0.261904761904762,0,0.0586080586080586,0.1,0.527655677655678
173273.411807,2622866.126422,0.0447076805502484,0.398547955674436,0.0236912495223538,0.0458540313335881,0.0582728314864348,0.428926251432938
166773.411807,2622366.126422,0,0.0341034103410341,0.67968463513018,0.284561789512285,0.00165016501650165,0
167273.411807,2622366.126422,0.00970695970695971,0.0684981684981685,0.354029304029304,0.193040293040293,0.0723443223443224,0.302380952380952
167773.411807,2622366.126422,0.0399267399267399,0.0205128205128205,0,0.10970695970696,0.135714285714286,0.694139194139194
168273.411807,2622366.126422,0.0346534653465347,0.0282361569490282,0,0.170700403373671,0.235240190685735,0.531169783645031
168773.411807,2622366.126422,0.00549450549450549,0.148168498168498,0,0.0404761904761905,0.0456043956043956,0.76025641025641
169273.411807,2622366.126422,0.0624542124542125,0.343040293040293,0,0.00146520146520147,0.00677655677655678,0.586263736263736
169773.411807,2622366.126422,0.044004400440044,0.485881921525486,0,0.0273193986065273,0.0561056105610561,0.386688668866887
170273.411807,2622366.126422,0.11959706959707,0.266483516483516,0,0.0423076923076923,0.100732600732601,0.470879120879121
170773.411807,2622366.126422,0.0492673992673993,0.435164835164835,0,0.0481684981684982,0.0304029304029304,0.436996336996337
171273.411807,2622366.126422,0.0341034103410341,0.36963696369637,0,0.017968463513018,0.046021268793546,0.532269893656032
171773.411807,2622366.126422,0.0322344322344322,0.364102564102564,0,0.010989010989011,0.0146520146520147,0.578021978021978
172273.411807,2622366.126422,0.0637362637362637,0.386630036630037,0.00586080586080586,0.0591575091575092,0.0380952380952381,0.446520146520147
172773.411807,2622366.126422,0.0469380271360469,0.330949761642831,0,0.0463879721305464,0.134213421342134,0.441510817748442
173273.411807,2622366.126422,0.0667684090041969,0.343189622281572,0,0.0251812285387257,0.131056848531095,0.433803891644411
166273.411807,2621866.126422,0.00586832935998533,0.125068769484687,0.555290665688612,0.107097010819732,0.0212726939299468,0.185402530717036
166773.411807,2621866.126422,0,0.0663368150998717,0.736485248304929,0.164559281656588,0.024555616639179,0.00806303829943192
167273.411807,2621866.126422,0.0238575885483575,0.0873554780693705,0.422279317305928,0.234171407597724,0.0869884382455496,0.14534777023307
167773.411807,2621866.126422,0.0465798642948836,0.0744544287548139,0.0278745644599303,0.329543370621676,0.188336695397029,0.333211076471667
168273.411807,2621866.126422,0.059190031152648,0.0273043796958036,0,0.456661169140553,0.251786695986806,0.205057724024189
168773.411807,2621866.126422,0.0423930996513122,0.0585428518994311,0.000550559735731327,0.150669847678473,0.121123141860892,0.62672049917416
169273.411807,2621866.126422,0.0491472583898771,0.258023106546855,0,0.0878415551072804,0.167430772052081,0.437557307903906
169773.411807,2621866.126422,0.0670698185816383,0.388675096206707,0,0.021073850100788,0.0536925050393989,0.469488730071468
170273.411807,2621866.126422,0.0877225178931914,0.254175077995963,0.000183519911910442,0.0633143696091026,0.0913929161314003,0.503211598458433
170773.411807,2621866.126422,0.0210893086374473,0.502108930863745,0,0.00861910874747845,0.0207225380524482,0.447460113698881
171273.411807,2621866.126422,0.0320689023272861,0.544071834341213,0,0.0163093274693055,0.0212571009712296,0.386292834890966
171773.411807,2621866.126422,0.0458799779776106,0.260414755000918,0,0.0462470178014315,0.0581758120756102,0.58928243714443
172273.411807,2621866.126422,0.0441958554923895,0.32404181184669,0,0.0592334494773519,0.174216027874564,0.398312855309004
172773.411807,2621866.126422,0.0159428257284222,0.571925966648342,0,0.000549752611324904,0.0240058640278541,0.387575590984057
173273.411807,2621866.126422,0.0158608828587808,0.574813682400153,0,0,0.0120389833747372,0.397286451366329
165773.411807,2621366.126422,0.0385321100917431,0.0981651376146789,0.610091743119266,0.0667889908256881,0.026605504587156,0.159816513761468
166273.411807,2621366.126422,0.00330214639515685,0.165841130067877,0.4736745551275,0.0766831773986425,0.0339387268391121,0.246560264171712
166773.411807,2621366.126422,0.00604395604395604,0.0778388278388278,0.618864468864469,0.107326007326007,0.0346153846153846,0.155311355311355
167273.411807,2621366.126422,0.0289908256880734,0.0579816513761468,0.0658715596330275,0.0829357798165138,0.106788990825688,0.657431192660551
167773.411807,2621366.126422,0.0284351495138507,0.129517519721152,0.25958539717483,0.090442120711796,0.0741148413135205,0.417904971564851
168273.411807,2621366.126422,0.0727106227106227,0.0813186813186813,0,0.0503663003663004,0.0673992673992674,0.728205128205128
168773.411807,2621366.126422,0.053394495412844,0.340733944954128,0,0.0148623853211009,0.0335779816513761,0.55743119266055
169273.411807,2621366.126422,0.138506696019079,0.125114657860943,0,0.0539350577875619,0.172445422858191,0.509998165474225
169773.411807,2621366.126422,0.0838827838827839,0.156593406593407,0.000366300366300366,0.0399267399267399,0.118864468864469,0.6003663003663
170273.411807,2621366.126422,0.112293577981651,0.244587155963303,0,0.00385321100917431,0.0502752293577982,0.588990825688073
170773.411807,2621366.126422,0.0401761144744084,0.362135388002201,0,0.00752155567785727,0.0454962392221611,0.544670702623372
171273.411807,2621366.126422,0.0653846153846154,0.466849816849817,0,0.0183150183150183,0.0419413919413919,0.407509157509158
171773.411807,2621366.126422,0.10605504587156,0.359816513761468,0,0,0.00605504587155963,0.528073394495413
172273.411807,2621366.126422,0.0887910475142176,0.269858741515318,0,0.0363236103467254,0.136488717666483,0.468537882957256
172773.411807,2621366.126422,0.0445054945054945,0.40989010989011,0,0.00567765567765568,0.0298534798534799,0.51007326007326
173273.411807,2621366.126422,0.0282766526557126,0.493312953763852,0,0.000382116927779901,0.0494841421474971,0.428544134505159
165273.411807,2620866.126422,0.193802713604694,0.0632563256325633,0.294279427942794,0.255042170883755,0.0144847818115145,0.179134580124679
165773.411807,2620866.126422,0.00293040293040293,0.0708791208791209,0.258608058608059,0.0371794871794872,0.0344322344322344,0.595970695970696
166273.411807,2620866.126422,0,0.163553113553114,0.561172161172161,0.0752747252747253,0.0586080586080586,0.141391941391941
166773.411807,2620866.126422,0.0392372570590392,0.0573890722405574,0.113861386138614,0.0947928126145948,0.0891089108910891,0.605610561056106
167273.411807,2620866.126422,0.058974358974359,0.0492673992673993,0.0571428571428571,0.0626373626373626,0.119047619047619,0.652930402930403
167773.411807,2620866.126422,0.0531135531135531,0.10970695970696,0.231501831501832,0.0716117216117216,0.0644688644688645,0.46959706959707
168273.411807,2620866.126422,0.0401540154015402,0.132196552988632,0.0595892922625596,0.0861752841950862,0.120645397873121,0.561239457279061
168773.411807,2620866.126422,0.0884615384615385,0.128937728937729,0,0.026007326007326,0.0452380952380952,0.711355311355311
169273.411807,2620866.126422,0.0813186813186813,0.277106227106227,0,0.0457875457875458,0.122710622710623,0.473076923076923
169773.411807,2620866.126422,0.173083975064173,0.296296296296296,0,0.00128346167950128,0.0113678034470114,0.517968463513018
170273.411807,2620866.126422,0.138461538461538,0.200915750915751,0,0.00201465201465201,0.0106227106227106,0.647985347985348
170773.411807,2620866.126422,0.0747252747252747,0.211904761904762,0,0.0664835164835165,0.0948717948717949,0.552014652014652
171273.411807,2620866.126422,0.125595892922626,0.163733039970664,0.00696736340300697,0.0836083608360836,0.195086175284195,0.425009167583425
171773.411807,2620866.126422,0.158241758241758,0.355311355311355,0,0.0274725274725275,0.121794871794872,0.337179487179487
172273.411807,2620866.126422,0.0754578754578755,0.300915750915751,0,0.0981684981684982,0.179120879120879,0.346336996336996
172773.411807,2620866.126422,0.171983865053172,0.136963696369637,0,0.0795746241290796,0.254125412541254,0.357352401906857
173273.411807,2620866.126422,0.0738267836703548,0.465280427317818,0,0.00724914154902709,0.0984357115604731,0.355207935902327
165273.411807,2620366.126422,0.160894264247755,0.231629100238226,0.00549752611324904,0.0379329301814184,0.0553417628733736,0.508704416345978
165773.411807,2620366.126422,0.00293631859056708,0.280785465222977,0.012846393833731,0.0935951550743256,0.103321710405579,0.506514956872821
166273.411807,2620366.126422,0.0152209792774619,0.0973775903172566,0.490188886851275,0.0636346964973409,0.037593984962406,0.29598386209426
166773.411807,2620366.126422,0.0725673446948873,0.0229063588052043,0,0.0698185816382628,0.121678577973245,0.7130291368884
167273.411807,2620366.126422,0.0978161130482657,0.0277115066984768,0,0.10790970820334,0.130482657368324,0.636080014681593
167773.411807,2620366.126422,0.0801393728222996,0.18796992481203,0.00843572345497891,0.0097194205024757,0.0623509994498441,0.651384558958372
168273.411807,2620366.126422,0.103536741799524,0.111966281839839,0.0320689023272861,0.0377496793109767,0.0907091808686091,0.623969213853766
168773.411807,2620366.126422,0.129565057808772,0.0682694072306845,0.0328500642319692,0.0238575885483575,0.082583960359699,0.662873921820518
169273.411807,2620366.126422,0.0911424903722722,0.187603154227031,0.0333761232349166,0.0342930496974143,0.102328993214744,0.551256189253622
169773.411807,2620366.126422,0.051126992853216,0.197177936595199,0.0397654388858347,0.0113615539673813,0.12442734102987,0.576140736668499
170273.411807,2620366.126422,0.123141860891907,0.202055423013397,0.0258763075793724,0.0299137456414021,0.0675353275830428,0.551477335290879
170773.411807,2620366.126422,0.10819732257473,0.190170548322025,0,0.0126535851824684,0.0960938932697598,0.592884650651018
171273.411807,2620366.126422,0.0828293934396188,0.129191863661352,0,0.0137438152831226,0.0613890415979476,0.712845886017959
171773.411807,2620366.126422,0.028629106258029,0.577537162782162,0,0.0121123141860892,0.0390897412369242,0.342631675536796
172273.411807,2620366.126422,0.0280579497524299,0.272510544654319,0,0.097194205024757,0.144874381074638,0.457362919493857
172773.411807,2620366.126422,0.0960234561114165,0.225948323254535,0,0.0769653655854865,0.185449880886934,0.415612974161627
173273.411807,2620366.126422,0.122109688515192,0.293139690426142,0,0.0171985476781961,0.0703229505064017,0.497229122874068
164773.411807,2619866.126422,0.335534764263438,0.087873784626674,0,0.0266006237387635,0.0559530361401578,0.494037791230967
165273.411807,2619866.126422,0.0146520146520147,0.321062271062271,0,0.0159340659340659,0.0263736263736264,0.621978021978022
165773.411807,2619866.126422,0.00477064220183486,0.370642201834862,0,0.0611009174311927,0.0440366972477064,0.519449541284404
166273.411807,2619866.126422,0.00458631443771785,0.113557145477894,0.15685195376995,0.101999633094845,0.0717299578059072,0.551274995413686
166773.411807,2619866.126422,0.0710622710622711,0.145604395604396,0,0.0728937728937729,0.0631868131868132,0.647252747252747
167273.411807,2619866.126422,0.121467889908257,0.0352293577981651,0.0036697247706422,0.133577981651376,0.177064220183486,0.528990825688073
167773.411807,2619866.126422,0.0363236103467254,0.467253714914695,0.001284168042561,0.00678774536782242,0.0317372959090075,0.456613465419189
168273.411807,2619866.126422,0.0565934065934066,0.199084249084249,0,0.00457875457875458,0.0428571428571429,0.696886446886447
168773.411807,2619866.126422,0.0904587155963303,0.249357798165138,0,0.0434862385321101,0.0677064220183486,0.548990825688073
169273.411807,2619866.126422,0.0990643918547056,0.248027884791781,0,0.0238488350761328,0.0785177031737296,0.550541185103651
169773.411807,2619866.126422,0.126556776556777,0.106593406593407,0,0.0844322344322344,0.192124542124542,0.49029304029304
170273.411807,2619866.126422,0.0711926605504587,0.313211009174312,0.00275229357798165,0.0537614678899083,0.0777981651376147,0.481284403669725
170773.411807,2619866.126422,0.089157952669235,0.222711429095579,0.000366905155017428,0.0497156485048615,0.17831590533847,0.459732159236837
171273.411807,2619866.126422,0.0860805860805861,0.416849816849817,0,0.0318681318681319,0.0879120879120879,0.377289377289377
171773.411807,2619866.126422,0.0752293577981651,0.294495412844037,0,0.0647706422018349,0.242385321100917,0.323119266055046
172273.411807,2619866.126422,0.0533847000550358,0.352228948816731,0,0.0475142175747569,0.147679324894515,0.399192808658962
172773.411807,2619866.126422,0.0507326007326007,0.469047619047619,0,0.00476190476190476,0.0717948717948718,0.403663003663004
173273.411807,2619866.126422,0.104126862820023,0.254107756973634,0,0.084447841039358,0.167367214367596,0.389950324799389
164773.411807,2619366.126422,0.101831501831502,0.283882783882784,0,0.00659340659340659,0.0326007326007326,0.575091575091575
165273.411807,2619366.126422,0.0148514851485149,0.383938393839384,0,0.0165016501650165,0.0520718738540521,0.532636596993033
165773.411807,2619366.126422,0.0108058608058608,0.425091575091575,0,0.0641025641025641,0.0893772893772894,0.410622710622711
166273.411807,2619366.126422,0.0375457875457875,0.178021978021978,0,0.158424908424908,0.165750915750916,0.46025641025641
166773.411807,2619366.126422,0.0744407774110744,0.115694902823616,0.0568390172350568,0.153281994866153,0.143014301430143,0.456729006233957
167273.411807,2619366.126422,0.0470695970695971,0.212637362637363,0.0108058608058608,0.032967032967033,0.0950549450549451,0.601465201465201
167773.411807,2619366.126422,0.0437728937728938,0.408608058608059,0,0.0340659340659341,0.0543956043956044,0.459157509157509
168273.411807,2619366.126422,0.0522552255225523,0.289328932893289,0,0.0121012101210121,0.0359369270260359,0.61037770443711
168773.411807,2619366.126422,0.0928571428571429,0.210805860805861,0.000732600732600733,0.0842490842490843,0.168498168498169,0.442857142857143
169273.411807,2619366.126422,0.0534798534798535,0.285897435897436,0,0.0021978021978022,0.03003663003663,0.628388278388278
169773.411807,2619366.126422,0.015034836817015,0.369453612027869,0,0.0368536853685369,0.0759075907590759,0.502750275027503
170273.411807,2619366.126422,0.0932234432234432,0.289010989010989,0,0.00805860805860806,0.0234432234432234,0.586263736263736
170773.411807,2619366.126422,0.0529304029304029,0.312271062271062,0.000183150183150183,0.0250915750915751,0.15018315018315,0.459340659340659
171273.411807,2619366.126422,0.00366703337000367,0.715071507150715,0,0,0.0561056105610561,0.225155848918225
171773.411807,2619366.126422,0.0919413919413919,0.341208791208791,0,0.0716117216117216,0.180952380952381,0.314285714285714
172273.411807,2619366.126422,0.0335164835164835,0.676007326007326,0,0.00567765567765568,0.0943223443223443,0.19047619047619
172773.411807,2619366.126422,0.0388705537220389,0.598093142647598,0,0.0372203887055372,0.0526219288595526,0.273193986065273
173273.411807,2619366.126422,0.0951926745516978,0.272224341854254,0,0.0221289584128195,0.07268218237314,0.537771842808089
164273.411807,2618866.126422,0.154340245916682,0.145714810056891,0.166452560102771,0.0451458983299688,0.0216553496054322,0.466691135988255
164773.411807,2618866.126422,0.00183385292499542,0.38400880249404,0.157344580964607,0.0102695763799743,0.0408949202273978,0.405648267008986
165273.411807,2618866.126422,0.00842954004031519,0.336448598130841,0.0256551218618288,0.0353674179952355,0.0703683342495877,0.523730987722192
165773.411807,2618866.126422,0.049366856303909,0.17416039640301,0,0.155441365388145,0.136722334373279,0.484309047531657
166273.411807,2618866.126422,0.0346598202824134,0.0341096644049147,0,0.386392811296534,0.289565376856776,0.255272327159362
166773.411807,2618866.126422,0.0355506688656771,0.463807953087777,0,0.011544804837823,0.0262048744731537,0.462891698735569
167273.411807,2618866.126422,0.090475316571848,0.20315654248486,0.106074509084236,0.0480822169205359,0.0948797944576987,0.457331620480822
167773.411807,2618866.126422,0.0797726022373006,0.335228314689162,0,0.0445626260773886,0.0605171465248487,0.4799193104713
168273.411807,2618866.126422,0.0831958951805021,0.218435037566428,0,0.0458127176104087,0.113982041414697,0.538574308227964
168773.411807,2618866.126422,0.0313819049366856,0.399522848229033,0,0,0.0216553496054322,0.547439897228849
169273.411807,2618866.126422,0.0282413350449294,0.306620209059233,0,0.0403447643498991,0.114432422519714,0.510361269026224
169773.411807,2618866.126422,0.0359171706065604,0.443833608209639,0,0.0370166758292102,0.109400769653656,0.373831775700935
170273.411807,2618866.126422,0.0614791704899982,0.293448339144797,0.0702881262616994,0.127729858689668,0.0835015599192512,0.363552945494586
170773.411807,2618866.126422,0.0652851641298368,0.234183018521915,0,0.066018705299835,0.112598569594719,0.521914542453695
171273.411807,2618866.126422,0.0128275609309144,0.539673813450614,0,0.0425142019424592,0.115081546637347,0.289902877038666
171773.411807,2618866.126422,0.0669847678473114,0.655166085520279,0.00110111947146265,0.0137639933932832,0.0807487612405946,0.182235272527069
172273.411807,2618866.126422,0.0115532734274711,0.725838987713185,0,0.0258573262424354,0.0665688611773336,0.170181551439575
172773.411807,2618866.126422,0.218801539307312,0.525013743815283,0,0.0183250870441635,0.0298698918819864,0.207989737951255
173273.411807,2618866.126422,0.0292375310529333,0.650296197210013,0,0.00191094974202178,0.0305751958723486,0.287980126122683
164273.411807,2618366.126422,0.0774311926605505,0.0755963302752294,0,0.0880733944954128,0.106605504587156,0.652293577981651
164773.411807,2618366.126422,0.00623738763529628,0.100715465052284,0.288020546688681,0.0576041093377362,0.094294624839479,0.453127866446524
165273.411807,2618366.126422,0.0155677655677656,0.152747252747253,0.0957875457875458,0.0598901098901099,0.0956043956043956,0.58040293040293
165773.411807,2618366.126422,0.0198165137614679,0.28,0,0.0269724770642202,0.0488073394495413,0.624403669724771
166273.411807,2618366.126422,0.0491652907723353,0.325995230232985,0,0.00825536598789213,0.0742982938910292,0.542285819115759
166773.411807,2618366.126422,0.0423076923076923,0.362820512820513,0,0.0626373626373626,0.0681318681318681,0.464102564102564
167273.411807,2618366.126422,0.0737614678899083,0.570825688073395,0,0.00036697247706422,0.0256880733944954,0.329357798165138
167773.411807,2618366.126422,0.0970464135021097,0.319207484865162,0.00165107319757843,0.00311869381764814,0.0326545587965511,0.54632177582095
168273.411807,2618366.126422,0.114652014652015,0.18040293040293,0.0108058608058608,0.0813186813186813,0.151465201465201,0.461355311355311
168773.411807,2618366.126422,0.0453211009174312,0.41743119266055,0,0.00825688073394495,0.0530275229357798,0.475963302752294
169273.411807,2618366.126422,0.067327095945698,0.228581911575858,0,0.0983305815446707,0.150798018712163,0.454962392221611
169773.411807,2618366.126422,0.0697802197802198,0.141758241758242,0,0.0919413919413919,0.228571428571429,0.467948717948718
170273.411807,2618366.126422,0.0455045871559633,0.308990825688073,0.00201834862385321,0.0141284403669725,0.0889908256880734,0.540366972477064
170773.411807,2618366.126422,0.0746651990460466,0.231884057971014,0.00770500825536599,0.0348559897266557,0.120528343423225,0.530361401577692
171273.411807,2618366.126422,0.0263736263736264,0.501465201465201,0.0100732600732601,0.0252747252747253,0.0884615384615385,0.348351648351648
