"x","y","forest","agri","water","built","other","grass"
160773.411807,2571866.126422,0.0435897435897436,0.188095238095238,0.0401098901098901,0.129304029304029,0.165384615384615,0.433516483516484
161273.411807,2571866.126422,0.0500917431192661,0.166422018348624,0.104587155963303,0.0880733944954128,0.132293577981651,0.458532110091743
161773.411807,2571866.126422,0.0280682443588332,0.154833975417355,0.12272977435333,0.0559530361401578,0.0974133186571271,0.541001651073198
162273.411807,2571866.126422,0.0131868131868132,0.354761904761905,0.000732600732600733,0.0164835164835165,0.0362637362637363,0.578571428571429
162773.411807,2571866.126422,0.031743119266055,0.531743119266055,0,0.0403669724770642,0.0411009174311927,0.355045871559633
163273.411807,2571866.126422,0.0352228948816731,0.299027701339204,0.00183452577508714,0.0370574206567602,0.0728306732709595,0.554026784076316
163773.411807,2571866.126422,0.0736263736263736,0.0831501831501831,0,0.25989010989011,0.252197802197802,0.331135531135531
164273.411807,2571866.126422,0.0532110091743119,0.253211009174312,0,0.0552293577981651,0.0812844036697248,0.557064220183486
164773.411807,2571866.126422,0.0425609979820216,0.17978352595854,0.0390753990093561,0.0722803155384333,0.139974316639149,0.5263254448725
165273.411807,2571866.126422,0.0106227106227106,0.358974358974359,0.0846153846153846,0.054029304029304,0.0796703296703297,0.412087912087912
165773.411807,2571866.126422,0.0225688073394495,0.345137614678899,0.00073394495412844,0.0559633027522936,0.0313761467889908,0.544220183486239
166273.411807,2571866.126422,0.130067877453678,0.151348376444689,0.0300862227114291,0.0574206567602275,0.0798018712162906,0.551274995413686
166773.411807,2571866.126422,0.0152014652014652,0.102564102564103,0.343406593406593,0.109157509157509,0.168131868131868,0.261538461538462
167273.411807,2571866.126422,0.083302752293578,0.117247706422018,0.0893577981651376,0.140366972477064,0.132477064220183,0.437247706422018
167773.411807,2571866.126422,0.159420289855072,0.146028251696936,0.0143093010456797,0.0546688680975968,0.0601724454228582,0.565400843881857
168273.411807,2571866.126422,0.0315018315018315,0.163736263736264,0.000183150183150183,0.102747252747253,0.0732600732600733,0.628571428571429
168773.411807,2571866.126422,0.0355963302752294,0.232110091743119,0.000917431192660551,0.123669724770642,0.0629357798165138,0.544770642201835
169273.411807,2571866.126422,0.0100898917629793,0.144744083654375,0.0876903320491653,0.330764997248211,0.159603742432581,0.267106952852688
169773.411807,2571866.126422,0.00641025641025641,0.461721611721612,0.0772893772893773,0.135531135531136,0.0307692307692308,0.288278388278388
170273.411807,2571866.126422,0.0163302752293578,0.0888073394495413,0.385321100917431,0.114862385321101,0.109357798165138,0.285321100917431
170773.411807,2571866.126422,0.0201797835259585,0.187121629058888,0.280315538433315,0.0587048248027885,0.180333883691066,0.273344340487984
171273.411807,2571866.126422,0.03003663003663,0.392673992673993,0.00238095238095238,0.0510989010989011,0.0159340659340659,0.507875457875458
171773.411807,2571866.126422,0.0198165137614679,0.449724770642202,0.00018348623853211,0.00587155963302752,0.0631192660550459,0.461284403669725
172273.411807,2571866.126422,0.00495321959273528,0.596771234635847,0,0.0100898917629793,0.0370574206567602,0.351128233351679
172773.411807,2571866.126422,0.0139194139194139,0.626007326007326,0.0141025641025641,0.00347985347985348,0.0119047619047619,0.330586080586081
160773.411807,2571366.126422,0.077007700770077,0.18995232856619,0,0.152548588192153,0.176567656765677,0.403923725705904
161273.411807,2571366.126422,0.0679487179487179,0.100915750915751,0.021978021978022,0.232600732600733,0.150732600732601,0.425824175824176
161773.411807,2571366.126422,0.116483516483516,0.104578754578755,0.00146520146520147,0.217216117216117,0.236630036630037,0.323626373626374
162273.411807,2571366.126422,0.0528052805280528,0.254675467546755,0,0.0432709937660433,0.122662266226623,0.526585991932527
162773.411807,2571366.126422,0.0366300366300366,0.265750915750916,0,0.00311355311355311,0.08003663003663,0.614468864468865
163273.411807,2571366.126422,0.0847985347985348,0.244871794871795,0,0.00824175824175824,0.0661172161172161,0.595970695970696
163773.411807,2571366.126422,0.0484048404840484,0.0870920425375871,0,0.253575357535754,0.205353868720205,0.405573890722406
164273.411807,2571366.126422,0.0794871794871795,0.108608058608059,0,0.183699633699634,0.196886446886447,0.431318681318681
164773.411807,2571366.126422,0.0901098901098901,0.212087912087912,0,0.076007326007326,0.112087912087912,0.50970695970696
165273.411807,2571366.126422,0.0473047304730473,0.329482948294829,0,0.0817748441510818,0.108910891089109,0.432526585991932
165773.411807,2571366.126422,0.0402930402930403,0.36996336996337,0,0.0485347985347985,0.06996336996337,0.471245421245421
166273.411807,2571366.126422,0.0575091575091575,0.198901098901099,0.0684981684981685,0.0274725274725275,0.0913919413919414,0.556227106227106
166773.411807,2571366.126422,0.165199853318665,0.0348368170150348,0.0799413274660799,0.172350568390172,0.166483314998166,0.381188118811881
167273.411807,2571366.126422,0.0487179487179487,0.056043956043956,0.00347985347985348,0.512820512820513,0.12985347985348,0.249084249084249
167773.411807,2571366.126422,0.0547619047619048,0.162820512820513,0.285164835164835,0.125641025641026,0.078021978021978,0.293589743589744
168273.411807,2571366.126422,0.0836083608360836,0.214338100476714,0.0245691235790246,0.151815181518152,0.139163916391639,0.386505317198386
168773.411807,2571366.126422,0.0375457875457875,0.234249084249084,0.0322344322344322,0.0708791208791209,0.0750915750915751,0.55
169273.411807,2571366.126422,0.0282051282051282,0.0932234432234432,0.103296703296703,0.26978021978022,0.182967032967033,0.322527472527473
169773.411807,2571366.126422,0.013017968463513,0.421525485881922,0.0638063806380638,0.286762009534287,0.0374037403740374,0.177484415108177
170273.411807,2571366.126422,0.0139194139194139,0.352380952380952,0.0212454212454212,0.162271062271062,0.0772893772893773,0.372893772893773
170773.411807,2571366.126422,0.01996336996337,0.158974358974359,0.156410256410256,0.14047619047619,0.0714285714285714,0.452747252747253
171273.411807,2571366.126422,0.0262192885955262,0.236707004033737,0.0564723138980565,0.105427209387605,0.0874587458745875,0.487715438210488
171773.411807,2571366.126422,0.0304029304029304,0.181684981684982,0.0978021978021978,0.102014652014652,0.0804029304029304,0.507692307692308
172273.411807,2571366.126422,0.0223443223443223,0.229304029304029,0.127106227106227,0.0749084249084249,0.107692307692308,0.438644688644689
172773.411807,2571366.126422,0.0451045104510451,0.187385405207187,0.0474880821415475,0.152365236523652,0.0927759442610928,0.474880821415475
160773.411807,2570866.126422,0.00678028220634048,0.641194795675279,0,0.00238226131574125,0.0337181601612608,0.315924500641378
161273.411807,2570866.126422,0.00899247568361167,0.479354009910075,0,0.0879060378051019,0.0950633143696091,0.328684162231602
161773.411807,2570866.126422,0.0291582615074271,0.436273610856409,0,0.011186502842472,0.0849073904272877,0.438474234366404
162273.411807,2570866.126422,0.0104452996151732,0.494044346710647,0,0.00238226131574125,0.0284038849184534,0.464724207439985
162773.411807,2570866.126422,0.0247751881079097,0.350890071572766,0.00532207744540283,0.012846393833731,0.0649660488162966,0.541200220223894
163273.411807,2570866.126422,0.0449293966623877,0.180817898404548,0.0465798642948836,0.0797726022373006,0.0702365670273244,0.577663671373556
163773.411807,2570866.126422,0.0692688290269379,0.12222833058457,0.159794759025105,0.0888766721641928,0.10207073483599,0.457760674363203
164273.411807,2570866.126422,0.0757937236190127,0.123141860891907,0.153973206092861,0.089190677188475,0.0913929161314003,0.466507616076344
164773.411807,2570866.126422,0.0687694846873281,0.213093709884467,0.0223730056849441,0.0363102879149092,0.0539152759948652,0.605538235833486
165273.411807,2570866.126422,0.0934579439252336,0.193329668315924,0,0.179219351291919,0.18948140003665,0.344511636430273
165773.411807,2570866.126422,0.0890071572765645,0.0189025509267756,0.00844191594788034,0.427784914663241,0.253991558084052,0.201871903101487
166273.411807,2570866.126422,0.0594168347698515,0.0141206675224647,0,0.541903539336145,0.248670456629378,0.13588850174216
166773.411807,2570866.126422,0.102803738317757,0.167857797324537,0,0.194612424409016,0.0925416895730255,0.442184350375664
167273.411807,2570866.126422,0.0332171040557901,0.0688199669664159,0.00715727656450725,0.57680308313452,0.156726004771518,0.157276564507249
167773.411807,2570866.126422,0.153310104529617,0.0944434256372639,0.00513478818998716,0.142490372272144,0.196589033559509,0.40803227581148
168273.411807,2570866.126422,0.0826461425691772,0.225581821513652,0.0042147700201576,0.121312076232362,0.1412864211105,0.424958768554151
168773.411807,2570866.126422,0.132134336575518,0.18682327032483,0.0187190310148651,0.0851532391264452,0.090475316571848,0.486694806386493
169273.411807,2570866.126422,0.0926095727122685,0.280946268109298,0,0.0370438290849074,0.0788556757748029,0.510544654318724
169773.411807,2570866.126422,0.085761407366685,0.143668682426242,0.0318856514568444,0.158512002932014,0.156862745098039,0.423309510720176
170273.411807,2570866.126422,0.034868783262984,0.177463754817398,0.0484492567443568,0.226830611121307,0.108460267939071,0.403927326114883
170773.411807,2570866.126422,0.0269576379974326,0.161929213277095,0.101778837337246,0.255088941866862,0.101595452044746,0.352649917476618
171273.411807,2570866.126422,0.0238226131574125,0.0679860729338464,0.290819131390874,0.210005497526113,0.0870441634597764,0.320322521531977
171773.411807,2570866.126422,0.00972655533125344,0.153055606533309,0.211047898697009,0.300605615709304,0.146999449440264,0.17856487428886
172273.411807,2570866.126422,0.0407115349348982,0.112598569594719,0.0632679259123418,0.225380524481937,0.180634513112048,0.377406931964057
172773.411807,2570866.126422,0.0395821880153931,0.16034451163643,0.0337181601612608,0.126259849734286,0.150998717243907,0.489096573208723
160773.411807,2570366.126422,0.00347985347985348,0.319047619047619,0.0972527472527473,0.0494505494505494,0.071978021978022,0.458791208791209
161273.411807,2570366.126422,0.0236697247706422,0.188990825688073,0.0423853211009174,0.0822018348623853,0.140733944954128,0.522018348623853
161773.411807,2570366.126422,0.0196294257934324,0.29095578792882,0.0183452577508714,0.0541185103650706,0.0599889928453495,0.556962025316456
162273.411807,2570366.126422,0.0203296703296703,0.183333333333333,0.306410256410256,0.0379120879120879,0.0994505494505494,0.352564102564103
162773.411807,2570366.126422,0.0122935779816514,0.0625688073394495,0.341834862385321,0.08,0.133761467889908,0.36954128440367
163273.411807,2570366.126422,0.0163272793982755,0.168226013575491,0.0508163639699138,0.120161438268208,0.0764997248211337,0.567969179966978
163773.411807,2570366.126422,0.026007326007326,0.20952380952381,0.00897435897435897,0.00842490842490842,0.0639194139194139,0.683150183150183
164273.411807,2570366.126422,0.0746788990825688,0.298348623853211,0.0234862385321101,0.00311926605504587,0.0759633027522936,0.524403669724771
164773.411807,2570366.126422,0.0554026784076316,0.110621904237755,0.246376811594203,0.00898917629792699,0.0445789763346175,0.534030453127866
165273.411807,2570366.126422,0.0166666666666667,0.720879120879121,0,0,0.0208791208791209,0.241575091575092
165773.411807,2570366.126422,0.0300917431192661,0.131009174311927,0,0.568807339449541,0.114862385321101,0.155229357798165
166273.411807,2570366.126422,0.0163272793982755,0.00752155567785727,0,0.849385433865346,0.115942028985507,0.0108237020730141
166773.411807,2570366.126422,0.082967032967033,0.0690476190476191,0,0.39981684981685,0.198534798534799,0.2496336996337
167273.411807,2570366.126422,0.038348623853211,0.136330275229358,0.0510091743119266,0.0922935779816514,0.0965137614678899,0.585504587155963
167773.411807,2570366.126422,0.0392588515868648,0.0823702073014126,0.0458631443771785,0.185837461016327,0.210053201247478,0.436617134470739
168273.411807,2570366.126422,0.0267399267399267,0.184798534798535,0.0620879120879121,0.0818681318681319,0.274908424908425,0.36959706959707
168773.411807,2570366.126422,0.0354128440366972,0.258899082568807,0.135963302752294,0.0618348623853211,0.12954128440367,0.378348623853211
169273.411807,2570366.126422,0.0176114474408365,0.341221794166208,0.0563199412951752,0.0383415886993212,0.0449458814896349,0.501559346908824
169773.411807,2570366.126422,0.0672161172161172,0.145238095238095,0.00860805860805861,0.0728937728937729,0.128388278388278,0.577655677655678
170273.411807,2570366.126422,0.0341284403669725,0.118715596330275,0,0.00532110091743119,0.023302752293578,0.818532110091743
170773.411807,2570366.126422,0.0484314804623005,0.152999449642267,0.014125848468171,0.167859108420473,0.107870115575124,0.508713997431664
171273.411807,2570366.126422,0.0747252747252747,0.133516483516484,0.121428571428571,0.122344322344322,0.112087912087912,0.435897435897436
171773.411807,2570366.126422,0.100366972477064,0.0932110091743119,0.0853211009174312,0.184770642201835,0.202201834862385,0.334128440366972
172273.411807,2570366.126422,0.0605393505778756,0.174463401210787,0,0.199046046596955,0.195743900201798,0.370207301412585
172773.411807,2570366.126422,0.0875457875457875,0.173809523809524,0,0.0851648351648352,0.0774725274725275,0.576007326007326
160773.411807,2569866.126422,0.0166850018335167,0.103410341034103,0.378254492115878,0.0311697836450312,0.0863586358635864,0.384121745507884
161273.411807,2569866.126422,0.0492673992673993,0.047985347985348,0.437545787545788,0.0302197802197802,0.0750915750915751,0.35989010989011
161773.411807,2569866.126422,0.0575091575091575,0.0487179487179487,0.267216117216117,0.154945054945055,0.137179487179487,0.334432234432234
162273.411807,2569866.126422,0.0454712137880455,0.0896589658965897,0.202236890355702,0.00916758342500917,0.0814081408140814,0.572057205720572
162773.411807,2569866.126422,0.0298534798534799,0.191025641025641,0.0915750915750916,0.0126373626373626,0.0402930402930403,0.634615384615385
163273.411807,2569866.126422,0.0188644688644689,0.265567765567766,0,0.00787545787545788,0.0307692307692308,0.676923076923077
163773.411807,2569866.126422,0.0537220388705537,0.288962229556289,0,0.00275027502750275,0.0436376971030436,0.610927759442611
164273.411807,2569866.126422,0.06996336996337,0.287179487179487,0,0.0100732600732601,0.073992673992674,0.558791208791209
164773.411807,2569866.126422,0.05,0.201098901098901,0.13956043956044,0.000732600732600733,0.0421245421245421,0.566483516483516
165273.411807,2569866.126422,0.0295196186285295,0.186835350201687,0.173267326732673,0.00403373670700403,0.0423542354235424,0.563989732306564
165773.411807,2569866.126422,0.0855311355311355,0.0727106227106227,0,0.372893772893773,0.232967032967033,0.235897435897436
166273.411807,2569866.126422,0.0652014652014652,0.0173992673992674,0,0.632600732600733,0.190659340659341,0.0941391941391941
166773.411807,2569866.126422,0.0601393472680601,0.109277594426109,0,0.241290795746241,0.16960029336267,0.41969196919692
167273.411807,2569866.126422,0.0532967032967033,0.498717948717949,0,0.0272893772893773,0.0620879120879121,0.358608058608059
167773.411807,2569866.126422,0.136630036630037,0.0998168498168498,0.03003663003663,0.0386446886446886,0.147802197802198,0.547069597069597
168273.411807,2569866.126422,0.0346534653465347,0.164833149981665,0.123028969563623,0.154748808214155,0.274294096076274,0.248441510817748
168773.411807,2569866.126422,0.00714285714285714,0.144505494505494,0.131684981684982,0.305860805860806,0.122710622710623,0.288095238095238
169273.411807,2569866.126422,0.0139194139194139,0.184981684981685,0.143956043956044,0.203296703296703,0.0697802197802198,0.384065934065934
169773.411807,2569866.126422,0.0137513751375138,0.13017968463513,0.0885588558855886,0.247891455812248,0.237440410707737,0.282178217821782
170273.411807,2569866.126422,0.0490842490842491,0.16007326007326,0.0626373626373626,0.0767399267399267,0.113003663003663,0.538461538461538
170773.411807,2569866.126422,0.0666666666666667,0.127289377289377,0.0489010989010989,0.0586080586080586,0.0752747252747253,0.623260073260073
171273.411807,2569866.126422,0.0106343967730106,0.292445911257792,0,0.0253025302530253,0.0341034103410341,0.637513751375138
171773.411807,2569866.126422,0.0358974358974359,0.138644688644689,0.169413919413919,0.171428571428571,0.151831501831502,0.332783882783883
172273.411807,2569866.126422,0.0641025641025641,0.093040293040293,0.127289377289377,0.19010989010989,0.134249084249084,0.391208791208791
172773.411807,2569866.126422,0.127429409607627,0.142830949761643,0,0.161532819948662,0.131279794646131,0.436927026035937
160773.411807,2569366.126422,0.00824628916987356,0.109584020524097,0.167308044713212,0.00329851566794942,0.0641378046545721,0.647425325270295
161273.411807,2569366.126422,0.0345017434391632,0.22389429253074,0.105890989172325,0.015782712424298,0.0357863828225362,0.584143879610938
161773.411807,2569366.126422,0.0594168347698515,0.339629561709151,0.0678525582248304,0.0196222262974509,0.0478635613423803,0.465615257656336
162273.411807,2569366.126422,0.013560564412681,0.374198277441818,0,0.00128275609309144,0.00989554700384827,0.601062855048561
162773.411807,2569366.126422,0.0291796659937603,0.173059276931547,0,0.0321159845843274,0.0576252523398789,0.708019820150486
163273.411807,2569366.126422,0.0518980377773703,0.162846139739593,0,0.138822666422153,0.136988813497158,0.509444342563726
163773.411807,2569366.126422,0.0731170973062122,0.0985889682975994,0,0.173905076049111,0.181418361737218,0.472970496609859
164273.411807,2569366.126422,0.0578087722517893,0.184070471646174,0,0.084235639566893,0.123141860891907,0.550743255643237
164773.411807,2569366.126422,0.0922428021272694,0.324225197139189,0,0.0144874381074638,0.0458463231248854,0.523198239501192
165273.411807,2569366.126422,0.0896096756459593,0.18050210738501,0.116364302730438,0.0734835990470955,0.0984057174271578,0.441634597764339
165773.411807,2569366.126422,0.139108093228115,0.279867865663424,0.0427601394751331,0.0620297302257295,0.0570746926041475,0.41915947880345
166273.411807,2569366.126422,0.0476801760498808,0.242985512561893,0.0121034293049697,0.346964973409133,0.0959105079772602,0.254355400696864
166773.411807,2569366.126422,0.066703316840755,0.127359354956936,0,0.291368884002199,0.186366135239142,0.328202308960968
167273.411807,2569366.126422,0.0623967700495504,0.357863828225362,0.00238575885483575,0.0403743806202973,0.0959809139291613,0.440998348320793
167773.411807,2569366.126422,0.0891252521547772,0.114615807812213,0.00990280579497524,0.154043645699615,0.164496607372089,0.46781588116633
168273.411807,2569366.126422,0.0377496793109767,0.114715044896463,0.0692688290269379,0.175554333883086,0.243723657687374,0.358988455195162
168773.411807,2569366.126422,0.00422095797394017,0.134703615342265,0.163149201688383,0.432739952284823,0.179115434024592,0.0860708386859974
169273.411807,2569366.126422,0.0113698881349716,0.130020172382175,0.177883733724555,0.173115716119567,0.130020172382175,0.377590317256556
169773.411807,2569366.126422,0.0240058640278541,0.144218435037566,0.193329668315924,0.0610225398570643,0.165475536008796,0.411947956752795
170273.411807,2569366.126422,0.100018351991191,0.0785465222976693,0.19489814644889,0.0968985134887135,0.141493852082951,0.388144613690585
170773.411807,2569366.126422,0.055198973042362,0.097194205024757,0.193104713002017,0.0918760315422703,0.124335228314689,0.438290849073904
171273.411807,2569366.126422,0.0467289719626168,0.108118013560564,0.183800623052959,0.0852116547553601,0.100604727872457,0.475536008796042
171773.411807,2569366.126422,0.0216553496054322,0.354376949899064,0,0.0266103872270141,0.0183519911910442,0.579005322077445
172273.411807,2569366.126422,0.0216394645149459,0.302769117916743,0,0.0397946084724005,0.0724371905373189,0.563359618558592
172773.411807,2569366.126422,0.013560564412681,0.433021806853583,0,0.049660985889683,0.0727505955653289,0.431006047278725
160773.411807,2568866.126422,0.026007326007326,0.272893772893773,0,0,0.00970695970695971,0.691391941391941
161273.411807,2568866.126422,0.0544954128440367,0.180366972477064,0.0473394495412844,0.0442201834862385,0.0420183486238532,0.631559633027523
161773.411807,2568866.126422,0.0539350577875619,0.332966428178316,0.00550357732526142,0.0383415886993212,0.0783342505962209,0.490919097413319
162273.411807,2568866.126422,0.0144688644688645,0.492490842490843,0,0.00476190476190476,0.0380952380952381,0.45018315018315
162773.411807,2568866.126422,0.0627522935779816,0.244220183486239,0,0.0497247706422018,0.0486238532110092,0.594678899082569
163273.411807,2568866.126422,0.0559530361401578,0.124931205283434,0.0442120711796001,0.210420106402495,0.179233168226014,0.385250412768299
163773.411807,2568866.126422,0.0688644688644689,0.170695970695971,0.00293040293040293,0.148168498168498,0.164468864468864,0.444871794871795
164273.411807,2568866.126422,0.0858715596330275,0.08,0,0.24954128440367,0.230825688073394,0.353761467889908
164773.411807,2568866.126422,0.0581544670702623,0.213538800220143,0.000183452577508714,0.303614015776922,0.197945331131902,0.226563933223262
165273.411807,2568866.126422,0.0531135531135531,0.49981684981685,0,0.00970695970695971,0.0463369963369963,0.391025641025641
165773.411807,2568866.126422,0.044954128440367,0.27045871559633,0.158348623853211,0.0218348623853211,0.0381651376146789,0.466238532110092
166273.411807,2568866.126422,0.0326545587965511,0.552192258301229,0,0.0566868464501926,0.0377912309667951,0.320675105485232
166773.411807,2568866.126422,0.0412087912087912,0.331501831501831,0.010989010989011,0.0384615384615385,0.0457875457875458,0.532051282051282
167273.411807,2568866.126422,0.0172477064220183,0.569908256880734,0,0.0185321100917431,0.0306422018348624,0.363669724770642
167773.411807,2568866.126422,0.0453127866446524,0.455879655109154,0,0.032104201064025,0.0515501742799486,0.41515318290222
168273.411807,2568866.126422,0.0291208791208791,0.0417582417582418,0.0606227106227106,0.377655677655678,0.26025641025641,0.230586080586081
168773.411807,2568866.126422,0.0535779816513761,0.112844036697248,0.190275229357798,0.185321100917431,0.144587155963303,0.313394495412844
169273.411807,2568866.126422,0.000550357732526142,0.147312419739497,0.219409282700422,0.107319757842598,0.148596587782058,0.376811594202899
169773.411807,2568866.126422,0.0445054945054945,0.0441391941391941,0.15952380952381,0.202747252747253,0.266849816849817,0.282234432234432
170273.411807,2568866.126422,0.0622018348623853,0.117247706422018,0.196880733944954,0.174862385321101,0.216330275229358,0.232477064220183
170773.411807,2568866.126422,0.144560631076867,0.0654925701706109,0.105301779490002,0.108603925885159,0.128049899101082,0.44799119427628
171273.411807,2568866.126422,0.0445054945054945,0.135347985347985,0.328021978021978,0.143406593406593,0.124725274725275,0.223992673992674
171773.411807,2568866.126422,0.125321100917431,0.0820183486238532,0.0144954128440367,0.128990825688073,0.154678899082569,0.494495412844037
172273.411807,2568866.126422,0.130618235186204,0.197211520821868,0,0.0761328196661163,0.0798018712162906,0.516235553109521
172773.411807,2568866.126422,0.0269230769230769,0.406227106227106,0,0.0241758241758242,0.0873626373626374,0.455311355311355
160773.411807,2568366.126422,0.0667400073340667,0.264576457645765,0,0.024019068573524,0.0856252291895856,0.559039237257059
161273.411807,2568366.126422,0.0327838827838828,0.314468864468864,0,0.0582417582417582,0.0624542124542125,0.532051282051282
161773.411807,2568366.126422,0.0791208791208791,0.0723443223443224,0,0.281684981684982,0.294688644688645,0.272161172161172
162273.411807,2568366.126422,0.0597726439310598,0.447194719471947,0,0.015951595159516,0.0273193986065273,0.44976164283095
162773.411807,2568366.126422,0.0604395604395604,0.273809523809524,0,0.000183150183150183,0.00952380952380952,0.656043956043956
163273.411807,2568366.126422,0.0163003663003663,0.164468864468864,0.0412087912087912,0.0652014652014652,0.0990842490842491,0.613736263736264
163773.411807,2568366.126422,0.0181518151815182,0.234323432343234,0.106160616061606,0.197103043637697,0.0979097909790979,0.346351301796846
164273.411807,2568366.126422,0.0642857142857143,0.486630036630037,0,0.0573260073260073,0.0695970695970696,0.322161172161172
164773.411807,2568366.126422,0.0571428571428571,0.535531135531136,0,0.0736263736263736,0.0661172161172161,0.267582417582418
165273.411807,2568366.126422,0.0196186285295196,0.628712871287129,0,0.0628896222955629,0.017968463513018,0.270810414374771
165773.411807,2568366.126422,0.0289377289377289,0.194139194139194,0.226373626373626,0.000549450549450549,0.0243589743589744,0.525641025641026
166273.411807,2568366.126422,0.0249084249084249,0.516117216117216,0,0.0137362637362637,0.0186813186813187,0.426556776556777
166773.411807,2568366.126422,0.0557389072240557,0.283278327832783,0,0.0306197286395306,0.0751741840850752,0.555188852218555
167273.411807,2568366.126422,0.0461538461538462,0.439194139194139,0,0.0113553113553114,0.0164835164835165,0.486813186813187
167773.411807,2568366.126422,0.0324175824175824,0.154945054945055,0.152197802197802,0.232783882783883,0.185164835164835,0.242490842490842
168273.411807,2568366.126422,0.0542720938760543,0.113494682801613,0.111294462779611,0.284745141180785,0.163549688302164,0.272643931059773
168773.411807,2568366.126422,0.0415750915750916,0.0928571428571429,0.115201465201465,0.191208791208791,0.182417582417582,0.376739926739927
169273.411807,2568366.126422,0.0128205128205128,0.121611721611722,0.278937728937729,0.0492673992673993,0.125641025641026,0.411721611721612
169773.411807,2568366.126422,0.0669233590025669,0.0980931426475981,0.0988265493215988,0.135863586358636,0.291895856252292,0.308397506417308
170273.411807,2568366.126422,0.0545787545787546,0.135531135531136,0.191941391941392,0.0917582417582418,0.195054945054945,0.331135531135531
170773.411807,2568366.126422,0.164102564102564,0.0963369963369963,0.101098901098901,0.067032967032967,0.104029304029304,0.467399267399267
171273.411807,2568366.126422,0.033003300330033,0.12027869453612,0.145397873120645,0.347451411807847,0.180968096809681,0.172900623395673
171773.411807,2568366.126422,0.0476190476190476,0.0697802197802198,0.157326007326007,0.206043956043956,0.196520146520147,0.322710622710623
172273.411807,2568366.126422,0.0571428571428571,0.136813186813187,0.111721611721612,0.146520146520147,0.14047619047619,0.407326007326007
172773.411807,2568366.126422,0.0282361569490282,0.436927026035937,0.0198019801980198,0.107994132746608,0.0775577557755776,0.329482948294829
160773.411807,2567866.126422,0.0450797141286421,0.225581821513652,0,0.0467289719626168,0.101154480483782,0.581455011911307
161273.411807,2567866.126422,0.0203707102220591,0.243897962928978,0,0.0361534226463571,0.0622132501376399,0.637364654064966
161773.411807,2567866.126422,0.0163212910324592,0.485971025123785,0,0.00696864111498258,0.0119200440124702,0.478818998716303
162273.411807,2567866.126422,0.00384826827927433,0.500274876305662,0,0,0.00494777350192413,0.490929081913139
162773.411807,2567866.126422,0.104973389612773,0.224444852266471,0,0.0440447788585061,0.0638649293448339,0.562672049917416
163273.411807,2567866.126422,0.0885750962772786,0.158444892719604,0,0.125802310654686,0.157894736842105,0.469282963506327
163773.411807,2567866.126422,0.0331684075499359,0.346344145134689,0,0.0584570276708814,0.0894264247755177,0.472603994868976
164273.411807,2567866.126422,0.0934116351624151,0.350155991925124,0,0.146081849880712,0.0886401174527436,0.321710405579005
164773.411807,2567866.126422,0.061617458279846,0.474050981111315,0,0.0926095727122685,0.126535851824684,0.245186136071887
165273.411807,2567866.126422,0.0089792926516401,0.806670331684076,0,0,0.00494777350192413,0.17940260216236
165773.411807,2567866.126422,0.0260598274912828,0.180400073407965,0.17416039640301,0.0163332721600294,0.0247751881079097,0.578271242429804
166273.411807,2567866.126422,0.0271410232899321,0.452778287181368,0,0.00586832935998533,0.0353933614524115,0.478818998716303
166773.411807,2567866.126422,0.0798973795125527,0.0853949056258017,0,0.282023089609676,0.202308960967565,0.350375664284405
167273.411807,2567866.126422,0.0550559735731327,0.184804551293815,0.102954670581758,0.102404110846027,0.122958340979996,0.431822352725271
167773.411807,2567866.126422,0.0322758114799193,0.134421419402164,0.305519897304236,0.142490372272144,0.150559325142124,0.234733174399413
168273.411807,2567866.126422,0.0630382994319223,0.137071651090343,0.143668682426242,0.0967564595931831,0.0974894630749496,0.461975444383361
168773.411807,2567866.126422,0.0768948430904753,0.176179115434025,0.0906588364837585,0.111029546705818,0.316571848045513,0.228665810240411
169273.411807,2567866.126422,0.0792224463598019,0.113698881349716,0.189620392444526,0.0852741610122868,0.249770768384376,0.282413350449294
169773.411807,2567866.126422,0.0102620487447315,0.0903426791277259,0.285688107018508,0.0549752611324904,0.136155396738135,0.422576507238409
170273.411807,2567866.126422,0.0110111947146265,0.126995779042026,0.2653697926225,0.0822169205358781,0.09543035419343,0.41897595889154
170773.411807,2567866.126422,0.0203557674674491,0.106546854942234,0.278012103429305,0.158628278012103,0.155327342747112,0.281129653401797
171273.411807,2567866.126422,0.00568077698369067,0.133956386292835,0.31280923584387,0.200842954004032,0.137804654572109,0.208905992303463
171773.411807,2567866.126422,0.0409249403560286,0.0772618829142962,0.22426133235456,0.18663975041292,0.189943108827308,0.280968985134887
172273.411807,2567866.126422,0.0306253438474234,0.0933431138822666,0.147075004584632,0.216394645149459,0.160462130937099,0.35209976159912
172773.411807,2567866.126422,0.0615722924683892,0.177203591717061,0.139087410665201,0.127542605827378,0.208722741433022,0.28587135788895
160773.411807,2567366.126422,0.00476190476190476,0.227655677655678,0.0794871794871795,0.108791208791209,0.117948717948718,0.461355311355311
161273.411807,2567366.126422,0.0557798165137615,0.204587155963303,0.0322935779816514,0.155596330275229,0.134678899082569,0.417064220183486
161773.411807,2567366.126422,0.0656760227481196,0.313337002384883,0,0.0486149330398092,0.0856723536965694,0.486699688130618
162273.411807,2567366.126422,0.0404761904761905,0.382234432234432,0,0.0223443223443223,0.0505494505494506,0.504395604395604
162773.411807,2567366.126422,0.0651376146788991,0.264220183486239,0,0.0255045871559633,0.0577981651376147,0.587339449541284
163273.411807,2567366.126422,0.107503210420106,0.222161071363053,0,0.119244175380664,0.154467070262337,0.39662447257384
163773.411807,2567366.126422,0.0743589743589744,0.198717948717949,0,0.229120879120879,0.164285714285714,0.333516483516483
164273.411807,2567366.126422,0.0357798165137615,0.500366972477064,0.00238532110091743,0.0121100917431193,0.0634862385321101,0.385871559633028
164773.411807,2567366.126422,0.0249495505411851,0.448725004586314,0.0240322876536415,0.0293524124013942,0.0374243258117777,0.435516419005687
165273.411807,2567366.126422,0.0234432234432234,0.790659340659341,0,0.000549450549450549,0.0032967032967033,0.182051282051282
165773.411807,2567366.126422,0.0234862385321101,0.271559633027523,0.0168807339449541,0.00201834862385321,0.0310091743119266,0.655045871559633
166273.411807,2567366.126422,0.0436617134470739,0.132452760961291,0.0695285268758026,0.133370023848835,0.139240506329114,0.481746468537883
166773.411807,2567366.126422,0.0586080586080586,0.16978021978022,0,0.130769230769231,0.114285714285714,0.526556776556777
167273.411807,2567366.126422,0.0374311926605505,0.148440366972477,0.113394495412844,0.0625688073394495,0.0763302752293578,0.561834862385321
167773.411807,2567366.126422,0.0618235186204366,0.0768666299761512,0.11704274445056,0.144560631076867,0.175564116675839,0.424142359200147
168273.411807,2567366.126422,0.0549450549450549,0.104212454212454,0.108058608058608,0.0815018315018315,0.109340659340659,0.541941391941392
168773.411807,2567366.126422,0.114495412844037,0.0486238532110092,0.0697247706422018,0.157614678899083,0.181834862385321,0.427706422018349
169273.411807,2567366.126422,0.080168776371308,0.0500825536598789,0.164190056870299,0.190423775454045,0.167675655842965,0.347459181801504
169773.411807,2567366.126422,0.00952380952380952,0.0631868131868132,0.26978021978022,0.320512820512821,0.168131868131868,0.168864468864469
170273.411807,2567366.126422,0.088256880733945,0.0803669724770642,0.228990825688073,0.139816513761468,0.123853211009174,0.338715596330275
170773.411807,2567366.126422,0.0552192258301229,0.0704457897633462,0.263804806457531,0.0897083104017612,0.200697119794533,0.320124747752706
171273.411807,2567366.126422,0.0276556776556777,0.106776556776557,0.131868131868132,0.141758241758242,0.14029304029304,0.451648351648352
171773.411807,2567366.126422,0.0607339449541284,0.0820183486238532,0.0488073394495413,0.0867889908256881,0.127339449541284,0.594311926605505
172273.411807,2567366.126422,0.0676940011007155,0.0873234268941479,0.167125298110438,0.103834158869932,0.145844799119428,0.428178315905338
172773.411807,2567366.126422,0.036996336996337,0.071978021978022,0.0188644688644689,0.0395604395604396,0.0893772893772894,0.743223443223443
160773.411807,2566866.126422,0.0170517051705171,0.153648698203154,0.247524752475248,0.196919691969197,0.110744407774111,0.274110744407774
161273.411807,2566866.126422,0.05,0.202380952380952,0.00384615384615385,0.0877289377289377,0.142490842490842,0.513553113553114
161773.411807,2566866.126422,0.0155677655677656,0.389194139194139,0.0311355311355311,0.0293040293040293,0.0358974358974359,0.498901098901099
162273.411807,2566866.126422,0.0265859919325266,0.452695269526953,0,0.011001100110011,0.0328199486615328,0.476897689768977
162773.411807,2566866.126422,0.0144688644688645,0.421245421245421,0,0.000366300366300366,0.0111721611721612,0.552747252747253
163273.411807,2566866.126422,0.0252747252747253,0.377472527472527,0.0228937728937729,0.0342490842490843,0.0564102564102564,0.483699633699634
163773.411807,2566866.126422,0.0947928126145948,0.0275027502750275,0,0.466996699669967,0.251741840850752,0.158965896589659
164273.411807,2566866.126422,0.0620879120879121,0.388278388278388,0,0.00842490842490842,0.0397435897435897,0.501465201465201
164773.411807,2566866.126422,0.0208791208791209,0.636080586080586,0.00128205128205128,0.0203296703296703,0.0159340659340659,0.305494505494506
165273.411807,2566866.126422,0.00678401173450678,0.46002933626696,0,0.00183351668500183,0.127979464613128,0.403373670700403
165773.411807,2566866.126422,0.0391941391941392,0.205860805860806,0.0402930402930403,0.0326007326007326,0.043956043956044,0.638095238095238
166273.411807,2566866.126422,0.0236263736263736,0.233516483516484,0.0426739926739927,0.0021978021978022,0.0360805860805861,0.661904761904762
166773.411807,2566866.126422,0.0551888522185552,0.0898423175650898,0.0504217088375504,0.0903923725705904,0.0782911624495783,0.635863586358636
167273.411807,2566866.126422,0.0426739926739927,0.222161172161172,0.0208791208791209,0.12014652014652,0.10018315018315,0.493956043956044
167773.411807,2566866.126422,0.0846153846153846,0.123443223443223,0.0234432234432234,0.0749084249084249,0.0888278388278388,0.604761904761905
168273.411807,2566866.126422,0.0465713237990466,0.180601393472681,0.00623395672900623,0.0977264393105977,0.109094242757609,0.55977264393106
168773.411807,2566866.126422,0.0961538461538462,0.136996336996337,0,0.141025641025641,0.121062271062271,0.504761904761905
169273.411807,2566866.126422,0.0664835164835165,0.034981684981685,0.041025641025641,0.222893772893773,0.210805860805861,0.423809523809524
169773.411807,2566866.126422,0.0795746241290796,0.0707737440410708,0.0869086908690869,0.276310964429776,0.224605793912725,0.261826182618262
170273.411807,2566866.126422,0.0217948717948718,0.103663003663004,0.224175824175824,0.217582417582418,0.200549450549451,0.232234432234432
170773.411807,2566866.126422,0.0752747252747253,0.0730769230769231,0.028021978021978,0.132783882783883,0.114102564102564,0.576739926739927
171273.411807,2566866.126422,0.0198019801980198,0.176200953428676,0.00146681334800147,0.0144847818115145,0.0781078107810781,0.70993766043271
171773.411807,2566866.126422,0.0424908424908425,0.0672161172161172,0.0415750915750916,0.0728937728937729,0.10989010989011,0.665934065934066
172273.411807,2566866.126422,0.0884615384615385,0.0542124542124542,0.136080586080586,0.0840659340659341,0.141758241758242,0.495421245421245
172773.411807,2566866.126422,0.0826916024935827,0.0771910524385772,0.0141180784745141,0.0183351668500183,0.0474880821415475,0.76017601760176
160773.411807,2566366.126422,0.152281473336998,0.0896096756459593,0.133040131940627,0.0870441634597764,0.0835623969213854,0.454462158695254
161273.411807,2566366.126422,0.0403743806202973,0.217471095613874,0.0868049183336392,0.0473481372728941,0.0756102037071022,0.532391264452193
161773.411807,2566366.126422,0.0386942967174033,0.346048046946635,0,0.0157711351549606,0.0491472583898771,0.550339262791124
162273.411807,2566366.126422,0.0520432472054242,0.353490929081913,0,0.0452629649990837,0.104636247022173,0.444566611691406
162773.411807,2566366.126422,0.0488162965681776,0.445586346118554,0,0.0168838318957607,0.0638649293448339,0.424848596072674
163273.411807,2566366.126422,0.061617458279846,0.086007702182285,0,0.402530717036494,0.262240968274344,0.187603154227031
163773.411807,2566366.126422,0.0619387942092725,0.0333516584203775,0,0.489829576690489,0.24555616639179,0.16932380428807
164273.411807,2566366.126422,0.0974490732244448,0.262433474031932,0,0.0495503762158194,0.103505230317489,0.487061846210314
164773.411807,2566366.126422,0.0269576379974326,0.400146708234,0,0.0137538969374656,0.0355767467449111,0.523565010086191
165273.411807,2566366.126422,0.0298698918819864,0.249037932930181,0,0.0188748396554884,0.113798790544255,0.588418544988089
165773.411807,2566366.126422,0.00422095797394017,0.37768397871169,0,0.00146815929528354,0.0176179115434025,0.599008992475684
166273.411807,2566366.126422,0.0588666788923528,0.228864845039428,0,0.000550155877498625,0.0104529616724739,0.701265358518247
166773.411807,2566366.126422,0.0364669232178853,0.0929081913139087,0,0.0808136338647609,0.10317024005864,0.686641011544805
167273.411807,2566366.126422,0.0899247568361167,0.176546155257845,0.000183519911910442,0.0616626904019086,0.0818498807120573,0.589832996880161
167773.411807,2566366.126422,0.0425453878598936,0.399229781771502,0,0.0119200440124702,0.0438290849073904,0.502475701448744
168273.411807,2566366.126422,0.0414146967198094,0.389224848818032,0,0.03811618105186,0.0252886201209456,0.505955653289353
168773.411807,2566366.126422,0.0244081482840888,0.458799779776106,0,0.00550559735731327,0.0278950266103872,0.483391447972105
169273.411807,2566366.126422,0.101412066752246,0.179350816064552,0.00110031175499725,0.165230148542087,0.111314872547222,0.441591784338896
169773.411807,2566366.126422,0.0923584387025838,0.200476452263148,0,0.157045995968481,0.150082462891699,0.400036650174088
170273.411807,2566366.126422,0.0682694072306845,0.107175628555698,0.0245916681959993,0.140576252523399,0.108276748027161,0.551110295467058
170773.411807,2566366.126422,0.0579497524298551,0.149825783972125,0,0.0361269026224097,0.0495140289748762,0.706583532000734
171273.411807,2566366.126422,0.0430639545537841,0.133773135422393,0.00549752611324904,0.013560564412681,0.0547920102620487,0.749312809235844
171773.411807,2566366.126422,0.0664342081115801,0.0915764360433107,0,0.0627638098733713,0.046063497889521,0.733162048082217
172273.411807,2566366.126422,0.0366770584999083,0.0597836053548505,0,0.0680359435173299,0.0997615991197506,0.735741793508161
172773.411807,2566366.126422,0.0960234561114165,0.0313358988455195,0,0.0273043796958036,0.0685358255451713,0.776800439802089
