"x","y","forest","agri","water","built","other","grass"
212273.411807,2696366.126422,0.0280733944954128,0.601284403669725,0,0.023302752293578,0.0330275229357798,0.314311926605505
212773.411807,2696366.126422,0.0104567969179967,0.681709778022381,0,0.0381581361218125,0.0249495505411851,0.244725738396624
213273.411807,2696366.126422,0.0205128205128205,0.498534798534799,0.000183150183150183,0.181135531135531,0.0467032967032967,0.252930402930403
213773.411807,2696366.126422,0.00385321100917431,0.142935779816514,0,0.572293577981651,0.105688073394495,0.175229357798165
214273.411807,2696366.126422,0.0618235186204366,0.495688864428545,0,0.0803522289488167,0.0487983856173179,0.313337002384883
214773.411807,2696366.126422,0.0278388278388278,0.48003663003663,0,0.0263736263736264,0.0498168498168498,0.415934065934066
215273.411807,2696366.126422,0.0418348623853211,0.426422018348624,0,0.0570642201834862,0.127155963302752,0.347522935779817
215773.411807,2696366.126422,0.0526508897450009,0.538066409833058,0,0.0442120711796001,0.0522839845899835,0.312786644652357
216273.411807,2696366.126422,0.0432234432234432,0.414835164835165,0,0.0921245421245421,0.127106227106227,0.322710622710623
216773.411807,2696366.126422,0.0113761467889908,0.69743119266055,0,0.00055045871559633,0.00238532110091743,0.288256880733945
217273.411807,2696366.126422,0.00990643918547056,0.655476059438635,0,0.000733810310034856,0.0122913226930838,0.321592368372776
217773.411807,2696366.126422,0.0304029304029304,0.587728937728938,0,0.0600732600732601,0.0679487179487179,0.253846153846154
218273.411807,2696366.126422,0.015045871559633,0.673394495412844,0,0.00678899082568807,0.0310091743119266,0.273761467889908
218773.411807,2696366.126422,0.0317372959090075,0.472757292239956,0,0.0221977618785544,0.0849385433865346,0.388369106585948
219273.411807,2696366.126422,0.0487179487179487,0.458241758241758,0,0.0490842490842491,0.100549450549451,0.343406593406593
219773.411807,2696366.126422,0.0247706422018349,0.672477064220183,0,0.0113761467889908,0.064954128440367,0.226422018348624
220273.411807,2696366.126422,0.0297193175564117,0.466152999449642,0,0.0473307649972482,0.0979636763896533,0.358833241607045
220773.411807,2696366.126422,0.676007326007326,0.0164835164835165,0,0,0.00384615384615385,0.303663003663004
221273.411807,2696366.126422,0.881100917431193,0.00348623853211009,0,0,0,0.115412844036697
221773.411807,2696366.126422,0.83599339570721,0.0161438268207668,0,0,0,0.147862777472023
222273.411807,2696366.126422,0.907326007326007,0.00311355311355311,0,0,0,0.0895604395604396
222773.411807,2696366.126422,0.881467889908257,0,0,0,0,0.118532110091743
223273.411807,2696366.126422,0.903137039075399,0,0,0,0,0.096862960924601
223773.411807,2696366.126422,0.52967032967033,0.0267399267399267,0,0.176190476190476,0.143223443223443,0.124175824175824
224273.411807,2696366.126422,0.236697247706422,0.0543119266055046,0,0.257981651376147,0.206788990825688,0.244220183486239
212273.411807,2695866.126422,0.0358974358974359,0.50018315018315,0,0.0551282051282051,0.0668498168498168,0.341941391941392
212773.411807,2695866.126422,0.0404761904761905,0.489194139194139,0.00164835164835165,0.0388278388278388,0.0586080586080586,0.371245421245421
213273.411807,2695866.126422,0.0614228089475614,0.55023835716905,0,0.0641730839750642,0.111477814448111,0.212687935460213
213773.411807,2695866.126422,0.0326007326007326,0.383516483516484,0.000183150183150183,0.226556776556777,0.132051282051282,0.225091575091575
214273.411807,2695866.126422,0.00787545787545788,0.184981684981685,0,0.463736263736264,0.224725274725275,0.118681318681319
214773.411807,2695866.126422,0,0.333516685001834,0,0.105977264393106,0.258342500916758,0.302163549688302
215273.411807,2695866.126422,0.0243589743589744,0.265934065934066,0,0.0258241758241758,0.184249084249084,0.4996336996337
215773.411807,2695866.126422,0.0782051282051282,0.266666666666667,0.00695970695970696,0.0673992673992674,0.0593406593406593,0.521428571428571
216273.411807,2695866.126422,0.0390539053905391,0.403006967363403,0,0.0135680234690136,0.0425375870920425,0.501833516685002
216773.411807,2695866.126422,0.0184981684981685,0.517216117216117,0,0.0375457875457875,0.0710622710622711,0.355677655677656
217273.411807,2695866.126422,0.00659340659340659,0.630586080586081,0,0.00457875457875458,0.0214285714285714,0.336813186813187
217773.411807,2695866.126422,0.0229189585625229,0.671433810047671,0.000916758342500917,0.0033003300330033,0.017968463513018,0.283461679501283
218273.411807,2695866.126422,0.0261904761904762,0.61959706959707,0,0.00512820512820513,0.0172161172161172,0.331868131868132
218773.411807,2695866.126422,0.0461538461538462,0.515567765567766,0,0.0184981684981685,0.0798534798534798,0.33992673992674
219273.411807,2695866.126422,0.0317198386505317,0.643014301430143,0.00458379171250458,0.0177851118445178,0.0630729739640631,0.23982398239824
219773.411807,2695866.126422,0.0388278388278388,0.545238095238095,0.00146520146520147,0.0327838827838828,0.0906593406593407,0.291025641025641
220273.411807,2695866.126422,0.0272893772893773,0.56978021978022,0,0.0183150183150183,0.0476190476190476,0.336996336996337
220773.411807,2695866.126422,0.446094609460946,0.186835350201687,0,0.00623395672900623,0.0253025302530253,0.335533553355336
221273.411807,2695866.126422,0.761538461538461,0.000732600732600733,0,0,0.00146520146520147,0.236263736263736
221773.411807,2695866.126422,0.87967032967033,0.00146520146520147,0,0,0,0.118864468864469
222273.411807,2695866.126422,0.777044371103777,0.0146681334800147,0,0.00495049504950495,0.0055005500550055,0.197836450311698
222773.411807,2695866.126422,0.843040293040293,0,0,0,0,0.156959706959707
223273.411807,2695866.126422,0.958424908424908,0,0,0,0,0.0415750915750916
223773.411807,2695866.126422,0.865786578657866,0,0,0.00165016501650165,0.0119178584525119,0.120645397873121
224273.411807,2695866.126422,0.649267399267399,0.0115384615384615,0.000183150183150183,0.0141025641025641,0.104761904761905,0.22014652014652
212273.411807,2695366.126422,0.0445953385942375,0.618829142962011,0,0.017434391631492,0.0334006239677005,0.285740502844559
212773.411807,2695366.126422,0.0319090408949202,0.473684210526316,0,0.139006051714652,0.0869246286447827,0.268476068219329
213273.411807,2695366.126422,0.0593732820230896,0.276342312625985,0.000549752611324904,0.370350009162544,0.16144401685908,0.131940626717977
213773.411807,2695366.126422,0.307579372361901,0.224444852266471,0.000183519911910442,0.0657001284639383,0.0831345200954303,0.318957606900349
214273.411807,2695366.126422,0.420319090408949,0.0357601320374106,0,0.017604988079956,0.0495140289748762,0.476801760498808
214773.411807,2695366.126422,0.120212571009712,0.0302363936228697,0,0.499908374564779,0.0899761773868426,0.259666483415796
215273.411807,2695366.126422,0.00587263718113415,0.0860708386859974,0,0.687649109928427,0.173059276931547,0.0473481372728941
215773.411807,2695366.126422,0.00696864111498258,0.0733541169998166,0.0319090408949202,0.757931413900605,0.0674857876398313,0.0623509994498441
216273.411807,2695366.126422,0.011544804837823,0.133956386292835,0,0.332417078981125,0.307678211471504,0.214403518416712
216773.411807,2695366.126422,0.0108276748027161,0.0860708386859974,0,0.0295467058175812,0.511837034318224,0.361717746375482
217273.411807,2695366.126422,0.0133871263524665,0.323491655969191,0,0.0137538969374656,0.224463598019439,0.424903722721438
217773.411807,2695366.126422,0.0284038849184534,0.459409932197178,0.00146600696353308,0.0507604911123328,0.158878504672897,0.301081180135606
218273.411807,2695366.126422,0.0242246283721784,0.574784364103505,0,0.0100935951550743,0.0924940356028629,0.298403376766379
218773.411807,2695366.126422,0.0478635613423803,0.506143407298735,0.00311754997249221,0.0405281496423987,0.0654685494223363,0.336878782321658
219273.411807,2695366.126422,0.00714678394722375,0.784863478101521,0,0.00751328568810702,0.0155763239875389,0.184900128275609
219773.411807,2695366.126422,0.0176179115434025,0.590567076527803,0.000550559735731327,0.120572582125161,0.0768948430904753,0.193797026977427
220273.411807,2695366.126422,0.0192554557124519,0.663487988263341,0,0.0364936732074088,0.0724371905373189,0.208325692279479
220773.411807,2695366.126422,0.19168041048195,0.346160894264248,0,0.0355506688656771,0.0855781564962434,0.341029869891882
221273.411807,2695366.126422,0.864745824922004,0,0,0,0,0.135254175077996
221773.411807,2695366.126422,0.813497157527966,0.00696864111498258,0,0.000183385292499542,0.00861910874747845,0.170731707317073
222273.411807,2695366.126422,0.298515667949423,0.0967564595931831,0.0128275609309144,0.124610591900312,0.189847901777533,0.277441817848635
222773.411807,2695366.126422,0.836483758487796,0.0047715177096715,0,0.0400073407964764,0.0378051018535511,0.080932281152505
223273.411807,2695366.126422,0.937465615257656,0,0,0,0,0.0625343847423437
223773.411807,2695366.126422,0.582737768004398,0.0208905992303463,0,0.0148433205057724,0.13340663368151,0.248121678577973
224273.411807,2695366.126422,0.670581758120756,0.00403743806202973,0,0.00440447788585061,0.0403743806202973,0.280601945311066
212273.411807,2694866.126422,0.0489908256880734,0.499449541284404,0.00458715596330275,0.0660550458715596,0.068256880733945,0.312660550458716
212773.411807,2694866.126422,0.0577875619152449,0.448358099431297,0.000550357732526142,0.197761878554394,0.116859291873051,0.178682810493487
213273.411807,2694866.126422,0.177106227106227,0.194322344322344,0.000183150183150183,0.158241758241758,0.155860805860806,0.314285714285714
213773.411807,2694866.126422,0.659633027522936,0.0106422018348624,0,0.00330275229357798,0.0310091743119266,0.295412844036697
214273.411807,2694866.126422,0.510548523206751,0.0124747752705926,0,0.0132085855806274,0.0926435516419006,0.371124564300128
214773.411807,2694866.126422,0.363186813186813,0.0454212454212454,0,0.00238095238095238,0.0485347985347985,0.54047619047619
215273.411807,2694866.126422,0.112110091743119,0.571926605504587,0.0165137614678899,0.00458715596330275,0.0332110091743119,0.261651376146789
215773.411807,2694866.126422,0.0665932856356632,0.420106402494955,0.017978352595854,0.0764997248211337,0.146028251696936,0.272793982755458
216273.411807,2694866.126422,0.0172161172161172,0.0536630036630037,0,0.303113553113553,0.242857142857143,0.383150183150183
216773.411807,2694866.126422,0.00605504587155963,0.0622018348623853,0,0.591743119266055,0.278532110091743,0.0614678899082569
217273.411807,2694866.126422,0.00532012474775271,0.0598055402678408,0.00165107319757843,0.509080902586681,0.296826270409099,0.127316088791048
217773.411807,2694866.126422,0,0.0864468864468864,0,0.319047619047619,0.453296703296703,0.141208791208791
218273.411807,2694866.126422,0,0.0513761467889908,0,0.407155963302752,0.44256880733945,0.0988990825688073
218773.411807,2694866.126422,0.00880572372041827,0.102183085672354,0.00458631443771785,0.352045496239222,0.414235920014676,0.118143459915612
219273.411807,2694866.126422,0.0195970695970696,0.234615384615385,0.0043956043956044,0.413736263736264,0.20018315018315,0.127472527472527
219773.411807,2694866.126422,0.0143119266055046,0.154495412844037,0.00146788990825688,0.611009174311927,0.142935779816514,0.0757798165137615
220273.411807,2694866.126422,0.0291689598238855,0.220693450742983,0,0.343239772518804,0.139423958906623,0.267473858007705
220773.411807,2694866.126422,0.106593406593407,0.089010989010989,0,0.113186813186813,0.2496336996337,0.441575091575092
221273.411807,2694866.126422,0.381100917431193,0.0222018348623853,0,0.051743119266055,0.200366972477064,0.344587155963303
221773.411807,2694866.126422,0.556778572738947,0.00275178866263071,0,0.00146762062006971,0.0196294257934324,0.41937259218492
222273.411807,2694866.126422,0.445421245421245,0.0142857142857143,0,0.0721611721611722,0.0615384615384615,0.406593406593407
222773.411807,2694866.126422,0.701284403669725,0,0,0.00073394495412844,0.00532110091743119,0.292660550458716
223273.411807,2694866.126422,0.544670702623372,0.0440286186020914,0.0267840763162722,0.0526508897450009,0.103650706292423,0.22821500642084
223773.411807,2694866.126422,0.767765567765568,0.0241758241758242,0,0.000183150183150183,0.00274725274725275,0.205128205128205
224273.411807,2694866.126422,0.820550458715596,0.00073394495412844,0,0.00055045871559633,0.00256880733944954,0.175596330275229
212273.411807,2694366.126422,0.0639194139194139,0.196703296703297,0.00714285714285714,0.416300366300366,0.125457875457875,0.19047619047619
212773.411807,2694366.126422,0.108241758241758,0.0708791208791209,0.0100732600732601,0.434798534798535,0.154212454212454,0.221794871794872
213273.411807,2694366.126422,0.102676934360103,0.0348368170150348,0.00256692335900257,0.0363036303630363,0.106343967730106,0.717271727172717
213773.411807,2694366.126422,0.121794871794872,0.00494505494505494,0,0.000915750915750916,0.0164835164835165,0.855860805860806
214273.411807,2694366.126422,0.505128205128205,0.00531135531135531,0,0.00494505494505494,0.0503663003663004,0.434249084249084
214773.411807,2694366.126422,0.382654932159883,0.00311697836450312,0,0.0207187385405207,0.0436376971030436,0.54987165383205
215273.411807,2694366.126422,0.510622710622711,0.110805860805861,0,0.00256410256410256,0.00567765567765568,0.37032967032967
215773.411807,2694366.126422,0.0807692307692308,0.633333333333333,0.00879120879120879,0.00677655677655678,0.0184981684981685,0.251831501831502
216273.411807,2694366.126422,0.0144847818115145,0.75962596259626,0,0.000183351668500183,0.00385038503850385,0.221855518885222
216773.411807,2694366.126422,0.0551282051282051,0.488827838827839,0.0496336996336996,0.0542124542124542,0.0996336996336996,0.252564102564103
217273.411807,2694366.126422,0.0705128205128205,0.491575091575092,0.00402930402930403,0.0434065934065934,0.0915750915750916,0.298901098901099
217773.411807,2694366.126422,0.0108177484415108,0.43050971763843,0,0.111294462779611,0.0894756142280895,0.357902456912358
218273.411807,2694366.126422,0.0124542124542125,0.416666666666667,0.00201465201465201,0.201831501831502,0.132051282051282,0.234981684981685
218773.411807,2694366.126422,0.0203296703296703,0.211538461538462,0,0.267032967032967,0.125457875457875,0.375641025641026
219273.411807,2694366.126422,0.0117345067840117,0.345617895122846,0,0,0.0878254492115878,0.554822148881555
219773.411807,2694366.126422,0.036996336996337,0.257509157509157,0,0.045970695970696,0.188827838827839,0.470695970695971
220273.411807,2694366.126422,0.00750915750915751,0.161538461538462,0,0.415750915750916,0.227838827838828,0.187362637362637
220773.411807,2694366.126422,0.00183351668500183,0.104693802713605,0.000733406674000733,0.575540887422076,0.265493215988265,0.0517051705170517
221273.411807,2694366.126422,0.000915750915750916,0.0483516483516484,0.000732600732600733,0.731135531135531,0.18956043956044,0.0293040293040293
221773.411807,2694366.126422,0,0.097985347985348,0.00183150183150183,0.482967032967033,0.309157509157509,0.108058608058608
222273.411807,2694366.126422,0.0372203887055372,0.0845251191785845,0,0.588742207554089,0.171617161716172,0.117895122845618
222773.411807,2694366.126422,0.0509157509157509,0.211904761904762,0.0139194139194139,0.11996336996337,0.165567765567766,0.437728937728938
223273.411807,2694366.126422,0.124358974358974,0.341941391941392,0.00531135531135531,0.174725274725275,0.133333333333333,0.22032967032967
223773.411807,2694366.126422,0.129446277961129,0.451411807847451,0,0.00898423175650898,0.0487715438210488,0.361386138613861
224273.411807,2694366.126422,0.320695970695971,0.135714285714286,0,0.0289377289377289,0.056043956043956,0.458608058608059
212273.411807,2693866.126422,0.0590934116351624,0.0679023674068636,0.00403743806202973,0.628188658469444,0.144063130849697,0.0967149935768031
212773.411807,2693866.126422,0.143590684027141,0.0845406198422887,0.00458463231248854,0.152943333944618,0.107097010819732,0.507243719053732
213273.411807,2693866.126422,0.0339014110317024,0.353857430822796,0,0.00806303829943192,0.0370166758292102,0.567161444016859
213773.411807,2693866.126422,0.24481556248853,0.167186639750413,0.000367039823820885,0.0433106992108644,0.133051936135071,0.411268122591301
214273.411807,2693866.126422,0.0608839171098478,0.449293966623877,0.000366770584999083,0.141390060517147,0.102512378507244,0.245552906656886
214773.411807,2693866.126422,0.191313908741067,0.31280923584387,0.00311526479750779,0.0109950522264981,0.0333516584203775,0.44841487997068
215273.411807,2693866.126422,0.112681225913012,0.293815378968618,0.0150486327766563,0.05395485410167,0.142044411818682,0.382455496421362
215773.411807,2693866.126422,0.116449660737209,0.39189437007152,0,0.0706033376123235,0.190353933614524,0.230698697964423
216273.411807,2693866.126422,0.0602895363752978,0.658786879237676,0,0.015026571376214,0.0406816932380429,0.225215319772769
216773.411807,2693866.126422,0.00568911726922371,0.864378785098183,0,0,0.00550559735731327,0.12442650027528
217273.411807,2693866.126422,0.04401247019989,0.631578947368421,0,0.00366770584999083,0.0478635613423803,0.272877315239318
217773.411807,2693866.126422,0.0119113065787062,0.77240241891149,0.000549752611324904,0.00934579439252336,0.0108118013560564,0.194978926149899
218273.411807,2693866.126422,0.0524866948063865,0.525601027711507,0,0.0455129381537897,0.0710222059093412,0.305377133418976
218773.411807,2693866.126422,0.0456629378323858,0.608289015220979,0,0.00550155877498625,0.0608839171098478,0.279662571061801
219273.411807,2693866.126422,0.0328019058090526,0.624885468205974,0,0.000916254352208173,0.0089792926516401,0.332417078981125
219773.411807,2693866.126422,0.039823820884566,0.606166269040191,0,0.000734079647641769,0.00880895577170123,0.3444668746559
220273.411807,2693866.126422,0.033192737942417,0.612506876948469,0,0.0126535851824684,0.0342930496974143,0.307353750229232
220773.411807,2693866.126422,0.0274876305662452,0.603261865493861,0.00586402785413231,0.0329851566794942,0.0529595015576324,0.277441817848635
221273.411807,2693866.126422,0.0412919801798495,0.451091943475867,0.000550559735731327,0.0567076527803267,0.11635162415122,0.334006239677005
221773.411807,2693866.126422,0.0260407115349349,0.29598386209426,0.0198056115899505,0.349899138089125,0.218228498074454,0.0900421786172749
222273.411807,2693866.126422,0.0925416895730255,0.0815466373465274,0.00824628916987356,0.337914605094374,0.151181968114349,0.328568810701851
222773.411807,2693866.126422,0.00330335841438796,0.104422829877042,0.0170673518076711,0.572215085336759,0.242613323545605,0.0603780510185355
223273.411807,2693866.126422,0.0452961672473868,0.0366770584999083,0.00201723821749496,0.501375389693747,0.194388410049514,0.220245736291949
223773.411807,2693866.126422,0.0335349092908191,0.376397287887117,0.000366501740883269,0.223016309327469,0.1434854315558,0.223199560197911
224273.411807,2693866.126422,0.0266103872270141,0.532758304276014,0.000367039823820885,0.0734079647641769,0.104239309965131,0.262616993943843
212273.411807,2693366.126422,0.0963302752293578,0.0511926605504587,0.00513761467889908,0.610091743119266,0.150642201834862,0.086605504587156
212773.411807,2693366.126422,0.208952485782425,0.075032104201064,0.010273344340488,0.297376628141625,0.0785177031737296,0.329847734360668
213273.411807,2693366.126422,0.314285714285714,0.0578754578754579,0.000183150183150183,0.202014652014652,0.153663003663004,0.271978021978022
213773.411807,2693366.126422,0.183119266055046,0.294862385321101,0,0.0741284403669725,0.115412844036697,0.332477064220183
214273.411807,2693366.126422,0.08273711245643,0.4379013025133,0.000550357732526142,0.141441937259218,0.108603925885159,0.228765364153366
214773.411807,2693366.126422,0.0490842490842491,0.542124542124542,0,0.0765567765567766,0.0840659340659341,0.248168498168498
215273.411807,2693366.126422,0.0155963302752294,0.720366972477064,0.00880733944954129,0.0141284403669725,0.0368807339449541,0.204220183486239
215773.411807,2693366.126422,0.0264171711612548,0.795450376077784,0,0.0163272793982755,0.0376077783892864,0.124197394973399
216273.411807,2693366.126422,0.084981684981685,0.596153846153846,0,0.0351648351648352,0.0776556776556777,0.206043956043956
216773.411807,2693366.126422,0.115963302752294,0.578348623853211,0,0.0256880733944954,0.0803669724770642,0.199633027522936
217273.411807,2693366.126422,0.108603925885159,0.634562465602642,0,0.00183452577508714,0.0271509814712897,0.227848101265823
217773.411807,2693366.126422,0.0175824175824176,0.750732600732601,0,0.00183150183150183,0.0214285714285714,0.208424908424908
218273.411807,2693366.126422,0.0225688073394495,0.710091743119266,0,0.00899082568807339,0.028256880733945,0.230091743119266
218773.411807,2693366.126422,0.0155934690882407,0.717666483214089,0,0.016694184553293,0.0377912309667951,0.212254632177582
219273.411807,2693366.126422,0.0391941391941392,0.552747252747253,0.00769230769230769,0.0672161172161172,0.0937728937728938,0.239377289377289
219773.411807,2693366.126422,0.0330275229357798,0.576697247706422,0,0.0546788990825688,0.0638532110091743,0.271743119266055
220273.411807,2693366.126422,0.0539350577875619,0.407081269491836,0.000183452577508714,0.136672170243992,0.158136121812511,0.24399192808659
220773.411807,2693366.126422,0.0351648351648352,0.724358974358974,0,0.023992673992674,0.0415750915750916,0.174908424908425
221273.411807,2693366.126422,0.0302752293577982,0.619449541284404,0,0.0143119266055046,0.0471559633027523,0.288807339449541
221773.411807,2693366.126422,0.0532012474775271,0.723903870849385,0,0.0104567969179967,0.021830856723537,0.190607228031554
222273.411807,2693366.126422,0.0924908424908425,0.563003663003663,0,0.00695970695970696,0.0565934065934066,0.280952380952381
222773.411807,2693366.126422,0.0137614678899083,0.428440366972477,0.000917431192660551,0.0979816513761468,0.217247706422018,0.241651376146789
223273.411807,2693366.126422,0,0.0176114474408365,0,0.611263988259035,0.357365620986975,0.0137589433131535
223773.411807,2693366.126422,0.0351648351648352,0.0981684981684982,0,0.265384615384615,0.341025641025641,0.26025641025641
224273.411807,2693366.126422,0.337247706422018,0.406605504587156,0,0.0234862385321101,0.0451376146788991,0.187522935779817
212273.411807,2692866.126422,0.220695970695971,0.0631868131868132,0.0010989010989011,0.301648351648352,0.221245421245421,0.192124542124542
212773.411807,2692866.126422,0.126373626373626,0.0456043956043956,0.000915750915750916,0.332967032967033,0.108791208791209,0.385347985347985
213273.411807,2692866.126422,0.0328199486615328,0.0564723138980565,0.000366703337000367,0.526035936927026,0.0610561056105611,0.323248991565823
213773.411807,2692866.126422,0.102564102564103,0.213736263736264,0.000183150183150183,0.377472527472527,0.175824175824176,0.13021978021978
214273.411807,2692866.126422,0.0521978021978022,0.557692307692308,0.00805860805860806,0.161904761904762,0.0908424908424908,0.129304029304029
214773.411807,2692866.126422,0.0953428676200953,0.5997433076641,0.0066006600660066,0.0126512651265127,0.0533553355335534,0.232306563989732
215273.411807,2692866.126422,0.0661172161172161,0.53021978021978,0,0.0159340659340659,0.0214285714285714,0.366300366300366
215773.411807,2692866.126422,0.0915750915750916,0.386630036630037,0.00256410256410256,0.149267399267399,0.0994505494505494,0.27051282051282
216273.411807,2692866.126422,0.122478914558122,0.268426842684268,0.0106343967730106,0.0870920425375871,0.0907590759075908,0.420608727539421
216773.411807,2692866.126422,0.0626373626373626,0.465567765567766,0,0.039010989010989,0.0899267399267399,0.342857142857143
217273.411807,2692866.126422,0.0461538461538462,0.457875457875458,0,0.0142857142857143,0.0771062271062271,0.404578754578755
217773.411807,2692866.126422,0.107260726072607,0.438943894389439,0,0.0372203887055372,0.05995599559956,0.356618995232857
218273.411807,2692866.126422,0.203296703296703,0.393589743589744,0,0.0119047619047619,0.0265567765567766,0.364652014652015
218773.411807,2692866.126422,0.267216117216117,0.344139194139194,0,0.00604395604395604,0.0179487179487179,0.364652014652015
219273.411807,2692866.126422,0.241474147414741,0.444261092775944,0,0.0077007700770077,0.0172350568390172,0.289328932893289
219773.411807,2692866.126422,0.0265567765567766,0.844688644688645,0,0.00128205128205128,0.00732600732600733,0.12014652014652
220273.411807,2692866.126422,0.0166666666666667,0.784432234432234,0,0.0186813186813187,0.0391941391941392,0.141025641025641
220773.411807,2692866.126422,0.0190685735240191,0.812797946461313,0,0.00898423175650898,0.015951595159516,0.143197653098643
221273.411807,2692866.126422,0.0426739926739927,0.546336996336996,0,0.108424908424908,0.0521978021978022,0.2503663003663
221773.411807,2692866.126422,0.0527472527472527,0.598168498168498,0,0.00860805860805861,0.0877289377289377,0.252747252747253
222273.411807,2692866.126422,0.0385038503850385,0.654932159882655,0,0.00715071507150715,0.0319031903190319,0.267510084341767
222773.411807,2692866.126422,0.052014652014652,0.40018315018315,0.000183150183150183,0.111721611721612,0.107142857142857,0.328754578754579
223273.411807,2692866.126422,0.0391941391941392,0.285714285714286,0,0.276739926739927,0.14029304029304,0.258058608058608
223773.411807,2692866.126422,0,0.0548221488815548,0,0.538320498716538,0.356068940227356,0.0507884121745508
224273.411807,2692866.126422,0.0408424908424908,0.114468864468864,0,0.280586080586081,0.343406593406593,0.220695970695971
212273.411807,2692366.126422,0.23251972839053,0.046063497889521,0,0.0545054138374014,0.144980730409249,0.521930629473298
212773.411807,2692366.126422,0.198056115899505,0.136438657619659,0,0,0.00696864111498258,0.658536585365854
213273.411807,2692366.126422,0.0879604178119846,0.371999266996518,0,0.0207073483599047,0.103903243540407,0.415429723291186
213773.411807,2692366.126422,0.229399889888053,0.200770783630024,0.02073775004588,0.0864378785098183,0.149935768030831,0.312717929895394
214273.411807,2692366.126422,0.126902622409683,0.368421052631579,0.00715202640748212,0.0678525582248304,0.100311754997249,0.329359985329177
214773.411807,2692366.126422,0.157595748579806,0.471504489646326,0,0.0153930731170973,0.0364669232178853,0.319039765438886
215273.411807,2692366.126422,0.084235639566893,0.59350339511837,0.00146815929528354,0.0484492567443568,0.0563406129565058,0.216002936318591
215773.411807,2692366.126422,0.0825233816247937,0.503576013203741,0.000733541169998166,0.0478635613423803,0.0896754080322758,0.275628094626811
216273.411807,2692366.126422,0.109034267912773,0.474436503573392,0,0.0335349092908191,0.0454462158695254,0.337548103353491
216773.411807,2692366.126422,0.248118920902918,0.388695173426317,0,0.0179849513672233,0.0609286107542668,0.284272343549275
217273.411807,2692366.126422,0.233082706766917,0.266092059416835,0,0.00421786172748946,0.0298918026774253,0.466715569411333
217773.411807,2692366.126422,0.161993769470405,0.365951988271944,0,0.0153930731170973,0.0478284771852666,0.408832691955287
218273.411807,2692366.126422,0.115066984767847,0.215268856670949,0,0.0137639933932832,0.022389429253074,0.633510735914847
218773.411807,2692366.126422,0.317806711901706,0.0682193288098294,0,0.0240234733174399,0.0271410232899321,0.562809462681093
219273.411807,2692366.126422,0.164009529045263,0.0481949789261499,0.00861279091075683,0.10426974528129,0.0996884735202492,0.575224482316291
219773.411807,2692366.126422,0.204257661956322,0.058909891723252,0,0.0519361350706552,0.0879060378051019,0.596990273444669
220273.411807,2692366.126422,0.279112415184302,0.253621859526866,0.0075187969924812,0.0495140289748762,0.12415184302219,0.286081056299285
220773.411807,2692366.126422,0.0524097489463075,0.590251053692505,0.000183250870441635,0.0144768187648891,0.0643210555250137,0.278358072200843
221273.411807,2692366.126422,0.0385391815011929,0.581391080932281,0.0082583960359699,0.0447788585061479,0.0642319691686548,0.262800513855753
221773.411807,2692366.126422,0.0416284613973959,0.512745277828718,0,0.00953603520997616,0.0583165230148542,0.377773702549056
222273.411807,2692366.126422,0.0329851566794942,0.521165475536009,0,0.0148433205057724,0.0513102437236577,0.379695803555067
222773.411807,2692366.126422,0.0374380620297302,0.351624151220407,0.000183519911910442,0.115617544503579,0.168287759221876,0.326848963112498
223273.411807,2692366.126422,0.0267742527049331,0.502292316156244,0,0.0240234733174399,0.0247570144874381,0.422152943333945
223773.411807,2692366.126422,0.0656038116181052,0.199193696170057,0,0.263331500824629,0.130291368884002,0.341579622503207
224273.411807,2692366.126422,0.000367039823820885,0.0735914846760874,0.000734079647641769,0.562488530005506,0.216186456230501,0.146632409616443
212273.411807,2691866.126422,0.22954128440367,0.0952293577981651,0.0102752293577982,0.0732110091743119,0.0807339449541284,0.511009174311927
212773.411807,2691866.126422,0.158136121812511,0.229132269308384,0.000366905155017428,0.108970831040176,0.162172078517703,0.341221794166208
213273.411807,2691866.126422,0.13003663003663,0.154578754578755,0,0.0282051282051282,0.0921245421245421,0.595054945054945
213773.411807,2691866.126422,0.194128440366972,0.170642201834862,0,0.139633027522936,0.0998165137614679,0.395779816513761
214273.411807,2691866.126422,0.153366354797285,0.297193175564117,0,0.0486149330398092,0.131535498073748,0.369290038525041
214773.411807,2691866.126422,0.106959706959707,0.123260073260073,0.00201465201465201,0.409340659340659,0.185531135531136,0.172893772893773
215273.411807,2691866.126422,0.111743119266055,0.312293577981651,0.00238532110091743,0.269724770642202,0.108807339449541,0.195045871559633
215773.411807,2691866.126422,0.0620069711979453,0.379563382865529,0.000183452577508714,0.0957622454595487,0.099431297009723,0.363052650889745
216273.411807,2691866.126422,0.0518315018315018,0.345970695970696,0,0.0617216117216117,0.111538461538462,0.428937728937729
216773.411807,2691866.126422,0.122018348623853,0.274678899082569,0,0.0300917431192661,0.10605504587156,0.467155963302752
217273.411807,2691866.126422,0.123830489818382,0.227848101265823,0,0.0471473124197395,0.0983305815446707,0.502843514951385
217773.411807,2691866.126422,0.112087912087912,0.387912087912088,0.000366300366300366,0.028021978021978,0.0635531135531135,0.408058608058608
218273.411807,2691866.126422,0.0856880733944954,0.359266055045872,0,0.028256880733945,0.100550458715596,0.426238532110092
218773.411807,2691866.126422,0.289304714731242,0.0772335351311686,0.0289855072463768,0.00293524124013942,0.0476976701522656,0.553843331498808
219273.411807,2691866.126422,0.267216117216117,0.110622710622711,0.00128205128205128,0.0441391941391941,0.0573260073260073,0.519413919413919
219773.411807,2691866.126422,0.261284403669725,0.0491743119266055,0.00036697247706422,0.0157798165137615,0.101467889908257,0.571926605504587
220273.411807,2691866.126422,0.241607044578976,0.0315538433314988,0.00110071546505228,0.0618235186204366,0.0979636763896533,0.565951201614383
220773.411807,2691866.126422,0.376739926739927,0.0203296703296703,0,0.0441391941391941,0.103296703296703,0.455494505494505
221273.411807,2691866.126422,0.160550458715596,0.346422018348624,0.00275229357798165,0.0814678899082569,0.128073394495413,0.280733944954128
221773.411807,2691866.126422,0.0300862227114291,0.567969179966978,0.000183452577508714,0.0366905155017428,0.0867730691616217,0.278297560080719
222273.411807,2691866.126422,0.0483516483516484,0.50018315018315,0,0.0532967032967033,0.0796703296703297,0.318498168498168
222773.411807,2691866.126422,0.0440366972477064,0.504403669724771,0,0.078348623853211,0.0669724770642202,0.306238532110092
223273.411807,2691866.126422,0.0418271876719868,0.548156301596037,0,0.0286186020913594,0.0559530361401578,0.325444872500459
223773.411807,2691866.126422,0.0690476190476191,0.367948717948718,0,0.0353479853479853,0.0818681318681319,0.445787545787546
224273.411807,2691866.126422,0.160183486238532,0.0570642201834862,0,0.00055045871559633,0.0697247706422018,0.712477064220184
212273.411807,2691366.126422,0.184249084249084,0.186263736263736,0.00201465201465201,0.0912087912087912,0.0932234432234432,0.443040293040293
212773.411807,2691366.126422,0.272893772893773,0.078021978021978,0,0.209157509157509,0.154395604395604,0.285531135531136
213273.411807,2691366.126422,0.263292995966263,0.270627062706271,0,0.0104510451045105,0.077007700770077,0.378621195452879
213773.411807,2691366.126422,0.102564102564103,0.515567765567766,0,0.00311355311355311,0.0362637362637363,0.342490842490842
214273.411807,2691366.126422,0.0448717948717949,0.560622710622711,0,0.0291208791208791,0.0895604395604396,0.275824175824176
214773.411807,2691366.126422,0.0551888522185552,0.522368903557022,0.000183351668500183,0.200770077007701,0.0806747341400807,0.140814081408141
215273.411807,2691366.126422,0.0395604395604396,0.277472527472527,0.000915750915750916,0.368681318681319,0.112637362637363,0.200732600732601
215773.411807,2691366.126422,0.0531135531135531,0.453113553113553,0.000183150183150183,0.0507326007326007,0.0741758241758242,0.368681318681319
216273.411807,2691366.126422,0.0632563256325633,0.187752108544188,0,0.0100843417675101,0.0403373670700403,0.698569856985699
216773.411807,2691366.126422,0.0657509157509158,0.38992673992674,0,0.015018315018315,0.0456043956043956,0.483699633699634
217273.411807,2691366.126422,0.125091575091575,0.201098901098901,0.00879120879120879,0.0208791208791209,0.0467032967032967,0.597435897435897
217773.411807,2691366.126422,0.246241290795746,0.111294462779611,0,0.0287862119545288,0.0858085808580858,0.527869453612028
218273.411807,2691366.126422,0.284065934065934,0.071978021978022,0,0.00366300366300366,0.0525641025641026,0.587728937728938
218773.411807,2691366.126422,0.364652014652015,0.0287545787545788,0,0.000915750915750916,0.0172161172161172,0.588461538461538
219273.411807,2691366.126422,0.133296662999633,0.0711404473780711,0,0.0337367070040337,0.0581224789145581,0.703703703703704
219773.411807,2691366.126422,0.155128205128205,0.0417582417582418,0.000183150183150183,0.165018315018315,0.0820512820512821,0.555860805860806
220273.411807,2691366.126422,0.261721611721612,0.0782051282051282,0,0.00805860805860806,0.0635531135531135,0.588461538461538
220773.411807,2691366.126422,0.150715071507151,0.222038870553722,0.00605060506050605,0.0942427576090942,0.123028969563623,0.403923725705904
221273.411807,2691366.126422,0.160805860805861,0.155311355311355,0.00293040293040293,0.0934065934065934,0.140842490842491,0.446703296703297
221773.411807,2691366.126422,0.136630036630037,0.357692307692308,0.00659340659340659,0.0168498168498168,0.0531135531135531,0.429120879120879
222273.411807,2691366.126422,0.0614228089475614,0.468646864686469,0,0.0922258892555922,0.079024569123579,0.298679867986799
222773.411807,2691366.126422,0.0395604395604396,0.444688644688645,0,0.0796703296703297,0.0543956043956044,0.381684981684982
223273.411807,2691366.126422,0.0401098901098901,0.372344322344322,0,0.043956043956044,0.0794871794871795,0.464102564102564
223773.411807,2691366.126422,0.0612394572790612,0.42042537587092,0,0.0157682434910158,0.0982764943160983,0.404290429042904
224273.411807,2691366.126422,0.0532967032967033,0.309157509157509,0.000183150183150183,0.0183150183150183,0.155128205128205,0.463919413919414
212273.411807,2690866.126422,0.0645990089924757,0.371077261882914,0,0.0170673518076711,0.0407414204441182,0.506514956872821
212773.411807,2690866.126422,0.0328259673574179,0.33211076471667,0.000550155877498625,0.13203741059967,0.130203557674674,0.372272143774069
213273.411807,2690866.126422,0.0509437419827744,0.632398753894081,0,0.0729338464357706,0.0797141286421111,0.164009529045263
213773.411807,2690866.126422,0.0244081482840888,0.747109561387411,0,0.0403743806202973,0.0489998164800881,0.139108093228115
214273.411807,2690866.126422,0.0594168347698515,0.46799926645883,0.000366770584999083,0.0762882816798093,0.101412066752246,0.294516779754264
214773.411807,2690866.126422,0.112332783580722,0.368334249587686,0,0.0142935678944475,0.0524097489463075,0.452629649990837
215273.411807,2690866.126422,0.18241879243898,0.405579005322077,0.000734079647641769,0.0161497522481189,0.0411084602679391,0.354009910075243
215773.411807,2690866.126422,0.114249037227214,0.204474601136989,0,0.165963689712085,0.143590684027141,0.371721987896571
216273.411807,2690866.126422,0.156496243357156,0.285138354407183,0,0.00934579439252336,0.0317024005864028,0.517317207256734
216773.411807,2690866.126422,0.165534960543219,0.0458799779776106,0,0.0677188474949532,0.17434391631492,0.546522297669297
217273.411807,2690866.126422,0.373739226114066,0.0317256556024207,0,0.0652851641298368,0.0649183935448377,0.464331560608839
217773.411807,2690866.126422,0.114531794026022,0.074216602528862,0.00549752611324904,0.139453912406084,0.164559281656588,0.501740883269196
218273.411807,2690866.126422,0.242062763809873,0.0412919801798495,0.000183519911910442,0.00495503762158194,0.082583960359699,0.628922738117086
218773.411807,2690866.126422,0.208325692279479,0.0414450761048964,0.00861910874747845,0.0977443609022556,0.174032642582065,0.469833119383825
219273.411807,2690866.126422,0.19736118746564,0.023089609675646,0.000549752611324904,0.203225215319773,0.338830859446582,0.236943375481034
219773.411807,2690866.126422,0.18241879243898,0.0350523031748945,0,0.251789319141127,0.212883097816113,0.317856487428886
220273.411807,2690866.126422,0.0489638730973776,0.128369704749679,0.000733541169998166,0.100861910874748,0.178433889602054,0.542637080506143
220773.411807,2690866.126422,0.103353490929082,0.222466556716144,0,0.0678028220634048,0.099321971779366,0.507055158512003
221273.411807,2690866.126422,0.0790970820334006,0.297852817030648,0,0.0642319691686548,0.138190493668563,0.420627638098734
221773.411807,2690866.126422,0.167064001467082,0.124335228314689,0.015587749862461,0.111314872547222,0.238767650834403,0.342930496974143
222273.411807,2690866.126422,0.317024005864028,0.0346344145134689,0,0.0914421843503757,0.204691222283306,0.352208172988822
222773.411807,2690866.126422,0.187740869884382,0.409616443384107,0.0119287942741787,0.0642319691686548,0.0517526151587447,0.274729308129932
223273.411807,2690866.126422,0.0867412433522831,0.326792591234183,0,0.044379240784889,0.094810196222263,0.447276728406382
223773.411807,2690866.126422,0.0689023272860546,0.402968664101155,0,0.0287703866593366,0.1412864211105,0.358072200842954
224273.411807,2690866.126422,0.124977060011011,0.260047715177097,0,0.00275279867865663,0.0469810974490732,0.565241328684162
212273.411807,2690366.126422,0.180733944954128,0.50256880733945,0,0,0.0256880733944954,0.291009174311927
212773.411807,2690366.126422,0.378279214822968,0.198862594019446,0,0.00183452577508714,0.0188956154833975,0.402128049899101
213273.411807,2690366.126422,0.210989010989011,0.095970695970696,0,0.00934065934065934,0.0835164835164835,0.60018315018315
213773.411807,2690366.126422,0.0992660550458716,0.224770642201835,0,0.0910091743119266,0.159633027522936,0.425321100917431
214273.411807,2690366.126422,0.0544854155200881,0.28104934874335,0,0.0194459732159237,0.0526508897450009,0.592368372775637
214773.411807,2690366.126422,0.141941391941392,0.321611721611722,0,0.0514652014652015,0.086996336996337,0.397985347985348
215273.411807,2690366.126422,0.031743119266055,0.379633027522936,0,0.0355963302752294,0.107339449541284,0.445688073394495
215773.411807,2690366.126422,0.0317372959090075,0.217574756925335,0.000733810310034856,0.023115024766098,0.0886075949367089,0.638231517152816
216273.411807,2690366.126422,0.0571428571428571,0.176739926739927,0,0.115934065934066,0.132417582417582,0.517765567765568
216773.411807,2690366.126422,0.137614678899083,0.230825688073394,0,0.128807339449541,0.139449541284404,0.363302752293578
217273.411807,2690366.126422,0.365437534397358,0.0157769216657494,0,0.114657860942946,0.0770500825536599,0.427077600440286
217773.411807,2690366.126422,0.143223443223443,0.0232600732600733,0.000183150183150183,0.172893772893773,0.244322344322344,0.416117216117216
218273.411807,2690366.126422,0.0438532110091743,0.0438532110091743,0,0.460917431192661,0.244036697247706,0.207339449541284
