"x","y","forest","agri","water","built","other","grass"
326273.411807,2751866.126422,0.987339449541284,0,0,0,0,0.0126605504587156
326773.411807,2751866.126422,0.923500275178866,0.00091726288754357,0,0,0,0.0755824619335902
327273.411807,2751866.126422,0.916300366300366,0.00164835164835165,0,0.000183150183150183,0.0032967032967033,0.0785714285714286
327773.411807,2751866.126422,0.875596330275229,0.00128440366972477,0,0,0,0.123119266055046
328273.411807,2751866.126422,0.840946615299945,0.0225646670335718,0,0.000366905155017428,0.00348559897266557,0.1326362135388
328773.411807,2751866.126422,0.856959706959707,0.137179487179487,0,0,0,0.00586080586080586
329273.411807,2751866.126422,0.89394495412844,0.0218348623853211,0,0,0,0.0842201834862385
329773.411807,2751866.126422,0.914511098880939,0.0421940928270042,0,0,0,0.0432948082920565
330273.411807,2751866.126422,0.921794871794872,0.0122710622710623,0,0,0,0.0659340659340659
330773.411807,2751866.126422,0.857798165137615,0.00018348623853211,0,0,0.00073394495412844,0.141284403669725
331273.411807,2751866.126422,0.913960741148413,0,0,0,0,0.0860392588515869
331773.411807,2751866.126422,0.772344322344322,0.000732600732600733,0,0,0.00128205128205128,0.225641025641026
332273.411807,2751866.126422,0.908990825688073,0.00018348623853211,0,0,0,0.0908256880733945
332773.411807,2751866.126422,0.843698403962576,0.000733810310034856,0,0,0.00385250412768299,0.151715281599706
333273.411807,2751866.126422,0.93974358974359,0,0,0,0,0.0602564102564103
333773.411807,2751866.126422,0.84697247706422,0.00018348623853211,0,0.00018348623853211,0.00073394495412844,0.151926605504587
334273.411807,2751866.126422,0.493487433498441,0.00972298660796184,0,0.0794349660612732,0.0607228031553843,0.35663181067694
334773.411807,2751866.126422,0.103846153846154,0.117948717948718,0.0032967032967033,0.238827838827839,0.0904761904761905,0.445604395604396
326273.411807,2751366.126422,0.98992673992674,0,0,0.00164835164835165,0.00256410256410256,0.00586080586080586
326773.411807,2751366.126422,0.964468864468864,0.03003663003663,0,0,0,0.00549450549450549
327273.411807,2751366.126422,0.941694169416942,0.026952695269527,0,0,0,0.0313531353135314
327773.411807,2751366.126422,0.89010989010989,0.0197802197802198,0,0,0,0.0901098901098901
328273.411807,2751366.126422,0.813553113553114,0.0448717948717949,0,0.00695970695970696,0.0135531135531136,0.121062271062271
328773.411807,2751366.126422,0.760726072607261,0.1998533186652,0,0,0,0.0394206087275394
329273.411807,2751366.126422,0.645970695970696,0.23021978021978,0,0,0.000366300366300366,0.123443223443223
329773.411807,2751366.126422,0.875457875457875,0.0388278388278388,0,0,0,0.0857142857142857
330273.411807,2751366.126422,0.926842684268427,0.0066006600660066,0,0,0,0.0665566556655666
330773.411807,2751366.126422,0.926007326007326,0.000366300366300366,0,0,0.00164835164835165,0.071978021978022
331273.411807,2751366.126422,0.916849816849817,0.000366300366300366,0,0,0.0010989010989011,0.0816849816849817
331773.411807,2751366.126422,0.778694536120279,0.0282361569490282,0,0.000183351668500183,0.0106343967730106,0.182251558489182
332273.411807,2751366.126422,0.795421245421245,0.000915750915750916,0,0.00183150183150183,0.0161172161172161,0.185714285714286
332773.411807,2751366.126422,0.631684981684982,0.0139194139194139,0,0.0032967032967033,0.0327838827838828,0.318315018315018
333273.411807,2751366.126422,0.483865053171984,0.00916758342500917,0,0.00238357169050238,0.0157682434910158,0.488815548221489
333773.411807,2751366.126422,0.298534798534799,0.0197802197802198,0,0.0496336996336996,0.0804029304029304,0.551648351648352
334273.411807,2751366.126422,0.0538461538461538,0.106593406593407,0.137545787545788,0.32985347985348,0.101098901098901,0.271062271062271
326273.411807,2750866.126422,0.970086254358598,0.0163332721600294,0,0,0.000734079647641769,0.012846393833731
326773.411807,2750866.126422,0.976343297267559,0.0236567027324409,0,0,0,0
327273.411807,2750866.126422,0.96976360637713,0.0302363936228697,0,0,0,0
327773.411807,2750866.126422,0.956872820701046,0.0196366305744173,0,0,0,0.0234905487245366
328273.411807,2750866.126422,0.866862277645333,0.0916926462497708,0,0.00201723821749496,0.00550155877498625,0.0339262791124152
328773.411807,2750866.126422,0.788528495510354,0.102437236576874,0,0.0047645226314825,0.00219901044529962,0.10207073483599
329273.411807,2750866.126422,0.859240227564691,0.0912093962194898,0,0,0.00183519911910442,0.047715177096715
329773.411807,2750866.126422,0.872363836420319,0.000366770584999083,0,0.000183385292499542,0.011186502842472,0.11589950485971
330273.411807,2750866.126422,0.941359721458677,0,0,0,0,0.0586402785413231
330773.411807,2750866.126422,0.808588731877409,0.00660671682877592,0,0.000550559735731327,0.00605615709304459,0.178197834465039
331273.411807,2750866.126422,0.790390610673024,0.0227397762699432,0,0.0198056115899505,0.0662020905923345,0.100861910874748
331773.411807,2750866.126422,0.230163093274693,0.101887483965549,0,0.0346344145134689,0.139087410665201,0.494227597581089
332273.411807,2750866.126422,0.385391815011929,0.0227564690768948,0,0.112864745824922,0.129565057808772,0.349421912277482
332773.411807,2750866.126422,0.207592151109481,0.0392444525949019,0.000183385292499542,0.161745827984596,0.163763066202091,0.427471116816431
333273.411807,2750866.126422,0.153747480300531,0.0692688290269379,0.000183250870441635,0.0716510903426791,0.141652922851384,0.563496426608026
333773.411807,2750866.126422,0.0801982015048633,0.0532207744540283,0,0.226463571297486,0.2073775004588,0.432739952284823
326273.411807,2750366.126422,0.993211009174312,0.00678899082568807,0,0,0,0
326773.411807,2750366.126422,0.967712346358466,0.0299027701339204,0,0,0.000550357732526142,0.00183452577508714
327273.411807,2750366.126422,0.9503663003663,0.0391941391941392,0,0,0,0.0104395604395604
327773.411807,2750366.126422,0.874495412844037,0.0363302752293578,0,0,0,0.0891743119266055
328273.411807,2750366.126422,0.681342872867364,0.240322876536415,0,0.00330214639515685,0.0119244175380664,0.0631076866629976
328773.411807,2750366.126422,0.846520146520147,0.119047619047619,0,0.000366300366300366,0.00274725274725275,0.0313186813186813
329273.411807,2750366.126422,0.839266055045872,0.0489908256880734,0,0,0,0.111743119266055
329773.411807,2750366.126422,0.878187488534214,0.000183452577508714,0,0,0,0.121629058888277
330273.411807,2750366.126422,0.852564102564103,0.00164835164835165,0,0.000366300366300366,0.0152014652014652,0.13021978021978
330773.411807,2750366.126422,0.734862385321101,0.046605504587156,0,0.0018348623853211,0.0425688073394495,0.174128440366972
331273.411807,2750366.126422,0.11410750321042,0.369106585947533,0,0.0139423958906623,0.0864061640066043,0.416437350944781
331773.411807,2750366.126422,0.0639194139194139,0.442857142857143,0.000549450549450549,0.0021978021978022,0.0128205128205128,0.477655677655678
332273.411807,2750366.126422,0.248807339449541,0.0519266055045872,0,0.136146788990826,0.117064220183486,0.44605504587156
332773.411807,2750366.126422,0.178866263070996,0.1326362135388,0.00183452577508714,0.160887910475142,0.17831590533847,0.347459181801504
333273.411807,2750366.126422,0.0547619047619048,0.0604395604395604,0.00183150183150183,0.565201465201465,0.163919413919414,0.153846153846154
333773.411807,2750366.126422,0.0144954128440367,0.0869724770642202,0.00880733944954129,0.197981651376147,0.19302752293578,0.498715596330275
334273.411807,2750366.126422,0.0165107319757843,0.109337736195194,0.166574940377912,0.202164740414603,0.0381581361218125,0.467253714914695
326273.411807,2749866.126422,0.991758241758242,0.00824175824175824,0,0,0,0
326773.411807,2749866.126422,0.987179487179487,0.0128205128205128,0,0,0,0
327273.411807,2749866.126422,0.914374770810414,0.0225522552255226,0,0,0.000183351668500183,0.0628896222955629
327773.411807,2749866.126422,0.698717948717949,0.0575091575091575,0,0.00164835164835165,0.00183150183150183,0.24029304029304
328273.411807,2749866.126422,0.771062271062271,0.0181318681318681,0,0.000732600732600733,0.0021978021978022,0.207875457875458
328773.411807,2749866.126422,0.683901723505684,0.156398973230656,0,0.000183351668500183,0.00128346167950128,0.158232489915658
329273.411807,2749866.126422,0.931318681318681,0.000915750915750916,0,0,0.00256410256410256,0.0652014652014652
329773.411807,2749866.126422,0.953479853479854,0.000549450549450549,0,0.000366300366300366,0.00457875457875458,0.041025641025641
330273.411807,2749866.126422,0.899339933993399,0.00201686835350202,0,0,0.0106343967730106,0.088008800880088
330773.411807,2749866.126422,0.431868131868132,0.0992673992673993,0,0.00989010989010989,0.0754578754578755,0.383516483516484
331273.411807,2749866.126422,0.162637362637363,0.073992673992674,0,0.0131868131868132,0.0833333333333333,0.666849816849817
331773.411807,2749866.126422,0.13017968463513,0.417675100843418,0,0.0077007700770077,0.0630729739640631,0.381371470480381
332273.411807,2749866.126422,0.156227106227106,0.126190476190476,0,0.0512820512820513,0.171062271062271,0.495238095238095
332773.411807,2749866.126422,0.154578754578755,0.0648351648351648,0.000549450549450549,0.177106227106227,0.174542124542125,0.428388278388278
333273.411807,2749866.126422,0.101210121012101,0.0683901723505684,0.00165016501650165,0.36982031536487,0.148148148148148,0.310781078107811
333773.411807,2749866.126422,0.249267399267399,0.0945054945054945,0.0192307692307692,0.175824175824176,0.145421245421245,0.315750915750916
326273.411807,2749366.126422,0.998348320792806,0.00165167920719398,0,0,0,0
326773.411807,2749366.126422,0.974692829635063,0.0253071703649367,0,0,0,0
327273.411807,2749366.126422,0.855231812351109,0.106652006597031,0,0,0,0.03811618105186
327773.411807,2749366.126422,0.890622132501376,0.0385391815011929,0,0,0,0.0708386859974307
328273.411807,2749366.126422,0.915275994865212,0.0141206675224647,0,0,0,0.0706033376123235
328773.411807,2749366.126422,0.798424042514202,0.000733003481766538,0,0,0.000366501740883269,0.200476452263148
329273.411807,2749366.126422,0.973573132684896,0,0,0,0,0.0264268673151037
329773.411807,2749366.126422,0.782321657803044,0.0146708233999633,0,0.000183385292499542,0.0218228498074454,0.181001283697047
330273.411807,2749366.126422,0.625984973428624,0.0351841671247938,0,0.0201575957485798,0.122778083195895,0.195895180502107
330773.411807,2749366.126422,0.085887318774087,0.371077261882914,0,0.0106441548908057,0.0422095797394017,0.490181684712791
331273.411807,2749366.126422,0.112598569594719,0.446359801943884,0.0137538969374656,0.0425453878598936,0.0783055198973042,0.306436823766734
331773.411807,2749366.126422,0.0765988638446033,0.477735019241341,0.00128275609309144,0.0106285504856148,0.0491112332783581,0.384643577056991
332273.411807,2749366.126422,0.154890805652413,0.161497522481189,0.000183519911910442,0.0928610754266838,0.103505230317489,0.487061846210314
332773.411807,2749366.126422,0.0502475701448744,0.428938199156428,0,0.0297084173849257,0.0682193288098294,0.422886484503943
333273.411807,2749366.126422,0.0267546270844787,0.120762323621037,0.0423309510720176,0.0925416895730255,0.149349459409932,0.568260949239509
333773.411807,2749366.126422,0.268489631124977,0.0284455863461186,0.216186456230501,0.217471095613874,0.0697375665259681,0.199669664158561
326273.411807,2748866.126422,0.994495412844037,0.0055045871559633,0,0,0,0
326773.411807,2748866.126422,0.961108053568153,0.0258668134287287,0,0,0,0.0130251330031187
327273.411807,2748866.126422,0.975457875457875,0.0179487179487179,0,0,0,0.00659340659340659
327773.411807,2748866.126422,0.909174311926605,0.0377981651376147,0,0,0,0.0530275229357798
328273.411807,2748866.126422,0.778022381214456,0,0,0,0,0.221977618785544
328773.411807,2748866.126422,0.958058608058608,0,0,0,0,0.0419413919413919
329273.411807,2748866.126422,0.971559633027523,0,0,0,0,0.0284403669724771
329773.411807,2748866.126422,0.470005503577325,0.0232984773436067,0,0.00880572372041827,0.108787378462667,0.389102916895982
330273.411807,2748866.126422,0.123260073260073,0.18974358974359,0,0.0391941391941392,0.195238095238095,0.452564102564103
330773.411807,2748866.126422,0.0403669724770642,0.185321100917431,0,0.00018348623853211,0.00972477064220183,0.764403669724771
331273.411807,2748866.126422,0.0467804072647221,0.627407815079802,0.00091726288754357,0.0517336268574573,0.101816180517336,0.171344707393139
331773.411807,2748866.126422,0.102747252747253,0.18974358974359,0.0113553113553114,0.176190476190476,0.217765567765568,0.302197802197802
332273.411807,2748866.126422,0.14,0.234678899082569,0.00018348623853211,0.0634862385321101,0.131009174311927,0.430642201834862
332773.411807,2748866.126422,0.060906255732893,0.232801320858558,0.101632727939828,0.0770500825536599,0.101632727939828,0.425976884975234
333273.411807,2748866.126422,0.140659340659341,0.0847985347985348,0.187179487179487,0.124908424908425,0.084981684981685,0.377472527472527
326273.411807,2748366.126422,0.97032967032967,0.00274725274725275,0,0,0,0.0269230769230769
326773.411807,2748366.126422,0.750732600732601,0,0,0,0,0.249267399267399
327273.411807,2748366.126422,0.92995966263293,0.0133846718005134,0,0,0,0.0566556655665567
327773.411807,2748366.126422,0.911355311355311,0.00750915750915751,0,0,0.000915750915750916,0.0802197802197802
328273.411807,2748366.126422,0.908791208791209,0.000366300366300366,0,0,0.000549450549450549,0.0902930402930403
328773.411807,2748366.126422,0.825632563256326,0.00348368170150348,0,0.000183351668500183,0.00183351668500183,0.168866886688669
329273.411807,2748366.126422,0.448351648351648,0.045970695970696,0,0.00805860805860806,0.0932234432234432,0.404395604395604
329773.411807,2748366.126422,0.2496336996337,0.0820512820512821,0.00402930402930403,0.0194139194139194,0.16996336996337,0.474908424908425
330273.411807,2748366.126422,0.0938760542720939,0.35038503850385,0.00128346167950128,0.0324532453245325,0.0924092409240924,0.42959295929593
330773.411807,2748366.126422,0.0351648351648352,0.366849816849817,0,0.0276556776556777,0.104212454212454,0.466117216117216
331273.411807,2748366.126422,0.0529304029304029,0.66996336996337,0,0.0223443223443223,0.0736263736263736,0.181135531135531
331773.411807,2748366.126422,0.229189585625229,0.191969196919692,0.0166850018335167,0.0143014301430143,0.0535386872020535,0.494316098276494
332273.411807,2748366.126422,0.0415750915750916,0.187179487179487,0.28992673992674,0.121611721611722,0.0529304029304029,0.306776556776557
332773.411807,2748366.126422,0.0236263736263736,0.0921245421245421,0.444139194139194,0.2503663003663,0.0836996336996337,0.106043956043956
333273.411807,2748366.126422,0.0621562156215622,0.0623395672900623,0.189035570223689,0.363219655298863,0.0788412174550788,0.244407774110744
326273.411807,2747866.126422,0.812259130115618,0,0,0,0.000183519911910442,0.187557349972472
326773.411807,2747866.126422,0.901705483220246,0,0,0,0,0.0982945167797543
327273.411807,2747866.126422,0.880703683342496,0,0,0,0,0.119296316657504
327773.411807,2747866.126422,0.892640851532391,0,0,0,0,0.107359148467609
328273.411807,2747866.126422,0.862094260040345,0.0053181734824867,0,0,0.000366770584999083,0.132220795892169
328773.411807,2747866.126422,0.56276342312626,0.00861279091075683,0,0.0148433205057724,0.0846619021440352,0.329118563313176
329273.411807,2747866.126422,0.172875757019637,0.222059093411635,0.000734079647641769,0.0701046063497889,0.206276380987337,0.32795008258396
329773.411807,2747866.126422,0.162295983862094,0.159728589767101,0.0130203557674674,0.112415184302219,0.136988813497158,0.415551072803961
330273.411807,2747866.126422,0.0656038116181052,0.525380245556166,0,0.0243723657687374,0.148433205057724,0.236210371999267
330773.411807,2747866.126422,0.0256927876674619,0.656634244815563,0.00972655533125344,0.00972655533125344,0.0642319691686548,0.233987887685814
331273.411807,2747866.126422,0.0828901522097928,0.481386392811297,0.000183385292499542,0.0546488171648634,0.125802310654686,0.255088941866862
331773.411807,2747866.126422,0.0800806303829943,0.0771486164559282,0.169507055158512,0.210921751878321,0.127909107568261,0.334432838555983
332273.411807,2747866.126422,0.00752431638832813,0.0620297302257295,0.36080014681593,0.482473848412553,0.0612956505780877,0.0258763075793724
332773.411807,2747866.126422,0.0214560792224464,0.102695763799743,0.401613790573996,0.303135888501742,0.0586832935998533,0.112415184302219
333273.411807,2747866.126422,0.138354407183434,0.0533260032985157,0.087777166941543,0.238226131574125,0.124244090159428,0.358072200842954
326273.411807,2747366.126422,0.910091743119266,0.00880733944954129,0,0.00018348623853211,0.0108256880733945,0.0700917431192661
326773.411807,2747366.126422,0.946798752522473,0,0,0,0,0.0532012474775271
327273.411807,2747366.126422,0.924175824175824,0,0,0,0,0.0758241758241758
327773.411807,2747366.126422,0.553577981651376,0.0165137614678899,0.00018348623853211,0.0100917431192661,0.134311926605505,0.285321100917431
328273.411807,2747366.126422,0.283250779673454,0.104384516602458,0.0104567969179967,0.0952118877270226,0.284901852871033,0.221794166208035
328773.411807,2747366.126422,0.106593406593407,0.156227106227106,0.00238095238095238,0.131684981684982,0.257326007326007,0.345787545787546
329273.411807,2747366.126422,0.0906422018348624,0.297614678899083,0.0146788990825688,0.0242201834862385,0.12954128440367,0.443302752293578
329773.411807,2747366.126422,0.063474591818015,0.384333149880756,0.0148596587782058,0.0515501742799486,0.116492386718033,0.369290038525041
330273.411807,2747366.126422,0.0368131868131868,0.631684981684982,0.0032967032967033,0.0335164835164835,0.0815018315018315,0.213186813186813
330773.411807,2747366.126422,0.0414678899082569,0.605137614678899,0.0387155963302752,0.04,0.0757798165137615,0.198899082568807
331273.411807,2747366.126422,0.0753990093560815,0.385800770500826,0.0906255732893047,0.0682443588332416,0.0961291506145661,0.283801137405981
331773.411807,2747366.126422,0.0415750915750916,0.106593406593407,0.444688644688645,0.145054945054945,0.0831501831501831,0.178937728937729
332273.411807,2747366.126422,0.0102752293577982,0.0796330275229358,0.406605504587156,0.318165137614679,0.140366972477064,0.044954128440367
332773.411807,2747366.126422,0.0104567969179967,0.0682443588332416,0.42084021280499,0.282883874518437,0.0687947165657677,0.148780040359567
333273.411807,2747366.126422,0.166483516483516,0.0490842490842491,0.223260073260073,0.22985347985348,0.0805860805860806,0.250732600732601
326273.411807,2746866.126422,0.5,0.0205128205128205,0,0.00531135531135531,0.0985347985347985,0.375641025641026
326773.411807,2746866.126422,0.591391941391941,0.00915750915750916,0,0.0021978021978022,0.036996336996337,0.36025641025641
327273.411807,2746866.126422,0.487348734873487,0.0287862119545288,0,0.0423542354235424,0.251558489182252,0.18995232856619
327773.411807,2746866.126422,0.176373626373626,0.0402930402930403,0.000183150183150183,0.255128205128205,0.396703296703297,0.131318681318681
328273.411807,2746866.126422,0.0846153846153846,0.0864468864468864,0.00347985347985348,0.325824175824176,0.335714285714286,0.163919413919414
328773.411807,2746866.126422,0.0297029702970297,0.189402273560689,0,0.00825082508250825,0.0638063806380638,0.708837550421709
329273.411807,2746866.126422,0.0342490842490843,0.375457875457875,0.0021978021978022,0.00970695970695971,0.0725274725274725,0.505860805860806
329773.411807,2746866.126422,0.05,0.0970695970695971,0.00164835164835165,0.0441391941391941,0.131318681318681,0.675824175824176
330273.411807,2746866.126422,0.041987532086542,0.282361569490282,0.0262192885955262,0.0137513751375138,0.0295196186285295,0.606160616061606
330773.411807,2746866.126422,0.0564102564102564,0.377838827838828,0.115567765567766,0.0736263736263736,0.0432234432234432,0.333333333333333
331273.411807,2746866.126422,0.03003663003663,0.121978021978022,0.506593406593407,0.145238095238095,0.0635531135531135,0.132600732600733
331773.411807,2746866.126422,0.0066006600660066,0.132379904657132,0.544187752108544,0.100660066006601,0.0782911624495783,0.137880454712138
332273.411807,2746866.126422,0.00970695970695971,0.117399267399267,0.485347985347985,0.184249084249084,0.116849816849817,0.0864468864468864
332773.411807,2746866.126422,0.0366300366300366,0.0912087912087912,0.314835164835165,0.183882783882784,0.102564102564103,0.270879120879121
326273.411807,2746366.126422,0.404294365938704,0.0400073407964764,0,0.00238575885483575,0.0726738851165352,0.480638649293448
326773.411807,2746366.126422,0.298184485604255,0.0361269026224097,0,0.000916926462497708,0.028791490922428,0.63598019438841
327273.411807,2746366.126422,0.391607110133773,0.0375664284405351,0,0.0509437419827744,0.199193696170057,0.320689023272861
327773.411807,2746366.126422,0.148834648559369,0.0530372545421178,0,0.21563589649477,0.421361717746375,0.161130482657368
328273.411807,2746366.126422,0.0700531817348249,0.179717586649551,0.000366770584999083,0.0412616908123968,0.176966807262058,0.531633962956171
328773.411807,2746366.126422,0.0954737035000916,0.432288803371816,0,0.0258383727322705,0.0549752611324904,0.391423859263332
329273.411807,2746366.126422,0.0394567810607451,0.420811158010644,0,0.0680858873187741,0.163883281336025,0.307762892273812
329773.411807,2746366.126422,0.0256739409499358,0.214744177516963,0.192554557124519,0.132954337062168,0.0902255639097744,0.34384742343664
330273.411807,2746366.126422,0.00733003481766538,0.0914421843503757,0.583104269745281,0.157229246838922,0.0590067802822063,0.101887483965549
330773.411807,2746366.126422,0.0176179115434025,0.164617360983667,0.340979996329602,0.118737383006056,0.115801064415489,0.242246283721784
331273.411807,2746366.126422,0.0154043645699615,0.0968274344397579,0.396662387676508,0.14010636346965,0.0825233816247937,0.268476068219329
331773.411807,2746366.126422,0.0207073483599047,0.120579072750596,0.436686824262415,0.0925416895730255,0.0747663551401869,0.254718709913872
332273.411807,2746366.126422,0.0203707102220591,0.174527436226831,0.338043677739035,0.101486511286475,0.122040741420444,0.243530923105157
332773.411807,2746366.126422,0.0720704199523198,0.099211443242252,0.142673757564643,0.110397946084724,0.10416284613974,0.471483587016321
326273.411807,2745866.126422,0.0669724770642202,0.288440366972477,0,0.0122935779816514,0.133761467889908,0.498532110091743
326773.411807,2745866.126422,0.0509998165474225,0.544487250045863,0,0.00550357732526142,0.0709961474958723,0.328013208585581
327273.411807,2745866.126422,0.12967032967033,0.097985347985348,0,0.00238095238095238,0.0611721611721612,0.708791208791209
327773.411807,2745866.126422,0.0757798165137615,0.0471559633027523,0,0.343302752293578,0.268440366972477,0.265321100917431
328273.411807,2745866.126422,0.0537516052100532,0.5221060355898,0,0.0216474041460283,0.0695285268758026,0.332966428178316
328773.411807,2745866.126422,0.0679487179487179,0.541208791208791,0,0.00897435897435897,0.103663003663004,0.278205128205128
329273.411807,2745866.126422,0.0489908256880734,0.790091743119266,0.00036697247706422,0.0154128440366972,0.0289908256880734,0.116146788990826
329773.411807,2745866.126422,0.0132085855806274,0.416070445789763,0.203448908457164,0.0454962392221611,0.071179600073381,0.250596220876903
330273.411807,2745866.126422,0.0668498168498168,0.245238095238095,0.264468864468864,0.136080586080586,0.123626373626374,0.163736263736264
330773.411807,2745866.126422,0.028256880733945,0.150825688073394,0.286788990825688,0.116697247706422,0.0970642201834862,0.320366972477064
331273.411807,2745866.126422,0.0543019629425793,0.149330398092093,0.265822784810127,0.254265272427078,0.0922766464868831,0.18400293524124
331773.411807,2745866.126422,0.0263736263736264,0.143223443223443,0.256043956043956,0.163919413919414,0.140842490842491,0.26959706959707
332273.411807,2745866.126422,0.084954128440367,0.118165137614679,0.195045871559633,0.126788990825688,0.105871559633028,0.369174311926605
332773.411807,2745866.126422,0.14547789396441,0.103834158869932,0.0687947165657677,0.121445606310769,0.14547789396441,0.414969730324711
326273.411807,2745366.126422,0.0901098901098901,0.0564102564102564,0,0.0186813186813187,0.231135531135531,0.603663003663004
326773.411807,2745366.126422,0.0752747252747253,0.387545787545788,0,0.0108058608058608,0.155128205128205,0.371245421245421
327273.411807,2745366.126422,0.0438210487715438,0.476347634763476,0.000916758342500917,0.0170517051705171,0.113127979464613,0.348734873487349
327773.411807,2745366.126422,0.212087912087912,0.101648351648352,0,0.0454212454212454,0.126923076923077,0.513919413919414
328273.411807,2745366.126422,0.0769230769230769,0.444505494505494,0,0.0404761904761905,0.151648351648352,0.286446886446886
328773.411807,2745366.126422,0.0797579757975798,0.77026035936927,0,0.00128346167950128,0.0405207187385405,0.108177484415108
329273.411807,2745366.126422,0.017032967032967,0.8496336996337,0,0.00201465201465201,0.0153846153846154,0.115934065934066
329773.411807,2745366.126422,0.0322344322344322,0.774358974358974,0,0.0043956043956044,0.01996336996337,0.169047619047619
330273.411807,2745366.126422,0.0251191785845251,0.828199486615328,0.00623395672900623,0.0170517051705171,0.0225522552255226,0.100843417675101
330773.411807,2745366.126422,0.0641025641025641,0.311172161172161,0.217765567765568,0.100549450549451,0.080952380952381,0.225457875457875
331273.411807,2745366.126422,0.0175824175824176,0.706593406593407,0.0787545787545788,0.0443223443223443,0.0278388278388278,0.124908424908425
331773.411807,2745366.126422,0.0452878621195453,0.437843784378438,0.23028969563623,0.0606894022735607,0.0287862119545288,0.197103043637697
332273.411807,2745366.126422,0.0388278388278388,0.443223443223443,0.123260073260073,0.0294871794871795,0.0489010989010989,0.316300366300366
332773.411807,2745366.126422,0.228571428571429,0.0805860805860806,0.0587912087912088,0.128754578754579,0.13956043956044,0.363736263736264
326273.411807,2744866.126422,0.66397504129198,0.0194531106625069,0,0.00146815929528354,0.0168838318957607,0.298219856854469
326773.411807,2744866.126422,0.050797726022373,0.272510544654319,0.000550155877498625,0.00935264991747662,0.183385292499542,0.483403631028791
327273.411807,2744866.126422,0.0645043063954554,0.359721458676929,0,0.0371999266996518,0.151181968114349,0.387392340113616
327773.411807,2744866.126422,0.090475316571848,0.480638649293448,0,0.0422095797394017,0.107359148467609,0.279317305927693
328273.411807,2744866.126422,0.0383275261324042,0.709701081973226,0,0.0137538969374656,0.044379240784889,0.193838254172015
328773.411807,2744866.126422,0.0885101704233095,0.465640461792194,0.000916254352208173,0.0274876305662452,0.147516950705516,0.269928532160528
329273.411807,2744866.126422,0.0321159845843274,0.625435859790787,0.0532207744540283,0.0295467058175812,0.0846026793907139,0.175077995962562
329773.411807,2744866.126422,0.0750045846323125,0.443609022556391,0.0982945167797543,0.0374105996699065,0.128369704749679,0.217311571611957
330273.411807,2744866.126422,0.0941909474070002,0.48433205057724,0.0659703133589885,0.0637713029136888,0.0525929998167491,0.239142385926333
330773.411807,2744866.126422,0.047715177096715,0.756285556982933,0.076344283354744,0.0278950266103872,0.0100935951550743,0.0816663608001468
331273.411807,2744866.126422,0.0282413350449294,0.849073904272877,0.0130203557674674,0.011186502842472,0.00788556757748029,0.0905923344947735
331773.411807,2744866.126422,0.01905809052593,0.814000366501741,0.00329851566794942,0.0142935678944475,0.0432472054242258,0.106102253985706
332273.411807,2744866.126422,0.0172508717195816,0.527252706918701,0.0330335841438796,0.0431271792989539,0.0961644338410718,0.283171224077812
332773.411807,2744866.126422,0.247019988996882,0.0810562992847974,0.0515312671923712,0.176783421969558,0.0993948285347515,0.344214194021639
326273.411807,2744366.126422,0.706788990825688,0.12256880733945,0,0.00110091743119266,0.0240366972477064,0.145504587155963
326773.411807,2744366.126422,0.0344890845716382,0.575123830489818,0,0.000550357732526142,0.0297193175564117,0.360117409649606
327273.411807,2744366.126422,0.0507326007326007,0.438461538461538,0.000183150183150183,0.0184981684981685,0.12967032967033,0.362454212454212
327773.411807,2744366.126422,0.0328440366972477,0.550642201834862,0.0306422018348624,0.00293577981651376,0.0262385321100917,0.356697247706422
328273.411807,2744366.126422,0.0366905155017428,0.514217574756925,0.0607228031553843,0.0587048248027885,0.093010456796918,0.236653824986241
328773.411807,2744366.126422,0.0326007326007326,0.531318681318681,0.122527472527473,0.0496336996336996,0.0628205128205128,0.201098901098901
329273.411807,2744366.126422,0.058348623853211,0.826238532110092,0.0106422018348624,0.00568807339449541,0.0119266055045872,0.0871559633027523
329773.411807,2744366.126422,0.0187121629058888,0.820766831773986,0,0.00807191341038342,0.0240322876536415,0.1284168042561
330273.411807,2744366.126422,0.00146520146520147,0.886080586080586,0,0.000183150183150183,0.010989010989011,0.101282051282051
330773.411807,2744366.126422,0.018348623853211,0.804403669724771,0.0174311926605505,0.00917431192660551,0.0308256880733945,0.119816513761468
331273.411807,2744366.126422,0.0247660979636764,0.783342505962209,0.0236653824986241,0.0104567969179967,0.0339387268391121,0.123830489818382
331773.411807,2744366.126422,0.0523809523809524,0.422344322344322,0.0584249084249084,0.0476190476190476,0.112271062271062,0.306959706959707
332273.411807,2744366.126422,0.028256880733945,0.157064220183486,0.288256880733945,0.103669724770642,0.122752293577982,0.3
332773.411807,2744366.126422,0.0842047330764997,0.0464135021097046,0.0577875619152449,0.363969913777289,0.0911759310218309,0.356448358099431
326273.411807,2743866.126422,0.0851648351648352,0.436080586080586,0,0.0307692307692308,0.168315018315018,0.27967032967033
326773.411807,2743866.126422,0.0633699633699634,0.510989010989011,0.000183150183150183,0.0642857142857143,0.128388278388278,0.232783882783883
327273.411807,2743866.126422,0.0390539053905391,0.333883388338834,0.000733406674000733,0.191052438577191,0.176384305097176,0.258892555922259
327773.411807,2743866.126422,0.0283882783882784,0.462271062271062,0,0.339194139194139,0.0987179487179487,0.0714285714285714
328273.411807,2743866.126422,0.00384615384615385,0.571428571428571,0.0681318681318681,0.265384615384615,0.0446886446886447,0.0465201465201465
328773.411807,2743866.126422,0.0174184085075174,0.419141914191419,0.0573890722405574,0.376787678767877,0.0715071507150715,0.0577557755775578
329273.411807,2743866.126422,0.0565934065934066,0.548901098901099,0.0639194139194139,0.178571428571429,0.0659340659340659,0.0860805860805861
329773.411807,2743866.126422,0.0415750915750916,0.537912087912088,0.0133699633699634,0.271428571428571,0.0661172161172161,0.0695970695970696
330273.411807,2743866.126422,0.0383204987165383,0.467730106343968,0.0663733039970664,0.222955628896223,0.115511551155116,0.0891089108910891
330773.411807,2743866.126422,0.00714285714285714,0.558058608058608,0.0653846153846154,0.268131868131868,0.0591575091575092,0.0421245421245421
331273.411807,2743866.126422,0.00732600732600733,0.194505494505495,0.3,0.396520146520146,0.0474358974358974,0.0542124542124542
331773.411807,2743866.126422,0.0236523652365237,0.299413274660799,0.124679134580125,0.154748808214155,0.153281994866153,0.244224422442244
332273.411807,2743866.126422,0.0351648351648352,0.133516483516484,0.207326007326007,0.0906593406593407,0.0842490842490843,0.449084249084249
332773.411807,2743866.126422,0.0456043956043956,0.0483516483516484,0.173992673992674,0.285164835164835,0.0716117216117216,0.375274725274725
326273.411807,2743366.126422,0.255276197467425,0.180216553496054,0.000367039823820885,0.235456046981097,0.161497522481189,0.167186639750413
326773.411807,2743366.126422,0.0135705116449661,0.180267742527049,0.0117366587199707,0.524848707133688,0.152943333944618,0.116633046029708
327273.411807,2743366.126422,0.0470954737035001,0.217335532343779,0.00733003481766538,0.284588601795859,0.221733553234378,0.22191680410482
327773.411807,2743366.126422,0,0.234171407597724,0,0.677371994861443,0.0501009359515507,0.0383556615892824
328273.411807,2743366.126422,0.00385109114249037,0.370988446726573,0.0381441408399046,0.525765633596186,0.0441958554923895,0.0170548322024574
328773.411807,2743366.126422,0.0276708814366868,0.37328202308961,0.0494777350192413,0.383544071834341,0.107018508337915,0.0590067802822063
329273.411807,2743366.126422,0.0233070288126262,0.379886217654615,0.0866213984217288,0.361901266287392,0.0945127546338778,0.0537713341897596
329773.411807,2743366.126422,0.06400146708234,0.390977443609023,0.0121034293049697,0.271043462314322,0.129103245919677,0.132770951769668
330273.411807,2743366.126422,0.0558915154846986,0.218435037566428,0.114898295766905,0.339380612057907,0.107385010078798,0.164009529045263
330773.411807,2743366.126422,0.0102771150669848,0.421361717746375,0.188291429620114,0.260414755000918,0.068452927142595,0.0512020554230134
331273.411807,2743366.126422,0.0330093526499175,0.232715936181918,0.349899138089125,0.241518430221896,0.0779387493123052,0.0649183935448377
331773.411807,2743366.126422,0.036100421477002,0.193879420927249,0.226681326736302,0.161627267729522,0.121495327102804,0.260216236027121
332273.411807,2743366.126422,0.063497889521013,0.129381537896862,0.265920352358231,0.106258028996146,0.093778674986236,0.341163516241512
332773.411807,2743366.126422,0.0238400880249404,0.0436456996148909,0.341463414634146,0.221162662754447,0.0212726939299468,0.348615441041628
326273.411807,2742866.126422,0.0223853211009174,0.481651376146789,0,0.139082568807339,0.202935779816514,0.15394495412844
326773.411807,2742866.126422,0.0100898917629793,0.350210970464135,0.001284168042561,0.349293707576591,0.177582095028435,0.111539167125298
327273.411807,2742866.126422,0.0296703296703297,0.428571428571429,0.00293040293040293,0.267216117216117,0.127106227106227,0.144505494505494
327773.411807,2742866.126422,0.0300917431192661,0.503669724770642,0,0.199633027522936,0.116146788990826,0.15045871559633
328273.411807,2742866.126422,0.016694184553293,0.445422858191158,0.000733810310034856,0.250412768299395,0.168776371308017,0.117960007338103
328773.411807,2742866.126422,0.0223443223443223,0.510622710622711,0.106959706959707,0.188278388278388,0.0531135531135531,0.118681318681319
329273.411807,2742866.126422,0.02,0.243669724770642,0.143669724770642,0.399266055045872,0.151559633027523,0.0418348623853211
329773.411807,2742866.126422,0.0133920381581361,0.236286919831224,0.219409282700422,0.425243074665199,0.0748486516235553,0.030820033021464
330273.411807,2742866.126422,0.0247252747252747,0.203846153846154,0.3,0.354761904761905,0.0820512820512821,0.0346153846153846
330773.411807,2742866.126422,0.00623853211009174,0.268807339449541,0.281100917431193,0.294128440366972,0.0697247706422018,0.08
331273.411807,2742866.126422,0.0326545587965511,0.17116125481563,0.163823151715282,0.443955237571088,0.108053568152633,0.0803522289488167
331773.411807,2742866.126422,0.056959706959707,0.200549450549451,0.197802197802198,0.262637362637363,0.123443223443223,0.158608058608059
332273.411807,2742866.126422,0.0291743119266055,0.242385321100917,0.105688073394495,0.102935779816514,0.118165137614679,0.401651376146789
326273.411807,2742366.126422,0.0124542124542125,0.452197802197802,0.000183150183150183,0.331501831501831,0.121611721611722,0.0820512820512821
326773.411807,2742366.126422,0.123809523809524,0.177838827838828,0.00256410256410256,0.379120879120879,0.152380952380952,0.164285714285714
327273.411807,2742366.126422,0.0495049504950495,0.440777411074441,0,0.204803813714705,0.154382104877154,0.150531719838651
327773.411807,2742366.126422,0.0228937728937729,0.43974358974359,0.000732600732600733,0.267765567765568,0.152564102564103,0.116300366300366
328273.411807,2742366.126422,0.0197802197802198,0.364652014652015,0.00641025641025641,0.437179487179487,0.113553113553114,0.0584249084249084
328773.411807,2742366.126422,0.0137513751375138,0.353685368536854,0.221122112211221,0.28969563623029,0.0641730839750642,0.0575724239090576
329273.411807,2742366.126422,0.0338827838827839,0.326739926739927,0.143772893772894,0.275091575091575,0.136630036630037,0.0838827838827839
329773.411807,2742366.126422,0.0117216117216117,0.16978021978022,0.317032967032967,0.395054945054945,0.065018315018315,0.0413919413919414
330273.411807,2742366.126422,0.0326365969930326,0.24954162082875,0.279244591125779,0.244591125779245,0.0924092409240924,0.101576824349102
330773.411807,2742366.126422,0.0212454212454212,0.354761904761905,0.226556776556777,0.241575091575092,0.0750915750915751,0.0807692307692308
331273.411807,2742366.126422,0.00238095238095238,0.147619047619048,0.538095238095238,0.208241758241758,0.0415750915750916,0.0620879120879121
331773.411807,2742366.126422,0.00935093509350935,0.237807114044738,0.407774110744408,0.263292995966263,0.0537220388705537,0.0280528052805281
332273.411807,2742366.126422,0.0395604395604396,0.132234432234432,0.236080586080586,0.177289377289377,0.0701465201465201,0.344688644688645
326273.411807,2741866.126422,0.0321159845843274,0.465957056340613,0.000550559735731327,0.254358597907873,0.156358964947697,0.0906588364837585
326773.411807,2741866.126422,0.0630845406198423,0.466348798826334,0.00146708233999633,0.272510544654319,0.114799193104713,0.0817898404547955
327273.411807,2741866.126422,0.0307861462341946,0.442184350375664,0.00183250870441635,0.260582737768004,0.136338647608576,0.128275609309144
327773.411807,2741866.126422,0.0245916681959993,0.35694622866581,0.000367039823820885,0.376582859240228,0.14920168838319,0.0923105156909525
328273.411807,2741866.126422,0.0238400880249404,0.447093343113882,0.0227397762699432,0.321657803044196,0.141023289932147,0.0436456996148909
328773.411807,2741866.126422,0.0331684075499359,0.334249587685542,0.166208539490563,0.261315741249771,0.137438152831226,0.0676195711929632
329273.411807,2741866.126422,0.0135804734813727,0.342081115801064,0.164800880895577,0.287759221875574,0.0991007524316388,0.0926775555147734
329773.411807,2741866.126422,0.00458463231248854,0.211626627544471,0.301668806161746,0.332294150009169,0.117183201907207,0.0326425820649184
330273.411807,2741866.126422,0.0229063588052043,0.356422943008979,0.28367234744365,0.214403518416712,0.0886934212937511,0.0339014110317024
330773.411807,2741866.126422,0.000550559735731327,0.376766379152138,0.300972655533125,0.301706735180767,0.017434391631492,0.00256927876674619
331273.411807,2741866.126422,0.00495140289748762,0.149459013387126,0.641848523748395,0.166880616174583,0.0238400880249404,0.0130203557674674
331773.411807,2741866.126422,0.0175920835623969,0.305479201026205,0.336265347260399,0.181418361737218,0.0914421843503757,0.0678028220634048
332273.411807,2741866.126422,0.0638649293448339,0.187190310148651,0.0690034868783263,0.238575885483575,0.102220590934116,0.339144797210497
326273.411807,2741366.126422,0.0196330275229358,0.559633027522936,0.00055045871559633,0.27743119266055,0.0814678899082569,0.0612844036697248
326773.411807,2741366.126422,0.0447624289121262,0.343606677673821,0.00385250412768299,0.328380113740598,0.11979453311319,0.159603742432581
327273.411807,2741366.126422,0.00970695970695971,0.559157509157509,0.0010989010989011,0.237545787545788,0.121611721611722,0.0708791208791209
327773.411807,2741366.126422,0.0190825688073394,0.564036697247706,0.00954128440366972,0.221284403669725,0.103669724770642,0.0823853211009174
328273.411807,2741366.126422,0.0260502660062374,0.440469638598422,0.0825536598789213,0.245826453861677,0.0911759310218309,0.113924050632911
328773.411807,2741366.126422,0.0287545787545788,0.543956043956044,0.0945054945054945,0.177655677655678,0.0899267399267399,0.0652014652014652
329273.411807,2741366.126422,0.0442201834862385,0.346605504587156,0.0891743119266055,0.21394495412844,0.17743119266055,0.128623853211009
329773.411807,2741366.126422,0.0359567051917079,0.242891212621537,0.091726288754357,0.371308016877637,0.143643368189323,0.114474408365438
