"x","y","forest","agri","water","built","other","grass"
300773.411807,2779366.126422,0.242429803633694,0.0658836483758488,0.00660671682877592,0.422829877041659,0.148467608735548,0.113782345384474
301273.411807,2779366.126422,0.357417935081606,0.0377773702549056,0.00330093526499175,0.253071703649367,0.123234916559692,0.225197139189437
301773.411807,2779366.126422,0.439802089059923,0.0384826827927433,0.00201575957485798,0.131574124977094,0.171889316474253,0.216236027121129
302273.411807,2779366.126422,0.531657184804551,0.052303174894476,0.0102771150669848,0.0930445953385942,0.108276748027161,0.204441181868233
302773.411807,2779366.126422,0.314139006051715,0.134238034109664,0.00458463231248854,0.142490372272144,0.319273794241702,0.0852741610122868
303273.411807,2779366.126422,0.25893347993403,0.0949239508887667,0.0197910940076965,0.330401319406267,0.192046912222833,0.103903243540407
303773.411807,2779366.126422,0.309047531657185,0.0818498807120573,0.00789135621214902,0.316938887869334,0.137639933932832,0.146632409616443
304273.411807,2779366.126422,0.64404914725839,0.0148542086924629,0,0.022006235099945,0.0893086374472767,0.229781771501926
304773.411807,2779366.126422,0.691222283305846,0.00219901044529962,0,0.00311526479750779,0.0295033901411032,0.273960051310244
305273.411807,2779366.126422,0.783813543769499,0.000183519911910442,0,0.00146815929528354,0.00972655533125344,0.204808221692054
305773.411807,2779366.126422,0.398496240601504,0.0122868145974693,0,0.0291582615074271,0.123601687144691,0.436456996148909
306273.411807,2779366.126422,0.37218251786696,0.00824628916987356,0,0.0247388675096207,0.0678028220634048,0.527029503390141
306773.411807,2779366.126422,0.383740135804735,0.00844191594788034,0,0.00991007524316388,0.0748761240594605,0.52303174894476
307273.411807,2779366.126422,0.730240234733174,0.00110031175499725,0,0.00110031175499725,0.0066018705299835,0.260957271226848
307773.411807,2779366.126422,0.468389224848818,0.0108118013560564,0,0.0100787978742899,0.051126992853216,0.45959318306762
308273.411807,2779366.126422,0.538997981280969,0.00550559735731327,0,0.00679023674068636,0.0469810974490732,0.401725087171958
308773.411807,2779366.126422,0.738492572895654,0.0267742527049331,0,0.00256739409499358,0.0286081056299285,0.203557674674491
309273.411807,2779366.126422,0.679494227597581,0.0276708814366868,0,0.00458127176104087,0.0434304562946674,0.244823162910024
309773.411807,2779366.126422,0.834832079280602,0.0034868783262984,0,0,0.00367039823820885,0.158010644154891
310273.411807,2779366.126422,0.962406015037594,0.0150375939849624,0,0,0,0.0225563909774436
310773.411807,2779366.126422,0.890599230346344,0.0734835990470955,0,0,0.000733003481766538,0.0351841671247938
311273.411807,2779366.126422,0.909891723251973,0.0901082767480272,0,0,0,0
311773.411807,2779366.126422,0.924261874197689,0.0298918026774253,0,0,0,0.0458463231248854
312273.411807,2779366.126422,0.932380428807037,0,0,0.000183250870441635,0.000733003481766538,0.066703316840755
312773.411807,2779366.126422,0.935584510919435,0.0132134336575518,0,0,0,0.0512020554230134
300773.411807,2778866.126422,0.124220183486239,0.117064220183486,0.00036697247706422,0.33302752293578,0.170091743119266,0.255229357798165
301273.411807,2778866.126422,0.0977802238121446,0.0225646670335718,0.000733810310034856,0.775270592551825,0.06989543203082,0.0337552742616034
301773.411807,2778866.126422,0.152380952380952,0.0642857142857143,0.00805860805860806,0.547619047619048,0.138461538461538,0.0891941391941392
302273.411807,2778866.126422,0.133761467889908,0.0592660550458716,0.00587155963302752,0.581651376146789,0.117981651376147,0.101467889908257
302773.411807,2778866.126422,0.230232984773436,0.152265639332233,0.0168776371308017,0.232617868281049,0.157035406347459,0.210970464135021
303273.411807,2778866.126422,0.0776556776556777,0.0615384615384615,0.00586080586080586,0.682417582417582,0.141208791208791,0.0313186813186813
303773.411807,2778866.126422,0.142752293577982,0.12697247706422,0.0236697247706422,0.50256880733945,0.117614678899083,0.0864220183486239
304273.411807,2778866.126422,0.275545771418088,0.0695285268758026,0.00642084021280499,0.173546138323243,0.153366354797285,0.321592368372776
304773.411807,2778866.126422,0.502014652014652,0.0122710622710623,0,0.0282051282051282,0.109157509157509,0.348351648351648
305273.411807,2778866.126422,0.671009174311927,0.00752293577981651,0,0.000917431192660551,0.0179816513761468,0.30256880733945
305773.411807,2778866.126422,0.461750137589433,0.021830856723537,0,0.0264171711612548,0.127316088791048,0.362685745734728
306273.411807,2778866.126422,0.444139194139194,0.00604395604395604,0,0.00915750915750916,0.0368131868131868,0.503846153846154
306773.411807,2778866.126422,0.711926605504587,0,0,0.00165137614678899,0.00348623853211009,0.282935779816514
307273.411807,2778866.126422,0.587965510915428,0.00880572372041827,0,0.00440286186020914,0.0394423041643735,0.359383599339571
307773.411807,2778866.126422,0.67014652014652,0.00366300366300366,0,0.00238095238095238,0.0223443223443223,0.301465201465201
308273.411807,2778866.126422,0.647155963302752,0.0121100917431193,0,0.00055045871559633,0.0137614678899083,0.326422018348624
308773.411807,2778866.126422,0.74610163272794,0.0137589433131535,0,0.000183452577508714,0.0148596587782058,0.225096312603192
309273.411807,2778866.126422,0.926007326007326,0.00989010989010989,0,0,0.000915750915750916,0.0631868131868132
309773.411807,2778866.126422,0.936880733944954,0.00899082568807339,0,0,0,0.0541284403669725
310273.411807,2778866.126422,0.920014676206201,0.0785177031737296,0,0,0,0.00146762062006971
310773.411807,2778866.126422,0.91978021978022,0.0785714285714286,0,0,0,0.00164835164835165
311273.411807,2778866.126422,0.878899082568807,0.0572477064220183,0,0.00036697247706422,0.00220183486238532,0.0612844036697248
311773.411807,2778866.126422,0.746468537882957,0.00421940928270042,0,0.00238488350761328,0.0201797835259585,0.226747385800771
312273.411807,2778866.126422,0.838278388278388,0.000183150183150183,0,0.00201465201465201,0.01996336996337,0.13956043956044
312773.411807,2778866.126422,0.884403669724771,0.00018348623853211,0,0,0.00055045871559633,0.114862385321101
300773.411807,2778366.126422,0.0716117216117216,0.137179487179487,0.000366300366300366,0.181318681318681,0.122161172161172,0.487362637362637
301273.411807,2778366.126422,0.0717948717948718,0.0203296703296703,0.00256410256410256,0.492307692307692,0.101465201465201,0.311538461538462
301773.411807,2778366.126422,0.0782911624495783,0.0320865419875321,0.00055005500550055,0.768976897689769,0.0913091309130913,0.0287862119545288
302273.411807,2778366.126422,0.0824175824175824,0.0688644688644689,0.0203296703296703,0.682967032967033,0.0822344322344322,0.0631868131868132
302773.411807,2778366.126422,0.193223443223443,0.0802197802197802,0.00805860805860806,0.362637362637363,0.132417582417582,0.223443223443223
303273.411807,2778366.126422,0.103777044371104,0.0430876420975431,0.0022002200220022,0.702420242024202,0.104693802713605,0.0438210487715438
303773.411807,2778366.126422,0.118315018315018,0.11978021978022,0.0206959706959707,0.421794871794872,0.126373626373626,0.193040293040293
304273.411807,2778366.126422,0.133333333333333,0.0617216117216117,0.0153846153846154,0.474725274725275,0.166117216117216,0.148717948717949
304773.411807,2778366.126422,0.64998166483315,0.0077007700770077,0,0.00201686835350202,0.0102676934360103,0.33003300330033
305273.411807,2778366.126422,0.561172161172161,0.0113553113553114,0,0.00201465201465201,0.0223443223443223,0.403113553113553
305773.411807,2778366.126422,0.406043956043956,0.0161172161172161,0,0.0364468864468864,0.124175824175824,0.417216117216117
306273.411807,2778366.126422,0.626512651265127,0.0104510451045105,0,0.0155848918225156,0.0491382471580491,0.298313164649798
306773.411807,2778366.126422,0.372710622710623,0.0340659340659341,0,0.05,0.0818681318681319,0.461355311355311
307273.411807,2778366.126422,0.656959706959707,0.032967032967033,0,0.0113553113553114,0.0604395604395604,0.238278388278388
307773.411807,2778366.126422,0.751558489182252,0.0256692335900257,0,0,0.00146681334800147,0.221305463879721
308273.411807,2778366.126422,0.677289377289377,0.00695970695970696,0,0.000366300366300366,0.00842490842490842,0.306959706959707
308773.411807,2778366.126422,0.845054945054945,0.000366300366300366,0,0,0.000732600732600733,0.153846153846154
309273.411807,2778366.126422,0.934910157682435,0.00311697836450312,0,0.000183351668500183,0.00458379171250458,0.0572057205720572
309773.411807,2778366.126422,0.924725274725275,0.0267399267399267,0,0,0,0.0485347985347985
310273.411807,2778366.126422,0.807326007326007,0.103846153846154,0,0,0.00347985347985348,0.0853479853479854
310773.411807,2778366.126422,0.711954528786212,0.166116611661166,0,0.0154015401540154,0.0386872020535387,0.0678401173450678
311273.411807,2778366.126422,0.587362637362637,0.0351648351648352,0,0.0551282051282051,0.128205128205128,0.194139194139194
311773.411807,2778366.126422,0.703846153846154,0.00604395604395604,0,0.0172161172161172,0.063003663003663,0.20989010989011
312273.411807,2778366.126422,0.771727172717272,0.0102676934360103,0,0.00531719838650532,0.0341034103410341,0.178584525119179
312773.411807,2778366.126422,0.765567765567766,0,0,0.00238095238095238,0.00549450549450549,0.226556776556777
300773.411807,2777866.126422,0.117636263534593,0.221692053587814,0.000183519911910442,0.017434391631492,0.0473481372728941,0.595705634061296
301273.411807,2777866.126422,0.160645516229598,0.0953603520997616,0,0.116633046029708,0.099211443242252,0.52814964239868
301773.411807,2777866.126422,0.188748396554884,0.0778816199376947,0.00842954004031519,0.429723291185633,0.197910940076965,0.097306212204508
302273.411807,2777866.126422,0.0829510001835199,0.0596439713708937,0.0130299137456414,0.669664158561204,0.130482657368324,0.0442282987704166
302773.411807,2777866.126422,0.189803777737026,0.10012836970475,0.0194388410049514,0.465431872363836,0.103796075554741,0.121401063634696
303273.411807,2777866.126422,0.114531794026022,0.0835623969213854,0.0117280557082646,0.678028220634048,0.0751328568810702,0.0370166758292102
303773.411807,2777866.126422,0.175812075610204,0.0607450908423564,0.0267939071389246,0.569278766746192,0.0734079647641769,0.0939621948981464
304273.411807,2777866.126422,0.506510177883734,0.0480469466348799,0.00146708233999633,0.12781954887218,0.129103245919677,0.187052998349532
304773.411807,2777866.126422,0.63789628000733,0.0205240974894631,0,0.0146600696353308,0.047645226314825,0.279274326553051
305273.411807,2777866.126422,0.479721049733896,0.0143145531290145,0,0.0159662323362085,0.0768948430904753,0.413103321710406
305773.411807,2777866.126422,0.441591784338896,0.004401247019989,0,0.0075187969924812,0.0320924261874198,0.514395745461214
306273.411807,2777866.126422,0.504856148066703,0.0247388675096207,0,0.0415979475902511,0.157412497709364,0.271394539124061
306773.411807,2777866.126422,0.604147550009176,0.0170673518076711,0,0.0113782345384474,0.0688199669664159,0.29858689667829
307273.411807,2777866.126422,0.67595818815331,0.0397946084724005,0,0.00275077938749312,0.0258573262424354,0.255639097744361
307773.411807,2777866.126422,0.812167857797325,0.0199743448781382,0,0.000183250870441635,0.00128275609309144,0.166391790361004
308273.411807,2777866.126422,0.797394017250872,0.00385391815011929,0,0,0,0.198752064599009
308773.411807,2777866.126422,0.83201907207042,0.000550155877498625,0,0.000366770584999083,0.000733541169998166,0.166330460297084
309273.411807,2777866.126422,0.768187648891332,0.0102620487447315,0,0.00366501740883269,0.0175920835623969,0.200293201392707
309773.411807,2777866.126422,0.872270141310332,0.0130299137456414,0,0,0.00165167920719398,0.113048265736832
310273.411807,2777866.126422,0.901522097927746,0.0201723821749496,0,0,0,0.0783055198973042
310773.411807,2777866.126422,0.869708631115998,0.0152098222466557,0,0,0,0.115081546637347
311273.411807,2777866.126422,0.800330335841439,0.00165167920719398,0,0.00917599559552211,0.030280785465223,0.158561203890622
311773.411807,2777866.126422,0.874931230515313,0.000366770584999083,0,0.000183385292499542,0.000733541169998166,0.123785072437191
312273.411807,2777866.126422,0.755360087960418,0,0,0.000916254352208173,0.00109950522264981,0.242624152464724
312773.411807,2777866.126422,0.882180216553496,0,0,0.000367039823820885,0.000917599559552211,0.116535144063131
300773.411807,2777366.126422,0.11651376146789,0.392477064220183,0,0.0644036697247706,0.0585321100917431,0.368073394495413
301273.411807,2777366.126422,0.208769033204917,0.0264171711612548,0,0.0291689598238855,0.0359567051917079,0.699688130618235
301773.411807,2777366.126422,0.0644688644688645,0.137179487179487,0.00714285714285714,0.263553113553114,0.198717948717949,0.328937728937729
302273.411807,2777366.126422,0.131559633027523,0.128807339449541,0.0245871559633028,0.441284403669725,0.164587155963303,0.109174311926606
302773.411807,2777366.126422,0.123280132085856,0.096862960924601,0.0229315721885892,0.621353880022014,0.0785177031737296,0.0570537516052101
303273.411807,2777366.126422,0.260622710622711,0.101098901098901,0.00512820512820513,0.458791208791209,0.102930402930403,0.0714285714285714
303773.411807,2777366.126422,0.393577981651376,0.0422018348623853,0.00495412844036697,0.207522935779817,0.167339449541284,0.184403669724771
304273.411807,2777366.126422,0.512749954136856,0.0232984773436067,0,0.111906072280316,0.127866446523574,0.224179049715649
304773.411807,2777366.126422,0.441025641025641,0.0113553113553114,0,0.0206959706959707,0.0912087912087912,0.435714285714286
305273.411807,2777366.126422,0.716146788990826,0.0055045871559633,0,0.0530275229357798,0.061651376146789,0.163669724770642
305773.411807,2777366.126422,0.58484681709778,0.0216474041460283,0.00238488350761328,0.0399926618968997,0.105118326912493,0.246009906439185
306273.411807,2777366.126422,0.524175824175824,0.00457875457875458,0,0.00952380952380952,0.0576923076923077,0.404029304029304
306773.411807,2777366.126422,0.786238532110092,0.00348623853211009,0,0,0.00018348623853211,0.210091743119266
307273.411807,2777366.126422,0.813612181251147,0.00642084021280499,0,0,0.000183452577508714,0.17978352595854
307773.411807,2777366.126422,0.852747252747253,0,0,0,0,0.147252747252747
308273.411807,2777366.126422,0.781100917431193,0.00018348623853211,0,0.000917431192660551,0.00440366972477064,0.213394495412844
308773.411807,2777366.126422,0.756925334800954,0.002568336085122,0,0.00366905155017428,0.0370574206567602,0.19977985690699
309273.411807,2777366.126422,0.49047619047619,0.112820512820513,0,0.00769230769230769,0.0783882783882784,0.310622710622711
309773.411807,2777366.126422,0.675779816513762,0.0161467889908257,0,0.00128440366972477,0.00880733944954129,0.297981651376147
310273.411807,2777366.126422,0.820766831773986,0.130618235186204,0,0.00110071546505228,0.0110071546505228,0.0365070629242341
310773.411807,2777366.126422,0.824175824175824,0.0212454212454212,0,0,0.0010989010989011,0.153479853479853
311273.411807,2777366.126422,0.680733944954128,0.00165137614678899,0,0.00568807339449541,0.0154128440366972,0.29651376146789
311773.411807,2777366.126422,0.829205650339387,0.00348559897266557,0,0,0.000183452577508714,0.167125298110438
312273.411807,2777366.126422,0.836813186813187,0,0,0,0,0.163186813186813
312773.411807,2777366.126422,0.741284403669725,0.00165137614678899,0,0.00036697247706422,0.00422018348623853,0.252477064220184
300773.411807,2776866.126422,0.112271062271062,0.197069597069597,0.00915750915750916,0.555860805860806,0.0525641025641026,0.0730769230769231
301273.411807,2776866.126422,0.127289377289377,0.203479853479853,0.000183150183150183,0.465201465201465,0.0690476190476191,0.134798534798535
301773.411807,2776866.126422,0.0616061606160616,0.222038870553722,0.0748074807480748,0.385771910524386,0.122845617895123,0.132929959662633
302273.411807,2776866.126422,0.103113553113553,0.0967032967032967,0.0899267399267399,0.308058608058608,0.15989010989011,0.242307692307692
302773.411807,2776866.126422,0.082967032967033,0.0692307692307692,0.0591575091575092,0.536630036630037,0.142124542124542,0.10989010989011
303273.411807,2776866.126422,0.119361936193619,0.0858085808580858,0.0262192885955262,0.414924825815915,0.15016501650165,0.203520352035204
303773.411807,2776866.126422,0.184615384615385,0.0906593406593407,0.00293040293040293,0.312271062271062,0.19047619047619,0.219047619047619
304273.411807,2776866.126422,0.431318681318681,0.0523809523809524,0.000366300366300366,0.0754578754578755,0.138827838827839,0.301648351648352
304773.411807,2776866.126422,0.601760176017602,0.0254858819215255,0.00055005500550055,0.0339200586725339,0.0894756142280895,0.248808214154749
305273.411807,2776866.126422,0.321245421245421,0.043040293040293,0.00238095238095238,0.19010989010989,0.193040293040293,0.25018315018315
305773.411807,2776866.126422,0.705677655677656,0.0166666666666667,0.000366300366300366,0.0249084249084249,0.0573260073260073,0.195054945054945
306273.411807,2776866.126422,0.768610194352769,0.0152181884855152,0,0.0033003300330033,0.0122845617895123,0.200586725339201
306773.411807,2776866.126422,0.866849816849817,0.000366300366300366,0,0,0,0.132783882783883
307273.411807,2776866.126422,0.801098901098901,0.000183150183150183,0,0.00146520146520147,0.00183150183150183,0.195421245421245
307773.411807,2776866.126422,0.807847451411808,0,0,0,0,0.192152548588192
308273.411807,2776866.126422,0.824542124542124,0,0,0,0,0.175457875457875
308773.411807,2776866.126422,0.812637362637363,0.000549450549450549,0,0,0.00128205128205128,0.185531135531136
309273.411807,2776866.126422,0.603960396039604,0.164466446644664,0,0.00366703337000367,0.0346534653465347,0.193252658599193
309773.411807,2776866.126422,0.778205128205128,0.0296703296703297,0,0.000549450549450549,0.00787545787545788,0.183699633699634
310273.411807,2776866.126422,0.882600732600733,0.000549450549450549,0,0,0,0.116849816849817
310773.411807,2776866.126422,0.852035203520352,0,0,0.00293362669600293,0.00861752841950862,0.136413641364136
311273.411807,2776866.126422,0.781318681318681,0.0010989010989011,0,0.000366300366300366,0.0010989010989011,0.216117216117216
311773.411807,2776866.126422,0.796153846153846,0,0,0,0.000366300366300366,0.203479853479853
312273.411807,2776866.126422,0.761459479281261,0,0,0,0.000183351668500183,0.238357169050238
312773.411807,2776866.126422,0.815201465201465,0,0,0,0,0.184798534798535
300773.411807,2776366.126422,0.0121123141860892,0.0231235089007157,0.217104055790053,0.222242613323546,0.121857221508534,0.403560286291063
301273.411807,2776366.126422,0.0104529616724739,0.0634513112048414,0.337245552906657,0.105996699064735,0.0828901522097928,0.3999633229415
301773.411807,2776366.126422,0.0925416895730255,0.0668865677111966,0.130841121495327,0.253069452079897,0.207806487080814,0.24885468205974
302273.411807,2776366.126422,0.133418975958892,0.118003303358414,0.0392732611488346,0.448889704532942,0.154156726004772,0.106258028996146
302773.411807,2776366.126422,0.0918760315422703,0.055198973042362,0.00513478818998716,0.673757564643316,0.126719237117183,0.0473134054648817
303273.411807,2776366.126422,0.161077515118197,0.0588235294117647,0.00696353307678211,0.433205057724024,0.138904159794759,0.201026204874473
303773.411807,2776366.126422,0.542484859607267,0.0330335841438796,0.00550559735731327,0.119104422829877,0.082583960359699,0.217287575701964
304273.411807,2776366.126422,0.668806161745828,0.0163212910324592,0,0.0097194205024757,0.0144874381074638,0.290665688611773
304773.411807,2776366.126422,0.646509070918087,0.0322521531977277,0.00458127176104087,0.0498442367601246,0.0958402052409749,0.170973062122045
305273.411807,2776366.126422,0.437878509818315,0.0655166085520279,0.00256927876674619,0.0943292347219673,0.12442650027528,0.275279867865663
305773.411807,2776366.126422,0.813680542820466,0.000550155877498625,0,0.00403447643498991,0.00843572345497891,0.173299101412067
306273.411807,2776366.126422,0.895363752977827,0,0,0,0,0.104636247022173
306773.411807,2776366.126422,0.757019636630574,0,0,0.000183519911910442,0.00165167920719398,0.241145164250321
307273.411807,2776366.126422,0.872913992297818,0,0,0,0,0.127086007702182
307773.411807,2776366.126422,0.707531610775151,0,0,0.000549752611324904,0.00293201392706615,0.288986622686458
308273.411807,2776366.126422,0.753349238392366,0.00275279867865663,0,0.00440447788585061,0.0152321526885667,0.22426133235456
308773.411807,2776366.126422,0.703099211443242,0.00275077938749312,0,0,0.00586832935998533,0.288281679809279
309273.411807,2776366.126422,0.734835990470955,0.105552501374382,0,0.000733003481766538,0.00824628916987356,0.150632215503024
309773.411807,2776366.126422,0.770967149935768,0.0139475133051936,0,0,0,0.215085336759038
310273.411807,2776366.126422,0.781404731340546,0.0482303319273794,0,0,0,0.170364936732074
310773.411807,2776366.126422,0.728238959135056,0.000916254352208173,0,0.00403151914971596,0.00549752611324904,0.261315741249771
311273.411807,2776366.126422,0.769315470728574,0,0,0.000917599559552211,0.00220223894292531,0.227564690768948
311773.411807,2776366.126422,0.894920227397763,0,0,0,0,0.105079772602237
312273.411807,2776366.126422,0.798424042514202,0.000183250870441635,0,0.00109950522264981,0.00586402785413231,0.194429173538574
312773.411807,2776366.126422,0.696274545788218,0.00165167920719398,0,0.00568911726922371,0.00991007524316388,0.2864745824922
300773.411807,2775866.126422,0.106422018348624,0.0431192660550459,0.00697247706422018,0.588073394495413,0.135045871559633,0.120366972477064
301273.411807,2775866.126422,0.0667767382131719,0.0278847917813245,0,0.805540267840763,0.0651256650155935,0.0346725371491469
301773.411807,2775866.126422,0.0316849816849817,0.0608058608058608,0.217399267399267,0.332967032967033,0.129120879120879,0.228021978021978
302273.411807,2775866.126422,0.0752293577981651,0.0656880733944954,0.013394495412844,0.725504587155963,0.0757798165137615,0.0444036697247706
302773.411807,2775866.126422,0.157402311502477,0.110805356815263,0.0159603742432581,0.523206751054852,0.114841313520455,0.0777838928636947
303273.411807,2775866.126422,0.293772893772894,0.0421245421245421,0.000732600732600733,0.286080586080586,0.146886446886447,0.23040293040293
303773.411807,2775866.126422,0.83394495412844,0.00623853211009174,0,0.00660550458715596,0.0141284403669725,0.139082568807339
304273.411807,2775866.126422,0.79453311319024,0.00366905155017428,0,0.000183452577508714,0.00183452577508714,0.19977985690699
304773.411807,2775866.126422,0.67967032967033,0,0,0,0.000366300366300366,0.31996336996337
305273.411807,2775866.126422,0.758532110091743,0.00146788990825688,0,0,0.00128440366972477,0.238715596330275
305773.411807,2775866.126422,0.793982755457714,0.001284168042561,0,0.00440286186020914,0.0199963309484498,0.180333883691066
306273.411807,2775866.126422,0.804945054945055,0.017032967032967,0,0.00989010989010989,0.0465201465201465,0.121611721611722
306773.411807,2775866.126422,0.527522935779816,0.0836697247706422,0,0.0462385321100917,0.0658715596330275,0.276697247706422
307273.411807,2775866.126422,0.640616400660429,0.00990643918547056,0,0.00201797835259585,0.0100898917629793,0.337369290038525
307773.411807,2775866.126422,0.759157509157509,0.0021978021978022,0,0.00274725274725275,0.0119047619047619,0.223992673992674
308273.411807,2775866.126422,0.802752293577982,0.00660550458715596,0,0,0,0.190642201834862
308773.411807,2775866.126422,0.673087506879472,0.0091726288754357,0,0.0832874701889562,0.0642084021280499,0.170243991928087
309273.411807,2775866.126422,0.654578754578755,0.043956043956044,0.000183150183150183,0.0580586080586081,0.0860805860805861,0.157142857142857
309773.411807,2775866.126422,0.699082568807339,0.0231192660550459,0.00036697247706422,0.0952293577981651,0.0636697247706422,0.118532110091743
310273.411807,2775866.126422,0.476793248945148,0.0181618051733627,0,0.0577875619152449,0.0574206567602275,0.389836727206017
310773.411807,2775866.126422,0.793589743589744,0.00512820512820513,0,0.0347985347985348,0.0492673992673993,0.117216117216117
311273.411807,2775866.126422,0.784954128440367,0.00036697247706422,0,0.00018348623853211,0.00128440366972477,0.213211009174312
311773.411807,2775866.126422,0.713997431663915,0.000366905155017428,0,0.00476976701522656,0.0130251330031187,0.267840763162722
312273.411807,2775866.126422,0.824725274725275,0.000915750915750916,0,0.000366300366300366,0.000366300366300366,0.173626373626374
312773.411807,2775866.126422,0.653394495412844,0.00128440366972477,0,0.00935779816513761,0.0284403669724771,0.307522935779816
300773.411807,2775366.126422,0.0478021978021978,0.0265567765567766,0.0384615384615385,0.692124542124542,0.0298534798534799,0.165201465201465
301273.411807,2775366.126422,0.0820512820512821,0.0567765567765568,0.0144688644688645,0.766117216117216,0.0619047619047619,0.0186813186813187
301773.411807,2775366.126422,0.0203520352035204,0.0544554455445545,0.181151448478181,0.409240924092409,0.126512651265127,0.208287495416208
302273.411807,2775366.126422,0.127289377289377,0.0342490842490843,0.000915750915750916,0.661904761904762,0.0855311355311355,0.0901098901098901
302773.411807,2775366.126422,0.171611721611722,0.115384615384615,0.0327838827838828,0.466483516483516,0.139377289377289,0.0743589743589744
303273.411807,2775366.126422,0.59039237257059,0.0322698936560323,0.00165016501650165,0.061972863953062,0.0911257792445911,0.222588925559223
303773.411807,2775366.126422,0.867582417582418,0.000183150183150183,0,0,0,0.132234432234432
304273.411807,2775366.126422,0.423626373626374,0.0265567765567766,0.00128205128205128,0.0564102564102564,0.164652014652015,0.327472527472527
304773.411807,2775366.126422,0.433443344334433,0.0434543454345435,0.00256692335900257,0.136230289695636,0.0803080308030803,0.303997066373304
305273.411807,2775366.126422,0.327472527472527,0.0358974358974359,0.00164835164835165,0.251648351648352,0.135897435897436,0.247435897435897
305773.411807,2775366.126422,0.307326007326007,0.120879120879121,0.00805860805860806,0.208058608058608,0.143772893772894,0.211904761904762
306273.411807,2775366.126422,0.242574257425743,0.0665566556655666,0.0221855518885222,0.338467180051338,0.198936560322699,0.131279794646131
306773.411807,2775366.126422,0.103113553113553,0.103846153846154,0.0291208791208791,0.58040293040293,0.111172161172161,0.0723443223443224
307273.411807,2775366.126422,0.208791208791209,0.0454212454212454,0.000549450549450549,0.449084249084249,0.168498168498169,0.127655677655678
307773.411807,2775366.126422,0.309130913091309,0.068023469013568,0.00586725339200587,0.361752841950862,0.137147048038137,0.118078474514118
308273.411807,2775366.126422,0.526190476190476,0.0393772893772894,0.00677655677655678,0.176923076923077,0.0816849816849817,0.169047619047619
308773.411807,2775366.126422,0.532234432234432,0.0344322344322344,0.00457875457875458,0.100549450549451,0.0902930402930403,0.237912087912088
309273.411807,2775366.126422,0.674917491749175,0.0262192885955262,0.000183351668500183,0.114778144481115,0.0661899523285662,0.117711771177118
309773.411807,2775366.126422,0.307326007326007,0.0446886446886447,0.0159340659340659,0.436630036630037,0.131868131868132,0.0635531135531135
310273.411807,2775366.126422,0.334981684981685,0.0302197802197802,0.00146520146520147,0.32985347985348,0.167765567765568,0.135714285714286
310773.411807,2775366.126422,0.209020902090209,0.0427209387605427,0.00165016501650165,0.266226622662266,0.289145581224789,0.191235790245691
311273.411807,2775366.126422,0.705494505494506,0.000366300366300366,0,0.0155677655677656,0.0148351648351648,0.263736263736264
311773.411807,2775366.126422,0.774542124542125,0.000366300366300366,0,0.00293040293040293,0.00641025641025641,0.215750915750916
312273.411807,2775366.126422,0.87000366703337,0,0,0,0,0.12999633296663
312773.411807,2775366.126422,0.686080586080586,0.00274725274725275,0,0.0137362637362637,0.0272893772893773,0.27014652014652
300773.411807,2774866.126422,0.00458799779776106,0.0236740686364471,0.235272527069187,0.586713158377684,0.0201871903101487,0.129565057808772
301273.411807,2774866.126422,0.0759215110948102,0.0500641848523748,0.0390610673024023,0.653768567760866,0.0691362552723272,0.11204841371722
301773.411807,2774866.126422,0.0514934945940993,0.0729338464357706,0.12442734102987,0.460692688290269,0.123511086677662,0.166941542972329
302273.411807,2774866.126422,0.0504679757753716,0.0334006239677005,0.0423930996513122,0.632409616443384,0.123141860891907,0.118186823270325
302773.411807,2774866.126422,0.192737942417018,0.0893086374472767,0.0185219145424537,0.488905189803778,0.121584448927196,0.0889418668622776
303273.411807,2774866.126422,0.740700018325087,0.00879604178119846,0.00109950522264981,0.024555616639179,0.0404984423676012,0.184350375664284
303773.411807,2774866.126422,0.579188841989356,0.0244081482840888,0.00679023674068636,0.133602495870802,0.100568911726922,0.155441365388145
304273.411807,2774866.126422,0.228864845039428,0.046396479002384,0.112231799009719,0.20795892169448,0.19182101595452,0.212726939299468
304773.411807,2774866.126422,0.0806303829943192,0.0613890415979476,0.0122778083195895,0.23877588418545,0.299248671431189,0.307678211471504
305273.411807,2774866.126422,0.0979996329601762,0.0708386859974307,0.0231235089007157,0.612222426133235,0.146448889704533,0.049366856303909
305773.411807,2774866.126422,0.125252154777187,0.280762882816798,0.0636346964973409,0.372455529066569,0.0968274344397579,0.0610673024023473
306273.411807,2774866.126422,0.112882536192047,0.208722741433022,0.0540590067802822,0.396554883635697,0.108118013560564,0.119662818398387
306773.411807,2774866.126422,0.116535144063131,0.19911910442283,0.0601945311066251,0.410167003119839,0.132501376399339,0.0814828408882364
307273.411807,2774866.126422,0.0869246286447827,0.148725472217128,0.0643682376673391,0.649367320740877,0.0372272143774069,0.0133871263524665
307773.411807,2774866.126422,0.0714678394722375,0.0940076965365585,0.0203408466190214,0.700934579439252,0.0661535642294301,0.0470954737035001
308273.411807,2774866.126422,0.0776289227381171,0.0666177280234905,0.0117452743622683,0.661038722701413,0.114332905120206,0.0686364470545054
308773.411807,2774866.126422,0.255088941866862,0.0724371905373189,0.28388043278929,0.203007518796992,0.0673024023473317,0.118283513662204
309273.411807,2774866.126422,0.416529228513835,0.0434304562946674,0.0260216236027121,0.197727689206524,0.12222833058457,0.194062671797691
309773.411807,2774866.126422,0.133418975958892,0.0275279867865663,0.019086070838686,0.671132317856487,0.0838685997430721,0.0649660488162966
310273.411807,2774866.126422,0.169814780854575,0.112965340179718,0.0234733174399413,0.324775353016688,0.200806895286998,0.16816431322208
310773.411807,2774866.126422,0.439252336448598,0.024555616639179,0.106285504856148,0.0844786512735936,0.118929814916621,0.22649807586586
311273.411807,2774866.126422,0.487245366122224,0.0781794824738484,0.176729675169756,0.025325747843641,0.0581758120756102,0.17434391631492
311773.411807,2774866.126422,0.879699248120301,0,0,0,0,0.120300751879699
312273.411807,2774866.126422,0.727505955653289,0,0,0.000366501740883269,0.00366501740883269,0.268462525196995
312773.411807,2774866.126422,0.755734997247201,0.00587263718113415,0,0.036520462470178,0.0284455863461186,0.173426316755368
300773.411807,2774366.126422,0.0201834862385321,0.0398165137614679,0.17743119266055,0.531743119266055,0.132477064220183,0.098348623853211
301273.411807,2774366.126422,0.0783342505962209,0.0489818381948266,0.00366905155017428,0.686479545037608,0.0757659145110989,0.106769400110072
301773.411807,2774366.126422,0.177106227106227,0.0772893772893773,0.0188644688644689,0.43992673992674,0.151282051282051,0.135531135531136
302273.411807,2774366.126422,0.104220183486239,0.066605504587156,0.105504587155963,0.491743119266055,0.104587155963303,0.127339449541284
302773.411807,2774366.126422,0.154650522839846,0.0645753072830673,0.0715465052283985,0.394056136488718,0.107136305265089,0.208035222894882
303273.411807,2774366.126422,0.181868131868132,0.0435897435897436,0.244505494505494,0.115201465201465,0.124542124542125,0.29029304029304
303773.411807,2774366.126422,0.0376146788990826,0.0256880733944954,0.336697247706422,0.137247706422018,0.169724770642202,0.29302752293578
304273.411807,2774366.126422,0.0436617134470739,0.0706292423408549,0.220326545587966,0.276279581728123,0.146395156851954,0.242707760044029
304773.411807,2774366.126422,0.0820512820512821,0.204578754578755,0.208791208791209,0.231318681318681,0.110805860805861,0.162454212454212
305273.411807,2774366.126422,0.0510091743119266,0.0860550458715596,0.291192660550459,0.167155963302752,0.0926605504587156,0.311926605504587
305773.411807,2774366.126422,0.0572372041827188,0.0689781691432765,0.289488167308751,0.141441937259218,0.150431113557145,0.29242340854889
306273.411807,2774366.126422,0.102564102564103,0.0646520146520147,0.0904761904761905,0.11007326007326,0.166849816849817,0.465384615384615
306773.411807,2774366.126422,0.115963302752294,0.0875229357798165,0.0209174311926606,0.147706422018349,0.177247706422018,0.450642201834862
307273.411807,2774366.126422,0.075032104201064,0.0787011557512383,0.212071179600073,0.131902403228765,0.09557879288204,0.406714364336819
307773.411807,2774366.126422,0.110622710622711,0.128754578754579,0.0902930402930403,0.488095238095238,0.106593406593407,0.0756410256410256
308273.411807,2774366.126422,0.122385321100917,0.104403669724771,0.021651376146789,0.604954128440367,0.1,0.046605504587156
308773.411807,2774366.126422,0.169326729040543,0.0979636763896533,0.0425609979820216,0.516969363419556,0.104384516602458,0.0687947165657677
309273.411807,2774366.126422,0.403479853479853,0.0584249084249084,0.0111721611721612,0.188461538461538,0.130952380952381,0.207509157509158
309773.411807,2774366.126422,0.579266055045872,0.0291743119266055,0.00018348623853211,0.141467889908257,0.0708256880733945,0.179082568807339
310273.411807,2774366.126422,0.756925334800954,0.00421940928270042,0,0.0225646670335718,0.0176114474408365,0.198679141441937
310773.411807,2774366.126422,0.669047619047619,0.00274725274725275,0,0.00421245421245421,0.0406593406593407,0.283333333333333
311273.411807,2774366.126422,0.594495412844037,0.0469724770642202,0.00862385321100917,0.0245871559633028,0.130091743119266,0.195229357798165
311773.411807,2774366.126422,0.337369290038525,0.0273344340487984,0.000183452577508714,0.197394973399376,0.245643001284168,0.192074848651624
312273.411807,2774366.126422,0.508424908424908,0.0128205128205128,0,0.150915750915751,0.131501831501832,0.196336996336996
312773.411807,2774366.126422,0.264954128440367,0.0321100917431193,0.0104587155963303,0.221467889908257,0.217064220183486,0.25394495412844
300773.411807,2773866.126422,0.0591575091575092,0.0492673992673993,0.111538461538462,0.493406593406593,0.147069597069597,0.13956043956044
301273.411807,2773866.126422,0.0364468864468864,0.043956043956044,0.0734432234432234,0.773443223443223,0.0377289377289377,0.034981684981685
301773.411807,2773866.126422,0.0674734140080675,0.0258525852585259,0.00513384671800513,0.831683168316832,0.052988632196553,0.0168683535020169
302273.411807,2773866.126422,0.121978021978022,0.0487179487179487,0.0419413919413919,0.631684981684982,0.0866300366300366,0.0690476190476191
302773.411807,2773866.126422,0.20018315018315,0.0366300366300366,0.0032967032967033,0.25970695970696,0.16007326007326,0.34010989010989
303273.411807,2773866.126422,0.147598093142648,0.0843417675100843,0.123212321232123,0.31004767143381,0.125779244591126,0.209020902090209
303773.411807,2773866.126422,0.169413919413919,0.0926739926739927,0.0188644688644689,0.287728937728938,0.153113553113553,0.278205128205128
304273.411807,2773866.126422,0.113186813186813,0.0565934065934066,0.00750915750915751,0.369230769230769,0.168681318681319,0.284798534798535
304773.411807,2773866.126422,0.0473047304730473,0.0438210487715438,0.00293362669600293,0.518701870187019,0.0957095709570957,0.291529152915292
305273.411807,2773866.126422,0.0457875457875458,0.0391941391941392,0.00476190476190476,0.470512820512821,0.121611721611722,0.318131868131868
305773.411807,2773866.126422,0.0657509157509158,0.0706959706959707,0.0106227106227106,0.277838827838828,0.129120879120879,0.445970695970696
306273.411807,2773866.126422,0.0383204987165383,0.0463879721305464,0.11019435276861,0.35955262192886,0.125412541254125,0.32013201320132
306773.411807,2773866.126422,0.0146520146520147,0.0446886446886447,0.27014652014652,0.238095238095238,0.0857142857142857,0.346703296703297
307273.411807,2773866.126422,0.0159340659340659,0.0205128205128205,0.000366300366300366,0.215934065934066,0.131318681318681,0.615934065934066
307773.411807,2773866.126422,0.0524385771910524,0.0555555555555556,0.174550788412175,0.392922625595893,0.0925925925925926,0.231939860652732
308273.411807,2773866.126422,0.116483516483516,0.0745421245421245,0.0267399267399267,0.55018315018315,0.102930402930403,0.129120879120879
308773.411807,2773866.126422,0.570879120879121,0.0256410256410256,0.00384615384615385,0.175457875457875,0.0582417582417582,0.165934065934066
309273.411807,2773866.126422,0.625595892922626,0.0317198386505317,0.00165016501650165,0.137147048038137,0.0737073707370737,0.13017968463513
309773.411807,2773866.126422,0.291025641025641,0.0884615384615385,0.0043956043956044,0.334615384615385,0.137362637362637,0.144139194139194
310273.411807,2773866.126422,0.143223443223443,0.0326007326007326,0.00183150183150183,0.192124542124542,0.248534798534799,0.381684981684982
310773.411807,2773866.126422,0.415841584158416,0.0610561056105611,0.00715071507150715,0.139163916391639,0.207370737073707,0.169416941694169
311273.411807,2773866.126422,0.221978021978022,0.0761904761904762,0.0360805860805861,0.426739926739927,0.165934065934066,0.0730769230769231
311773.411807,2773866.126422,0.238095238095238,0.0379120879120879,0.0102564102564103,0.53956043956044,0.113919413919414,0.0602564102564103
312273.411807,2773866.126422,0.170883755042171,0.0282361569490282,0.00238357169050238,0.589108910891089,0.127979464613128,0.0814081408140814
312773.411807,2773866.126422,0.315018315018315,0.0386446886446886,0.000549450549450549,0.209340659340659,0.15,0.286446886446886
300773.411807,2773366.126422,0.0390897412369242,0.0407414204441182,0.0121123141860892,0.759588915397321,0.0499174160396403,0.0985501926959075
301273.411807,2773366.126422,0.0106363469649734,0.0388776820099028,0.185585916009536,0.738125802310655,0.0236567027324409,0.00311754997249221
301773.411807,2773366.126422,0.0452629649990837,0.0441634597764339,0.00696353307678211,0.859080080630383,0.0289536375297783,0.0155763239875389
302273.411807,2773366.126422,0.128096898513489,0.0625802899614608,0.0209212699577904,0.63497889521013,0.0767113231785649,0.0767113231785649
302773.411807,2773366.126422,0.225747295066936,0.0634513112048414,0.0198056115899505,0.465431872363836,0.0893086374472767,0.136255272327159
303273.411807,2773366.126422,0.0692688290269379,0.0976727139453912,0.011544804837823,0.677478468022723,0.0595565328935312,0.0844786512735936
303773.411807,2773366.126422,0.0772618829142962,0.0368875022939989,0.0141310332171041,0.741971003853918,0.0739585244999082,0.0557900532207745
304273.411807,2773366.126422,0.0304419585549239,0.0418118466898955,0.00330093526499175,0.707500458463231,0.0975609756097561,0.119383825417202
304773.411807,2773366.126422,0.0208905992303463,0.0205240974894631,0.000549752611324904,0.597214586769287,0.0848451530144768,0.275975810885102
305273.411807,2773366.126422,0.00201871903101487,0.00275279867865663,0.00330335841438796,0.626353459350339,0.0645990089924757,0.300972655533125
305773.411807,2773366.126422,0,0.0097194205024757,0.0267742527049331,0.662387676508344,0.0401613790573996,0.260957271226848
306273.411807,2773366.126422,0,0.0119113065787062,0.0291368884002199,0.638262781748213,0.0773318673263698,0.243357155946491
306773.411807,2773366.126422,0.0233070288126262,0.0229399889888053,0.0229399889888053,0.704532941824188,0.0690034868783263,0.157276564507249
