"x","y","forest","agri","water","built","other","grass"
173273.411807,2516366.126422,0.0174311926605505,0.271192660550459,0,0.0535779816513761,0.142385321100917,0.515412844036697
173773.411807,2516366.126422,0.0919097413318657,0.0618235186204366,0,0.404146028251697,0.210970464135021,0.23115024766098
174273.411807,2516366.126422,0.0478021978021978,0.0582417582417582,0,0.529304029304029,0.232417582417582,0.132234432234432
174773.411807,2516366.126422,0.0341284403669725,0.325504587155963,0,0.0203669724770642,0.0996330275229358,0.520366972477064
175273.411807,2516366.126422,0.066042927903137,0.47936158503027,0.0449458814896349,0.0772335351311686,0.0821867547239039,0.250229315721886
175773.411807,2516366.126422,0.0432234432234432,0.40989010989011,0,0.161355311355311,0.226923076923077,0.158608058608059
176273.411807,2516366.126422,0.0732110091743119,0.389357798165138,0,0.0693577981651376,0.184220183486239,0.283853211009174
176773.411807,2516366.126422,0.0385250412768299,0.503026967528894,0,0.0449458814896349,0.117226197028068,0.296275912676573
177273.411807,2516366.126422,0.0161172161172161,0.515567765567766,0,0.0412087912087912,0.0851648351648352,0.341941391941392
177773.411807,2516366.126422,0.0264220183486239,0.589724770642202,0,0.0675229357798165,0.0603669724770642,0.255963302752294
178273.411807,2516366.126422,0.0715465052283985,0.165290772335351,0,0.243074665199046,0.266006237387635,0.254081819849569
178773.411807,2516366.126422,0.115750915750916,0.0205128205128205,0,0.162820512820513,0.170695970695971,0.53021978021978
179273.411807,2516366.126422,0.150642201834862,0.0209174311926606,0,0.0385321100917431,0.151743119266055,0.638165137614679
179773.411807,2516366.126422,0.0759493670886076,0.0212804989910108,0.00146762062006971,0.146395156851954,0.219776187855439,0.535131168592919
180273.411807,2516366.126422,0.229304029304029,0.0514652014652015,0,0.0282051282051282,0.0633699633699634,0.627655677655678
180773.411807,2516366.126422,0.105688073394495,0.226238532110092,0,0.0124770642201835,0.0473394495412844,0.608256880733945
181273.411807,2516366.126422,0.0843881856540084,0.0487983856173179,0.000183452577508714,0.317006053935058,0.176481379563383,0.373142542652724
181773.411807,2516366.126422,0.252380952380952,0.0146520146520147,0,0.272710622710623,0.11025641025641,0.35
182273.411807,2516366.126422,0.159633027522936,0.0192660550458716,0.0110091743119266,0.301284403669725,0.105321100917431,0.40348623853211
182773.411807,2516366.126422,0.0304531278664465,0.0225646670335718,0.000366905155017428,0.752339020363236,0.140157769216657,0.0541185103650706
183273.411807,2516366.126422,0.0661172161172161,0.0221611721611722,0,0.556776556776557,0.191208791208791,0.163736263736264
183773.411807,2516366.126422,0.221100917431193,0.0238532110091743,0.00018348623853211,0.202935779816514,0.149908256880734,0.402018348623853
184273.411807,2516366.126422,0.15685195376995,0.0333883691065859,0,0.131168592918731,0.169326729040543,0.50926435516419
184773.411807,2516366.126422,0.245238095238095,0.0128205128205128,0.0043956043956044,0.258424908424908,0.18021978021978,0.298901098901099
185273.411807,2516366.126422,0.120917431192661,0.179633027522936,0,0.0629357798165138,0.0515596330275229,0.584954128440367
173273.411807,2515866.126422,0.0417582417582418,0.149450549450549,0,0.452197802197802,0.198717948717949,0.157875457875458
173773.411807,2515866.126422,0.0673992673992674,0.46025641025641,0.000549450549450549,0.0256410256410256,0.0717948717948718,0.374358974358974
174273.411807,2515866.126422,0.079024569123579,0.175834250091676,0,0.319398606527319,0.2002200220022,0.225522552255226
174773.411807,2515866.126422,0.173076923076923,0.107326007326007,0.034981684981685,0.140659340659341,0.136996336996337,0.406959706959707
175273.411807,2515866.126422,0.0468864468864469,0.68021978021978,0.0010989010989011,0.0106227106227106,0.0582417582417582,0.202930402930403
175773.411807,2515866.126422,0.0383204987165383,0.782361569490282,0,0.0022002200220022,0.0221855518885222,0.154932159882655
176273.411807,2515866.126422,0.0104395604395604,0.684432234432234,0,0.000366300366300366,0.0131868131868132,0.291575091575092
176773.411807,2515866.126422,0.0267399267399267,0.612637362637363,0.000915750915750916,0.0131868131868132,0.0761904761904762,0.27032967032967
177273.411807,2515866.126422,0.03997066373304,0.237257059039237,0,0.404657132379905,0.208470847084708,0.10964429776311
177773.411807,2515866.126422,0.0448717948717949,0.0302197802197802,0,0.452930402930403,0.269413919413919,0.202564102564103
178273.411807,2515866.126422,0.19029304029304,0.0373626373626374,0,0.10970695970696,0.216483516483516,0.446153846153846
178773.411807,2515866.126422,0.114044737807114,0.0262192885955262,0,0.00971763843050972,0.0936927026035937,0.756325632563256
179273.411807,2515866.126422,0.0842490842490843,0.0274725274725275,0,0.00769230769230769,0.0549450549450549,0.825641025641026
179773.411807,2515866.126422,0.0673992673992674,0.0463369963369963,0.00128205128205128,0.151282051282051,0.217216117216117,0.516483516483517
180273.411807,2515866.126422,0.190685735240191,0.0377704437110378,0,0.0515218188485515,0.174917491749175,0.545104510451045
180773.411807,2515866.126422,0.123260073260073,0.138278388278388,0.00476190476190476,0.227289377289377,0.116300366300366,0.39010989010989
181273.411807,2515866.126422,0.157875457875458,0.0989010989010989,0,0.298534798534799,0.107142857142857,0.337545787545788
181773.411807,2515866.126422,0.134946828016135,0.00898423175650898,0.00971763843050972,0.614411441144114,0.112577924459113,0.119361936193619
182273.411807,2515866.126422,0.0553113553113553,0.019047619047619,0,0.294871794871795,0.14047619047619,0.49029304029304
182773.411807,2515866.126422,0.235714285714286,0.021978021978022,0.000732600732600733,0.144322344322344,0.115018315018315,0.482234432234432
183273.411807,2515866.126422,0.0799413274660799,0.0121012101210121,0,0.186651998533187,0.154565456545655,0.566740007334067
183773.411807,2515866.126422,0.386630036630037,0.00256410256410256,0,0.03003663003663,0.071978021978022,0.508791208791209
184273.411807,2515866.126422,0.215567765567766,0.026007326007326,0.00824175824175824,0.254945054945055,0.10952380952381,0.385714285714286
184773.411807,2515866.126422,0.13017968463513,0.0254858819215255,0.000366703337000367,0.206270627062706,0.108727539420609,0.528969563623029
185273.411807,2515866.126422,0.215750915750916,0.00915750915750916,0,0.0765567765567766,0.117948717948718,0.580586080586081
173273.411807,2515366.126422,0.0456964580657001,0.173609836667278,0.000550559735731327,0.243530923105157,0.137456414020921,0.399155808405212
173773.411807,2515366.126422,0.0386942967174033,0.160278745644599,0,0.454978910691363,0.143040528149642,0.203007518796992
174273.411807,2515366.126422,0.0650540590067803,0.111050027487631,0.0535092541689573,0.421110500274876,0.151731720725673,0.197544438336082
174773.411807,2515366.126422,0.052303174894476,0.343549275096348,0.0706551660855203,0.323178564874289,0.0959809139291613,0.114332905120206
175273.411807,2515366.126422,0.0126535851824684,0.626810929763433,0.0489638730973776,0.0612506876948469,0.068402714102329,0.181918210159545
175773.411807,2515366.126422,0.0949239508887667,0.309510720175921,0.0498442367601246,0.0885101704233095,0.163276525563496,0.293934396188382
176273.411807,2515366.126422,0.0924940356028629,0.445402826206643,0.00403743806202973,0.0247751881079097,0.0835015599192512,0.349788952101303
176773.411807,2515366.126422,0.0695030258573262,0.316523014854209,0.000183385292499542,0.00568494406748579,0.0403447643498991,0.567760865578581
177273.411807,2515366.126422,0.0954737035000916,0.0630382994319223,0.00128275609309144,0.242624152464724,0.216236027121129,0.381345061389042
177773.411807,2515366.126422,0.12442650027528,0.0211047898697009,0,0.213250137639934,0.189209029179666,0.452009543035419
178273.411807,2515366.126422,0.0746378140473134,0.0154043645699615,0,0.0797726022373006,0.167247386759582,0.662937832385843
178773.411807,2515366.126422,0.118563313175738,0.0249221183800623,0.00439802089059923,0.2354773685175,0.234377863294851,0.38226131574125
179273.411807,2515366.126422,0.116902183886952,0.100018351991191,0.000183519911910442,0.0304643053771334,0.120756102037071,0.631675536795742
179773.411807,2515366.126422,0.224463598019439,0.0698697964423253,0.00110031175499725,0.161562442692096,0.133687878232166,0.409315972858977
180273.411807,2515366.126422,0.129558365402236,0.028587135788895,0.00164925783397471,0.526113249037933,0.172988821696903,0.141103170240059
180773.411807,2515366.126422,0.151220407414204,0.0238575885483575,0.00844191594788034,0.463754817397688,0.147366489264085,0.205358781427785
181273.411807,2515366.126422,0.0326425820649184,0.0302585732624244,0,0.782138272510545,0.120667522464698,0.0342930496974143
181773.411807,2515366.126422,0.0291368884002199,0.0223566061938794,0.000733003481766538,0.835807220084295,0.0683525746747297,0.043613707165109
182273.411807,2515366.126422,0.0517526151587447,0.0271609469627455,0,0.223160212883098,0.157276564507249,0.540649660488163
182773.411807,2515366.126422,0.0379607555474051,0.0293416467999266,0,0.0682193288098294,0.123785072437191,0.740693196405648
183273.411807,2515366.126422,0.122594832325454,0.0322521531977277,0,0.089792926516401,0.12442734102987,0.630932746930548
183773.411807,2515366.126422,0.193246467241696,0.0132134336575518,0,0.126995779042026,0.133235456046981,0.533308864011745
184273.411807,2515366.126422,0.0702365670273244,0.0168714469099578,0.0144874381074638,0.376673390794058,0.238951036126903,0.282780121034293
184773.411807,2515366.126422,0.0848451530144768,0.0318856514568444,0.00164925783397471,0.214220267546271,0.189114898295767,0.478284771852666
185273.411807,2515366.126422,0.171958157460084,0.00880895577170123,0,0.0882730776289227,0.0901082767480272,0.640851532391264
173273.411807,2514866.126422,0.0601834862385321,0.0460550458715596,0,0.660550458715596,0.124954128440367,0.108256880733945
173773.411807,2514866.126422,0.032104201064025,0.393138873601174,0.000183452577508714,0.106769400110072,0.104567969179967,0.363236103467254
174273.411807,2514866.126422,0.0379120879120879,0.767032967032967,0,0.00787545787545788,0.0358974358974359,0.151282051282051
174773.411807,2514866.126422,0.0710091743119266,0.0811009174311927,0.0726605504587156,0.366238532110092,0.158532110091743,0.25045871559633
175273.411807,2514866.126422,0.0410933773619519,0.100348559897267,0.090442120711796,0.300678774536782,0.153549807374794,0.31388736011741
175773.411807,2514866.126422,0.206959706959707,0.0551282051282051,0.0195970695970696,0.12032967032967,0.156043956043956,0.441941391941392
176273.411807,2514866.126422,0.226422018348624,0.0411009174311927,0.00605504587155963,0.11651376146789,0.13302752293578,0.476880733944954
176773.411807,2514866.126422,0.221243808475509,0.0144927536231884,0,0.060906255732893,0.133736929003853,0.569620253164557
177273.411807,2514866.126422,0.0954212454212454,0.0666666666666667,0.0010989010989011,0.304395604395604,0.219413919413919,0.313003663003663
177773.411807,2514866.126422,0.245871559633028,0.00605504587155963,0,0.0867889908256881,0.165137614678899,0.496146788990826
178273.411807,2514866.126422,0.0920931939093744,0.0355898000366905,0.00385250412768299,0.0557695835626491,0.06989543203082,0.742799486332783
178773.411807,2514866.126422,0.268315018315018,0,0,0,0.0133699633699634,0.718315018315018
179273.411807,2514866.126422,0.398165137614679,0.00055045871559633,0,0.00073394495412844,0.0073394495412844,0.593211009174312
179773.411807,2514866.126422,0.524490919097413,0.00898917629792699,0.000366905155017428,0.0509998165474225,0.0662263804806457,0.348926802421574
180273.411807,2514866.126422,0.116483516483516,0.0578754578754579,0,0.386813186813187,0.174908424908425,0.263919413919414
180773.411807,2514866.126422,0.0277064220183486,0.0932110091743119,0.00623853211009174,0.419082568807339,0.224587155963303,0.229174311926606
181273.411807,2514866.126422,0.159603742432581,0.0390753990093561,0.00678774536782242,0.401577692166575,0.197578425976885,0.19537699504678
181773.411807,2514866.126422,0.122344322344322,0.043040293040293,0.00347985347985348,0.367765567765568,0.129304029304029,0.334065934065934
182273.411807,2514866.126422,0.0689908256880734,0.0196330275229358,0,0.377981651376147,0.12954128440367,0.403853211009174
182773.411807,2514866.126422,0.0399926618968997,0.0108237020730141,0.00091726288754357,0.600440286186021,0.12126215373326,0.226563933223262
183273.411807,2514866.126422,0.0776556776556777,0.0155677655677656,0.00293040293040293,0.726739926739927,0.108791208791209,0.0683150183150183
183773.411807,2514866.126422,0.181834862385321,0.0365137614678899,0.00110091743119266,0.415596330275229,0.096697247706422,0.268256880733945
184273.411807,2514866.126422,0.0821867547239039,0.0319207484865162,0.00366905155017428,0.449458814896349,0.171895065125665,0.260869565217391
184773.411807,2514866.126422,0.170879120879121,0.0441391941391941,0,0.125824175824176,0.158241758241758,0.500915750915751
185273.411807,2514866.126422,0.402018348623853,0.00715596330275229,0.0363302752293578,0.033394495412844,0.0506422018348624,0.47045871559633
173273.411807,2514366.126422,0.0415750915750916,0.0181318681318681,0.178571428571429,0.613919413919414,0.117765567765568,0.03003663003663
173773.411807,2514366.126422,0.11043956043956,0.0399267399267399,0,0.653663003663004,0.0921245421245421,0.103846153846154
174273.411807,2514366.126422,0.0333700036670334,0.059039237257059,0.268610194352769,0.282911624495783,0.193252658599193,0.162816281628163
174773.411807,2514366.126422,0.186813186813187,0.127106227106227,0.0454212454212454,0.0901098901098901,0.0532967032967033,0.497252747252747
175273.411807,2514366.126422,0.0221611721611722,0.171428571428571,0.0256410256410256,0.439194139194139,0.148168498168498,0.193406593406593
175773.411807,2514366.126422,0.0957095709570957,0.0634396773010634,0.0033003300330033,0.302896956362303,0.287862119545288,0.246791345801247
176273.411807,2514366.126422,0.0673992673992674,0.0875457875457875,0.00366300366300366,0.475274725274725,0.20018315018315,0.165934065934066
176773.411807,2514366.126422,0.150732600732601,0.0582417582417582,0.0010989010989011,0.281135531135531,0.151831501831502,0.356959706959707
177273.411807,2514366.126422,0.131096442977631,0.0645397873120645,0.0141180784745141,0.418591859185919,0.152181884855152,0.219471947194719
177773.411807,2514366.126422,0.10018315018315,0.078021978021978,0.0368131868131868,0.339010989010989,0.196336996336996,0.2496336996337
178273.411807,2514366.126422,0.0798534798534798,0.0697802197802198,0.0208791208791209,0.504578754578755,0.113003663003663,0.211904761904762
178773.411807,2514366.126422,0.181518151815182,0.0432709937660433,0.0407040704070407,0.433443344334433,0.0535386872020535,0.247524752475248
179273.411807,2514366.126422,0.196886446886447,0.0406593406593407,0.0155677655677656,0.379304029304029,0.159340659340659,0.208241758241758
179773.411807,2514366.126422,0.0961538461538462,0.0606227106227106,0.0175824175824176,0.237912087912088,0.195421245421245,0.392307692307692
180273.411807,2514366.126422,0.0518885221855519,0.0372203887055372,0.00183351668500183,0.8003300330033,0.0757242390905757,0.033003300330033
180773.411807,2514366.126422,0.0690476190476191,0.0456043956043956,0.00641025641025641,0.727289377289377,0.105860805860806,0.0457875457875458
181273.411807,2514366.126422,0.0637362637362637,0.0217948717948718,0.00402930402930403,0.782783882783883,0.0950549450549451,0.0326007326007326
181773.411807,2514366.126422,0.0918591859185919,0.0412541254125413,0,0.703153648698203,0.0993766043270994,0.0643564356435644
182273.411807,2514366.126422,0.0457875457875458,0.0353479853479853,0.00274725274725275,0.687362637362637,0.163369963369963,0.0653846153846154
182773.411807,2514366.126422,0.115201465201465,0.0245421245421245,0,0.591208791208791,0.16043956043956,0.108608058608059
183273.411807,2514366.126422,0.015951595159516,0.0100843417675101,0,0.877887788778878,0.0738907224055739,0.0221855518885222
183773.411807,2514366.126422,0.110805860805861,0.0148351648351648,0,0.647252747252747,0.137362637362637,0.0897435897435897
184273.411807,2514366.126422,0.0564102564102564,0.0562271062271062,0.00384615384615385,0.55018315018315,0.153846153846154,0.179487179487179
184773.411807,2514366.126422,0.176200953428676,0.0214521452145215,0.00055005500550055,0.0925925925925926,0.216171617161716,0.493032636596993
185273.411807,2514366.126422,0.515384615384615,0.0133699633699634,0.000366300366300366,0.0408424908424908,0.168864468864469,0.261172161172161
173773.411807,2513866.126422,0.0779387493123052,0.0275077938749312,0.116449660737209,0.295433706216761,0.169998166147075,0.312671923711718
174273.411807,2513866.126422,0.064687557265897,0.132856881070185,0.0758658603628367,0.212021257100971,0.122961334066337,0.391607110133773
174773.411807,2513866.126422,0.02073775004588,0.237474766012112,0.351624151220407,0.213250137639934,0.0502844558634612,0.126628739218205
175273.411807,2513866.126422,0.0438290849073904,0.195488721804511,0.21217678342197,0.317439941316706,0.0847240051347882,0.146341463414634
175773.411807,2513866.126422,0.0219901044529962,0.0329851566794942,0.00219901044529962,0.669048927982408,0.142569177203592,0.13120762323621
176273.411807,2513866.126422,0.038172141677372,0.0655166085520279,0,0.410534042943659,0.197100385391815,0.288676821435126
176773.411807,2513866.126422,0.182468366037044,0.081606455162296,0.0372272143774069,0.264991747661838,0.0970108197322575,0.336695397029158
177273.411807,2513866.126422,0.112332783580722,0.051126992853216,0.0665200659703134,0.535459043430456,0.0778816199376947,0.156679494227598
177773.411807,2513866.126422,0.0735914846760874,0.0524866948063865,0.0205542301339695,0.739952284822903,0.0546889337493118,0.0587263718113415
178273.411807,2513866.126422,0.0907757197872731,0.0689528699798276,0.0223730056849441,0.702732440858243,0.0850907757197873,0.0300751879699248
178773.411807,2513866.126422,0.0729338464357706,0.0274876305662452,0.00403151914971596,0.709180868609126,0.148433205057724,0.0379329301814184
179273.411807,2513866.126422,0.127913378601578,0.0379886217654616,0,0.634061295650578,0.126445219306295,0.0735914846760874
179773.411807,2513866.126422,0.23620025673941,0.0491472583898771,0.00733541169998166,0.306436823766734,0.141756831102146,0.259123418301852
180273.411807,2513866.126422,0.104452996151732,0.0665200659703134,0.0674363203225215,0.237309877221917,0.168224299065421,0.356056441268096
180773.411807,2513866.126422,0.115434024591668,0.0242246283721784,0,0.592769315470729,0.132317856487429,0.135254175077996
181273.411807,2513866.126422,0.115165963689712,0.0286081056299285,0,0.603337612323492,0.14817531633963,0.104713002017238
181773.411807,2513866.126422,0.0674363203225215,0.0232728605460876,0.000549752611324904,0.655121861828844,0.172072567344695,0.0815466373465274
182273.411807,2513866.126422,0.0363369425582676,0.0412919801798495,0.000734079647641769,0.762341714075977,0.131767296751698,0.0275279867865663
182773.411807,2513866.126422,0.099211443242252,0.0394278378874014,0,0.389693746561526,0.213643865761966,0.258023106546855
183273.411807,2513866.126422,0.0186915887850467,0.017042330951072,0.000183250870441635,0.827927432655305,0.122778083195895,0.0133773135422393
183773.411807,2513866.126422,0.0959809139291613,0.0313819049366856,0,0.637915213800697,0.107175628555698,0.127546338777757
184273.411807,2513866.126422,0.0154043645699615,0.0390610673024023,0.00678525582248304,0.667339079405832,0.181918210159545,0.0894920227397763
184773.411807,2513866.126422,0.153014476818765,0.024555616639179,0.00311526479750779,0.251236943375481,0.172439069085578,0.395638629283489
185273.411807,2513866.126422,0.588915397320609,0.00110111947146265,0.00367039823820885,0.00605615709304459,0.0306478252890439,0.369609102587631
173773.411807,2513366.126422,0.0113740598055403,0.312236286919831,0.168226013575491,0.157769216657494,0.0568702990277013,0.293524124013942
174273.411807,2513366.126422,0.00421245421245421,0.412271062271062,0.147802197802198,0.291025641025641,0.0315018315018315,0.113186813186813
174773.411807,2513366.126422,0.0348623853211009,0.255045871559633,0.24605504587156,0.197614678899083,0.0411009174311927,0.225321100917431
175273.411807,2513366.126422,0.0664098330581545,0.151348376444689,0.0346725371491469,0.546505228398459,0.0361401577692167,0.164923867180334
175773.411807,2513366.126422,0.0531135531135531,0.143772893772894,0.0728937728937729,0.487728937728938,0.073992673992674,0.168498168498169
176273.411807,2513366.126422,0.0155963302752294,0.0324770642201835,0.0537614678899083,0.779633027522936,0.0506422018348624,0.0678899082568807
176773.411807,2513366.126422,0.0498991010823702,0.0242157402311502,0.000550357732526142,0.822968262704091,0.060906255732893,0.0414602825169694
177273.411807,2513366.126422,0.0855311355311355,0.0258241758241758,0.00274725274725275,0.648901098901099,0.0688644688644689,0.168131868131868
177773.411807,2513366.126422,0.148807339449541,0.0278899082568807,0.00055045871559633,0.633577981651376,0.0917431192660551,0.0974311926605505
178273.411807,2513366.126422,0.14125848468171,0.0398092093193909,0,0.577508713997432,0.163823151715282,0.077600440286186
178773.411807,2513366.126422,0.124358974358974,0.0304029304029304,0,0.605311355311355,0.176190476190476,0.0637362637362637
179273.411807,2513366.126422,0.0222018348623853,0.0126605504587156,0.00018348623853211,0.872477064220183,0.0787155963302752,0.0137614678899083
179773.411807,2513366.126422,0.0953953403045313,0.0139423958906623,0.000366905155017428,0.680242157402312,0.114290955787929,0.0957622454595487
180273.411807,2513366.126422,0.120879120879121,0.0703296703296703,0.00238095238095238,0.35970695970696,0.238095238095238,0.208608058608059
180773.411807,2513366.126422,0.127155963302752,0.0227522935779817,0.00146788990825688,0.272293577981651,0.149908256880734,0.426422018348624
181273.411807,2513366.126422,0.230966795083471,0.0277013392038158,0,0.380480645753073,0.118877270225647,0.241973949733994
181773.411807,2513366.126422,0.0346153846153846,0.0322344322344322,0,0.773809523809524,0.105677655677656,0.0536630036630037
182273.411807,2513366.126422,0.0337614678899083,0.023302752293578,0.00568807339449541,0.727339449541284,0.119816513761468,0.0900917431192661
182773.411807,2513366.126422,0.0812694918363603,0.011557512383049,0,0.650889745000917,0.158136121812511,0.098147128967162
183273.411807,2513366.126422,0.0783882783882784,0.0247252747252747,0,0.395421245421245,0.213553113553114,0.287912087912088
183773.411807,2513366.126422,0.117981651376147,0.0438532110091743,0,0.106605504587156,0.115229357798165,0.616330275229358
184273.411807,2513366.126422,0.0440286186020914,0.0332049165290772,0.0091726288754357,0.691065859475326,0.144927536231884,0.077600440286186
184773.411807,2513366.126422,0.500549450549451,0.00457875457875458,0.00164835164835165,0.0684981684981685,0.0747252747252747,0.35
185273.411807,2513366.126422,0.530091743119266,0,0.00055045871559633,0.00275229357798165,0.0137614678899083,0.452844036697248
173773.411807,2512866.126422,0.0582417582417582,0.191025641025641,0.414835164835165,0.132783882783883,0.0536630036630037,0.149450549450549
174273.411807,2512866.126422,0.0271360469380271,0.253392005867253,0.308580858085809,0.278877887788779,0.0551888522185552,0.0768243491015768
174773.411807,2512866.126422,0.132967032967033,0.0970695970695971,0.032967032967033,0.24981684981685,0.0423076923076923,0.444871794871795
175273.411807,2512866.126422,0.0417582417582418,0.0683150183150183,0.0221611721611722,0.0104395604395604,0.0274725274725275,0.82985347985348
175773.411807,2512866.126422,0.000183351668500183,0.0894756142280895,0,0.0500550055005501,0.0491382471580491,0.811147781444811
176273.411807,2512866.126422,0.0355311355311355,0.0161172161172161,0,0.840842490842491,0.0377289377289377,0.0697802197802198
176773.411807,2512866.126422,0.0516483516483516,0.0172161172161172,0.000183150183150183,0.786996336996337,0.0950549450549451,0.0489010989010989
177273.411807,2512866.126422,0.145947928126146,0.0366703337000367,0.000366703337000367,0.54950495049505,0.151081774844151,0.116428309497616
177773.411807,2512866.126422,0.150915750915751,0.0401098901098901,0.000183150183150183,0.568131868131868,0.1003663003663,0.14029304029304
178273.411807,2512866.126422,0.154395604395604,0.0820512820512821,0.00970695970695971,0.420695970695971,0.193223443223443,0.13992673992674
178773.411807,2512866.126422,0.130913091309131,0.0194352768610194,0,0.383204987165383,0.259442610927759,0.207004033736707
179273.411807,2512866.126422,0.0945054945054945,0.0184981684981685,0,0.577472527472527,0.182783882783883,0.126739926739927
179773.411807,2512866.126422,0.181318681318681,0.0882783882783883,0,0.421062271062271,0.180586080586081,0.128754578754579
180273.411807,2512866.126422,0.096993032636597,0.0650898423175651,0,0.549321598826549,0.198386505317198,0.0902090209020902
180773.411807,2512866.126422,0.191758241758242,0.0728937728937729,0.00128205128205128,0.261172161172161,0.189377289377289,0.283516483516484
181273.411807,2512866.126422,0.311904761904762,0.0271062271062271,0,0.478754578754579,0.0443223443223443,0.137912087912088
181773.411807,2512866.126422,0.0238357169050238,0.0201686835350202,0.0102676934360103,0.867803447011368,0.0612394572790612,0.0166850018335167
182273.411807,2512866.126422,0.0216117216117216,0.00366300366300366,0.000732600732600733,0.839194139194139,0.0827838827838828,0.052014652014652
182773.411807,2512866.126422,0.2503663003663,0.043040293040293,0,0.56025641025641,0.0617216117216117,0.0846153846153846
183273.411807,2512866.126422,0.571507150715072,0.088008800880088,0,0.0502383571690502,0.0473047304730473,0.242940960762743
183773.411807,2512866.126422,0.186446886446886,0.0111721611721612,0,0.13003663003663,0.152930402930403,0.519413919413919
184273.411807,2512866.126422,0.0853479853479854,0.0606227106227106,0.00183150183150183,0.422161172161172,0.212637362637363,0.217399267399267
184773.411807,2512866.126422,0.330583058305831,0.0104510451045105,0.00916758342500917,0.130546387972131,0.118811881188119,0.4004400440044
185273.411807,2512866.126422,0.609340659340659,0.00366300366300366,0,0.0104395604395604,0.0120879120879121,0.364468864468864
174273.411807,2512366.126422,0.0243723657687374,0.290635880520432,0,0.258566978193146,0.103536741799524,0.32288803371816
174773.411807,2512366.126422,0.00550559735731327,0.149018168471279,0.131033217104056,0.332905120205542,0.159478803450174,0.222059093411635
175273.411807,2512366.126422,0.0238400880249404,0.0258573262424354,0.0128369704749679,0.285714285714286,0.17201540436457,0.479735925178801
175773.411807,2512366.126422,0.0346344145134689,0.0789811251603445,0,0.0128275609309144,0.10426974528129,0.769287154113982
176273.411807,2512366.126422,0.0895577170122958,0.039823820884566,0,0.396403009726555,0.0363369425582676,0.437878509818315
176773.411807,2512366.126422,0.0271410232899321,0.0194388410049514,0,0.838254172015404,0.0838070786722905,0.0313588850174216
177273.411807,2512366.126422,0.0776983690672531,0.0205240974894631,0,0.75902510536925,0.0811801356056441,0.0615722924683892
177773.411807,2512366.126422,0.0161497522481189,0.0165167920719398,0.000183519911910442,0.911726922371077,0.0440447788585061,0.0113782345384474
178273.411807,2512366.126422,0.220795892169448,0.066385475884834,0.00128369704749679,0.286081056299285,0.178984045479553,0.246469833119384
178773.411807,2512366.126422,0.16932380428807,0.0263881253435954,0,0.370716510903427,0.227047828477185,0.206523730987722
179273.411807,2512366.126422,0.0902917966599376,0.0682694072306845,0.0106441548908057,0.620480822169205,0.113782345384474,0.0965314736648926
179773.411807,2512366.126422,0.0797726022373006,0.0353933614524115,0.000550155877498625,0.550339262791124,0.17990097194205,0.154043645699615
180273.411807,2512366.126422,0.147333699835074,0.0672530694520799,0,0.220084295400403,0.124244090159428,0.441084845153014
180773.411807,2512366.126422,0.0440447788585061,0.0706551660855203,0,0.549642136171775,0.13286841622316,0.202789502661039
181273.411807,2512366.126422,0.0458463231248854,0.0649183935448377,0.000183385292499542,0.717219878965707,0.103245919677242,0.0685860993948285
181773.411807,2512366.126422,0.0569910207073484,0.0208905992303463,0.00183250870441635,0.715411398204141,0.136338647608576,0.0685358255451713
182273.411807,2512366.126422,0.0245916681959993,0.0350523031748945,0,0.825105523949349,0.0790970820334006,0.0361534226463571
182773.411807,2512366.126422,0.18411883366954,0.0357601320374106,0,0.514945901338713,0.0999449844122501,0.165230148542087
183273.411807,2512366.126422,0.326919552867876,0.0443467106468756,0,0.285504856148067,0.10646875572659,0.236760124610592
183773.411807,2512366.126422,0.0598274912828042,0.0666177280234905,0.00238575885483575,0.357313268489631,0.171040557900532,0.342815195448706
184273.411807,2512366.126422,0.046396479002384,0.0163212910324592,0.00275077938749312,0.702732440858243,0.157894736842105,0.0739042728773152
184773.411807,2512366.126422,0.38794209272494,0.0166758292101887,0.0234561114165292,0.156679494227598,0.0760491112332784,0.339197361187466
185273.411807,2512366.126422,0.209946779225546,0.019086070838686,0.33620847861993,0.148834648559369,0.00789135621214902,0.27803266654432
174273.411807,2511866.126422,0.0985347985347985,0.0578754578754579,0.0968864468864469,0.183516483516484,0.176923076923077,0.386263736263736
175773.411807,2511866.126422,0.0399267399267399,0.0796703296703297,0,0.171428571428571,0.164652014652015,0.544322344322344
176273.411807,2511866.126422,0.129908256880734,0.0284403669724771,0,0.130275229357798,0.150825688073394,0.560550458715596
176773.411807,2511866.126422,0.166024582645386,0.0566868464501926,0,0.465419189139607,0.0887910475142176,0.223078334250596
177273.411807,2511866.126422,0.20018315018315,0.0307692307692308,0.00146520146520147,0.331684981684982,0.174725274725275,0.261172161172161
177773.411807,2511866.126422,0.204954128440367,0.00220183486238532,0,0.38697247706422,0.0530275229357798,0.352844036697248
178273.411807,2511866.126422,0.259401944597322,0.0196294257934324,0,0.188772702256467,0.257200513667217,0.274995413685562
178773.411807,2511866.126422,0.0965201465201465,0.0104395604395604,0,0.314285714285714,0.2503663003663,0.328388278388278
179273.411807,2511866.126422,0.107155963302752,0.0711926605504587,0,0.326788990825688,0.14256880733945,0.352293577981651
179773.411807,2511866.126422,0.214822968262704,0.105852137222528,0,0.17409649605577,0.130985140341222,0.374243258117777
180273.411807,2511866.126422,0.172710622710623,0.0663003663003663,0,0.204578754578755,0.183333333333333,0.373076923076923
180773.411807,2511866.126422,0.046605504587156,0.0867889908256881,0,0.519633027522936,0.185504587155963,0.161467889908257
181273.411807,2511866.126422,0.0302696752889378,0.0361401577692167,0.000733810310034856,0.855255916345625,0.0616400660429279,0.0159603742432581
181773.411807,2511866.126422,0.0529304029304029,0.0188644688644689,0.00256410256410256,0.786080586080586,0.10952380952381,0.03003663003663
182273.411807,2511866.126422,0.0500917431192661,0.0251376146788991,0,0.761284403669725,0.115229357798165,0.048256880733945
182773.411807,2511866.126422,0.0708126949183636,0.023115024766098,0,0.608145294441387,0.098147128967162,0.19977985690699
183273.411807,2511866.126422,0.0946886446886447,0.148351648351648,0,0.256410256410256,0.166117216117216,0.334432234432234
183773.411807,2511866.126422,0.0445871559633028,0.15302752293578,0,0.186788990825688,0.164403669724771,0.451192660550459
184273.411807,2511866.126422,0.113740598055403,0.0766831773986425,0.00201797835259585,0.469638598422308,0.113557145477894,0.224362502293157
184773.411807,2511866.126422,0.117216117216117,0.214652014652015,0,0.264468864468864,0.149084249084249,0.254578754578755
185273.411807,2511866.126422,0.135045871559633,0.0921100917431193,0.114311926605505,0.125321100917431,0.106788990825688,0.426422018348624
174273.411807,2511366.126422,0.0401540154015402,0.0997433076640997,0.583425009167583,0.14979831316465,0.0342867620095343,0.0925925925925926
175773.411807,2511366.126422,0.182434910157682,0.0768243491015768,0,0.266593325999267,0.192885955262193,0.281261459479281
176273.411807,2511366.126422,0.146336996336996,0.0406593406593407,0,0.278205128205128,0.140842490842491,0.393956043956044
176773.411807,2511366.126422,0.35,0.0256410256410256,0.00164835164835165,0.12967032967033,0.204395604395604,0.288644688644689
177273.411807,2511366.126422,0.174917491749175,0.0313531353135314,0,0.232306563989732,0.272460579391272,0.288962229556289
177773.411807,2511366.126422,0.242307692307692,0.0265567765567766,0.00402930402930403,0.14029304029304,0.116483516483516,0.47032967032967
178273.411807,2511366.126422,0.278388278388278,0.0205128205128205,0.0010989010989011,0.165567765567766,0.189194139194139,0.345238095238095
178773.411807,2511366.126422,0.426659332599927,0.0100843417675101,0.0287862119545288,0.130546387972131,0.0977264393105977,0.306197286395306
179273.411807,2511366.126422,0.673992673992674,0.000183150183150183,0,0,0,0.325824175824176
179773.411807,2511366.126422,0.617032967032967,0.00842490842490842,0.000366300366300366,0.0399267399267399,0.0331501831501832,0.301098901098901
180273.411807,2511366.126422,0.104327099376604,0.0408874220755409,0.00238357169050238,0.539420608727539,0.142280894756142,0.170700403373671
180773.411807,2511366.126422,0.05,0.0611721611721612,0.00164835164835165,0.581684981684982,0.148534798534799,0.156959706959707
181273.411807,2511366.126422,0.0445054945054945,0.137912087912088,0,0.628937728937729,0.0948717948717949,0.0937728937728938
181773.411807,2511366.126422,0.0099009900990099,0.0418041804180418,0.00256692335900257,0.9004400440044,0.01998533186652,0.0253025302530253
182273.411807,2511366.126422,0.0119047619047619,0.00659340659340659,0.000183150183150183,0.941025641025641,0.032051282051282,0.00824175824175824
182773.411807,2511366.126422,0.0192307692307692,0.0206959706959707,0,0.861721611721612,0.0659340659340659,0.0324175824175824
183273.411807,2511366.126422,0.0562889622295563,0.0265859919325266,0,0.750641730839751,0.0933259992665933,0.0731573157315732
183773.411807,2511366.126422,0.0624542124542125,0.0371794871794872,0,0.535164835164835,0.22014652014652,0.145054945054945
184273.411807,2511366.126422,0.0675824175824176,0.0313186813186813,0.00622710622710623,0.548717948717949,0.132234432234432,0.213919413919414
184773.411807,2511366.126422,0.0740740740740741,0.026035936927026,0,0.617161716171617,0.161166116611661,0.121562156215622
185273.411807,2511366.126422,0.185347985347985,0.0205128205128205,0.00366300366300366,0.346153846153846,0.23956043956044,0.204761904761905
175273.411807,2510866.126422,0.0555657436273611,0.022006235099945,0,0.779570878415551,0.0845406198422887,0.0583165230148542
175773.411807,2510866.126422,0.196994685724757,0.150998717243907,0,0.312259483232545,0.218435037566428,0.121312076232362
176273.411807,2510866.126422,0.204074142044412,0.0304643053771334,0.00110111947146265,0.0475316571848046,0.104973389612773,0.611855386309415
176773.411807,2510866.126422,0.1600953603521,0.0495140289748762,0.00275077938749312,0.231432239134421,0.225747295066936,0.330460297084174
177273.411807,2510866.126422,0.258017225581821,0.026571376214037,0.000733003481766538,0.155763239875389,0.314091991936962,0.244823162910024
177773.411807,2510866.126422,0.170673518076711,0.0370710222059093,0.000367039823820885,0.164250321159846,0.164250321159846,0.463387777573867
178273.411807,2510866.126422,0.163029525032092,0.017604988079956,0.00495140289748762,0.2400513478819,0.201173665871997,0.373189070236567
178773.411807,2510866.126422,0.784313725490196,0.000733003481766538,0,0.0331684075499359,0.01905809052593,0.162726772952172
179273.411807,2510866.126422,0.663057441732428,0.0047715177096715,0,0.0143145531290145,0.0047715177096715,0.313084969719215
179773.411807,2510866.126422,0.114249037227214,0.0452961672473868,0.000916926462497708,0.58811663304603,0.134971575279663,0.116449660737209
180273.411807,2510866.126422,0.036100421477002,0.0452629649990837,0.00568077698369067,0.663184900128276,0.188381894814,0.0613890415979476
180773.411807,2510866.126422,0.0732244448522665,0.119104422829877,0,0.489998164800881,0.154707285740503,0.162965681776473
181273.411807,2510866.126422,0.0247570144874381,0.187419768934531,0.000183385292499542,0.492572895653769,0.105996699064735,0.189070236567027
181773.411807,2510866.126422,0.0263881253435954,0.211471504489646,0.00274876305662452,0.516950705515851,0.0861279091075683,0.156312992486714
182273.411807,2510866.126422,0.00770783630023858,0.184988071205726,0.00513855753349238,0.571848045512938,0.0712057258212516,0.159111763626353
182773.411807,2510866.126422,0.0385109114249037,0.105813313772235,0.000916926462497708,0.462314322391344,0.130753713552173,0.261690812396846
183273.411807,2510866.126422,0.0868609125893348,0.0236393622869709,0,0.65585486531061,0.0958402052409749,0.137804654572109
183773.411807,2510866.126422,0.355845109194348,0.00605615709304459,0,0.246467241695724,0.135070655166086,0.256560836850798
184273.411807,2510866.126422,0.282413350449294,0.0172382174949569,0.000550155877498625,0.133137722354667,0.0306253438474234,0.53603520997616
184773.411807,2510866.126422,0.48763056624519,0.0148433205057724,0,0.100238226131574,0.0615722924683892,0.335715594649075
185273.411807,2510866.126422,0.167920719398055,0.0422095797394017,0,0.351807671132318,0.175995595522114,0.262066434208112
175773.411807,2510366.126422,0.264285714285714,0.0498168498168498,0,0.195421245421245,0.228205128205128,0.262271062271062
176273.411807,2510366.126422,0.288623853211009,0.0306422018348624,0,0.0427522935779817,0.104403669724771,0.533577981651376
176773.411807,2510366.126422,0.423041643735094,0.00825536598789213,0,0.0548523206751055,0.13557145477894,0.378279214822968
177273.411807,2510366.126422,0.293589743589744,0.0201465201465201,0.000183150183150183,0.24047619047619,0.232234432234432,0.213369963369963
177773.411807,2510366.126422,0.111559633027523,0.023302752293578,0.00036697247706422,0.595963302752294,0.174128440366972,0.0946788990825688
178273.411807,2510366.126422,0.277013392038158,0.0174279948633278,0.000550357732526142,0.294624839478995,0.123830489818382,0.286552926068611
178773.411807,2510366.126422,0.626007326007326,0.0518315018315018,0.0397435897435897,0.0203296703296703,0.00824175824175824,0.253846153846154
179273.411807,2510366.126422,0.14954128440367,0.0838532110091743,0.00018348623853211,0.24697247706422,0.121651376146789,0.397798165137615
179773.411807,2510366.126422,0.0999816547422491,0.0508163639699138,0.00495321959273528,0.388552559163456,0.200697119794533,0.254999082737112
180273.411807,2510366.126422,0.0269230769230769,0.0527472527472527,0.00128205128205128,0.61959706959707,0.131501831501832,0.167948717948718
180773.411807,2510366.126422,0.0447706422018349,0.268440366972477,0,0.403302752293578,0.0688073394495413,0.214678899082569
181273.411807,2510366.126422,0.0379746835443038,0.0898917629792699,0,0.643001284168043,0.0764997248211337,0.15263254448725
181773.411807,2510366.126422,0.0426739926739927,0.117216117216117,0.00128205128205128,0.634981684981685,0.0622710622710623,0.141575091575092
182273.411807,2510366.126422,0.0878899082568807,0.0622018348623853,0.00110091743119266,0.352477064220183,0.121284403669725,0.375045871559633
182773.411807,2510366.126422,0.113924050632911,0.0427444505595304,0,0.38084755090809,0.105301779490002,0.357182168409466
183273.411807,2510366.126422,0.0794871794871795,0.0434065934065934,0,0.6496336996337,0.0868131868131868,0.140659340659341
183773.411807,2510366.126422,0.246788990825688,0.101467889908257,0,0.263302752293578,0.103302752293578,0.285137614678899
184273.411807,2510366.126422,0.140341221794166,0.0568702990277013,0.0392588515868648,0.167859108420473,0.131168592918731,0.464501926252064
184773.411807,2510366.126422,0.11996336996337,0.196886446886447,0.000732600732600733,0.114468864468864,0.0580586080586081,0.50989010989011
