"x","y","forest","agri","water","built","other","grass"
237273.411807,2735866.126422,0.11891607471718,0.0439358063667456,0.180478821362799,0.390686661404893,0.0210470928702973,0.244935543278085
236773.411807,2735366.126422,0.196477710511833,0.0190790680609063,0.153916712529811,0.187305081636397,0.0610897083104018,0.382131718950651
237273.411807,2735366.126422,0.39521430449645,0.0110439127004996,0,0.0886142519063897,0.0641598737838548,0.440967657112806
236773.411807,2734866.126422,0.388461538461538,0.0128205128205128,0.000183150183150183,0.0946886446886447,0.0593406593406593,0.444505494505494
237273.411807,2734866.126422,0.41951604418727,0.0105207785376118,0,0.0728563913729616,0.0952130457653866,0.40189374013677
236273.411807,2734366.126422,0.271425949715544,0.0456964580657001,0.0897412369242063,0.185905670765278,0.0488162965681776,0.358414387961094
236773.411807,2734366.126422,0.432605905006418,0.00861910874747845,0,0.0889418668622776,0.0586832935998533,0.411149825783972
237273.411807,2734366.126422,0.406471981057616,0.0121020784004209,0,0.257300710339384,0.081557484872402,0.242567745330176
236273.411807,2733866.126422,0.187706422018349,0.210642201834862,0.0491743119266055,0.114862385321101,0.0471559633027523,0.39045871559633
236773.411807,2733866.126422,0.183269124931205,0.0418271876719868,0.00458631443771785,0.0997982021647404,0.125665015593469,0.544854155200881
237273.411807,2733866.126422,0.272153562976597,0.0107809623981068,0,0.25111753878517,0.136997107546674,0.328950828293453
236273.411807,2733366.126422,0.154761904761905,0.221611721611722,0.00293040293040293,0.0521978021978022,0.0380952380952381,0.53040293040293
236773.411807,2733366.126422,0.080952380952381,0.141575091575092,0,0.167399267399267,0.100915750915751,0.509157509157509
237273.411807,2733366.126422,0.108627038400842,0.00526038926880589,0.000526038926880589,0.426091530773277,0.102840610205155,0.356654392425039
235773.411807,2732866.126422,0.189298149166209,0.0502107385010079,0.266263514751695,0.306395455378413,0.0535092541689573,0.134322888033718
236273.411807,2732866.126422,0.0559735731326849,0.366856303908974,0.00660671682877592,0.114516425032116,0.0524866948063865,0.403560286291063
236773.411807,2732866.126422,0.125252154777187,0.13607188703466,0.0553823583348615,0.225197139189437,0.0977443609022556,0.360352099761599
237273.411807,2732866.126422,0.176532491449619,0.0336753485924757,0.00526177321757432,0.416469350171008,0.108392528282031,0.259668508287293
235773.411807,2732366.126422,0.141758241758242,0.107509157509158,0.0335164835164835,0.317032967032967,0.156227106227106,0.243956043956044
236273.411807,2732366.126422,0.0777981651376147,0.118715596330275,0.00440366972477064,0.387339449541284,0.107889908256881,0.303853211009174
236773.411807,2732366.126422,0.0959456980370574,0.0693450742982939,0.00550357732526142,0.487066593285636,0.12126215373326,0.220876903320492
237273.411807,2732366.126422,0.105706021561925,0.209834341309492,0.00184065211674993,0.409676571128057,0.101235866421246,0.17170654746253
235273.411807,2731866.126422,0.474175824175824,0.0816849816849817,0.00183150183150183,0.121245421245421,0.0798534798534798,0.241208791208791
235773.411807,2731866.126422,0.0315364869820315,0.195452878621195,0.00733406674000733,0.381921525485882,0.106160616061606,0.277594426109278
236273.411807,2731866.126422,0.0653846153846154,0.237545787545788,0.00256410256410256,0.301282051282051,0.121978021978022,0.271245421245421
236773.411807,2731866.126422,0.0236263736263736,0.147619047619048,0.00934065934065934,0.618681318681319,0.0750915750915751,0.125641025641026
237273.411807,2731866.126422,0.0665439242503945,0.0142030510257759,0.000526038926880589,0.697790636507101,0.158337716991057,0.0625986322987901
234773.411807,2731366.126422,0.655166085520279,0.0541383740135805,0.000734079647641769,0.0545054138374014,0.0530372545421178,0.18241879243898
235273.411807,2731366.126422,0.075187969924812,0.309004217861727,0.000366770584999083,0.161379057399597,0.115349348982212,0.338712635246653
235773.411807,2731366.126422,0.0769653655854865,0.0553417628733736,0.000916254352208173,0.376763789628001,0.188931647425325,0.301081180135606
236273.411807,2731366.126422,0.138557533492384,0.0267939071389246,0.000734079647641769,0.366489264085153,0.148100568911727,0.31932464672417
236773.411807,2731366.126422,0.0709701081973226,0.0284247203374289,0.00770218228498074,0.626444159178434,0.174582798459564,0.0918760315422703
237273.411807,2731366.126422,0.0399894764535648,0.0228887134964483,0.00578795053933175,0.769534333070245,0.120757695343331,0.0410418310970797
234273.411807,2730866.126422,0.492857142857143,0.25018315018315,0,0.00256410256410256,0.0166666666666667,0.237728937728938
234773.411807,2730866.126422,0.0941284403669725,0.32697247706422,0,0.150275229357798,0.103119266055046,0.325504587155963
235273.411807,2730866.126422,0.0812694918363603,0.244542285819116,0,0.101449275362319,0.196110805356815,0.37662814162539
235773.411807,2730866.126422,0.138827838827839,0.0562271062271062,0,0.103846153846154,0.0932234432234432,0.607875457875458
236273.411807,2730866.126422,0.0732110091743119,0.0214678899082569,0.00201834862385321,0.562201834862385,0.128807339449541,0.212293577981651
236773.411807,2730866.126422,0.0733810310034856,0.0379746835443038,0.00421940928270042,0.582278481012658,0.207668317739864,0.0944780774169877
237273.411807,2730866.126422,0.0917696555351039,0.0265579805416776,0.000262950302392848,0.644228240862477,0.148041020247173,0.0891401525111754
233273.411807,2730366.126422,0.284065934065934,0.01996336996337,0.307326007326007,0.238644688644689,0.00769230769230769,0.142307692307692
233773.411807,2730366.126422,0.414102564102564,0.261172161172161,0,0.00567765567765568,0.0283882783882784,0.290659340659341
234273.411807,2730366.126422,0.0271360469380271,0.812431243124312,0.000183351668500183,0.0500550055005501,0.0102676934360103,0.0999266593325999
234773.411807,2730366.126422,0.0386446886446886,0.501831501831502,0.000915750915750916,0.146886446886447,0.0860805860805861,0.225641025641026
235273.411807,2730366.126422,0.0844322344322344,0.338095238095238,0,0.156593406593407,0.142490842490842,0.278388278388278
235773.411807,2730366.126422,0.0656398973230656,0.443894389438944,0.00788412174550788,0.14008067473414,0.0933259992665933,0.249174917491749
236273.411807,2730366.126422,0.0820512820512821,0.215018315018315,0.000549450549450549,0.412454212454212,0.152197802197802,0.137728937728938
236773.411807,2730366.126422,0.058974358974359,0.12032967032967,0.00146520146520147,0.482234432234432,0.123809523809524,0.213186813186813
237273.411807,2730366.126422,0.0660178853235139,0.0907417148869016,0.00315623356128353,0.546291425565492,0.10678590215676,0.187006838506049
233273.411807,2729866.126422,0.631492016883832,0.0343182235272527,0.00513855753349238,0.0168838318957607,0.0508350155991925,0.26133235456047
233773.411807,2729866.126422,0.0353933614524115,0.699614890885751,0,0.0832569227947919,0.0311754997249221,0.150559325142124
234273.411807,2729866.126422,0.0296866410115448,0.747297049660986,0,0.0569910207073484,0.0657870624885468,0.100238226131574
234773.411807,2729866.126422,0.0183519911910442,0.66379152138007,0.0034868783262984,0.0427601394751331,0.0835015599192512,0.188107909708203
235273.411807,2729866.126422,0.0412616908123968,0.637447276728406,0.00366770584999083,0.0368604437924078,0.0792224463598019,0.201540436456996
235773.411807,2729866.126422,0.0555250137438153,0.305845702767088,0.000366501740883269,0.312076232362104,0.123511086677662,0.202675462708448
236273.411807,2729866.126422,0.0486327766562672,0.133418975958892,0.000183519911910442,0.468159295283538,0.171958157460084,0.177647274729308
236773.411807,2729866.126422,0.059600220062351,0.285530900421786,0.00146708233999633,0.286447826884284,0.164863377957088,0.202090592334495
237273.411807,2729866.126422,0.0460405156537753,0.137858458300447,0.00184162062615101,0.520915548539858,0.135753749013418,0.157590107866351
232773.411807,2729366.126422,0.00384615384615385,0.032967032967033,0.510989010989011,0.397802197802198,0.0274725274725275,0.0269230769230769
233273.411807,2729366.126422,0.0187155963302752,0.0227522935779817,0.277247706422018,0.401100917431193,0.0431192660550459,0.237064220183486
233773.411807,2729366.126422,0.0480645753072831,0.249312052834342,0,0.080168776371308,0.0515501742799486,0.570904421207118
234273.411807,2729366.126422,0.0961538461538462,0.608058608058608,0.000732600732600733,0.000366300366300366,0.00970695970695971,0.284981684981685
234773.411807,2729366.126422,0.0499082568807339,0.52348623853211,0.00036697247706422,0.165321100917431,0.0856880733944954,0.175229357798165
235273.411807,2729366.126422,0.0306365804439552,0.454412034489085,0,0.194459732159237,0.121078701155751,0.199412951751972
235773.411807,2729366.126422,0.0562271062271062,0.376556776556777,0,0.251098901098901,0.113553113553114,0.202564102564103
236273.411807,2729366.126422,0.0607339449541284,0.224954128440367,0,0.197247706422018,0.107339449541284,0.409724770642202
236773.411807,2729366.126422,0.124197394973399,0.196294257934324,0,0.0706292423408549,0.0854889011190607,0.523390203632361
237273.411807,2729366.126422,0.043123849592427,0.242703129108598,0,0.175387851696029,0.208519589797528,0.330265579805417
230773.411807,2728866.126422,0.08003663003663,0.0261904761904762,0.121978021978022,0.346153846153846,0.032967032967033,0.392673992673993
231273.411807,2728866.126422,0.378437843784378,0.0368536853685369,0.011001100110011,0.128346167950128,0.0647231389805647,0.380638063806381
231773.411807,2728866.126422,0.446886446886447,0.0183150183150183,0,0.0360805860805861,0.0177655677655678,0.480952380952381
232273.411807,2728866.126422,0.211721611721612,0.0743589743589744,0.0043956043956044,0.128205128205128,0.0593406593406593,0.521978021978022
232773.411807,2728866.126422,0.222038870553722,0.0372203887055372,0.0165016501650165,0.221855518885222,0.0997433076640997,0.402640264026403
233273.411807,2728866.126422,0.0923076923076923,0.00567765567765568,0.520879120879121,0.151465201465201,0.0318681318681319,0.197802197802198
233773.411807,2728866.126422,0.0487179487179487,0.056959706959707,0.522344322344322,0.0860805860805861,0.0194139194139194,0.266483516483516
234273.411807,2728866.126422,0.156032269893656,0.153832049871654,0.0416208287495416,0.0958929226255959,0.137147048038137,0.415474880821415
234773.411807,2728866.126422,0.0302197802197802,0.637545787545788,0,0.0725274725274725,0.0624542124542125,0.197252747252747
235273.411807,2728866.126422,0.0247252747252747,0.656593406593407,0.032967032967033,0.021978021978022,0.0673992673992674,0.196336996336996
235773.411807,2728866.126422,0.0463879721305464,0.235606894022736,0.129446277961129,0.232306563989732,0.151081774844151,0.205170517051705
236273.411807,2728866.126422,0.0545787545787546,0.117032967032967,0.198351648351648,0.158241758241758,0.0811355311355311,0.390659340659341
236773.411807,2728866.126422,0.146886446886447,0.0732600732600733,0.204761904761905,0.152197802197802,0.0267399267399267,0.396153846153846
237273.411807,2728866.126422,0.108627038400842,0.0728563913729616,0.177012098895318,0.146501841136244,0.0281430825881115,0.466859547606523
228273.411807,2728366.126422,0,0.0870441634597764,0.10756826094924,0.396554883635697,0.0205240974894631,0.388308594465824
228773.411807,2728366.126422,0.00275279867865663,0.0370710222059093,0.151954487061846,0.184804551293815,0.0211047898697009,0.602312350890072
229273.411807,2728366.126422,0.0768384375573079,0.0452961672473868,0.0544654318723638,0.14817531633963,0.0159545204474601,0.659270126535852
229773.411807,2728366.126422,0.41139820414147,0.0157595748579806,0,0.0522264980758659,0.011544804837823,0.509070918086861
230273.411807,2728366.126422,0.380069737566526,0.0356028629106258,0,0.000917599559552211,0.011194714626537,0.572215085336759
230773.411807,2728366.126422,0.162112598569595,0.0946268109297634,0,0.0297084173849257,0.0280579497524299,0.685494223363286
231273.411807,2728366.126422,0.0273043796958036,0.124060839288987,0,0.0743998533993036,0.0575407733186733,0.716694154297233
231773.411807,2728366.126422,0.154707285740503,0.0363369425582676,0,0.127913378601578,0.122591301156175,0.558451091943476
232273.411807,2728366.126422,0.233999633229415,0.0126535851824684,0,0.0878415551072804,0.117916743077205,0.547588483403631
232773.411807,2728366.126422,0.784496976360638,0.000183250870441635,0,0,0,0.215319772768921
233273.411807,2728366.126422,0.263534593503395,0.0196366305744173,0.000367039823820885,0.0774454028262066,0.0748761240594605,0.5641402092127
233773.411807,2728366.126422,0.169631395562076,0.0770218228498075,0.225013753896937,0.144874381074638,0.066018705299835,0.317439941316706
234273.411807,2728366.126422,0.00274876305662452,0.0445299615173172,0.58072200842954,0.32288803371816,0.00751328568810702,0.0415979475902511
234773.411807,2728366.126422,0.0137639933932832,0.0627638098733713,0.475316571848045,0.305927693154707,0.0299137456414021,0.112314186089191
235273.411807,2728366.126422,0.0232899321474418,0.331377223546672,0.140289748762149,0.11204841371722,0.0434623143223913,0.349532367504126
235773.411807,2728366.126422,0.0251053692505039,0.524280740333517,0,0.0287703866593366,0.0278541323071285,0.393989371449514
236273.411807,2728366.126422,0.0231235089007157,0.542668379519178,0,0.0464305377133419,0.0818498807120573,0.305927693154707
236773.411807,2728366.126422,0.0643682376673391,0.495507060333761,0.0381441408399046,0.015587749862461,0.0188886851274528,0.367504126169081
237273.411807,2728366.126422,0.083399105498553,0.0912917653249145,0,0.439884240989213,0.12286240463036,0.262562483556959
227773.411807,2727866.126422,0.0640249495505412,0.0394423041643735,0.0539350577875619,0.141625389836727,0.105668684645019,0.595303614015777
228273.411807,2727866.126422,0.0423076923076923,0.00824175824175824,0,0,0.0285714285714286,0.920879120879121
228773.411807,2727866.126422,0.338348623853211,0.00495412844036697,0,0.00220183486238532,0.00330275229357798,0.651192660550459
229273.411807,2727866.126422,0.744450559530361,0,0,0,0,0.255549440469639
229773.411807,2727866.126422,0.39047619047619,0.0108058608058608,0,0,0.000549450549450549,0.598168498168498
230273.411807,2727866.126422,0.0614678899082569,0.102018348623853,0,0.00036697247706422,0.00587155963302752,0.830275229357798
230773.411807,2727866.126422,0.0645753072830673,0.15685195376995,0.000183452577508714,0.0829205650339387,0.075032104201064,0.620436617134471
231273.411807,2727866.126422,0.0271062271062271,0.136630036630037,0,0.108424908424908,0.118864468864469,0.608974358974359
231773.411807,2727866.126422,0.265871559633027,0.071743119266055,0,0.00642201834862385,0.0146788990825688,0.641284403669725
232273.411807,2727866.126422,0.341405246743717,0.0253164556962025,0,0.00513667217024399,0.0199963309484498,0.608145294441387
232773.411807,2727866.126422,0.676007326007326,0,0,0.00128205128205128,0.0021978021978022,0.320512820512821
233273.411807,2727866.126422,0.157614678899083,0.0963302752293578,0,0.0181651376146789,0.0326605504587156,0.695229357798165
233773.411807,2727866.126422,0.201430930104568,0.0194459732159237,0,0.0640249495505412,0.0598055402678408,0.655292606861126
234273.411807,2727866.126422,0.365750915750916,0.0326007326007326,0.0249084249084249,0.0267399267399267,0.058974358974359,0.491025641025641
234773.411807,2727866.126422,0.0669724770642202,0.548623853211009,0,0.0179816513761468,0.0605504587155963,0.305871559633028
235273.411807,2727866.126422,0.0174279948633278,0.685378829572555,0,0.0139423958906623,0.0267840763162722,0.256466703357182
235773.411807,2727866.126422,0.153479853479853,0.356227106227106,0,0.0628205128205128,0.105677655677656,0.321794871794872
236273.411807,2727866.126422,0.132110091743119,0.0994495412844037,0,0.28348623853211,0.217064220183486,0.267889908256881
236773.411807,2727866.126422,0.063474591818015,0.392405063291139,0.0203632361034673,0.151531829022198,0.109154283617685,0.263070996147496
237273.411807,2727866.126422,0.0746778858795688,0.133841703917959,0,0.47830660005259,0.152511175387852,0.16066263476203
227273.411807,2727366.126422,0.0684981684981685,0.0271062271062271,0.0223443223443223,0.398534798534799,0.143406593406593,0.34010989010989
227773.411807,2727366.126422,0.0529304029304029,0.0489010989010989,0,0.0783882783882784,0.103113553113553,0.716666666666667
228273.411807,2727366.126422,0.0144847818115145,0.0535386872020535,0,0.0188852218555189,0.0405207187385405,0.872570590392373
228773.411807,2727366.126422,0.127472527472527,0.0853479853479854,0,0.0274725274725275,0.0804029304029304,0.679304029304029
229273.411807,2727366.126422,0.121611721611722,0.0950549450549451,0,0.026007326007326,0.102930402930403,0.654395604395604
229773.411807,2727366.126422,0.315731573157316,0.0416208287495416,0,0.0205353868720205,0.0383204987165383,0.583791712504584
230273.411807,2727366.126422,0.039010989010989,0.129120879120879,0,0.0357142857142857,0.0602564102564103,0.735897435897436
230773.411807,2727366.126422,0.0481684981684982,0.0796703296703297,0,0.041025641025641,0.0804029304029304,0.750732600732601
231273.411807,2727366.126422,0.0707737440410708,0.175100843417675,0,0.0242024202420242,0.0616061606160616,0.668316831683168
231773.411807,2727366.126422,0.167582417582418,0.0976190476190476,0.000366300366300366,0.00897435897435897,0.0595238095238095,0.665934065934066
232273.411807,2727366.126422,0.273626373626374,0.0847985347985348,0,0.021978021978022,0.0307692307692308,0.588827838827839
232773.411807,2727366.126422,0.378621195452879,0.0632563256325633,0,0.00385038503850385,0.0121012101210121,0.542170883755042
233273.411807,2727366.126422,0.182967032967033,0.0139194139194139,0,0.0899267399267399,0.0556776556776557,0.657509157509158
233773.411807,2727366.126422,0.342490842490842,0.0177655677655678,0.00146520146520147,0.0135531135531136,0.0135531135531136,0.611172161172161
234273.411807,2727366.126422,0.602860286028603,0.00623395672900623,0,0.0482214888155482,0.052988632196553,0.28969563623029
234773.411807,2727366.126422,0.475091575091575,0.00805860805860806,0,0.0490842490842491,0.0842490842490843,0.383516483516484
235273.411807,2727366.126422,0.454395604395604,0.0238095238095238,0,0.0789377289377289,0.112637362637363,0.33021978021978
235773.411807,2727366.126422,0.61001100110011,0.0284195086175284,0,0.00531719838650532,0.0227356068940227,0.333516685001834
236273.411807,2727366.126422,0.362271062271062,0.00769230769230769,0.0010989010989011,0.27985347985348,0.0882783882783883,0.260805860805861
236773.411807,2727366.126422,0.0961538461538462,0.192673992673993,0.0188644688644689,0.195970695970696,0.0935897435897436,0.402747252747253
237273.411807,2727366.126422,0.0470804839558127,0.291951604418727,0.00552340873224619,0.120199894792215,0.114150447133088,0.421094160967912
226773.411807,2726866.126422,0.0192413413963716,0.0346344145134689,0.107751511819681,0.625435220817299,0.122594832325454,0.0903426791277259
227273.411807,2726866.126422,0.0409249403560286,0.0478986970086254,0,0.243347403193246,0.195999265920352,0.471829693521747
227773.411807,2726866.126422,0.0269576379974326,0.0348432055749129,0,0.0097194205024757,0.0783055198973042,0.850174216027875
228273.411807,2726866.126422,0.0109950522264981,0.045629466739967,0,0.000733003481766538,0.0155763239875389,0.927066153564229
228773.411807,2726866.126422,0.101119471462654,0.124793540099101,0.000367039823820885,0.0143145531290145,0.0576252523398789,0.701780143145531
229273.411807,2726866.126422,0.0524481936548689,0.0896754080322758,0.000733541169998166,0.0207225380524482,0.151292866312122,0.685127452778287
229773.411807,2726866.126422,0.0415979475902511,0.184716877405168,0,0.0967564595931831,0.0969397104636247,0.579989004947774
230273.411807,2726866.126422,0.108643787850982,0.269223710772619,0,0.0644154890805652,0.0873554780693705,0.470361534226464
230773.411807,2726866.126422,0.109664404914726,0.0933431138822666,0,0.0970108197322575,0.165963689712085,0.534017971758665
231273.411807,2726866.126422,0.0560747663551402,0.257467472970497,0,0.0432472054242258,0.0712845886017959,0.571925966648342
231773.411807,2726866.126422,0.0585428518994311,0.207744540282621,0,0.0100935951550743,0.0271609469627455,0.696458065700128
232273.411807,2726866.126422,0.277645332844306,0.00641848523748395,0,0.0267742527049331,0.0364936732074088,0.652668256005868
232773.411807,2726866.126422,0.162726772952172,0.0599230346344145,0,0.228330584570277,0.103536741799524,0.445482866043614
233273.411807,2726866.126422,0.262800513855753,0.0181684712791338,0,0.0423930996513122,0.0785465222976693,0.598091392916131
233773.411807,2726866.126422,0.627361085640932,0.00110031175499725,0,0.00201723821749496,0.00476801760498808,0.364753346781588
234273.411807,2726866.126422,0.333699835074217,0.00696353307678211,0,0.0443467106468756,0.142935678944475,0.472054242257651
234773.411807,2726866.126422,0.363369425582676,0.0981831528720866,0,0.012846393833731,0.0471646173609837,0.478436410350523
235273.411807,2726866.126422,0.637447276728406,0.0128369704749679,0,0.000733541169998166,0.00330093526499175,0.345681276361636
235773.411807,2726866.126422,0.63111599780099,0.0185083379146051,0.000183250870441635,0.00183250870441635,0.0111783030969397,0.337181601612608
236273.411807,2726866.126422,0.359515507432556,0.0501009359515507,0.000367039823820885,0.0596439713708937,0.0545054138374014,0.475867131583777
236773.411807,2726866.126422,0.501375389693747,0.0374105996699065,0,0.106363469649734,0.0583165230148542,0.296534017971759
237273.411807,2726866.126422,0.179689555380163,0.054722441462773,0.00631412786108919,0.279137069192318,0.150486714022626,0.329650092081031
226273.411807,2726366.126422,0.0401761144744084,0.0210970464135021,0.0223812144560631,0.490185287103284,0.0181618051733627,0.40799853237938
226773.411807,2726366.126422,0.0135531135531136,0.0835164835164835,0,0.0509157509157509,0.0860805860805861,0.765934065934066
227273.411807,2726366.126422,0.0368807339449541,0.0337614678899083,0,0.0144954128440367,0.0201834862385321,0.894678899082569
227773.411807,2726366.126422,0.0152265639332233,0.0590717299578059,0,0.00201797835259585,0.0280682443588332,0.895615483397542
228273.411807,2726366.126422,0.0188644688644689,0.107326007326007,0,0.00347985347985348,0.0206959706959707,0.8496336996337
228773.411807,2726366.126422,0.0172477064220183,0.271926605504587,0,0.0796330275229358,0.0354128440366972,0.595779816513761
229273.411807,2726366.126422,0.0267840763162722,0.232250963126032,0.000183452577508714,0.105485232067511,0.0671436433681893,0.568152632544487
229773.411807,2726366.126422,0.0214285714285714,0.19010989010989,0,0.0796703296703297,0.132600732600733,0.576190476190476
230273.411807,2726366.126422,0.0524770642201835,0.0638532110091743,0,0.239816513761468,0.194678899082569,0.449174311926606
230773.411807,2726366.126422,0.132819666116309,0.0810860392588516,0.000366905155017428,0.096862960924601,0.114841313520455,0.574023115024766
231273.411807,2726366.126422,0.0523809523809524,0.275641025641026,0,0.00146520146520147,0.0419413919413919,0.628571428571429
231773.411807,2726366.126422,0.0658715596330275,0.168440366972477,0,0.00972477064220183,0.0203669724770642,0.735596330275229
232273.411807,2726366.126422,0.31388736011741,0.0207301412584847,0,0.0311869381764814,0.0491652907723353,0.585030269675289
232773.411807,2726366.126422,0.164285714285714,0.028021978021978,0,0.266849816849817,0.120512820512821,0.42032967032967
233273.411807,2726366.126422,0.203302752293578,0.0511926605504587,0.00018348623853211,0.00275229357798165,0.00917431192660551,0.733394495412844
233773.411807,2726366.126422,0.350027517886626,0.0401761144744084,0,0.00953953403045313,0.0482480278847918,0.55200880572372
234273.411807,2726366.126422,0.636630036630037,0.00128205128205128,0,0.00567765567765568,0.0371794871794872,0.319230769230769
234773.411807,2726366.126422,0.417798165137615,0.0504587155963303,0.00128440366972477,0.00495412844036697,0.0194495412844037,0.50605504587156
235273.411807,2726366.126422,0.439002017978353,0.0350394423041644,0,0.00165107319757843,0.00843881856540084,0.515868647954504
235773.411807,2726366.126422,0.31007326007326,0.039010989010989,0,0.00750915750915751,0.0287545787545788,0.614652014652015
236273.411807,2726366.126422,0.597247706422018,0.00036697247706422,0,0.0220183486238532,0.00899082568807339,0.371376146788991
236773.411807,2726366.126422,0.219959640432948,0.0170610897083104,0.00201797835259585,0.2126215373326,0.195010089891763,0.353329664281783
237273.411807,2726366.126422,0.205364186168814,0.0128845648172495,0,0.146726268735209,0.187220615303708,0.44780436497502
226273.411807,2725866.126422,0.071978021978022,0.21959706959707,0,0.00274725274725275,0.0139194139194139,0.691758241758242
226773.411807,2725866.126422,0.0271360469380271,0.275394206087275,0,0.0077007700770077,0.0474880821415475,0.642280894756142
227273.411807,2725866.126422,0.0203296703296703,0.11996336996337,0,0.00421245421245421,0.05,0.805494505494506
227773.411807,2725866.126422,0.0148351648351648,0.0750915750915751,0,0,0.0221611721611722,0.887912087912088
228273.411807,2725866.126422,0.0344701136780345,0.11037770443711,0,0.0958929226255959,0.0916758342500917,0.667583425009168
228773.411807,2725866.126422,0.0133699633699634,0.30018315018315,0,0.00347985347985348,0.0163003663003663,0.666666666666667
229273.411807,2725866.126422,0.0633699633699634,0.162087912087912,0,0.0124542124542125,0.0655677655677656,0.696520146520146
229773.411807,2725866.126422,0.0209020902090209,0.281261459479281,0,0.0385038503850385,0.0764576457645765,0.582874954162083
230273.411807,2725866.126422,0.0531135531135531,0.289010989010989,0,0.0128205128205128,0.0948717948717949,0.55018315018315
230773.411807,2725866.126422,0.0961538461538462,0.287912087912088,0,0.0401098901098901,0.093956043956044,0.481868131868132
231273.411807,2725866.126422,0.108727539420609,0.242574257425743,0,0.0229189585625229,0.0643564356435644,0.561422808947561
231773.411807,2725866.126422,0.117032967032967,0.0578754578754579,0.00238095238095238,0.0694139194139194,0.0730769230769231,0.68021978021978
232273.411807,2725866.126422,0.31959706959707,0.0732600732600733,0,0.00256410256410256,0.0152014652014652,0.589377289377289
232773.411807,2725866.126422,0.138247158049138,0.0161349468280161,0,0.0993766043270994,0.106710671067107,0.63953061972864
233273.411807,2725866.126422,0.32032967032967,0.00476190476190476,0.000183150183150183,0.0010989010989011,0.00989010989010989,0.663736263736264
233773.411807,2725866.126422,0.376739926739927,0.0785714285714286,0.000915750915750916,0.0120879120879121,0.05,0.481684981684982
234273.411807,2725866.126422,0.788045471213788,0.000733406674000733,0,0.00696736340300697,0.0133846718005134,0.190869086908691
234773.411807,2725866.126422,0.619413919413919,0.00824175824175824,0,0.00842490842490842,0.0177655677655678,0.346153846153846
235273.411807,2725866.126422,0.592490842490842,0.0120879120879121,0,0.000183150183150183,0.00567765567765568,0.38956043956044
235773.411807,2725866.126422,0.352035203520352,0.0462046204620462,0.0022002200220022,0.048954895489549,0.0375870920425376,0.513017968463513
236273.411807,2725866.126422,0.376923076923077,0.00952380952380952,0,0.21007326007326,0.169230769230769,0.234249084249084
236773.411807,2725866.126422,0.41959706959707,0.0139194139194139,0,0.131135531135531,0.0675824175824176,0.367765567765568
237273.411807,2725866.126422,0.267227774855339,0.020515518148343,0,0.113361388742767,0.0860073645449763,0.512887953708574
226273.411807,2725366.126422,0.0456629378323858,0.168897854392078,0,0.285347515129287,0.179717586649551,0.320374105996699
226773.411807,2725366.126422,0.0276708814366868,0.445482866043614,0,0,0.0362836723474437,0.490562580172256
227273.411807,2725366.126422,0.0438612589465957,0.363736465406497,0,0.000917599559552211,0.00972655533125344,0.581758120756102
227773.411807,2725366.126422,0.0240234733174399,0.25582248303686,0,0.0740876581698148,0.046396479002384,0.599669906473501
228273.411807,2725366.126422,0.0227231079347627,0.346344145134689,0,0.00861279091075683,0.0324354040681693,0.589884551951622
228773.411807,2725366.126422,0.0231235089007157,0.496788401541567,0,0.0102771150669848,0.0458799779776106,0.423930996513122
229273.411807,2725366.126422,0.0275077938749312,0.369888134971575,0,0.0286081056299285,0.0764716669723088,0.497524298551256
229773.411807,2725366.126422,0.0584570276708814,0.203225215319773,0,0.0549752611324904,0.0925416895730255,0.59080080630383
230273.411807,2725366.126422,0.114699944944026,0.102771150669848,0,0.0884565975408332,0.154890805652413,0.539181501192879
230773.411807,2725366.126422,0.0330093526499175,0.269209609389327,0,0.00916926462497708,0.0297084173849257,0.658903355950853
231273.411807,2725366.126422,0.0965732087227414,0.0918086860912589,0,0.0635880520432472,0.132673630199743,0.615356422943009
231773.411807,2725366.126422,0.115801064415489,0.0187190310148651,0.0082583960359699,0.179115434024592,0.0739585244999082,0.604147550009176
232273.411807,2725366.126422,0.309921144324225,0.0309921144324225,0.292499541536769,0.0364936732074088,0.0629011553273428,0.267192371171832
232773.411807,2725366.126422,0.146417445482866,0.011544804837823,0,0.00348176653839106,0.028587135788895,0.809968847352025
233273.411807,2725366.126422,0.388328133602496,0.0194531106625069,0.00256927876674619,0.00440447788585061,0.0535878142778491,0.531657184804551
233773.411807,2725366.126422,0.410232899321474,0.0361269026224097,0.0022006235099945,0.00458463231248854,0.0280579497524299,0.518796992481203
234273.411807,2725366.126422,0.506322155030236,0.0240058640278541,0.000549752611324904,0.00439802089059923,0.00623052959501558,0.45849367784497
234773.411807,2725366.126422,0.36080014681593,0.0506514956872821,0.0126628739218205,0.0135804734813727,0.0383556615892824,0.523949348504313
235273.411807,2725366.126422,0.686777920410783,0.00238400880249404,0,0.00586832935998533,0.0121034293049697,0.292866312121768
235773.411807,2725366.126422,0.539307311709731,0.0126443100604728,0,0.0133773135422393,0.0480117280557083,0.386659336631849
236273.411807,2725366.126422,0.350890071572766,0.0196366305744173,0,0.0396403009726555,0.0946962745457882,0.495136722334373
236773.411807,2725366.126422,0.538052448193655,0.0115532734274711,0,0.00495140289748762,0.0258573262424354,0.419585549238951
237273.411807,2725366.126422,0.498553012365167,0.0160484083136017,0.000263088660878716,0.0344646145751118,0.0652459878979216,0.385424888187319
225773.411807,2724866.126422,0.0319266055045872,0.0335779816513761,0.0379816513761468,0.231926605504587,0.146422018348624,0.518165137614679
226273.411807,2724866.126422,0.0291689598238855,0.206934507429829,0,0.207668317739864,0.144744083654375,0.411484131352045
226773.411807,2724866.126422,0.043040293040293,0.509157509157509,0.00183150183150183,0.00805860805860806,0.0225274725274725,0.415384615384615
227273.411807,2724866.126422,0.0222018348623853,0.358532110091743,0,0.058348623853211,0.0319266055045872,0.528990825688073
227773.411807,2724866.126422,0.0372408732342689,0.425609979820216,0,0.0278847917813245,0.0403595670519171,0.468904788112273
228273.411807,2724866.126422,0.0173992673992674,0.488461538461538,0,0.00824175824175824,0.0360805860805861,0.44981684981685
228773.411807,2724866.126422,0.0174311926605505,0.405871559633028,0,0.0036697247706422,0.024954128440367,0.548073394495413
229273.411807,2724866.126422,0.0658594753256283,0.10842047330765,0,0.0251330031186938,0.0970464135021097,0.703540634745918
229773.411807,2724866.126422,0.0860805860805861,0.086996336996337,0,0.229304029304029,0.155860805860806,0.441758241758242
230273.411807,2724866.126422,0.194311926605505,0.127706422018349,0,0.0299082568807339,0.073394495412844,0.574678899082569
230773.411807,2724866.126422,0.194092827004219,0.0442120711796001,0,0.010273344340488,0.0225646670335718,0.728857090442121
231273.411807,2724866.126422,0.113186813186813,0.0833333333333333,0.00714285714285714,0.0791208791208791,0.0672161172161172,0.65
231773.411807,2724866.126422,0.389174311926606,0.0218348623853211,0,0.0332110091743119,0.0524770642201835,0.503302752293578
232273.411807,2724866.126422,0.354797284901853,0.0110071546505228,0.0931939093744267,0.0374243258117777,0.0794349660612732,0.424142359200147
232773.411807,2724866.126422,0.576007326007326,0.000366300366300366,0,0,0.0021978021978022,0.421428571428571
233273.411807,2724866.126422,0.466788990825688,0.0108256880733945,0,0.00146788990825688,0.0104587155963303,0.51045871559633
233773.411807,2724866.126422,0.572738946982205,0.0232984773436067,0.00476976701522656,0.000366905155017428,0.00770500825536599,0.391120895248578
234273.411807,2724866.126422,0.581501831501832,0.00238095238095238,0,0.000732600732600733,0.00128205128205128,0.414102564102564
234773.411807,2724866.126422,0.619816513761468,0.00238532110091743,0,0,0.00110091743119266,0.376697247706422
235273.411807,2724866.126422,0.555861309851403,0.00421940928270042,0,0.02568336085122,0.0544854155200881,0.359750504494588
235773.411807,2724866.126422,0.376190476190476,0.0391941391941392,0,0.0100732600732601,0.039010989010989,0.535531135531136
236273.411807,2724866.126422,0.577614678899083,0.00532110091743119,0,0.0293577981651376,0.0352293577981651,0.352477064220183
236773.411807,2724866.126422,0.651440102733443,0.00110071546505228,0.00091726288754357,0.011557512383049,0.0187121629058888,0.316272243625023
237273.411807,2724866.126422,0.778332895082829,0,0,0,0,0.221667104917171
225773.411807,2724366.126422,0.0360871538810713,0.0960054471175669,0.0844303222877894,0.0626418520199728,0.0864729913753972,0.634362233318202
226273.411807,2724366.126422,0.0240635641316686,0.341884222474461,0,0.0036322360953462,0.0140749148694665,0.616345062429058
226773.411807,2724366.126422,0.0256701499318492,0.490458882326215,0,0.0438437074057247,0.0540663334847796,0.385960926851431
227273.411807,2724366.126422,0.0846572855197458,0.231729459827508,0,0.177712210621879,0.102360417612347,0.40354062641852
227773.411807,2724366.126422,0.0440408626560726,0.337343927355278,0,0.147105561861521,0.0569807037457435,0.414528944381385
228273.411807,2724366.126422,0.0268059972739664,0.375738300772376,0,0.0252158109950023,0.0740572467060427,0.498182644252612
228773.411807,2724366.126422,0.0288243304584657,0.179527916477531,0,0.0147526100771675,0.110985020426691,0.665910122560145
229273.411807,2724366.126422,0.101929625425653,0.0706015891032917,0,0.0472190692395006,0.0944381384790011,0.685811577752554
229773.411807,2724366.126422,0.0272603362108133,0.135620172648796,0,0.342117219445706,0.120172648796002,0.374829622898682
230273.411807,2724366.126422,0.0985020426690876,0.0403994552882433,0,0.005901044030867,0.0535633227417158,0.801634135270086
230773.411807,2724366.126422,0.433144154370034,0.0149829738933031,0,0.000454029511918275,0.0102156640181612,0.541203178206583
231273.411807,2724366.126422,0.367333030440709,0.0115856428895956,0.00636074511585643,0.120626987732849,0.06860517946388,0.42548841435711
231773.411807,2724366.126422,0.501588742623695,0.00113481615978212,0,0.0558329550612801,0.0542442124375851,0.387199273717658
232273.411807,2724366.126422,0.373439273552781,0.000908059023836549,0,0.00317820658342792,0.0156640181611805,0.606810442678774
232773.411807,2724366.126422,0.679463880054521,0.000227169468423444,0,0.0140845070422535,0.0109041344843253,0.295320308950477
233273.411807,2724366.126422,0.497276441216523,0.0183840217884703,0,0.00817067635043123,0.0320018157058557,0.44416704493872
233773.411807,2724366.126422,0.60272417707151,0.00227014755959137,0.000227014755959137,0.0138479001135074,0.0206583427922815,0.360272417707151
234273.411807,2724366.126422,0.514084507042254,0.00795093139482054,0,0.0536119945479328,0.0438437074057247,0.380508859609269
234773.411807,2724366.126422,0.525646845211076,0.00635497049477985,0,0.00635497049477985,0.0263277349069451,0.435315478892419
235273.411807,2724366.126422,0.622474460839955,0.0018161180476731,0,0.0388195232690125,0.0467650397275823,0.290124858115778
235773.411807,2724366.126422,0.530213539300318,0.00636074511585643,0,0,0.00522489777373921,0.458200817810086
236273.411807,2724366.126422,0.672038129822969,0.000907852927825692,0,0.00907852927825692,0.0140717203812982,0.30390376758965
236773.411807,2724366.126422,0.485130533484676,0.00703745743473326,0,0.00930760499432463,0.05788876276958,0.440635641316686
237273.411807,2724366.126422,0.541293532338308,0.0129353233830846,0,0.00066334991708126,0.00928689883913764,0.435820895522388
