"x","y","forest","agri","water","built","other","grass"
326273.411807,2737866.126422,0.0888278388278388,0.0327838827838828,0.000183150183150183,0.662820512820513,0.130769230769231,0.0846153846153846
326773.411807,2737866.126422,0.0521978021978022,0.33974358974359,0,0.231501831501832,0.136446886446886,0.24010989010989
327273.411807,2737866.126422,0.0324532453245325,0.625229189585625,0,0.13036303630363,0.0546387972130546,0.157315731573157
327773.411807,2737866.126422,0.0928571428571429,0.602930402930403,0,0.0408424908424908,0.131501831501832,0.131868131868132
328273.411807,2737866.126422,0.0642857142857143,0.545054945054945,0,0.0582417582417582,0.105860805860806,0.226556776556777
328773.411807,2737866.126422,0.0194352768610194,0.874954162082875,0,0.0280528052805281,0.0198019801980198,0.0577557755775578
329273.411807,2737866.126422,0.058974358974359,0.525457875457875,0.000732600732600733,0.263186813186813,0.0769230769230769,0.0747252747252747
329773.411807,2737866.126422,0.056043956043956,0.462454212454212,0.000915750915750916,0.245238095238095,0.101648351648352,0.133699633699634
330273.411807,2737866.126422,0.0421708837550422,0.674550788412175,0,0.0157682434910158,0.0652731939860653,0.202236890355702
330773.411807,2737866.126422,0.0217948717948718,0.633882783882784,0.0448717948717949,0.0223443223443223,0.0338827838827839,0.243223443223443
331273.411807,2737866.126422,0.0461538461538462,0.750915750915751,0,0.0256410256410256,0.0443223443223443,0.132967032967033
331773.411807,2737866.126422,0.0192519251925193,0.875137513751375,0,0.0212687935460213,0.0242024202420242,0.0601393472680601
332273.411807,2737866.126422,0.0551282051282051,0.544505494505494,0.0434065934065934,0.0622710622710623,0.056043956043956,0.238644688644689
332773.411807,2737866.126422,0.296336996336996,0.106043956043956,0,0.0771062271062271,0.0608058608058608,0.45970695970696
326273.411807,2737366.126422,0.0972655533125344,0.0425766195632226,0.0012846393833731,0.378785098183153,0.255092677555515,0.224995412002202
326773.411807,2737366.126422,0.124518613607189,0.151659636897121,0.0152209792774619,0.145607922244636,0.17604988079956,0.386942967174033
327273.411807,2737366.126422,0.0450797141286421,0.631299248671431,0.0142935678944475,0.030602895363753,0.102437236576874,0.176287337364852
327773.411807,2737366.126422,0.063497889521013,0.556615892824371,0,0.0343182235272527,0.0750596439713709,0.270508350155992
328273.411807,2737366.126422,0.0333761232349166,0.694296717403264,0,0.0187052998349532,0.066385475884834,0.187236383642032
328773.411807,2737366.126422,0.0448964632582005,0.791643760307861,0,0.0225398570643211,0.0324354040681693,0.108484515301448
329273.411807,2737366.126422,0.0456964580657001,0.758487795925858,0.00550559735731327,0.0471646173609837,0.0501009359515507,0.0930445953385942
329773.411807,2737366.126422,0.0320924261874198,0.872913992297818,0,0.00586832935998533,0.0203557674674491,0.0687694846873281
330273.411807,2737366.126422,0.042147700201576,0.774051676745464,0,0.0262048744731537,0.0377496793109767,0.119846069268829
330773.411807,2737366.126422,0.0334006239677005,0.51055239493485,0.047715177096715,0.0453294182418792,0.101486511286475,0.26151587447238
331273.411807,2737366.126422,0.0522648083623693,0.562809462681093,0.04401247019989,0.0100861910874748,0.0480469466348799,0.282780121034293
331773.411807,2737366.126422,0.00824628916987356,0.919186366135239,0,0.00604727872457394,0.0139270661535642,0.0525929998167491
332273.411807,2737366.126422,0.0181684712791338,0.75518443751147,0,0.0293631859056708,0.0614791704899982,0.135804734813727
332773.411807,2737366.126422,0.134421419402164,0.12396845772969,0.00605171465248487,0.057582981844856,0.0561158995048597,0.621859526865945
326273.411807,2736866.126422,0.0904587155963303,0.170642201834862,0.00018348623853211,0.147889908256881,0.220183486238532,0.370642201834862
326773.411807,2736866.126422,0.0653091175931022,0.227664648688314,0.0377912309667951,0.0935608145294441,0.168226013575491,0.407448174646854
327273.411807,2736866.126422,0.0835164835164835,0.642124542124542,0.00549450549450549,0.0311355311355311,0.0543956043956044,0.183333333333333
327773.411807,2736866.126422,0.0706422018348624,0.715229357798165,0.013394495412844,0.0212844036697248,0.0379816513761468,0.141467889908257
328273.411807,2736866.126422,0.0946615299944964,0.561731792331682,0.016694184553293,0.123280132085856,0.0636580443955238,0.139974316639149
328773.411807,2736866.126422,0.0221611721611722,0.335897435897436,0.000366300366300366,0.0494505494505494,0.0483516483516484,0.543772893772894
329273.411807,2736866.126422,0.0631192660550459,0.631559633027523,0.0165137614678899,0.04,0.0543119266055046,0.194495412844037
329773.411807,2736866.126422,0.0311869381764814,0.849752339020363,0,0.0135754907356448,0.0177949000183453,0.0876903320491653
330273.411807,2736866.126422,0.0212454212454212,0.858058608058608,0,0.0142857142857143,0.0205128205128205,0.0858974358974359
330773.411807,2736866.126422,0.0456880733944954,0.772660550458716,0,0.0401834862385321,0.0609174311926605,0.0805504587155963
331273.411807,2736866.126422,0.0366905155017428,0.629242340854889,0.0603558980003669,0.0124747752705926,0.0653091175931022,0.195927352779307
331773.411807,2736866.126422,0.0122710622710623,0.815384615384615,0,0.0186813186813187,0.0291208791208791,0.124542124542125
332273.411807,2736866.126422,0.0242201834862385,0.805321100917431,0,0.0387155963302752,0.0357798165137615,0.0959633027522936
332773.411807,2736866.126422,0.0579710144927536,0.127499541368556,0.00183452577508714,0.153182902219776,0.134837644468905,0.524674371674922
333273.411807,2736866.126422,0.291758241758242,0.0188644688644689,0.2,0.128571428571429,0.00512820512820513,0.355677655677656
326273.411807,2736366.126422,0.00805860805860806,0.102014652014652,0.0225274725274725,0.065018315018315,0.144688644688645,0.657692307692308
326773.411807,2736366.126422,0.0842490842490843,0.0507326007326007,0.0135531135531136,0.043040293040293,0.0989010989010989,0.70952380952381
327273.411807,2736366.126422,0.180784745141181,0.252841950861753,0.00055005500550055,0.0995599559955996,0.186835350201687,0.279427942794279
327773.411807,2736366.126422,0.0272893772893773,0.821062271062271,0,0.0294871794871795,0.0379120879120879,0.0842490842490843
328273.411807,2736366.126422,0.0238095238095238,0.843406593406593,0,0.0148351648351648,0.0619047619047619,0.056043956043956
328773.411807,2736366.126422,0.00843417675100843,0.857169050238357,0.0132013201320132,0.00256692335900257,0.0088008800880088,0.10982764943161
329273.411807,2736366.126422,0.0294871794871795,0.631135531135531,0.0470695970695971,0.0851648351648352,0.0454212454212454,0.161721611721612
329773.411807,2736366.126422,0.0421245421245421,0.715567765567766,0.0115384615384615,0.015018315018315,0.0252747252747253,0.19047619047619
330273.411807,2736366.126422,0.0223689035570224,0.803447011367803,0,0.0368536853685369,0.0331866519985332,0.104143747708104
330773.411807,2736366.126422,0.0313186813186813,0.816300366300366,0,0.0148351648351648,0.0351648351648352,0.102380952380952
331273.411807,2736366.126422,0.0456043956043956,0.737912087912088,0,0.00695970695970696,0.0510989010989011,0.158424908424908
331773.411807,2736366.126422,0.0166850018335167,0.607260726072607,0.083975064173084,0.0214521452145215,0.0518885221855519,0.218738540520719
332273.411807,2736366.126422,0.0179487179487179,0.670695970695971,0.0692307692307692,0.0102564102564103,0.0489010989010989,0.182967032967033
332773.411807,2736366.126422,0.0741758241758242,0.186813186813187,0.0271062271062271,0.143772893772894,0.13040293040293,0.437728937728938
333273.411807,2736366.126422,0.248624862486249,0.190685735240191,0.00476714338100477,0.0183351668500183,0.0155848918225156,0.522002200220022
326273.411807,2735866.126422,0.071389245733162,0.498807120572582,0,0.0403743806202973,0.12864745824922,0.260781794824739
326773.411807,2735866.126422,0.133137722354667,0.0181551439574546,0,0.104713002017238,0.212910324591968,0.531083807078672
327273.411807,2735866.126422,0.181418361737218,0.036100421477002,0.000916254352208173,0.0696353307678211,0.175187832142203,0.536741799523548
327773.411807,2735866.126422,0.0585428518994311,0.53532758304276,0.000183519911910442,0.126261699394384,0.131767296751698,0.147917048999816
328273.411807,2735866.126422,0.0317256556024207,0.755730790390611,0,0.0337428938199156,0.0775719787273061,0.101228681459747
328773.411807,2735866.126422,0.021073850100788,0.827927432655305,0,0.0192413413963716,0.0241891148982958,0.10756826094924
329273.411807,2735866.126422,0.0434942191227748,0.801247935400991,0.0139475133051936,0.0372545421178198,0.0139475133051936,0.0901082767480272
329773.411807,2735866.126422,0.0174216027874564,0.838804327892903,0,0.0152209792774619,0.0245736291949386,0.10397946084724
330273.411807,2735866.126422,0.0126443100604728,0.811618105186,0.00971229613340663,0.00183250870441635,0.009529045262965,0.15466373465274
330773.411807,2735866.126422,0.0106441548908057,0.80088089557717,0.0115617544503579,0.0034868783262984,0.0119287942741787,0.161497522481189
331273.411807,2735866.126422,0.0634513112048414,0.703465982028241,0.0115532734274711,0.0513478818998716,0.0478635613423803,0.122317990097194
331773.411807,2735866.126422,0.0238226131574125,0.732270478284772,0.00109950522264981,0.0406816932380429,0.0927249404434671,0.109400769653656
332273.411807,2735866.126422,0.00917599559552211,0.666177280234906,0.0607450908423564,0.0482657368324463,0.0458799779776106,0.169755918517159
332773.411807,2735866.126422,0.0432789290298918,0.105996699064735,0.0610673024023473,0.0753713552173116,0.0997615991197506,0.614524115165964
333273.411807,2735866.126422,0.129008612790911,0.210921751878321,0.0152098222466557,0.0716510903426791,0.0743998533993036,0.498808869342129
333773.411807,2735866.126422,0.293264819232887,0.0141310332171041,0.367957423380437,0.163332721600294,0.00146815929528354,0.159845843273995
326273.411807,2735366.126422,0.0253211009174312,0.474128440366972,0.00477064220183486,0.00568807339449541,0.0601834862385321,0.429908256880734
326773.411807,2735366.126422,0.0963126031920749,0.148046230049532,0.00843881856540084,0.0425609979820216,0.140891579526692,0.563749770684278
327273.411807,2735366.126422,0.139194139194139,0.29047619047619,0.0010989010989011,0.0921245421245421,0.171062271062271,0.306043956043956
327773.411807,2735366.126422,0.0631192660550459,0.558715596330275,0,0.0976146788990826,0.12348623853211,0.157064220183486
328273.411807,2735366.126422,0.0744817464685379,0.616033755274262,0,0.0350394423041644,0.124931205283434,0.149513850669602
328773.411807,2735366.126422,0.0395604395604396,0.815750915750916,0,0.019047619047619,0.0322344322344322,0.0934065934065934
329273.411807,2735366.126422,0.0768807339449541,0.648623853211009,0.000917431192660551,0.0638532110091743,0.0787155963302752,0.131009174311927
329773.411807,2735366.126422,0.0390753990093561,0.686479545037608,0,0.0227481196110805,0.0544854155200881,0.197211520821868
330273.411807,2735366.126422,0.0489010989010989,0.777838827838828,0,0.0278388278388278,0.0481684981684982,0.0972527472527473
330773.411807,2735366.126422,0.0618348623853211,0.764220183486239,0.00036697247706422,0.0238532110091743,0.0603669724770642,0.0893577981651376
331273.411807,2735366.126422,0.0207301412584847,0.805723720418272,0.0132085855806274,0.0225646670335718,0.0313703907539901,0.106402494955054
331773.411807,2735366.126422,0.00879120879120879,0.773626373626374,0.0386446886446886,0.0100732600732601,0.0197802197802198,0.149084249084249
332273.411807,2735366.126422,0.0357798165137615,0.554495412844037,0.0453211009174312,0.0403669724770642,0.0823853211009174,0.241651376146789
332773.411807,2735366.126422,0.067327095945698,0.227664648688314,0.10842047330765,0.0532012474775271,0.119427627958173,0.423958906622638
333273.411807,2735366.126422,0.0675824175824176,0.104395604395604,0.0432234432234432,0.082967032967033,0.0641025641025641,0.637728937728938
333773.411807,2735366.126422,0.591376146788991,0.0557798165137615,0.0242201834862385,0.00330275229357798,0.00018348623853211,0.325137614678899
326273.411807,2734866.126422,0.0243589743589744,0.437728937728938,0.0294871794871795,0.0252747252747253,0.0267399267399267,0.456410256410256
326773.411807,2734866.126422,0.0327838827838828,0.175641025641026,0.124725274725275,0.166117216117216,0.0771062271062271,0.423626373626374
327273.411807,2734866.126422,0.0595892922625596,0.371653832049872,0.0287862119545288,0.0953428676200953,0.121562156215622,0.323065639897323
327773.411807,2734866.126422,0.0263736263736264,0.509157509157509,0,0.0516483516483516,0.107692307692308,0.305128205128205
328273.411807,2734866.126422,0.0465201465201465,0.395054945054945,0.000366300366300366,0.0468864468864469,0.1003663003663,0.410805860805861
328773.411807,2734866.126422,0.0418041804180418,0.437660432709938,0,0.0361202786945361,0.0636230289695636,0.420792079207921
329273.411807,2734866.126422,0.0119047619047619,0.347069597069597,0.00824175824175824,0.0274725274725275,0.0379120879120879,0.567399267399267
329773.411807,2734866.126422,0.0236263736263736,0.341758241758242,0.0298534798534799,0.111904761904762,0.0580586080586081,0.434798534798535
330273.411807,2734866.126422,0.0372203887055372,0.4002566923359,0.0454712137880455,0.0836083608360836,0.05995599559956,0.373487348734873
330773.411807,2734866.126422,0.05,0.424542124542125,0.00238095238095238,0.0452380952380952,0.0483516483516484,0.429487179487179
331273.411807,2734866.126422,0.0505494505494506,0.506959706959707,0.000732600732600733,0.0159340659340659,0.039010989010989,0.386813186813187
331773.411807,2734866.126422,0.0196186285295196,0.548588192152549,0.00238357169050238,0.0352035203520352,0.0896589658965897,0.304547121378805
332273.411807,2734866.126422,0.0243589743589744,0.66978021978022,0,0.00750915750915751,0.0514652014652015,0.246886446886447
332773.411807,2734866.126422,0.0146520146520147,0.512454212454212,0.149084249084249,0.0315018315018315,0.0518315018315018,0.24047619047619
333273.411807,2734866.126422,0.0212687935460213,0.200953428676201,0.234140080674734,0.0223689035570224,0.0526219288595526,0.468646864686469
333773.411807,2734866.126422,0.420879120879121,0.0496336996336996,0.0545787545787546,0.0529304029304029,0.0756410256410256,0.346336996336996
334273.411807,2734866.126422,0.106776556776557,0.10952380952381,0.35018315018315,0.249084249084249,0.0210622710622711,0.163369963369963
326273.411807,2734366.126422,0.00991007524316388,0.271425949715544,0,0.00293631859056708,0.0513855753349238,0.664342081115801
326773.411807,2734366.126422,0.00458463231248854,0.0592334494773519,0.0179717586649551,0.00568494406748579,0.00146708233999633,0.911058133137722
327273.411807,2734366.126422,0.0104452996151732,0.225765072384094,0.146417445482866,0.0425142019424592,0,0.574857980575408
327773.411807,2734366.126422,0.00917599559552211,0.276564507249037,0.109194347586713,0.184621031381905,0.00238575885483575,0.418058359331988
328273.411807,2734366.126422,0.0271410232899321,0.314322391344214,0.146524848707134,0.187786539519531,0.030808729139923,0.293416467999266
328773.411807,2734366.126422,0.00678028220634048,0.352391423859263,0.104086494410848,0.201026204874473,0.0142935678944475,0.321422026754627
329273.411807,2734366.126422,0.00917599559552211,0.374380620297302,0.0928610754266838,0.0719398054688934,0.0392732611488346,0.412369242062764
329773.411807,2734366.126422,0.0143040528149642,0.425453878598936,0.0733541169998166,0.177700348432056,0.0183385292499542,0.290849073904273
330273.411807,2734366.126422,0.0538757559098406,0.413780465457211,0.104636247022173,0.0465457210921752,0.00458127176104087,0.376580538757559
330773.411807,2734366.126422,0.0543218939254909,0.291246100201872,0.147366489264085,0.0495503762158194,0,0.457515140392733
331273.411807,2734366.126422,0,0.25985695947185,0.224830368604438,0.061617458279846,0.00110031175499725,0.452594901888869
331773.411807,2734366.126422,0,0.273776800439802,0.263331500824629,0.109767271394539,0.000733003481766538,0.352391423859263
332273.411807,2734366.126422,0.00642319691686548,0.129014498073041,0.230133969535695,0.391631492016884,0.000734079647641769,0.242062763809873
332773.411807,2734366.126422,0,0.235099944984412,0.398312855309004,0.329543370621676,0.00128369704749679,0.0357601320374106
333273.411807,2734366.126422,0.00219901044529962,0.260216236027121,0.301081180135606,0.347077148616456,0.00256551218618288,0.0868609125893348
333773.411807,2734366.126422,0,0.191778307946412,0.31950816663608,0.436960910258763,0.00789135621214902,0.0438612589465957
334273.411807,2734366.126422,0,0.0586832935998533,0.355033926279112,0.586282780121034,0,0
326273.411807,2733866.126422,0.0532110091743119,0.203853211009174,0,0,0.023302752293578,0.719633027522936
326773.411807,2733866.126422,0.0146762062006971,0.292790313703908,0.0126582278481013,0.00935608145294441,0.0286186020913594,0.64190056870299
327273.411807,2733866.126422,0.0274725274725275,0.506410256410256,0.0010989010989011,0.0124542124542125,0.0690476190476191,0.383516483516484
327773.411807,2733866.126422,0.0697247706422018,0.195596330275229,0.00110091743119266,0.327522935779817,0.130275229357798,0.275779816513761
328273.411807,2733866.126422,0.0563199412951752,0.399559713813979,0,0.207851770317373,0.152265639332233,0.18400293524124
328773.411807,2733866.126422,0.063003663003663,0.591025641025641,0,0.0681318681318681,0.0842490842490843,0.193589743589744
329273.411807,2733866.126422,0.0409174311926606,0.766238532110092,0,0.0297247706422018,0.0326605504587156,0.13045871559633
329773.411807,2733866.126422,0.0493487433498441,0.659695468721336,0.014125848468171,0.0880572372041827,0.0667767382131719,0.121995964043295
330273.411807,2733866.126422,0.056043956043956,0.538278388278388,0,0.0432234432234432,0.0706959706959707,0.291758241758242
330773.411807,2733866.126422,0.0190825688073394,0.620733944954128,0,0.00605504587155963,0.0495412844036697,0.304587155963303
331273.411807,2733866.126422,0.0100898917629793,0.593835993395707,0,0.015410016510732,0.0568702990277013,0.32379379930288
331773.411807,2733866.126422,0.0472527472527473,0.565018315018315,0.000915750915750916,0.0179487179487179,0.0606227106227106,0.308241758241758
332273.411807,2733866.126422,0.0412844036697248,0.580183486238532,0,0.0152293577981651,0.0598165137614679,0.30348623853211
332773.411807,2733866.126422,0.0484314804623005,0.298660796184186,0.000183452577508714,0.0418271876719868,0.0731975784259769,0.537699504678041
333273.411807,2733866.126422,0.00567765567765568,0.105677655677656,0.00146520146520147,0.0333333333333333,0.0315018315018315,0.822344322344322
333773.411807,2733866.126422,0.00220183486238532,0.198899082568807,0.00146788990825688,0,0.0055045871559633,0.791926605504587
334273.411807,2733866.126422,0,0.146028251696936,0.123280132085856,0.00330214639515685,0.0139423958906623,0.713447073931389
326273.411807,2733366.126422,0.0366300366300366,0.301282051282051,0.0622710622710623,0.0393772893772894,0.0271062271062271,0.533333333333333
326773.411807,2733366.126422,0.0501831501831502,0.506227106227106,0,0.0428571428571429,0.107326007326007,0.293406593406593
327273.411807,2733366.126422,0.0359369270260359,0.58965896589659,0,0.176384305097176,0.0828749541620829,0.115144847818115
327773.411807,2733366.126422,0.0637362637362637,0.0769230769230769,0.0010989010989011,0.622344322344322,0.148717948717949,0.0871794871794872
328273.411807,2733366.126422,0.0824175824175824,0.232600732600733,0.000549450549450549,0.260989010989011,0.171794871794872,0.251648351648352
328773.411807,2733366.126422,0.0634396773010634,0.515584891822516,0,0.088008800880088,0.0885588558855886,0.244407774110744
329273.411807,2733366.126422,0.0368131868131868,0.711172161172161,0,0.0553113553113553,0.0683150183150183,0.128388278388278
329773.411807,2733366.126422,0.0538461538461538,0.519413919413919,0.0032967032967033,0.215201465201465,0.0965201465201465,0.111721611721612
330273.411807,2733366.126422,0.05995599559956,0.742940960762743,0,0.0315364869820315,0.0245691235790246,0.140997433076641
330773.411807,2733366.126422,0.0234432234432234,0.799267399267399,0,0.0184981684981685,0.0399267399267399,0.118864468864469
331273.411807,2733366.126422,0.0342490842490843,0.605128205128205,0,0.0221611721611722,0.0646520146520147,0.273809523809524
331773.411807,2733366.126422,0.0291529152915292,0.78987898789879,0,0.00183351668500183,0.0135680234690136,0.165566556655666
332273.411807,2733366.126422,0.0287545787545788,0.644688644688645,0,0.0554945054945055,0.0917582417582418,0.179304029304029
332773.411807,2733366.126422,0.0287545787545788,0.666117216117216,0.0212454212454212,0.0322344322344322,0.0518315018315018,0.19981684981685
333273.411807,2733366.126422,0.0394206087275394,0.286762009534287,0.1004767143381,0.0364869820315365,0.0652731939860653,0.471580491382472
333773.411807,2733366.126422,0.0238095238095238,0.25989010989011,0.102747252747253,0.0228937728937729,0.0388278388278388,0.551831501831502
334273.411807,2733366.126422,0.0142857142857143,0.0727106227106227,0.358424908424908,0.00476190476190476,0.000549450549450549,0.549267399267399
326273.411807,2732866.126422,0.0264268673151037,0.129565057808772,0.17838135437695,0.0475316571848046,0.0561570930445953,0.561937970269774
326773.411807,2732866.126422,0.0641848523748395,0.484687328076288,0,0.0916926462497708,0.130570328259674,0.228864845039428
327273.411807,2732866.126422,0.0656038116181052,0.448598130841121,0,0.0971229613340663,0.114715044896463,0.273960051310244
327773.411807,2732866.126422,0.0680858873187741,0.192879427417875,0,0.458616259864195,0.158010644154891,0.122407781244265
328273.411807,2732866.126422,0.0797726022373006,0.481019622226297,0,0.101778837337246,0.0889418668622776,0.248487071336879
328773.411807,2732866.126422,0.0293201392706615,0.727139453912406,0.000183250870441635,0.0289536375297783,0.0417811984606927,0.17262231995602
329273.411807,2732866.126422,0.0466140576252523,0.803083134520095,0,0.0245916681959993,0.025325747843641,0.100385391815012
329773.411807,2732866.126422,0.0429121584448927,0.493123051531267,0.00476801760498808,0.228864845039428,0.0913258756647717,0.139006051714652
330273.411807,2732866.126422,0.0538757559098406,0.498808869342129,0.000916254352208173,0.0864944108484515,0.10207073483599,0.25783397471138
330773.411807,2732866.126422,0.0416590200036704,0.703982382088457,0,0.0227564690768948,0.0330335841438796,0.198568544687099
331273.411807,2732866.126422,0.0636346964973409,0.519163763066202,0.0130203557674674,0.0535485054098661,0.0880249403997799,0.262607738859343
331773.411807,2732866.126422,0.0155763239875389,0.79036100421477,0.0131940626717977,0.00678028220634048,0.0227231079347627,0.15136521898479
332273.411807,2732866.126422,0.0242246283721784,0.699944944026427,0.0196366305744173,0.0712057258212516,0.0412919801798495,0.143696091025876
332773.411807,2732866.126422,0.0540986612873648,0.613057032825967,0.0143040528149642,0.030808729139923,0.0687694846873281,0.218962039244453
333273.411807,2732866.126422,0.0399486897562763,0.293567894447499,0.0491112332783581,0.0470954737035001,0.103903243540407,0.46637346527396
333773.411807,2732866.126422,0.0187190310148651,0.123325380803817,0.22004037438062,0.0356028629106258,0.0567076527803267,0.545604698109745
334273.411807,2732866.126422,0.198789657069503,0.0430955437373923,0.356317623326609,0.000183385292499542,0.00275077938749312,0.398863011186503
326273.411807,2732366.126422,0.0469724770642202,0.158532110091743,0.00036697247706422,0.015045871559633,0.0590825688073394,0.72
326773.411807,2732366.126422,0.0357732526141992,0.520821867547239,0,0.144193725921849,0.101999633094845,0.197211520821868
327273.411807,2732366.126422,0.0697802197802198,0.516483516483517,0.00201465201465201,0.116666666666667,0.0838827838827839,0.211172161172161
327773.411807,2732366.126422,0.0935779816513762,0.103853211009174,0.00018348623853211,0.370091743119266,0.211376146788991,0.220917431192661
328273.411807,2732366.126422,0.122179416620804,0.0886075949367089,0.0066042927903137,0.361218125114658,0.236470372408732,0.184920198128784
328773.411807,2732366.126422,0.0448717948717949,0.586996336996337,0.0021978021978022,0.102380952380952,0.0767399267399267,0.186813186813187
329273.411807,2732366.126422,0.0255045871559633,0.76697247706422,0,0.0201834862385321,0.0376146788990826,0.149724770642202
329773.411807,2732366.126422,0.0425609979820216,0.578425976884975,0.000733810310034856,0.101632727939828,0.0818198495688864,0.194826637314254
330273.411807,2732366.126422,0.0928571428571429,0.493040293040293,0.00622710622710623,0.107142857142857,0.0884615384615385,0.212271062271062
330773.411807,2732366.126422,0.0535779816513761,0.545504587155963,0,0.139266055045872,0.0904587155963303,0.171192660550459
331273.411807,2732366.126422,0.0537516052100532,0.437167492203265,0.00183452577508714,0.147679324894515,0.094294624839479,0.2652724270776
331773.411807,2732366.126422,0.0358974358974359,0.722710622710623,0,0.0346153846153846,0.0736263736263736,0.133150183150183
332273.411807,2732366.126422,0.0812844036697248,0.537981651376147,0.00220183486238532,0.0886238532110092,0.117981651376147,0.171926605504587
332773.411807,2732366.126422,0.0225646670335718,0.787378462667401,0.000733810310034856,0.0289855072463768,0.0421940928270042,0.118143459915612
333273.411807,2732366.126422,0.0417582417582418,0.30018315018315,0.0597069597069597,0.0681318681318681,0.116300366300366,0.413919413919414
333773.411807,2732366.126422,0.0196330275229358,0.171192660550459,0.152844036697248,0.11394495412844,0.148623853211009,0.393761467889908
334273.411807,2732366.126422,0.085305448541552,0.0682443588332416,0.339020363236103,0.105668684645019,0.0794349660612732,0.32232617868281
326273.411807,2731866.126422,0.0644688644688645,0.334249084249084,0.000183150183150183,0.0529304029304029,0.0835164835164835,0.464652014652015
326773.411807,2731866.126422,0.0666666666666667,0.563186813186813,0,0.0732600732600733,0.08003663003663,0.216849816849817
327273.411807,2731866.126422,0.0636230289695636,0.191419141914191,0,0.422808947561423,0.164283094976164,0.157865786578658
327773.411807,2731866.126422,0.0716117216117216,0.277289377289377,0.00384615384615385,0.385531135531136,0.146703296703297,0.115018315018315
328273.411807,2731866.126422,0.052014652014652,0.194688644688645,0.000366300366300366,0.448534798534799,0.130769230769231,0.173626373626374
328773.411807,2731866.126422,0.0374037403740374,0.641180784745141,0,0.165383204987165,0.0826916024935827,0.0733406674000733
329273.411807,2731866.126422,0.0496336996336996,0.675457875457876,0,0.0456043956043956,0.113553113553114,0.115750915750916
329773.411807,2731866.126422,0.0412087912087912,0.714285714285714,0.000366300366300366,0.0413919413919414,0.0749084249084249,0.127838827838828
330273.411807,2731866.126422,0.0727906123945728,0.488265493215988,0.0104510451045105,0.0694902823615695,0.132379904657132,0.226622662266227
330773.411807,2731866.126422,0.102930402930403,0.378021978021978,0.000732600732600733,0.151831501831502,0.108791208791209,0.257692307692308
331273.411807,2731866.126422,0.10970695970696,0.43974358974359,0.00293040293040293,0.0327838827838828,0.0681318681318681,0.346703296703297
331773.411807,2731866.126422,0.0478547854785479,0.67968463513018,0,0.0636230289695636,0.0667400073340667,0.142097543087642
332273.411807,2731866.126422,0.0210622710622711,0.812087912087912,0,0.0201465201465201,0.0181318681318681,0.128571428571429
332773.411807,2731866.126422,0.0452380952380952,0.600549450549451,0.0619047619047619,0.0166666666666667,0.0384615384615385,0.237179487179487
333273.411807,2731866.126422,0.0484048404840484,0.187202053538687,0.381921525485882,0.0456545654565457,0.0319031903190319,0.304913824715805
333773.411807,2731866.126422,0.0384615384615385,0.10970695970696,0.390659340659341,0.084981684981685,0.0663003663003663,0.30989010989011
334273.411807,2731866.126422,0.0681318681318681,0.0776556776556777,0.441025641025641,0.11959706959707,0.0835164835164835,0.21007326007326
326273.411807,2731366.126422,0.177096714993577,0.184253991558084,0.00165167920719398,0.233987887685814,0.169388878693338,0.233620847861993
326773.411807,2731366.126422,0.044379240784889,0.672840638180818,0,0.0218228498074454,0.0834403080872914,0.177516963139556
327273.411807,2731366.126422,0.0412314458493678,0.638262781748213,0,0.108301264431006,0.0538757559098406,0.158328752061572
327773.411807,2731366.126422,0.0486327766562672,0.334556799412736,0.00238575885483575,0.309598091392916,0.102404110846027,0.202422462837218
328273.411807,2731366.126422,0.0522648083623693,0.474601136988814,0.0313588850174216,0.0797726022373006,0.0792224463598019,0.282780121034293
328773.411807,2731366.126422,0.0491112332783581,0.58292101887484,0,0.0604727872457394,0.0740333516584204,0.233461608942642
329273.411807,2731366.126422,0.0585428518994311,0.344833914479721,0.000183519911910442,0.14534777023307,0.10790970820334,0.343182235272527
329773.411807,2731366.126422,0.0605171465248487,0.514945901338713,0,0.0671190170548322,0.088391710984779,0.269026224096827
330273.411807,2731366.126422,0.083745647791827,0.19846069268829,0.00604727872457394,0.290635880520432,0.156679494227598,0.264431006047279
330773.411807,2731366.126422,0.111763626353459,0.158928243714443,0.000183519911910442,0.36116718663975,0.151587447238025,0.216369976142411
331273.411807,2731366.126422,0.0462130937098845,0.516779754263708,0.000733541169998166,0.141573445809646,0.110397946084724,0.184302218962039
331773.411807,2731366.126422,0.0962067069818582,0.654938610958402,0.0322521531977277,0.0139270661535642,0.0194245922668133,0.183250870441635
332273.411807,2731366.126422,0.0236740686364471,0.76766379152138,0.000183519911910442,0.0504679757753716,0.0622132501376399,0.0957973940172509
332773.411807,2731366.126422,0.0163212910324592,0.496240601503759,0.202457362919494,0.00458463231248854,0.0201723821749496,0.260223730056849
333273.411807,2731366.126422,0.243173905076049,0.062671797691039,0.133773135422393,0.0978559648158329,0.107751511819681,0.354773685175005
333773.411807,2731366.126422,0.0220223894292531,0.142594971554414,0.35694622866581,0.104789869700863,0.12883097816113,0.24481556248853
334273.411807,2731366.126422,0.197322574729507,0.109664404914726,0.241518430221896,0.126169081239685,0.119017054832202,0.206308454061984
326273.411807,2730866.126422,0.360366972477064,0.0614678899082569,0.0572477064220183,0.00330275229357798,0.0510091743119266,0.466605504587156
326773.411807,2730866.126422,0.106219042377545,0.177031737295909,0.00550357732526142,0.461933590166942,0.118693817648138,0.130618235186204
327273.411807,2730866.126422,0.133699633699634,0.167032967032967,0.00128205128205128,0.405494505494505,0.134432234432234,0.158058608058608
327773.411807,2730866.126422,0.0877064220183486,0.0308256880733945,0,0.635596330275229,0.124954128440367,0.120917431192661
328273.411807,2730866.126422,0.218858924967896,0.0764997248211337,0.166758392955421,0.166391487800404,0.0860392588515869,0.285452210603559
328773.411807,2730866.126422,0.0415750915750916,0.209340659340659,0.00384615384615385,0.401098901098901,0.1503663003663,0.193772893772894
329273.411807,2730866.126422,0.0396330275229358,0.339633027522936,0.00110091743119266,0.340550458715596,0.12954128440367,0.14954128440367
329773.411807,2730866.126422,0.0649422124380847,0.344890845716382,0.00421940928270042,0.223628691983122,0.103834158869932,0.258484681709778
330273.411807,2730866.126422,0.0717948717948718,0.610622710622711,0.00512820512820513,0.0785714285714286,0.0503663003663004,0.183516483516484
330773.411807,2730866.126422,0.0579816513761468,0.47394495412844,0,0.247155963302752,0.0928440366972477,0.128073394495413
331273.411807,2730866.126422,0.0447624289121262,0.702256466703357,0,0.0570537516052101,0.0906255732893047,0.105301779490002
331773.411807,2730866.126422,0.0635531135531135,0.580952380952381,0,0.0315018315018315,0.0932234432234432,0.230769230769231
332273.411807,2730866.126422,0.0236697247706422,0.716330275229358,0.000917431192660551,0.0344954128440367,0.107706422018349,0.116880733944954
332773.411807,2730866.126422,0.0286186020913594,0.658961658411301,0.0106402494955054,0.0473307649972482,0.0893414052467437,0.165107319757843
333273.411807,2730866.126422,0.0957875457875458,0.14029304029304,0.327655677655678,0.0787545787545788,0.0827838827838828,0.274725274725275
333773.411807,2730866.126422,0.0343119266055046,0.193394495412844,0.229724770642202,0.158715596330275,0.114862385321101,0.268990825688073
334273.411807,2730866.126422,0.142909557879288,0.0807191341038342,0.254265272427078,0.187488534213906,0.101999633094845,0.232617868281049
326273.411807,2730366.126422,0.203296703296703,0.192307692307692,0.00238095238095238,0.11959706959707,0.167399267399267,0.315018315018315
326773.411807,2730366.126422,0.0293040293040293,0.032967032967033,0.00384615384615385,0.800549450549451,0.0946886446886447,0.0386446886446886
327273.411807,2730366.126422,0.0465713237990466,0.024019068573524,0.00201686835350202,0.780711404473781,0.0935093509350935,0.0531719838650532
327773.411807,2730366.126422,0.0565934065934066,0.0186813186813187,0.000915750915750916,0.805677655677656,0.0901098901098901,0.028021978021978
328273.411807,2730366.126422,0.0419413919413919,0.0245421245421245,0.00164835164835165,0.755494505494505,0.127838827838828,0.0485347985347985
328773.411807,2730366.126422,0.0500550055005501,0.168133480014668,0.00201686835350202,0.363586358635864,0.238357169050238,0.177851118445178
329273.411807,2730366.126422,0.0293040293040293,0.643589743589744,0.0142857142857143,0.0391941391941392,0.0847985347985348,0.188827838827839
329773.411807,2730366.126422,0.0208791208791209,0.761355311355311,0.000366300366300366,0.0263736263736264,0.0655677655677656,0.125457875457875
330273.411807,2730366.126422,0.0581224789145581,0.474514118078474,0.00916758342500917,0.135130179684635,0.129262926292629,0.193802713604694
330773.411807,2730366.126422,0.063003663003663,0.404761904761905,0.000549450549450549,0.103846153846154,0.118131868131868,0.30970695970696
331273.411807,2730366.126422,0.0227106227106227,0.785897435897436,0,0.0523809523809524,0.0465201465201465,0.0924908424908425
331773.411807,2730366.126422,0.0383204987165383,0.700953428676201,0.000916758342500917,0.0467546754675468,0.057022368903557,0.156032269893656
332273.411807,2730366.126422,0.0686813186813187,0.284065934065934,0.0104395604395604,0.106776556776557,0.19047619047619,0.33956043956044
332773.411807,2730366.126422,0.0406593406593407,0.579120879120879,0.00677655677655678,0.0197802197802198,0.0358974358974359,0.317765567765568
333273.411807,2730366.126422,0.0777411074440777,0.162082874954162,0.398423175650898,0.0337367070040337,0.0500550055005501,0.277961129446278
333773.411807,2730366.126422,0.0549450549450549,0.15,0.16043956043956,0.249267399267399,0.212271062271062,0.173076923076923
334273.411807,2730366.126422,0.26959706959707,0.0732600732600733,0.076007326007326,0.121794871794872,0.125641025641026,0.333699633699634
326273.411807,2729866.126422,0.146081849880712,0.306111213066618,0.00110111947146265,0.077995962561938,0.0924940356028629,0.376215819416407
326773.411807,2729866.126422,0.0984779020722538,0.0227397762699432,0.000183385292499542,0.582981844856043,0.174032642582065,0.121584448927196
327273.411807,2729866.126422,0.0463624702217336,0.0183250870441635,0.000733003481766538,0.742715777899945,0.137254901960784,0.0546087593916071
327773.411807,2729866.126422,0.0187190310148651,0.00605615709304459,0.0012846393833731,0.880712057258213,0.0645990089924757,0.028629106258029
328273.411807,2729866.126422,0.0465798642948836,0.0557491289198606,0.00256739409499358,0.712635246653218,0.120850907757198,0.061617458279846
328773.411807,2729866.126422,0.0996884735202492,0.102253985706432,0.000916254352208173,0.400769653655855,0.202492211838006,0.193879420927249
329273.411807,2729866.126422,0.0484492567443568,0.474215452376583,0.000183519911910442,0.220590934116352,0.104789869700863,0.151770967149936
329773.411807,2729866.126422,0.046396479002384,0.543554006968641,0.00935264991747662,0.0702365670273244,0.112415184302219,0.218045112781955
330273.411807,2729866.126422,0.042147700201576,0.543338830859447,0.0203408466190214,0.118563313175738,0.118196811434854,0.157412497709364
330773.411807,2729866.126422,0.052303174894476,0.492016883831896,0.00440447788585061,0.10790970820334,0.122224261332355,0.221141493852083
331273.411807,2729866.126422,0.0436456996148909,0.685127452778287,0,0.0533651201173666,0.0797726022373006,0.138089125252155
331773.411807,2729866.126422,0.0597397837639729,0.553600879604178,0.000733003481766538,0.131024372365769,0.123877588418545,0.131024372365769
332273.411807,2729866.126422,0.134520095430354,0.319141126812259,0.0330335841438796,0.0941457148100569,0.126628739218205,0.292530739585245
332773.411807,2729866.126422,0.101595452044746,0.0454795525398863,0.426370805061434,0.0634513112048414,0.105446543187236,0.257656335961856
333273.411807,2729866.126422,0.0793476269012278,0.239325636796775,0.306212204507971,0.0461792193512919,0.0584570276708814,0.270478284771853
333773.411807,2729866.126422,0.060561570930446,0.144613690585429,0.012846393833731,0.124242980363369,0.147917048999816,0.509818315287209
334273.411807,2729866.126422,0.354116999816615,0.0390610673024023,0,0.0689528699798276,0.144874381074638,0.392994681826518
334773.411807,2729866.126422,0.301630932746931,0.00916254352208173,0.336815099871724,0.169873556899395,0.00604727872457394,0.176470588235294
326273.411807,2729366.126422,0.161651376146789,0.0781651376146789,0,0.331192660550459,0.181834862385321,0.247155963302752
326773.411807,2729366.126422,0.100898917629793,0.189139607411484,0,0.31810676940011,0.132819666116309,0.259035039442304
327273.411807,2729366.126422,0.0721611721611722,0.145787545787546,0.000183150183150183,0.338827838827839,0.154212454212454,0.288827838827839
327773.411807,2729366.126422,0.0310091743119266,0.0321100917431193,0.000917431192660551,0.793211009174312,0.105871559633028,0.0368807339449541
328273.411807,2729366.126422,0.0543019629425793,0.0680609062557329,0.000550357732526142,0.669785360484315,0.0816363969913777,0.125665015593469
328773.411807,2729366.126422,0.0545787545787546,0.406776556776557,0.000915750915750916,0.28992673992674,0.106227106227106,0.141575091575092
329273.411807,2729366.126422,0.0811009174311927,0.395963302752294,0,0.136880733944954,0.117064220183486,0.268990825688073
329773.411807,2729366.126422,0.0502660062373876,0.63914878004036,0,0.0484314804623005,0.105485232067511,0.156668501192442
330273.411807,2729366.126422,0.0228937728937729,0.813003663003663,0,0.032051282051282,0.0428571428571429,0.0891941391941392
330773.411807,2729366.126422,0.0451376146788991,0.688440366972477,0.0018348623853211,0.0708256880733945,0.068256880733945,0.125504587155963
331273.411807,2729366.126422,0.0464135021097046,0.582645386167676,0,0.0311869381764814,0.0643918547055586,0.27536231884058
331773.411807,2729366.126422,0.0338827838827839,0.301282051282051,0.00824175824175824,0.0168498168498168,0.0871794871794872,0.552564102564103
332273.411807,2729366.126422,0.14605504587156,0.149174311926606,0.28348623853211,0.0247706422018349,0.0370642201834862,0.359449541284404
332773.411807,2729366.126422,0.0794349660612732,0.221794166208035,0.0216474041460283,0.175564116675839,0.161621720785177,0.339937626123647
333273.411807,2729366.126422,0.0734432234432234,0.0815018315018315,0.0723443223443224,0.202197802197802,0.145970695970696,0.424542124542125
333773.411807,2729366.126422,0.0658715596330275,0.0524770642201835,0.0036697247706422,0.0348623853211009,0.115229357798165,0.727889908256881
334273.411807,2729366.126422,0.367455512749954,0.0425609979820216,0,0.0596220876903321,0.0717299578059072,0.458631443771785
334773.411807,2729366.126422,0.379120879120879,0.00695970695970696,0.188827838827839,0.14047619047619,0.00915750915750916,0.275457875457875
326273.411807,2728866.126422,0.0824175824175824,0.582417582417582,0.000183150183150183,0.0637362637362637,0.095970695970696,0.175274725274725
