"x","y","forest","agri","water","built","other","grass"
239273.411807,2737866.126422,0,0,0.292691951896392,0.707308048103608,0,0
239773.411807,2737866.126422,0.00129485756566778,0.0651128375878653,0.386052534221236,0.503884572697003,0.0166481687014428,0.0270070292267851
240273.411807,2737866.126422,0.158333333333333,0.0338888888888889,0.00203703703703704,0.224814814814815,0.107407407407407,0.473518518518519
240773.411807,2737866.126422,0.260129509713229,0.0247918593894542,0.00166512488436633,0.433672525439408,0.112858464384829,0.166882516188714
241273.411807,2737866.126422,0.582870884202738,0.00647428782833888,0,0.00129485756566778,0.00684424713281539,0.40251572327044
241773.411807,2737866.126422,0.449074074074074,0.0266666666666667,0.000740740740740741,0.00351851851851852,0.0187037037037037,0.501296296296296
242273.411807,2737866.126422,0.425161887141536,0.0288621646623497,0,0.0109158186864015,0.0318223866790009,0.503237742830712
242773.411807,2737866.126422,0.392896781354051,0.164446910839808,0,0.00647428782833888,0.0880503144654088,0.348131705512394
243273.411807,2737866.126422,0.517592592592593,0.0716666666666667,0.00222222222222222,0.0187037037037037,0.0542592592592593,0.335555555555556
243773.411807,2737866.126422,0.462904717853839,0.0730804810360777,0,0.0379278445883441,0.0736355226641998,0.352451433857539
244273.411807,2737866.126422,0.297447280799112,0.156122826489086,0,0.0110987791342952,0.0166481687014428,0.518682944876064
244773.411807,2737866.126422,0.412592592592593,0.0751851851851852,0,0.0124074074074074,0.022037037037037,0.477777777777778
245273.411807,2737866.126422,0.664939870490287,0.0059204440333025,0,0.0120259019426457,0.0122109158186864,0.304902867715079
245773.411807,2737866.126422,0.620051794302627,0.0173880873103959,0,0.0395856455789863,0.0980392156862745,0.224935257121717
246273.411807,2737866.126422,0.518888888888889,0.00981481481481481,0,0.0214814814814815,0.047037037037037,0.402777777777778
246773.411807,2737866.126422,0.653654024051804,0.00111008325624422,0,0.0101757631822387,0.0288621646623497,0.306197964847364
247273.411807,2737866.126422,0.603218645948946,0.00147983721790603,0,0.00406955234924158,0.0242323344432112,0.366999630040696
247773.411807,2737866.126422,0.485,0.0142592592592593,0,0.0381481481481481,0.114074074074074,0.348518518518519
248273.411807,2737866.126422,0.598334875115634,0,0,0.0123959296947271,0.0148011100832562,0.374468085106383
248773.411807,2737866.126422,0.641324454310026,0,0,0.00388457269700333,0.0122086570477248,0.342582315945246
249273.411807,2737866.126422,0.606296296296296,0.00111111111111111,0.000185185185185185,0.0161111111111111,0.03,0.346296296296296
249773.411807,2737866.126422,0.504023956578701,0.00374321542204754,0,0.0220849709900805,0.048661800486618,0.421486056522553
238273.411807,2737366.126422,0,0,0.0170548322024574,0.982945167797543,0,0
238773.411807,2737366.126422,0,0.00384826827927433,0.286237859629833,0.667582921018875,0.0397654388858347,0.00256551218618288
239273.411807,2737366.126422,0.0282620664342081,0.0484492567443568,0.0293631859056708,0.498623600660672,0.0926775555147734,0.302624334740319
239773.411807,2737366.126422,0.0915092609572712,0.153493489822116,0.00623509994498441,0.24390243902439,0.120850907757198,0.38400880249404
240273.411807,2737366.126422,0.180318856514568,0.0212571009712296,0.0258383727322705,0.187465640461792,0.100604727872457,0.484515301447682
240773.411807,2737366.126422,0.189576069003487,0.0280785465222977,0,0.376032299504496,0.184621031381905,0.221692053587814
241273.411807,2737366.126422,0.234183018521915,0.0221896203924445,0,0.110948101962223,0.102512378507244,0.530166880616175
241773.411807,2737366.126422,0.42037749679311,0.074216602528862,0,0.0212571009712296,0.0459959684808503,0.438152831225948
242273.411807,2737366.126422,0.360249587080198,0.0047715177096715,0,0.0836850798311617,0.119471462653698,0.431822352725271
242773.411807,2737366.126422,0.403080872913992,0.017604988079956,0,0.0629011553273428,0.0845406198422887,0.43187236383642
243273.411807,2737366.126422,0.586586036283672,0.00439802089059923,0,0.0203408466190214,0.0470954737035001,0.341579622503207
243773.411807,2737366.126422,0.551477335290879,0.0623967700495504,0,0.0403743806202973,0.0737750045879978,0.271976509451275
244273.411807,2737366.126422,0.771318540253072,0.0254905556574363,0,0.000550155877498625,0.00605171465248487,0.196589033559509
244773.411807,2737366.126422,0.781748213304013,0.00201575957485798,0,0.00109950522264981,0.000916254352208173,0.214220267546271
245273.411807,2737366.126422,0.729858689667829,0.000367039823820885,0,0.00513855753349238,0.00458799779776106,0.260047715177097
245773.411807,2737366.126422,0.62406015037594,0.0183385292499542,0,0.0192554557124519,0.0458463231248854,0.292499541536769
246273.411807,2737366.126422,0.540590067802822,0.0624885468205974,0.000366501740883269,0.00513102437236577,0.0227231079347627,0.368700751328569
246773.411807,2737366.126422,0.642686731510369,0.0201871903101487,0,0.000367039823820885,0.00220223894292531,0.334556799412736
247273.411807,2737366.126422,0.694113332110765,0.00183385292499542,0,0.0104529616724739,0.061617458279846,0.23198239501192
247773.411807,2737366.126422,0.599047095473703,0.0425142019424592,0.000366501740883269,0.00916254352208173,0.0483782297965915,0.300531427524281
248273.411807,2737366.126422,0.737933565791888,0.00367039823820885,0,0.00238575885483575,0.0152321526885667,0.2407781244265
248773.411807,2737366.126422,0.606271777003484,0.000366770584999083,0,0.00696864111498258,0.0253071703649367,0.361085640931597
249273.411807,2737366.126422,0.665200659703134,0.000916254352208173,0,0.0232728605460876,0.0395821880153931,0.271028037383178
249773.411807,2737366.126422,0.715160512154389,0.00259788457969939,0,0.0165151233995175,0.0365559473000557,0.229170532566339
238273.411807,2736866.126422,0.12126215373326,0.0198128783709411,0.191341038341589,0.50504494588149,0.0502660062373876,0.112272977435333
238773.411807,2736866.126422,0.203846153846154,0.0952380952380952,0.0230769230769231,0.23003663003663,0.0957875457875458,0.352014652014652
239273.411807,2736866.126422,0.238165137614679,0.0594495412844037,0.00385321100917431,0.131743119266055,0.115963302752294,0.450825688073395
239773.411807,2736866.126422,0.214089157952669,0.0862227114290956,0,0.116675839295542,0.120895248578243,0.462117042744451
240273.411807,2736866.126422,0.0783882783882784,0.282234432234432,0.0194139194139194,0.183150183150183,0.124725274725275,0.312087912087912
240773.411807,2736866.126422,0.128256880733945,0.0728440366972477,0.0139449541284404,0.303669724770642,0.127339449541284,0.35394495412844
241273.411807,2736866.126422,0.275545771418088,0.0451293340671436,0,0.13832324344157,0.144377178499358,0.39662447257384
241773.411807,2736866.126422,0.344688644688645,0.0446886446886447,0.0010989010989011,0.0249084249084249,0.091025641025641,0.493589743589744
242273.411807,2736866.126422,0.634678899082569,0.000917431192660551,0,0.00513761467889908,0.0108256880733945,0.348440366972477
242773.411807,2736866.126422,0.592368372775637,0.00550357732526142,0,0.00825536598789213,0.0271509814712897,0.366721702439919
243273.411807,2736866.126422,0.538278388278388,0.0285714285714286,0,0.0551282051282051,0.0514652014652015,0.326556776556777
243773.411807,2736866.126422,0.766605504587156,0.0154128440366972,0,0.00954128440366972,0.0231192660550459,0.185321100917431
244273.411807,2736866.126422,0.700055035773253,0.0225646670335718,0,0.00825536598789213,0.024399192808659,0.244725738396624
244773.411807,2736866.126422,0.366483516483516,0.0694139194139194,0.000183150183150183,0.0294871794871795,0.0631868131868132,0.471245421245421
245273.411807,2736866.126422,0.41743119266055,0.133211009174312,0,0.0236697247706422,0.04,0.385688073394495
245773.411807,2736866.126422,0.518803889194643,0.0515501742799486,0,0.0170610897083104,0.0203632361034673,0.392221610713631
246273.411807,2736866.126422,0.562454212454212,0.00531135531135531,0,0.0481684981684982,0.0893772893772894,0.294688644688645
246773.411807,2736866.126422,0.826238532110092,0.00256880733944954,0.00036697247706422,0.00128440366972477,0.00458715596330275,0.164954128440367
247273.411807,2736866.126422,0.406164006604293,0.0111906072280316,0,0.0565033938726839,0.118510365070629,0.407631627224363
247773.411807,2736866.126422,0.613919413919414,0.00787545787545788,0,0.00201465201465201,0.00989010989010989,0.366300366300366
248273.411807,2736866.126422,0.639266055045872,0.00752293577981651,0,0.0018348623853211,0.0130275229357798,0.338348623853211
248773.411807,2736866.126422,0.499724821133737,0.0091726288754357,0,0.0091726288754357,0.129884424876169,0.352045496239222
249273.411807,2736866.126422,0.666117216117216,0.00164835164835165,0,0.00347985347985348,0.0386446886446886,0.29010989010989
249773.411807,2736866.126422,0.626345083487941,0.000556586270871985,0,0.00816326530612245,0.0159554730983302,0.348979591836735
237773.411807,2736366.126422,0.142490842490842,0.0452380952380952,0.167765567765568,0.429304029304029,0.0412087912087912,0.173992673992674
238273.411807,2736366.126422,0.341208791208791,0.0690476190476191,0.000366300366300366,0.0957875457875458,0.0501831501831502,0.443406593406593
238773.411807,2736366.126422,0.666850018335167,0.00385038503850385,0,0.0163182984965163,0.0357535753575358,0.277227722772277
239273.411807,2736366.126422,0.59981684981685,0.000366300366300366,0,0.00622710622710623,0.00714285714285714,0.386446886446886
239773.411807,2736366.126422,0.41959706959707,0.00952380952380952,0,0.0307692307692308,0.0706959706959707,0.469413919413919
240273.411807,2736366.126422,0.258159149248258,0.403006967363403,0,0.0227356068940227,0.0388705537220389,0.277227722772277
240773.411807,2736366.126422,0.157509157509158,0.206959706959707,0.000732600732600733,0.0833333333333333,0.116849816849817,0.434615384615385
241273.411807,2736366.126422,0.291391941391941,0.0208791208791209,0,0.291208791208791,0.127655677655678,0.268864468864469
241773.411807,2736366.126422,0.697286395306197,0.00201686835350202,0,0.0364869820315365,0.0621562156215622,0.202053538687202
242273.411807,2736366.126422,0.776373626373626,0,0,0.00366300366300366,0.00677655677655678,0.213186813186813
242773.411807,2736366.126422,0.710805860805861,0.00164835164835165,0.00274725274725275,0.000549450549450549,0.0104395604395604,0.273809523809524
243273.411807,2736366.126422,0.500916758342501,0.0869086908690869,0,0.00476714338100477,0.0143014301430143,0.393105977264393
243773.411807,2736366.126422,0.462637362637363,0.0622710622710623,0.000366300366300366,0.00824175824175824,0.0404761904761905,0.426007326007326
244273.411807,2736366.126422,0.564102564102564,0.0331501831501832,0,0.0175824175824176,0.0217948717948718,0.363369963369963
244773.411807,2736366.126422,0.545837917125046,0.0722405573890722,0,0.0174184085075174,0.0418041804180418,0.322698936560323
245273.411807,2736366.126422,0.751465201465201,0.0205128205128205,0,0,0.000366300366300366,0.227655677655678
245773.411807,2736366.126422,0.812637362637363,0,0,0.000183150183150183,0.000915750915750916,0.186263736263736
246273.411807,2736366.126422,0.668316831683168,0.000183351668500183,0,0.024019068573524,0.0478547854785479,0.25962596259626
246773.411807,2736366.126422,0.373260073260073,0.00311355311355311,0.000549450549450549,0.0932234432234432,0.14010989010989,0.38974358974359
247273.411807,2736366.126422,0.361721611721612,0.0315018315018315,0.000183150183150183,0.000732600732600733,0.030952380952381,0.574908424908425
247773.411807,2736366.126422,0.489182251558489,0.000733406674000733,0,0.00586725339200587,0.0144847818115145,0.48973230656399
248273.411807,2736366.126422,0.538278388278388,0.0148351648351648,0,0.00347985347985348,0.00915750915750916,0.434249084249084
248773.411807,2736366.126422,0.82967032967033,0.000549450549450549,0,0.00201465201465201,0.0131868131868132,0.154578754578755
249273.411807,2736366.126422,0.579207920792079,0.000733406674000733,0,0.00385038503850385,0.0232856618995233,0.392922625595893
249773.411807,2736366.126422,0.492034086698777,0.000370507595405706,0,0.00185253797702853,0.030196369025565,0.475546498703223
237773.411807,2735866.126422,0.299871536061663,0.0299137456414021,0,0.105523949348504,0.109561387410534,0.455129381537897
238273.411807,2735866.126422,0.441041628461397,0.0148542086924629,0,0.0403447643498991,0.0515312671923712,0.452228131303869
238773.411807,2735866.126422,0.241707898112516,0.0538757559098406,0,0.0203408466190214,0.0415979475902511,0.642477551768371
239273.411807,2735866.126422,0.465222976692971,0.00513855753349238,0,0,0.00220223894292531,0.527436226830611
239773.411807,2735866.126422,0.651017788373372,0.00586832935998533,0,0,0,0.343113882266642
240273.411807,2735866.126422,0.484881803188565,0.0119113065787062,0,0.0639545537841305,0.051126992853216,0.388125343595382
240773.411807,2735866.126422,0.0978161130482657,0.262984033767664,0,0.171774637548174,0.101853551110295,0.365571664525601
241273.411807,2735866.126422,0.0361269026224097,0.107097010819732,0.000183385292499542,0.423069869796442,0.153493489822116,0.2800293416468
241773.411807,2735866.126422,0.162177020340847,0.0864944108484515,0.0047645226314825,0.182884368700751,0.166391790361004,0.397287887117464
242273.411807,2735866.126422,0.452927142594972,0.044411818682327,0,0.0126628739218205,0.0367039823820885,0.453294182418792
242773.411807,2735866.126422,0.283146891619292,0.0493306436823767,0,0.0159545204474601,0.0819732257472951,0.569594718503576
243273.411807,2735866.126422,0.272860546087594,0.109217518783214,0,0.0313358988455195,0.0606560381161811,0.525929998167491
243773.411807,2735866.126422,0.126628739218205,0.107359148467609,0,0.120756102037071,0.0860708386859974,0.559185171591118
244273.411807,2735866.126422,0.177700348432056,0.154593801577114,0,0.0333761232349166,0.0695030258573262,0.564826700898588
244773.411807,2735866.126422,0.341029869891882,0.0311526479750779,0,0.0128275609309144,0.0263881253435954,0.58860179585853
245273.411807,2735866.126422,0.310148651128647,0.0196366305744173,0,0.0321159845843274,0.0664342081115801,0.571664525601028
245773.411807,2735866.126422,0.386759581881533,0.0209059233449477,0,0.0403447643498991,0.0783055198973042,0.473684210526316
246273.411807,2735866.126422,0.354407183434121,0.00623052959501558,0,0.0934579439252336,0.112332783580722,0.433571559464907
246773.411807,2735866.126422,0.436226830611121,0.0034868783262984,0,0.012846393833731,0.0429436593870435,0.504496237841806
247273.411807,2735866.126422,0.580414450761049,0,0,0.00146708233999633,0.00366770584999083,0.414450761048964
247773.411807,2735866.126422,0.688473520249221,0,0,0.000916254352208173,0.00256551218618288,0.308044713212388
248273.411807,2735866.126422,0.629289777940907,0.00513855753349238,0,0.00568911726922371,0.0137639933932832,0.346118553863094
248773.411807,2735866.126422,0.654318723638364,0.0190720704199523,0,0.011186502842472,0.0392444525949019,0.27617825050431
249273.411807,2735866.126422,0.67601246105919,0.000916254352208173,0,0.00256551218618288,0.0214403518416712,0.299065420560748
249773.411807,2735866.126422,0.655409166821303,0.000742252737056968,0,0.00389682686954908,0.0254221562442012,0.31452959732789
237773.411807,2735366.126422,0.254128440366972,0.00642201834862385,0,0.0546788990825688,0.0631192660550459,0.621651376146789
238273.411807,2735366.126422,0.251513483764447,0.0385250412768299,0,0.0521005320124748,0.113006787745368,0.544854155200881
238773.411807,2735366.126422,0.261538461538462,0.0285714285714286,0,0.0468864468864469,0.0531135531135531,0.60989010989011
239273.411807,2735366.126422,0.515963302752294,0.00073394495412844,0,0.0139449541284404,0.0121100917431193,0.457247706422018
239773.411807,2735366.126422,0.597871950100899,0.00201797835259585,0.0137589433131535,0.029535864978903,0.0223812144560631,0.334434048798386
240273.411807,2735366.126422,0.419230769230769,0.0335164835164835,0.00805860805860806,0.134981684981685,0.0749084249084249,0.329304029304029
240773.411807,2735366.126422,0.0656880733944954,0.173394495412844,0.00128440366972477,0.284036697247706,0.150642201834862,0.324954128440367
241273.411807,2735366.126422,0.491102549990827,0.0454962392221611,0.00293524124013942,0.0720968629609246,0.024399192808659,0.363969913777289
241773.411807,2735366.126422,0.354395604395604,0.0818681318681319,0,0.151465201465201,0.0802197802197802,0.332051282051282
242273.411807,2735366.126422,0.207522935779817,0.228807339449541,0.00146788990825688,0.0297247706422018,0.0585321100917431,0.47394495412844
242773.411807,2735366.126422,0.198495688864429,0.096862960924601,0,0.0794349660612732,0.169510181618052,0.455696202531646
243273.411807,2735366.126422,0.57051282051282,0.0311355311355311,0,0.00402930402930403,0.0126373626373626,0.381684981684982
243773.411807,2735366.126422,0.417981651376147,0.0073394495412844,0,0.0451376146788991,0.136697247706422,0.392844036697248
244273.411807,2735366.126422,0.358466336452027,0.109521188772702,0,0.0242157402311502,0.0964960557695836,0.411300678774537
244773.411807,2735366.126422,0.364468864468864,0.106227106227106,0.000549450549450549,0.0307692307692308,0.0840659340659341,0.413919413919414
245273.411807,2735366.126422,0.497064220183486,0.000917431192660551,0,0.0188990825688073,0.0585321100917431,0.424587155963303
245773.411807,2735366.126422,0.567235369656944,0.00348559897266557,0,0.00807191341038342,0.0286186020913594,0.392588515868648
246273.411807,2735366.126422,0.612087912087912,0,0,0.000549450549450549,0.00146520146520147,0.385897435897436
246773.411807,2735366.126422,0.701834862385321,0.00128440366972477,0,0.00055045871559633,0.00678899082568807,0.28954128440367
247273.411807,2735366.126422,0.581544670702623,0.014125848468171,0,0.0207301412584847,0.0337552742616034,0.349844065309118
247773.411807,2735366.126422,0.370512820512821,0.00238095238095238,0,0.00934065934065934,0.0441391941391941,0.573626373626374
248273.411807,2735366.126422,0.458165137614679,0.00128440366972477,0,0.00752293577981651,0.0420183486238532,0.491009174311927
248773.411807,2735366.126422,0.644101999633095,0.00110071546505228,0.00220143093010457,0.00513667217024399,0.0236653824986241,0.32379379930288
249273.411807,2735366.126422,0.51959706959707,0.00146520146520147,0,0.0128205128205128,0.0278388278388278,0.438278388278388
249773.411807,2735366.126422,0.710946196660482,0.00148423005565863,0,0.00222634508348794,0.0335807050092764,0.251762523191095
237773.411807,2734866.126422,0.246153846153846,0.0335164835164835,0,0.0523809523809524,0.0681318681318681,0.59981684981685
238273.411807,2734866.126422,0.31007326007326,0.0238095238095238,0,0.0326007326007326,0.0454212454212454,0.588095238095238
238773.411807,2734866.126422,0.418958562522919,0.00146681334800147,0,0.0161349468280161,0.0298863219655299,0.533553355335534
239273.411807,2734866.126422,0.497985347985348,0.00347985347985348,0,0.117582417582418,0.060989010989011,0.31996336996337
239773.411807,2734866.126422,0.500549450549451,0.0287545787545788,0.00384615384615385,0.0355311355311355,0.0435897435897436,0.387728937728938
240273.411807,2734866.126422,0.353502016868353,0.0218188485515218,0.0469380271360469,0.0841584158415842,0.092959295929593,0.400623395672901
240773.411807,2734866.126422,0.222893772893773,0.0443223443223443,0,0.204212454212454,0.0965201465201465,0.432051282051282
241273.411807,2734866.126422,0.618315018315018,0.0159340659340659,0.000732600732600733,0.0401098901098901,0.0368131868131868,0.288095238095238
241773.411807,2734866.126422,0.312247891455812,0.00806747341400807,0.00293362669600293,0.129079574624129,0.163549688302164,0.384121745507884
242273.411807,2734866.126422,0.629304029304029,0.0432234432234432,0.000366300366300366,0.00567765567765568,0.0283882783882784,0.293040293040293
242773.411807,2734866.126422,0.718131868131868,0.0173992673992674,0,0.00256410256410256,0.0139194139194139,0.247985347985348
243273.411807,2734866.126422,0.568390172350568,0.0551888522185552,0,0.00531719838650532,0.0685735240190686,0.302530253025303
243773.411807,2734866.126422,0.657875457875458,0.0115384615384615,0,0.0117216117216117,0.0304029304029304,0.288461538461538
244273.411807,2734866.126422,0.445604395604396,0.127472527472527,0,0.0142857142857143,0.0283882783882784,0.384249084249084
244773.411807,2734866.126422,0.613678034470114,0.00238357169050238,0,0.0205353868720205,0.0275027502750275,0.335900256692336
245273.411807,2734866.126422,0.690842490842491,0.000366300366300366,0,0.00183150183150183,0.00952380952380952,0.297435897435897
245773.411807,2734866.126422,0.584432234432234,0.0249084249084249,0,0.00531135531135531,0.015018315018315,0.37032967032967
246273.411807,2734866.126422,0.538137147048038,0.0223689035570224,0,0.0210854418775211,0.0401540154015402,0.378254492115878
246773.411807,2734866.126422,0.467582417582418,0.000549450549450549,0,0.00695970695970696,0.0183150183150183,0.506593406593407
247273.411807,2734866.126422,0.745787545787546,0.0010989010989011,0.000366300366300366,0.00402930402930403,0.017032967032967,0.231684981684982
247773.411807,2734866.126422,0.56985698569857,0,0,0.000733406674000733,0.00568390172350568,0.423725705903924
248273.411807,2734866.126422,0.589377289377289,0.000549450549450549,0,0.00732600732600733,0.0307692307692308,0.371978021978022
248773.411807,2734866.126422,0.741941391941392,0.000183150183150183,0,0.000549450549450549,0.00476190476190476,0.252564102564103
249273.411807,2734866.126422,0.685735240190686,0.00183351668500183,0,0.0022002200220022,0.00898423175650898,0.301246791345801
249773.411807,2734866.126422,0.659874027417562,0.00185253797702853,0,0.00574286772878844,0.0435346424601704,0.288995924416451
237773.411807,2734366.126422,0.200403743806203,0.0546889337493118,0.00146815929528354,0.192328867682144,0.0963479537529822,0.454762341714076
238273.411807,2734366.126422,0.3601687144691,0.00641848523748395,0,0.0253071703649367,0.06400146708234,0.54410416284614
238773.411807,2734366.126422,0.504123144584937,0.00861279091075683,0,0.0229063588052043,0.0392156862745098,0.425142019424592
239273.411807,2734366.126422,0.133235456046981,0.0679023674068636,0.0117452743622683,0.0715727656450725,0.0735914846760874,0.641952651862727
239773.411807,2734366.126422,0.259490188886851,0.0718870346598203,0,0.0473134054648817,0.107463781404731,0.513845589583715
240273.411807,2734366.126422,0.28807036833425,0.0295033901411032,0,0.328019058090526,0.119846069268829,0.234561114165292
240773.411807,2734366.126422,0.0704716461736098,0.0363369425582676,0.000734079647641769,0.598641952651863,0.106258028996146,0.187557349972472
241273.411807,2734366.126422,0.227030992114432,0.0198056115899505,0.00770218228498074,0.474601136988814,0.112965340179718,0.157894736842105
241773.411807,2734366.126422,0.337914605094374,0.00824628916987356,0.00384826827927433,0.349459409932197,0.0954737035000916,0.205057724024189
242273.411807,2734366.126422,0.426867315103689,0.0277115066984768,0,0.0660671682877592,0.084235639566893,0.395118370343182
242773.411807,2734366.126422,0.589033559508527,0.00293416467999266,0,0.0583165230148542,0.0788556757748029,0.270860077021823
243273.411807,2734366.126422,0.649624335715595,0.000366501740883269,0,0,0,0.350009162543522
243773.411807,2734366.126422,0.656450724903652,0.0196366305744173,0,0.00275279867865663,0.0108276748027161,0.310332171040558
244273.411807,2734366.126422,0.711351549605722,0.00183385292499542,0,0.00128369704749679,0.00806895286997983,0.277461947551806
244773.411807,2734366.126422,0.520065970313359,0.00989554700384827,0.000916254352208173,0.0042147700201576,0.0216236027121129,0.443283855598314
245273.411807,2734366.126422,0.690034868783263,0.00183519911910442,0,0.00110111947146265,0.00789135621214902,0.299137456414021
245773.411807,2734366.126422,0.560425453878599,0.0100861910874748,0,0.0141206675224647,0.0254905556574363,0.389877131854025
246273.411807,2734366.126422,0.593183067619571,0.000549752611324904,0,0.00238226131574125,0.0197910940076965,0.384093824445666
246773.411807,2734366.126422,0.525050467975775,0.000367039823820885,0,0.00899247568361167,0.0400073407964764,0.425582675720316
247273.411807,2734366.126422,0.492939666238768,0.00128369704749679,0,0.00385109114249037,0.0183385292499542,0.483587016321291
247773.411807,2734366.126422,0.499175371083013,0.00109950522264981,0,0.000916254352208173,0.00623052959501558,0.492578339747114
248273.411807,2734366.126422,0.612589465957056,0.00165167920719398,0,0.000367039823820885,0.00605615709304459,0.379335657918884
248773.411807,2734366.126422,0.461214010636347,0.000366770584999083,0,0.00366770584999083,0.0139372822299652,0.520814230698698
249273.411807,2734366.126422,0.832691955286788,0.000366501740883269,0,0.00109950522264981,0.00623052959501558,0.159611508154664
249773.411807,2734366.126422,0.701799962887363,0.00241232139543515,0,0.00371126368528484,0.0354425681944702,0.256633883837447
237773.411807,2733866.126422,0.0394495412844037,0.00899082568807339,0,0.631743119266055,0.185137614678899,0.134678899082569
238273.411807,2733866.126422,0.121629058888277,0.0431113557145478,0,0.195010089891763,0.0972298660796184,0.543019629425793
238773.411807,2733866.126422,0.107875457875458,0.188644688644689,0.000183150183150183,0.132783882783883,0.0943223443223443,0.476190476190476
239273.411807,2733866.126422,0.0526605504587156,0.334678899082569,0.00568807339449541,0.0638532110091743,0.0710091743119266,0.472110091743119
239773.411807,2733866.126422,0.0456796917996698,0.14401027334434,0,0.307099614749587,0.137589433131535,0.365620986974867
240273.411807,2733866.126422,0.00586080586080586,0.0624542124542125,0.000366300366300366,0.328754578754579,0.205311355311355,0.397252747252747
240773.411807,2733866.126422,0.0539449541284404,0.0587155963302752,0.0036697247706422,0.244770642201835,0.267339449541284,0.371559633027523
241273.411807,2733866.126422,0.144560631076867,0.0642084021280499,0.00403595670519171,0.349844065309118,0.224545954870666,0.212804989910108
241773.411807,2733866.126422,0.0584249084249084,0.133333333333333,0.00805860805860806,0.312271062271062,0.134432234432234,0.353479853479854
242273.411807,2733866.126422,0.0335779816513761,0.0532110091743119,0.00146788990825688,0.684587155963303,0.116330275229358,0.110825688073394
242773.411807,2733866.126422,0.138873601174097,0.0798018712162906,0.00220143093010457,0.0746651990460466,0.146578609429462,0.557879288203999
243273.411807,2733866.126422,0.356959706959707,0.00531135531135531,0,0.183699633699634,0.124542124542125,0.329487179487179
243773.411807,2733866.126422,0.266605504587156,0.0223853211009174,0.0073394495412844,0.00422018348623853,0.0471559633027523,0.652293577981651
244273.411807,2733866.126422,0.182168409466153,0.00220143093010457,0.0214639515685195,0.0328380113740598,0.0387084938543387,0.722619702806824
244773.411807,2733866.126422,0.331868131868132,0.0331501831501832,0.032967032967033,0.00659340659340659,0.0357142857142857,0.55970695970696
245273.411807,2733866.126422,0.689908256880734,0.00036697247706422,0,0.000917431192660551,0.00201834862385321,0.306788990825688
245773.411807,2733866.126422,0.50926435516419,0.000733810310034856,0,0.00238488350761328,0.0341221794166208,0.453494771601541
246273.411807,2733866.126422,0.792307692307692,0,0,0.000915750915750916,0.0032967032967033,0.203479853479853
246773.411807,2733866.126422,0.56697247706422,0.00055045871559633,0,0.011743119266055,0.0425688073394495,0.378165137614679
247273.411807,2733866.126422,0.635846633645203,0.00458631443771785,0.000183452577508714,0.00385250412768299,0.0223812144560631,0.333149880755825
247773.411807,2733866.126422,0.458058608058608,0.00146520146520147,0,0.00164835164835165,0.0161172161172161,0.522710622710623
248273.411807,2733866.126422,0.806422018348624,0,0,0,0.00055045871559633,0.19302752293578
248773.411807,2733866.126422,0.592184920198129,0.00091726288754357,0,0.00091726288754357,0.00880572372041827,0.397174830306366
249273.411807,2733866.126422,0.798717948717949,0,0,0,0.0043956043956044,0.196886446886447
249773.411807,2733866.126422,0.450463821892393,0.00111317254174397,0,0.000927643784786642,0.0198515769944341,0.527643784786642
237773.411807,2733366.126422,0.168864468864469,0.0318681318681319,0,0.396703296703297,0.127472527472527,0.275091575091575
238273.411807,2733366.126422,0.0983516483516483,0.0316849816849817,0,0.324358974358974,0.172527472527473,0.373076923076923
238773.411807,2733366.126422,0.138063806380638,0.0359369270260359,0.000183351668500183,0.301980198019802,0.201320132013201,0.322515584891823
239273.411807,2733366.126422,0.114285714285714,0.117032967032967,0.00183150183150183,0.243223443223443,0.173076923076923,0.350549450549451
239773.411807,2733366.126422,0.0155677655677656,0.056043956043956,0.000183150183150183,0.360989010989011,0.204212454212454,0.363003663003663
240273.411807,2733366.126422,0.00843417675100843,0.13036303630363,0.000916758342500917,0.178401173450678,0.243124312431243,0.438760542720939
240773.411807,2733366.126422,0.119047619047619,0.376923076923077,0.0243589743589744,0.0802197802197802,0.125091575091575,0.274358974358974
241273.411807,2733366.126422,0.182051282051282,0.0368131868131868,0.00201465201465201,0.343589743589744,0.17032967032967,0.265201465201465
241773.411807,2733366.126422,0.121012101210121,0.0256692335900257,0,0.362852951961863,0.251741840850752,0.238723872387239
242273.411807,2733366.126422,0.186263736263736,0.0217948717948718,0,0.363553113553114,0.186813186813187,0.241575091575092
242773.411807,2733366.126422,0.275824175824176,0.0917582417582418,0.000183150183150183,0.145238095238095,0.142307692307692,0.344688644688645
243273.411807,2733366.126422,0.211771177117712,0.072973964063073,0.000183351668500183,0.017968463513018,0.0462046204620462,0.650898423175651
243773.411807,2733366.126422,0.308791208791209,0.123443223443223,0.000183150183150183,0.0826007326007326,0.118315018315018,0.366666666666667
244273.411807,2733366.126422,0.273260073260073,0.0183150183150183,0.0188644688644689,0.0177655677655678,0.0562271062271062,0.615567765567766
244773.411807,2733366.126422,0.621562156215622,0.00715071507150715,0,0.0198019801980198,0.022002200220022,0.329482948294829
245273.411807,2733366.126422,0.7003663003663,0.00805860805860806,0.000366300366300366,0.000183150183150183,0.00860805860805861,0.282417582417582
245773.411807,2733366.126422,0.705860805860806,0.000549450549450549,0,0.000915750915750916,0.00366300366300366,0.289010989010989
246273.411807,2733366.126422,0.485331866519985,0.00183351668500183,0,0.00385038503850385,0.0291529152915292,0.47983131646498
246773.411807,2733366.126422,0.476923076923077,0.00164835164835165,0.000183150183150183,0.0104395604395604,0.0492673992673993,0.461538461538462
247273.411807,2733366.126422,0.5996336996337,0.0043956043956044,0.000183150183150183,0.00366300366300366,0.0128205128205128,0.379304029304029
247773.411807,2733366.126422,0.671983865053172,0.000183351668500183,0,0.00311697836450312,0.015951595159516,0.308764209754309
248273.411807,2733366.126422,0.47032967032967,0,0,0.000366300366300366,0.00366300366300366,0.525641025641026
248773.411807,2733366.126422,0.545604395604396,0.00586080586080586,0,0.00201465201465201,0.0153846153846154,0.431135531135531
249273.411807,2733366.126422,0.663916391639164,0.000183351668500183,0,0.000916758342500917,0.00898423175650898,0.325999266593326
249773.411807,2733366.126422,0.744349759170063,0,0,0,0.00741015190811412,0.248240088921823
237773.411807,2732866.126422,0.0913929161314003,0.0535878142778491,0.00458799779776106,0.45237658285924,0.155808405211966,0.242246283721784
238273.411807,2732866.126422,0.0792224463598019,0.0682193288098294,0.00238400880249404,0.409866128736475,0.112231799009719,0.32807628828168
238773.411807,2732866.126422,0.14458493677845,0.19956019791094,0.00256551218618288,0.121861828843687,0.123144584936778,0.408282939343962
239273.411807,2732866.126422,0.113782345384474,0.162598641952652,0.00256927876674619,0.0227564690768948,0.0792806019453111,0.619012662873922
239773.411807,2732866.126422,0.106363469649734,0.0685860993948285,0.00165046763249587,0.337979094076655,0.140839904639648,0.344580964606639
240273.411807,2732866.126422,0.120945574491479,0.231445849367785,0.000549752611324904,0.213304013194063,0.145134689389775,0.288620120945574
240773.411807,2732866.126422,0.243347403193246,0.240961644338411,0,0.0194531106625069,0.0761607634428336,0.420077078363002
241273.411807,2732866.126422,0.256372638914359,0.334678158811663,0,0.070419952319824,0.0794058316523015,0.259123418301852
241773.411807,2732866.126422,0.238226131574125,0.138537658053876,0,0.193512919186366,0.173905076049111,0.255818215136522
242273.411807,2732866.126422,0.212516057992292,0.218205175261516,0,0.134703615342265,0.109928427234355,0.324646724169572
242773.411807,2732866.126422,0.243352283146892,0.144324225197139,0.000366770584999083,0.028791490922428,0.0715202640748212,0.511644966073721
243273.411807,2732866.126422,0.404251420194246,0.115631299248671,0,0.0053142752428074,0.0322521531977277,0.442550852116548
243773.411807,2732866.126422,0.208478619930262,0.190493668563039,0.000917599559552211,0.0403743806202973,0.0455129381537897,0.514222793173059
244273.411807,2732866.126422,0.170915092609573,0.0511644966073721,0.0311754997249221,0.206491839354484,0.159361819182102,0.380891252521548
244773.411807,2732866.126422,0.452812900861279,0.0509437419827744,0.00109950522264981,0.0166758292101887,0.042147700201576,0.436320322521532
245273.411807,2732866.126422,0.530189025509268,0.0251422279317306,0.0115617544503579,0.00110111947146265,0.012846393833731,0.41915947880345
245773.411807,2732866.126422,0.458463231248854,0.0210893086374473,0,0.00366770584999083,0.0154043645699615,0.501375389693747
246273.411807,2732866.126422,0.348359904709547,0.00678028220634048,0,0.0251053692505039,0.0533260032985157,0.566428440535093
246773.411807,2732866.126422,0.487245366122224,0.0130299137456414,0.00275279867865663,0.0137639933932832,0.0275279867865663,0.455679941273628
247273.411807,2732866.126422,0.610306253438474,0.000366770584999083,0,0.00696864111498258,0.0165046763249587,0.365853658536585
247773.411807,2732866.126422,0.463258200476452,0.00128275609309144,0,0.00348176653839106,0.0203408466190214,0.511636430273044
248273.411807,2732866.126422,0.549275096347954,0,0,0.00110111947146265,0.00513855753349238,0.444485226647091
248773.411807,2732866.126422,0.825967357417935,0,0,0.00385109114249037,0.0139372822299652,0.156244269209609
249273.411807,2732866.126422,0.700751328568811,0,0,0.00403151914971596,0.0109950522264981,0.284222100054975
249773.411807,2732866.126422,0.653924661347189,0.00630914826498423,0,0.00148450547411394,0.011504917424383,0.32677676748933
237773.411807,2732366.126422,0.0937614678899083,0.185321100917431,0.000917431192660551,0.24348623853211,0.144587155963303,0.331926605504587
238273.411807,2732366.126422,0.0730141258484682,0.160704457897633,0.00165107319757843,0.456613465419189,0.100532012474775,0.207484865162356
238773.411807,2732366.126422,0.0675824175824176,0.039010989010989,0.00164835164835165,0.508791208791209,0.180952380952381,0.202014652014652
239273.411807,2732366.126422,0.0361467889908257,0.0412844036697248,0.00110091743119266,0.721100917431193,0.107522935779817,0.0928440366972477
239773.411807,2732366.126422,0.0636580443955238,0.0493487433498441,0.000550357732526142,0.572372041827188,0.163272793982755,0.150798018712163
240273.411807,2732366.126422,0.0622710622710623,0.183699633699634,0.000366300366300366,0.418681318681319,0.157509157509158,0.177472527472527
240773.411807,2732366.126422,0.0328440366972477,0.282385321100917,0.00073394495412844,0.452844036697248,0.107339449541284,0.123853211009174
241273.411807,2732366.126422,0.0174279948633278,0.231333700238488,0.000550357732526142,0.421574023115025,0.11704274445056,0.212071179600073
241773.411807,2732366.126422,0.0487179487179487,0.254761904761905,0.0010989010989011,0.17032967032967,0.103846153846154,0.421245421245421
242273.411807,2732366.126422,0.0464220183486239,0.455412844036697,0,0.0699082568807339,0.111559633027523,0.316697247706422
242773.411807,2732366.126422,0.0403595670519171,0.694368005870483,0,0.0275178866263071,0.0383415886993212,0.199412951751972
243273.411807,2732366.126422,0.183516483516484,0.181318681318681,0,0.146336996336996,0.105494505494505,0.383333333333333
243773.411807,2732366.126422,0.292660550458716,0.0429357798165138,0,0.152660550458716,0.17651376146789,0.335229357798165
244273.411807,2732366.126422,0.479911942762796,0.0146762062006971,0,0.0319207484865162,0.0592551825353146,0.414235920014676
244773.411807,2732366.126422,0.62967032967033,0.00641025641025641,0.00128205128205128,0.00183150183150183,0.0137362637362637,0.347069597069597
245273.411807,2732366.126422,0.50954128440367,0.0055045871559633,0,0.00055045871559633,0.00293577981651376,0.481467889908257
245773.411807,2732366.126422,0.673454412034489,0.00366905155017428,0.000550357732526142,0.00366905155017428,0.016694184553293,0.301962942579343
246273.411807,2732366.126422,0.413736263736264,0.013003663003663,0,0.0811355311355311,0.0663003663003663,0.425824175824176
246773.411807,2732366.126422,0.735596330275229,0.00385321100917431,0,0.00880733944954129,0.0293577981651376,0.222385321100917
247273.411807,2732366.126422,0.723353513116859,0.00385250412768299,0,0.000733810310034856,0.00733810310034856,0.264722069345074
247773.411807,2732366.126422,0.682051282051282,0.0161172161172161,0,0.000549450549450549,0.00567765567765568,0.295604395604396
248273.411807,2732366.126422,0.648807339449541,0,0,0.00256880733944954,0.0124770642201835,0.336146788990826
248773.411807,2732366.126422,0.519354246927169,0.08273711245643,0.00715465052283985,0.0066042927903137,0.0715465052283985,0.312603192074849
249273.411807,2732366.126422,0.442490842490842,0.078021978021978,0.00750915750915751,0.00879120879120879,0.0617216117216117,0.401465201465201
249773.411807,2732366.126422,0.478849721706865,0.0623376623376623,0.00352504638218924,0.0244897959183673,0.0606679035250464,0.37012987012987
237773.411807,2731866.126422,0.0628205128205128,0.0344322344322344,0.00256410256410256,0.588827838827839,0.194688644688645,0.116666666666667
238273.411807,2731866.126422,0.0551282051282051,0.0412087912087912,0.00238095238095238,0.682417582417582,0.122710622710623,0.0961538461538462
238773.411807,2731866.126422,0.0243857719105244,0.126879354602127,0.0128346167950128,0.543454345434543,0.121012101210121,0.171433810047671
239273.411807,2731866.126422,0.0505494505494506,0.0542124542124542,0.0043956043956044,0.66978021978022,0.126923076923077,0.0941391941391941
239773.411807,2731866.126422,0.0619047619047619,0.0873626373626374,0.00256410256410256,0.544322344322344,0.134065934065934,0.16978021978022
240273.411807,2731866.126422,0.0540887422075541,0.0467546754675468,0.00366703337000367,0.592592592592593,0.166666666666667,0.136230289695636
240773.411807,2731866.126422,0.0434065934065934,0.0173992673992674,0.00201465201465201,0.761172161172161,0.123626373626374,0.0523809523809524
241273.411807,2731866.126422,0.0401098901098901,0.0206959706959707,0,0.781868131868132,0.118131868131868,0.0391941391941392
241773.411807,2731866.126422,0.133846718005134,0.0887422075540887,0.000733406674000733,0.367803447011368,0.195452878621195,0.213421342134213
242273.411807,2731866.126422,0.0532967032967033,0.43974358974359,0,0.121062271062271,0.0901098901098901,0.295787545787546
242773.411807,2731866.126422,0.0408424908424908,0.526007326007326,0.000183150183150183,0.168315018315018,0.0716117216117216,0.193040293040293
243273.411807,2731866.126422,0.0352035203520352,0.333149981664833,0,0.0476714338100477,0.0610561056105611,0.522918958562523
243773.411807,2731866.126422,0.468498168498168,0.0375457875457875,0,0.0122710622710623,0.0269230769230769,0.454761904761905
244273.411807,2731866.126422,0.667216117216117,0,0.000183150183150183,0.00146520146520147,0.00384615384615385,0.327289377289377
244773.411807,2731866.126422,0.332783278327833,0.00201686835350202,0.000183351668500183,0.00623395672900623,0.0196186285295196,0.639163916391639
