"x","y","forest","agri","water","built","other","grass"
216773.411807,2710366.126422,0.166414904330312,0.033987915407855,0.404582074521652,0.243957703927492,0.0541289023162135,0.0969284994964753
217273.411807,2710366.126422,0.0556254719355651,0.165869619934558,0.129624968537629,0.236848728920211,0.188270828089605,0.223760382582431
217773.411807,2710366.126422,0.142211055276382,0.0185929648241206,0,0.0170854271356784,0.128643216080402,0.693467336683417
218273.411807,2710366.126422,0.439828801611279,0.0226586102719033,0.00176233635448137,0.0664652567975831,0.130412890231621,0.338872104733132
218773.411807,2710366.126422,0.299521771960735,0.0317140699723131,0,0.086081047067707,0.158570349861566,0.424112761137679
219273.411807,2710366.126422,0.186683417085427,0.0520100502512563,0,0.0793969849246231,0.0728643216080402,0.609045226130653
219773.411807,2710366.126422,0.217270896273917,0.0367573011077543,0,0.00654582074521652,0.0485901309164149,0.690835850956697
220273.411807,2710366.126422,0.139441228290964,0.0654417316889001,0.0040271834885477,0.0717342058897558,0.174427384847722,0.54492826579411
220773.411807,2710366.126422,0.0537688442211055,0.17713567839196,0,0.0364321608040201,0.121859296482412,0.610804020100502
221273.411807,2710366.126422,0.10448136958711,0.158610271903323,0,0,0.0246727089627392,0.712235649546828
221773.411807,2710366.126422,0.322174679083816,0.0498363956707778,0.029448779260005,0.00125849484017116,0.0289453813239366,0.568336269821294
222273.411807,2710366.126422,0.628643216080402,0.0243718592964824,0,0,0.00125628140703518,0.34572864321608
222773.411807,2710366.126422,0.784491440080564,0,0,0,0,0.215508559919436
223273.411807,2710366.126422,0.448024163100931,0.042537125597785,0,0.000251698968034231,0.0173672287943619,0.491819783538888
223773.411807,2710366.126422,0.256281407035176,0.140201005025126,0,0.0042713567839196,0.0407035175879397,0.558542713567839
224273.411807,2710366.126422,0.243454179254783,0.214501510574018,0,0.00427995971802618,0.0294561933534743,0.508308157099698
216773.411807,2709866.126422,0.35302752293578,0.0293577981651376,0.00715596330275229,0.328990825688073,0.111743119266055,0.169724770642202
217273.411807,2709866.126422,0.220143093010457,0.0227481196110805,0.00825536598789213,0.199229499174463,0.116492386718033,0.433131535498074
217773.411807,2709866.126422,0.284798534798535,0.0368131868131868,0.000183150183150183,0.0448717948717949,0.163919413919414,0.469413919413919
218273.411807,2709866.126422,0.379266055045872,0.028256880733945,0.00073394495412844,0.0886238532110092,0.101284403669725,0.401834862385321
218773.411807,2709866.126422,0.111539167125298,0.0957622454595487,0.000183452577508714,0.173729590900752,0.226013575490736,0.392771968446157
219273.411807,2709866.126422,0.0307692307692308,0.214102564102564,0,0.0208791208791209,0.0595238095238095,0.674725274725275
219773.411807,2709866.126422,0.100550458715596,0.223853211009174,0,0.048256880733945,0.0653211009174312,0.562018348623853
220273.411807,2709866.126422,0.0869565217391304,0.277930654925702,0.000366905155017428,0.0310034855989727,0.0735644835809943,0.530177949000183
220773.411807,2709866.126422,0.166849816849817,0.193772893772894,0,0.0021978021978022,0.0210622710622711,0.616117216117216
221273.411807,2709866.126422,0.349908256880734,0.0377981651376147,0,0.00917431192660551,0.0344954128440367,0.568623853211009
221773.411807,2709866.126422,0.282333516785911,0.0772335351311686,0,0.00330214639515685,0.0548523206751055,0.582278481012658
222273.411807,2709866.126422,0.46007326007326,0.0126373626373626,0.00183150183150183,0.00146520146520147,0.0141025641025641,0.50989010989011
222773.411807,2709866.126422,0.531192660550459,0.096697247706422,0,0,0.00165137614678899,0.37045871559633
223273.411807,2709866.126422,0.503944230416437,0.106769400110072,0,0.001284168042561,0.0207301412584847,0.367272060172445
223773.411807,2709866.126422,0.503846153846154,0.0228937728937729,0.00311355311355311,0.000549450549450549,0.0120879120879121,0.457509157509157
224273.411807,2709866.126422,0.444770642201835,0.0614678899082569,0,0.00385321100917431,0.0211009174311927,0.468807339449541
216273.411807,2709366.126422,0.0339200586725339,0.01998533186652,0.172350568390172,0.646864686468647,0.0825082508250825,0.0443711037770444
216773.411807,2709366.126422,0.0384615384615385,0.0338827838827839,0.00494505494505494,0.786996336996337,0.11043956043956,0.0252747252747253
217273.411807,2709366.126422,0.093956043956044,0.0465201465201465,0.00494505494505494,0.384065934065934,0.286630036630037,0.183882783882784
217773.411807,2709366.126422,0.119178584525119,0.0537220388705537,0.0102676934360103,0.513017968463513,0.203520352035204,0.1002933626696
218273.411807,2709366.126422,0.0315018315018315,0.149450549450549,0.000183150183150183,0.136813186813187,0.152564102564103,0.529487179487179
218773.411807,2709366.126422,0.0542124542124542,0.134615384615385,0,0.0208791208791209,0.0626373626373626,0.727655677655678
219273.411807,2709366.126422,0.183168316831683,0.0672900623395673,0,0.0249358269160249,0.114594792812615,0.61001100110011
219773.411807,2709366.126422,0.271245421245421,0.0289377289377289,0,0.0159340659340659,0.0888278388278388,0.595054945054945
220273.411807,2709366.126422,0.424908424908425,0.0531135531135531,0,0.000366300366300366,0.00476190476190476,0.516849816849817
220773.411807,2709366.126422,0.419325265859919,0.00971763843050972,0,0.00055005500550055,0.0168683535020169,0.553538687202054
221273.411807,2709366.126422,0.404945054945055,0.00641025641025641,0,0.00164835164835165,0.0267399267399267,0.56025641025641
221773.411807,2709366.126422,0.562820512820513,0.0177655677655678,0,0.00128205128205128,0.0175824175824176,0.400549450549451
222273.411807,2709366.126422,0.255775577557756,0.0300696736340301,0,0.00641730839750642,0.092042537587092,0.615694902823616
222773.411807,2709366.126422,0.511355311355311,0.036996336996337,0,0.0166666666666667,0.0210622710622711,0.413919413919414
223273.411807,2709366.126422,0.599450549450549,0.010989010989011,0,0,0.00366300366300366,0.385897435897436
223773.411807,2709366.126422,0.464613127979465,0.05995599559956,0,0.000366703337000367,0.0119178584525119,0.463146314631463
224273.411807,2709366.126422,0.681868131868132,0.0175824175824176,0,0,0.000915750915750916,0.2996336996337
216773.411807,2708866.126422,0.0803817214167737,0.0978161130482657,0.121673701596623,0.274729308129932,0.125894659570563,0.299504496237842
217273.411807,2708866.126422,0.0863744727672841,0.128369704749679,0.0355767467449111,0.232532550889419,0.125618925362186,0.391527599486521
217773.411807,2708866.126422,0.163276525563496,0.120762323621037,0,0.308960967564596,0.137254901960784,0.269745281290086
218273.411807,2708866.126422,0.110478986970086,0.147182969352175,0,0.0368875022939989,0.139842172875757,0.565608368507983
218773.411807,2708866.126422,0.183018521914542,0.059600220062351,0,0.00128369704749679,0.0166880616174583,0.739409499358151
219273.411807,2708866.126422,0.22081729888217,0.106835257467473,0,0.0177753344328386,0.0346344145134689,0.61993769470405
219773.411807,2708866.126422,0.181868232703248,0.108093228115251,0.00311983850247752,0.022389429253074,0.104789869700863,0.579739401725087
220273.411807,2708866.126422,0.348982211626628,0.0196222262974509,0.000183385292499542,0.00238400880249404,0.0181551439574546,0.610673024023473
220773.411807,2708866.126422,0.650723840938244,0.0113615539673813,0,0.000733003481766538,0.00458127176104087,0.332600329851567
221273.411807,2708866.126422,0.469627454578822,0.0280785465222977,0,0.00458799779776106,0.030280785465223,0.467425215635897
221773.411807,2708866.126422,0.439207775536402,0.0368604437924078,0,0,0.000366770584999083,0.523565010086191
222273.411807,2708866.126422,0.455928165658787,0.0293201392706615,0,0,0,0.514751695070552
222773.411807,2708866.126422,0.422279317305928,0.0247751881079097,0,0.000550559735731327,0.00513855753349238,0.547256377316939
223273.411807,2708866.126422,0.451494590133871,0.0289748762149276,0,0.000366770584999083,0.00256739409499358,0.516596368971209
223773.411807,2708866.126422,0.571925966648342,0.0219901044529962,0,0,0.0117280557082646,0.394355873190398
224273.411807,2708866.126422,0.841255276197467,0.00311983850247752,0,0,0,0.155624885300055
216273.411807,2708366.126422,0.111172161172161,0.337728937728938,0.00347985347985348,0.15970695970696,0.0282051282051282,0.35970695970696
216773.411807,2708366.126422,0.0506422018348624,0.124220183486239,0,0.156146788990826,0.0280733944954128,0.640917431192661
217273.411807,2708366.126422,0.0521005320124748,0.0616400660429279,0,0.257200513667217,0.164373509447808,0.464685378829573
217773.411807,2708366.126422,0.0926739926739927,0.17014652014652,0,0.0663003663003663,0.142857142857143,0.528021978021978
218273.411807,2708366.126422,0.123669724770642,0.0532110091743119,0,0.0886238532110092,0.141467889908257,0.59302752293578
218773.411807,2708366.126422,0.155934690882407,0.0271509814712897,0,0.000183452577508714,0.00697119794533113,0.809759677123464
219273.411807,2708366.126422,0.315384615384615,0.0254578754578755,0.0010989010989011,0.00476190476190476,0.0564102564102564,0.596886446886447
219773.411807,2708366.126422,0.358348623853211,0.0445871559633028,0,0.00036697247706422,0.0055045871559633,0.591192660550459
220273.411807,2708366.126422,0.334617501375894,0.084021280498991,0,0.00091726288754357,0.00697119794533113,0.57347275729224
220773.411807,2708366.126422,0.263553113553114,0.076007326007326,0,0.0271062271062271,0.0576923076923077,0.575641025641026
221273.411807,2708366.126422,0.551559633027523,0.0256880733944954,0,0,0.00788990825688073,0.414862385321101
221773.411807,2708366.126422,0.509998165474225,0.021830856723537,0,0.001284168042561,0.0194459732159237,0.447440836543753
222273.411807,2708366.126422,0.524542124542125,0.0122710622710623,0,0.000732600732600733,0.0119047619047619,0.450549450549451
222773.411807,2708366.126422,0.713761467889908,0.00128440366972477,0,0.00018348623853211,0.000917431192660551,0.283853211009174
223273.411807,2708366.126422,0.369106585947533,0.0172445422858191,0,0.000183452577508714,0.00495321959273528,0.608512199596404
223773.411807,2708366.126422,0.581868131868132,0.0183150183150183,0,0.000366300366300366,0.0102564102564103,0.389194139194139
224273.411807,2708366.126422,0.835229357798165,0.0018348623853211,0,0,0.00256880733944954,0.160366972477064
215773.411807,2707866.126422,0.126923076923077,0.163186813186813,0.200549450549451,0.176007326007326,0.0241758241758242,0.309157509157509
216273.411807,2707866.126422,0.0733406674000733,0.363036303630363,0,0.0137513751375138,0.022002200220022,0.527869453612028
216773.411807,2707866.126422,0.0888278388278388,0.211355311355311,0,0.056043956043956,0.0976190476190476,0.546153846153846
217273.411807,2707866.126422,0.202197802197802,0.0450549450549451,0,0.086996336996337,0.0747252747252747,0.591025641025641
217773.411807,2707866.126422,0.102126879354602,0.0682068206820682,0,0.0166850018335167,0.0537220388705537,0.759259259259259
218273.411807,2707866.126422,0.102747252747253,0.233333333333333,0.000732600732600733,0.0393772893772894,0.0835164835164835,0.54029304029304
218773.411807,2707866.126422,0.244505494505494,0.226739926739927,0.00366300366300366,0.0641025641025641,0.10018315018315,0.360805860805861
219273.411807,2707866.126422,0.273193986065273,0.09002566923359,0,0.0165016501650165,0.0889255592225889,0.531353135313531
219773.411807,2707866.126422,0.361904761904762,0.0124542124542125,0,0.0142857142857143,0.0225274725274725,0.588827838827839
220273.411807,2707866.126422,0.425457875457875,0.0010989010989011,0,0.000366300366300366,0.00201465201465201,0.571062271062271
220773.411807,2707866.126422,0.545837917125046,0.0209020902090209,0,0,0.00256692335900257,0.430693069306931
221273.411807,2707866.126422,0.382967032967033,0.0490842490842491,0,0.00402930402930403,0.0342490842490843,0.52967032967033
221773.411807,2707866.126422,0.515384615384615,0.134981684981685,0,0.00274725274725275,0.0186813186813187,0.328205128205128
222273.411807,2707866.126422,0.532819948661533,0.0711404473780711,0,0.000733406674000733,0.0108177484415108,0.384488448844884
222773.411807,2707866.126422,0.582600732600733,0.0102564102564103,0,0,0.00402930402930403,0.403113553113553
223273.411807,2707866.126422,0.712820512820513,0,0,0,0.000732600732600733,0.286446886446886
223773.411807,2707866.126422,0.755592225889256,0,0,0,0,0.244407774110744
224273.411807,2707866.126422,0.615934065934066,0.00201465201465201,0,0,0.00622710622710623,0.375824175824176
215273.411807,2707366.126422,0.0908423563956689,0.108460267939071,0.410167003119839,0.182785832262801,0.00513855753349238,0.202605982749128
215773.411807,2707366.126422,0.0594168347698515,0.434806528516413,0.00146708233999633,0.0430955437373923,0.0597836053548505,0.401430405281496
216273.411807,2707366.126422,0.146050943741983,0.0855781564962434,0.00128275609309144,0.292834890965732,0.226681326736302,0.247571925966648
216773.411807,2707366.126422,0.0335841438796109,0.0818498807120573,0.0159662323362085,0.447605065149569,0.250688199669664,0.17030647825289
217273.411807,2707366.126422,0.236567027324409,0.0733541169998166,0,0.0209059233449477,0.0781221346048047,0.591050797726022
217773.411807,2707366.126422,0.164925783397471,0.12552684625252,0.009529045262965,0.0524097489463075,0.0723840938244457,0.575224482316291
218273.411807,2707366.126422,0.177830794641219,0.111763626353459,0.00165167920719398,0.0293631859056708,0.0649660488162966,0.614424665076161
218773.411807,2707366.126422,0.0834403080872914,0.205208142306987,0,0.0104529616724739,0.0762882816798093,0.624610306253438
219273.411807,2707366.126422,0.0716510903426791,0.232911856331318,0,0.00861279091075683,0.0445299615173172,0.642294300897929
219773.411807,2707366.126422,0.106992108643788,0.106992108643788,0,0.0526702147182969,0.100568911726922,0.632776656267205
220273.411807,2707366.126422,0.14395745461214,0.153676875114616,0,0.022006235099945,0.090408949202274,0.589950485971025
220773.411807,2707366.126422,0.302180685358255,0.00989554700384827,0,0.00879604178119846,0.0527762506871908,0.626351475169507
221273.411807,2707366.126422,0.473664892640852,0.0124793540099101,0,0,0.00679023674068636,0.507065516608552
221773.411807,2707366.126422,0.519347148358702,0.0374105996699065,0,0,0.00146708233999633,0.441775169631396
222273.411807,2707366.126422,0.525380245556166,0.0174088326919553,0,0.000366501740883269,0.0109950522264981,0.445849367784497
222773.411807,2707366.126422,0.574600844191595,0.0148651128647458,0,0,0.0034868783262984,0.407047164617361
223273.411807,2707366.126422,0.590684027141023,0.0293416467999266,0,0.000916926462497708,0.0315422703099211,0.347515129286631
223773.411807,2707366.126422,0.738317757009346,0.00787978742899029,0,0.000183250870441635,0.00513102437236577,0.248488180318857
224273.411807,2707366.126422,0.723986052486695,0.000917599559552211,0,0,0,0.275096347953753
214773.411807,2706866.126422,0,0.0397435897435897,0.572344322344322,0.348351648351648,0.0102564102564103,0.0293040293040293
215273.411807,2706866.126422,0.108256880733945,0.250275229357798,0.128440366972477,0.131559633027523,0.0396330275229358,0.341834862385321
215773.411807,2706866.126422,0.00403595670519171,0.532379379930288,0,0.00165107319757843,0.00843881856540084,0.453494771601541
216273.411807,2706866.126422,0.106959706959707,0.0512820512820513,0.000183150183150183,0.130586080586081,0.106776556776557,0.604212454212454
216773.411807,2706866.126422,0.0363302752293578,0.00422018348623853,0,0,0.00807339449541284,0.951376146788991
217273.411807,2706866.126422,0.0926435516419006,0.235186204366171,0.00220143093010457,0.00366905155017428,0.0299027701339204,0.636396991377729
217773.411807,2706866.126422,0.452564102564103,0.0307692307692308,0.00695970695970696,0.0232600732600733,0.0578754578754579,0.428571428571429
218273.411807,2706866.126422,0.240366972477064,0.0209174311926606,0,0.00238532110091743,0.0122935779816514,0.724036697247706
218773.411807,2706866.126422,0.198679141441937,0.0203632361034673,0,0.00513667217024399,0.02568336085122,0.750137589433132
219273.411807,2706866.126422,0.168681318681319,0.0525641025641026,0,0.00805860805860806,0.0340659340659341,0.736630036630037
219773.411807,2706866.126422,0.193577981651376,0.0678899082568807,0,0.00880733944954129,0.0691743119266055,0.660550458715596
220273.411807,2706866.126422,0.141808842414236,0.106035589800037,0.000183452577508714,0.010273344340488,0.0480645753072831,0.693634195560448
220773.411807,2706866.126422,0.0397435897435897,0.286813186813187,0,0.0126373626373626,0.0468864468864469,0.613919413919414
221273.411807,2706866.126422,0.149724770642202,0.112477064220183,0,0.0100917431192661,0.0377981651376147,0.689908256880734
221773.411807,2706866.126422,0.51348376444689,0.0106402494955054,0,0.001284168042561,0.00825536598789213,0.466336452027151
222273.411807,2706866.126422,0.479304029304029,0.00164835164835165,0,0.000183150183150183,0.00604395604395604,0.512820512820513
222773.411807,2706866.126422,0.69394495412844,0.00146788990825688,0,0,0.00036697247706422,0.304220183486239
223273.411807,2706866.126422,0.70610897083104,0.00110071546505228,0,0,0.001284168042561,0.291506145661347
223773.411807,2706866.126422,0.766300366300366,0,0,0,0,0.233699633699634
224273.411807,2706866.126422,0.520917431192661,0.00422018348623853,0,0.00036697247706422,0.00128440366972477,0.473211009174312
214773.411807,2706366.126422,0.0467546754675468,0.202786945361203,0.0715071507150715,0.48038137147048,0.0601393472680601,0.138430509717638
215273.411807,2706366.126422,0.0641025641025641,0.494322344322344,0.00567765567765568,0.0745421245421245,0.0472527472527473,0.314102564102564
215773.411807,2706366.126422,0.0597069597069597,0.402747252747253,0.000183150183150183,0.0978021978021978,0.0893772893772894,0.35018315018315
216273.411807,2706366.126422,0.0760909424275761,0.152548588192153,0,0.0394206087275394,0.0518885221855519,0.68005133846718
216773.411807,2706366.126422,0.0181318681318681,0.0261904761904762,0,0,0.00164835164835165,0.954029304029304
217273.411807,2706366.126422,0.207142857142857,0.0734432234432234,0.00897435897435897,0.0108058608058608,0.0761904761904762,0.623443223443223
217773.411807,2706366.126422,0.418408507517418,0.00605060506050605,0.000916758342500917,0.00201686835350202,0.0113678034470114,0.561239457279061
218273.411807,2706366.126422,0.297985347985348,0.00494505494505494,0,0,0.00842490842490842,0.688644688644689
218773.411807,2706366.126422,0.123992673992674,0.0100732600732601,0,0.0564102564102564,0.0492673992673993,0.76025641025641
219273.411807,2706366.126422,0.132746607994133,0.0498716538320499,0,0.0603226989365603,0.112394572790612,0.644664466446645
219773.411807,2706366.126422,0.42967032967033,0.00146520146520147,0,0.000183150183150183,0.00311355311355311,0.565567765567766
220273.411807,2706366.126422,0.410622710622711,0.00238095238095238,0,0.0010989010989011,0.0201465201465201,0.565750915750916
220773.411807,2706366.126422,0.157865786578658,0.108727539420609,0,0.000183351668500183,0.0115511551155116,0.721672167216722
221273.411807,2706366.126422,0.0974358974358974,0.206959706959707,0.000183150183150183,0.00934065934065934,0.0608058608058608,0.625274725274725
221773.411807,2706366.126422,0.316666666666667,0.176373626373626,0,0.0238095238095238,0.0591575091575092,0.423992673992674
222273.411807,2706366.126422,0.277777777777778,0.212321232123212,0.00055005500550055,0.00403373670700403,0.0429042904290429,0.462412907957462
222773.411807,2706366.126422,0.412271062271062,0.150732600732601,0,0.000366300366300366,0.0152014652014652,0.421428571428571
223273.411807,2706366.126422,0.511904761904762,0.000366300366300366,0,0.000366300366300366,0.0104395604395604,0.476923076923077
223773.411807,2706366.126422,0.617345067840117,0.0022002200220022,0,0.000366703337000367,0.00495049504950495,0.375137513751375
224273.411807,2706366.126422,0.622893772893773,0.000549450549450549,0,0.000183150183150183,0.00128205128205128,0.375091575091575
214273.411807,2705866.126422,0.11589950485971,0.0918760315422703,0.152393178067119,0.217311571611957,0.128553090042179,0.293966623876765
214773.411807,2705866.126422,0.124060839288987,0.264431006047279,0,0.122411581455012,0.195711929631666,0.293384643577057
215273.411807,2705866.126422,0.019086070838686,0.527619746742522,0.00679023674068636,0.0214718296935217,0.0150486327766563,0.409983483207928
215773.411807,2705866.126422,0.122501375389694,0.14799193104713,0.000183385292499542,0.116266275444709,0.139372822299652,0.473684210526316
216273.411807,2705866.126422,0.130657870624885,0.0148433205057724,0.0047645226314825,0.0324354040681693,0.0663368150998717,0.750962067069819
216773.411807,2705866.126422,0.133051936135071,0.0339511837034318,0,0.00642319691686548,0.0458799779776106,0.780693705267021
217273.411807,2705866.126422,0.224830368604438,0.186136071887035,0.0154043645699615,0.0210893086374473,0.0689528699798276,0.483587016321291
217773.411807,2705866.126422,0.277808319589518,0.0120945574491479,0,0.0137438152831226,0.0368334249587686,0.659519882719443
218273.411807,2705866.126422,0.151036887502294,0.0110111947146265,0.00146815929528354,0.0178014314553129,0.051018535511103,0.76766379152138
218773.411807,2705866.126422,0.156794425087108,0.00348432055749129,0,0.0106363469649734,0.0141206675224647,0.814964239867963
219273.411807,2705866.126422,0.108667766171889,0.0172255818215137,0.000183250870441635,0.0601062855048561,0.12552684625252,0.68829026937878
219773.411807,2705866.126422,0.367590383556616,0.0245916681959993,0,0.00605615709304459,0.0530372545421178,0.548724536612222
220273.411807,2705866.126422,0.670456629378324,0.00843572345497891,0,0.000733541169998166,0.0210893086374473,0.299284797359252
220773.411807,2705866.126422,0.414696719809419,0.0174088326919553,0,0.00183250870441635,0.0271211288253619,0.538940809968847
221273.411807,2705866.126422,0.109010827674803,0.106074509084236,0,0.0034868783262984,0.079647641769132,0.701780143145531
221773.411807,2705866.126422,0.600586832935999,0.0678525582248304,0,0.00238400880249404,0.0289748762149276,0.300201723821749
222273.411807,2705866.126422,0.553600879604178,0.00109950522264981,0,0,0.00348176653839106,0.441817848634781
222773.411807,2705866.126422,0.188291429620114,0.0981831528720866,0.00146815929528354,0.0047715177096715,0.0300972655533125,0.677188474949532
223273.411807,2705866.126422,0.348615441041628,0.0893086374472767,0,0.000550155877498625,0.0100861910874748,0.551439574546121
223773.411807,2705866.126422,0.662085394905626,0.000366501740883269,0,0,0.000366501740883269,0.337181601612608
224273.411807,2705866.126422,0.618829142962011,0.0012846393833731,0,0,0.00220223894292531,0.37768397871169
213773.411807,2705366.126422,0.0871559633027523,0.0548623853211009,0.228256880733945,0.224954128440367,0.0908256880733945,0.31394495412844
214273.411807,2705366.126422,0.0498991010823702,0.366354797284902,0.002568336085122,0.0629242340854889,0.10842047330765,0.409833058154467
214773.411807,2705366.126422,0.0278388278388278,0.484981684981685,0,0.0465201465201465,0.0641025641025641,0.376556776556777
215273.411807,2705366.126422,0.0255045871559633,0.229908256880734,0,0.115412844036697,0.0585321100917431,0.570642201834862
215773.411807,2705366.126422,0.41221794166208,0.076316272243625,0,0.01284168042561,0.0662263804806457,0.432397725188039
216273.411807,2705366.126422,0.280586080586081,0.00183150183150183,0,0.00274725274725275,0.0249084249084249,0.68992673992674
216773.411807,2705366.126422,0.144036697247706,0.0163302752293578,0,0.0036697247706422,0.0508256880733945,0.785137614678899
217273.411807,2705366.126422,0.245826453861677,0.0196294257934324,0.00201797835259585,0.0423775454045129,0.0708126949183636,0.619335901669418
217773.411807,2705366.126422,0.108241758241758,0.0613553113553114,0,0,0.00146520146520147,0.828937728937729
218273.411807,2705366.126422,0.306422018348624,0.107889908256881,0,0,0.0143119266055046,0.571376146788991
218773.411807,2705366.126422,0.216290588882774,0.0618235186204366,0,0.0521005320124748,0.0418271876719868,0.627958172812328
219273.411807,2705366.126422,0.332051282051282,0.00989010989010989,0,0.000732600732600733,0.00494505494505494,0.652380952380952
219773.411807,2705366.126422,0.122752293577982,0.0447706422018349,0,0.0469724770642202,0.154128440366972,0.631376146788991
220273.411807,2705366.126422,0.36525408181985,0.00880572372041827,0,0.0148596587782058,0.103834158869932,0.507246376811594
220773.411807,2705366.126422,0.394871794871795,0.00549450549450549,0,0.000183150183150183,0.0139194139194139,0.585531135531136
221273.411807,2705366.126422,0.279449541284404,0.26954128440367,0,0.00238532110091743,0.0251376146788991,0.42348623853211
221773.411807,2705366.126422,0.412768299394607,0.0388919464318474,0,0.0137589433131535,0.068611263988259,0.465969546872134
222273.411807,2705366.126422,0.732051282051282,0.00915750915750916,0.000732600732600733,0.00402930402930403,0.0106227106227106,0.243406593406593
222773.411807,2705366.126422,0.426605504587156,0.0209174311926606,0,0.00018348623853211,0.00660550458715596,0.545688073394495
223273.411807,2705366.126422,0.390203632361035,0.0616400660429279,0,0.00201797835259585,0.024399192808659,0.521739130434783
223773.411807,2705366.126422,0.496520146520147,0.0608058608058608,0,0.00146520146520147,0.0106227106227106,0.430586080586081
224273.411807,2705366.126422,0.726422018348624,0.00018348623853211,0,0,0,0.273394495412844
213273.411807,2704866.126422,0.00898423175650898,0.16978364503117,0.178951228456179,0.186835350201687,0.0212687935460213,0.434176751008434
213773.411807,2704866.126422,0.0514652014652015,0.246886446886447,0.00494505494505494,0.120512820512821,0.0954212454212454,0.480769230769231
214273.411807,2704866.126422,0.0600732600732601,0.283150183150183,0,0.0523809523809524,0.13040293040293,0.473992673992674
214773.411807,2704866.126422,0.0689402273560689,0.271910524385772,0.00623395672900623,0.218005133846718,0.143564356435644,0.291345801246791
215273.411807,2704866.126422,0.0994505494505494,0.197252747252747,0.00695970695970696,0.204945054945055,0.125641025641026,0.365750915750916
215773.411807,2704866.126422,0.469047619047619,0.0377289377289377,0,0.000549450549450549,0.00549450549450549,0.487179487179487
216273.411807,2704866.126422,0.318481848184819,0.00385038503850385,0,0.00146681334800147,0.00825082508250825,0.667950128346168
216773.411807,2704866.126422,0.339377289377289,0.00512820512820513,0,0.00238095238095238,0.0141025641025641,0.639010989010989
217273.411807,2704866.126422,0.383699633699634,0.0137362637362637,0.00421245421245421,0.0415750915750916,0.0547619047619048,0.502014652014652
217773.411807,2704866.126422,0.313531353135314,0.0357535753575358,0.00843417675100843,0.0911257792445911,0.101210121012101,0.44994499449945
218273.411807,2704866.126422,0.343772893772894,0.0507326007326007,0.00366300366300366,0.0137362637362637,0.0188644688644689,0.569230769230769
218773.411807,2704866.126422,0.492673992673993,0.0206959706959707,0,0.000366300366300366,0.0175824175824176,0.468681318681319
219273.411807,2704866.126422,0.291712504583792,0.0225522552255226,0.000916758342500917,0.00495049504950495,0.030986431976531,0.648881554822149
219773.411807,2704866.126422,0.146336996336996,0.0518315018315018,0.000183150183150183,0.021978021978022,0.0567765567765568,0.722893772893773
220273.411807,2704866.126422,0.112637362637363,0.0234432234432234,0.00128205128205128,0.0518315018315018,0.156593406593407,0.654212454212454
220773.411807,2704866.126422,0.260909424275761,0.0705903923725706,0,0.0022002200220022,0.0234690135680235,0.642830949761643
221273.411807,2704866.126422,0.171245421245421,0.394688644688645,0,0.00146520146520147,0.0173992673992674,0.415201465201465
221773.411807,2704866.126422,0.247802197802198,0.13040293040293,0,0.0128205128205128,0.0776556776556777,0.531318681318681
222273.411807,2704866.126422,0.425375870920425,0.0273193986065273,0.0011001100110011,0.0155848918225156,0.0278694536120279,0.502750275027503
222773.411807,2704866.126422,0.573626373626374,0.00604395604395604,0,0.000549450549450549,0.00732600732600733,0.412454212454212
223273.411807,2704866.126422,0.690659340659341,0.0252747252747253,0,0,0,0.284065934065934
223773.411807,2704866.126422,0.44041070773744,0.0177851118445178,0,0.000366703337000367,0.013017968463513,0.528419508617528
224273.411807,2704866.126422,0.572161172161172,0.000549450549450549,0,0,0,0.427289377289377
212773.411807,2704366.126422,0.00586832935998533,0.122317990097194,0.301118650284247,0.268292682926829,0.0364936732074088,0.265908674124335
213273.411807,2704366.126422,0.0527762506871908,0.234744365035734,0,0.168224299065421,0.172805570826461,0.371449514385193
213773.411807,2704366.126422,0.0343182235272527,0.325931363552945,0.00183519911910442,0.0941457148100569,0.0853367590383557,0.458432739952285
214273.411807,2704366.126422,0.0212726939299468,0.361085640931597,0.00183385292499542,0.172748945534568,0.0937098844672657,0.349348982211627
214773.411807,2704366.126422,0.0560747663551402,0.0637713029136888,0.0053142752428074,0.602895363752978,0.175554333883086,0.0963899578522998
215273.411807,2704366.126422,0.140759772435309,0.102037071022206,0,0.17030647825289,0.171407597724353,0.415489080565241
215773.411807,2704366.126422,0.309004217861727,0.0377773702549056,0,0.022006235099945,0.0425453878598936,0.588666788923528
216273.411807,2704366.126422,0.202125710097123,0.0291368884002199,0.000183250870441635,0.15136521898479,0.193146417445483,0.424042514201942
216773.411807,2704366.126422,0.217471095613874,0.0748761240594605,0.000367039823820885,0.0324830244081483,0.133602495870802,0.541200220223894
217273.411807,2704366.126422,0.376856776086558,0.0207225380524482,0,0.00843572345497891,0.035209976159912,0.558774986246103
217773.411807,2704366.126422,0.394539124060839,0.0117280557082646,0.00109950522264981,0.125160344511636,0.0736668499175371,0.393806120579073
218273.411807,2704366.126422,0.463204257661956,0.00110111947146265,0.00165167920719398,0.000734079647641769,0.0102771150669848,0.52303174894476
218773.411807,2704366.126422,0.417751696313956,0.0498807995598753,0.000183385292499542,0.00311754997249221,0.0179717586649551,0.511094810196222
219273.411807,2704366.126422,0.427341029869892,0.015026571376214,0,0.000549752611324904,0.0053142752428074,0.551768370899762
219773.411807,2704366.126422,0.322077445402826,0.0194531106625069,0,0.000734079647641769,0.0192695907505964,0.638465773536429
220273.411807,2704366.126422,0.17183201907207,0.04401247019989,0,0.0988446726572529,0.125068769484687,0.560242068586099
220773.411807,2704366.126422,0.0991387209089243,0.0769653655854865,0.000916254352208173,0.105552501374382,0.170056807769837,0.547370350009163
221273.411807,2704366.126422,0.427050835015599,0.0409249403560286,0,0.00293631859056708,0.0167003119838502,0.512387594053955
221773.411807,2704366.126422,0.122684760682193,0.226480836236934,0,0.0137538969374656,0.0817898404547955,0.555290665688612
222273.411807,2704366.126422,0.299248671431189,0.0192413413963716,0.000733003481766538,0.00183250870441635,0.0271211288253619,0.651823346160894
222773.411807,2704366.126422,0.555698293264819,0.00513855753349238,0.000183519911910442,0.0135804734813727,0.0249587080198202,0.400440447788585
223273.411807,2704366.126422,0.738309187603154,0.0022006235099945,0,0,0.0075187969924812,0.25197139189437
223773.411807,2704366.126422,0.513102437236577,0.000733003481766538,0,0,0,0.486164559281657
224273.411807,2704366.126422,0.57276564507249,0.0132134336575518,0.000183519911910442,0.000183519911910442,0.00458799779776106,0.409065883648376
212273.411807,2703866.126422,0.153761467889908,0.148440366972477,0.0348623853211009,0.096697247706422,0.0673394495412844,0.498899082568807
212773.411807,2703866.126422,0.0757659145110989,0.471106219042378,0.00642084021280499,0.01284168042561,0.0653091175931022,0.368556228215006
213273.411807,2703866.126422,0.0736263736263736,0.343040293040293,0.00128205128205128,0.0862637362637363,0.0688644688644689,0.426923076923077
213773.411807,2703866.126422,0.0295412844036697,0.495963302752294,0,0.0390825688073395,0.0620183486238532,0.373394495412844
214273.411807,2703866.126422,0.0803522289488167,0.206200697119795,0.00201797835259585,0.246193359016694,0.157769216657494,0.307466519904605
214773.411807,2703866.126422,0.0478021978021978,0.0351648351648352,0.00494505494505494,0.721978021978022,0.126556776556777,0.0635531135531135
215273.411807,2703866.126422,0.0858715596330275,0.0844036697247706,0.00073394495412844,0.410091743119266,0.161100917431193,0.257798165137615
215773.411807,2703866.126422,0.12272977435333,0.0957622454595487,0.00238488350761328,0.093010456796918,0.129884424876169,0.556228215006421
216273.411807,2703866.126422,0.0716117216117216,0.271245421245421,0.000183150183150183,0.0100732600732601,0.0406593406593407,0.606227106227106
216773.411807,2703866.126422,0.0930275229357798,0.231376146788991,0,0.0335779816513761,0.0689908256880734,0.57302752293578
217273.411807,2703866.126422,0.300495321959274,0.134287286736379,0,0.0119244175380664,0.0509998165474225,0.502293157218859
217773.411807,2703866.126422,0.295787545787546,0.0844322344322344,0.0736263736263736,0.0318681318681319,0.0576923076923077,0.456593406593407
218273.411807,2703866.126422,0.464587155963303,0.0462385321100917,0,0.0411009174311927,0.162752293577982,0.285321100917431
218773.411807,2703866.126422,0.632911392405063,0.00825536598789213,0,0.0148596587782058,0.0513667217024399,0.292606861126399
219273.411807,2703866.126422,0.55,0.0139194139194139,0,0,0.0161172161172161,0.41996336996337
219773.411807,2703866.126422,0.462935779816514,0.0148623853211009,0,0.00348623853211009,0.023302752293578,0.495412844036697
220273.411807,2703866.126422,0.232984773436067,0.0343056319941295,0,0.0210970464135021,0.0645753072830673,0.647037240873234
220773.411807,2703866.126422,0.275274725274725,0.0184981684981685,0,0.00970695970695971,0.0692307692307692,0.627289377289377
221273.411807,2703866.126422,0.571192660550459,0.0073394495412844,0,0.000917431192660551,0.0159633027522936,0.404587155963303
221773.411807,2703866.126422,0.297560080719134,0.270959456980371,0,0,0.000550357732526142,0.430930104567969
222273.411807,2703866.126422,0.308424908424908,0.102380952380952,0,0.0108058608058608,0.0701465201465201,0.508241758241758
222773.411807,2703866.126422,0.667706422018349,0.00311926605504587,0,0.00348623853211009,0.0201834862385321,0.305504587155963
223273.411807,2703866.126422,0.825720051366722,0.000733810310034856,0,0.00091726288754357,0.00165107319757843,0.170977802238121
223773.411807,2703866.126422,0.711904761904762,0.00311355311355311,0,0.0010989010989011,0.0157509157509158,0.268131868131868
224273.411807,2703866.126422,0.531743119266055,0.00165137614678899,0,0.00073394495412844,0.0055045871559633,0.460366972477064
212273.411807,2703366.126422,0.0697802197802198,0.484615384615385,0.00201465201465201,0.00659340659340659,0.052014652014652,0.384981684981685
212773.411807,2703366.126422,0.0157509157509158,0.607692307692308,0.00238095238095238,0.103846153846154,0.0604395604395604,0.20989010989011
213273.411807,2703366.126422,0.0205353868720205,0.597909790979098,0.000366703337000367,0.0520718738540521,0.0482214888155482,0.280894756142281
213773.411807,2703366.126422,0.0276556776556777,0.425091575091575,0.00622710622710623,0.0217948717948718,0.0842490842490843,0.434981684981685
214273.411807,2703366.126422,0.063003663003663,0.113736263736264,0.000732600732600733,0.367765567765568,0.200915750915751,0.253846153846154
214773.411807,2703366.126422,0.0507884121745508,0.306930693069307,0.000366703337000367,0.172350568390172,0.125412541254125,0.344151081774844
215273.411807,2703366.126422,0.089010989010989,0.0886446886446886,0.000366300366300366,0.385164835164835,0.203296703296703,0.233516483516484
215773.411807,2703366.126422,0.0512820512820513,0.16978021978022,0.000915750915750916,0.145970695970696,0.207326007326007,0.424725274725275
216273.411807,2703366.126422,0.0694902823615695,0.323432343234323,0,0.0232856618995233,0.037953795379538,0.545837917125046
216773.411807,2703366.126422,0.157875457875458,0.205494505494505,0,0.0119047619047619,0.056959706959707,0.567765567765568
217273.411807,2703366.126422,0.313919413919414,0.0714285714285714,0,0.00164835164835165,0.0120879120879121,0.600915750915751
217773.411807,2703366.126422,0.357535753575358,0.0201686835350202,0,0.0451045104510451,0.101576824349102,0.475614228089476
218273.411807,2703366.126422,0.328754578754579,0.0265567765567766,0,0.0113553113553114,0.0375457875457875,0.595787545787546
218773.411807,2703366.126422,0.340659340659341,0.0344322344322344,0,0.028021978021978,0.0902930402930403,0.506593406593407
219273.411807,2703366.126422,0.470847084708471,0.0113678034470114,0.00293362669600293,0.00531719838650532,0.0258525852585259,0.483681701503484
219773.411807,2703366.126422,0.633699633699634,0.000549450549450549,0,0.000366300366300366,0.0021978021978022,0.363186813186813
220273.411807,2703366.126422,0.551831501831502,0.00402930402930403,0.000915750915750916,0.000549450549450549,0.00622710622710623,0.436446886446886
220773.411807,2703366.126422,0.49028236156949,0.0196186285295196,0,0.000733406674000733,0.00586725339200587,0.483498349834984
221273.411807,2703366.126422,0.351465201465201,0.0141025641025641,0,0.00641025641025641,0.028021978021978,0.6
221773.411807,2703366.126422,0.350915750915751,0.043040293040293,0,0.0206959706959707,0.0351648351648352,0.55018315018315
222273.411807,2703366.126422,0.247708104143748,0.0971763843050972,0,0.00403373670700403,0.0443711037770444,0.606710671067107
222773.411807,2703366.126422,0.667582417582418,0.000915750915750916,0,0,0.000732600732600733,0.330769230769231
223273.411807,2703366.126422,0.738827838827839,0.00769230769230769,0,0,0.000549450549450549,0.252930402930403
223773.411807,2703366.126422,0.72038870553722,0,0,0,0,0.27961129446278
224273.411807,2703366.126422,0.6496336996337,0.0010989010989011,0,0,0.0126373626373626,0.336630036630037
212273.411807,2702866.126422,0.0225729491649844,0.523949348504313,0.00256927876674619,0.0820334006239677,0.07469260414755,0.294182418792439
212773.411807,2702866.126422,0.0295250320924262,0.411699981661471,0.00348432055749129,0.0720704199523198,0.101595452044746,0.381624793691546
213273.411807,2702866.126422,0.021073850100788,0.65805387575591,0,0.0480117280557083,0.0441634597764339,0.22869708631116
213773.411807,2702866.126422,0.0968985134887135,0.335841438796109,0.00165167920719398,0.0488162965681776,0.112681225913012,0.404110846026794
214273.411807,2702866.126422,0.0557491289198606,0.136438657619659,0.000183385292499542,0.378874014304053,0.211626627544471,0.217128186319457
214773.411807,2702866.126422,0.0930914421843504,0.373648524830493,0,0.0164925783397471,0.0370166758292102,0.479750778816199
215273.411807,2702866.126422,0.0423930996513122,0.462653697926225,0,0.0104606349788952,0.0337676637915214,0.450724903652046
215773.411807,2702866.126422,0.114432422519714,0.0909591050797726,0,0.282780121034293,0.293416467999266,0.218411883366954
216273.411807,2702866.126422,0.0414146967198094,0.540040315191497,0,0.0536925050393989,0.0872274143302181,0.277625068719076
216773.411807,2702866.126422,0.0693705267021472,0.492016883831896,0.00146815929528354,0.0179849513672233,0.0532207744540283,0.365938704349422
217273.411807,2702866.126422,0.476251604621309,0.0289748762149276,0,0.00146708233999633,0.010819732257473,0.482486704566294
217773.411807,2702866.126422,0.387209089243174,0.0573575224482316,0.000366501740883269,0.0236393622869709,0.068719076415613,0.462708447865127
218273.411807,2702866.126422,0.646540649660488,0.000917599559552211,0,0,0.00275279867865663,0.349788952101303
218773.411807,2702866.126422,0.408582431688979,0.0430955437373923,0,0.00898587933247754,0.0480469466348799,0.491289198606272
219273.411807,2702866.126422,0.416712479384277,0.0131940626717977,0,0.0256551218618288,0.036100421477002,0.508337914605094
219773.411807,2702866.126422,0.477702330702881,0.0126628739218205,0,0.00256927876674619,0.0229399889888053,0.484125527619747
