"x","y","forest","agri","water","built","other","grass"
288273.411807,2696366.126422,0.860220994475138,0.0348066298342541,0.0394106813996317,0.00755064456721915,0.0443830570902394,0.0136279926335175
288773.411807,2696366.126422,0.735229357798165,0.0403669724770642,0.191192660550459,0.00311926605504587,0.0264220183486239,0.0036697247706422
289273.411807,2696366.126422,0.825169693634196,0.0311869381764814,0.0467804072647221,0.00715465052283985,0.0398092093193909,0.0498991010823702
289773.411807,2696366.126422,0.965384615384615,0.000549450549450549,0,0.00128205128205128,0.0032967032967033,0.0294871794871795
290273.411807,2696366.126422,0.958348623853211,0.0132110091743119,0,0,0,0.0284403669724771
290773.411807,2696366.126422,1,0,0,0,0,0
291273.411807,2696366.126422,0.994871794871795,0,0,0,0,0.00512820512820513
291773.411807,2696366.126422,0.96348623853211,0.00330275229357798,0,0,0.00018348623853211,0.0330275229357798
292273.411807,2696366.126422,0.863144377178499,0.0381581361218125,0.00440286186020914,0.000366905155017428,0.00770500825536599,0.0862227114290956
292773.411807,2696366.126422,0.803113553113553,0.0245421245421245,0.00457875457875458,0.00146520146520147,0.0148351648351648,0.151465201465201
293273.411807,2696366.126422,0.762385321100917,0.0313761467889908,0.0403669724770642,0.00348623853211009,0.0185321100917431,0.143853211009174
293773.411807,2696366.126422,0.896716198862594,0.0489818381948266,0.0130251330031187,0.00201797835259585,0.00807191341038342,0.0311869381764814
294273.411807,2696366.126422,0.908974358974359,0.0492673992673993,0.019047619047619,0.000183150183150183,0.00421245421245421,0.0183150183150183
294773.411807,2696366.126422,0.199082568807339,0.308990825688073,0.0310091743119266,0.268256880733945,0.0398165137614679,0.152844036697248
295273.411807,2696366.126422,0.292973766281416,0.305448541552009,0,0.19115758576408,0.0410933773619519,0.169326729040543
295773.411807,2696366.126422,0.881684981684982,0.0791208791208791,0.00347985347985348,0.000549450549450549,0.0010989010989011,0.0340659340659341
296273.411807,2696366.126422,0.839082568807339,0.11394495412844,0.00770642201834862,0.0036697247706422,0.0174311926605505,0.0181651376146789
296773.411807,2696366.126422,0.937075765914511,0.0388919464318474,0.00642084021280499,0.000550357732526142,0.00605393505778756,0.0110071546505228
297273.411807,2696366.126422,0.967765567765568,0.0161172161172161,0,0,0.000549450549450549,0.0155677655677656
297773.411807,2696366.126422,0.923853211009174,0.0321100917431193,0.00385321100917431,0.00110091743119266,0.00458715596330275,0.0344954128440367
298273.411807,2696366.126422,0.811043845166025,0.0515501742799486,0.0898917629792699,0.011557512383049,0.0240322876536415,0.0119244175380664
298773.411807,2696366.126422,0.952930402930403,0.0206959706959707,0.00531135531135531,0.00347985347985348,0.00824175824175824,0.00934065934065934
299273.411807,2696366.126422,0.891926605504587,0.0291743119266055,0.00605504587155963,0.00697247706422018,0.0126605504587156,0.0532110091743119
299773.411807,2696366.126422,0.997798569069895,0,0,0,0,0.00220143093010457
300273.411807,2696366.126422,0.951098901098901,0.0340659340659341,0.00531135531135531,0,0,0.00952380952380952
300773.411807,2696366.126422,0.97595818815331,0.018815331010453,0,0,0,0.00522648083623693
288273.411807,2695866.126422,0.746312684365782,0.0318952802359882,0.0523598820058997,0.00460914454277286,0.0199115044247788,0.144911504424779
288773.411807,2695866.126422,0.755494505494505,0.017032967032967,0.0397435897435897,0.00824175824175824,0.0408424908424908,0.138644688644689
289273.411807,2695866.126422,0.946703296703297,0,0,0,0,0.0532967032967033
289773.411807,2695866.126422,0.881554822148882,0.0357535753575358,0.0033003300330033,0.0452878621195453,0.00843417675100843,0.0256692335900257
290273.411807,2695866.126422,0.883516483516483,0.0371794871794872,0.00201465201465201,0.00549450549450549,0.0225274725274725,0.0492673992673993
290773.411807,2695866.126422,0.896520146520147,0.0276556776556777,0.00164835164835165,0.00805860805860806,0.0313186813186813,0.0347985347985348
291273.411807,2695866.126422,0.974514118078475,0.00715071507150715,0.00055005500550055,0,0.000733406674000733,0.0170517051705171
291773.411807,2695866.126422,0.893956043956044,0.0338827838827839,0.0712454212454212,0,0.000915750915750916,0
292273.411807,2695866.126422,0.770879120879121,0.0791208791208791,0.116849816849817,0.00183150183150183,0.0194139194139194,0.0119047619047619
292773.411807,2695866.126422,0.878071140447378,0.0115511551155116,0.00165016501650165,0.000916758342500917,0.00898423175650898,0.0988265493215988
293273.411807,2695866.126422,0.456593406593407,0.000366300366300366,0,0.000366300366300366,0.00622710622710623,0.536446886446886
293773.411807,2695866.126422,0.438095238095238,0.0214285714285714,0.0833333333333333,0.0115384615384615,0.0282051282051282,0.417399267399267
294273.411807,2695866.126422,0.411257792445911,0.145031169783645,0.36010267693436,0.0124679134580125,0.0141180784745141,0.057022368903557
294773.411807,2695866.126422,0.142857142857143,0.0813186813186813,0.163919413919414,0.0688644688644689,0.101648351648352,0.441391941391941
295273.411807,2695866.126422,0.0893772893772894,0.108608058608059,0.0263736263736264,0.102014652014652,0.154029304029304,0.51959706959707
295773.411807,2695866.126422,0.411257792445911,0.0933259992665933,0.0744407774110744,0.0357535753575358,0.0960762742940961,0.289145581224789
296273.411807,2695866.126422,0.756593406593407,0.0816849816849817,0.0545787545787546,0.00677655677655678,0.0357142857142857,0.0646520146520147
296773.411807,2695866.126422,0.951648351648352,0.00879120879120879,0.000549450549450549,0.00201465201465201,0.0106227106227106,0.0263736263736264
297273.411807,2695866.126422,0.896773010634397,0.0381371470480381,0.00366703337000367,0.00495049504950495,0.0302530253025303,0.0262192885955262
297773.411807,2695866.126422,0.948717948717949,0.00842490842490842,0.000549450549450549,0.00366300366300366,0.0137362637362637,0.0249084249084249
298273.411807,2695866.126422,0.8,0.00128205128205128,0.00256410256410256,0.00274725274725275,0.0155677655677656,0.177838827838828
298773.411807,2695866.126422,0.780894756142281,0.0044004400440044,0.00055005500550055,0.00128346167950128,0.0033003300330033,0.20957095709571
299273.411807,2695866.126422,0.916300366300366,0.0139194139194139,0.00695970695970696,0.00476190476190476,0.0179487179487179,0.0401098901098901
299773.411807,2695866.126422,0.814102564102564,0.05,0.0833333333333333,0.0032967032967033,0.0326007326007326,0.0166666666666667
300273.411807,2695866.126422,0.830949761642831,0.0320865419875321,0.102860286028603,0.00751741840850752,0.0265859919325266,0
300773.411807,2695866.126422,0.780250347705146,0.0347705146036161,0.0907510431154381,0.0173852573018081,0.0761474269819193,0.000695410292072323
288273.411807,2695366.126422,0.8361894232541,0.0106873042196425,0,0.000184263865855906,0.00350101345126221,0.14943799520914
288773.411807,2695366.126422,0.948797944576987,0,0,0,0,0.0512020554230134
289273.411807,2695366.126422,0.954703832752613,0.00641848523748395,0,0.00183385292499542,0.00880249403997799,0.0282413350449294
289773.411807,2695366.126422,1,0,0,0,0,0
290273.411807,2695366.126422,0.951000183519912,0.00697375665259681,0,0.000183519911910442,0.00935951550743256,0.0324830244081483
290773.411807,2695366.126422,0.99578213827251,0,0,0,0.000366770584999083,0.00385109114249037
291273.411807,2695366.126422,0.936595198827194,0.0218068535825545,0.00201575957485798,0.00274876305662452,0.0153930731170973,0.0214403518416712
291773.411807,2695366.126422,0.866581024041108,0.0308313452009543,0.0135804734813727,0.00110111947146265,0.0271609469627455,0.0607450908423564
292273.411807,2695366.126422,0.967540803227581,0.00146708233999633,0,0.000183385292499542,0.000366770584999083,0.0304419585549239
292773.411807,2695366.126422,0.955286787612241,0.0104452996151732,0,0,0.000183250870441635,0.034084661902144
293273.411807,2695366.126422,0.944026426867315,0.00844191594788034,0.000183519911910442,0.000183519911910442,0.00385391815011929,0.0433106992108644
293773.411807,2695366.126422,0.951402897487622,0.0236567027324409,0.00880249403997799,0.000183385292499542,0.00165046763249587,0.0143040528149642
294273.411807,2695366.126422,0.349276159061756,0.185999633498259,0.374931280923584,0.000549752611324904,0.0148433205057724,0.0743998533993036
294773.411807,2695366.126422,0.00770783630023858,0.0647825289043861,0.102404110846027,0.305560653330886,0.177830794641219,0.341714075977244
295273.411807,2695366.126422,0.0265908674124335,0.0320924261874198,0.0104529616724739,0.319273794241702,0.18796992481203,0.423620025673941
295773.411807,2695366.126422,0.187099138720909,0.0172255818215137,0.03811618105186,0.557265897013011,0.0703683342495877,0.129924867143119
296273.411807,2695366.126422,0.714259497155441,0.0100935951550743,0.00220223894292531,0.047715177096715,0.0425766195632226,0.183152872086621
296773.411807,2695366.126422,0.86796258940033,0.0238400880249404,0.0066018705299835,0.00311754997249221,0.0249403997799376,0.0735375022923162
297273.411807,2695366.126422,0.954370533260033,0.00513102437236577,0.00183250870441635,0.000366501740883269,0.009529045262965,0.0287703866593366
297773.411807,2695366.126422,0.908056524132868,0.0211047898697009,0.0400073407964764,0.000917599559552211,0.0152321526885667,0.0146815929528354
298273.411807,2695366.126422,0.225563909774436,0.00238400880249404,0,0.000366770584999083,0.00330093526499175,0.768384375573079
298773.411807,2695366.126422,0.467656221367051,0.00109950522264981,0,0.000549752611324904,0.000549752611324904,0.530144768187649
299273.411807,2695366.126422,0.916681959992659,0.00532207744540283,0.00275279867865663,0.00201871903101487,0.0137639933932832,0.0594604514589833
299773.411807,2695366.126422,0.854575463047864,0.0141206675224647,0.0735375022923162,0.00348432055749129,0.0286081056299285,0.0256739409499358
300273.411807,2695366.126422,0.904892798240792,0.00403151914971596,0.017042330951072,0.000733003481766538,0.0117280557082646,0.0615722924683892
300773.411807,2695366.126422,0.991977677014301,0,0,0.000348796651552145,0.000348796651552145,0.00732472968259505
288273.411807,2694866.126422,0.360220994475138,0.0532228360957643,0.190423572744015,0.259484346224678,0.0705340699815838,0.0661141804788214
288773.411807,2694866.126422,0.963669724770642,0.00697247706422018,0.00311926605504587,0.00110091743119266,0.00678899082568807,0.018348623853211
289273.411807,2694866.126422,0.996697853604843,0,0,0,0,0.00330214639515685
289773.411807,2694866.126422,0.926190476190476,0.019047619047619,0.0157509157509158,0.00567765567765568,0.00494505494505494,0.0283882783882784
290273.411807,2694866.126422,0.859266055045872,0.0809174311926606,0.0205504587155963,0.00238532110091743,0.0139449541284404,0.0229357798165138
290773.411807,2694866.126422,0.98147128967162,0.001284168042561,0,0.000733810310034856,0.00880572372041827,0.00770500825536599
291273.411807,2694866.126422,0.925641025641026,0.00622710622710623,0.0496336996336996,0.000366300366300366,0.0137362637362637,0.0043956043956044
291773.411807,2694866.126422,0.940733944954128,0.00935779816513761,0.0278899082568807,0.00036697247706422,0.0163302752293578,0.00532110091743119
292273.411807,2694866.126422,0.911759310218309,0.0238488350761328,0.0436617134470739,0.00146762062006971,0.0176114474408365,0.00165107319757843
292773.411807,2694866.126422,0.877472527472527,0.01996336996337,0.0635531135531135,0.000549450549450549,0.00824175824175824,0.0302197802197802
293273.411807,2694866.126422,0.897247706422018,0.0291743119266055,0.00807339449541284,0,0.00623853211009174,0.0592660550458716
293773.411807,2694866.126422,0.558613098514034,0.0849385433865346,0.0232984773436067,0.00110071546505228,0.0214639515685195,0.310585213722253
294273.411807,2694866.126422,0.0606227106227106,0.0875457875457875,0.0976190476190476,0.0368131868131868,0.0811355311355311,0.636263736263736
294773.411807,2694866.126422,0.0108256880733945,0.0895412844036697,0.0355963302752294,0.345871559633028,0.257247706422018,0.260917431192661
295273.411807,2694866.126422,0.0480645753072831,0.0163272793982755,0.000550357732526142,0.440469638598422,0.258668134287287,0.235920014676206
295773.411807,2694866.126422,0.538278388278388,0.00805860805860806,0.00146520146520147,0.0586080586080586,0.0580586080586081,0.335531135531136
296273.411807,2694866.126422,0.67394495412844,0.00440366972477064,0,0.0326605504587156,0.0288073394495413,0.260183486238532
296773.411807,2694866.126422,0.706475875986058,0.0383415886993212,0.0440286186020914,0.0177949000183453,0.0713630526508897,0.121995964043295
297273.411807,2694866.126422,0.88974358974359,0.0346153846153846,0.00934065934065934,0.00183150183150183,0.0254578754578755,0.039010989010989
297773.411807,2694866.126422,0.545871559633027,0.0100917431192661,0.0132110091743119,0.0018348623853211,0.0146788990825688,0.414311926605505
298273.411807,2694866.126422,0.359750504494588,0,0,0,0,0.640249495505412
298773.411807,2694866.126422,0.920879120879121,0.0043956043956044,0.000732600732600733,0.000732600732600733,0.0144688644688645,0.0587912087912088
299273.411807,2694866.126422,0.914495412844037,0.0148623853211009,0.0124770642201835,0.000917431192660551,0.0139449541284404,0.043302752293578
299773.411807,2694866.126422,0.770133920381581,0.0484314804623005,0.0952118877270226,0.0066042927903137,0.0640249495505412,0.0155934690882407
300273.411807,2694866.126422,0.920879120879121,0.00714285714285714,0.00366300366300366,0.00256410256410256,0.0340659340659341,0.0316849816849817
300773.411807,2694866.126422,0.874216027874564,0.0289198606271777,0.0547038327526132,0.00139372822299652,0.0278745644599303,0.0128919860627178
288273.411807,2694366.126422,0.824852507374631,0.0165929203539823,0.017146017699115,0.0361356932153392,0.0508849557522124,0.0543879056047198
288773.411807,2694366.126422,0.653113553113553,0.129120879120879,0,0.0551282051282051,0.0657509157509158,0.0968864468864469
289273.411807,2694366.126422,0.973809523809524,0.00622710622710623,0,0,0.000183150183150183,0.0197802197802198
289773.411807,2694366.126422,0.872020535386872,0.0498716538320499,0.0135680234690136,0.0022002200220022,0.0333700036670334,0.028969563623029
290273.411807,2694366.126422,0.93021978021978,0.01996336996337,0.00934065934065934,0.00402930402930403,0.0302197802197802,0.00622710622710623
290773.411807,2694366.126422,0.99981684981685,0,0,0,0.000183150183150183,0
291273.411807,2694366.126422,0.996699669966997,0,0,0,0,0.0033003300330033
291773.411807,2694366.126422,0.991025641025641,0,0,0.000183150183150183,0,0.00879120879120879
292273.411807,2694366.126422,0.974358974358974,0.00457875457875458,0,0,0.00238095238095238,0.0186813186813187
292773.411807,2694366.126422,0.923909057572424,0.0077007700770077,0,0.000183351668500183,0.00586725339200587,0.0623395672900623
293273.411807,2694366.126422,0.775824175824176,0.00677655677655678,0,0.00146520146520147,0.00659340659340659,0.209340659340659
293773.411807,2694366.126422,0.50018315018315,0.00512820512820513,0,0.000183150183150183,0.00622710622710623,0.488278388278388
294273.411807,2694366.126422,0.319398606527319,0.0909424275760909,0.13971397139714,0.0157682434910158,0.107627429409608,0.326549321598827
294773.411807,2694366.126422,0.739010989010989,0.0126373626373626,0.00366300366300366,0.0855311355311355,0.0507326007326007,0.108424908424908
295273.411807,2694366.126422,0.527472527472527,0.0285714285714286,0.0871794871794872,0.193040293040293,0.0789377289377289,0.0847985347985348
295773.411807,2694366.126422,0.545471213788045,0.0099009900990099,0.0238357169050238,0.0396039603960396,0.103593692702604,0.277594426109278
296273.411807,2694366.126422,0.756227106227106,0.0133699633699634,0.0184981684981685,0.0159340659340659,0.0419413919413919,0.154029304029304
296773.411807,2694366.126422,0.436446886446886,0.0117216117216117,0.000183150183150183,0.0221611721611722,0.039010989010989,0.49047619047619
297273.411807,2694366.126422,0.55958929226256,0.0088008800880088,0.0291529152915292,0.0968096809680968,0.0753575357535754,0.23028969563623
297773.411807,2694366.126422,0.323076923076923,0.00421245421245421,0,0,0,0.672710622710623
298273.411807,2694366.126422,0.955311355311355,0.00256410256410256,0,0.0010989010989011,0.00366300366300366,0.0373626373626374
298773.411807,2694366.126422,0.927576090942428,0.00146681334800147,0,0.000366703337000367,0.0033003300330033,0.0672900623395673
299273.411807,2694366.126422,0.911538461538462,0.0355311355311355,0.00274725274725275,0.0010989010989011,0.0192307692307692,0.0298534798534799
299773.411807,2694366.126422,0.602014652014652,0.0181318681318681,0.00531135531135531,0.000732600732600733,0.00970695970695971,0.364102564102564
300273.411807,2694366.126422,0.676934360102677,0.0302530253025303,0.00183351668500183,0.00348368170150348,0.028969563623029,0.258525852585259
300773.411807,2694366.126422,0.853616133518776,0.00695410292072323,0,0.00139082058414465,0.0146036161335188,0.123435326842837
288273.411807,2693866.126422,0.875990418278976,0.0412751059517229,0.00423806891468583,0.00497512437810945,0.0158466924636079,0.0576745900128985
288773.411807,2693866.126422,0.623967700495504,0.0521196549825656,0.0537713341897596,0.132134336575518,0.0957973940172509,0.0422095797394017
289273.411807,2693866.126422,0.880432789290299,0.0518980377773703,0.00311754997249221,0.00201723821749496,0.0311754997249221,0.0313588850174216
289773.411807,2693866.126422,0.966281839838739,0.00183250870441635,0,0.000916254352208173,0.00696353307678211,0.0240058640278541
290273.411807,2693866.126422,0.992475683611672,0,0,0,0,0.00752431638832813
290773.411807,2693866.126422,0.993948285347515,0,0,0,0,0.00605171465248487
291273.411807,2693866.126422,0.999450247388675,0,0,0,0,0.000549752611324904
291773.411807,2693866.126422,0.994494402642687,0,0,0,0,0.00550559735731327
292273.411807,2693866.126422,0.950852741610123,0.00293416467999266,0,0.000183385292499542,0.00128369704749679,0.0447460113698881
292773.411807,2693866.126422,0.860179585853033,0.0333516584203775,0.0879604178119846,0.000733003481766538,0.0177753344328386,0
293273.411807,2693866.126422,0.8629106258029,0.009543035419343,0.0910258763075794,0.00146815929528354,0.0159662323362085,0.019086070838686
293773.411807,2693866.126422,0.760315422703099,0.0518980377773703,0.068402714102329,0,0.00696864111498258,0.112415184302219
294273.411807,2693866.126422,0.415429723291186,0.148799706798607,0.141836173721825,0.00714678394722375,0.111233278358072,0.175554333883086
294773.411807,2693866.126422,0.97522481189209,0,0,0,0,0.0247751881079097
295273.411807,2693866.126422,0.667339079405832,0.0872913992297818,0.0753713552173116,0.0117366587199707,0.0673024023473317,0.0909591050797726
295773.411807,2693866.126422,0.711196628183984,0.00934579439252336,0.00348176653839106,0.106285504856148,0.0685358255451713,0.101154480483782
296273.411807,2693866.126422,0.569829326481923,0.0122958340979996,0.0238575885483575,0.114332905120206,0.123141860891907,0.156542484859607
296773.411807,2693866.126422,0.769851457913075,0.010819732257473,0.000733541169998166,0.00128369704749679,0.0119200440124702,0.205391527599487
297273.411807,2693866.126422,0.778632948506505,0.0122778083195895,0.00256551218618288,0.0258383727322705,0.0164925783397471,0.164192779915705
297773.411807,2693866.126422,0.734813727289411,0.000367039823820885,0,0.00238575885483575,0.0082583960359699,0.254175077995963
298273.411807,2693866.126422,0.8400880249404,0.00385109114249037,0.000733541169998166,0.00183385292499542,0.00733541169998166,0.146158078122135
298773.411807,2693866.126422,0.729521715228147,0.00348176653839106,0.000183250870441635,0.00879604178119846,0.0131940626717977,0.244823162910024
299273.411807,2693866.126422,0.408515323912645,0.0563406129565058,0.000183519911910442,0.00275279867865663,0.0216553496054322,0.51055239493485
299773.411807,2693866.126422,0.531450577663671,0.00146708233999633,0,0,0,0.467082339996332
300273.411807,2693866.126422,0.532893531244273,0.260949239508888,0,0,0.0047645226314825,0.201392706615356
300773.411807,2693866.126422,0.597837460760377,0.222881060341821,0,0,0.000348796651552145,0.17893268224625
288273.411807,2693366.126422,0.811786372007366,0.065377532228361,0.0464088397790055,0.00276243093922652,0.0143646408839779,0.0593001841620626
288773.411807,2693366.126422,0.875779816513761,0.0585321100917431,0.0330275229357798,0.00275229357798165,0.0128440366972477,0.0170642201834862
289273.411807,2693366.126422,0.957805907172996,0.00733810310034856,0,0.00165107319757843,0.0207301412584847,0.0124747752705926
289773.411807,2693366.126422,0.960805860805861,0.00750915750915751,0,0.000366300366300366,0.00750915750915751,0.0238095238095238
290273.411807,2693366.126422,0.930091743119266,0.0231192660550459,0.00477064220183486,0.00385321100917431,0.0218348623853211,0.0163302752293578
290773.411807,2693366.126422,0.924050632911392,0.0352228948816731,0.0126582278481013,0.00146762062006971,0.0181618051733627,0.00843881856540084
291273.411807,2693366.126422,0.971428571428571,0.00457875457875458,0,0,0,0.023992673992674
291773.411807,2693366.126422,0.996330275229358,0,0,0.00073394495412844,0.00275229357798165,0.00018348623853211
292273.411807,2693366.126422,0.990277013392038,0.000550357732526142,0,0.000366905155017428,0.00330214639515685,0.00550357732526142
292773.411807,2693366.126422,0.972893772893773,0,0,0,0,0.0271062271062271
293273.411807,2693366.126422,0.811009174311927,0.00899082568807339,0,0,0.00018348623853211,0.179816513761468
293773.411807,2693366.126422,0.560447624289121,0.0785177031737296,0.0119244175380664,0.00403595670519171,0.0137589433131535,0.331315354980737
294273.411807,2693366.126422,0.253296703296703,0.0895604395604396,0.0774725274725275,0.143956043956044,0.175457875457875,0.26025641025641
294773.411807,2693366.126422,0.744954128440367,0.0456880733944954,0.0036697247706422,0.031743119266055,0.0678899082568807,0.10605504587156
295273.411807,2693366.126422,0.801504311135571,0.0240322876536415,0.00458631443771785,0.0366905155017428,0.0418271876719868,0.0913593835993396
295773.411807,2693366.126422,0.851098901098901,0.0115384615384615,0.000183150183150183,0.0010989010989011,0.0104395604395604,0.125641025641026
296273.411807,2693366.126422,0.169174311926606,0.0315596330275229,0.103302752293578,0.52605504587156,0.0801834862385321,0.0897247706422018
296773.411807,2693366.126422,0.407264722069345,0.0232984773436067,0.0508163639699138,0.23536965694368,0.066042927903137,0.217207851770317
297273.411807,2693366.126422,0.721428571428571,0.0139194139194139,0.00970695970695971,0.0223443223443223,0.0313186813186813,0.201282051282051
297773.411807,2693366.126422,0.763302752293578,0.0335779816513761,0.00477064220183486,0.0403669724770642,0.0612844036697248,0.096697247706422
298273.411807,2693366.126422,0.680242157402312,0.076316272243625,0.0181618051733627,0.02568336085122,0.0565033938726839,0.143093010456797
298773.411807,2693366.126422,0.613186813186813,0.0467032967032967,0.00659340659340659,0.0822344322344322,0.0818681318681319,0.169413919413919
299273.411807,2693366.126422,0.837981651376147,0.00788990825688073,0,0.00018348623853211,0,0.15394495412844
299773.411807,2693366.126422,0.872317006053935,0.00532012474775271,0,0.000366905155017428,0.00146762062006971,0.120528343423225
300273.411807,2693366.126422,0.805128205128205,0.17967032967033,0,0,0,0.0152014652014652
300773.411807,2693366.126422,0.917073170731707,0.0829268292682927,0,0,0,0
288273.411807,2692866.126422,0.991703539823009,0.000368731563421829,0,0.000184365781710914,0.00331858407079646,0.00442477876106195
288773.411807,2692866.126422,0.908424908424908,0.0287545787545788,0.00952380952380952,0.00402930402930403,0.0448717948717949,0.0043956043956044
289273.411807,2692866.126422,0.983699633699634,0,0,0,0.00128205128205128,0.015018315018315
289773.411807,2692866.126422,0.913091309130913,0.0315364869820315,0.00183351668500183,0.000366703337000367,0.0022002200220022,0.050971763843051
290273.411807,2692866.126422,0.934065934065934,0.0472527472527473,0.00824175824175824,0.000366300366300366,0.00256410256410256,0.00750915750915751
290773.411807,2692866.126422,0.919413919413919,0.0111721611721612,0.026007326007326,0.00384615384615385,0.0371794871794872,0.00238095238095238
291273.411807,2692866.126422,0.971397139713971,0.00385038503850385,0.00146681334800147,0.000916758342500917,0.00366703337000367,0.0187018701870187
291773.411807,2692866.126422,0.937912087912088,0.00824175824175824,0,0.000915750915750916,0.00842490842490842,0.0445054945054945
292273.411807,2692866.126422,0.995421245421245,0,0,0,0,0.00457875457875458
292773.411807,2692866.126422,0.992665933259993,0.0011001100110011,0,0,0,0.00623395672900623
293273.411807,2692866.126422,0.938278388278388,0.0184981684981685,0.0113553113553114,0.000183150183150183,0.0153846153846154,0.0163003663003663
293773.411807,2692866.126422,0.794871794871795,0.015018315018315,0.119047619047619,0.00146520146520147,0.0587912087912088,0.0108058608058608
294273.411807,2692866.126422,0.447194719471947,0.0614228089475614,0.0212687935460213,0.12046204620462,0.113127979464613,0.236523652365237
294773.411807,2692866.126422,0.583882783882784,0.0873626373626374,0.00860805860805861,0.0716117216117216,0.0789377289377289,0.16959706959707
295273.411807,2692866.126422,0.919230769230769,0.00512820512820513,0.000549450549450549,0.00732600732600733,0.0142857142857143,0.0534798534798535
295773.411807,2692866.126422,0.932526585991932,0.00275027502750275,0,0.00165016501650165,0.0044004400440044,0.0586725339200587
296273.411807,2692866.126422,0.802747252747253,0.0551282051282051,0.0272893772893773,0.0111721611721612,0.0316849816849817,0.071978021978022
296773.411807,2692866.126422,0.536813186813187,0.0386446886446886,0.000366300366300366,0.184798534798535,0.0875457875457875,0.151831501831502
297273.411807,2692866.126422,0.446644664466447,0.192702603593693,0,0.0753575357535754,0.121012101210121,0.164283094976164
297773.411807,2692866.126422,0.913369963369963,0.00787545787545788,0,0.00293040293040293,0.0243589743589744,0.0514652014652015
298273.411807,2692866.126422,0.915750915750916,0.00384615384615385,0,0.00146520146520147,0.0100732600732601,0.0688644688644689
298773.411807,2692866.126422,0.818298496516318,0.0500550055005501,0.000183351668500183,0.0022002200220022,0.00916758342500917,0.12009534286762
299273.411807,2692866.126422,0.969413919413919,0,0,0,0,0.0305860805860806
299773.411807,2692866.126422,0.917032967032967,0.00384615384615385,0,0,0,0.0791208791208791
300273.411807,2692866.126422,0.824715804913825,0.0621562156215622,0,0,0,0.113127979464613
300773.411807,2692866.126422,0.912030598052851,0.0778859527121001,0,0,0,0.0100834492350487
288273.411807,2692366.126422,0.945642159572508,0.0252441496222591,0.00479086051225355,0.000921319329279528,0.00571217984153308,0.0176893311221669
288773.411807,2692366.126422,1,0,0,0,0,0
289273.411807,2692366.126422,0.987163029525032,0.00513478818998716,0,0,0.000550155877498625,0.00715202640748212
289773.411807,2692366.126422,0.959868059373282,0.00971229613340663,0.000916254352208173,0.000183250870441635,0.00678028220634048,0.0225398570643211
290273.411807,2692366.126422,0.849697192145348,0.00293631859056708,0.0712057258212516,0.00568911726922371,0.0680858873187741,0.00238575885483575
290773.411807,2692366.126422,0.996882450027508,0,0,0,0.000916926462497708,0.0022006235099945
291273.411807,2692366.126422,0.968480850284039,0.00256551218618288,0.00604727872457394,0.00219901044529962,0.0194245922668133,0.00128275609309144
291773.411807,2692366.126422,0.949899064048449,0.0106441548908057,0.000367039823820885,0.0034868783262984,0.0231235089007157,0.0124793540099101
292273.411807,2692366.126422,0.857876398312855,0.0434623143223913,0.0135705116449661,0.00641848523748395,0.0300751879699248,0.0485971025123785
292773.411807,2692366.126422,0.958035550668866,0.0155763239875389,0.000366501740883269,0.00146600696353308,0.00604727872457394,0.0185083379146051
293273.411807,2692366.126422,0.834832079280602,0.0324830244081483,0.00715727656450725,0.00201871903101487,0.0352358230868049,0.0882730776289227
293773.411807,2692366.126422,0.889785439207776,0.00678525582248304,0.0143040528149642,0.000183385292499542,0.0121034293049697,0.0768384375573079
294273.411807,2692366.126422,0.708814366868243,0.0645043063954554,0.000733003481766538,0.0654205607476635,0.0419644493311343,0.118563313175738
294773.411807,2692366.126422,0.810423930996513,0.0501009359515507,0.0124793540099101,0.0392732611488346,0.0304643053771334,0.057258212516058
295273.411807,2692366.126422,0.863744727672841,0.0253071703649367,0.00476801760498808,0.0110031175499725,0.0295250320924262,0.0656519347148359
295773.411807,2692366.126422,0.86549386109584,0.01905809052593,0.000366501740883269,0.0207073483599047,0.0346344145134689,0.0597397837639729
296273.411807,2692366.126422,0.871719581574601,0.0275279867865663,0.00752431638832813,0.00550559735731327,0.0227564690768948,0.0649660488162966
296773.411807,2692366.126422,0.791490922428021,0.0150375939849624,0.000366770584999083,0.0788556757748029,0.0141206675224647,0.10012836970475
297273.411807,2692366.126422,0.58292101887484,0.149532710280374,0.000183250870441635,0.0500274876305662,0.0575407733186733,0.159794759025105
297773.411807,2692366.126422,0.716278216186456,0.0449623784180584,0,0.0528537346302074,0.0473481372728941,0.138557533492384
298273.411807,2692366.126422,0.806161745827985,0.0298918026774253,0.0170548322024574,0.0066018705299835,0.0313588850174216,0.108930863744728
298773.411807,2692366.126422,0.820414146967198,0.0311526479750779,0.0287703866593366,0.00458127176104087,0.0916254352208173,0.0234561114165292
299273.411807,2692366.126422,0.874288860341347,0.0115617544503579,0.000183519911910442,0.00311983850247752,0.0282620664342081,0.082583960359699
299773.411807,2692366.126422,0.968274344397579,0.00256739409499358,0,0,0,0.0291582615074271
300273.411807,2692366.126422,0.969946857247572,0.0282206340480117,0,0,0,0.00183250870441635
300773.411807,2692366.126422,0.951517265434252,0.0446459713986746,0,0,0,0.0038367631670736
288273.411807,2691866.126422,0.976795580110497,0.00994475138121547,0,0.000184162062615101,0.00662983425414365,0.00644567219152855
288773.411807,2691866.126422,0.952293577981651,0.0139449541284404,0.00477064220183486,0.00201834862385321,0.0214678899082569,0.0055045871559633
289273.411807,2691866.126422,0.874334984406531,0.0392588515868648,0.0473307649972482,0.00146762062006971,0.0333883691065859,0.00421940928270042
289773.411807,2691866.126422,0.936080586080586,0.00860805860805861,0.00787545787545788,0.00476190476190476,0.0371794871794872,0.00549450549450549
290273.411807,2691866.126422,0.958715596330275,0.0172477064220183,0,0.00055045871559633,0.00311926605504587,0.0203669724770642
290773.411807,2691866.126422,0.966611630893414,0.0148596587782058,0,0.000366905155017428,0.002568336085122,0.0155934690882407
291273.411807,2691866.126422,1,0,0,0,0,0
291773.411807,2691866.126422,0.952477064220184,0.0255045871559633,0.00220183486238532,0.00018348623853211,0.00403669724770642,0.0155963302752294
292273.411807,2691866.126422,0.881306182351862,0.0212804989910108,0.0372408732342689,0.000366905155017428,0.0185287103283801,0.0412768299394606
292773.411807,2691866.126422,0.926739926739927,0.0293040293040293,0.000183150183150183,0.000366300366300366,0.00347985347985348,0.0399267399267399
293273.411807,2691866.126422,0.895229357798165,0.0110091743119266,0.0447706422018349,0.000917431192660551,0.0238532110091743,0.0242201834862385
293773.411807,2691866.126422,0.832140891579527,0.00403595670519171,0.020546688680976,0.00146762062006971,0.023115024766098,0.118693817648138
294273.411807,2691866.126422,0.8,0.0287545787545788,0,0,0.00549450549450549,0.165750915750916
294773.411807,2691866.126422,0.886605504587156,0.00715596330275229,0.00055045871559633,0.0201834862385321,0.0251376146788991,0.0603669724770642
295273.411807,2691866.126422,0.973032471106219,0.000183452577508714,0,0,0.000366905155017428,0.0264171711612548
295773.411807,2691866.126422,0.971428571428571,0.00238095238095238,0,0,0.000732600732600733,0.0254578754578755
296273.411807,2691866.126422,0.951559633027523,0.0036697247706422,0,0,0.00348623853211009,0.0412844036697248
296773.411807,2691866.126422,0.995597138139791,0,0,0,0,0.00440286186020914
297273.411807,2691866.126422,0.888095238095238,0.0285714285714286,0,0.00384615384615385,0.0117216117216117,0.0677655677655678
297773.411807,2691866.126422,0.574862385321101,0.10954128440367,0.0124770642201835,0.107155963302752,0.0508256880733945,0.145137614678899
298273.411807,2691866.126422,0.56925334800954,0.107870115575124,0.116308934140525,0.0254999082737112,0.0148596587782058,0.166208035222895
298773.411807,2691866.126422,0.880952380952381,0.0452380952380952,0.00128205128205128,0.000366300366300366,0.00677655677655678,0.0653846153846154
299273.411807,2691866.126422,0.955963302752294,0.0073394495412844,0,0.000917431192660551,0.00825688073394495,0.0275229357798165
299773.411807,2691866.126422,0.928453494771602,0.00183452577508714,0,0.00385250412768299,0.0203632361034673,0.0454962392221611
300273.411807,2691866.126422,0.978937728937729,0.00164835164835165,0,0,0.000183150183150183,0.0192307692307692
300773.411807,2691866.126422,0.973867595818815,0.00627177700348432,0,0,0,0.0198606271777003
288273.411807,2691366.126422,0.979351032448378,0.000368731563421829,0,0,0,0.0202802359882006
288773.411807,2691366.126422,0.986630036630037,0,0.00366300366300366,0.000549450549450549,0.00622710622710623,0.00293040293040293
289273.411807,2691366.126422,0.937362637362637,0.00128205128205128,0.000549450549450549,0.000549450549450549,0.00567765567765568,0.0545787545787546
289773.411807,2691366.126422,0.943527686101943,0.0172350568390172,0.000183351668500183,0.00055005500550055,0.0185185185185185,0.01998533186652
290273.411807,2691366.126422,0.902564102564103,0.0210622710622711,0.0545787545787546,0.000183150183150183,0.00695970695970696,0.0146520146520147
290773.411807,2691366.126422,0.891575091575092,0.015018315018315,0.0432234432234432,0.00274725274725275,0.0344322344322344,0.013003663003663
291273.411807,2691366.126422,0.95984598459846,0.00495049504950495,0.000183351668500183,0.000733406674000733,0.00843417675100843,0.0258525852585259
291773.411807,2691366.126422,0.963003663003663,0.00384615384615385,0,0,0.000915750915750916,0.0322344322344322
292273.411807,2691366.126422,0.941758241758242,0.00549450549450549,0,0,0.00146520146520147,0.0512820512820513
292773.411807,2691366.126422,0.868170150348368,0.0775577557755776,0.00898423175650898,0,0.00678401173450678,0.0385038503850385
293273.411807,2691366.126422,0.811904761904762,0.0327838827838828,0.0184981684981685,0.000549450549450549,0.00989010989010989,0.126373626373626
293773.411807,2691366.126422,0.467032967032967,0.000183150183150183,0,0,0,0.532783882783883
294273.411807,2691366.126422,0.782544921158782,0,0,0,0,0.217455078841217
294773.411807,2691366.126422,0.819047619047619,0.0250915750915751,0.00128205128205128,0.0296703296703297,0.0221611721611722,0.102747252747253
295273.411807,2691366.126422,0.912820512820513,0.0289377289377289,0.000183150183150183,0.000366300366300366,0.00146520146520147,0.0562271062271062
295773.411807,2691366.126422,0.907224055738907,0.0187018701870187,0.00146681334800147,0.00311697836450312,0.0143014301430143,0.0551888522185552
296273.411807,2691366.126422,0.912820512820513,0.0195970695970696,0.000549450549450549,0.00164835164835165,0.0106227106227106,0.0547619047619048
296773.411807,2691366.126422,0.979487179487179,0.000366300366300366,0,0,0,0.0201465201465201
297273.411807,2691366.126422,0.995232856618995,0,0,0,0,0.00476714338100477
297773.411807,2691366.126422,0.686813186813187,0.0695970695970696,0,0.0173992673992674,0.052014652014652,0.174175824175824
298273.411807,2691366.126422,0.814652014652015,0.06996336996337,0.00256410256410256,0.000915750915750916,0.0104395604395604,0.101465201465201
298773.411807,2691366.126422,0.824532453245325,0.0221855518885222,0.00715071507150715,0,0.00605060506050605,0.14008067473414
299273.411807,2691366.126422,0.926556776556777,0.041025641025641,0,0.000732600732600733,0.00549450549450549,0.0261904761904762
299773.411807,2691366.126422,0.916666666666667,0.000732600732600733,0,0,0.0010989010989011,0.0815018315018315
300273.411807,2691366.126422,0.900990099009901,0.00458379171250458,0.000183351668500183,0.00403373670700403,0.0201686835350202,0.07004033736707
300773.411807,2691366.126422,0.964881780250348,0.000695410292072323,0,0,0,0.03442280945758
288273.411807,2690866.126422,0.971439100792335,0.00589644370738898,0.000184263865855906,0,0.00958172102450709,0.0128984706099134
288773.411807,2690866.126422,0.945494586162599,0.0256927876674619,0.0144980730409249,0.000183519911910442,0.00587263718113415,0.0082583960359699
289273.411807,2690866.126422,0.925912341830185,0.00476801760498808,0,0,0.000733541169998166,0.0685860993948285
289773.411807,2690866.126422,0.921385376580539,0.0313358988455195,0.00641378046545721,0.00128275609309144,0.0159428257284222,0.0236393622869709
290273.411807,2690866.126422,0.937970269774271,0.0251422279317306,0,0,0.00183519911910442,0.0350523031748945
290773.411807,2690866.126422,0.920227397762699,0.00898587933247754,0,0.000733541169998166,0.00586832935998533,0.0641848523748395
291273.411807,2690866.126422,0.778816199376947,0.0804471321238776,0.0172255818215137,0.00678028220634048,0.0218068535825545,0.0949239508887667
291773.411807,2690866.126422,0.925857955588181,0.0288126261699394,0.0141310332171041,0.000550559735731327,0.00862543585979079,0.0220223894292531
292273.411807,2690866.126422,0.952503209242619,0.00421786172748946,0.00311754997249221,0.0075187969924812,0.00788556757748029,0.0247570144874381
292773.411807,2690866.126422,0.789078248121679,0.0929081913139087,0.00861279091075683,0.0428807036833425,0.0188748396554884,0.047645226314825
293273.411807,2690866.126422,0.81336024958708,0.0192695907505964,0.109377867498624,0.00275279867865663,0.0368875022939989,0.0183519911910442
293773.411807,2690866.126422,0.696313955620759,0.00550155877498625,0.0960938932697598,0,0.0179717586649551,0.18411883366954
294273.411807,2690866.126422,0.77808319589518,0,0,0,0,0.22191680410482
294773.411807,2690866.126422,0.947513305193614,0.00972655533125344,0.00623967700495504,0.000550559735731327,0.00550559735731327,0.0304643053771334
295273.411807,2690866.126422,0.839721254355401,0.0282413350449294,0.0053181734824867,0.0251237850724372,0.0258573262424354,0.0757381258023107
295773.411807,2690866.126422,0.984973428623786,0,0,0,0,0.015026571376214
296273.411807,2690866.126422,0.952468342815195,0.000734079647641769,0,0.00110111947146265,0.00403743806202973,0.0416590200036704
296773.411807,2690866.126422,0.805244819365487,0.0416284613973959,0.00861910874747845,0.00146708233999633,0.0333761232349166,0.109664404914726
297273.411807,2690866.126422,0.949239508887667,0.000549752611324904,0,0,0,0.0502107385010079
297773.411807,2690866.126422,0.719948614424665,0.127913378601578,0,0.00330335841438796,0.0119287942741787,0.13690585428519
298273.411807,2690866.126422,0.826334128002934,0.0775719787273061,0.0399779937649001,0,0.0179717586649551,0.0381441408399046
298773.411807,2690866.126422,0.908557815649624,0.00219901044529962,0,0.000183250870441635,0.00329851566794942,0.085761407366685
299273.411807,2690866.126422,0.918150119287943,0.0278950266103872,0,0.000734079647641769,0.00550559735731327,0.047715177096715
299773.411807,2690866.126422,0.957271226847607,0.00238400880249404,0,0.000366770584999083,0.00403447643498991,0.0359435173299101
300273.411807,2690866.126422,0.910023822613157,0.00678028220634048,0,0.00348176653839106,0.0377496793109767,0.0419644493311343
300773.411807,2690866.126422,0.904429717474712,0.0115102895012208,0,0.00348796651552145,0.0286013254272759,0.0519707010812696
288273.411807,2690366.126422,0.997790055248619,0,0,0,0,0.00220994475138122
288773.411807,2690366.126422,0.995779816513761,0,0,0.00018348623853211,0.00073394495412844,0.00330275229357798
