"x","y","forest","agri","water","built","other","grass"
152773.411807,2558366.126422,0.146744186046512,0.0495348837209302,0.38,0.287674418604651,0.136046511627907,0
153273.411807,2558366.126422,0.00371747211895911,0.00116171003717472,0.989079925650558,0.00487918215613383,0.00116171003717472,0
153773.411807,2558366.126422,0,0,0.390130353817505,0.609869646182495,0,0
154273.411807,2558366.126422,0,0,0,1,0,0
154773.411807,2558366.126422,0,0,0,1,0,0
155273.411807,2558366.126422,0.0193202979515829,0.0339851024208566,0,0.904096834264432,0.0223463687150838,0.0202513966480447
155773.411807,2558366.126422,0,0.0625581395348837,0.0293023255813953,0.820697674418605,0.043953488372093,0.0434883720930233
156273.411807,2558366.126422,0,0.0343866171003717,0.521375464684015,0.377555762081784,0.0269516728624535,0.0397304832713755
156773.411807,2558366.126422,0,0.0616852886405959,0.787942271880819,0.0889199255121043,0.0251396648044693,0.0363128491620112
157273.411807,2558366.126422,0.00116279069767442,0.0658139534883721,0.676976744186046,0.163720930232558,0.0746511627906977,0.0176744186046512
157773.411807,2558366.126422,0.00720260223048327,0.0539033457249071,0.762314126394052,0.058317843866171,0.0513475836431227,0.0669144981412639
158273.411807,2558366.126422,0.0139664804469274,0.0824022346368715,0.490689013035382,0.0910148975791434,0.090316573556797,0.231610800744879
158773.411807,2558366.126422,0.000930232558139535,0.0623255813953488,0.642093023255814,0.04,0.0790697674418605,0.175581395348837
159273.411807,2558366.126422,0.00906133828996282,0.0648234200743494,0.483736059479554,0.112918215613383,0.0878252788104089,0.241635687732342
159773.411807,2558366.126422,0.00791433891992551,0.115689013035382,0.393621973929236,0.0207169459962756,0.0798417132216015,0.382216014897579
160273.411807,2558366.126422,0.0314389359129383,0.0898831116485288,0.409915356711004,0.0923014913341395,0.0536074163643692,0.322853688029021
152773.411807,2557866.126422,0.000183150183150183,0.0155677655677656,0.792307692307692,0.176190476190476,0.0153846153846154,0.000366300366300366
153273.411807,2557866.126422,0,0,0.574440777411074,0.425559222588926,0,0
153773.411807,2557866.126422,0,0.000183150183150183,0.0294871794871795,0.97032967032967,0,0
154273.411807,2557866.126422,0.0021978021978022,0.0666666666666667,0,0.85989010989011,0.0155677655677656,0.0556776556776557
154773.411807,2557866.126422,0.00531719838650532,0.0515218188485515,0,0.906674000733407,0.0011001100110011,0.0353868720205354
155273.411807,2557866.126422,0.0124542124542125,0.0186813186813187,0.456776556776557,0.4996336996337,0.0119047619047619,0.000549450549450549
155773.411807,2557866.126422,0,0.166300366300366,0.598351648351648,0.124725274725275,0.0340659340659341,0.0765567765567766
156273.411807,2557866.126422,0,0.0526219288595526,0.794646131279795,0.107260726072607,0.0366703337000367,0.0088008800880088
156773.411807,2557866.126422,0.0043956043956044,0.0338827838827839,0.695421245421245,0.052014652014652,0.0179487179487179,0.196336996336996
157273.411807,2557866.126422,0.0153846153846154,0.0283882783882784,0.8496336996337,0.0822344322344322,0.0173992673992674,0.00695970695970696
157773.411807,2557866.126422,0.00311697836450312,0.0885588558855886,0.62999633296663,0.0779244591125779,0.0669233590025669,0.133480014668133
158273.411807,2557866.126422,0,0.0523809523809524,0.457692307692308,0.240659340659341,0.102380952380952,0.146886446886447
158773.411807,2557866.126422,0.00311355311355311,0.104029304029304,0.488644688644689,0.0641025641025641,0.047985347985348,0.292124542124542
159273.411807,2557866.126422,0.000183351668500183,0.0581224789145581,0.604143747708104,0.138247158049138,0.0462046204620462,0.153098643197653
159773.411807,2557866.126422,0.0032967032967033,0.0941391941391941,0.138095238095238,0.327106227106227,0.0835164835164835,0.353846153846154
160273.411807,2557866.126422,0.00219918316054037,0.16368206094879,0.418158969525605,0.224002513352183,0.0895381715362865,0.102419101476594
152273.411807,2557366.126422,0,0,0.984767847311433,0.0152321526885667,0,0
152773.411807,2557366.126422,0,0.00348432055749129,0.599669906473501,0.392811296534018,0.00385109114249037,0.000183385292499542
153273.411807,2557366.126422,0.00128275609309144,0.108851017042331,0.163459776433938,0.654938610958402,0.0117280557082646,0.0597397837639729
153773.411807,2557366.126422,0,0.150119287942742,0.000183519911910442,0.786382822536245,0.0130299137456414,0.0502844558634612
154273.411807,2557366.126422,0.00146708233999633,0.0993948285347515,0.198056115899505,0.677608655785806,0.00806895286997983,0.0154043645699615
154773.411807,2557366.126422,0.00384826827927433,0.083745647791827,0.550668865677112,0.263881253435954,0.0452629649990837,0.0525929998167491
155273.411807,2557366.126422,0.0251422279317306,0.131767296751698,0.580289961460818,0.0846026793907139,0.0812993209763259,0.0968985134887135
155773.411807,2557366.126422,0.0187052998349532,0.148542086924629,0.439024390243902,0.0372272143774069,0.0522648083623693,0.304236200256739
156273.411807,2557366.126422,0,0.0720175920835624,0.496976360637713,0.271761040864944,0.0582737768004398,0.100971229613341
156773.411807,2557366.126422,0.00146815929528354,0.0708386859974307,0.322995044962378,0.317856487428886,0.0638649293448339,0.222976692971187
157273.411807,2557366.126422,0.0066018705299835,0.0480469466348799,0.682926829268293,0.20410783055199,0.01998899688245,0.0383275261324042
157773.411807,2557366.126422,0,0.070734835990471,0.740150265713762,0.0855781564962434,0.0247388675096207,0.0787978742899029
158273.411807,2557366.126422,0.00238575885483575,0.0620297302257295,0.695356946228666,0.0781794824738484,0.0504679757753716,0.111580106441549
158773.411807,2557366.126422,0,0.115165963689712,0.591050797726022,0.148542086924629,0.0625343847423437,0.0827067669172932
159273.411807,2557366.126422,0.000916254352208173,0.0637713029136888,0.353857430822796,0.425325270295034,0.085761407366685,0.0703683342495877
159773.411807,2557366.126422,0.00660671682877592,0.0724903652046247,0.00165167920719398,0.584327399522848,0.126078179482474,0.208845659754083
160273.411807,2557366.126422,0.0157282164202579,0.106008178672539,0.451085246932998,0.0459263919471532,0.0559924504561183,0.325259515570934
151773.411807,2556866.126422,0,0.0115384615384615,0.81959706959707,0.143406593406593,0.00567765567765568,0.0197802197802198
152273.411807,2556866.126422,0,0.0234862385321101,0.665871559633028,0.237614678899083,0.00587155963302752,0.0671559633027523
152773.411807,2556866.126422,0,0.137222527976518,0.195010089891763,0.47936158503027,0.00862227114290956,0.17978352595854
153273.411807,2556866.126422,0.00274725274725275,0.102930402930403,0.568681318681319,0.30952380952381,0.00567765567765568,0.0104395604395604
153773.411807,2556866.126422,0.00495412844036697,0.115596330275229,0.524036697247706,0.318532110091743,0.0203669724770642,0.0165137614678899
154273.411807,2556866.126422,0,0.0959456980370574,0.761144744083654,0.10273344340488,0.0277013392038158,0.0124747752705926
154773.411807,2556866.126422,0,0.0467032967032967,0.871978021978022,0.0413919413919414,0.0227106227106227,0.0172161172161172
155273.411807,2556866.126422,0.0187155963302752,0.0911926605504587,0.648807339449541,0.0458715596330275,0.0577981651376147,0.137614678899083
155773.411807,2556866.126422,0,0.077600440286186,0.645019262520638,0.0387084938543387,0.0221977618785544,0.216474041460283
156273.411807,2556866.126422,0,0.0928571428571429,0.628021978021978,0.0402930402930403,0.0327838827838828,0.206043956043956
156773.411807,2556866.126422,0.0018348623853211,0.0653211009174312,0.702752293577982,0.155412844036697,0.0220183486238532,0.0526605504587156
157273.411807,2556866.126422,0,0.023115024766098,0.885525591634562,0.0579710144927536,0.0106402494955054,0.0227481196110805
157773.411807,2556866.126422,0.0032967032967033,0.0642857142857143,0.782051282051282,0.0595238095238095,0.0274725274725275,0.0633699633699634
158273.411807,2556866.126422,0,0.0858715596330275,0.670275229357798,0.0959633027522936,0.0579816513761468,0.0899082568807339
158773.411807,2556866.126422,0.00091726288754357,0.0974133186571271,0.507062924234085,0.207668317739864,0.0526508897450009,0.134287286736379
159273.411807,2556866.126422,0.0494505494505494,0.0716117216117216,0.323992673992674,0.200549450549451,0.110622710622711,0.243772893772894
159773.411807,2556866.126422,0.00770642201834862,0.0544954128440367,0.188807339449541,0.317614678899083,0.0629357798165138,0.368440366972477
160273.411807,2556866.126422,0.00661000944287063,0.0528800755429651,0.568460812086874,0.0881334592382751,0.0582310355681461,0.225684608120869
151773.411807,2556366.126422,0.0044004400440044,0.0887422075540887,0.439310597726439,0.115144847818115,0.0207187385405207,0.331683168316832
152273.411807,2556366.126422,0,0.165018315018315,0.33040293040293,0.24029304029304,0.0232600732600733,0.241025641025641
152773.411807,2556366.126422,0,0.120879120879121,0.626373626373626,0.206043956043956,0.00531135531135531,0.0413919413919414
153273.411807,2556366.126422,0,0.0874587458745875,0.67986798679868,0.215804913824716,0.0044004400440044,0.0124679134580125
153773.411807,2556366.126422,0,0.0364468864468864,0.668681318681319,0.285897435897436,0.00750915750915751,0.00146520146520147
154273.411807,2556366.126422,0.000183150183150183,0.0465201465201465,0.785347985347985,0.146153846153846,0.0148351648351648,0.00695970695970696
154773.411807,2556366.126422,0.00146681334800147,0.141914191419142,0.738357169050238,0.0647231389805647,0.0152181884855152,0.0383204987165383
155273.411807,2556366.126422,0.0201465201465201,0.245054945054945,0.614835164835165,0.0203296703296703,0.0128205128205128,0.0868131868131868
155773.411807,2556366.126422,0.0010989010989011,0.168864468864469,0.717582417582418,0.0161172161172161,0.0113553113553114,0.084981684981685
156273.411807,2556366.126422,0,0.109277594426109,0.712871287128713,0.0781078107810781,0.0390539053905391,0.0606894022735607
156773.411807,2556366.126422,0.0032967032967033,0.133150183150183,0.479120879120879,0.0463369963369963,0.0489010989010989,0.289194139194139
157273.411807,2556366.126422,0,0.105494505494505,0.759157509157509,0.0380952380952381,0.0342490842490843,0.063003663003663
157773.411807,2556366.126422,0,0.09002566923359,0.765309864319765,0.0319031903190319,0.013017968463513,0.0997433076640997
158273.411807,2556366.126422,0.00274725274725275,0.0732600732600733,0.65970695970696,0.0626373626373626,0.0646520146520147,0.136996336996337
158773.411807,2556366.126422,0.0291208791208791,0.214285714285714,0.244505494505494,0.0804029304029304,0.106227106227106,0.325457875457875
159273.411807,2556366.126422,0.149248258159149,0.21048771543821,0.0803080308030803,0.0803080308030803,0.0865419875320865,0.393105977264393
159773.411807,2556366.126422,0.167399267399267,0.167216117216117,0.0192307692307692,0.0761904761904762,0.101831501831502,0.468131868131868
160273.411807,2556366.126422,0.0845114671693371,0.139176877159912,0.169022934338674,0.0857681432610745,0.170279610430412,0.351240967640591
151273.411807,2555866.126422,0,0.0665688611773336,0.533467815881166,0.194938565927013,0.0148542086924629,0.190170548322025
151773.411807,2555866.126422,0,0.153197727689207,0.221367051493495,0.209272494044347,0.0188748396554884,0.397287887117464
152273.411807,2555866.126422,0,0.143879610937787,0.613507065516609,0.10387227014131,0.0183519911910442,0.12038906221325
152773.411807,2555866.126422,0,0.0632679259123418,0.891435906840271,0.0300751879699248,0.00458463231248854,0.0106363469649734
153273.411807,2555866.126422,0,0.0397654388858347,0.589884551951622,0.339747113798791,0.0168590800806304,0.0137438152831226
153773.411807,2555866.126422,0,0.0559735731326849,0.54780693705267,0.375114699944944,0.0189025509267756,0.00220223894292531
154273.411807,2555866.126422,0.000550155877498625,0.0309921144324225,0.922611406565193,0.0196222262974509,0.00458463231248854,0.0216394645149459
154773.411807,2555866.126422,0.0104452996151732,0.104636247022173,0.763789628000733,0.0514934945940993,0.0223566061938794,0.0472787245739417
155273.411807,2555866.126422,0.00256927876674619,0.174894476050652,0.724169572398605,0.00917599559552211,0.0124793540099101,0.0767113231785649
155773.411807,2555866.126422,0.0183385292499542,0.169814780854575,0.396479002384009,0.00696864111498258,0.0238400880249404,0.384558958371539
156273.411807,2555866.126422,0.00806303829943192,0.183800623052959,0.382627817482133,0.104636247022173,0.0681693238042881,0.252702950339014
156773.411807,2555866.126422,0.0179849513672233,0.0781794824738484,0.429620113782345,0.192512387594054,0.110846026793907,0.170857037988622
157273.411807,2555866.126422,0.00421786172748946,0.126169081239685,0.485604254538786,0.0506143407298735,0.061617458279846,0.271777003484321
157773.411807,2555866.126422,0.0188748396554884,0.214953271028037,0.241524647242074,0.0459959684808503,0.114531794026022,0.364119479567528
158273.411807,2555866.126422,0.0275279867865663,0.427784914663241,0.127913378601578,0.0576252523398789,0.109928427234355,0.249220040374381
158773.411807,2555866.126422,0.0544654318723638,0.60792224463598,0.0135705116449661,0.0344764349899138,0.0605171465248487,0.229048230331927
159273.411807,2555866.126422,0.158695253802456,0.449147883452446,0,0.040131940626718,0.0828293934396188,0.269195528678761
159773.411807,2555866.126422,0.132134336575518,0.0855202789502661,0.000367039823820885,0.11635162415122,0.140759772435309,0.524866948063865
160273.411807,2555866.126422,0.145328719723183,0.264234035860333,0,0.0393205410506449,0.169864737338786,0.381251966027053
151273.411807,2555366.126422,0.00293524124013942,0.10126582278481,0.524490919097413,0.0933773619519354,0.0460465969546872,0.231884057971014
151773.411807,2555366.126422,0,0.212820512820513,0.347252747252747,0.179487179487179,0.0043956043956044,0.256043956043956
152273.411807,2555366.126422,0.00110091743119266,0.191009174311927,0.701467889908257,0.0401834862385321,0.0177981651376147,0.0484403669724771
152773.411807,2555366.126422,0.000183452577508714,0.014125848468171,0.912309667950835,0.0530177949000183,0.00642084021280499,0.0139423958906623
153273.411807,2555366.126422,0,0.0386446886446886,0.78956043956044,0.158424908424908,0.0120879120879121,0.00128205128205128
153773.411807,2555366.126422,0,0.112110091743119,0.733577981651376,0.114862385321101,0.0211009174311927,0.018348623853211
154273.411807,2555366.126422,0.00110071546505228,0.0975967712346359,0.746468537882957,0.115208218675472,0.0170610897083104,0.0225646670335718
154773.411807,2555366.126422,0.0492673992673993,0.22985347985348,0.584432234432234,0.0228937728937729,0.0510989010989011,0.0624542124542125
155273.411807,2555366.126422,0.0100917431192661,0.134311926605505,0.582385321100917,0.0143119266055046,0.011743119266055,0.247155963302752
155773.411807,2555366.126422,0.0113740598055403,0.162905888827738,0.65620986974867,0.00935608145294441,0.0365070629242341,0.123647037240873
156273.411807,2555366.126422,0.0115384615384615,0.355494505494506,0.295604395604396,0.104029304029304,0.054029304029304,0.179304029304029
156773.411807,2555366.126422,0.00477064220183486,0.144036697247706,0.386422018348624,0.0823853211009174,0.152110091743119,0.230275229357798
157273.411807,2555366.126422,0.0091726288754357,0.0988809392771968,0.478811227297744,0.13410383415887,0.116859291873051,0.162172078517703
157773.411807,2555366.126422,0.0661172161172161,0.446336996336996,0.20989010989011,0.0591575091575092,0.082967032967033,0.135531135531136
158273.411807,2555366.126422,0.00862385321100917,0.325688073394495,0.0886238532110092,0.157614678899083,0.166238532110092,0.253211009174312
158773.411807,2555366.126422,0.0139423958906623,0.645386167675656,0.089157952669235,0.0368739680792515,0.0669601907906806,0.147679324894515
159273.411807,2555366.126422,0.10989010989011,0.311355311355311,0.168498168498169,0.123992673992674,0.105128205128205,0.181135531135531
159773.411807,2555366.126422,0.0561467889908257,0.361651376146789,0,0.200917431192661,0.139816513761468,0.241467889908257
160273.411807,2555366.126422,0.0157381177211206,0.614730878186969,0,0.0695624803273528,0.0478438778722065,0.252124645892351
151273.411807,2554866.126422,0.00384615384615385,0.0813186813186813,0.58003663003663,0.0895604395604396,0.0380952380952381,0.207142857142857
151773.411807,2554866.126422,0,0.174367436743674,0.381921525485882,0.0817748441510818,0.00605060506050605,0.355885588558856
152273.411807,2554866.126422,0,0.151282051282051,0.77985347985348,0.0120879120879121,0.0111721611721612,0.0456043956043956
152773.411807,2554866.126422,0.00256410256410256,0.0485347985347985,0.878937728937729,0.0485347985347985,0.00732600732600733,0.0141025641025641
153273.411807,2554866.126422,0.0044004400440044,0.0276861019435277,0.868720205353869,0.0885588558855886,0.00733406674000733,0.0033003300330033
153773.411807,2554866.126422,0.00677655677655678,0.0335164835164835,0.848534798534799,0.0826007326007326,0.0249084249084249,0.00366300366300366
154273.411807,2554866.126422,0.00201465201465201,0.0694139194139194,0.836996336996337,0.0340659340659341,0.0256410256410256,0.0318681318681319
154773.411807,2554866.126422,0.017968463513018,0.123579024569124,0.654382104877154,0.0562889622295563,0.0430876420975431,0.104693802713605
155273.411807,2554866.126422,0.00622710622710623,0.0679487179487179,0.502197802197802,0.0851648351648352,0.0637362637362637,0.274725274725275
155773.411807,2554866.126422,0.0335164835164835,0.117032967032967,0.375091575091575,0.0327838827838828,0.0866300366300366,0.354945054945055
156273.411807,2554866.126422,0.011001100110011,0.134030069673634,0.187935460212688,0.102676934360103,0.0889255592225889,0.475430876420975
156773.411807,2554866.126422,0.0346153846153846,0.0970695970695971,0.417399267399267,0.177289377289377,0.158791208791209,0.114835164835165
157273.411807,2554866.126422,0.00256410256410256,0.168681318681319,0.406043956043956,0.0880952380952381,0.0928571428571429,0.241758241758242
157773.411807,2554866.126422,0.164466446644664,0.263476347634763,0.0165016501650165,0.130729739640631,0.161532819948662,0.263292995966263
158273.411807,2554866.126422,0.0203296703296703,0.475457875457875,0.0805860805860806,0.199084249084249,0.108241758241758,0.116300366300366
158773.411807,2554866.126422,0.0157509157509158,0.730586080586081,0,0.0578754578754579,0.10970695970696,0.0860805860805861
159273.411807,2554866.126422,0.015951595159516,0.217455078841217,0.284011734506784,0.135680234690136,0.102860286028603,0.244041070773744
159773.411807,2554866.126422,0.0179487179487179,0.232600732600733,0.214468864468864,0.162637362637363,0.112637362637363,0.25970695970696
160273.411807,2554866.126422,0.0587496072887213,0.233427584040214,0.0936223688344329,0.139176877159912,0.153314483191957,0.321709079484763
151273.411807,2554366.126422,0,0.0871080139372822,0.547405098111131,0.198789657069503,0.0291582615074271,0.137538969374656
151773.411807,2554366.126422,0.00219901044529962,0.183800623052959,0.324170789811252,0.07623236210372,0.0415979475902511,0.371999266996518
152273.411807,2554366.126422,0.00110111947146265,0.0389062213250138,0.899064048449257,0.0273444668746559,0.00972655533125344,0.0238575885483575
152773.411807,2554366.126422,0.00183385292499542,0.0586832935998533,0.682193288098294,0.219328809829452,0.00843572345497891,0.0295250320924262
153273.411807,2554366.126422,0,0.0577240241891149,0.866410115448048,0.0630382994319223,0.00971229613340663,0.00311526479750779
153773.411807,2554366.126422,0,0.0600110111947146,0.654432005872637,0.214351257111397,0.0390897412369242,0.0321159845843274
154273.411807,2554366.126422,0.00806895286997983,0.0627177700348432,0.649734091325876,0.195121951219512,0.0232899321474418,0.0610673024023473
154773.411807,2554366.126422,0.000183250870441635,0.07623236210372,0.815099871724391,0.032618654938611,0.0174088326919553,0.0584570276708814
155273.411807,2554366.126422,0.0106441548908057,0.0750596439713709,0.506698476784731,0.034868783262984,0.0579922921636998,0.314736648926409
155773.411807,2554366.126422,0.0146708233999633,0.0625343847423437,0.54006968641115,0.0740876581698148,0.0777553640198056,0.230882083256923
156273.411807,2554366.126422,0.0144768187648891,0.122778083195895,0.217335532343779,0.110500274876306,0.164559281656588,0.370350009162544
156773.411807,2554366.126422,0.0379886217654616,0.092126995779042,0.0611121306661773,0.247017801431455,0.116718663975041,0.445035786382823
157273.411807,2554366.126422,0.0267742527049331,0.061617458279846,0.182835136622043,0.247753530166881,0.158444892719604,0.322574729506694
157773.411807,2554366.126422,0.0194245922668133,0.215136521898479,0.108118013560564,0.1927799157046,0.140003665017409,0.324537291552135
158273.411807,2554366.126422,0,0.204074142044412,0.257478436410351,0.20352358230868,0.12461002018719,0.210313819049367
158773.411807,2554366.126422,0.0137538969374656,0.293049697414267,0.411333211076472,0.0608839171098478,0.0425453878598936,0.178433889602054
159273.411807,2554366.126422,0.00916254352208173,0.0491112332783581,0.532160527762507,0.0890599230346344,0.0518599963349826,0.268645776067436
159773.411807,2554366.126422,0.00917599559552211,0.0996513121673702,0.45659754083318,0.168287759221876,0.0963479537529822,0.16993943842907
160273.411807,2554366.126422,0,0.0959421201635735,0.470902799622523,0.115759672853098,0.115445108524693,0.201950298836112
151273.411807,2553866.126422,0.00110071546505228,0.0530177949000183,0.487066593285636,0.324894514767932,0.0432948082920565,0.0906255732893047
151773.411807,2553866.126422,0.00164835164835165,0.108424908424908,0.525457875457875,0.253296703296703,0.00842490842490842,0.102747252747253
152273.411807,2553866.126422,0.000917431192660551,0.0423853211009174,0.84954128440367,0.0954128440366973,0.0110091743119266,0.00073394495412844
152773.411807,2553866.126422,0.00183452577508714,0.106585947532563,0.583012291322693,0.278481012658228,0.0106402494955054,0.0194459732159237
153273.411807,2553866.126422,0.00164835164835165,0.0802197802197802,0.782051282051282,0.0954212454212454,0.01996336996337,0.0206959706959707
153773.411807,2553866.126422,0.00495412844036697,0.0418348623853211,0.819633027522936,0.0972477064220184,0.0198165137614679,0.0165137614678899
154273.411807,2553866.126422,0,0.0862227114290956,0.693450742982939,0.075032104201064,0.0498991010823702,0.0953953403045313
154773.411807,2553866.126422,0.00311355311355311,0.174542124542125,0.575457875457875,0.0503663003663004,0.0424908424908425,0.154029304029304
155273.411807,2553866.126422,0.00972477064220183,0.0636697247706422,0.491192660550459,0.0155963302752294,0.0376146788990826,0.382201834862385
155773.411807,2553866.126422,0.000733810310034856,0.119060722803155,0.23115024766098,0.101816180517336,0.106035589800037,0.441203448908457
156273.411807,2553866.126422,0,0.110989010989011,0.0294871794871795,0.314468864468864,0.282967032967033,0.262087912087912
156773.411807,2553866.126422,0.0220183486238532,0.0840366972477064,0.203302752293578,0.28348623853211,0.163669724770642,0.24348623853211
157273.411807,2553866.126422,0,0.0260502660062374,0.673087506879472,0.098147128967162,0.0207301412584847,0.181984956888644
157773.411807,2553866.126422,0.0106227106227106,0.0289377289377289,0.499084249084249,0.144139194139194,0.0234432234432234,0.293772893772894
158273.411807,2553866.126422,0.00036697247706422,0.0240366972477064,0.228807339449541,0.0726605504587156,0.0319266055045872,0.642201834862385
158773.411807,2553866.126422,0.000550357732526142,0.572555494404696,0.157035406347459,0.127316088791048,0.0445789763346175,0.0979636763896533
159273.411807,2553866.126422,0,0.400549450549451,0.0888278388278388,0.135714285714286,0.124542124542125,0.2503663003663
159773.411807,2553866.126422,0,0.455412844036697,0.190275229357798,0.0262385321100917,0.0900917431192661,0.237981651376147
160273.411807,2553866.126422,0.00535096002518099,0.449795404469625,0.25716084356311,0.0730248662259994,0.0843563109852062,0.130311614730878
151273.411807,2553366.126422,0,0.0287545787545788,0.194688644688645,0.704212454212454,0.0245421245421245,0.0478021978021978
151773.411807,2553366.126422,0,0.0386872020535387,0.51008434176751,0.375137513751375,0.0201686835350202,0.0559222588925559
152273.411807,2553366.126422,0,0.0386446886446886,0.252197802197802,0.635714285714286,0.010989010989011,0.0624542124542125
152773.411807,2553366.126422,0.00293040293040293,0.0351648351648352,0.367032967032967,0.515567765567766,0.0243589743589744,0.0549450549450549
153273.411807,2553366.126422,0,0.0548221488815548,0.613127979464613,0.252291895856252,0.0297029702970297,0.0500550055005501
153773.411807,2553366.126422,0.0010989010989011,0.108974358974359,0.68992673992674,0.128937728937729,0.0175824175824176,0.0534798534798535
154273.411807,2553366.126422,0,0.102197802197802,0.682783882783883,0.0749084249084249,0.0443223443223443,0.0957875457875458
154773.411807,2553366.126422,0,0.117345067840117,0.563256325632563,0.0577557755775578,0.0452878621195453,0.216354968830216
155273.411807,2553366.126422,0,0.108241758241758,0.618864468864469,0.0311355311355311,0.0144688644688645,0.227289377289377
155773.411807,2553366.126422,0,0.35970695970696,0.0192307692307692,0.0877289377289377,0.103846153846154,0.429487179487179
156273.411807,2553366.126422,0.00256692335900257,0.760542720938761,0.0295196186285295,0.0196186285295196,0.0157682434910158,0.171983865053172
156773.411807,2553366.126422,0.00549450549450549,0.0173992673992674,0.797435897435897,0.102930402930403,0.0043956043956044,0.0723443223443224
157273.411807,2553366.126422,0.036996336996337,0.0402930402930403,0.308241758241758,0.286996336996337,0.102747252747253,0.224725274725275
157773.411807,2553366.126422,0.00568390172350568,0.0566556655665567,0.507150715071507,0.0801246791345801,0.113127979464613,0.237257059039237
158273.411807,2553366.126422,0,0.180586080586081,0.0272893772893773,0.000183150183150183,0.0265567765567766,0.765384615384615
158773.411807,2553366.126422,0.0254578754578755,0.585164835164835,0,0.013003663003663,0.0124542124542125,0.363919413919414
159273.411807,2553366.126422,0.0280528052805281,0.755592225889256,0,0.0170517051705171,0.0449211587825449,0.154382104877154
159773.411807,2553366.126422,0.0166666666666667,0.666666666666667,0,0.0221611721611722,0.0723443223443224,0.222161172161172
160273.411807,2553366.126422,0.0339302544769086,0.633364750235627,0,0.0549795790135093,0.0738297203895696,0.203895695884386
151273.411807,2552866.126422,0,0,0,1,0,0
151773.411807,2552866.126422,0.00164925783397471,0.00787978742899029,0.444383360820964,0.489829576690489,0.0053142752428074,0.0509437419827744
152273.411807,2552866.126422,0,0.00165167920719398,0.742154523765829,0.254909157643604,0.000183519911910442,0.00110111947146265
152773.411807,2552866.126422,0,0.0232899321474418,0.696497340913259,0.245919677241885,0.033192737942417,0.00110031175499725
153273.411807,2552866.126422,0,0.0723840938244457,0.697819314641745,0.0602895363752978,0.0302363936228697,0.139270661535642
153773.411807,2552866.126422,0.000183519911910442,0.076344283354744,0.686547990456965,0.0724903652046247,0.0121123141860892,0.152321526885667
154273.411807,2552866.126422,0.000550155877498625,0.0788556757748029,0.65596919127086,0.0253071703649367,0.0115532734274711,0.227764533284431
154773.411807,2552866.126422,0,0.0813633864760858,0.789078248121679,0.0577240241891149,0.0192413413963716,0.0525929998167491
155273.411807,2552866.126422,0,0.23233620847862,0.263351073591485,0.103138190493669,0.101853551110295,0.299320976325931
155773.411807,2552866.126422,0,0.489455345681276,0.0474967907573813,0.00788556757748029,0.0403447643498991,0.414817531633963
156273.411807,2552866.126422,0,0.19736118746564,0.571376214037017,0.137438152831226,0.0238226131574125,0.0700018325087044
156773.411807,2552866.126422,0,0.0133969535694623,0.419893558451092,0.539181501192879,0.0194531106625069,0.00807487612405946
157273.411807,2552866.126422,0.0187052998349532,0.0511644966073721,0.556941133321108,0.196405648267009,0.0821566110397946,0.0946268109297634
157773.411807,2552866.126422,0.0776983690672531,0.0874106652006597,0.0850284038849184,0.0447132123877588,0.0855781564962434,0.619571192963167
158273.411807,2552866.126422,0.113965865296385,0.19489814644889,0.0816663608001468,0.0631308496971921,0.0756102037071022,0.470728574050284
158773.411807,2552866.126422,0.0236567027324409,0.0931597285897671,0.102879149092243,0.241701815514396,0.14799193104713,0.390610673024023
159273.411807,2552866.126422,0.0764156129741616,0.40809968847352,0.00751328568810702,0.0826461425691772,0.0824628916987356,0.342862378596298
159773.411807,2552866.126422,0.138924573316205,0.213433657551844,0.00183519911910442,0.230868049183336,0.156358964947697,0.258579555881813
160273.411807,2552866.126422,0.0402642340358603,0.254167977351368,0,0.166719094054734,0.22805913809374,0.310789556464297
151273.411807,2552366.126422,0,0,0,1,0,0
151773.411807,2552366.126422,0,0.019047619047619,0.245604395604396,0.676007326007326,0.0282051282051282,0.0311355311355311
152273.411807,2552366.126422,0.0179816513761468,0.0177981651376147,0.630642201834862,0.263119266055046,0.00880733944954129,0.061651376146789
152773.411807,2552366.126422,0,0,0.62483947899468,0.37516052100532,0,0
153273.411807,2552366.126422,0.000732600732600733,0.103113553113553,0.443956043956044,0.295970695970696,0.0714285714285714,0.0847985347985348
153773.411807,2552366.126422,0.00110091743119266,0.127155963302752,0.705321100917431,0.0295412844036697,0.0212844036697248,0.115596330275229
154273.411807,2552366.126422,0.00678774536782242,0.0792515134837644,0.615666850119244,0.0511832691249312,0.030820033021464,0.216290588882774
154773.411807,2552366.126422,0,0.103663003663004,0.657142857142857,0.0673992673992674,0.0582417582417582,0.113553113553114
155273.411807,2552366.126422,0,0.341651376146789,0.311376146788991,0.0491743119266055,0.063302752293578,0.234495412844037
155773.411807,2552366.126422,0.0121078701155751,0.266006237387635,0.183269124931205,0.0399926618968997,0.0715465052283985,0.427077600440286
156273.411807,2552366.126422,0,0,0.73992673992674,0.26007326007326,0,0
156773.411807,2552366.126422,0.0368807339449541,0.0475229357798165,0.218165137614679,0.394495412844037,0.132660550458716,0.170275229357798
157273.411807,2552366.126422,0.00220143093010457,0.0480645753072831,0.219409282700422,0.126031920748487,0.102183085672354,0.50210970464135
157773.411807,2552366.126422,0.0106227106227106,0.0631868131868132,0.258058608058608,0.0822344322344322,0.116483516483516,0.469413919413919
158273.411807,2552366.126422,0.00660550458715596,0.0653211009174312,0.466788990825688,0.150275229357798,0.0820183486238532,0.228990825688073
158773.411807,2552366.126422,0.0438451660245826,0.15116492386718,0.23683727756375,0.126031920748487,0.078884608328747,0.363236103467254
159273.411807,2552366.126422,0.0631868131868132,0.155860805860806,0.135897435897436,0.0968864468864469,0.129487179487179,0.418681318681319
159773.411807,2552366.126422,0.0972477064220184,0.109908256880734,0.162018348623853,0.119449541284404,0.0889908256880734,0.422385321100917
160273.411807,2552366.126422,0.150456405413913,0.137551148882594,0.017626691847655,0.119609694680516,0.114258734655335,0.460497324519987
151773.411807,2551866.126422,0,0.111111111111111,0.0685735240190686,0.465163182984965,0.245141180784745,0.11001100110011
152273.411807,2551866.126422,0,0.0274725274725275,0.425274725274725,0.46007326007326,0.0276556776556777,0.0595238095238095
152773.411807,2551866.126422,0,0.00183150183150183,0.911538461538462,0.0842490842490843,0.00146520146520147,0.000915750915750916
153273.411807,2551866.126422,0,0.0638063806380638,0.483498349834984,0.389255592225889,0.0231023102310231,0.0403373670700403
153773.411807,2551866.126422,0.0010989010989011,0.126923076923077,0.654212454212454,0.132234432234432,0.0238095238095238,0.0617216117216117
154273.411807,2551866.126422,0,0.112087912087912,0.617582417582418,0.101282051282051,0.0413919413919414,0.127655677655678
154773.411807,2551866.126422,0.00641730839750642,0.301246791345801,0.366519985331867,0.0364869820315365,0.0214521452145215,0.267876787678768
155273.411807,2551866.126422,0.00494505494505494,0.147069597069597,0.518498168498169,0.0598901098901099,0.056959706959707,0.212637362637363
155773.411807,2551866.126422,0.00293040293040293,0.0377289377289377,0.651648351648352,0.153663003663004,0.0783882783882784,0.0756410256410256
156273.411807,2551866.126422,0.0044004400440044,0.0443711037770444,0.676751008434177,0.0731573157315732,0.0546387972130546,0.146681334800147
156773.411807,2551866.126422,0.0179487179487179,0.113003663003663,0.334981684981685,0.0767399267399267,0.1003663003663,0.356959706959707
157273.411807,2551866.126422,0,0.310805860805861,0.38956043956044,0.043956043956044,0.0804029304029304,0.175274725274725
157773.411807,2551866.126422,0.0044004400440044,0.113861386138614,0.444627796112945,0.161716171617162,0.0878254492115878,0.187568756875688
158273.411807,2551866.126422,0.00970695970695971,0.0752747252747253,0.694139194139194,0.05,0.0624542124542125,0.108424908424908
158773.411807,2551866.126422,0.0523809523809524,0.193956043956044,0.337545787545788,0.0230769230769231,0.0353479853479853,0.357692307692308
159273.411807,2551866.126422,0.0100843417675101,0.166666666666667,0.250825082508251,0.0478547854785479,0.0986431976530986,0.425925925925926
159773.411807,2551866.126422,0.0133699633699634,0.187728937728938,0.362454212454212,0.136813186813187,0.0899267399267399,0.20970695970696
160273.411807,2551866.126422,0.110587496072887,0.197926484448633,0.131950989632422,0.019478479421929,0.0929940307885642,0.447062519635564
152773.411807,2551366.126422,0,0.0249403997799376,0.723638364203191,0.196405648267009,0.0262240968274344,0.028791490922428
153273.411807,2551366.126422,0,0.0108118013560564,0.171339563862928,0.803005314275243,0.0141103170240059,0.000733003481766538
153773.411807,2551366.126422,0.00256927876674619,0.115250504679758,0.562672049917416,0.204991741603964,0.0478986970086254,0.0666177280234905
154273.411807,2551366.126422,0.0168714469099578,0.110397946084724,0.732991014120667,0.0920594168347699,0.010819732257473,0.0368604437924078
154773.411807,2551366.126422,0.00256551218618288,0.127909107568261,0.644126809602346,0.0624885468205974,0.0219901044529962,0.140919919369617
155273.411807,2551366.126422,0,0.0277115066984768,0.822536245182602,0.0519361350706552,0.0389062213250138,0.058909891723252
155773.411807,2551366.126422,0,0.0386942967174033,0.758298184485604,0.0346598202824134,0.0410783055198973,0.127269392994682
156273.411807,2551366.126422,0.0331684075499359,0.155396738134506,0.488546820597398,0.0723840938244457,0.0472787245739417,0.203225215319773
156773.411807,2551366.126422,0.00880895577170123,0.251238759405395,0.426683795191778,0.0332171040557901,0.055606533308864,0.224444852266471
157273.411807,2551366.126422,0.00293416467999266,0.225930680359435,0.118100128369705,0.0773885934348065,0.113882266642215,0.461764166513846
157773.411807,2551366.126422,0.013560564412681,0.0985889682975994,0.501557632398754,0.0734835990470955,0.0907091808686091,0.222100054975261
158273.411807,2551366.126422,0.0152321526885667,0.142962011378235,0.598274912828042,0.0412919801798495,0.044411818682327,0.15782712424298
158773.411807,2551366.126422,0.0452961672473868,0.115532734274711,0.373189070236567,0.118283513662204,0.0418118466898955,0.305886667889235
159273.411807,2551366.126422,0.0377496793109767,0.108118013560564,0.226314824995419,0.0368334249587686,0.127176104086494,0.463807953087777
159773.411807,2551366.126422,0.049366856303909,0.131767296751698,0.272527069187007,0.0412919801798495,0.154523765828592,0.350523031748945
160273.411807,2551366.126422,0.117332494495124,0.0622837370242214,0.0173010380622837,0.0374331550802139,0.101604278074866,0.66404529726329
152773.411807,2550866.126422,0,0.0401761144744084,0.122179416620804,0.692716932672904,0.0986974866996881,0.0462300495321959
153273.411807,2550866.126422,0,0.0360805860805861,0.685714285714286,0.265384615384615,0.00567765567765568,0.00714285714285714
153773.411807,2550866.126422,0.0157798165137615,0.0480733944954128,0.523302752293578,0.303853211009174,0.0587155963302752,0.0502752293577982
154273.411807,2550866.126422,0.029535864978903,0.111539167125298,0.565584296459365,0.142726105301779,0.0293524124013942,0.12126215373326
154773.411807,2550866.126422,0.00128205128205128,0.0675824175824176,0.617216117216117,0.128205128205128,0.0888278388278388,0.0968864468864469
155273.411807,2550866.126422,0.00642201834862385,0.0280733944954128,0.739633027522936,0.0722935779816514,0.0574311926605505,0.0961467889908257
155773.411807,2550866.126422,0.0753990093560815,0.143276463034306,0.221610713630527,0.135388002201431,0.137589433131535,0.28673637864612
156273.411807,2550866.126422,0.082967032967033,0.151831501831502,0.486996336996337,0.101648351648352,0.0604395604395604,0.116117216117216
156773.411807,2550866.126422,0.0499082568807339,0.0917431192660551,0.365137614678899,0.152477064220183,0.13743119266055,0.203302752293578
157273.411807,2550866.126422,0.0388919464318474,0.118510365070629,0.0675105485232067,0.193359016694185,0.199046046596955,0.382682076683177
157773.411807,2550866.126422,0.0652014652014652,0.185347985347985,0.197435897435897,0.0915750915750916,0.0721611721611722,0.388278388278388
158273.411807,2550866.126422,0.00862385321100917,0.221834862385321,0.207155963302752,0.0660550458715596,0.125321100917431,0.371009174311927
158773.411807,2550866.126422,0.0469638598422308,0.379930288020547,0.246927169326729,0.0755824619335902,0.0572372041827188,0.193359016694185
159273.411807,2550866.126422,0.0981684981684982,0.165567765567766,0.167032967032967,0.180586080586081,0.1496336996337,0.239010989010989
159773.411807,2550866.126422,0.0776146788990826,0.068256880733945,0.123669724770642,0.316697247706422,0.164220183486239,0.24954128440367
160273.411807,2550866.126422,0.116462071136292,0.0915958451369216,0.177211205539817,0.29241422725842,0.146679257160844,0.175637393767705
153273.411807,2550366.126422,0,0.00165016501650165,0.651998533186652,0.344517785111844,0.00146681334800147,0.000366703337000367
153773.411807,2550366.126422,0,0,0.865934065934066,0.134065934065934,0,0
154273.411807,2550366.126422,0,0,0.604029304029304,0.395970695970696,0,0
154773.411807,2550366.126422,0,0.0388705537220389,0.568206820682068,0.257975797579758,0.0302530253025303,0.104693802713605
155273.411807,2550366.126422,0.0168498168498168,0.131501831501832,0.217216117216117,0.0617216117216117,0.134249084249084,0.438461538461538
155773.411807,2550366.126422,0.0168498168498168,0.213003663003663,0.389194139194139,0.153479853479853,0.0564102564102564,0.171062271062271
156273.411807,2550366.126422,0.0363036303630363,0.210854418775211,0.46002933626696,0.134580124679135,0.0341034103410341,0.124129079574624
156773.411807,2550366.126422,0.015018315018315,0.201831501831502,0.443772893772894,0.0591575091575092,0.112271062271062,0.167948717948718
157273.411807,2550366.126422,0.0137362637362637,0.173809523809524,0.167216117216117,0.186080586080586,0.162271062271062,0.296886446886447
157773.411807,2550366.126422,0.0231023102310231,0.172350568390172,0.333883388338834,0.207554088742208,0.0586725339200587,0.204437110377704
158273.411807,2550366.126422,0.00384615384615385,0.194505494505495,0.403479853479853,0.0793040293040293,0.0774725274725275,0.241391941391941
158773.411807,2550366.126422,0.0032967032967033,0.10952380952381,0.568681318681319,0.126007326007326,0.0824175824175824,0.11007326007326
159273.411807,2550366.126422,0.048954895489549,0.115878254492116,0.465163182984965,0.0430876420975431,0.063989732306564,0.262926292629263
159773.411807,2550366.126422,0.0192307692307692,0.104945054945055,0.206043956043956,0.0923076923076923,0.0721611721611722,0.505311355311355
160273.411807,2550366.126422,0.0210493245366007,0.130380144517751,0.123782595036129,0.181903864278982,0.114043355325165,0.428840716305372
153273.411807,2549866.126422,0,0,0.44511636430273,0.55488363569727,0,0
153773.411807,2549866.126422,0,0,0.240961644338411,0.759038355661589,0,0
