"x","y","forest","agri","water","built","other","grass"
250273.411807,2516366.126422,0.95494667157043,0,0,0,0,0.0450533284295697
250773.411807,2516366.126422,0.889480447953002,0.00826142830916101,0,0,0.0005507618872774,0.10170736185056
251273.411807,2516366.126422,0.691741769358102,0.140334743424683,0.00202317454478573,0.00514989884127276,0.00551774875850653,0.15523266507265
251773.411807,2516366.126422,0.894998161088636,0.061787421846267,0,0,0,0.0432144170650975
252273.411807,2516366.126422,0.968055810537911,0.0115659996328254,0,0,0,0.0203781898292638
252773.411807,2516366.126422,0.975537980503954,0.0119551223100975,0,0,0,0.0125068971859481
253273.411807,2516366.126422,0.882677454946672,0,0,0,0,0.117322545053328
253773.411807,2516366.126422,0.926748668992106,0,0,0,0,0.0732513310078943
254273.411807,2516366.126422,0.945374287290785,0,0,0,0,0.0546257127092146
254773.411807,2516366.126422,0.794961382861346,0,0,0,0,0.205038617138654
255273.411807,2516366.126422,0.864328988434,0.000367174591518267,0,0,0.00183587295759133,0.13346796401689
255773.411807,2516366.126422,0.384771013426522,0.00570167371712341,0.000183924958616884,0.0023910244620195,0.0847894059223837,0.522162957513335
256273.411807,2516366.126422,0.102795145273998,0.000367782272894446,0,0.00331004045605002,0.039536594336153,0.853990437660905
256773.411807,2516366.126422,0.0671929502478428,0.15035799522673,0,0.207270056912062,0.0589315219386818,0.516247475674683
257273.411807,2516366.126422,0.0215192201581755,0.124149347066397,0,0.393231561522899,0.118999448225124,0.342100423027405
257773.411807,2516366.126422,0.103346818683339,0.079073188672306,0.0185730047811695,0.00496506068407503,0.0948878264067672,0.699154100772343
258273.411807,2516366.126422,0.238112722599596,0.0049568569854966,0,0.0005507618872774,0.00734349183036534,0.749036166697265
258773.411807,2516366.126422,0.150634541107228,0.00772484826190914,0,0.00478204892403899,0.0148979216479676,0.821960640058856
259273.411807,2516366.126422,0.042846634792203,0.0198602427363001,0,0.00496506068407503,0.0582934902537698,0.874034571533652
259773.411807,2516366.126422,0.0433266017991555,0.0130346979988985,0,0.0427758399118781,0.186708279787039,0.714154580503029
260273.411807,2516366.126422,0.14640426705904,0.0211513702409417,0,0.00147139966893507,0.101894427073754,0.729078535957329
260773.411807,2516366.126422,0.0779698418536227,0.0735564545788893,0.0161824200073556,0.0246414122839279,0.108127988230967,0.699521883045237
261273.411807,2516366.126422,0.0943638700201946,0.143932439875161,0.00312098402790527,0.160271709197724,0.183403708463374,0.414907288415642
261773.411807,2516366.126422,0.117711973514806,0.360860768806327,0.00717307338605849,0.0402795659370977,0.119367298142358,0.354607320213353
262273.411807,2516366.126422,0.0559029054799559,0.397204854726002,0.0055167340934167,0.0400882677454947,0.103714600956234,0.397572636998897
262773.411807,2516366.126422,0.064357715171879,0.662703540966658,0.00258464719565779,0.00155078831739468,0.0237787542000517,0.245024554148359
250273.411807,2515866.126422,0.781501831501832,0.0311355311355311,0,0.00384615384615385,0.0510989010989011,0.132417582417582
250773.411807,2515866.126422,0.884855152181885,0.0434543454345435,0,0,0,0.0716905023835717
251273.411807,2515866.126422,0.95952380952381,0.00750915750915751,0,0,0,0.032967032967033
251773.411807,2515866.126422,0.898168498168498,0.0474358974358974,0,0,0,0.0543956043956044
252273.411807,2515866.126422,0.984598459845985,0.0022002200220022,0,0,0,0.0132013201320132
252773.411807,2515866.126422,0.988827838827839,0,0,0,0,0.0111721611721612
253273.411807,2515866.126422,0.945970695970696,0,0,0,0,0.054029304029304
253773.411807,2515866.126422,0.698936560322699,0.000733406674000733,0,0,0,0.3003300330033
254273.411807,2515866.126422,0.695787545787546,0.0208791208791209,0,0,0,0.283333333333333
254773.411807,2515866.126422,0.58040293040293,0.0153846153846154,0,0,0.000183150183150183,0.404029304029304
255273.411807,2515866.126422,0.626696002933627,0.00366703337000367,0,0.000916758342500917,0.0454712137880455,0.323248991565823
255773.411807,2515866.126422,0.595421245421245,0.0272893772893773,0,0.00622710622710623,0.0575091575091575,0.313553113553114
256273.411807,2515866.126422,0.167948717948718,0.0802197802197802,0,0,0,0.751831501831502
256773.411807,2515866.126422,0.368353502016868,0.0498716538320499,0,0,0.0364869820315365,0.545287862119545
257273.411807,2515866.126422,0.12985347985348,0.227106227106227,0,0.250732600732601,0.0324175824175824,0.35989010989011
257773.411807,2515866.126422,0.0380952380952381,0.0529304029304029,0.00164835164835165,0.606227106227106,0.0723443223443224,0.228754578754579
258273.411807,2515866.126422,0.0814081408140814,0.0484048404840484,0.000183351668500183,0.0198019801980198,0.0592225889255592,0.790979097909791
258773.411807,2515866.126422,0.130586080586081,0.00586080586080586,0,0.00549450549450549,0.0567765567765568,0.801282051282051
259273.411807,2515866.126422,0.0884615384615385,0.0113553113553114,0,0.00421245421245421,0.0216117216117216,0.874358974358974
259773.411807,2515866.126422,0.171067106710671,0.0190685735240191,0,0.0104510451045105,0.117161716171617,0.682251558489182
260273.411807,2515866.126422,0.0970695970695971,0.0565934065934066,0.000183150183150183,0.013003663003663,0.0690476190476191,0.764102564102564
260773.411807,2515866.126422,0.0686813186813187,0.0945054945054945,0.00549450549450549,0.0188644688644689,0.16007326007326,0.652380952380952
261273.411807,2515866.126422,0.0485881921525486,0.292812614594793,0.0141180784745141,0.0297029702970297,0.0865419875320865,0.528236156949028
261773.411807,2515866.126422,0.082967032967033,0.235347985347985,0.00567765567765568,0.0223443223443223,0.116666666666667,0.536996336996337
262273.411807,2515866.126422,0.0641025641025641,0.509157509157509,0.0117216117216117,0.0223443223443223,0.105128205128205,0.287545787545788
262773.411807,2515866.126422,0.0597938144329897,0.567525773195876,0.000257731958762887,0.0252577319587629,0.061340206185567,0.285824742268041
250273.411807,2515366.126422,0.952503209242619,0,0,0,0,0.0474967907573813
250773.411807,2515366.126422,0.950522264980759,0.000366501740883269,0,0,0,0.0491112332783581
251273.411807,2515366.126422,0.956872820701046,0.00311983850247752,0,0,0,0.0400073407964764
251773.411807,2515366.126422,0.979094076655052,0.0022006235099945,0,0,0,0.0187052998349532
252273.411807,2515366.126422,0.988638446032619,0,0,0,0,0.0113615539673813
252773.411807,2515366.126422,0.878693338227198,0,0,0,0,0.121306661772802
253273.411807,2515366.126422,0.867779204107831,0,0,0,0,0.132220795892169
253773.411807,2515366.126422,0.954187282389591,0,0,0,0,0.0458127176104087
254273.411807,2515366.126422,0.855202789502661,0,0,0.000183519911910442,0.000734079647641769,0.143879610937787
254773.411807,2515366.126422,0.763432972675591,0.0298918026774253,0,0,0.000183385292499542,0.206491839354484
255273.411807,2515366.126422,0.739600513102437,0.00146600696353308,0,0.000733003481766538,0.00659703133589885,0.251603445116364
255773.411807,2515366.126422,0.500825839603597,0.0172508717195816,0,0.00256927876674619,0.0445953385942375,0.434758671315838
256273.411807,2515366.126422,0.357234549789107,0.000550155877498625,0,0.00586832935998533,0.04401247019989,0.592334494773519
256773.411807,2515366.126422,0.472420743998534,0.01905809052593,0,0.00714678394722375,0.0995052226498076,0.401869158878505
257273.411807,2515366.126422,0.113965865296385,0.332538080381721,0,0.00642319691686548,0.0618462103138191,0.485226647091209
257773.411807,2515366.126422,0.115716119567211,0.441225013753897,0,0.0377773702549056,0.0509811113148725,0.354300385109114
258273.411807,2515366.126422,0.0659703133589885,0.0141103170240059,0,0.568444200109951,0.127176104086494,0.224299065420561
258773.411807,2515366.126422,0.0625802899614608,0.0438612589465957,0,0.123875940539549,0.10790970820334,0.661772802349055
259273.411807,2515366.126422,0.0874747845222813,0.0298918026774253,0,0.0430955437373923,0.0335595085274161,0.805978360535485
259773.411807,2515366.126422,0.0597397837639729,0.0130108118013561,0,0.000733003481766538,0.0364669232178853,0.890049477735019
260273.411807,2515366.126422,0.0666177280234905,0.0688199669664159,0.0220223894292531,0.0420260598274913,0.208111580106442,0.592402275646908
260773.411807,2515366.126422,0.066385475884834,0.361269026224097,0,0.00256739409499358,0.0742710434623143,0.495507060333761
261273.411807,2515366.126422,0.0996884735202492,0.423859263331501,0.0293201392706615,0.00568077698369067,0.0991387209089243,0.342312625984973
261773.411807,2515366.126422,0.0567076527803267,0.378968618095063,0.00110111947146265,0.0143145531290145,0.110111947146265,0.438796109377868
262273.411807,2515366.126422,0.0768384375573079,0.333577847056666,0.0276911791674308,0.053181734824867,0.112781954887218,0.39592884650651
262773.411807,2515366.126422,0.0639175257731959,0.321134020618557,0.0335051546391753,0.110567010309278,0.215721649484536,0.255154639175258
250273.411807,2514866.126422,0.9600073381031,0,0,0,0,0.0399926618968997
250773.411807,2514866.126422,0.970879120879121,0.00164835164835165,0,0,0,0.0274725274725275
251273.411807,2514866.126422,0.974678899082569,0.00513761467889908,0,0,0,0.0201834862385321
251773.411807,2514866.126422,1,0,0,0,0,0
252273.411807,2514866.126422,0.974175824175824,0,0,0,0,0.0258241758241758
252773.411807,2514866.126422,0.911192660550459,0,0,0,0,0.0888073394495413
253273.411807,2514866.126422,0.902770133920382,0,0,0,0,0.0972298660796184
253773.411807,2514866.126422,0.975641025641026,0,0,0,0,0.0243589743589744
254273.411807,2514866.126422,0.737798165137615,0,0,0,0,0.262201834862385
254773.411807,2514866.126422,0.510181618051734,0.000366905155017428,0,0,0,0.489451476793249
255273.411807,2514866.126422,0.56043956043956,0.0183150183150183,0,0,0.000915750915750916,0.42032967032967
255773.411807,2514866.126422,0.27302752293578,0.0596330275229358,0,0.0121100917431193,0.0598165137614679,0.595412844036697
256273.411807,2514866.126422,0.261970280682444,0.016694184553293,0,0.000733810310034856,0.0247660979636764,0.695835626490552
256773.411807,2514866.126422,0.268131868131868,0.043956043956044,0.0188644688644689,0.0424908424908425,0.103663003663004,0.522893772893773
257273.411807,2514866.126422,0.212660550458716,0.216880733944954,0.00330275229357798,0.00825688073394495,0.0519266055045872,0.50697247706422
257773.411807,2514866.126422,0.0249495505411851,0.695835626490552,0,0.000183452577508714,0.0168776371308017,0.262153733259952
258273.411807,2514866.126422,0.0232600732600733,0.692124542124542,0,0,0.00421245421245421,0.28040293040293
258773.411807,2514866.126422,0.171926605504587,0.0236697247706422,0,0.553577981651376,0.0304587155963303,0.220366972477064
259273.411807,2514866.126422,0.0513667217024399,0.0744817464685379,0.00587048248027885,0.576224545954871,0.156485048614933,0.13557145477894
259773.411807,2514866.126422,0.0917582417582418,0.0543956043956044,0,0.00201465201465201,0.0368131868131868,0.815018315018315
260273.411807,2514866.126422,0.046605504587156,0.353577981651376,0.00110091743119266,0.0177981651376147,0.0932110091743119,0.487706422018349
260773.411807,2514866.126422,0.134837644468905,0.387818748853421,0.00642084021280499,0.0100898917629793,0.124197394973399,0.33663547972849
261273.411807,2514866.126422,0.0571428571428571,0.48974358974359,0.00128205128205128,0.0173992673992674,0.0598901098901099,0.374542124542125
261773.411807,2514866.126422,0.0880733944954128,0.337247706422018,0.0414678899082569,0.113577981651376,0.141651376146789,0.277981651376147
262273.411807,2514866.126422,0.0842047330764997,0.134470739313887,0.0328380113740598,0.254081819849569,0.165841130067877,0.328563566318107
262773.411807,2514866.126422,0.0620814013395157,0.432766615146832,0.0247295208655332,0.0667181865018032,0.110510046367852,0.303194229778465
250273.411807,2514366.126422,0.978205128205128,0.00824175824175824,0,0,0,0.0135531135531136
250773.411807,2514366.126422,0.924275760909424,0.00055005500550055,0,0,0,0.0751741840850752
251273.411807,2514366.126422,0.983150183150183,0,0,0,0,0.0168498168498168
251773.411807,2514366.126422,0.939194139194139,0,0,0,0,0.0608058608058608
252273.411807,2514366.126422,0.94004400440044,0,0,0,0,0.05995599559956
252773.411807,2514366.126422,0.889377289377289,0,0,0,0,0.110622710622711
253273.411807,2514366.126422,0.942857142857143,0,0,0,0,0.0571428571428571
253773.411807,2514366.126422,0.984598459845985,0,0,0,0,0.0154015401540154
254273.411807,2514366.126422,0.657692307692308,0.0212454212454212,0,0.00128205128205128,0.00769230769230769,0.312087912087912
254773.411807,2514366.126422,0.727106227106227,0.00641025641025641,0,0,0.000549450549450549,0.265934065934066
255273.411807,2514366.126422,0.495599559955996,0.0122845617895123,0,0.00165016501650165,0.0205353868720205,0.46993032636597
255773.411807,2514366.126422,0.221794871794872,0.0358974358974359,0,0.0294871794871795,0.0842490842490843,0.628571428571429
256273.411807,2514366.126422,0.104395604395604,0.0313186813186813,0,0.0232600732600733,0.0915750915750916,0.749450549450549
256773.411807,2514366.126422,0.131096442977631,0.184085075174184,0,0.000183351668500183,0.0357535753575358,0.648881554822149
257273.411807,2514366.126422,0.0736263736263736,0.486446886446886,0,0.00164835164835165,0.0128205128205128,0.425457875457875
257773.411807,2514366.126422,0.0639194139194139,0.447069597069597,0,0.00256410256410256,0.0368131868131868,0.4496336996337
258273.411807,2514366.126422,0.139347268060139,0.627062706270627,0,0,0.0022002200220022,0.231389805647231
258773.411807,2514366.126422,0.168864468864469,0.0657509157509158,0,0.0245421245421245,0.102197802197802,0.638644688644689
259273.411807,2514366.126422,0.267216117216117,0.0586080586080586,0,0.265384615384615,0.0291208791208791,0.37967032967033
259773.411807,2514366.126422,0.0876420975430876,0.186285295196186,0.00586725339200587,0.31994866153282,0.0638063806380638,0.336450311697836
260273.411807,2514366.126422,0.058974358974359,0.571794871794872,0.000732600732600733,0.0108058608058608,0.0448717948717949,0.312820512820513
260773.411807,2514366.126422,0.110622710622711,0.273809523809524,0.00164835164835165,0.0457875457875458,0.0957875457875458,0.472344322344322
261273.411807,2514366.126422,0.0715071507150715,0.464796479647965,0.000183351668500183,0.026035936927026,0.112027869453612,0.325449211587825
261773.411807,2514366.126422,0.0562271062271062,0.43992673992674,0.0289377289377289,0.045970695970696,0.112637362637363,0.316300366300366
262273.411807,2514366.126422,0.0567765567765568,0.170879120879121,0.0227106227106227,0.194688644688645,0.207875457875458,0.347069597069597
262773.411807,2514366.126422,0.0396907216494845,0.261340206185567,0.0461340206185567,0.0443298969072165,0.168298969072165,0.44020618556701
250273.411807,2513866.126422,0.993764900055016,0,0,0,0,0.00623509994498441
250773.411807,2513866.126422,0.927432655305113,0,0,0,0,0.0725673446948873
251273.411807,2513866.126422,0.761607634428335,0.000917599559552211,0,0,0.000550559735731327,0.236924206276381
251773.411807,2513866.126422,0.8001100311755,0.00165046763249587,0,0,0.000366770584999083,0.197872730607005
252273.411807,2513866.126422,0.939893714495144,0,0,0,0,0.0601062855048561
252773.411807,2513866.126422,0.975591851715911,0,0,0,0,0.0244081482840888
253273.411807,2513866.126422,0.956537685677609,0,0,0,0,0.0434623143223913
253773.411807,2513866.126422,0.765072384093824,0.00128275609309144,0,0.000183250870441635,0.00201575957485798,0.231445849367785
254273.411807,2513866.126422,0.3567627087539,0.0012846393833731,0,0,0.00403743806202973,0.637915213800697
254773.411807,2513866.126422,0.79185769301302,0,0,0,0,0.20814230698698
255273.411807,2513866.126422,0.46637346527396,0.05717427157779,0,0,0.00384826827927433,0.472603994868976
255773.411807,2513866.126422,0.171591117636264,0.0390897412369242,0,0.00752431638832813,0.0592769315470729,0.722517893191411
256273.411807,2513866.126422,0.0742710434623143,0.0170548322024574,0.000366770584999083,0.0115532734274711,0.145974692829635,0.750779387493123
256773.411807,2513866.126422,0.10536925050394,0.0668865677111966,0,0,0.0128275609309144,0.814916620853949
257273.411807,2513866.126422,0.0304643053771334,0.515140392732611,0,0,0,0.454395301890255
257773.411807,2513866.126422,0.114615807812213,0.554557124518614,0,0.000183385292499542,0.0188886851274528,0.311754997249221
258273.411807,2513866.126422,0.0927249404434671,0.429906542056075,0,0.00861279091075683,0.0976727139453912,0.37108301264431
258773.411807,2513866.126422,0.123508900715728,0.0194531106625069,0,0.0691870067902367,0.0930445953385942,0.694806386492934
259273.411807,2513866.126422,0.13203741059967,0.123785072437191,0,0,0.0209059233449477,0.723271593618192
259773.411807,2513866.126422,0.163093274693055,0.0322521531977277,0,0.603445116364303,0.0604727872457394,0.140736668499175
260273.411807,2513866.126422,0.11213066617728,0.375298219856854,0.0367039823820885,0.0383556615892824,0.166819599926592,0.270691870067902
260773.411807,2513866.126422,0.0735375022923162,0.399413167064001,0.0117366587199707,0.01998899688245,0.111681643132221,0.383642031909041
261273.411807,2513866.126422,0.0654205607476635,0.574491478834524,0.00219901044529962,0.0274876305662452,0.0872274143302181,0.243173905076049
261773.411807,2513866.126422,0.0857037988621766,0.48118920902918,0.00495503762158194,0.031932464672417,0.090475316571848,0.305744173242797
262273.411807,2513866.126422,0.146891619292133,0.215110948101962,0.0986612873647534,0.0368604437924078,0.155510728039611,0.346964973409133
262773.411807,2513866.126422,0.107474226804124,0.227835051546392,0.0626288659793814,0.116494845360825,0.13479381443299,0.350773195876289
250273.411807,2513366.126422,0.829756008071913,0,0,0,0,0.170243991928087
250773.411807,2513366.126422,0.861355311355311,0,0,0,0,0.138644688644689
251273.411807,2513366.126422,0.693211009174312,0,0,0,0,0.306788990825688
251773.411807,2513366.126422,0.666850119244175,0.00568702990277013,0,0,0.00110071546505228,0.326362135388002
252273.411807,2513366.126422,0.618681318681319,0.00769230769230769,0,0.00128205128205128,0.0291208791208791,0.343223443223443
252773.411807,2513366.126422,0.821284403669725,0,0,0,0,0.178715596330275
253273.411807,2513366.126422,0.845166024582645,0,0,0,0,0.154833975417355
253773.411807,2513366.126422,0.765201465201465,0.00201465201465201,0,0,0,0.232783882783883
254273.411807,2513366.126422,0.280366972477064,0.0932110091743119,0,0.00055045871559633,0.0141284403669725,0.611743119266055
254773.411807,2513366.126422,0.19262520638415,0.0322876536415337,0,0.00110071546505228,0.0122913226930838,0.76169510181618
255273.411807,2513366.126422,0.0888278388278388,0.0450549450549451,0,0.144505494505494,0.203479853479853,0.518131868131868
255773.411807,2513366.126422,0.232477064220183,0.023302752293578,0,0.0100917431192661,0.0961467889908257,0.637981651376147
256273.411807,2513366.126422,0.134837644468905,0.0352228948816731,0,0.0177949000183453,0.122546321775821,0.689598238855256
256773.411807,2513366.126422,0.302747252747253,0.00989010989010989,0,0,0,0.687362637362637
257273.411807,2513366.126422,0.0902752293577982,0.248807339449541,0,0,0.0418348623853211,0.619082568807339
257773.411807,2513366.126422,0.250779673454412,0.00165107319757843,0,0,0.0581544670702623,0.689414786277747
258273.411807,2513366.126422,0.0510989010989011,0.256776556776557,0,0.0108058608058608,0.0415750915750916,0.63974358974359
258773.411807,2513366.126422,0.0954128440366973,0.102201834862385,0,0.146422018348624,0.184954128440367,0.471009174311927
259273.411807,2513366.126422,0.0398092093193909,0.352595853971748,0,0.00568702990277013,0.0491652907723353,0.552742616033755
259773.411807,2513366.126422,0.0287545787545788,0.241941391941392,0.00311355311355311,0.329120879120879,0.0631868131868132,0.333882783882784
260273.411807,2513366.126422,0.0337614678899083,0.100183486238532,0.00385321100917431,0.503302752293578,0.17302752293578,0.185871559633028
260773.411807,2513366.126422,0.0271509814712897,0.711245643001284,0.0130251330031187,0.00697119794533113,0.00807191341038342,0.233535131168593
261273.411807,2513366.126422,0.0523809523809524,0.49010989010989,0.023992673992674,0.0243589743589744,0.136813186813187,0.272344322344322
261773.411807,2513366.126422,0.0651376146788991,0.483302752293578,0.00788990825688073,0.0192660550458716,0.0660550458715596,0.358348623853211
262273.411807,2513366.126422,0.0409099247844432,0.155567785727389,0.0823702073014126,0.0944780774169877,0.106219042377545,0.520454962392222
262773.411807,2513366.126422,0.0345182895414735,0.238021638330757,0.0940236991241628,0.139361154044307,0.0868109222050489,0.40726429675425
250273.411807,2512866.126422,0.595604395604396,0,0,0,0,0.404395604395604
250773.411807,2512866.126422,0.758525852585259,0,0,0,0,0.241474147414741
251273.411807,2512866.126422,0.779304029304029,0,0,0,0,0.220695970695971
251773.411807,2512866.126422,0.760989010989011,0.0010989010989011,0,0,0.00274725274725275,0.235164835164835
252273.411807,2512866.126422,0.391089108910891,0.0410707737440411,0,0.000183351668500183,0.0146681334800147,0.552988632196553
252773.411807,2512866.126422,0.714835164835165,0.026007326007326,0,0,0.0115384615384615,0.247619047619048
253273.411807,2512866.126422,0.748351648351648,0,0,0,0,0.251648351648352
253773.411807,2512866.126422,0.275027502750275,0.0333700036670334,0,0.000916758342500917,0.0104510451045105,0.68023469013568
254273.411807,2512866.126422,0.141758241758242,0.0236263736263736,0,0,0.00860805860805861,0.826007326007326
254773.411807,2512866.126422,0.171428571428571,0.00641025641025641,0,0.00787545787545788,0.0595238095238095,0.754761904761905
255273.411807,2512866.126422,0.0454712137880455,0.0183351668500183,0,0.0581224789145581,0.133846718005134,0.744224422442244
255773.411807,2512866.126422,0.0604395604395604,0.054029304029304,0,0,0.0615384615384615,0.823992673992674
256273.411807,2512866.126422,0.112820512820513,0.0738095238095238,0,0.00695970695970696,0.0836996336996337,0.722710622710623
256773.411807,2512866.126422,0.140997433076641,0.0416208287495416,0,0.00128346167950128,0.138247158049138,0.677851118445178
257273.411807,2512866.126422,0.0424908424908425,0.318864468864469,0,0.000915750915750916,0.0318681318681319,0.605860805860806
257773.411807,2512866.126422,0.0827838827838828,0.158241758241758,0,0.0364468864468864,0.0857142857142857,0.636813186813187
258273.411807,2512866.126422,0.0443711037770444,0.220938760542721,0.000366703337000367,0.0232856618995233,0.0658232489915658,0.645214521452145
258773.411807,2512866.126422,0.0562271062271062,0.164652014652015,0.00476190476190476,0.0184981684981685,0.104212454212454,0.651648351648352
259273.411807,2512866.126422,0.0388278388278388,0.474175824175824,0.00824175824175824,0.0124542124542125,0.0624542124542125,0.403846153846154
259773.411807,2512866.126422,0.0416208287495416,0.337183718371837,0,0.0474880821415475,0.0203520352035204,0.553355335533553
260273.411807,2512866.126422,0.0032967032967033,0.0210622710622711,0,0.870512820512821,0.0304029304029304,0.0747252747252747
260773.411807,2512866.126422,0.0177655677655678,0.665567765567766,0,0.125641025641026,0.0293040293040293,0.161721611721612
261273.411807,2512866.126422,0.0254858819215255,0.461496149614961,0.0124679134580125,0.106343967730106,0.0658232489915658,0.328382838283828
261773.411807,2512866.126422,0.116849816849817,0.552014652014652,0,0.0203296703296703,0.0148351648351648,0.295970695970696
262273.411807,2512866.126422,0.102380952380952,0.284065934065934,0.21978021978022,0.181501831501831,0.0402930402930403,0.171978021978022
250273.411807,2512366.126422,0.725655602420686,0,0,0,0,0.274344397579314
250773.411807,2512366.126422,0.665383910573575,0,0,0,0,0.334616089426425
251273.411807,2512366.126422,0.780693705267021,0,0,0,0,0.219306294732979
251773.411807,2512366.126422,0.796258940033009,0,0,0,0,0.203741059966991
252273.411807,2512366.126422,0.342495876855415,0.0102620487447315,0,0.000549752611324904,0.00824628916987356,0.638446032618655
252773.411807,2512366.126422,0.212883097816113,0.105523949348504,0,0.00183519911910442,0.0631308496971921,0.616626904019086
253273.411807,2512366.126422,0.357968090959105,0.0451127819548872,0,0.000183385292499542,0.00733541169998166,0.589400330093527
253773.411807,2512366.126422,0.164376030786146,0.0284038849184534,0,0.030602895363753,0.0276708814366868,0.748946307494961
254273.411807,2512366.126422,0.148834648559369,0.0343182235272527,0.000550559735731327,0.0189025509267756,0.148100568911727,0.649293448339145
254773.411807,2512366.126422,0.0832569227947919,0.171098477902072,0,0.00275077938749312,0.0874747845222813,0.655419035393361
255273.411807,2512366.126422,0.0364669232178853,0.166758292101887,0,0,0.0309693971046362,0.765805387575591
255773.411807,2512366.126422,0.101486511286475,0.0552394934850431,0,0.0425766195632226,0.0895577170122958,0.711139658652964
256273.411807,2512366.126422,0.148725472217128,0.0540986612873648,0,0.0449293966623877,0.128919860627178,0.623326609205942
256773.411807,2512366.126422,0.22081729888217,0.0251053692505039,0.000183250870441635,0.0437969580355507,0.0896096756459593,0.620487447315375
257273.411807,2512366.126422,0.141310332171041,0.0690034868783263,0,0.0238575885483575,0.118553863094146,0.64727472930813
257773.411807,2512366.126422,0.0806895286997983,0.270860077021823,0,0.0843572345497891,0.0808729139922978,0.483220245736292
258273.411807,2512366.126422,0.0505772402418911,0.271761040864944,0.00219901044529962,0.0199743448781382,0.0491112332783581,0.606377130291369
258773.411807,2512366.126422,0.065149568728207,0.233437327950083,0.0280785465222977,0.0187190310148651,0.0926775555147734,0.561937970269774
259273.411807,2512366.126422,0.0432789290298918,0.353200073354117,0.015587749862461,0.0383275261324042,0.0568494406748579,0.492756280946268
259773.411807,2512366.126422,0.0227231079347627,0.196078431372549,0.0903426791277259,0.0373831775700935,0.023089609675646,0.630382994319223
260273.411807,2512366.126422,0.15360616626904,0.0249587080198202,0,0.485777206826941,0.00679023674068636,0.328867682143513
260773.411807,2512366.126422,0.0522648083623693,0.152576563359619,0.00128369704749679,0.286814597469283,0.010819732257473,0.496240601503759
261273.411807,2512366.126422,0.0615722924683892,0.260399486897563,0.0472787245739417,0.356239692138538,0.0522264980758659,0.222283305845703
250273.411807,2511866.126422,0.654008438818565,0,0,0,0,0.345991561181435
250773.411807,2511866.126422,0.616300366300366,0,0,0,0,0.383699633699634
251273.411807,2511866.126422,0.684770642201835,0,0,0,0,0.315229357798165
251773.411807,2511866.126422,0.849568886442855,0.00697119794533113,0,0,0,0.143459915611814
252273.411807,2511866.126422,0.211904761904762,0.0108058608058608,0,0,0.00714285714285714,0.77014652014652
252773.411807,2511866.126422,0.299449541284404,0.0280733944954128,0,0.00513761467889908,0.068256880733945,0.599082568807339
253273.411807,2511866.126422,0.177398642450926,0.078884608328747,0,0.00165107319757843,0.0390753990093561,0.702990277013392
253773.411807,2511866.126422,0.262271062271062,0.0732600732600733,0,0.0122710622710623,0.153113553113553,0.499084249084249
254273.411807,2511866.126422,0.14697247706422,0.0260550458715596,0.0018348623853211,0.245871559633028,0.196146788990826,0.383119266055046
254773.411807,2511866.126422,0.148229682627041,0.0770500825536599,0,0.060906255732893,0.137405980554027,0.576407998532379
255273.411807,2511866.126422,0.1,0.0402930402930403,0,0.337545787545788,0.212454212454212,0.30970695970696
255773.411807,2511866.126422,0.126605504587156,0.028256880733945,0,0.264403669724771,0.194495412844037,0.386238532110092
256273.411807,2511866.126422,0.106585947532563,0.116308934140525,0,0.0436617134470739,0.110254999082737,0.623188405797101
256773.411807,2511866.126422,0.0836996336996337,0.105860805860806,0,0.0146520146520147,0.0727106227106227,0.723076923076923
257273.411807,2511866.126422,0.055045871559633,0.0638532110091743,0.00073394495412844,0.0155963302752294,0.124036697247706,0.740733944954128
257773.411807,2511866.126422,0.0240322876536415,0.213538800220143,0.00880572372041827,0.0379746835443038,0.124197394973399,0.591451109888094
258273.411807,2511866.126422,0.0681318681318681,0.245970695970696,0.0126373626373626,0.0106227106227106,0.0833333333333333,0.579304029304029
258773.411807,2511866.126422,0.0436697247706422,0.168440366972477,0.117614678899083,0.0614678899082569,0.104954128440367,0.503853211009174
259273.411807,2511866.126422,0.0590717299578059,0.21115391671253,0.152815997064759,0.0799853237937993,0.0715465052283985,0.425426527242708
259773.411807,2511866.126422,0.169413919413919,0.178571428571429,0,0.118131868131868,0.0208791208791209,0.513003663003663
260273.411807,2511866.126422,0.104587155963303,0.0144954128440367,0.0354128440366972,0.407339449541284,0.0339449541284404,0.404220183486239
260773.411807,2511866.126422,0,0.00880572372041827,0.452944413869015,0.530911759310218,0.00165107319757843,0.00568702990277013
250273.411807,2511366.126422,0.815018315018315,0,0,0,0,0.184981684981685
250773.411807,2511366.126422,0.743857719105244,0,0,0,0,0.256142280894756
251273.411807,2511366.126422,0.696703296703297,0,0,0,0,0.303296703296703
251773.411807,2511366.126422,0.903663003663004,0,0,0,0,0.0963369963369963
252273.411807,2511366.126422,0.687018701870187,0.00476714338100477,0,0,0,0.308214154748808
252773.411807,2511366.126422,0.170879120879121,0.0608058608058608,0,0.00402930402930403,0.0586080586080586,0.705677655677656
253273.411807,2511366.126422,0.283333333333333,0.0421245421245421,0,0.0307692307692308,0.0712454212454212,0.572527472527472
253773.411807,2511366.126422,0.188302163549688,0.0671067106710671,0,0.144847818115145,0.096993032636597,0.502750275027503
254273.411807,2511366.126422,0.0608058608058608,0.0697802197802198,0,0.257326007326007,0.102014652014652,0.51007326007326
254773.411807,2511366.126422,0.0820512820512821,0.0419413919413919,0,0.258791208791209,0.0274725274725275,0.58974358974359
255273.411807,2511366.126422,0.125412541254125,0.061972863953062,0.00366703337000367,0.0451045104510451,0.0205353868720205,0.743307664099743
255773.411807,2511366.126422,0.202930402930403,0.0315018315018315,0,0.0298534798534799,0.100549450549451,0.635164835164835
256273.411807,2511366.126422,0.0401098901098901,0.0747252747252747,0,0.000183150183150183,0.0106227106227106,0.874358974358974
256773.411807,2511366.126422,0.102126879354602,0.0157682434910158,0.00238357169050238,0.0108177484415108,0.172717271727173,0.696186285295196
257273.411807,2511366.126422,0.0485347985347985,0.0249084249084249,0.00274725274725275,0.0302197802197802,0.0888278388278388,0.804761904761905
257773.411807,2511366.126422,0.0228937728937729,0.174725274725275,0.000366300366300366,0.0206959706959707,0.0741758241758242,0.707142857142857
258273.411807,2511366.126422,0.146681334800147,0.0573890722405574,0.00201686835350202,0.0247524752475248,0.102676934360103,0.666483314998166
258773.411807,2511366.126422,0.124542124542125,0.166849816849817,0.0932234432234432,0.206959706959707,0.0351648351648352,0.373260073260073
259273.411807,2511366.126422,0.0514652014652015,0.00897435897435897,0.564835164835165,0.190842490842491,0.0188644688644689,0.165018315018315
250273.411807,2510866.126422,0.816614707500459,0,0,0,0,0.183385292499542
250773.411807,2510866.126422,0.857797324537292,0,0,0.000183250870441635,0.00238226131574125,0.139637163276526
251273.411807,2510866.126422,0.721416773719949,0,0,0,0,0.278583226280051
251773.411807,2510866.126422,0.422336328626444,0.000366770584999083,0,0.000183385292499542,0.00256739409499358,0.574546121401064
252273.411807,2510866.126422,0.305662451896647,0.0183250870441635,0,0.0102620487447315,0.0678028220634048,0.597947590251054
252773.411807,2510866.126422,0.146081849880712,0.131950816663608,0,0.348320792806019,0.0561570930445953,0.317489447605065
253273.411807,2510866.126422,0.0790390610673024,0.0702365670273244,0.00165046763249587,0.48780487804878,0.079589216944801,0.281679809279296
253773.411807,2510866.126422,0.338464357705699,0.0776983690672531,0,0.130841121495327,0.0163093274693055,0.436686824262415
254273.411807,2510866.126422,0.239860524866948,0.044411818682327,0.00238575885483575,0.0774454028262066,0.152872086621398,0.483024408148284
254773.411807,2510866.126422,0.0412616908123968,0.0379607555474051,0.00513478818998716,0.176600036677059,0.0836236933797909,0.655419035393361
255273.411807,2510866.126422,0.0668865677111966,0.0487447315374748,0.00109950522264981,0.500091625435221,0.0448964632582005,0.338281106835257
255773.411807,2510866.126422,0.0992842723435493,0.028629106258029,0,0.208295100018352,0.0244081482840888,0.639383373095981
256273.411807,2510866.126422,0.102145607922245,0.0212726939299468,0,0,0.00953603520997616,0.867045662937832
256773.411807,2510866.126422,0.0282206340480117,0.00494777350192413,0,0,0,0.966831592450064
257273.411807,2510866.126422,0.0113782345384474,0.0047715177096715,0.000550559735731327,0,0.00679023674068636,0.976509451275463
257773.411807,2510866.126422,0.133871263524665,0.0185219145424537,0,0.0425453878598936,0.0460297084173849,0.759031725655602
258273.411807,2510866.126422,0.0731170973062122,0.0186915887850467,0.470038482682793,0.240241891148983,0.0254718709913872,0.172439069085578
250273.411807,2510366.126422,0.506512566501559,0.0447624289121262,0.00715465052283985,0.0807191341038342,0.0412768299394606,0.31957439002018
250773.411807,2510366.126422,0.56959706959707,0.0324175824175824,0.00824175824175824,0.0346153846153846,0.0657509157509158,0.289377289377289
251273.411807,2510366.126422,0.309357798165138,0.0708256880733945,0.00385321100917431,0.190642201834862,0.104036697247706,0.321284403669725
251773.411807,2510366.126422,0.155567785727389,0.0761328196661163,0.000183452577508714,0.277380297193176,0.170977802238121,0.319757842597689
252273.411807,2510366.126422,0.406776556776557,0.114652014652015,0.00238095238095238,0.22967032967033,0.119230769230769,0.127289377289377
252773.411807,2510366.126422,0.54605504587156,0.0300917431192661,0,0.0348623853211009,0.108990825688073,0.28
253273.411807,2510366.126422,0.326912493120528,0.0407264722069345,0,0.14841313520455,0.029535864978903,0.454412034489085
253773.411807,2510366.126422,0.648901098901099,0.00805860805860806,0,0,0,0.343040293040293
254273.411807,2510366.126422,0.448807339449541,0.0119266055045872,0,0.00825688073394495,0.0796330275229358,0.451376146788991
254773.411807,2510366.126422,0.170427444505595,0.0286186020913594,0.00733810310034856,0.162538983672721,0.203265455879655,0.427811410750321
255273.411807,2510366.126422,0.0582417582417582,0.0283882783882784,0.0126373626373626,0.0752747252747253,0.0611721611721612,0.764285714285714
255773.411807,2510366.126422,0.0190825688073394,0.0256880733944954,0.00587155963302752,0.630275229357798,0.0225688073394495,0.29651376146789
256273.411807,2510366.126422,0.0238488350761328,0,0,0,0,0.976151164923867
256773.411807,2510366.126422,0.015018315018315,0.0104395604395604,0,0,0.00183150183150183,0.972710622710623
257273.411807,2510366.126422,0.00495412844036697,0.0227522935779817,0.0018348623853211,0.163669724770642,0.0341284403669725,0.772660550458716
250273.411807,2509866.126422,0.478388278388278,0.00311355311355311,0,0.000366300366300366,0.00512820512820513,0.513003663003663
250773.411807,2509866.126422,0.479464613127979,0.0172350568390172,0,0.000916758342500917,0.00825082508250825,0.494132746607994
251273.411807,2509866.126422,0.521428571428571,0.0230769230769231,0,0.000183150183150183,0.00384615384615385,0.451465201465201
251773.411807,2509866.126422,0.666483516483516,0.0142857142857143,0,0,0.000915750915750916,0.318315018315018
252273.411807,2509866.126422,0.936927026035937,0.00275027502750275,0,0,0.0011001100110011,0.0592225889255592
252773.411807,2509866.126422,0.863736263736264,0.000183150183150183,0,0,0,0.136080586080586
253273.411807,2509866.126422,0.841941391941392,0.00366300366300366,0,0,0,0.154395604395604
253773.411807,2509866.126422,0.65016501650165,0,0,0,0,0.34983498349835
254273.411807,2509866.126422,0.25,0.0161172161172161,0,0.00421245421245421,0.0573260073260073,0.672344322344322
254773.411807,2509866.126422,0.0695970695970696,0.0547619047619048,0.0380952380952381,0.114285714285714,0.208424908424908,0.514835164835165
255273.411807,2509866.126422,0.050971763843051,0.0577557755775578,0.0170517051705171,0.0262192885955262,0.126879354602127,0.721122112211221
255773.411807,2509866.126422,0.00879120879120879,0.0227106227106227,0.00952380952380952,0.321794871794872,0.0868131868131868,0.5503663003663
256273.411807,2509866.126422,0.0181318681318681,0.0104395604395604,0.00421245421245421,0.488827838827839,0.0104395604395604,0.467948717948718
256773.411807,2509866.126422,0.0232856618995233,0.00055005500550055,0,0.0861752841950862,0.0603226989365603,0.82966629996333
257273.411807,2509866.126422,0.00164835164835165,0.00274725274725275,0.652747252747253,0.257509157509157,0.0267399267399267,0.0586080586080586
250273.411807,2509366.126422,0.467265725288832,0.00513478818998716,0,0,0.00110031175499725,0.526499174766184
250773.411807,2509366.126422,0.350742166025289,0.00109950522264981,0,0,0.00549752611324904,0.642660802638813
251273.411807,2509366.126422,0.295834097999633,0.00642319691686548,0,0,0.000917599559552211,0.696825105523949
251773.411807,2509366.126422,0.285164129836787,0.0137538969374656,0,0,0.004401247019989,0.696680726205758
252273.411807,2509366.126422,0.47425325270295,0.00586402785413231,0,0,0.00311526479750779,0.51676745464541
252773.411807,2509366.126422,0.601945311066251,0.00201871903101487,0,0,0.00293631859056708,0.393099651312167
253273.411807,2509366.126422,0.494039977993765,0.00165046763249587,0,0.00201723821749496,0.0278745644599303,0.474417751696314
253773.411807,2509366.126422,0.721825178669599,0,0,0,0,0.278174821330401
254273.411807,2509366.126422,0.509267755551477,0.00605615709304459,0,0.0770783630023858,0.0662506881996697,0.341347036153423
254773.411807,2509366.126422,0.072803961122318,0.0909591050797726,0.035209976159912,0.0711534934898221,0.273244085824317,0.456629378323858
255273.411807,2509366.126422,0.0588235294117647,0.0417811984606927,0.0720175920835624,0.0432472054242258,0.232911856331318,0.551218618288437
255773.411807,2509366.126422,0.171774637548174,0.0860708386859974,0.0110111947146265,0.110111947146265,0.092126995779042,0.528904386125895
256273.411807,2509366.126422,0.0216394645149459,0.0794058316523015,0.00861910874747845,0.609939482853475,0.0502475701448744,0.230148542086925
256773.411807,2509366.126422,0,0.000183250870441635,0.473703500091625,0.487813817115631,0.0139270661535642,0.0243723657687374
250273.411807,2508866.126422,0.393322326178683,0.00146762062006971,0,0,0,0.605210053201247
250773.411807,2508866.126422,0.222527472527473,0.00366300366300366,0,0.000549450549450549,0.0135531135531136,0.75970695970696
251273.411807,2508866.126422,0.375229357798165,0.00073394495412844,0,0,0.0036697247706422,0.620366972477064
251773.411807,2508866.126422,0.524307466519905,0.00220143093010457,0,0,0.00183452577508714,0.471656576774904
252273.411807,2508866.126422,0.488095238095238,0,0,0,0,0.511904761904762
252773.411807,2508866.126422,0.20954128440367,0.00073394495412844,0,0,0.00201834862385321,0.787706422018349
253273.411807,2508866.126422,0.501926252063841,0.00770500825536599,0,0,0,0.490368739680793
253773.411807,2508866.126422,0.549084249084249,0.0243589743589744,0,0,0.00695970695970696,0.41959706959707
254273.411807,2508866.126422,0.136880733944954,0.0361467889908257,0.0179816513761468,0.0256880733944954,0.180917431192661,0.602385321100917
254773.411807,2508866.126422,0.0541185103650706,0.0376077783892864,0.0642084021280499,0.0297193175564117,0.177215189873418,0.637130801687764
255273.411807,2508866.126422,0.0738095238095238,0.113553113553114,0.0857142857142857,0.0146520146520147,0.169047619047619,0.543223443223443
255773.411807,2508866.126422,0.305137614678899,0.0388990825688073,0.0143119266055046,0.14605504587156,0.0291743119266055,0.466422018348624
