"x","y","forest","agri","water","built","other","grass"
198773.411807,2530366.126422,0.0652680652680653,0.49504662004662,0,0,0,0.439685314685315
199273.411807,2530366.126422,0.175700552260176,0.25853957864594,0.0024544896706893,0.0157496420535897,0.0153405604418081,0.532215176927797
199773.411807,2530366.126422,0.0802532162548499,0.537471921584644,0,0,0.00204206657137023,0.380232795589136
200273.411807,2530366.126422,0.205689725747032,0.116659844453541,0,0,0.00368399508800655,0.67396643471142
200773.411807,2530366.126422,0.125997136428718,0.159337287788914,0,0.0024544896706893,0.067293925138065,0.644917160973614
201273.411807,2530366.126422,0.0667755768838064,0.27915050030631,0.000204206657137023,0.0169491525423729,0.124974474167858,0.511946089442516
201773.411807,2530366.126422,0.125255832992223,0.301473598035203,0,0.00143266475644699,0.0712239050347933,0.500613999181334
202273.411807,2530366.126422,0.0963387195745551,0.236040089997955,0,0.00490897934137861,0.165064430353856,0.497647780732256
202773.411807,2530366.126422,0.104553808454156,0.192362671023075,0.000204206657137023,0.00387992648560343,0.114355727996733,0.584643659383296
203273.411807,2530366.126422,0.0787965616045845,0.281620957838723,0.00716332378223496,0.00798198935734752,0.142243143675808,0.482194023741302
203773.411807,2530366.126422,0.0650439762732665,0.250357946410309,0.00899979545919411,0.0222949478420945,0.155041930865208,0.498261403149928
204273.411807,2530366.126422,0.0747396365121503,0.309577292219726,0.000204206657137023,0.0230753522564836,0.0639166836838881,0.528486828670615
204773.411807,2530366.126422,0.086778550961932,0.216741711011052,0,0.0147359803520262,0.203233729021695,0.478510028653295
205273.411807,2530366.126422,0.373900593168337,0.223767641644508,0,0.00122724483534465,0.0355901002249949,0.365514420126815
205773.411807,2530366.126422,0.112313661425362,0.0684092301409026,0.00387992648560343,0.0637124770267511,0.247906881764346,0.503777823157035
206273.411807,2530366.126422,0.123413835448219,0.14101514531314,0.00470732705689726,0.017396643471142,0.0718379042161277,0.641629144494474
206773.411807,2530366.126422,0.933524238085498,0.0032726528942524,0,0,0.000204540805890775,0.0629985682143588
207273.411807,2530366.126422,0.861956299775373,0,0,0,0.000612619971411068,0.137431080253216
207773.411807,2530366.126422,0.773638968481375,0.000818665575112567,0,0.000409332787556283,0.00757265656979124,0.217560376586165
208273.411807,2530366.126422,0.855389650235222,0.0024544896706893,0,0,0.00204540805890775,0.140110452035181
208773.411807,2530366.126422,0.889115785174597,0.000204206657137023,0,0,0,0.110680008168266
209273.411807,2530366.126422,0.636921817437577,0.017396643471142,0,0.00143266475644699,0.00613999181334425,0.33810888252149
209773.411807,2530366.126422,0.193086520760892,0.154428308447535,0.00122724483534465,0.0151360196359174,0.0357946410308857,0.600327265289425
210273.411807,2530366.126422,0.357157443332653,0.0481927710843374,0,0.00245047988564427,0.018174392485195,0.574024913212171
210773.411807,2530366.126422,0.139991813344249,0.251944330740892,0.00225133033155956,0.0444126074498567,0.0464592713876381,0.514940646745804
211273.411807,2530366.126422,0.0610240334378265,0.0848484848484849,0.0142110762800418,0.632810867293626,0.0438871473354232,0.163218390804598
198773.411807,2529866.126422,0.380817690923116,0.0460272563641039,0,0.000257135510413988,0.00308562612496786,0.569812291077398
199273.411807,2529866.126422,0.0752155567785727,0.383599339570721,0,0.00366905155017428,0.000733810310034856,0.536782241790497
199773.411807,2529866.126422,0.0357142857142857,0.355677655677656,0,0,0.000915750915750916,0.607692307692308
200273.411807,2529866.126422,0.0952293577981651,0.426788990825688,0,0,0.0315596330275229,0.446422018348624
200773.411807,2529866.126422,0.110254999082737,0.184736745551275,0,0.0332049165290772,0.208952485782425,0.462850853054485
201273.411807,2529866.126422,0.131501831501832,0.182967032967033,0.0186813186813187,0.0221611721611722,0.176556776556777,0.468131868131868
201773.411807,2529866.126422,0.101284403669725,0.277614678899083,0.00220183486238532,0.00165137614678899,0.104403669724771,0.512844036697248
202273.411807,2529866.126422,0.0555861309851403,0.320858558062741,0.000366905155017428,0.0137589433131535,0.217207851770317,0.392221610713631
202773.411807,2529866.126422,0.0611721611721612,0.397069597069597,0,0.0148351648351648,0.160989010989011,0.365934065934066
203273.411807,2529866.126422,0.0554128440366972,0.289908256880734,0,0.00642201834862385,0.0656880733944954,0.582568807339449
203773.411807,2529866.126422,0.118877270225647,0.190240322876536,0,0.0170610897083104,0.135388002201431,0.538433314988076
204273.411807,2529866.126422,0.065018315018315,0.386996336996337,0.000366300366300366,0.0175824175824176,0.14010989010989,0.38992673992674
204773.411807,2529866.126422,0.157247706422018,0.393577981651376,0,0.000917431192660551,0.0612844036697248,0.38697247706422
205273.411807,2529866.126422,0.0654925701706109,0.353513116859292,0,0.014125848468171,0.113373692900385,0.453494771601541
205773.411807,2529866.126422,0.111355311355311,0.163553113553114,0,0.0287545787545788,0.121245421245421,0.575091575091575
206273.411807,2529866.126422,0.163853211009174,0.221467889908257,0,0.00055045871559633,0.00880733944954129,0.605321100917431
206773.411807,2529866.126422,0.236470372408732,0.0889745000917263,0.00165107319757843,0.0078884608328747,0.0625573289304715,0.602458264538617
207273.411807,2529866.126422,0.368131868131868,0.0558608058608059,0,0.0131868131868132,0.103846153846154,0.458974358974359
207773.411807,2529866.126422,0.676880733944954,0.00275229357798165,0,0.00146788990825688,0.0188990825688073,0.3
208273.411807,2529866.126422,0.968446156668501,0,0,0,0,0.0315538433314988
208773.411807,2529866.126422,0.695787545787546,0.0358974358974359,0.00531135531135531,0.0776556776556777,0.0261904761904762,0.159157509157509
209273.411807,2529866.126422,0.153761467889908,0.142752293577982,0.0124770642201835,0.0853211009174312,0.0187155963302752,0.58697247706422
209773.411807,2529866.126422,0.0645753072830673,0.161438268207668,0.00642084021280499,0.106585947532563,0.186204366171345,0.474775270592552
210273.411807,2529866.126422,0.00769230769230769,0.28992673992674,0.0221611721611722,0.0743589743589744,0.0802197802197802,0.525641025641026
210773.411807,2529866.126422,0.00935779816513761,0.180366972477064,0.00146788990825688,0.475412844036697,0.100183486238532,0.233211009174312
211273.411807,2529866.126422,0.0302916978309648,0.0607703814510097,0.00112191473448018,0.574420344053852,0.037584143605086,0.295811518324607
198773.411807,2529366.126422,0.152464065708419,0.322638603696099,0,0,0.00231006160164271,0.52258726899384
199273.411807,2529366.126422,0.0307692307692308,0.585531135531136,0,0,0.00695970695970696,0.376739926739927
199773.411807,2529366.126422,0.136780344701137,0.187202053538687,0,0.00055005500550055,0.085991932526586,0.589475614228089
200273.411807,2529366.126422,0.143406593406593,0.146153846153846,0,0.000183150183150183,0.0360805860805861,0.674175824175824
200773.411807,2529366.126422,0.244688644688645,0.0901098901098901,0.000183150183150183,0.0043956043956044,0.0989010989010989,0.561721611721612
201273.411807,2529366.126422,0.107444077741107,0.202053538687202,0.0421708837550422,0.0614228089475614,0.137880454712138,0.449028236156949
201773.411807,2529366.126422,0.0580586080586081,0.310622710622711,0,0.0161172161172161,0.114285714285714,0.500915750915751
202273.411807,2529366.126422,0.117765567765568,0.124358974358974,0.0010989010989011,0.0952380952380952,0.303479853479853,0.358058608058608
202773.411807,2529366.126422,0.0614228089475614,0.259442610927759,0,0.00366703337000367,0.101210121012101,0.574257425742574
203273.411807,2529366.126422,0.135347985347985,0.208058608058608,0,0.0276556776556777,0.217399267399267,0.411538461538462
203773.411807,2529366.126422,0.0357142857142857,0.464652014652015,0,0.0010989010989011,0.0386446886446886,0.45989010989011
204273.411807,2529366.126422,0.101210121012101,0.217271727172717,0.00183351668500183,0.0421708837550422,0.188668866886689,0.448844884488449
204773.411807,2529366.126422,0.125641025641026,0.19981684981685,0,0.0344322344322344,0.113919413919414,0.526190476190476
205273.411807,2529366.126422,0.0862637362637363,0.245238095238095,0.00567765567765568,0.0512820512820513,0.114285714285714,0.497252747252747
205773.411807,2529366.126422,0.0951595159515952,0.161899523285662,0,0.0876420975430876,0.221672167216722,0.433626696002934
206273.411807,2529366.126422,0.592857142857143,0.0606227106227106,0,0.00293040293040293,0.032967032967033,0.310622710622711
206773.411807,2529366.126422,0.565750915750916,0.0364468864468864,0,0.00146520146520147,0.0120879120879121,0.384249084249084
207273.411807,2529366.126422,0.749174917491749,0.0055005500550055,0,0,0.0044004400440044,0.240924092409241
207773.411807,2529366.126422,0.924725274725275,0.00183150183150183,0,0,0.00366300366300366,0.0697802197802198
208273.411807,2529366.126422,0.778571428571429,0.0148351648351648,0,0.0261904761904762,0.0119047619047619,0.168498168498169
208773.411807,2529366.126422,0.0836083608360836,0.0762742940960763,0,0.295379537953795,0.0652731939860653,0.479464613127979
209273.411807,2529366.126422,0.0538461538461538,0.105677655677656,0,0.522344322344322,0.0291208791208791,0.289010989010989
209773.411807,2529366.126422,0.000366300366300366,0.447619047619048,0,0.303296703296703,0.116117216117216,0.132600732600733
210273.411807,2529366.126422,0,0.364136413641364,0,0.40979097909791,0.178401173450678,0.0476714338100477
210773.411807,2529366.126422,0.120695970695971,0.17985347985348,0.000732600732600733,0.257142857142857,0.00238095238095238,0.439194139194139
211273.411807,2529366.126422,0.179051530993279,0.134802091112771,0,0.0263256161314414,0.0554518297236744,0.604368932038835
198773.411807,2528866.126422,0.0023130300693909,0.739655615523002,0,0,0,0.258031354407607
199273.411807,2528866.126422,0.134788189987163,0.614340729873464,0,0.00110031175499725,0.030808729139923,0.218962039244453
199773.411807,2528866.126422,0.200293201392707,0.0914421843503757,0,0.000183250870441635,0.00916254352208173,0.698918819864394
200273.411807,2528866.126422,0.160579922921637,0.147550009175996,0,0,0.0255092677555515,0.666360800146816
200773.411807,2528866.126422,0.169814780854575,0.0931597285897671,0.000366770584999083,0.0309921144324225,0.145424536952136,0.560242068586099
201273.411807,2528866.126422,0.225948323254535,0.205057724024189,0.000916254352208173,0.009529045262965,0.0806303829943192,0.477918270111783
201773.411807,2528866.126422,0.0912093962194898,0.386676454395302,0.0132134336575518,0.0130299137456414,0.0913929161314003,0.404477885850615
202273.411807,2528866.126422,0.0742710434623143,0.269209609389327,0.00110031175499725,0.0669356317623327,0.139372822299652,0.449110581331377
202773.411807,2528866.126422,0.0417811984606927,0.356606193879421,0,0.0142935678944475,0.0930914421843504,0.494227597581089
203273.411807,2528866.126422,0.0332171040557901,0.453294182418792,0,0.00201871903101487,0.0135804734813727,0.49788952101303
203773.411807,2528866.126422,0.0447460113698881,0.406565193471484,0,0.00733541169998166,0.0691362552723272,0.472217128186319
204273.411807,2528866.126422,0.0705515851200293,0.264431006047279,0,0.0617555433388309,0.183983873923401,0.41927799157046
204773.411807,2528866.126422,0.11635162415122,0.229032850064232,0,0.0930445953385942,0.160396403009727,0.401174527436227
205273.411807,2528866.126422,0.0634513112048414,0.313588850174216,0,0.000183385292499542,0.0201723821749496,0.602604071153493
205773.411807,2528866.126422,0.110500274876306,0.255085211654755,0,0.00604727872457394,0.0459959684808503,0.582371266263515
206273.411807,2528866.126422,0.812993209763259,0.0178014314553129,0,0,0.000734079647641769,0.168471279133786
206773.411807,2528866.126422,0.943700715202641,0,0,0,0,0.0562992847973593
207273.411807,2528866.126422,0.617555433388309,0.0328019058090526,0,0.0175920835623969,0.0249221183800623,0.30712845886018
207773.411807,2528866.126422,0.189392549091576,0.141493852082951,0.00734079647641769,0.152872086621398,0.0710222059093412,0.437878509818315
208273.411807,2528866.126422,0.013203741059967,0.549972492206125,0.00458463231248854,0.187786539519531,0.0436456996148909,0.200806895286998
208773.411807,2528866.126422,0.00842954004031519,0.099321971779366,0,0.819681143485432,0.0317024005864028,0.0408649441084845
209273.411807,2528866.126422,0.0200036703982382,0.320425766195632,0,0.320792806019453,0.146815929528354,0.191961827858323
209773.411807,2528866.126422,0.0634513112048414,0.165413533834586,0,0.490922428021273,0.136255272327159,0.14395745461214
210273.411807,2528866.126422,0.189114898295767,0.128092358438703,0,0.0797141286421111,0.00384826827927433,0.599230346344145
210773.411807,2528866.126422,0.196182785832263,0.241512204074142,0,0.000183519911910442,0.00440447788585061,0.557717012295834
211273.411807,2528866.126422,0.241166573191251,0.101888203402505,0,0.00953449242849131,0.0373901663862404,0.610020564591512
198773.411807,2528366.126422,0.00308562612496786,0.903059912573926,0,0,0,0.0938544613011057
199273.411807,2528366.126422,0.193359016694185,0.170794349660613,0,0.0066042927903137,0.206017244542286,0.423225096312603
199773.411807,2528366.126422,0.146703296703297,0.2,0,0,0.0388278388278388,0.614468864468865
200273.411807,2528366.126422,0.178532110091743,0.162935779816514,0,0.00440366972477064,0.0488073394495413,0.605321100917431
200773.411807,2528366.126422,0.143826820766832,0.188038891946432,0.00330214639515685,0.0506329113924051,0.178132452760961,0.436066776738213
201273.411807,2528366.126422,0.131318681318681,0.212271062271062,0,0.0032967032967033,0.0639194139194139,0.589194139194139
201773.411807,2528366.126422,0.0611009174311927,0.263302752293578,0.00128440366972477,0.00275229357798165,0.0493577981651376,0.622201834862385
202273.411807,2528366.126422,0.0592551825353146,0.250412768299395,0.00110071546505228,0.116492386718033,0.190974133186571,0.381764813795634
202773.411807,2528366.126422,0.0622710622710623,0.266849816849817,0,0.0113553113553114,0.116849816849817,0.542673992673993
203273.411807,2528366.126422,0.0713761467889908,0.267522935779817,0.00788990825688073,0.0194495412844037,0.0770642201834862,0.556697247706422
203773.411807,2528366.126422,0.0341221794166208,0.305998899284535,0.000550357732526142,0.00862227114290956,0.090442120711796,0.560264171711613
204273.411807,2528366.126422,0.107692307692308,0.185347985347985,0,0.0117216117216117,0.0868131868131868,0.608424908424908
204773.411807,2528366.126422,0.12256880733945,0.31302752293578,0.00055045871559633,0.00073394495412844,0.0146788990825688,0.548440366972477
205273.411807,2528366.126422,0.0607228031553843,0.347642634379013,0,0,0.0181618051733627,0.57347275729224
205773.411807,2528366.126422,0.302197802197802,0.146703296703297,0,0.0177655677655678,0.0793040293040293,0.454029304029304
206273.411807,2528366.126422,0.557064220183486,0.0390825688073395,0,0,0.0165137614678899,0.387339449541284
206773.411807,2528366.126422,0.159236837277564,0.0117409649605577,0,0,0.00476976701522656,0.824252430746652
207273.411807,2528366.126422,0.00512820512820513,0.188827838827839,0.000183150183150183,0.422161172161172,0.142490842490842,0.241208791208791
207773.411807,2528366.126422,0.013394495412844,0.135412844036697,0,0.620917431192661,0.0686238532110092,0.161651376146789
208273.411807,2528366.126422,0.00807191341038342,0.143643368189323,0,0.774903687396808,0.0299027701339204,0.0434782608695652
208773.411807,2528366.126422,0.06996336996337,0.258424908424908,0,0.405311355311355,0.0194139194139194,0.246886446886447
209273.411807,2528366.126422,0.207889908256881,0.138165137614679,0,0.237247706422018,0.0344954128440367,0.382201834862385
209773.411807,2528366.126422,0.337185837461016,0.102183085672354,0,0.000550357732526142,0.00495321959273528,0.555127499541369
210273.411807,2528366.126422,0.26959706959707,0.0763736263736264,0,0.0032967032967033,0.00824175824175824,0.642490842490843
210773.411807,2528366.126422,0.181834862385321,0.111743119266055,0,0.0130275229357798,0.0442201834862385,0.649174311926605
211273.411807,2528366.126422,0.239715781600598,0.118548990276739,0,0.00130890052356021,0.0112191473448018,0.629207180254301
198773.411807,2527866.126422,0.00231006160164271,0.924281314168378,0,0,0,0.0734086242299795
199273.411807,2527866.126422,0.139010989010989,0.427838827838828,0,0.000366300366300366,0.0106227106227106,0.422161172161172
199773.411807,2527866.126422,0,0.882471580491383,0,0,0,0.117528419508618
200273.411807,2527866.126422,0.0100732600732601,0.834065934065934,0,0,0.000366300366300366,0.155494505494505
200773.411807,2527866.126422,0.127838827838828,0.296703296703297,0.0120879120879121,0.0397435897435897,0.124175824175824,0.399450549450549
201273.411807,2527866.126422,0.0872753942060873,0.274294096076274,0.00623395672900623,0.0493215988265493,0.165566556655666,0.417308397506417
201773.411807,2527866.126422,0.0615384615384615,0.137912087912088,0.000366300366300366,0.0294871794871795,0.165567765567766,0.605128205128205
202273.411807,2527866.126422,0.0417582417582418,0.238461538461538,0,0.0131868131868132,0.0631868131868132,0.643406593406593
202773.411807,2527866.126422,0.0652731939860653,0.218921892189219,0,0.0225522552255226,0.0922258892555922,0.601026769343601
203273.411807,2527866.126422,0.0765567765567766,0.205860805860806,0,0.041025641025641,0.1496336996337,0.526923076923077
203773.411807,2527866.126422,0.0838827838827839,0.122161172161172,0.00293040293040293,0.0342490842490843,0.215934065934066,0.540842490842491
204273.411807,2527866.126422,0.0795746241290796,0.181701503483682,0,0.00128346167950128,0.0128346167950128,0.724605793912725
204773.411807,2527866.126422,0.0399267399267399,0.344139194139194,0,0.000366300366300366,0.00824175824175824,0.607326007326007
205273.411807,2527866.126422,0.152197802197802,0.187362637362637,0,0.0166666666666667,0.0379120879120879,0.605860805860806
205773.411807,2527866.126422,0.354602126879355,0.0830583058305831,0,0,0.00403373670700403,0.558305830583058
206273.411807,2527866.126422,0.0600732600732601,0.108974358974359,0,0.0238095238095238,0.036996336996337,0.77014652014652
206773.411807,2527866.126422,0.0155677655677656,0.14010989010989,0.00311355311355311,0.614102564102564,0.0752747252747253,0.151831501831502
207273.411807,2527866.126422,0,0.0192519251925193,0.000366703337000367,0.973597359735974,0.00678401173450678,0
207773.411807,2527866.126422,0.0465201465201465,0.215934065934066,0,0.599084249084249,0.00457875457875458,0.133882783882784
208273.411807,2527866.126422,0.267765567765568,0.393956043956044,0,0,0,0.338278388278388
208773.411807,2527866.126422,0.299229922992299,0.188485515218188,0.00055005500550055,0.0099009900990099,0.0196186285295196,0.482214888155482
209273.411807,2527866.126422,0.367948717948718,0.0423076923076923,0,0.06996336996337,0.111355311355311,0.408424908424908
209773.411807,2527866.126422,0.356959706959707,0.0456043956043956,0,0.142490842490842,0.171794871794872,0.283150183150183
210273.411807,2527866.126422,0.195086175284195,0.0297029702970297,0,0.198569856985699,0.226255958929226,0.35038503850385
210773.411807,2527866.126422,0.208974358974359,0.132051282051282,0,0.000366300366300366,0.0124542124542125,0.646153846153846
211273.411807,2527866.126422,0.354182225541449,0.0481702763256161,0,0.0125093353248693,0.0158700522778193,0.569268110530247
198773.411807,2527366.126422,0.0107941403238242,0.832690824980725,0,0,0,0.156515034695451
199273.411807,2527366.126422,0.106180084357235,0.588850174216028,0,0,0.024390243902439,0.280579497524299
199773.411807,2527366.126422,0.00549752611324904,0.747480300531428,0,0,0,0.247022173355323
200273.411807,2527366.126422,0.0139475133051936,0.865112864745825,0,0.00440447788585061,0.00220223894292531,0.114332905120206
200773.411807,2527366.126422,0.0610673024023473,0.279112415184302,0.00476801760498808,0.0757381258023107,0.162479369154594,0.416834769851458
201273.411807,2527366.126422,0.102986989188199,0.122411581455012,0,0.0104452996151732,0.0820963899578523,0.682059739783764
201773.411807,2527366.126422,0.0354193429987154,0.361717746375482,0,0.00844191594788034,0.0201871903101487,0.574233804367774
202273.411807,2527366.126422,0.0363102879149092,0.294700165046763,0,0.0075187969924812,0.0482303319273794,0.613240418118467
202773.411807,2527366.126422,0.0502107385010079,0.0949239508887667,0,0.085761407366685,0.155396738134506,0.613707165109034
203273.411807,2527366.126422,0.079647641769132,0.16608552027895,0,0.00275279867865663,0.0289961460818499,0.722517893191411
203773.411807,2527366.126422,0.128736475334678,0.237483953786906,0.004401247019989,0.004401247019989,0.0467632495873831,0.578213827251054
204273.411807,2527366.126422,0.0798973795125527,0.289902877038666,0.0333516584203775,0.0042147700201576,0.0329851566794942,0.559648158328752
204773.411807,2527366.126422,0.0989172325197284,0.179298953936502,0.0374380620297302,0.182969352174711,0.101853551110295,0.399522848229033
205273.411807,2527366.126422,0.0258573262424354,0.411333211076472,0,0.112415184302219,0.0330093526499175,0.417384925728957
205773.411807,2527366.126422,0.0787978742899029,0.149899212021257,0,0.317940260216236,0.0357339197361187,0.417628733736485
206273.411807,2527366.126422,0,0.159845843273995,0.00275279867865663,0.697742705083502,0.136171774637548,0.0034868783262984
206773.411807,2527366.126422,0.000183385292499542,0.249954153676875,0,0.611406565193471,0.0878415551072804,0.0506143407298735
207273.411807,2527366.126422,0.107934762690123,0.39343961883819,0,0.279091075682609,0.0621220450797141,0.157412497709364
207773.411807,2527366.126422,0.0912093962194898,0.51881079097082,0,0.00367039823820885,0.00110111947146265,0.385208295100018
208273.411807,2527366.126422,0.220612506876948,0.196222262974509,0,0.00110031175499725,0.0066018705299835,0.575463047863561
208773.411807,2527366.126422,0.398937144951439,0.0791643760307861,0,0.000366501740883269,0.00549752611324904,0.516034451163643
209273.411807,2527366.126422,0.316388328133603,0.0655166085520279,0,0.0679023674068636,0.100568911726922,0.449623784180584
209773.411807,2527366.126422,0.148358701632129,0.167430772052081,0,0.103429304969741,0.107280396112232,0.473500825233816
210273.411807,2527366.126422,0.20853949056258,0.140553417628734,0,0.00439802089059923,0.0304196444933113,0.616089426424775
210773.411807,2527366.126422,0.220774454028262,0.200770783630024,0,0.00201871903101487,0.0155991925123876,0.560836850798312
211273.411807,2527366.126422,0.14469994391475,0.0650588895120583,0,0.00579547578986726,0.0177603290334642,0.76668536174986
198773.411807,2526866.126422,0.00231421959372589,0.852918488043199,0,0,0,0.144767292363075
199273.411807,2526866.126422,0.105852137222528,0.664098330581545,0,0,0.00678774536782242,0.223261786828105
199773.411807,2526866.126422,0.0250915750915751,0.515384615384615,0,0.000183150183150183,0.0842490842490843,0.375091575091575
200273.411807,2526866.126422,0.145321100917431,0.153577981651376,0,0.0299082568807339,0.217798165137615,0.453394495412844
200773.411807,2526866.126422,0.0735644835809943,0.23683727756375,0.000366905155017428,0.032104201064025,0.142359200146762,0.514767932489452
201273.411807,2526866.126422,0.0882783882783883,0.183882783882784,0.00274725274725275,0.0166666666666667,0.0816849816849817,0.626739926739927
201773.411807,2526866.126422,0.0827522935779817,0.299449541284404,0.00055045871559633,0.0143119266055046,0.0662385321100917,0.536697247706422
202273.411807,2526866.126422,0.0818198495688864,0.126765731058521,0.00238488350761328,0.0440286186020914,0.146395156851954,0.598605760410934
202773.411807,2526866.126422,0.123260073260073,0.0921245421245421,0.0032967032967033,0.0245421245421245,0.0956043956043956,0.661172161172161
203273.411807,2526866.126422,0.114495412844037,0.118899082568807,0.00642201834862385,0.0565137614678899,0.192477064220183,0.511192660550459
203773.411807,2526866.126422,0.109704641350211,0.142175747569253,0.001284168042561,0.00495321959273528,0.0277013392038158,0.714180884241424
204273.411807,2526866.126422,0.110622710622711,0.245238095238095,0,0.00164835164835165,0.00842490842490842,0.634065934065934
204773.411807,2526866.126422,0.114311926605505,0.316146788990826,0,0.0055045871559633,0.00990825688073394,0.554128440366973
205273.411807,2526866.126422,0.0676940011007155,0.323977251880389,0,0.0277013392038158,0.00275178866263071,0.577875619152449
205773.411807,2526866.126422,0.0304029304029304,0.109157509157509,0.00164835164835165,0.716849816849817,0.0776556776556777,0.0642857142857143
206273.411807,2526866.126422,0.0394495412844037,0.075045871559633,0,0.627706422018349,0.0304587155963303,0.227339449541284
206773.411807,2526866.126422,0.00770500825536599,0.346358466336452,0,0.15116492386718,0.126031920748487,0.368739680792515
207273.411807,2526866.126422,0.144688644688645,0.403846153846154,0,0.117216117216117,0.0454212454212454,0.288827838827839
207773.411807,2526866.126422,0.232660550458716,0.168807339449541,0,0.00055045871559633,0.00495412844036697,0.59302752293578
208273.411807,2526866.126422,0.289671619886259,0.10695285268758,0,0.000550357732526142,0.0100898917629793,0.592735277930655
208773.411807,2526866.126422,0.315934065934066,0.0452380952380952,0,0.0626373626373626,0.0723443223443224,0.503846153846154
209273.411807,2526866.126422,0.354128440366972,0.0467889908256881,0,0.00073394495412844,0.00495412844036697,0.593394495412844
209773.411807,2526866.126422,0.190790680609063,0.126582278481013,0,0.0344890845716382,0.0515501742799486,0.596587782058338
210273.411807,2526866.126422,0.197985347985348,0.123076923076923,0,0.00293040293040293,0.00952380952380952,0.666483516483516
210773.411807,2526866.126422,0.132477064220183,0.217064220183486,0,0.0036697247706422,0.00880733944954129,0.637981651376147
211273.411807,2526866.126422,0.160246821241586,0.110134629768138,0,0.00430067314884069,0.012528047868362,0.712789827973074
198773.411807,2526366.126422,0,0.965605749486653,0,0,0,0.034394250513347
199273.411807,2526366.126422,0.115018315018315,0.768498168498169,0,0,0,0.116483516483516
199773.411807,2526366.126422,0,0.734690135680235,0,0,0.00953428676200953,0.255775577557756
200273.411807,2526366.126422,0.00164835164835165,0.848901098901099,0,0,0.000915750915750916,0.148534798534799
200773.411807,2526366.126422,0.0791208791208791,0.315567765567766,0.00183150183150183,0.0749084249084249,0.0679487179487179,0.460622710622711
201273.411807,2526366.126422,0.063989732306564,0.218371837183718,0.0304363769710304,0.0454712137880455,0.129446277961129,0.512284561789512
201773.411807,2526366.126422,0.169413919413919,0.150915750915751,0.0159340659340659,0.032967032967033,0.154029304029304,0.476739926739927
202273.411807,2526366.126422,0.137545787545788,0.188827838827839,0.0265567765567766,0.0531135531135531,0.0926739926739927,0.501282051282051
202773.411807,2526366.126422,0.151448478181151,0.21012101210121,0.0304363769710304,0.0209020902090209,0.0194352768610194,0.567656765676568
203273.411807,2526366.126422,0.137728937728938,0.190659340659341,0.0032967032967033,0.10989010989011,0.0512820512820513,0.507142857142857
203773.411807,2526366.126422,0.341941391941392,0.199450549450549,0,0.0937728937728938,0.0258241758241758,0.339010989010989
204273.411807,2526366.126422,0.248624862486249,0.198936560322699,0.00678401173450678,0.00476714338100477,0.0242024202420242,0.516685001833517
204773.411807,2526366.126422,0.0826007326007326,0.491025641025641,0,0.0805860805860806,0.0342490842490843,0.311538461538462
205273.411807,2526366.126422,0,0.104761904761905,0.00622710622710623,0.867216117216117,0.0120879120879121,0.00970695970695971
205773.411807,2526366.126422,0.0634396773010634,0.268610194352769,0,0.12027869453612,0.0231023102310231,0.524569123579025
206273.411807,2526366.126422,0.102014652014652,0.25,0,0.153479853479853,0.10018315018315,0.394322344322344
206773.411807,2526366.126422,0.0822344322344322,0.353296703296703,0,0.104578754578755,0.0882783882783883,0.371611721611722
207273.411807,2526366.126422,0.167216721672167,0.178217821782178,0,0,0.00146681334800147,0.653098643197653
207773.411807,2526366.126422,0.312087912087912,0.0276556776556777,0,0,0.00622710622710623,0.654029304029304
208273.411807,2526366.126422,0.434249084249084,0.0358974358974359,0,0.0197802197802198,0.0490842490842491,0.460989010989011
208773.411807,2526366.126422,0.296662999633297,0.0746241290795746,0,0.0432709937660433,0.0984598459845985,0.486982031536487
209273.411807,2526366.126422,0.281135531135531,0.0690476190476191,0,0.0360805860805861,0.0608058608058608,0.552930402930403
209773.411807,2526366.126422,0.175641025641026,0.2,0,0.000732600732600733,0.0252747252747253,0.598351648351648
210273.411807,2526366.126422,0.144297763109644,0.117711771177118,0,0,0.00971763843050972,0.728272827282728
210773.411807,2526366.126422,0.167399267399267,0.166666666666667,0,0.00238095238095238,0.00970695970695971,0.653846153846154
211273.411807,2526366.126422,0.151232262882748,0.222367438386856,0,0.00373412994772218,0.0181105302464526,0.604555638536221
198773.411807,2525866.126422,0.12875867386276,0.614751991775893,0.0197892572603444,0.000514006682086867,0.00899511693652017,0.227190953482395
199273.411807,2525866.126422,0.12781954887218,0.679625894003301,0,0,0.00715202640748212,0.185402530717036
199773.411807,2525866.126422,0,0.758108851017042,0,0,0.0201575957485798,0.221733553234378
200273.411807,2525866.126422,0.0934116351624151,0.550926775555148,0,0,0.00201871903101487,0.353642870251422
200773.411807,2525866.126422,0.122134604804695,0.405464881716486,0.0104529616724739,0.0210893086374473,0.0891252521547772,0.351732991014121
201273.411807,2525866.126422,0.241158145501191,0.148433205057724,0,0.0291368884002199,0.124793842770753,0.456477918270112
201773.411807,2525866.126422,0.299871536061663,0.12038906221325,0.0231235089007157,0.0189025509267756,0.0866213984217288,0.451091943475867
202273.411807,2525866.126422,0.196955804144508,0.199706583532001,0.0570328259673574,0.0121034293049697,0.0539152759948652,0.480286081056299
202773.411807,2525866.126422,0.159794759025105,0.098772219168041,0.0141103170240059,0.0483782297965915,0.0743998533993036,0.604544621586953
203273.411807,2525866.126422,0.0719398054688934,0.438979629289778,0.0772618829142962,0.185171591117636,0.0734079647641769,0.153239126445219
203773.411807,2525866.126422,0.163396295617092,0.313955620759215,0.000550155877498625,0.193104713002017,0.0500641848523748,0.278929029891803
204273.411807,2525866.126422,0.15026571376214,0.338097855964816,0,0.116730804471321,0.0284038849184534,0.366501740883269
204773.411807,2525866.126422,0.0280785465222977,0.305010093595155,0.00734079647641769,0.537529821985685,0.0012846393833731,0.120756102037071
205273.411807,2525866.126422,0,0.0618008435723455,0,0.910507977260224,0.00715202640748212,0.0205391527599487
205773.411807,2525866.126422,0.0168590800806304,0.240608392889866,0,0.155763239875389,0.0621220450797141,0.5246472420744
206273.411807,2525866.126422,0.143696091025876,0.309598091392916,0,0.0255092677555515,0.0284455863461186,0.492750963479538
206773.411807,2525866.126422,0.231248853841922,0.0968274344397579,0,0.00110031175499725,0.0165046763249587,0.654318723638364
207273.411807,2525866.126422,0.164192779915705,0.102803738317757,0,0.0445299615173172,0.0711013377313542,0.617372182517867
207773.411807,2525866.126422,0.259864195265186,0.119654982565608,0.000183519911910442,0.0150486327766563,0.110295467058176,0.494953202422463
208273.411807,2525866.126422,0.271226847606822,0.173849257289565,0.000366770584999083,0,0.00825233816247937,0.546304786356134
208773.411807,2525866.126422,0.245739417262232,0.11434854315558,0,0.000549752611324904,0.0119113065787062,0.627450980392157
209273.411807,2525866.126422,0.266103872270141,0.124793540099101,0,0.00789135621214902,0.057258212516058,0.543953018902551
209773.411807,2525866.126422,0.20410783055199,0.173115716119567,0,0.00110031175499725,0.0165046763249587,0.605171465248487
210273.411807,2525866.126422,0.116181051859996,0.072200842954004,0,0.1456844420011,0.209455744914788,0.456477918270112
210773.411807,2525866.126422,0.35254175077996,0.151587447238025,0,0.0110111947146265,0.0524866948063865,0.432372912461002
211273.411807,2525866.126422,0.131613385679566,0.143765189755094,0,0.00130865582351841,0.0149560665544962,0.708356702187325
198773.411807,2525366.126422,0.316790948830033,0.0748264335304706,0.0105425559269735,0.0100282849061455,0.134481871946516,0.453329904859861
199273.411807,2525366.126422,0.211337369290039,0.131168592918731,0.0181618051733627,0.0210970464135021,0.115208218675472,0.503026967528894
199773.411807,2525366.126422,0.0857142857142857,0.325824175824176,0.0142857142857143,0.0104395604395604,0.0816849816849817,0.482051282051282
200273.411807,2525366.126422,0.0691743119266055,0.233577981651376,0,0.0132110091743119,0.164403669724771,0.519633027522936
200773.411807,2525366.126422,0.240506329113924,0.248578242524307,0.0484314804623005,0.0809025866813429,0.143459915611814,0.238121445606311
201273.411807,2525366.126422,0.219047619047619,0.145238095238095,0,0.0108058608058608,0.0818681318681319,0.543040293040293
201773.411807,2525366.126422,0.226422018348624,0.109908256880734,0.00055045871559633,0.0132110091743119,0.0598165137614679,0.590091743119266
202273.411807,2525366.126422,0.230783342505962,0.143459915611814,0.00825536598789213,0.00953953403045313,0.106035589800037,0.501926252063841
202773.411807,2525366.126422,0.193406593406593,0.0989010989010989,0.0772893772893773,0.17985347985348,0.082967032967033,0.367582417582418
203273.411807,2525366.126422,0.0875229357798165,0.287889908256881,0.0073394495412844,0.298532110091743,0.0438532110091743,0.274862385321101
203773.411807,2525366.126422,0.0581544670702623,0.40377912309668,0,0.0935608145294441,0.0528343423225096,0.391671252981104
204273.411807,2525366.126422,0.010989010989011,0.356227106227106,0,0.152564102564103,0.0230769230769231,0.457142857142857
204773.411807,2525366.126422,0,0.00293577981651376,0.0493577981651376,0.947155963302752,0.00055045871559633,0
205273.411807,2525366.126422,0.0365070629242341,0.140891579526692,0,0.633828655292607,0.0288020546688681,0.159970647587599
205773.411807,2525366.126422,0.210805860805861,0.367399267399267,0,0.0250915750915751,0.0238095238095238,0.372893772893773
206273.411807,2525366.126422,0.149724770642202,0.115596330275229,0,0.00477064220183486,0.0188990825688073,0.711009174311927
206773.411807,2525366.126422,0.17831590533847,0.125665015593469,0,0,0.00330214639515685,0.692716932672904
207273.411807,2525366.126422,0.21025641025641,0.091025641025641,0,0.0223443223443223,0.0886446886446886,0.587728937728938
207773.411807,2525366.126422,0.343119266055046,0.109724770642202,0,0.0444036697247706,0.124770642201835,0.377981651376147
208273.411807,2525366.126422,0.290588882773803,0.0570537516052101,0,0.0631076866629976,0.150981471289672,0.438268207668318
208773.411807,2525366.126422,0.363186813186813,0.0375457875457875,0,0.0644688644688645,0.113186813186813,0.421611721611722
209273.411807,2525366.126422,0.305871559633028,0.117798165137615,0,0.0436697247706422,0.10348623853211,0.429174311926605
209773.411807,2525366.126422,0.22968262704091,0.126031920748487,0,0.00770500825536599,0.0458631443771785,0.590717299578059
210273.411807,2525366.126422,0.176373626373626,0.0690476190476191,0,0.010989010989011,0.041025641025641,0.702564102564103
210773.411807,2525366.126422,0.276880733944954,0.00532110091743119,0,0.00055045871559633,0.00788990825688073,0.709357798165138
211273.411807,2525366.126422,0.225691847419596,0.0269259536275243,0,0.0942408376963351,0.178571428571429,0.474569932685116
198773.411807,2524866.126422,0.169661190965092,0.238963039014374,0.000513347022587269,0.0159137577002053,0.14194045174538,0.433008213552361
199273.411807,2524866.126422,0.149450549450549,0.113553113553114,0.00347985347985348,0.0617216117216117,0.212820512820513,0.458974358974359
199773.411807,2524866.126422,0.150715071507151,0.344151081774844,0.0146681334800147,0.0166850018335167,0.165016501650165,0.308764209754309
200273.411807,2524866.126422,0.0789377289377289,0.537728937728938,0.0113553113553114,0.0122710622710623,0.0227106227106227,0.336996336996337
200773.411807,2524866.126422,0.349267399267399,0.168131868131868,0.000915750915750916,0.0177655677655678,0.0868131868131868,0.377106227106227
201273.411807,2524866.126422,0.175284195086175,0.358269160249358,0.0192519251925193,0.0121012101210121,0.0331866519985332,0.401906857352402
201773.411807,2524866.126422,0.176007326007326,0.323992673992674,0.0278388278388278,0.045970695970696,0.125457875457875,0.300732600732601
202273.411807,2524866.126422,0.246520146520147,0.245238095238095,0.00970695970695971,0.0287545787545788,0.086996336996337,0.382783882783883
202773.411807,2524866.126422,0.129262926292629,0.255225522552255,0,0.0375870920425376,0.0786578657865787,0.499266593325999
203273.411807,2524866.126422,0.102380952380952,0.545970695970696,0,0.0498168498168498,0.0472527472527473,0.254578754578755
203773.411807,2524866.126422,0.00293040293040293,0.475091575091575,0,0.182967032967033,0.0298534798534799,0.309157509157509
204273.411807,2524866.126422,0,0.407590759075908,0.00495049504950495,0.548954895489549,0.0201686835350202,0.0183351668500183
204773.411807,2524866.126422,0,0.0163003663003663,0.00659340659340659,0.945054945054945,0.00457875457875458,0.0274725274725275
205273.411807,2524866.126422,0.106043956043956,0.406593406593407,0,0.214468864468864,0.0194139194139194,0.253479853479853
205773.411807,2524866.126422,0.281078107810781,0.331866519985332,0,0,0,0.387055372203887
206273.411807,2524866.126422,0.171245421245421,0.086996336996337,0.000366300366300366,0.360622710622711,0.0567765567765568,0.323992673992674
206773.411807,2524866.126422,0.114468864468864,0.252197802197802,0,0.0192307692307692,0.00842490842490842,0.605677655677656
207273.411807,2524866.126422,0.328566189952329,0.0210854418775211,0.000366703337000367,0.00861752841950862,0.0513384671800513,0.59002566923359
207773.411807,2524866.126422,0.163186813186813,0.0470695970695971,0.0032967032967033,0.179120879120879,0.226373626373626,0.380952380952381
208273.411807,2524866.126422,0.211721611721612,0.0976190476190476,0.000183150183150183,0.00641025641025641,0.0710622710622711,0.613003663003663
208773.411807,2524866.126422,0.142097543087642,0.0485881921525486,0,0.320682068206821,0.244407774110744,0.244224422442244
209273.411807,2524866.126422,0.231868131868132,0.03003663003663,0,0.256043956043956,0.191208791208791,0.290842490842491
209773.411807,2524866.126422,0.324175824175824,0.11978021978022,0,0.00531135531135531,0.0225274725274725,0.528205128205128
210273.411807,2524866.126422,0.227906123945728,0.0484048404840484,0,0.00696736340300697,0.0603226989365603,0.656398973230656
210773.411807,2524866.126422,0.194505494505495,0.0664835164835165,0,0.00201465201465201,0.0208791208791209,0.716117216117216
211273.411807,2524866.126422,0.203323375653473,0.0703883495145631,0,0.00149365197908887,0.0143764002987304,0.710418222554145
198773.411807,2524366.126422,0.00334104343356464,0.618093035209458,0,0,0.015420200462606,0.363145720894372
199273.411807,2524366.126422,0.0810562992847974,0.214010636346965,0,0.160462130937099,0.149825783972125,0.394645149459013
199773.411807,2524366.126422,0.049660985889683,0.416345977643394,0.00219901044529962,0.0982224665567161,0.182334616089426,0.251236943375481
200273.411807,2524366.126422,0.181684712791338,0.280785465222977,0.000550559735731327,0.0576252523398789,0.0803817214167737,0.398972288493302
200773.411807,2524366.126422,0.376490005501559,0.183385292499542,0,0.0141206675224647,0.0348432055749129,0.391160828901522
201273.411807,2524366.126422,0.269195528678761,0.143118929814917,0.0100787978742899,0.0384826827927433,0.0439802089059923,0.495143851933297
201773.411807,2524366.126422,0.143879610937787,0.354193429987154,0.0034868783262984,0.0508350155991925,0.0532207744540283,0.39438429069554
