"x","y","forest","agri","water","built","other","grass"
173273.411807,2516366.126422,0.0299082568807339,0.333394495412844,0,0.0409174311926606,0.0838532110091743,0.511926605504587
173773.411807,2516366.126422,0.107319757842598,0.0999816547422491,0,0.381948266373143,0.152815997064759,0.257934323977252
174273.411807,2516366.126422,0.0785714285714286,0.0983516483516483,0,0.487728937728938,0.177106227106227,0.158241758241758
174773.411807,2516366.126422,0.0420183486238532,0.356880733944954,0,0.0203669724770642,0.0721100917431193,0.508623853211009
175273.411807,2516366.126422,0.0770500825536599,0.510915428361769,0.0469638598422308,0.0642084021280499,0.0258668134287287,0.274995413685562
175773.411807,2516366.126422,0.047985347985348,0.444139194139194,0,0.184432234432234,0.171611721611722,0.151831501831502
176273.411807,2516366.126422,0.0889908256880734,0.47045871559633,0.0168807339449541,0.0776146788990826,0.124770642201835,0.221284403669725
176773.411807,2516366.126422,0.0473307649972482,0.631810676940011,0,0.0487983856173179,0.0777838928636947,0.194276279581728
177273.411807,2516366.126422,0.0179487179487179,0.596886446886447,0,0.0461538461538462,0.0622710622710623,0.276739926739927
177773.411807,2516366.126422,0.026605504587156,0.679449541284404,0,0.0732110091743119,0.0506422018348624,0.170091743119266
178273.411807,2516366.126422,0.0785177031737296,0.235920014676206,0,0.260686112639883,0.226380480645753,0.198495688864429
178773.411807,2516366.126422,0.144688644688645,0.169413919413919,0,0.136080586080586,0.0818681318681319,0.467948717948718
179273.411807,2516366.126422,0.17302752293578,0.174128440366972,0,0.0187155963302752,0.0484403669724771,0.585688073394495
179773.411807,2516366.126422,0.0911759310218309,0.103650706292423,0.00146762062006971,0.0753990093560815,0.159053384700055,0.56925334800954
180273.411807,2516366.126422,0.232051282051282,0.15989010989011,0,0.0124542124542125,0.0558608058608059,0.53974358974359
180773.411807,2516366.126422,0.108256880733945,0.204220183486239,0,0.00165137614678899,0.0245871559633028,0.661284403669725
181273.411807,2516366.126422,0.102916895982389,0.121812511465786,0,0.269491836360301,0.133553476426344,0.372225279765181
181773.411807,2516366.126422,0.264285714285714,0.0476190476190476,0,0.265201465201465,0.0613553113553114,0.361538461538462
182273.411807,2516366.126422,0.164403669724771,0.0456880733944954,0.00880733944954129,0.262201834862385,0.106788990825688,0.412110091743119
182773.411807,2516366.126422,0.0629242340854889,0.060906255732893,0,0.712529811043845,0.114474408365438,0.0491652907723353
183273.411807,2516366.126422,0.0641025641025641,0.0496336996336996,0,0.537545787545788,0.176190476190476,0.172527472527473
183773.411807,2516366.126422,0.230091743119266,0.0704587155963303,0,0.183119266055046,0.114311926605505,0.402018348623853
184273.411807,2516366.126422,0.166208035222895,0.0555861309851403,0,0.0798018712162906,0.136672170243992,0.561731792331682
184773.411807,2516366.126422,0.259340659340659,0.0510989010989011,0,0.215750915750916,0.135714285714286,0.338095238095238
185273.411807,2516366.126422,0.126422018348624,0.130091743119266,0,0.0460550458715596,0.0515596330275229,0.645871559633028
173273.411807,2515866.126422,0.0586080586080586,0.18992673992674,0,0.434432234432234,0.16043956043956,0.156593406593407
173773.411807,2515866.126422,0.0708791208791209,0.498168498168498,0.000732600732600733,0.0186813186813187,0.0510989010989011,0.36043956043956
174273.411807,2515866.126422,0.0988265493215988,0.18005133846718,0,0.307480748074807,0.174550788412175,0.239090575724239
174773.411807,2515866.126422,0.181318681318681,0.210805860805861,0.0331501831501832,0.11043956043956,0.0646520146520147,0.3996336996337
175273.411807,2515866.126422,0.0818681318681319,0.744139194139194,0.000183150183150183,0.00989010989010989,0.00714285714285714,0.156776556776557
175773.411807,2515866.126422,0.0401540154015402,0.855518885221855,0,0.00293362669600293,0.00403373670700403,0.0973597359735974
176273.411807,2515866.126422,0.0137362637362637,0.710622710622711,0,0,0.00146520146520147,0.274175824175824
176773.411807,2515866.126422,0.0344322344322344,0.662087912087912,0.0104395604395604,0.0128205128205128,0.0342490842490843,0.245970695970696
177273.411807,2515866.126422,0.0559222588925559,0.265676567656766,0,0.416391639163916,0.15034836817015,0.111661166116612
177773.411807,2515866.126422,0.0635531135531135,0.0620879120879121,0,0.435714285714286,0.219047619047619,0.21959706959707
178273.411807,2515866.126422,0.212454212454212,0.124358974358974,0,0.0564102564102564,0.13974358974359,0.467032967032967
178773.411807,2515866.126422,0.127979464613128,0.315731573157316,0,0.0022002200220022,0.0337367070040337,0.52035203520352
179273.411807,2515866.126422,0.0912087912087912,0.21025641025641,0,0.00201465201465201,0.00860805860805861,0.687912087912088
179773.411807,2515866.126422,0.0957875457875458,0.241208791208791,0,0.0738095238095238,0.142673992673993,0.446520146520147
180273.411807,2515866.126422,0.212504583791712,0.334800146681335,0,0.0333700036670334,0.0504217088375504,0.368903557022369
180773.411807,2515866.126422,0.131868131868132,0.276190476190476,0,0.212820512820513,0.0756410256410256,0.303479853479853
181273.411807,2515866.126422,0.153296703296703,0.215567765567766,0,0.286996336996337,0.089010989010989,0.255128205128205
181773.411807,2515866.126422,0.166850018335167,0.0429042904290429,0.00165016501650165,0.596993032636597,0.0716905023835717,0.11991199119912
182273.411807,2515866.126422,0.0637362637362637,0.0549450549450549,0,0.24981684981685,0.126923076923077,0.504578754578755
182773.411807,2515866.126422,0.243040293040293,0.0333333333333333,0.0021978021978022,0.104578754578755,0.0851648351648352,0.531684981684982
183273.411807,2515866.126422,0.0872753942060873,0.0502383571690502,0,0.155115511551155,0.136596993032637,0.570773744041071
183773.411807,2515866.126422,0.395787545787546,0.0188644688644689,0,0.0100732600732601,0.0494505494505494,0.525824175824176
184273.411807,2515866.126422,0.228571428571429,0.0534798534798535,0,0.223260073260073,0.0851648351648352,0.40952380952381
184773.411807,2515866.126422,0.135313531353135,0.0293362669600293,0,0.185185185185185,0.0927759442610928,0.557389072240557
185273.411807,2515866.126422,0.226923076923077,0.0159340659340659,0,0.065018315018315,0.093040293040293,0.599084249084249
173273.411807,2515366.126422,0.0526702147182969,0.231785648742889,0.0012846393833731,0.239493485043127,0.108643787850982,0.366122224261332
173773.411807,2515366.126422,0.0429121584448927,0.222629745094443,0.000183385292499542,0.437557307903906,0.0966440491472584,0.200073354117
174273.411807,2515366.126422,0.072200842954004,0.158328752061572,0.0507604911123328,0.374748030053143,0.136338647608576,0.207623236210372
174773.411807,2515366.126422,0.0614791704899982,0.397137089374197,0.0787300422095797,0.308496971921453,0.0649660488162966,0.089190677188475
175273.411807,2515366.126422,0.0128369704749679,0.701448743810746,0.06400146708234,0.0559325142123602,0.0205391527599487,0.145241151659637
175773.411807,2515366.126422,0.11434854315558,0.386476085761407,0.0346344145134689,0.0573575224482316,0.106285504856148,0.300897929265164
176273.411807,2515366.126422,0.10772618829143,0.442466507616076,0,0.0170673518076711,0.0464305377133419,0.386309414571481
176773.411807,2515366.126422,0.0713368787823217,0.336878782321658,0,0.00641848523748395,0.0418118466898955,0.543554006968641
177273.411807,2515366.126422,0.113615539673813,0.104819497892615,0,0.223016309327469,0.175737584753528,0.382811068352575
177773.411807,2515366.126422,0.144430170673518,0.230317489447605,0,0.177830794641219,0.106441548908057,0.340979996329602
178273.411807,2515366.126422,0.0907757197872731,0.337428938199156,0,0.0284247203374289,0.0788556757748029,0.464514945901339
178773.411807,2515366.126422,0.148982957669049,0.124244090159428,0.000183250870441635,0.145317940260216,0.149715961150815,0.431555799890049
179273.411807,2515366.126422,0.136171774637548,0.199853184070472,0,0,0.0267939071389246,0.637181134153056
179773.411807,2515366.126422,0.242618741976893,0.155694113332111,0.0157711351549606,0.0938932697597653,0.0821566110397946,0.409866128736475
180273.411807,2515366.126422,0.144401685908008,0.0875939160711013,0.000916254352208173,0.466739967014843,0.143118929814917,0.157229246838922
180773.411807,2515366.126422,0.169572398605249,0.0790970820334006,0.0047715177096715,0.436777390346853,0.0816663608001468,0.22811525050468
181273.411807,2515366.126422,0.0555657436273611,0.0706033376123235,0,0.757748028608106,0.0693196405648267,0.0467632495873831
181773.411807,2515366.126422,0.0441634597764339,0.0711013377313542,0,0.789994502473887,0.0439802089059923,0.0507604911123328
182273.411807,2515366.126422,0.0638649293448339,0.0719398054688934,0,0.200403743806203,0.118186823270325,0.545604698109745
182773.411807,2515366.126422,0.046396479002384,0.0678525582248304,0,0.0223730056849441,0.0836236933797909,0.779754263708051
183273.411807,2515366.126422,0.126992853216053,0.0458127176104087,0,0.0606560381161811,0.103719992669965,0.662818398387392
183773.411807,2515366.126422,0.205909341163516,0.0357863828225362,0,0.0849697192145348,0.122224261332355,0.551110295467058
184273.411807,2515366.126422,0.0942600403447643,0.0561158995048597,0.0022006235099945,0.344947735191638,0.210709701081973,0.291766000366771
184773.411807,2515366.126422,0.101704233095107,0.0679860729338464,0,0.180318856514568,0.125160344511636,0.524830492944842
185273.411807,2515366.126422,0.178014314553129,0.0616626904019086,0,0.0625802899614608,0.0743255643237291,0.623417140759772
173273.411807,2514866.126422,0.0726605504587156,0.0754128440366972,0,0.640366972477064,0.0911926605504587,0.120366972477064
173773.411807,2514866.126422,0.0341221794166208,0.416987708677307,0,0.10695285268758,0.0742982938910292,0.367638965327463
174273.411807,2514866.126422,0.0380952380952381,0.769230769230769,0.00512820512820513,0.00769230769230769,0.0249084249084249,0.154945054945055
174773.411807,2514866.126422,0.096697247706422,0.170642201834862,0.0803669724770642,0.307706422018349,0.0715596330275229,0.27302752293578
175273.411807,2514866.126422,0.0495321959273528,0.227848101265823,0.124197394973399,0.201614382682077,0.0854889011190607,0.311319024032288
175773.411807,2514866.126422,0.20018315018315,0.17014652014652,0.0274725274725275,0.0879120879120879,0.121245421245421,0.393040293040293
176273.411807,2514866.126422,0.242385321100917,0.0541284403669725,0.0036697247706422,0.0805504587155963,0.075045871559633,0.544220183486239
176773.411807,2514866.126422,0.251513483764447,0.0592551825353146,0,0.0500825536598789,0.0695285268758026,0.569620253164557
177273.411807,2514866.126422,0.131868131868132,0.155677655677656,0,0.255128205128205,0.152014652014652,0.305311355311355
177773.411807,2514866.126422,0.285137614678899,0.190642201834862,0,0.0335779816513761,0.0955963302752294,0.395045871559633
178273.411807,2514866.126422,0.104017611447441,0.413135204549624,0.00403595670519171,0.0229315721885892,0.0388919464318474,0.416987708677307
178773.411807,2514866.126422,0.268315018315018,0.15970695970696,0,0,0,0.571978021978022
179273.411807,2514866.126422,0.398165137614679,0.0436697247706422,0,0,0.00293577981651376,0.555229357798165
179773.411807,2514866.126422,0.532562832507797,0.0997982021647404,0,0.0223812144560631,0.0642084021280499,0.28104934874335
180273.411807,2514866.126422,0.129304029304029,0.111538461538462,0,0.329304029304029,0.134249084249084,0.295604395604396
180773.411807,2514866.126422,0.0469724770642202,0.274128440366972,0.00146788990825688,0.359266055045872,0.0968807339449541,0.221284403669725
181273.411807,2514866.126422,0.182902219776188,0.112272977435333,0.00146762062006971,0.387084938543387,0.119977985690699,0.196294257934324
181773.411807,2514866.126422,0.154578754578755,0.101831501831502,0.00238095238095238,0.328571428571429,0.0551282051282051,0.357509157509158
182273.411807,2514866.126422,0.0811009174311927,0.0519266055045872,0.00018348623853211,0.354128440366972,0.0860550458715596,0.426605504587156
182773.411807,2514866.126422,0.0664098330581545,0.0374243258117777,0,0.558613098514034,0.0876903320491653,0.249862410566868
183273.411807,2514866.126422,0.0895604395604396,0.0371794871794872,0,0.71025641025641,0.0816849816849817,0.0813186813186813
183773.411807,2514866.126422,0.194862385321101,0.0691743119266055,0,0.406605504587156,0.0785321100917431,0.250825688073395
184273.411807,2514866.126422,0.102183085672354,0.0359567051917079,0,0.411667583929554,0.155751238304898,0.294441386901486
184773.411807,2514866.126422,0.183516483516484,0.0545787545787546,0,0.0926739926739927,0.125641025641026,0.543589743589744
185273.411807,2514866.126422,0.406788990825688,0.0313761467889908,0.0315596330275229,0.00972477064220183,0.0423853211009174,0.478165137614679
173273.411807,2514366.126422,0.0553113553113553,0.043040293040293,0.184798534798535,0.596336996336996,0.084981684981685,0.0355311355311355
173773.411807,2514366.126422,0.115567765567766,0.0384615384615385,0,0.647619047619048,0.0750915750915751,0.123260073260073
174273.411807,2514366.126422,0.0491382471580491,0.202786945361203,0.253392005867253,0.16043270993766,0.103410341034103,0.230839750641731
174773.411807,2514366.126422,0.196336996336996,0.115201465201465,0.152747252747253,0.000366300366300366,0.0032967032967033,0.532051282051282
175273.411807,2514366.126422,0.0437728937728938,0.304395604395604,0.10952380952381,0.211355311355311,0.0710622710622711,0.25989010989011
175773.411807,2514366.126422,0.136780344701137,0.198019801980198,0,0.234873487348735,0.159149248258159,0.271177117711771
176273.411807,2514366.126422,0.0935897435897436,0.121794871794872,0,0.40989010989011,0.175457875457875,0.199267399267399
176773.411807,2514366.126422,0.18040293040293,0.123992673992674,0.000366300366300366,0.187545787545788,0.105494505494505,0.402197802197802
177273.411807,2514366.126422,0.163549688302164,0.109277594426109,0.00531719838650532,0.351851851851852,0.127612761276128,0.242390905757242
177773.411807,2514366.126422,0.11978021978022,0.178205128205128,0.0327838827838828,0.274908424908425,0.126739926739927,0.267582417582418
178273.411807,2514366.126422,0.091025641025641,0.123992673992674,0.026007326007326,0.477838827838828,0.0934065934065934,0.187728937728938
178773.411807,2514366.126422,0.183718371837184,0.0506050605060506,0.0447378071140447,0.433076640997433,0.0500550055005501,0.237807114044738
179273.411807,2514366.126422,0.219413919413919,0.0928571428571429,0.0124542124542125,0.355677655677656,0.113003663003663,0.206593406593407
179773.411807,2514366.126422,0.115934065934066,0.146886446886447,0.00512820512820513,0.158241758241758,0.159340659340659,0.414468864468864
180273.411807,2514366.126422,0.0579391272460579,0.0562889622295563,0.000366703337000367,0.798863219655299,0.0562889622295563,0.0302530253025303
180773.411807,2514366.126422,0.0785714285714286,0.0899267399267399,0.00293040293040293,0.708424908424908,0.0681318681318681,0.052014652014652
181273.411807,2514366.126422,0.0866300366300366,0.0536630036630037,0.0032967032967033,0.740842490842491,0.0712454212454212,0.0443223443223443
181773.411807,2514366.126422,0.104877154382105,0.0782911624495783,0,0.682251558489182,0.0537220388705537,0.0808580858085809
182273.411807,2514366.126422,0.0749084249084249,0.0943223443223443,0.0010989010989011,0.635531135531135,0.101282051282051,0.0928571428571429
182773.411807,2514366.126422,0.153113553113553,0.0575091575091575,0,0.567948717948718,0.101098901098901,0.12032967032967
183273.411807,2514366.126422,0.0256692335900257,0.0308030803080308,0,0.861019435276861,0.0572057205720572,0.0253025302530253
183773.411807,2514366.126422,0.11996336996337,0.0485347985347985,0,0.638278388278388,0.106227106227106,0.086996336996337
184273.411807,2514366.126422,0.0765567765567766,0.0703296703296703,0,0.512637362637363,0.133882783882784,0.206593406593407
184773.411807,2514366.126422,0.196002933626696,0.0617895122845618,0.000366703337000367,0.044004400440044,0.168683535020169,0.529152915291529
185273.411807,2514366.126422,0.540659340659341,0.0135531135531136,0,0.0203296703296703,0.13956043956044,0.285897435897436
173773.411807,2513866.126422,0.109481019622226,0.224463598019439,0.119383825417202,0.249037227214377,0.0399779937649001,0.257656335961856
174273.411807,2513866.126422,0.0850284038849184,0.200476452263148,0.0831958951805021,0.166391790361004,0.0227231079347627,0.442184350375664
174773.411807,2513866.126422,0.0293631859056708,0.242613323545605,0.442650027527987,0.04147550009176,0.00367039823820885,0.240227564690769
175273.411807,2513866.126422,0.0634513112048414,0.231615624426921,0.257839721254355,0.0957271226847607,0.00806895286997983,0.343297267559142
175773.411807,2513866.126422,0.0437969580355507,0.0925416895730255,0,0.637529778266447,0.0809968847352025,0.145134689389775
176273.411807,2513866.126422,0.063497889521013,0.179849513672233,0,0.306478252890439,0.130299137456414,0.319875206459901
176773.411807,2513866.126422,0.200440124701999,0.134421419402164,0.0361269026224097,0.229598386209426,0.0487804878048781,0.350632679259123
177273.411807,2513866.126422,0.132856881070185,0.102253985706432,0.0602895363752978,0.499908374564779,0.0542422576507238,0.150448964632582
177773.411807,2513866.126422,0.0836850798311617,0.0724903652046247,0.0170673518076711,0.730042209579739,0.0436777390346853,0.0530372545421178
178273.411807,2513866.126422,0.104529616724739,0.0966440491472584,0.0022006235099945,0.678708967540803,0.0880249403997799,0.0298918026774253
178773.411807,2513866.126422,0.0963899578522998,0.131757375847535,0.00201575957485798,0.623419461242441,0.0971229613340663,0.0492944841487997
179273.411807,2513866.126422,0.144246650761608,0.0567076527803267,0.000734079647641769,0.636814094329235,0.0932281152505047,0.0682694072306845
179773.411807,2513866.126422,0.239684577296901,0.134238034109664,0,0.271777003484321,0.0825233816247937,0.271777003484321
180273.411807,2513866.126422,0.135788894997251,0.167491295583654,0.0639545537841305,0.198827194429174,0.0841121495327103,0.34982591167308
180773.411807,2513866.126422,0.142962011378235,0.109744907322444,0,0.516241512204074,0.084235639566893,0.146815929528354
181273.411807,2513866.126422,0.158078122134605,0.0847240051347882,0,0.565193471483587,0.0865578580597836,0.105446543187236
181773.411807,2513866.126422,0.110317024005864,0.107934762690123,0.000733003481766538,0.609309144218435,0.104636247022173,0.0670698185816383
182273.411807,2513866.126422,0.0592769315470729,0.0923105156909525,0.000183519911910442,0.739401725087172,0.0807487612405946,0.0280785465222977
182773.411807,2513866.126422,0.13607188703466,0.164313222079589,0,0.315606088391711,0.105446543187236,0.278562259306804
183273.411807,2513866.126422,0.0318856514568444,0.0406816932380429,0,0.801172805570826,0.108851017042331,0.0174088326919553
183773.411807,2513866.126422,0.110111947146265,0.0548724536612222,0,0.623233620847862,0.0820334006239677,0.129748577720683
184273.411807,2513866.126422,0.0238400880249404,0.0671190170548322,0,0.635430038510911,0.125985695947185,0.147625160462131
184773.411807,2513866.126422,0.162726772952172,0.0404984423676012,0.00128275609309144,0.217885284955104,0.131940626717977,0.445666116914055
185273.411807,2513866.126422,0.590750596439714,0.00311983850247752,0.00183519911910442,0.00256927876674619,0.0154156726004772,0.386309414571481
173773.411807,2513366.126422,0.0168776371308017,0.130434782608696,0.198679141441937,0.0570537516052101,0.0161438268207668,0.580810860392589
174273.411807,2513366.126422,0.00494505494505494,0.222344322344322,0.441758241758242,0.0655677655677656,0.0141025641025641,0.251282051282051
174773.411807,2513366.126422,0.0372477064220183,0.278165137614679,0.327889908256881,0.11743119266055,0.00256880733944954,0.236697247706422
175273.411807,2513366.126422,0.0726472206934507,0.183819482663731,0.0337552742616034,0.474775270592552,0.000366905155017428,0.234635846633645
175773.411807,2513366.126422,0.0637362637362637,0.150549450549451,0.0648351648351648,0.415201465201465,0.0402930402930403,0.265384615384615
176273.411807,2513366.126422,0.0238532110091743,0.0761467889908257,0.0478899082568807,0.747339449541284,0.0326605504587156,0.0721100917431193
176773.411807,2513366.126422,0.0587048248027885,0.0554026784076316,0.000183452577508714,0.796917996697854,0.0454962392221611,0.0432948082920565
177273.411807,2513366.126422,0.0928571428571429,0.0406593406593407,0.00128205128205128,0.649450549450549,0.0391941391941392,0.176556776556777
177773.411807,2513366.126422,0.168440366972477,0.0497247706422018,0,0.612660550458716,0.073394495412844,0.0957798165137615
178273.411807,2513366.126422,0.168409466152999,0.0689781691432765,0,0.5663181067694,0.111539167125298,0.0847550908090259
178773.411807,2513366.126422,0.137362637362637,0.0489010989010989,0,0.58974358974359,0.157875457875458,0.0661172161172161
179273.411807,2513366.126422,0.0304587155963303,0.0267889908256881,0.000917431192660551,0.863669724770642,0.0658715596330275,0.0122935779816514
179773.411807,2513366.126422,0.117960007338103,0.0399926618968997,0,0.661346541918914,0.0831040176114474,0.0975967712346359
180273.411807,2513366.126422,0.147985347985348,0.195787545787546,0,0.272527472527473,0.152747252747253,0.230952380952381
180773.411807,2513366.126422,0.135412844036697,0.224036697247706,0,0.2,0.150275229357798,0.290275229357798
181273.411807,2513366.126422,0.25958539717483,0.117409649605577,0,0.32948082920565,0.0587048248027885,0.234819299211154
181773.411807,2513366.126422,0.0472527472527473,0.0899267399267399,0.000915750915750916,0.736813186813187,0.0586080586080586,0.0664835164835165
182273.411807,2513366.126422,0.0622018348623853,0.165504587155963,0.00605504587155963,0.668256880733945,0.051743119266055,0.0462385321100917
182773.411807,2513366.126422,0.114474408365438,0.0689781691432765,0,0.616584113006788,0.0911759310218309,0.108787378462667
183273.411807,2513366.126422,0.104029304029304,0.0728937728937729,0,0.338278388278388,0.161172161172161,0.323626373626374
183773.411807,2513366.126422,0.122752293577982,0.0902752293577982,0,0.0889908256880734,0.102935779816514,0.595045871559633
184273.411807,2513366.126422,0.0805356815263254,0.0709961474958723,0,0.633645202715098,0.121445606310769,0.0933773619519354
184773.411807,2513366.126422,0.512087912087912,0.0168498168498168,0,0.0443223443223443,0.056959706959707,0.36978021978022
185273.411807,2513366.126422,0.532477064220183,0.00275229357798165,0,0.00073394495412844,0.0104587155963303,0.453577981651376
173773.411807,2512866.126422,0.0593406593406593,0.166117216117216,0.435347985347985,0.0655677655677656,0.00970695970695971,0.263919413919414
174273.411807,2512866.126422,0.0388705537220389,0.287312064539787,0.302346901356802,0.113678034470114,0.01998533186652,0.237807114044738
174773.411807,2512866.126422,0.134432234432234,0.0767399267399267,0.0375457875457875,0.191575091575092,0.00732600732600733,0.552380952380952
175273.411807,2512866.126422,0.0417582417582418,0.161172161172161,0.021978021978022,0.0043956043956044,0.00238095238095238,0.768315018315018
175773.411807,2512866.126422,0.000916758342500917,0.194536120278695,0,0.0524385771910524,0.0291529152915292,0.722955628896223
176273.411807,2512866.126422,0.0428571428571429,0.0467032967032967,0,0.813003663003663,0.0399267399267399,0.0575091575091575
176773.411807,2512866.126422,0.0564102564102564,0.032051282051282,0,0.758424908424908,0.1,0.0531135531135531
177273.411807,2512866.126422,0.158415841584158,0.0792079207920792,0.000183351668500183,0.513568023469014,0.137330399706637,0.111294462779611
177773.411807,2512866.126422,0.174175824175824,0.0877289377289377,0.000183150183150183,0.521428571428571,0.0794871794871795,0.136996336996337
178273.411807,2512866.126422,0.152564102564103,0.117765567765568,0.000366300366300366,0.431684981684982,0.159340659340659,0.138278388278388
178773.411807,2512866.126422,0.183718371837184,0.0988265493215988,0,0.333149981664833,0.162082874954162,0.222222222222222
179273.411807,2512866.126422,0.130586080586081,0.0683150183150183,0,0.518498168498169,0.125091575091575,0.157509157509158
179773.411807,2512866.126422,0.200732600732601,0.132051282051282,0,0.420512820512821,0.128754578754579,0.117948717948718
180273.411807,2512866.126422,0.0623395672900623,0.163916391639164,0,0.602310231023102,0.0887422075540887,0.0826916024935827
180773.411807,2512866.126422,0.201648351648352,0.181135531135531,0,0.175274725274725,0.155494505494505,0.286446886446886
181273.411807,2512866.126422,0.318681318681319,0.071978021978022,0,0.458058608058608,0.0238095238095238,0.127472527472527
181773.411807,2512866.126422,0.0368536853685369,0.0533553355335534,0.00806747341400807,0.87037037037037,0.0231023102310231,0.00825082508250825
182273.411807,2512866.126422,0.0485347985347985,0.0793040293040293,0.00183150183150183,0.751648351648352,0.0798534798534798,0.0388278388278388
182773.411807,2512866.126422,0.26007326007326,0.0177655677655678,0,0.542307692307692,0.0565934065934066,0.123260073260073
183273.411807,2512866.126422,0.578291162449578,0.0188852218555189,0,0.0353868720205354,0.0364869820315365,0.330949761642831
183773.411807,2512866.126422,0.206043956043956,0.0461538461538462,0,0.0858974358974359,0.151098901098901,0.510805860805861
184273.411807,2512866.126422,0.110622710622711,0.0736263736263736,0,0.37967032967033,0.151648351648352,0.284432234432234
184773.411807,2512866.126422,0.343967730106344,0.0935093509350935,0.00916758342500917,0.0753575357535754,0.0960762742940961,0.381921525485882
185273.411807,2512866.126422,0.609340659340659,0.00695970695970696,0,0.00677655677655678,0.00549450549450549,0.371428571428571
174273.411807,2512366.126422,0.0403151914971596,0.415796225032069,0.000366501740883269,0.111416529228514,0.0179585853032802,0.414146967198094
174773.411807,2512366.126422,0.00770783630023858,0.277115066984768,0.133969535694623,0.229950449623784,0.0390897412369242,0.312167370159662
175273.411807,2512366.126422,0.0341096644049147,0.322207958921694,0.0053181734824867,0.243535668439391,0.068402714102329,0.326425820649184
175773.411807,2512366.126422,0.040131940626718,0.314275242807403,0,0.00109950522264981,0.0203408466190214,0.624152464724207
176273.411807,2512366.126422,0.0985501926959075,0.184437511469994,0,0.379519177830795,0.0258763075793724,0.311616810423931
176773.411807,2512366.126422,0.0293416467999266,0.035209976159912,0,0.796992481203007,0.10012836970475,0.0383275261324042
177273.411807,2512366.126422,0.103353490929082,0.0558915154846986,0,0.725490196078431,0.0604727872457394,0.0547920102620487
177773.411807,2512366.126422,0.0282620664342081,0.0165167920719398,0,0.902183886951734,0.0449623784180584,0.00807487612405946
178273.411807,2512366.126422,0.244819365486888,0.151659636897121,0,0.254172015404365,0.103245919677242,0.246103062534385
178773.411807,2512366.126422,0.205790727505956,0.136155396738135,0,0.337364852483049,0.138720908924317,0.181968114348543
179273.411807,2512366.126422,0.0669847678473114,0.109010827674803,0.000734079647641769,0.696641585612039,0.04147550009176,0.0851532391264452
179773.411807,2512366.126422,0.0783055198973042,0.139006051714652,0,0.638364203190904,0.046396479002384,0.0979277461947552
180273.411807,2512366.126422,0.173172072567345,0.440718343412131,0,0.202125710097123,0.0382994319223016,0.1456844420011
180773.411807,2512366.126422,0.0600110111947146,0.233620847861993,0,0.467058175812076,0.106441548908057,0.13286841622316
181273.411807,2512366.126422,0.0586832935998533,0.0775719787273061,0,0.701815514395745,0.0601503759398496,0.101778837337246
181773.411807,2512366.126422,0.0815466373465274,0.0914421843503757,0.000366501740883269,0.683159245006414,0.0765988638446033,0.0668865677111966
182273.411807,2512366.126422,0.0425766195632226,0.0800146815929528,0,0.801064415489081,0.04147550009176,0.034868783262984
182773.411807,2512366.126422,0.200623509994498,0.0623509994498441,0,0.458830001833853,0.0799559875298001,0.198239501192004
183273.411807,2512366.126422,0.339014110317024,0.0822796408282939,0,0.229246838922485,0.0852116547553601,0.264247755176837
183773.411807,2512366.126422,0.0853367590383557,0.12020554230134,0,0.30299137456414,0.148834648559369,0.342631675536796
184273.411807,2512366.126422,0.0517146524848707,0.0339262791124152,0,0.684393911608289,0.143040528149642,0.0869246286447827
184773.411807,2512366.126422,0.399486897562763,0.0284038849184534,0.0254718709913872,0.108667766171889,0.083745647791827,0.35422393256368
185273.411807,2512366.126422,0.211965498256561,0.0456964580657001,0.310148651128647,0.142411451642503,0.000734079647641769,0.289043861258947
174273.411807,2511866.126422,0.144688644688645,0.349267399267399,0.0978021978021978,0.134065934065934,0.0384615384615385,0.235714285714286
175773.411807,2511866.126422,0.0741758241758242,0.0961538461538462,0,0.106043956043956,0.0877289377289377,0.635897435897436
176273.411807,2511866.126422,0.14256880733945,0.206238532110092,0,0.113211009174312,0.108623853211009,0.429357798165138
176773.411807,2511866.126422,0.189323059988993,0.127499541368556,0,0.406897816914328,0.0820033021463952,0.194276279581728
177273.411807,2511866.126422,0.238095238095238,0.137179487179487,0,0.281318681318681,0.0981684981684982,0.245238095238095
177773.411807,2511866.126422,0.225871559633028,0.0137614678899083,0,0.365871559633028,0.0355963302752294,0.358899082568807
178273.411807,2511866.126422,0.327095945698037,0.0836543753439736,0,0.172812328013209,0.128049899101082,0.288387451843698
178773.411807,2511866.126422,0.116483516483516,0.0798534798534798,0,0.221245421245421,0.180769230769231,0.401648351648352
179273.411807,2511866.126422,0.122752293577982,0.245688073394495,0,0.301834862385321,0.0638532110091743,0.265871559633027
179773.411807,2511866.126422,0.239405613648872,0.217207851770317,0,0.148596587782058,0.0324711062190424,0.36231884057971
180273.411807,2511866.126422,0.216300366300366,0.262454212454212,0,0.136630036630037,0.0686813186813187,0.315934065934066
180773.411807,2511866.126422,0.0858715596330275,0.191192660550459,0,0.476697247706422,0.110275229357798,0.135963302752294
181273.411807,2511866.126422,0.0366905155017428,0.0821867547239039,0.00110071546505228,0.819299211153917,0.0394423041643735,0.0212804989910108
181773.411807,2511866.126422,0.0811355311355311,0.0730769230769231,0.00805860805860806,0.755128205128205,0.0571428571428571,0.0254578754578755
182273.411807,2511866.126422,0.0671559633027523,0.0796330275229358,0,0.76605504587156,0.046605504587156,0.0405504587155963
182773.411807,2511866.126422,0.0974133186571271,0.0709961474958723,0,0.552926068611264,0.0735644835809943,0.205099981654742
183273.411807,2511866.126422,0.125457875457875,0.253479853479853,0,0.241941391941392,0.0580586080586081,0.321062271062271
183773.411807,2511866.126422,0.0594495412844037,0.25743119266055,0,0.157981651376147,0.073394495412844,0.451743119266055
184273.411807,2511866.126422,0.120344890845716,0.075032104201064,0,0.459732159236837,0.0913593835993396,0.253531462117043
184773.411807,2511866.126422,0.131135531135531,0.21959706959707,0.000183150183150183,0.225824175824176,0.111538461538462,0.311721611721612
185273.411807,2511866.126422,0.145688073394495,0.165137614678899,0.0724770642201835,0.108073394495413,0.0528440366972477,0.455779816513761
174273.411807,2511366.126422,0.0418041804180418,0.152731939860653,0.589108910891089,0.117711771177118,0.0044004400440044,0.0942427576090942
175773.411807,2511366.126422,0.243674367436744,0.134763476347635,0,0.0872753942060873,0.0984598459845985,0.435826916024936
176273.411807,2511366.126422,0.173260073260073,0.105311355311355,0,0.211172161172161,0.100732600732601,0.40952380952381
176773.411807,2511366.126422,0.393040293040293,0.112637362637363,0.00146520146520147,0.0554945054945055,0.142673992673993,0.294688644688645
177273.411807,2511366.126422,0.259259259259259,0.135130179684635,0,0.118261826182618,0.174917491749175,0.312431243124312
177773.411807,2511366.126422,0.265018315018315,0.0754578754578755,0.00183150183150183,0.118681318681319,0.0862637362637363,0.452747252747253
178273.411807,2511366.126422,0.311538461538462,0.0521978021978022,0,0.146886446886447,0.134432234432234,0.354945054945055
178773.411807,2511366.126422,0.443344334433443,0.0687568756875688,0.0282361569490282,0.081041437477081,0.0735240190685735,0.305097176384305
179273.411807,2511366.126422,0.673992673992674,0.00586080586080586,0,0,0,0.32014652014652
179773.411807,2511366.126422,0.622710622710623,0.0261904761904762,0.000915750915750916,0.0406593406593407,0.0197802197802198,0.28974358974359
180273.411807,2511366.126422,0.128712871287129,0.145581224789146,0,0.47983131646498,0.0922258892555922,0.153648698203154
180773.411807,2511366.126422,0.0597069597069597,0.113553113553114,0,0.580586080586081,0.0664835164835165,0.17967032967033
181273.411807,2511366.126422,0.0701465201465201,0.150732600732601,0.000183150183150183,0.611538461538462,0.0467032967032967,0.120695970695971
181773.411807,2511366.126422,0.0122845617895123,0.0245691235790246,0.00128346167950128,0.894206087275394,0.0203520352035204,0.0473047304730473
182273.411807,2511366.126422,0.0243589743589744,0.0183150183150183,0.000366300366300366,0.928388278388278,0.019047619047619,0.00952380952380952
182773.411807,2511366.126422,0.0335164835164835,0.0586080586080586,0,0.846886446886447,0.0355311355311355,0.0254578754578755
183273.411807,2511366.126422,0.0669233590025669,0.059039237257059,0,0.735790245691236,0.0825082508250825,0.0557389072240557
183773.411807,2511366.126422,0.0802197802197802,0.0858974358974359,0,0.461172161172161,0.211538461538462,0.161172161172161
184273.411807,2511366.126422,0.0827838827838828,0.0793040293040293,0.000183150183150183,0.514285714285714,0.10952380952381,0.213919413919414
184773.411807,2511366.126422,0.0964429776310964,0.0991932526585992,0,0.588192152548588,0.0935093509350935,0.122662266226623
185273.411807,2511366.126422,0.23040293040293,0.128388278388278,0,0.271794871794872,0.143589743589744,0.225824175824176
175273.411807,2510866.126422,0.0733541169998166,0.0513478818998716,0,0.768751146158078,0.0451127819548872,0.0614340729873464
175773.411807,2510866.126422,0.270478284771853,0.123511086677662,0,0.148616455928166,0.120762323621037,0.336631849001283
176273.411807,2510866.126422,0.224444852266471,0.0488162965681776,0.000917599559552211,0.0212883097816113,0.0535878142778491,0.650945127546339
176773.411807,2510866.126422,0.203741059966991,0.158811663304603,0,0.115349348982212,0.178984045479553,0.343113882266642
177273.411807,2510866.126422,0.341579622503207,0.123511086677662,0,0.113798790544255,0.168957302547187,0.252153197727689
177773.411807,2510866.126422,0.202055423013397,0.0972655533125344,0,0.0979996329601762,0.0950633143696091,0.507616076344283
178273.411807,2510866.126422,0.196772418852008,0.143407298734641,0.00495140289748762,0.17604988079956,0.117733357784706,0.361085640931597
178773.411807,2510866.126422,0.790727505955653,0.00384826827927433,0,0.0126443100604728,0.0278541323071285,0.164925783397471
179273.411807,2510866.126422,0.66379152138007,0.0117452743622683,0,0.0113782345384474,0.00275279867865663,0.310332171040558
179773.411807,2510866.126422,0.170731707317073,0.12415184302219,0,0.442692096093893,0.0981111314872547,0.164313222079589
180273.411807,2510866.126422,0.0628550485614807,0.191497159611508,0.0527762506871908,0.505955653289353,0.0938244456661169,0.0930914421843504
180773.411807,2510866.126422,0.0908423563956689,0.185905670765278,0,0.48541016700312,0.0726738851165352,0.165167920719398
181273.411807,2510866.126422,0.0291582615074271,0.23583348615441,0,0.479735925178801,0.0938932697597653,0.161379057399597
181773.411807,2510866.126422,0.0428807036833425,0.28367234744365,0,0.433938061205791,0.0470954737035001,0.192413413963716
182273.411807,2510866.126422,0.0168838318957607,0.220774454028262,0.00605615709304459,0.558267572031565,0.0466140576252523,0.151403927326115
182773.411807,2510866.126422,0.041995231982395,0.164679992664588,0.000550155877498625,0.46781588116633,0.0779387493123052,0.247019988996882
183273.411807,2510866.126422,0.0927249404434671,0.0553417628733736,0,0.637529778266447,0.0621220450797141,0.152281473336998
183773.411807,2510866.126422,0.367223343732795,0.0502844558634612,0,0.188841989355845,0.108276748027161,0.285373463020738
184273.411807,2510866.126422,0.280396112231799,0.0286081056299285,0,0.13992297817715,0.0194388410049514,0.531633962956171
184773.411807,2510866.126422,0.489646325820048,0.0483782297965915,0,0.0929081913139087,0.0408649441084845,0.328202308960968
185273.411807,2510866.126422,0.162231602128831,0.16590200036704,0,0.338777757386676,0.131583776839787,0.201504863277666
175773.411807,2510366.126422,0.324358974358974,0.0877289377289377,0,0.0928571428571429,0.166483516483516,0.328571428571429
176273.411807,2510366.126422,0.335779816513761,0.0530275229357798,0,0.00788990825688073,0.0453211009174312,0.557981651376147
176773.411807,2510366.126422,0.452027150981471,0.0728306732709595,0,0.0227481196110805,0.0810860392588516,0.371308016877637
177273.411807,2510366.126422,0.368864468864469,0.0642857142857143,0,0.175091575091575,0.160622710622711,0.231135531135531
177773.411807,2510366.126422,0.135963302752294,0.0627522935779816,0,0.580917431192661,0.12697247706422,0.093394495412844
178273.411807,2510366.126422,0.29389102916896,0.0462300495321959,0,0.235002751788663,0.129517519721152,0.29535864978903
178773.411807,2510366.126422,0.626373626373626,0.089010989010989,0.0305860805860806,0.0153846153846154,0.00274725274725275,0.235897435897436
179273.411807,2510366.126422,0.161834862385321,0.214678899082569,0,0.171376146788991,0.0873394495412844,0.364770642201835
179773.411807,2510366.126422,0.116125481563016,0.134470739313887,0.00091726288754357,0.330398092093194,0.175197211520822,0.242891212621537
180273.411807,2510366.126422,0.0338827838827839,0.184065934065934,0.000366300366300366,0.623076923076923,0.0706959706959707,0.0879120879120879
180773.411807,2510366.126422,0.0530275229357798,0.287522935779817,0,0.388807339449541,0.0499082568807339,0.220733944954128
181273.411807,2510366.126422,0.0434782608695652,0.114290955787929,0,0.623555310952119,0.0697119794533113,0.148963492937076
181773.411807,2510366.126422,0.0547619047619048,0.130952380952381,0.0043956043956044,0.624358974358974,0.0461538461538462,0.139377289377289
182273.411807,2510366.126422,0.105137614678899,0.0998165137614679,0.00018348623853211,0.307155963302752,0.10256880733945,0.385137614678899
182773.411807,2510366.126422,0.131352045496239,0.0739313887360117,0,0.346541918913961,0.0871399743166392,0.361034672537149
183273.411807,2510366.126422,0.10970695970696,0.0701465201465201,0,0.594688644688645,0.0664835164835165,0.158974358974359
183773.411807,2510366.126422,0.269908256880734,0.126422018348624,0,0.191926605504587,0.0579816513761468,0.353761467889908
184273.411807,2510366.126422,0.155934690882407,0.116859291873051,0.0401761144744084,0.143459915611814,0.0631076866629976,0.480462300495322
184773.411807,2510366.126422,0.125091575091575,0.354395604395604,0,0.118315018315018,0.0305860805860806,0.371611721611722
185273.411807,2510366.126422,0.0559633027522936,0.118715596330275,0,0.619633027522936,0.120733944954128,0.084954128440367
175273.411807,2509866.126422,0.126556776556777,0.0624542124542125,0.0501831501831502,0.583333333333333,0.0899267399267399,0.0875457875457875
175773.411807,2509866.126422,0.255042170883755,0.131279794646131,0,0.168316831683168,0.165383204987165,0.27997799779978
176273.411807,2509866.126422,0.377655677655678,0.0782051282051282,0,0.0106227106227106,0.0750915750915751,0.458424908424908
176773.411807,2509866.126422,0.246703296703297,0.0948717948717949,0,0.135164835164835,0.0943223443223443,0.428937728937729
177273.411807,2509866.126422,0.0614228089475614,0.026035936927026,0,0.781261459479281,0.0616061606160616,0.0696736340300697
177773.411807,2509866.126422,0.125824175824176,0.0714285714285714,0.104212454212454,0.503663003663004,0.0485347985347985,0.146336996336996
