"x","y","forest","agri","water","built","other","grass"
152773.411807,2558366.126422,0.127441860465116,0.15046511627907,0.416046511627907,0.221395348837209,0.0846511627906977,0
153273.411807,2558366.126422,0.00348513011152416,0.00116171003717472,0.990473977695167,0.00441449814126394,0.000464684014869888,0
153773.411807,2558366.126422,0,0,0.390130353817505,0.609869646182495,0,0
154273.411807,2558366.126422,0,0,0,1,0,0
154773.411807,2558366.126422,0,0,0,1,0,0
155273.411807,2558366.126422,0.0295623836126629,0.0814711359404097,0,0.861731843575419,0.000931098696461825,0.0263035381750466
155773.411807,2558366.126422,0,0.16093023255814,0.027906976744186,0.77953488372093,0.0104651162790698,0.0211627906976744
156273.411807,2558366.126422,0,0.0878252788104089,0.519516728624535,0.364544609665428,0.000232342007434944,0.0278810408921933
156773.411807,2558366.126422,0,0.0835661080074488,0.841247672253259,0.0521415270018622,0.00139664804469274,0.0216480446927374
157273.411807,2558366.126422,0.000697674418604651,0.138604651162791,0.744651162790698,0.105116279069767,0.00348837209302326,0.00744186046511628
157773.411807,2558366.126422,0.00836431226765799,0.116868029739777,0.79182156133829,0.0473977695167286,0.00348513011152416,0.0320631970260223
158273.411807,2558366.126422,0.0146648044692737,0.148975791433892,0.527467411545624,0.0910148975791434,0.0281657355679702,0.189711359404097
158773.411807,2558366.126422,0.000930232558139535,0.22953488372093,0.636046511627907,0.0230232558139535,0.00209302325581395,0.108372093023256
159273.411807,2558366.126422,0.00975836431226766,0.160083643122677,0.523466542750929,0.0961895910780669,0.0236988847583643,0.186802973977695
159773.411807,2558366.126422,0.00861266294227188,0.256983240223464,0.411545623836127,0.0074487895716946,0.0197858472998138,0.295623836126629
160273.411807,2558366.126422,0.0326481257557437,0.138653768641677,0.403869407496977,0.0955259975816203,0.0197501007658202,0.309552599758162
152773.411807,2557866.126422,0,0.0234432234432234,0.813736263736264,0.145787545787546,0.0168498168498168,0.000183150183150183
153273.411807,2557866.126422,0,0,0.574440777411074,0.425559222588926,0,0
153773.411807,2557866.126422,0,0.000183150183150183,0.0294871794871795,0.97032967032967,0,0
154273.411807,2557866.126422,0.0021978021978022,0.122710622710623,0,0.828021978021978,0.0010989010989011,0.045970695970696
154773.411807,2557866.126422,0.00641730839750642,0.0911257792445911,0,0.858269160249358,0.00421708837550422,0.03997066373304
155273.411807,2557866.126422,0.043956043956044,0.0725274725274725,0.431318681318681,0.443956043956044,0.00238095238095238,0.00586080586080586
155773.411807,2557866.126422,0,0.208241758241758,0.682783882783883,0.0769230769230769,0.00879120879120879,0.0232600732600733
156273.411807,2557866.126422,0,0.0964429776310964,0.822332233223322,0.0764576457645765,0,0.00476714338100477
156773.411807,2557866.126422,0.0043956043956044,0.093040293040293,0.705311355311355,0.0380952380952381,0.000549450549450549,0.158608058608059
157273.411807,2557866.126422,0.0161172161172161,0.0402930402930403,0.872161172161172,0.0705128205128205,0.000549450549450549,0.000366300366300366
157773.411807,2557866.126422,0.00366703337000367,0.211587825449212,0.656582324899157,0.0425375870920425,0.0115511551155116,0.0740740740740741
158273.411807,2557866.126422,0.000366300366300366,0.163736263736264,0.476739926739927,0.17967032967033,0.0617216117216117,0.117765567765568
158773.411807,2557866.126422,0.00311355311355311,0.276556776556777,0.49981684981685,0.0587912087912088,0.00494505494505494,0.156776556776557
159273.411807,2557866.126422,0.000183351668500183,0.135863586358636,0.63017968463513,0.11954528786212,0.00825082508250825,0.105977264393106
159773.411807,2557866.126422,0.00402930402930403,0.239194139194139,0.13974358974359,0.31043956043956,0.0256410256410256,0.280952380952381
160273.411807,2557866.126422,0.00314169022934339,0.166195413132265,0.479421928997801,0.168080427269871,0.0694313540684888,0.113729186302231
152273.411807,2557366.126422,0,0,0.993760322995045,0.00623967700495504,0,0
152773.411807,2557366.126422,0,0.00990280579497524,0.599119750596002,0.390977443609023,0,0
153273.411807,2557366.126422,0.00164925783397471,0.174638079530878,0.163459776433938,0.624152464724207,0.000183250870441635,0.0359171706065604
153773.411807,2557366.126422,0,0.193613507065517,0.000183519911910442,0.774454028262066,0.000734079647641769,0.0310148651128647
154273.411807,2557366.126422,0.00110031175499725,0.117733357784706,0.197689345314506,0.678708967540803,0,0.00476801760498808
154773.411807,2557366.126422,0.0053142752428074,0.120945574491479,0.558915154846986,0.256551218618288,0.00439802089059923,0.0538757559098406
155273.411807,2557366.126422,0.0354193429987154,0.251789319141127,0.575151403927326,0.0697375665259681,0.00550559735731327,0.0623967700495504
155773.411807,2557366.126422,0.0187052998349532,0.265358518246837,0.43205574912892,0.0143040528149642,0.00403447643498991,0.265541903539336
156273.411807,2557366.126422,0,0.167674546454096,0.516584203774968,0.228330584570277,0.00439802089059923,0.0830126443100605
156773.411807,2557366.126422,0.00146815929528354,0.18682327032483,0.336759038355662,0.291796659937603,0.0122958340979996,0.170857037988622
157273.411807,2557366.126422,0.00641848523748395,0.0874747845222813,0.700531817348249,0.18796992481203,0.00238400880249404,0.0152209792774619
157773.411807,2557366.126422,0,0.149349459409932,0.76122411581455,0.0447132123877588,0.00109950522264981,0.043613707165109
158273.411807,2557366.126422,0.00293631859056708,0.153055606533309,0.722884933015232,0.0673518076711323,0.00605615709304459,0.047715177096715
158773.411807,2557366.126422,0,0.205391527599487,0.604804694663488,0.153493489822116,0.00366770584999083,0.0326425820649184
159273.411807,2557366.126422,0.00366501740883269,0.142935678944475,0.367234744365036,0.406633681509987,0.0133773135422393,0.0661535642294301
159773.411807,2557366.126422,0.00770783630023858,0.179298953936502,0.00183519911910442,0.611855386309415,0.0284455863461186,0.170857037988622
160273.411807,2557366.126422,0.0179301667190941,0.242843661528783,0.471846492607738,0.0393205410506449,0.00975149418055992,0.21830764391318
151773.411807,2556866.126422,0,0.028021978021978,0.854945054945055,0.0956043956043956,0.00311355311355311,0.0183150183150183
152273.411807,2556866.126422,0,0.0792660550458716,0.664770642201835,0.235045871559633,0.00018348623853211,0.0207339449541284
152773.411807,2556866.126422,0,0.334434048798386,0.187305081636397,0.45789763346175,0.000183452577508714,0.0201797835259585
153273.411807,2556866.126422,0.00384615384615385,0.134065934065934,0.574908424908425,0.285347985347985,0,0.00183150183150183
153773.411807,2556866.126422,0.00568807339449541,0.170275229357798,0.538348623853211,0.277981651376147,0.00128440366972477,0.00642201834862385
154273.411807,2556866.126422,0,0.140341221794166,0.778205833791965,0.0662263804806457,0.00348559897266557,0.0117409649605577
154773.411807,2556866.126422,0,0.093040293040293,0.875824175824176,0.0236263736263736,0.000732600732600733,0.00677655677655678
155273.411807,2556866.126422,0.0339449541284404,0.204770642201835,0.621651376146789,0.0212844036697248,0.00330275229357798,0.115045871559633
155773.411807,2556866.126422,0,0.179416620803522,0.626123647037241,0.024399192808659,0.000550357732526142,0.169510181618052
156273.411807,2556866.126422,0,0.14029304029304,0.644322344322344,0.0294871794871795,0.00164835164835165,0.184249084249084
156773.411807,2556866.126422,0.0018348623853211,0.105871559633028,0.729174311926606,0.125137614678899,0.00458715596330275,0.033394495412844
157273.411807,2556866.126422,0,0.0629242340854889,0.911208952485782,0.0155934690882407,0.00165107319757843,0.00862227114290956
157773.411807,2556866.126422,0.00238095238095238,0.0996336996336996,0.808058608058608,0.0527472527472527,0.00586080586080586,0.0313186813186813
158273.411807,2556866.126422,0,0.151926605504587,0.710275229357798,0.0792660550458716,0.0055045871559633,0.0530275229357798
158773.411807,2556866.126422,0.00091726288754357,0.212988442487617,0.555677857273895,0.124197394973399,0.00587048248027885,0.100348559897267
159273.411807,2556866.126422,0.0576923076923077,0.207142857142857,0.337912087912088,0.191758241758242,0.0282051282051282,0.177289377289377
159773.411807,2556866.126422,0.00972477064220183,0.191743119266055,0.189174311926605,0.303119266055046,0.0104587155963303,0.295779816513761
160273.411807,2556866.126422,0.0100723953415172,0.158954988983318,0.624488511174064,0.0519357884796978,0.0113314447592068,0.143216871262197
151773.411807,2556366.126422,0.0044004400440044,0.255958929226256,0.461679501283462,0.0617895122845618,0.00165016501650165,0.214521452145215
152273.411807,2556366.126422,0,0.324175824175824,0.317216117216117,0.216849816849817,0.00512820512820513,0.136630036630037
152773.411807,2556366.126422,0,0.177838827838828,0.621611721611722,0.191025641025641,0,0.00952380952380952
153273.411807,2556366.126422,0,0.100660066006601,0.692702603593693,0.2004033736707,0.00183351668500183,0.0044004400440044
153773.411807,2556366.126422,0,0.0701465201465201,0.675274725274725,0.252380952380952,0.000183150183150183,0.00201465201465201
154273.411807,2556366.126422,0,0.1003663003663,0.787545787545788,0.107875457875458,0,0.00421245421245421
154773.411807,2556366.126422,0.00183351668500183,0.146131279794646,0.752291895856252,0.0610561056105611,0.00403373670700403,0.0346534653465347
155273.411807,2556366.126422,0.023992673992674,0.311538461538462,0.61007326007326,0.00824175824175824,0,0.0461538461538462
155773.411807,2556366.126422,0,0.201098901098901,0.744139194139194,0.00952380952380952,0.000915750915750916,0.0443223443223443
156273.411807,2556366.126422,0,0.190685735240191,0.68958562522919,0.0491382471580491,0.00806747341400807,0.0625229189585625
156773.411807,2556366.126422,0.00293040293040293,0.27985347985348,0.473260073260073,0.0432234432234432,0.00604395604395604,0.194688644688645
157273.411807,2556366.126422,0,0.183333333333333,0.756043956043956,0.0230769230769231,0.000732600732600733,0.0368131868131868
157773.411807,2556366.126422,0,0.144847818115145,0.773927392739274,0.0306197286395306,0.00146681334800147,0.0491382471580491
158273.411807,2556366.126422,0.0032967032967033,0.162087912087912,0.668131868131868,0.0445054945054945,0.00750915750915751,0.114468864468864
158773.411807,2556366.126422,0.0357142857142857,0.413736263736264,0.272710622710623,0.0316849816849817,0.0212454212454212,0.224908424908425
159273.411807,2556366.126422,0.149064906490649,0.294096076274294,0.0832416574990832,0.0874587458745875,0.0689402273560689,0.317198386505317
159773.411807,2556366.126422,0.17985347985348,0.363369963369963,0.0161172161172161,0.0934065934065934,0.0617216117216117,0.285531135531136
160273.411807,2556366.126422,0.0892240025133522,0.253220232485077,0.219918316054037,0.099277411247251,0.0867106503298775,0.251649387370405
151273.411807,2555866.126422,0,0.170915092609573,0.549605721621126,0.161562442692096,0.00293416467999266,0.114982578397213
151773.411807,2555866.126422,0,0.317940260216236,0.198643943558732,0.173355323437786,0.00549752611324904,0.304562946673997
152273.411807,2555866.126422,0,0.187924389796293,0.615709304459534,0.0890071572765645,0.00146815929528354,0.105890989172325
152773.411807,2555866.126422,0,0.0838070786722905,0.892536218595269,0.0225563909774436,0.000183385292499542,0.000916926462497708
153273.411807,2555866.126422,0,0.0558915154846986,0.632032252153198,0.300531427524281,0.000183250870441635,0.0113615539673813
153773.411807,2555866.126422,0,0.082583960359699,0.566342448155625,0.350155991925124,0.000734079647641769,0.000183519911910442
154273.411807,2555866.126422,0.00146708233999633,0.0605171465248487,0.911608289015221,0.0144874381074638,0,0.0119200440124702
154773.411807,2555866.126422,0.021073850100788,0.214586769287154,0.702400586402785,0.0227231079347627,0.00586402785413231,0.0333516584203775
155273.411807,2555866.126422,0.00256927876674619,0.191961827858323,0.76766379152138,0.00917599559552211,0.00275279867865663,0.0258763075793724
155773.411807,2555866.126422,0.0154043645699615,0.411699981661471,0.368971208509078,0.00513478818998716,0.00256739409499358,0.196222262974509
156273.411807,2555866.126422,0.00842954004031519,0.285504856148067,0.417262231995602,0.0943741982774418,0.0122778083195895,0.182151365218985
156773.411807,2555866.126422,0.0280785465222977,0.201321343365755,0.446136905854285,0.159662323362085,0.0297302257294917,0.135070655166086
157273.411807,2555866.126422,0.00788556757748029,0.301485420869246,0.450944434256373,0.0320924261874198,0.0113698881349716,0.196222262974509
157773.411807,2555866.126422,0.0282206340480117,0.309510720175921,0.218251786695987,0.0254718709913872,0.062671797691039,0.355873190397654
158273.411807,2555866.126422,0.0271609469627455,0.496788401541567,0.148651128647458,0.0662506881996697,0.0607450908423564,0.200403743806203
158773.411807,2555866.126422,0.053181734824867,0.649550706033376,0.0117366587199707,0.0491472583898771,0.0742710434623143,0.162112598569595
159273.411807,2555866.126422,0.158145501191131,0.538391057357522,0,0.0555250137438153,0.0938244456661169,0.154113982041415
159773.411807,2555866.126422,0.133602495870802,0.122224261332355,0.00238575885483575,0.0680858873187741,0.114332905120206,0.559368691503028
160273.411807,2555866.126422,0.16766278703995,0.331550802139037,0,0.00754954388172381,0.100346020761246,0.392890846178043
151273.411807,2555366.126422,0.00330214639515685,0.349110254999083,0.497523390203632,0.0709961474958723,0.00275178866263071,0.076316272243625
151773.411807,2555366.126422,0,0.458058608058608,0.322527472527473,0.157326007326007,0,0.0620879120879121
152273.411807,2555366.126422,0.000917431192660551,0.285688073394495,0.675229357798165,0.00477064220183486,0.00110091743119266,0.0322935779816514
152773.411807,2555366.126422,0.000183452577508714,0.0304531278664465,0.920014676206201,0.0401761144744084,0,0.0091726288754357
153273.411807,2555366.126422,0,0.0595238095238095,0.802380952380952,0.136446886446886,0,0.00164835164835165
153773.411807,2555366.126422,0.00036697247706422,0.142385321100917,0.742935779816514,0.0937614678899083,0.00055045871559633,0.02
154273.411807,2555366.126422,0.00220143093010457,0.217207851770317,0.664832140891579,0.0825536598789213,0.000183452577508714,0.0330214639515685
154773.411807,2555366.126422,0.0690476190476191,0.291391941391941,0.568681318681319,0.0201465201465201,0.00641025641025641,0.0443223443223443
155273.411807,2555366.126422,0.0209174311926606,0.217981651376147,0.524587155963303,0.0284403669724771,0.00678899082568807,0.201284403669725
155773.411807,2555366.126422,0.0111906072280316,0.123463584663365,0.724454228581912,0.015410016510732,0.0315538433314988,0.0939277196844616
156273.411807,2555366.126422,0.00842490842490842,0.212454212454212,0.431684981684982,0.123076923076923,0.0703296703296703,0.154029304029304
156773.411807,2555366.126422,0.00568807339449541,0.22697247706422,0.412293577981651,0.0585321100917431,0.0511926605504587,0.245321100917431
157273.411807,2555366.126422,0.0177949000183453,0.215006420840213,0.486332782975601,0.0825536598789213,0.0288020546688681,0.169510181618052
157773.411807,2555366.126422,0.0666666666666667,0.447985347985348,0.217399267399267,0.0765567765567766,0.023992673992674,0.167399267399267
158273.411807,2555366.126422,0.00990825688073394,0.399266055045872,0.0937614678899083,0.188073394495413,0.128256880733945,0.180733944954128
158773.411807,2555366.126422,0.0119244175380664,0.656943680058705,0.10126582278481,0.0465969546872134,0.0570537516052101,0.126215373325995
159273.411807,2555366.126422,0.10018315018315,0.306410256410256,0.200732600732601,0.149450549450549,0.0847985347985348,0.158424908424908
159773.411807,2555366.126422,0.0477064220183486,0.340733944954128,0,0.220366972477064,0.187706422018349,0.20348623853211
160273.411807,2555366.126422,0.00881334592382751,0.475920679886686,0,0.0487881649354737,0.0890777463015423,0.377400062952471
151273.411807,2554866.126422,0.00549450549450549,0.24047619047619,0.576190476190476,0.0756410256410256,0.00201465201465201,0.10018315018315
151773.411807,2554866.126422,0,0.398973230656399,0.330766409974331,0.0678401173450678,0,0.202420242024202
152273.411807,2554866.126422,0,0.223626373626374,0.747435897435897,0.00366300366300366,0,0.0252747252747253
152773.411807,2554866.126422,0.00238095238095238,0.0648351648351648,0.898351648351648,0.0276556776556777,0.000915750915750916,0.00586080586080586
153273.411807,2554866.126422,0.00476714338100477,0.041987532086542,0.881371470480381,0.0693069306930693,0.000733406674000733,0.00183351668500183
153773.411807,2554866.126422,0.0102564102564103,0.071978021978022,0.850732600732601,0.0611721611721612,0.00311355311355311,0.00274725274725275
154273.411807,2554866.126422,0.00183150183150183,0.113553113553114,0.83040293040293,0.026007326007326,0.0010989010989011,0.0271062271062271
154773.411807,2554866.126422,0.01998533186652,0.204437110377704,0.643014301430143,0.0496883021635497,0.0157682434910158,0.0671067106710671
155273.411807,2554866.126422,0.00915750915750916,0.1503663003663,0.504945054945055,0.0534798534798535,0.0267399267399267,0.255311355311355
155773.411807,2554866.126422,0.0351648351648352,0.182417582417582,0.36978021978022,0.0263736263736264,0.0675824175824176,0.318681318681319
156273.411807,2554866.126422,0.0132013201320132,0.304547121378805,0.18958562522919,0.048038137147048,0.0253025302530253,0.419325265859919
156773.411807,2554866.126422,0.0461538461538462,0.176190476190476,0.446520146520147,0.0873626373626374,0.13003663003663,0.113736263736264
157273.411807,2554866.126422,0.00256410256410256,0.191575091575092,0.423076923076923,0.0750915750915751,0.0448717948717949,0.262820512820513
157773.411807,2554866.126422,0.172717271727173,0.295012834616795,0.0126512651265127,0.0951595159515952,0.16006600660066,0.264393105977264
158273.411807,2554866.126422,0.0203296703296703,0.467582417582418,0.0897435897435897,0.216849816849817,0.106959706959707,0.0985347985347985
158773.411807,2554866.126422,0.0205128205128205,0.707326007326007,0,0.0443223443223443,0.122893772893773,0.104945054945055
159273.411807,2554866.126422,0.0207187385405207,0.288962229556289,0.31041437477081,0.0847084708470847,0.0423542354235424,0.252841950861753
159773.411807,2554866.126422,0.0223443223443223,0.402197802197802,0.257142857142857,0.052014652014652,0.0415750915750916,0.224725274725275
160273.411807,2554866.126422,0.058435438265787,0.292177191328935,0.109959158027019,0.116242538485705,0.141376060320452,0.281809613572102
151273.411807,2554366.126422,0,0.182284980744544,0.576379974326059,0.160645516229598,0.011186502842472,0.0695030258573262
151773.411807,2554366.126422,0.00219901044529962,0.394722374931281,0.28807036833425,0.0437969580355507,0.00733003481766538,0.263881253435954
152273.411807,2554366.126422,0.0012846393833731,0.0658836483758488,0.91301156175445,0.0108276748027161,0.000183519911910442,0.00880895577170123
152773.411807,2554366.126422,0.0022006235099945,0.0845406198422887,0.720520814230699,0.180817898404548,0.000733541169998166,0.011186502842472
153273.411807,2554366.126422,0,0.0769653655854865,0.887300714678395,0.0291368884002199,0.000916254352208173,0.00568077698369067
153773.411807,2554366.126422,0.00110111947146265,0.10772618829143,0.663240961644338,0.193797026977427,0.00605615709304459,0.0280785465222977
154273.411807,2554366.126422,0.00861910874747845,0.119017054832202,0.647166697230882,0.173665871997066,0.000550155877498625,0.0509811113148725
154773.411807,2554366.126422,0.000366501740883269,0.143851933296683,0.802455561663918,0.0276708814366868,0.000549752611324904,0.0251053692505039
155273.411807,2554366.126422,0.0133969535694623,0.27821618645623,0.463754817397688,0.017434391631492,0.0082583960359699,0.218939254909158
155773.411807,2554366.126422,0.0188886851274528,0.142673757564643,0.564459930313589,0.041995231982395,0.0146708233999633,0.217311571611957
156273.411807,2554366.126422,0.0164925783397471,0.214037016675829,0.272860546087594,0.0580905259299982,0.0720175920835624,0.366501740883269
156773.411807,2554366.126422,0.0504679757753716,0.1493852082951,0.0521196549825656,0.175995595522114,0.092126995779042,0.479904569645807
157273.411807,2554366.126422,0.0304419585549239,0.17219878965707,0.178617274894553,0.187419768934531,0.106363469649734,0.324958738309188
157773.411807,2554366.126422,0.0203408466190214,0.252702950339014,0.103903243540407,0.148433205057724,0.116914055341763,0.357705699102071
158273.411807,2554366.126422,0.000734079647641769,0.273261148834649,0.258946595705634,0.193062947329785,0.11635162415122,0.15764360433107
158773.411807,2554366.126422,0.0137538969374656,0.320924261874198,0.414450761048964,0.0612506876948469,0.0370438290849074,0.152576563359619
159273.411807,2554366.126422,0.011544804837823,0.160161260765989,0.528678761224116,0.0725673446948873,0.0474619754443834,0.179585853032802
159773.411807,2554366.126422,0.0132134336575518,0.147182969352175,0.500825839603597,0.124793540099101,0.0310148651128647,0.182969352174711
160273.411807,2554366.126422,0,0.258257313620635,0.508335954702737,0.0805284680717207,0.0141553947782321,0.138722868826675
151273.411807,2553866.126422,0.002568336085122,0.144377178499358,0.494404696385984,0.301412584846817,0.00972298660796184,0.0475142175747569
151773.411807,2553866.126422,0.00183150183150183,0.221245421245421,0.513736263736264,0.24010989010989,0,0.0230769230769231
152273.411807,2553866.126422,0.0018348623853211,0.0546788990825688,0.875596330275229,0.0678899082568807,0,0
152773.411807,2553866.126422,0.002568336085122,0.150981471289672,0.577508713997432,0.266189689965144,0,0.00275178866263071
153273.411807,2553866.126422,0.00622710622710623,0.124358974358974,0.798901098901099,0.0564102564102564,0.000732600732600733,0.0133699633699634
153773.411807,2553866.126422,0.00623853211009174,0.0867889908256881,0.83045871559633,0.0570642201834862,0.00311926605504587,0.0163302752293578
154273.411807,2553866.126422,0,0.185654008438819,0.671619886259402,0.0310034855989727,0.00220143093010457,0.109521188772702
154773.411807,2553866.126422,0.00256410256410256,0.298351648351648,0.548351648351648,0.0250915750915751,0.00311355311355311,0.122527472527473
155273.411807,2553866.126422,0.0100917431192661,0.159816513761468,0.47302752293578,0.00422018348623853,0.00110091743119266,0.351743119266055
155773.411807,2553866.126422,0.000733810310034856,0.188405797101449,0.262153733259952,0.0539350577875619,0.0535681526325445,0.441203448908457
156273.411807,2553866.126422,0.000549450549450549,0.266666666666667,0.0474358974358974,0.279120879120879,0.158058608058608,0.248168498168498
156773.411807,2553866.126422,0.0176146788990826,0.232844036697248,0.243853211009174,0.218715596330275,0.0546788990825688,0.232293577981651
157273.411807,2553866.126422,0,0.0443955237571088,0.671619886259402,0.0948449825720051,0.0161438268207668,0.172995780590717
157773.411807,2553866.126422,0.0108058608058608,0.0728937728937729,0.517032967032967,0.135714285714286,0.0203296703296703,0.243223443223443
158273.411807,2553866.126422,0.00073394495412844,0.0444036697247706,0.229724770642202,0.06,0.0273394495412844,0.637798165137615
158773.411807,2553866.126422,0.000733810310034856,0.554026784076316,0.163639699137773,0.117593102183086,0.0552192258301229,0.108787378462667
159273.411807,2553866.126422,0,0.46025641025641,0.0915750915750916,0.146520146520147,0.0945054945054945,0.207142857142857
159773.411807,2553866.126422,0,0.425688073394495,0.194678899082569,0.0324770642201835,0.0812844036697248,0.265871559633027
160273.411807,2553866.126422,0.00598048473402581,0.380547686496695,0.262511803588291,0.0349386213408876,0.0509915014164306,0.26502990242367
151273.411807,2553366.126422,0,0.0956043956043956,0.194688644688645,0.677838827838828,0.000732600732600733,0.0311355311355311
151773.411807,2553366.126422,0,0.107077374404107,0.523652365236524,0.338100476714338,0.00183351668500183,0.0293362669600293
152273.411807,2553366.126422,0.00183150183150183,0.0708791208791209,0.262637362637363,0.614652014652015,0.000183150183150183,0.0498168498168498
152773.411807,2553366.126422,0.0043956043956044,0.0659340659340659,0.367032967032967,0.505494505494505,0.00494505494505494,0.0521978021978022
153273.411807,2553366.126422,0,0.126145947928126,0.613861386138614,0.208104143747708,0.0022002200220022,0.0496883021635497
153773.411807,2553366.126422,0.00311355311355311,0.181501831501831,0.65989010989011,0.108058608058608,0.00164835164835165,0.0457875457875458
154273.411807,2553366.126422,0,0.223260073260073,0.648168498168498,0.0335164835164835,0.000732600732600733,0.0943223443223443
154773.411807,2553366.126422,0,0.218738540520719,0.544921158782545,0.0337367070040337,0.00916758342500917,0.193436010267693
155273.411807,2553366.126422,0,0.188827838827839,0.594871794871795,0.0124542124542125,0.00347985347985348,0.2003663003663
155773.411807,2553366.126422,0,0.386080586080586,0.0175824175824176,0.0655677655677656,0.0624542124542125,0.468315018315018
156273.411807,2553366.126422,0.0022002200220022,0.592959295929593,0.0265859919325266,0.0652731939860653,0.0938760542720939,0.219105243857719
156773.411807,2553366.126422,0.00274725274725275,0.0380952380952381,0.807875457875458,0.0901098901098901,0.0141025641025641,0.0470695970695971
157273.411807,2553366.126422,0.0476190476190476,0.183150183150183,0.385714285714286,0.171978021978022,0.0230769230769231,0.188461538461538
157773.411807,2553366.126422,0.00825082508250825,0.218188485515218,0.48954895489549,0.0458379171250458,0.0185185185185185,0.21965529886322
158273.411807,2553366.126422,0,0.195238095238095,0.0327838827838828,0.00293040293040293,0.0298534798534799,0.739194139194139
158773.411807,2553366.126422,0.0241758241758242,0.607509157509157,0,0.0871794871794872,0.0366300366300366,0.244505494505494
159273.411807,2553366.126422,0.026952695269527,0.764026402640264,0,0.0386872020535387,0.0438210487715438,0.126512651265127
159773.411807,2553366.126422,0.017032967032967,0.648717948717949,0,0.0139194139194139,0.0706959706959707,0.2496336996337
160273.411807,2553366.126422,0.0342444234998429,0.563305058121269,0,0.0826264530317311,0.0672321709079485,0.252591894439208
151273.411807,2552866.126422,0,0,0,1,0,0
151773.411807,2552866.126422,0.00219901044529962,0.047645226314825,0.44731537474803,0.482133040131941,0,0.0207073483599047
152273.411807,2552866.126422,0,0.00293631859056708,0.742521563589649,0.254358597907873,0,0.000183519911910442
152773.411807,2552866.126422,0,0.0254905556574363,0.757197872730607,0.216211259856959,0.000916926462497708,0.000183385292499542
153273.411807,2552866.126422,0,0.134689389774601,0.712112882536192,0.0318856514568444,0.0120945574491479,0.109217518783214
153773.411807,2552866.126422,0.00165167920719398,0.187924389796293,0.652596806753533,0.0600110111947146,0.000367039823820885,0.0974490732244448
154273.411807,2552866.126422,0.00110031175499725,0.208509077571979,0.641848523748395,0.0135705116449661,0.000733541169998166,0.134238034109664
154773.411807,2552866.126422,0.000183250870441635,0.124793842770753,0.777350192413414,0.0540590067802822,0.00934579439252336,0.0342679127725857
155273.411807,2552866.126422,0,0.271792989539365,0.264268673151037,0.0721233253808038,0.0433106992108644,0.34850431271793
155773.411807,2552866.126422,0,0.487254722171282,0.0469466348798826,0.0214560792224464,0.0649183935448377,0.379424170181551
156273.411807,2552866.126422,0,0.216785779732454,0.566061938794209,0.136888400219901,0.0300531427524281,0.0502107385010079
156773.411807,2552866.126422,0.00238575885483575,0.0258763075793724,0.618829142962011,0.343182235272527,0.00110111947146265,0.00862543585979079
157273.411807,2552866.126422,0.0188886851274528,0.13607188703466,0.618558591600954,0.130753713552173,0.00788556757748029,0.0878415551072804
157773.411807,2552866.126422,0.083745647791827,0.161077515118197,0.068719076415613,0.0163093274693055,0.0258383727322705,0.644310060472787
158273.411807,2552866.126422,0.113598825472564,0.236740686364471,0.0680858873187741,0.0359699027344467,0.0824004404477886,0.463204257661956
158773.411807,2552866.126422,0.0251237850724372,0.133321107647167,0.109664404914726,0.191087474784522,0.170181551439575,0.370621676141573
159273.411807,2552866.126422,0.0641378046545721,0.444749862561847,0.00586402785413231,0.101520982224666,0.11654755360088,0.267179769103903
159773.411807,2552866.126422,0.132501376399339,0.245916681959993,0.00256927876674619,0.209763259313636,0.212883097816113,0.196366305744173
160273.411807,2552866.126422,0.045611827618748,0.294117647058824,0,0.157282164202579,0.252280591380937,0.250707769738912
151273.411807,2552366.126422,0,0,0,1,0,0
151773.411807,2552366.126422,0,0.0371794871794872,0.245787545787546,0.677655677655678,0.0117216117216117,0.0276556776556777
152273.411807,2552366.126422,0.0209174311926606,0.0640366972477064,0.631926605504587,0.253577981651376,0,0.0295412844036697
152773.411807,2552366.126422,0,0,0.625756741882223,0.374243258117777,0,0
153273.411807,2552366.126422,0.00146520146520147,0.174358974358974,0.583150183150183,0.148717948717949,0.0201465201465201,0.0721611721611722
153773.411807,2552366.126422,0.00165137614678899,0.199633027522936,0.688256880733945,0.00403669724770642,0,0.106422018348624
154273.411807,2552366.126422,0.0078884608328747,0.14841313520455,0.588148963492937,0.0100898917629793,0.00385250412768299,0.241607044578976
154773.411807,2552366.126422,0,0.181135531135531,0.655494505494505,0.0558608058608059,0.00494505494505494,0.102564102564103
155273.411807,2552366.126422,0,0.414862385321101,0.300366972477064,0.0660550458715596,0.0128440366972477,0.205871559633028
155773.411807,2552366.126422,0.0146762062006971,0.320491652907723,0.172812328013209,0.0543019629425793,0.0521005320124748,0.385617317923317
156273.411807,2552366.126422,0,0,0.776923076923077,0.223076923076923,0,0
156773.411807,2552366.126422,0.0587155963302752,0.12605504587156,0.444403669724771,0.175596330275229,0.0106422018348624,0.184587155963303
157273.411807,2552366.126422,0.00220143093010457,0.229132269308384,0.197028068244359,0.104751421757476,0.0181618051733627,0.448725004586314
157773.411807,2552366.126422,0.0164835164835165,0.176556776556777,0.243772893772894,0.0661172161172161,0.0432234432234432,0.453846153846154
158273.411807,2552366.126422,0.00917431192660551,0.150825688073394,0.475596330275229,0.110091743119266,0.0403669724770642,0.21394495412844
158773.411807,2552366.126422,0.0372408732342689,0.177031737295909,0.25536598789213,0.094294624839479,0.0977802238121446,0.338286552926069
159273.411807,2552366.126422,0.0573260073260073,0.230952380952381,0.137728937728938,0.0531135531135531,0.104761904761905,0.416117216117216
159773.411807,2552366.126422,0.101100917431193,0.17394495412844,0.142935779816514,0.0878899082568807,0.081651376146789,0.412477064220183
160273.411807,2552366.126422,0.155492603084671,0.215926975133774,0.0192005036197671,0.084985835694051,0.104815864022663,0.419578218445074
151773.411807,2551866.126422,0,0.364503116978365,0.17968463513018,0.351851851851852,0.0458379171250458,0.0581224789145581
152273.411807,2551866.126422,0,0.0750915750915751,0.644688644688645,0.225274725274725,0.00494505494505494,0.05
152773.411807,2551866.126422,0,0.00201465201465201,0.918864468864469,0.0791208791208791,0,0
153273.411807,2551866.126422,0,0.0792079207920792,0.729372937293729,0.14979831316465,0.0066006600660066,0.035020168683535
153773.411807,2551866.126422,0.00201465201465201,0.217765567765568,0.614285714285714,0.0873626373626374,0.0010989010989011,0.0774725274725275
154273.411807,2551866.126422,0,0.234065934065934,0.593956043956044,0.0732600732600733,0.0153846153846154,0.0833333333333333
154773.411807,2551866.126422,0.0077007700770077,0.288595526219289,0.356985698569857,0.167216721672167,0.0231023102310231,0.156398973230656
155273.411807,2551866.126422,0.00897435897435897,0.356043956043956,0.487179487179487,0.0347985347985348,0.00421245421245421,0.108791208791209
155773.411807,2551866.126422,0.0108058608058608,0.155860805860806,0.634615384615385,0.126373626373626,0.0161172161172161,0.0562271062271062
156273.411807,2551866.126422,0.0011001100110011,0.155482214888155,0.697836450311698,0.05995599559956,0.00238357169050238,0.0832416574990832
156773.411807,2551866.126422,0.0206959706959707,0.226373626373626,0.337545787545788,0.0265567765567766,0.0137362637362637,0.375091575091575
157273.411807,2551866.126422,0,0.218681318681319,0.374542124542125,0.184798534798535,0.0203296703296703,0.201648351648352
157773.411807,2551866.126422,0.00366703337000367,0.2000366703337,0.343417675100843,0.275210854418775,0.0544554455445545,0.123212321232123
158273.411807,2551866.126422,0.013003663003663,0.246520146520147,0.574725274725275,0.0476190476190476,0.0175824175824176,0.100549450549451
158773.411807,2551866.126422,0.0509157509157509,0.306043956043956,0.226007326007326,0.0285714285714286,0.0179487179487179,0.370512820512821
159273.411807,2551866.126422,0.0124679134580125,0.17968463513018,0.274660799413275,0.0478547854785479,0.0716905023835717,0.413641364136414
159773.411807,2551866.126422,0.010989010989011,0.236080586080586,0.404395604395604,0.136630036630037,0.0633699633699634,0.148534798534799
160273.411807,2551866.126422,0.104932453660069,0.210179076343073,0.161797046811184,0.0424128180961357,0.0819981149858624,0.398680490103676
152773.411807,2551366.126422,0,0.0300751879699248,0.72785622593068,0.185219145424537,0.00421786172748946,0.0526315789473684
153273.411807,2551366.126422,0,0.0426974528129009,0.754077331867326,0.197544438336082,0.00568077698369067,0
153773.411807,2551366.126422,0.0034868783262984,0.173793356579189,0.579372361901266,0.165167920719398,0.0122958340979996,0.0658836483758488
154273.411807,2551366.126422,0.0183385292499542,0.164679992664588,0.740326425820649,0.0627177700348432,0.000183385292499542,0.0137538969374656
154773.411807,2551366.126422,0.00274876305662452,0.258200476452263,0.632948506505406,0.0417811984606927,0,0.0643210555250137
155273.411807,2551366.126422,0,0.0847861993026243,0.844558634611855,0.026977427050835,0.0214718296935217,0.0222059093411635
155773.411807,2551366.126422,0,0.14780854575463,0.761965890335595,0.0119200440124702,0.00183385292499542,0.0764716669723088
156273.411807,2551366.126422,0.0309693971046362,0.293567894447499,0.54150632215503,0.0238226131574125,0.0106285504856148,0.0995052226498076
156773.411807,2551366.126422,0.0130299137456414,0.212883097816113,0.476784731143329,0.0972655533125344,0.0225729491649844,0.177463754817398
157273.411807,2551366.126422,0.00293416467999266,0.279112415184302,0.0909591050797726,0.117183201907207,0.0854575463047864,0.424353566843939
157773.411807,2551366.126422,0.0168590800806304,0.203774967931098,0.475536008796042,0.083745647791827,0.0284038849184534,0.19168041048195
158273.411807,2551366.126422,0.0155991925123876,0.111763626353459,0.7135254175078,0.0152321526885667,0.017434391631492,0.126445219306295
158773.411807,2551366.126422,0.0511644966073721,0.240234733174399,0.317990097194205,0.113148725472217,0.0174216027874564,0.26004034476435
159273.411807,2551366.126422,0.0428807036833425,0.227231079347627,0.215686274509804,0.0318856514568444,0.0514934945940993,0.430822796408283
159773.411807,2551366.126422,0.0543218939254909,0.244081482840888,0.249587080198201,0.0227564690768948,0.0585428518994311,0.370710222059093
160273.411807,2551366.126422,0.119849009122366,0.0899653979238754,0.027681660899654,0.0490720352312048,0.0506448568732306,0.66278703994967
152773.411807,2550866.126422,0,0.0992478444322143,0.130618235186204,0.68336085121996,0.0223812144560631,0.0643918547055586
153273.411807,2550866.126422,0,0.0549450549450549,0.712087912087912,0.232600732600733,0,0.000366300366300366
153773.411807,2550866.126422,0.0141284403669725,0.0930275229357798,0.592660550458716,0.273394495412844,0.00807339449541284,0.0187155963302752
154273.411807,2550866.126422,0.0232984773436067,0.19684461566685,0.587415153182902,0.124747752705926,0.00330214639515685,0.0643918547055586
154773.411807,2550866.126422,0.000732600732600733,0.170695970695971,0.654578754578755,0.131868131868132,0.0032967032967033,0.0388278388278388
155273.411807,2550866.126422,0.00807339449541284,0.0792660550458716,0.744403669724771,0.0469724770642202,0.0128440366972477,0.108440366972477
155773.411807,2550866.126422,0.0825536598789213,0.252247294074482,0.257934323977252,0.0720968629609246,0.0770500825536599,0.258117776554761
156273.411807,2550866.126422,0.0998168498168498,0.186996336996337,0.553113553113553,0.0470695970695971,0.00879120879120879,0.104212454212454
156773.411807,2550866.126422,0.0860550458715596,0.209174311926606,0.34605504587156,0.144036697247706,0.0739449541284404,0.140733944954128
157273.411807,2550866.126422,0.0423775454045129,0.173729590900752,0.067327095945698,0.183269124931205,0.157035406347459,0.376261236470372
157773.411807,2550866.126422,0.0648351648351648,0.180952380952381,0.227472527472527,0.071978021978022,0.0415750915750916,0.413186813186813
158273.411807,2550866.126422,0.0111926605504587,0.359449541284404,0.17651376146789,0.0478899082568807,0.0286238532110092,0.376330275229358
158773.411807,2550866.126422,0.0399926618968997,0.388369106585948,0.322693083837828,0.0341221794166208,0.0667767382131719,0.148046230049532
159273.411807,2550866.126422,0.11978021978022,0.186996336996337,0.194139194139194,0.1003663003663,0.124542124542125,0.274175824175824
159773.411807,2550866.126422,0.0939449541284404,0.157981651376147,0.129724770642202,0.289357798165138,0.132110091743119,0.196880733944954
160273.411807,2550866.126422,0.124645892351275,0.171545483160214,0.209316965690903,0.234497954044696,0.084985835694051,0.175007869058861
153273.411807,2550366.126422,0,0.0044004400440044,0.656215621562156,0.338467180051338,0.000916758342500917,0
153773.411807,2550366.126422,0,0,0.865934065934066,0.134065934065934,0,0
154273.411807,2550366.126422,0,0.00128205128205128,0.596520146520147,0.402197802197802,0,0
154773.411807,2550366.126422,0,0.103593692702604,0.604143747708104,0.22955628896223,0.00311697836450312,0.0595892922625596
155273.411807,2550366.126422,0.0192307692307692,0.437179487179487,0.224358974358974,0.0276556776556777,0.00934065934065934,0.282234432234432
155773.411807,2550366.126422,0.0172161172161172,0.3003663003663,0.401282051282051,0.136446886446886,0.013003663003663,0.131684981684982
156273.411807,2550366.126422,0.0452878621195453,0.26989365603227,0.408140814081408,0.197103043637697,0.00421708837550422,0.0753575357535754
156773.411807,2550366.126422,0.017032967032967,0.341391941391941,0.446336996336996,0.041025641025641,0.0296703296703297,0.124542124542125
157273.411807,2550366.126422,0.0221611721611722,0.372344322344322,0.182234432234432,0.145970695970696,0.0595238095238095,0.217765567765568
157773.411807,2550366.126422,0.0278694536120279,0.219288595526219,0.34048404840484,0.21048771543821,0.017968463513018,0.183901723505684
158273.411807,2550366.126422,0.00256410256410256,0.202014652014652,0.474542124542125,0.0606227106227106,0.0518315018315018,0.208424908424908
158773.411807,2550366.126422,0.0043956043956044,0.235531135531136,0.405128205128205,0.212820512820513,0.0373626373626374,0.104761904761905
159273.411807,2550366.126422,0.0518885221855519,0.213421342134213,0.386872020535387,0.108360836083608,0.0232856618995233,0.216171617161716
159773.411807,2550366.126422,0.0188644688644689,0.245421245421245,0.16007326007326,0.0432234432234432,0.0395604395604396,0.492857142857143
160273.411807,2550366.126422,0.0279610430411561,0.327049952874647,0.0942507068803016,0.17593465284323,0.0656613257932768,0.309142318567389
153273.411807,2549866.126422,0,0,0.44511636430273,0.55488363569727,0,0
153773.411807,2549866.126422,0,0,0.240961644338411,0.759038355661589,0,0
154273.411807,2549866.126422,0,0,0,1,0,0
154773.411807,2549866.126422,0,0.0676195711929632,0,0.358438702583837,0.00989554700384827,0.564046179219351
155273.411807,2549866.126422,0.00146815929528354,0.207744540282621,0.194714626536979,0.11194714626537,0.0478986970086254,0.436226830611121
