"x","y","forest","agri","water","built","other","grass"
173273.411807,2530366.126422,0.0804491899852725,0.118556701030928,0.00478645066273932,0.526877761413844,0.128865979381443,0.140463917525773
173773.411807,2530366.126422,0.0942600403447643,0.121584448927196,0,0.543554006968641,0.121767834219696,0.118833669539703
174273.411807,2530366.126422,0.175004581271761,0.124793842770753,0.00293201392706615,0.235660619387942,0.122961334066337,0.338647608576141
174773.411807,2530366.126422,0.0882730776289227,0.0950633143696091,0,0.402275646907689,0.186089190677188,0.22829877041659
175273.411807,2530366.126422,0.0320924261874198,0.0489638730973776,0,0.686594535118283,0.178984045479553,0.0533651201173666
175773.411807,2530366.126422,0.049660985889683,0.344878138171156,0,0.121861828843687,0.153014476818765,0.330584570276709
176273.411807,2530366.126422,0.0884565975408332,0.362635345935034,0,0.146999449440264,0.0866213984217288,0.31528720866214
176773.411807,2530366.126422,0.0410783055198973,0.410599669906474,0.0275077938749312,0.0154043645699615,0.0750045846323125,0.430405281496424
177273.411807,2530366.126422,0.0538757559098406,0.177020340846619,0,0.33296683159245,0.224848818031886,0.211288253619205
177773.411807,2530366.126422,0.038172141677372,0.446136905854285,0,0.0047715177096715,0.0768948430904753,0.434024591668196
178273.411807,2530366.126422,0.0434623143223913,0.398312855309004,0,0.0713368787823217,0.194938565927013,0.29194938565927
178773.411807,2530366.126422,0.152647975077882,0.109217518783214,0.0108118013560564,0.0562580172255818,0.129375114531794,0.541689573025472
179273.411807,2530366.126422,0.0267939071389246,0.213984217287576,0.0315654248485961,0.0512020554230134,0.138006973756653,0.538447421545238
179773.411807,2530366.126422,0.0882083256922795,0.0803227581147992,0.00128369704749679,0.201723821749496,0.326425820649184,0.302035576746745
180273.411807,2530366.126422,0.0546087593916071,0.12332783580722,0.00293201392706615,0.0229063588052043,0.138171156312992,0.65805387575591
180773.411807,2530366.126422,0.0662506881996697,0.0693705267021472,0,0.0352358230868049,0.209029179665994,0.620113782345385
181273.411807,2530366.126422,0.070419952319824,0.0779387493123052,0,0.000550155877498625,0.0436456996148909,0.807445442875481
181773.411807,2530366.126422,0.150448964632582,0.0454462158695254,0,0.015026571376214,0.126076598863845,0.663001649257834
182273.411807,2530366.126422,0.285556982932648,0.0100935951550743,0,0.00146815929528354,0.0532207744540283,0.649660488162966
182773.411807,2530366.126422,0.139739592884651,0.00641848523748395,0,0.0022006235099945,0.0361269026224097,0.815514395745461
183273.411807,2530366.126422,0.346527396005131,0.0240058640278541,0,0.0120945574491479,0.139270661535642,0.478101520982225
183773.411807,2530366.126422,0.631308496971921,0.0234905487245366,0,0.00862543585979079,0.0950633143696091,0.241512204074142
184273.411807,2530366.126422,0.595085274161012,0.0267742527049331,0,0.00495140289748762,0.134238034109664,0.238951036126903
184773.411807,2530366.126422,0.437969580355507,0.0240058640278541,0,0,0.0108118013560564,0.527212754260583
185273.411807,2530366.126422,0.612956505780877,0.026977427050835,0,0,0.00256927876674619,0.357496788401542
185773.411807,2530366.126422,0.447069377990431,0.00897129186602871,0,0.00119617224880383,0.0293062200956938,0.513456937799043
173273.411807,2529866.126422,0.127185716915148,0.143751150377324,0,0.0673660960795141,0.0981041781704399,0.563592858457574
173773.411807,2529866.126422,0.124564300128417,0.1326362135388,0,0.364703724087323,0.0820033021463952,0.296092460099064
174273.411807,2529866.126422,0.113186813186813,0.321245421245421,0,0.00146520146520147,0.0256410256410256,0.538461538461538
174773.411807,2529866.126422,0.0811009174311927,0.0440366972477064,0,0.610642201834862,0.165137614678899,0.0990825688073395
175273.411807,2529866.126422,0.136488717666483,0.0983305815446707,0,0.290588882773803,0.219592735277931,0.254999082737112
175773.411807,2529866.126422,0.0578754578754579,0.313369963369963,0,0.0366300366300366,0.0946886446886447,0.497435897435897
176273.411807,2529866.126422,0.0642201834862385,0.179633027522936,0,0.122385321100917,0.128256880733945,0.505504587155963
176773.411807,2529866.126422,0.0599889928453495,0.197945331131902,0.000183452577508714,0.186387818748853,0.15116492386718,0.404329480829206
177273.411807,2529866.126422,0.0793040293040293,0.124542124542125,0,0.252747252747253,0.206410256410256,0.336996336996337
177773.411807,2529866.126422,0.026605504587156,0.538899082568807,0,0.00623853211009174,0.061651376146789,0.366605504587156
178273.411807,2529866.126422,0.0532012474775271,0.394239589066226,0,0.0343056319941295,0.165657677490369,0.352595853971748
178773.411807,2529866.126422,0.0761904761904762,0.267765567765568,0.0483516483516484,0.108608058608059,0.133516483516484,0.365567765567766
179273.411807,2529866.126422,0.0398165137614679,0.415963302752294,0.0223853211009174,0.0431192660550459,0.15302752293578,0.325688073394495
179773.411807,2529866.126422,0.0377912309667951,0.212438084755091,0.00880572372041827,0.0566868464501926,0.155934690882407,0.528343423225096
180273.411807,2529866.126422,0.0335164835164835,0.0655677655677656,0.0250915750915751,0.129304029304029,0.145238095238095,0.601282051282051
180773.411807,2529866.126422,0.0427522935779817,0.0743119266055046,0,0.0829357798165138,0.155229357798165,0.644770642201835
181273.411807,2529866.126422,0.105852137222528,0.117409649605577,0,0.0829205650339387,0.117960007338103,0.575857640799853
181773.411807,2529866.126422,0.205860805860806,0.0543956043956044,0.000183150183150183,0.00476190476190476,0.114652014652015,0.62014652014652
182273.411807,2529866.126422,0.179816513761468,0.0961467889908257,0,0.00055045871559633,0.0363302752293578,0.687155963302752
182773.411807,2529866.126422,0.625573289304715,0.00366905155017428,0,0.0451293340671436,0.0240322876536415,0.301596037424326
183273.411807,2529866.126422,0.701465201465201,0.00183150183150183,0,0,0,0.296703296703297
183773.411807,2529866.126422,0.759082568807339,0.00073394495412844,0,0,0.00055045871559633,0.239633027522936
184273.411807,2529866.126422,0.820950284351495,0.00421940928270042,0,0,0.0209135938359934,0.153916712529811
184773.411807,2529866.126422,0.248534798534799,0.00934065934065934,0.000366300366300366,0.000549450549450549,0.0655677655677656,0.675641025641026
185273.411807,2529866.126422,0.224220183486239,0.00880733944954129,0,0,0.0152293577981651,0.751743119266055
185773.411807,2529866.126422,0.240574506283662,0.000299222022740874,0,0,0.0068821065230401,0.752244165170557
173273.411807,2529366.126422,0.0882028665931643,0.240169055494304,0,0.079750091877986,0.138552002940096,0.453325983094451
173773.411807,2529366.126422,0.0584249084249084,0.0891941391941392,0,0.534432234432234,0.132417582417582,0.185531135531136
174273.411807,2529366.126422,0.077007700770077,0.0625229189585625,0,0.501650165016502,0.0870920425375871,0.271727172717272
174773.411807,2529366.126422,0.0972527472527473,0.0789377289377289,0,0.472710622710623,0.166300366300366,0.184798534798535
175273.411807,2529366.126422,0.0591575091575092,0.21959706959707,0,0.093040293040293,0.141575091575092,0.486630036630037
175773.411807,2529366.126422,0.0498716538320499,0.341217455078841,0.00861752841950862,0.12046204620462,0.0614228089475614,0.418408507517418
176273.411807,2529366.126422,0.0624542124542125,0.473076923076923,0.0166666666666667,0.0168498168498168,0.0976190476190476,0.333333333333333
176773.411807,2529366.126422,0.0791208791208791,0.181135531135531,0,0.108974358974359,0.123809523809524,0.506959706959707
177273.411807,2529366.126422,0.0788412174550788,0.143564356435644,0,0.0905757242390906,0.126879354602127,0.56013934726806
177773.411807,2529366.126422,0.0393772893772894,0.284432234432234,0.00567765567765568,0.0584249084249084,0.23040293040293,0.381684981684982
178273.411807,2529366.126422,0.026007326007326,0.548351648351648,0.0119047619047619,0.0545787545787546,0.118131868131868,0.241025641025641
178773.411807,2529366.126422,0.0592225889255592,0.400990099009901,0.070957095709571,0.110744407774111,0.10982764943161,0.248258159149248
179273.411807,2529366.126422,0.0296703296703297,0.145054945054945,0.12985347985348,0.243040293040293,0.2,0.252380952380952
179773.411807,2529366.126422,0.0644688644688645,0.168498168498169,0.186813186813187,0.189194139194139,0.267582417582418,0.123443223443223
180273.411807,2529366.126422,0.037037037037037,0.143747708104144,0,0.00715071507150715,0.144481114778144,0.667583425009168
180773.411807,2529366.126422,0.0347985347985348,0.17985347985348,0.00989010989010989,0.0816849816849817,0.17967032967033,0.514102564102564
181273.411807,2529366.126422,0.255677655677656,0.148534798534799,0.000366300366300366,0.021978021978022,0.0826007326007326,0.490842490842491
181773.411807,2529366.126422,0.161899523285662,0.112577924459113,0,0.057022368903557,0.227356068940227,0.441144114411441
182273.411807,2529366.126422,0.424358974358974,0.0159340659340659,0,0.00128205128205128,0.0241758241758242,0.534249084249084
182773.411807,2529366.126422,0.686263736263736,0,0,0,0.00274725274725275,0.310989010989011
183273.411807,2529366.126422,0.656215621562156,0.00128346167950128,0,0,0,0.342500916758342
183773.411807,2529366.126422,0.539377289377289,0.0194139194139194,0,0,0.0135531135531136,0.427655677655678
184273.411807,2529366.126422,0.63992673992674,0.00567765567765568,0,0.000366300366300366,0.0503663003663004,0.303663003663004
184773.411807,2529366.126422,0.394389438943894,0.013017968463513,0,0,0.0203520352035204,0.572240557389072
185273.411807,2529366.126422,0.297802197802198,0.0423076923076923,0.000183150183150183,0.00989010989010989,0.119413919413919,0.53040293040293
185773.411807,2529366.126422,0.548252166118912,0.00179265013444876,0,0.000597550044816253,0.0463101284732596,0.403047505228563
173273.411807,2528866.126422,0.0515463917525773,0.0760309278350515,0,0.520434462444772,0.155375552282769,0.196612665684831
173773.411807,2528866.126422,0.0770218228498075,0.0434623143223913,0,0.738859343480653,0.109297634329727,0.0313588850174216
174273.411807,2528866.126422,0.0458127176104087,0.0481949789261499,0,0.786146234194612,0.0863111599780099,0.0335349092908191
174773.411807,2528866.126422,0.0835015599192512,0.129381537896862,0,0.382271976509451,0.137639933932832,0.267204991741604
175273.411807,2528866.126422,0.0394278378874014,0.325325508894187,0,0.00898587933247754,0.0845406198422887,0.541720154043646
175773.411807,2528866.126422,0.0399486897562763,0.606010628550486,0.0100787978742899,0.059190031152648,0.0720175920835624,0.212754260582738
176273.411807,2528866.126422,0.0919434758671316,0.421912277482107,0.0146815929528354,0.148651128647458,0.0884565975408332,0.234354927509635
176773.411807,2528866.126422,0.256556024206859,0.173482486704566,0.000550155877498625,0.0416284613973959,0.0500641848523748,0.477718686961306
177273.411807,2528866.126422,0.0219901044529962,0.257284222100055,0.00623052959501558,0.0560747663551402,0.102437236576874,0.555983140919919
177773.411807,2528866.126422,0.0273444668746559,0.299320976325931,0.0429436593870435,0.117819783446504,0.160212883097816,0.352358230868049
178273.411807,2528866.126422,0.0509811113148725,0.469649734091326,0,0.0874747845222813,0.0944434256372639,0.297450944434256
178773.411807,2528866.126422,0.0221733553234378,0.354956936045446,0.0892431739050761,0.17940260216236,0.144951438519333,0.209272494044347
179273.411807,2528866.126422,0.0220223894292531,0.20352358230868,0.217471095613874,0.297302257294916,0.162048082216921,0.0976325931363553
179773.411807,2528866.126422,0.0397946084724005,0.400146708234,0.0183385292499542,0.110948101962223,0.122317990097194,0.308454061984229
180273.411807,2528866.126422,0.0309693971046362,0.106102253985706,0.026571376214037,0.101337731354224,0.301081180135606,0.433938061205791
180773.411807,2528866.126422,0.0994677922554597,0.148284088823637,0,0.0497338961277299,0.154340245916682,0.548173976876491
181273.411807,2528866.126422,0.299284797359252,0.0878415551072804,0.00110031175499725,0.0374105996699065,0.130020172382175,0.444342563726389
181773.411807,2528866.126422,0.191130657870625,0.194795675279458,0,0.152831225948323,0.147883452446399,0.313358988455195
182273.411807,2528866.126422,0.62231602128831,0.00440447788585061,0,0.000734079647641769,0.0354193429987154,0.337126078179482
182773.411807,2528866.126422,0.578213827251054,0.0075187969924812,0,0.00311754997249221,0.0385109114249037,0.372638914359068
183273.411807,2528866.126422,0.695620304196445,0.000183250870441635,0,0,0,0.304196444933113
183773.411807,2528866.126422,0.819232886768214,0,0,0,0,0.180767113231786
184273.411807,2528866.126422,0.507243719053732,0.0302585732624244,0.000366770584999083,0.000550155877498625,0.0562992847973593,0.405281496423987
184773.411807,2528866.126422,0.55378413047462,0.000733003481766538,0,0,0.013560564412681,0.431922301630933
185273.411807,2528866.126422,0.562121490181685,0.079647641769132,0,0.000367039823820885,0.0115617544503579,0.346302073775005
185773.411807,2528866.126422,0.305023923444976,0.0801435406698565,0,0.148624401913876,0.149222488038278,0.316985645933014
173273.411807,2528366.126422,0.245536535983803,0.107123136388736,0,0.21130130682864,0.156819436775262,0.27921958402356
173773.411807,2528366.126422,0.164923867180334,0.0985140341221794,0,0.330214639515685,0.10273344340488,0.303614015776922
174273.411807,2528366.126422,0.0664835164835165,0.056043956043956,0,0.729120879120879,0.102930402930403,0.0454212454212454
174773.411807,2528366.126422,0.0414678899082569,0.0510091743119266,0,0.675045871559633,0.128440366972477,0.104036697247706
175273.411807,2528366.126422,0.0416437350944781,0.172995780590717,0.00165107319757843,0.229499174463401,0.175197211520822,0.379013025133003
175773.411807,2528366.126422,0.0326007326007326,0.403113553113553,0,0.0543956043956044,0.111355311355311,0.398534798534799
176273.411807,2528366.126422,0.124770642201835,0.299082568807339,0.128073394495413,0.0477064220183486,0.0603669724770642,0.34
176773.411807,2528366.126422,0.0627407815079802,0.185654008438819,0.0343056319941295,0.0999816547422491,0.198128783709411,0.419189139607411
177273.411807,2528366.126422,0.0245421245421245,0.375641025641026,0.0523809523809524,0.0545787545787546,0.0223443223443223,0.470512820512821
177773.411807,2528366.126422,0.0236697247706422,0.284954128440367,0.136146788990826,0.15651376146789,0.0917431192660551,0.30697247706422
178273.411807,2528366.126422,0.0425609979820216,0.450559530361402,0.118877270225647,0.10988809392772,0.0854889011190607,0.19262520638415
178773.411807,2528366.126422,0.0380952380952381,0.387912087912088,0.0582417582417582,0.14029304029304,0.0935897435897436,0.281868131868132
179273.411807,2528366.126422,0.167339449541284,0.180550458715596,0.142752293577982,0.112477064220183,0.093394495412844,0.30348623853211
179773.411807,2528366.126422,0.540267840763163,0.154833975417355,0,0,0.0155934690882407,0.289304714731242
180273.411807,2528366.126422,0.27014652014652,0.176007326007326,0.00402930402930403,0.0032967032967033,0.0227106227106227,0.523809523809524
180773.411807,2528366.126422,0.0354128440366972,0.516146788990826,0,0.00073394495412844,0.02,0.427706422018349
181273.411807,2528366.126422,0.100715465052284,0.238671803338837,0,0.0225646670335718,0.0913593835993396,0.546688680975968
181773.411807,2528366.126422,0.125091575091575,0.116483516483516,0,0.18974358974359,0.284249084249084,0.284432234432234
182273.411807,2528366.126422,0.654311926605505,0.0128440366972477,0,0.0146788990825688,0.0888073394495413,0.229357798165138
182773.411807,2528366.126422,0.585030269675289,0.00642084021280499,0,0.00532012474775271,0.0414602825169694,0.361768482847184
183273.411807,2528366.126422,0.678937728937729,0,0,0,0,0.321062271062271
183773.411807,2528366.126422,0.71743119266055,0,0,0,0,0.28256880733945
184273.411807,2528366.126422,0.547055586130985,0.0111906072280316,0.00366905155017428,0.00476976701522656,0.0376077783892864,0.395707209686296
184773.411807,2528366.126422,0.4496336996337,0.000732600732600733,0,0,0.00201465201465201,0.547619047619048
185273.411807,2528366.126422,0.576330275229358,0.0155963302752294,0.00201834862385321,0,0.00238532110091743,0.403669724770642
185773.411807,2528366.126422,0.607420706163974,0.0146618791143028,0.000598444045481747,0.0164572112507481,0.00149611011370437,0.359365649311789
173273.411807,2527866.126422,0.0626607864755605,0.296214626975377,0.0165380374862183,0.120176405733186,0.128077912532157,0.376332230797501
173773.411807,2527866.126422,0.100915750915751,0.386446886446886,0.0304029304029304,0.0386446886446886,0.0465201465201465,0.397069597069597
174273.411807,2527866.126422,0.0847084708470847,0.143197653098643,0.0022002200220022,0.348918225155849,0.150531719838651,0.27044371103777
174773.411807,2527866.126422,0.11043956043956,0.106227106227106,0.00128205128205128,0.263369963369963,0.207326007326007,0.311355311355311
175273.411807,2527866.126422,0.0633699633699634,0.143406593406593,0,0.48021978021978,0.114652014652015,0.198351648351648
175773.411807,2527866.126422,0.142464246424642,0.112577924459113,0,0.173817381738174,0.23028969563623,0.340850751741841
176273.411807,2527866.126422,0.141208791208791,0.365384615384615,0,0.0102564102564103,0.0701465201465201,0.413003663003663
176773.411807,2527866.126422,0.0857142857142857,0.304395604395604,0.12014652014652,0.0701465201465201,0.119047619047619,0.300549450549451
177273.411807,2527866.126422,0.0223689035570224,0.25045837917125,0.2000366703337,0.171433810047671,0.0454712137880455,0.31023102310231
177773.411807,2527866.126422,0.0184981684981685,0.319413919413919,0.273443223443223,0.134249084249084,0.039010989010989,0.215384615384615
178273.411807,2527866.126422,0.047985347985348,0.221794871794872,0.118864468864469,0.065018315018315,0.0426739926739927,0.503663003663004
178773.411807,2527866.126422,0.0539053905390539,0.526952695269527,0.127246057939127,0.041987532086542,0.0275027502750275,0.222405573890722
179273.411807,2527866.126422,0.424175824175824,0.0562271062271062,0,0,0.0371794871794872,0.482417582417582
179773.411807,2527866.126422,0.133150183150183,0.706593406593407,0,0.000183150183150183,0.0333333333333333,0.126739926739927
180273.411807,2527866.126422,0.276861019435277,0.163549688302164,0.0174184085075174,0.0458379171250458,0.0581224789145581,0.438210487715438
180773.411807,2527866.126422,0.0767399267399267,0.188827838827839,0,0.103479853479853,0.19010989010989,0.440842490842491
181273.411807,2527866.126422,0.386446886446886,0.0399267399267399,0.000366300366300366,0.00128205128205128,0.00934065934065934,0.562637362637363
181773.411807,2527866.126422,0.537220388705537,0.0436376971030436,0,0.00128346167950128,0.0198019801980198,0.398056472313898
182273.411807,2527866.126422,0.614835164835165,0.0208791208791209,0,0.00494505494505494,0.0912087912087912,0.268131868131868
182773.411807,2527866.126422,0.61007326007326,0.00201465201465201,0,0.000915750915750916,0.00897435897435897,0.378021978021978
183273.411807,2527866.126422,0.715438210487715,0.000366703337000367,0,0,0,0.284195086175284
183773.411807,2527866.126422,0.77985347985348,0,0,0,0,0.22014652014652
184273.411807,2527866.126422,0.544871794871795,0.00256410256410256,0,0.000183150183150183,0.0232600732600733,0.429120879120879
184773.411807,2527866.126422,0.565639897323066,0.00275027502750275,0,0,0.0066006600660066,0.425009167583425
185273.411807,2527866.126422,0.365567765567766,0.00457875457875458,0,0,0.00311355311355311,0.626739926739927
185773.411807,2527866.126422,0.526740364505527,0.0206154765461607,0,0,0.0200179265013445,0.432626232446967
173273.411807,2527366.126422,0.126656848306333,0.111561119293078,0.000184094256259205,0.0298232695139912,0.0335051546391753,0.698269513991163
173773.411807,2527366.126422,0.0214560792224464,0.398496240601504,0,0.0324591967724189,0.0291582615074271,0.518430221896204
174273.411807,2527366.126422,0.064687557265897,0.224115814550119,0.0161260765988638,0.229063588052043,0.0725673446948873,0.39343961883819
174773.411807,2527366.126422,0.0532207744540283,0.393283171224078,0.0814828408882364,0.120022022389429,0.0790970820334006,0.272894109010828
175273.411807,2527366.126422,0.118466898954704,0.444892719603888,0.0408949202273978,0.102512378507244,0.0940766550522648,0.199156427654502
175773.411807,2527366.126422,0.115631299248671,0.218435037566428,0.00439802089059923,0.231812351108668,0.14238592633315,0.287337364852483
176273.411807,2527366.126422,0.107359148467609,0.270324830244081,0.00110111947146265,0.199669664158561,0.0770783630023858,0.3444668746559
176773.411807,2527366.126422,0.0916926462497708,0.202640748211993,0.200256739409499,0.147258389877132,0.0907757197872731,0.267375756464332
177273.411807,2527366.126422,0.047645226314825,0.17940260216236,0.282389591350559,0.262598497342862,0.0291368884002199,0.198827194429174
177773.411807,2527366.126422,0.143696091025876,0.21985685446871,0.082583960359699,0.122040741420444,0.0612956505780877,0.370526702147183
178273.411807,2527366.126422,0.0680359435173299,0.442508710801394,0.0293416467999266,0.0577663671373556,0.0238400880249404,0.378507243719054
178773.411807,2527366.126422,0.0870441634597764,0.58970130108118,0,0.0053142752428074,0.113065787062489,0.204874473153747
179273.411807,2527366.126422,0.195815746008442,0.267755551477335,0,0.0150486327766563,0.108460267939071,0.412919801798495
179773.411807,2527366.126422,0.039611223179901,0.597285897671007,0,0,0.0401613790573996,0.322941500091693
180273.411807,2527366.126422,0.0830126443100605,0.206523730987722,0,0.0709180868609126,0.162360271211288,0.477185266630016
180773.411807,2527366.126422,0.0757937236190127,0.228665810240411,0,0.0616626904019086,0.187924389796293,0.445953385942375
181273.411807,2527366.126422,0.212910324591968,0.0280579497524299,0,0.017604988079956,0.125618925362186,0.61580781221346
181773.411807,2527366.126422,0.575224482316291,0.000733003481766538,0,0.000366501740883269,0.00274876305662452,0.420927249404435
182273.411807,2527366.126422,0.438429069554047,0.00660671682877592,0,0.000550559735731327,0.0405579005322077,0.513855753349238
182773.411807,2527366.126422,0.635246653218412,0.00843572345497891,0,0.00275077938749312,0.0610673024023473,0.292499541536769
183273.411807,2527366.126422,0.814550119113066,0.000183250870441635,0,0,0.00201575957485798,0.183250870441635
183773.411807,2527366.126422,0.762341714075977,0.000550559735731327,0,0.00183519911910442,0.0168838318957607,0.218388695173426
184273.411807,2527366.126422,0.738309187603154,0.0066018705299835,0,0,0,0.255088941866862
184773.411807,2527366.126422,0.51236943375481,0.0183250870441635,0,0.000733003481766538,0.0177753344328386,0.450797141286421
185273.411807,2527366.126422,0.740869884382455,0.0220223894292531,0.00642319691686548,0,0.000917599559552211,0.229766929711874
185773.411807,2527366.126422,0.438397129186603,0.0792464114832536,0.0182416267942584,0.000598086124401914,0.0101674641148325,0.453349282296651
173273.411807,2526866.126422,0.138965580710473,0.082827167310878,0,0.0171176145775814,0.01509295048776,0.745996686913308
173773.411807,2526866.126422,0.23536965694368,0.0744817464685379,0,0.317739864245093,0.101082370207301,0.271326362135388
174273.411807,2526866.126422,0.165201465201465,0.0913919413919414,0,0.195604395604396,0.0862637362637363,0.461538461538462
174773.411807,2526866.126422,0.269908256880734,0.167706422018349,0.00293577981651376,0.145321100917431,0.152844036697248,0.261284403669725
175273.411807,2526866.126422,0.0425609979820216,0.560080719134104,0.0526508897450009,0.0460465969546872,0.0805356815263254,0.218125114657861
175773.411807,2526866.126422,0.0994505494505494,0.28040293040293,0.0353479853479853,0.174358974358974,0.158058608058608,0.252380952380952
176273.411807,2526866.126422,0.0715596330275229,0.139082568807339,0.0124770642201835,0.521100917431193,0.0970642201834862,0.158715596330275
176773.411807,2526866.126422,0.283984589983489,0.154833975417355,0.0535681526325445,0.0726472206934507,0.0355898000366905,0.39937626123647
177273.411807,2526866.126422,0.0194139194139194,0.186630036630037,0.350549450549451,0.179120879120879,0.0783882783882784,0.185897435897436
177773.411807,2526866.126422,0.053394495412844,0.129357798165138,0.411009174311927,0.200550458715596,0.0504587155963303,0.155229357798165
178273.411807,2526866.126422,0.026967528893781,0.20968629609246,0.273344340487984,0.0689781691432765,0.147679324894515,0.273344340487984
178773.411807,2526866.126422,0.101831501831502,0.48003663003663,0.0725274725274725,0.0761904761904762,0.093040293040293,0.176373626373626
179273.411807,2526866.126422,0.0535779816513761,0.784954128440367,0,0.0124770642201835,0.0429357798165138,0.10605504587156
179773.411807,2526866.126422,0.0854889011190607,0.487616951018162,0,0.0198128783709411,0.0821867547239039,0.324894514767932
180273.411807,2526866.126422,0.135714285714286,0.073992673992674,0,0.0467032967032967,0.18003663003663,0.563553113553114
180773.411807,2526866.126422,0.142385321100917,0.0264220183486239,0,0.0300917431192661,0.114862385321101,0.686238532110092
181273.411807,2526866.126422,0.214822968262704,0.0275178866263071,0,0.0381581361218125,0.138139790864062,0.581361218125115
181773.411807,2526866.126422,0.265384615384615,0.0195970695970696,0,0.0333333333333333,0.170879120879121,0.510805860805861
182273.411807,2526866.126422,0.60605504587156,0.00036697247706422,0,0,0.0036697247706422,0.389908256880734
182773.411807,2526866.126422,0.722069345074298,0.000366905155017428,0,0,0.00440286186020914,0.273160887910475
183273.411807,2526866.126422,0.864652014652015,0,0,0,0,0.135347985347985
183773.411807,2526866.126422,0.558899082568807,0.011743119266055,0.00110091743119266,0.00587155963302752,0.0515596330275229,0.370825688073394
184273.411807,2526866.126422,0.383966244725738,0.00642084021280499,0,0.00935608145294441,0.0889745000917263,0.511282333516786
184773.411807,2526866.126422,0.515567765567766,0.0648351648351648,0.00567765567765568,0.00989010989010989,0.0271062271062271,0.376923076923077
185273.411807,2526866.126422,0.723302752293578,0.00844036697247706,0,0,0.00568807339449541,0.26256880733945
185773.411807,2526866.126422,0.532914422501496,0.0278276481149013,0,0,0.0326152004787552,0.406642728904847
173273.411807,2526366.126422,0.0464902609334803,0.0940830576993752,0,0.762219772142595,0.0336273428886439,0.0635795663359059
173773.411807,2526366.126422,0.107875457875458,0.121245421245421,0.0194139194139194,0.220512820512821,0.163736263736264,0.367216117216117
174273.411807,2526366.126422,0.183168316831683,0.101393472680601,0,0.125779244591126,0.172717271727173,0.416941694169417
174773.411807,2526366.126422,0.0635531135531135,0.336996336996337,0.0415750915750916,0.225457875457875,0.0637362637362637,0.268681318681319
175273.411807,2526366.126422,0.0261904761904762,0.212637362637363,0.184615384615385,0.232417582417582,0.0402930402930403,0.303846153846154
175773.411807,2526366.126422,0.0874587458745875,0.188668866886689,0.125045837917125,0.211587825449212,0.16024935826916,0.226989365603227
176273.411807,2526366.126422,0.0646520146520147,0.0851648351648352,0.0245421245421245,0.36025641025641,0.215934065934066,0.249450549450549
176773.411807,2526366.126422,0.115934065934066,0.108424908424908,0.00805860805860806,0.412820512820513,0.091025641025641,0.263736263736264
177273.411807,2526366.126422,0.0385038503850385,0.499266593325999,0.124129079574624,0.0698569856985699,0.0152181884855152,0.253025302530253
177773.411807,2526366.126422,0.0265567765567766,0.0450549450549451,0.191575091575092,0.650732600732601,0.0265567765567766,0.0595238095238095
178273.411807,2526366.126422,0.0899267399267399,0.112820512820513,0.0701465201465201,0.235164835164835,0.0644688644688645,0.427472527472527
178773.411807,2526366.126422,0.0797579757975798,0.361752841950862,0.149064906490649,0.0418041804180418,0.0696736340300697,0.297946461312798
179273.411807,2526366.126422,0.0816849816849817,0.597069597069597,0,0.0335164835164835,0.0554945054945055,0.232234432234432
179773.411807,2526366.126422,0.153113553113553,0.204945054945055,0.00897435897435897,0.0523809523809524,0.086996336996337,0.493589743589744
180273.411807,2526366.126422,0.0665566556655666,0.238540520718739,0.0841584158415842,0.121378804547121,0.160982764943161,0.328382838283828
180773.411807,2526366.126422,0.344871794871795,0.0928571428571429,0,0.0021978021978022,0.0201465201465201,0.53992673992674
181273.411807,2526366.126422,0.213553113553114,0.0690476190476191,0.000366300366300366,0.0401098901098901,0.110989010989011,0.565934065934066
181773.411807,2526366.126422,0.167216721672167,0.0324532453245325,0,0.146497983131646,0.308947561422809,0.344884488448845
182273.411807,2526366.126422,0.462271062271062,0.00384615384615385,0,0.00164835164835165,0.0353479853479853,0.496886446886447
182773.411807,2526366.126422,0.599084249084249,0.000732600732600733,0,0.000366300366300366,0.00750915750915751,0.392307692307692
183273.411807,2526366.126422,0.723872387238724,0,0,0,0.000733406674000733,0.275394206087275
183773.411807,2526366.126422,0.51025641025641,0.00622710622710623,0.00164835164835165,0,0.00494505494505494,0.476923076923077
184273.411807,2526366.126422,0.346336996336996,0.0465201465201465,0.0010989010989011,0.00970695970695971,0.0205128205128205,0.575824175824176
184773.411807,2526366.126422,0.464063072973964,0.00311697836450312,0,0.00293362669600293,0.0625229189585625,0.467363403006967
185273.411807,2526366.126422,0.552380952380952,0.00695970695970696,0,0.00659340659340659,0.0860805860805861,0.347985347985348
185773.411807,2526366.126422,0.696145802210935,0.0409321780699134,0,0,0,0.262922019719151
173273.411807,2525866.126422,0.0640648011782032,0.248711340206186,0.0038659793814433,0.109536082474227,0.125552282768778,0.448269513991163
173773.411807,2525866.126422,0.154227030992114,0.177333577847057,0,0.222446359801944,0.158811663304603,0.287181368054282
174273.411807,2525866.126422,0.115264797507788,0.132856881070185,0.000183250870441635,0.17940260216236,0.221550302363936,0.350742166025289
174773.411807,2525866.126422,0.0895577170122958,0.294916498440081,0,0.0827674802716095,0.0662506881996697,0.466507616076344
175273.411807,2525866.126422,0.0869246286447827,0.0819732257472951,0.0251237850724372,0.0869246286447827,0.0518980377773703,0.667155694113332
175773.411807,2525866.126422,0.0826461425691772,0.236393622869709,0.212754260582738,0.21971779365952,0.0841121495327103,0.164376030786146
176273.411807,2525866.126422,0.0838685997430721,0.129565057808772,0.0295467058175812,0.252890438612589,0.176362635345935,0.32776656267205
176773.411807,2525866.126422,0.0821566110397946,0.227581147991931,0.0185219145424537,0.284980744544288,0.133871263524665,0.252888318356868
177273.411807,2525866.126422,0.0399486897562763,0.168407549935862,0.298698918819864,0.252336448598131,0.0384826827927433,0.202125710097123
177773.411807,2525866.126422,0.0469810974490732,0.177830794641219,0.249220040374381,0.272343549275096,0.0545054138374014,0.19911910442283
178273.411807,2525866.126422,0.00770218228498074,0.048413717219879,0.039611223179901,0.845589583715386,0.0282413350449294,0.0304419585549239
178773.411807,2525866.126422,0.061205790727506,0.502840388491845,0,0.0711013377313542,0.0399486897562763,0.324903793293018
179273.411807,2525866.126422,0.076344283354744,0.286841622316021,0,0.119104422829877,0.162231602128831,0.355478069370527
179773.411807,2525866.126422,0.0627177700348432,0.356867779204108,0.0403447643498991,0.0929763432972676,0.0940766550522648,0.353016688061617
180273.411807,2525866.126422,0.0720175920835624,0.564046179219351,0.0875939160711013,0.0251053692505039,0.00769653655854865,0.243540406816932
180773.411807,2525866.126422,0.324646724169572,0.0710222059093412,0.026977427050835,0.196916865479905,0.0396403009726555,0.340796476417691
181273.411807,2525866.126422,0.0753713552173116,0.2398679625894,0.0214560792224464,0.205574912891986,0.100861910874748,0.356867779204108
181773.411807,2525866.126422,0.244639912039582,0.0181418361737218,0,0.0502107385010079,0.142935678944475,0.544071834341213
182273.411807,2525866.126422,0.320792806019453,0.00201871903101487,0,0.00403743806202973,0.0847861993026243,0.588364837584878
182773.411807,2525866.126422,0.561158995048597,0.00165046763249587,0.000366770584999083,0.00238400880249404,0.0196222262974509,0.414817531633963
183273.411807,2525866.126422,0.457943925233645,0.000916254352208173,0.000183250870441635,0.000733003481766538,0.0351841671247938,0.505039398937145
183773.411807,2525866.126422,0.305010093595155,0.111580106441549,0.148284088823637,0,0.000550559735731327,0.434575151403927
184273.411807,2525866.126422,0.377406931964057,0.132770951769668,0.0603337612323492,0.00348432055749129,0.0210893086374473,0.404914725838988
184773.411807,2525866.126422,0.557265897013011,0.0042147700201576,0.00201575957485798,0.00604727872457394,0.0535092541689573,0.376947040498442
185273.411807,2525866.126422,0.272710589098917,0.0150486327766563,0.000734079647641769,0.0034868783262984,0.0715727656450725,0.636447054505414
185773.411807,2525866.126422,0.471590909090909,0.0355861244019139,0.0311004784688995,0.000598086124401914,0.0170454545454545,0.444078947368421
173273.411807,2525366.126422,0.151665746364808,0.0859561936315111,0,0.191606847045831,0.257868580894533,0.312902632063317
173773.411807,2525366.126422,0.278297560080719,0.121078701155751,0,0.133920381581361,0.0895248578242524,0.377178499357916
174273.411807,2525366.126422,0.142124542124542,0.121428571428571,0.00567765567765568,0.091025641025641,0.0668498168498168,0.572893772893773
174773.411807,2525366.126422,0.145321100917431,0.0988990825688073,0,0.436697247706422,0.0985321100917431,0.220550458715596
175273.411807,2525366.126422,0.108053568152633,0.157585764079985,0,0.269491836360301,0.14547789396441,0.319390937442671
175773.411807,2525366.126422,0.138095238095238,0.171062271062271,0.000366300366300366,0.0597069597069597,0.071978021978022,0.558791208791209
176273.411807,2525366.126422,0.0680733944954128,0.104770642201835,0.00660550458715596,0.0972477064220184,0.0524770642201835,0.670825688073394
176773.411807,2525366.126422,0.0486149330398092,0.14125848468171,0.0187121629058888,0.075032104201064,0.0476976701522656,0.668684645019263
177273.411807,2525366.126422,0.0402930402930403,0.112271062271062,0.148168498168498,0.338461538461538,0.133699633699634,0.227106227106227
177773.411807,2525366.126422,0.0539449541284404,0.181651376146789,0.117798165137615,0.215963302752294,0.0798165137614679,0.350825688073394
178273.411807,2525366.126422,0.0319207484865162,0.0735644835809943,0.115942028985507,0.71326362135388,0.0194459732159237,0.0458631443771785
178773.411807,2525366.126422,0.0613553113553114,0.153113553113553,0.071978021978022,0.323076923076923,0.0961538461538462,0.294322344322344
179273.411807,2525366.126422,0.0814678899082569,0.0568807339449541,0,0.346238532110092,0.198165137614679,0.317247706422018
179773.411807,2525366.126422,0.221977618785544,0.0594386351128233,0,0.0944780774169877,0.156485048614933,0.467620620069712
180273.411807,2525366.126422,0.394871794871795,0.162637362637363,0,0.125824175824176,0.0847985347985348,0.231868131868132
180773.411807,2525366.126422,0.228440366972477,0.0755963302752294,0,0.0842201834862385,0.0781651376146789,0.533577981651376
181273.411807,2525366.126422,0.196110805356815,0.12548156301596,0.00165107319757843,0.131718950651257,0.213722252797652,0.331315354980737
181773.411807,2525366.126422,0.317032967032967,0.0884615384615385,0,0.056959706959707,0.154395604395604,0.383150183150183
182273.411807,2525366.126422,0.38605504587156,0.0124770642201835,0,0.0343119266055046,0.160733944954128,0.406422018348624
182773.411807,2525366.126422,0.35663181067694,0.0078884608328747,0,0.00550357732526142,0.0574206567602275,0.572555494404696
183273.411807,2525366.126422,0.315201465201465,0.116300366300366,0.265750915750916,0,0.0183150183150183,0.284432234432234
183773.411807,2525366.126422,0.408073394495413,0.120917431192661,0.0954128440366973,0,0.0036697247706422,0.371926605504587
184273.411807,2525366.126422,0.454962392221611,0.252614199229499,0.029535864978903,0,0.00201797835259585,0.260869565217391
184773.411807,2525366.126422,0.447619047619048,0.19047619047619,0,0,0.00128205128205128,0.360622710622711
185273.411807,2525366.126422,0.335963302752294,0.0669724770642202,0.015045871559633,0.0104587155963303,0.0456880733944954,0.525871559633028
185773.411807,2525366.126422,0.398563734290844,0.00598444045481747,0,0.00239377618192699,0.0203470975463794,0.572710951526032
173273.411807,2524866.126422,0.144799705990445,0.163542815141492,0.045755237045204,0.0613744946710768,0.107497243660419,0.477030503491363
173773.411807,2524866.126422,0.118131868131868,0.234432234432234,0,0.197435897435897,0.091025641025641,0.358974358974359
174273.411807,2524866.126422,0.134763476347635,0.196369636963696,0.0308030803080308,0.0698569856985699,0.044004400440044,0.524202420242024
174773.411807,2524866.126422,0.12014652014652,0.0904761904761905,0,0.438827838827839,0.111904761904762,0.238644688644689
175273.411807,2524866.126422,0.123809523809524,0.104761904761905,0.000366300366300366,0.337179487179487,0.156043956043956,0.277838827838828
175773.411807,2524866.126422,0.116428309497616,0.243491015768244,0.00183351668500183,0.128896222955629,0.081958195819582,0.427392739273927
176273.411807,2524866.126422,0.101098901098901,0.139377289377289,0.0553113553113553,0.13956043956044,0.0481684981684982,0.516483516483517
176773.411807,2524866.126422,0.0807692307692308,0.22967032967033,0.0197802197802198,0.187362637362637,0.0732600732600733,0.409157509157509
177273.411807,2524866.126422,0.0496883021635497,0.267510084341767,0.0304363769710304,0.123579024569124,0.100660066006601,0.428126145947928
177773.411807,2524866.126422,0.0556776556776557,0.531318681318681,0.0135531135531136,0.0672161172161172,0.0415750915750916,0.290659340659341
178273.411807,2524866.126422,0.0659340659340659,0.2,0,0.33021978021978,0.148717948717949,0.255128205128205
178773.411807,2524866.126422,0.0469380271360469,0.14008067473414,0,0.475430876420975,0.139163916391639,0.198386505317198
179273.411807,2524866.126422,0.0626373626373626,0.249450549450549,0,0.364652014652015,0.163003663003663,0.16025641025641
179773.411807,2524866.126422,0.0364468864468864,0.233516483516484,0,0.425641025641026,0.122527472527473,0.181868131868132
180273.411807,2524866.126422,0.052988632196553,0.074990832416575,0,0.245141180784745,0.197469746974697,0.429409607627429
180773.411807,2524866.126422,0.143223443223443,0.0141025641025641,0,0.107692307692308,0.226007326007326,0.508974358974359
181273.411807,2524866.126422,0.394688644688645,0.0256410256410256,0,0.0835164835164835,0.118131868131868,0.378021978021978
181773.411807,2524866.126422,0.530986431976531,0,0,0,0.0022002200220022,0.466813348001467
182273.411807,2524866.126422,0.580769230769231,0.00128205128205128,0,0.000549450549450549,0.00805860805860806,0.409340659340659
182773.411807,2524866.126422,0.411172161172161,0.0478021978021978,0.141941391941392,0,0,0.399084249084249
183273.411807,2524866.126422,0.326365969930326,0.0606894022735607,0.430693069306931,0.00476714338100477,0.000366703337000367,0.177117711771177
183773.411807,2524866.126422,0.443772893772894,0.00293040293040293,0,0,0.0010989010989011,0.552197802197802
184273.411807,2524866.126422,0.402380952380952,0.00512820512820513,0,0.000183150183150183,0.00238095238095238,0.58992673992674
184773.411807,2524866.126422,0.404657132379905,0.118995232856619,0,0.000366703337000367,0.00806747341400807,0.467913458012468
185273.411807,2524866.126422,0.393956043956044,0.0827838827838828,0.010989010989011,0.000915750915750916,0.0214285714285714,0.48992673992674
185773.411807,2524866.126422,0.483119211233941,0.0475052285628921,0.00537795040334628,0.00179265013444876,0.00597550044816253,0.456229459217209
173273.411807,2524366.126422,0.053019145802651,0.219256259204713,0.0128865979381443,0.241163475699558,0.0469440353460972,0.426730486008837
