"x","y","forest","agri","water","built","other","grass"
162273.411807,2585866.126422,0,0.0229820627802691,0.658632286995516,0.289050822122571,0,0.0293348281016442
162773.411807,2585866.126422,0,0,0.988019468363909,0.0119805316360914,0,0
163273.411807,2585866.126422,0,0.0220767072029935,0.844153414405987,0.113376987839102,0,0.0203928905519177
163773.411807,2585866.126422,0.00298953662182362,0.0482062780269058,0.613976083707025,0.31203288490284,0.000373692077727952,0.0224215246636771
164273.411807,2585866.126422,0,0.0321976787719955,0.320479221265444,0.629539498315238,0.000374391613627855,0.0174092100336952
164773.411807,2585866.126422,0.00243217960710945,0.0840037418147802,0.466043030869972,0.389148737137512,0.0190832553788587,0.039289055191768
165273.411807,2585866.126422,0.0209267563527653,0.180680119581465,0.278587443946188,0.238789237668161,0.10762331838565,0.17339312406577
165773.411807,2585866.126422,0.0501684762261325,0.148820666417072,0.082366154998128,0.270497940846125,0.135904155746911,0.312242605765631
166273.411807,2585866.126422,0.0594948550046773,0.101216089803555,0.0690364826941066,0.0804490177736202,0.138260056127222,0.55154349859682
166773.411807,2585866.126422,0.0502615844544096,0.0366218236173393,0.00186846038863976,0.448243647234679,0.228139013452915,0.234865470852018
167273.411807,2585866.126422,0.0439910146012729,0.118869337326844,0.0149756645451142,0.163796330962186,0.140396855110446,0.517970797454137
167773.411807,2585866.126422,0.0361085126286249,0.135453695042095,0.082132834424696,0.10645463049579,0.105144995322732,0.534705332086062
168273.411807,2585866.126422,0.0168161434977578,0.127989536621824,0.318011958146487,0.164798206278027,0.130605381165919,0.241778774289985
168773.411807,2585866.126422,0.0248970423062523,0.233245975290154,0.286596780232123,0.0649569449644328,0.0812429801572445,0.309060277049794
169273.411807,2585866.126422,0.00748362956033676,0.272778297474275,0.136950420954163,0.333395696913003,0.137885874649205,0.111506080449018
169773.411807,2585866.126422,0.00803437967115097,0.239162929745889,0.0308295964125561,0.0229820627802691,0.0265321375186846,0.67245889387145
170273.411807,2585866.126422,0.0147884687383003,0.229127667540247,0.00486709097716211,0.046424560089854,0.113627854736054,0.591164357918383
170773.411807,2585866.126422,0.0329279700654818,0.29822263797942,0.0078578110383536,0.0477081384471469,0.12067352666043,0.492609915809167
171273.411807,2585866.126422,0.047085201793722,0.286434977578475,0,0.00541853512705531,0.0945440956651719,0.566517189835576
171773.411807,2585866.126422,0.069449644327967,0.111755896667915,0,0.000187195806813927,0.0175964058405092,0.801010857356795
172273.411807,2585866.126422,0.0209541627689429,0.227876520112254,0,0.00430308699719364,0.0323666978484565,0.714499532273152
172773.411807,2585866.126422,0.102578475336323,0.0749252615844544,0,0,0.000373692077727952,0.822122571001495
161773.411807,2585366.126422,0.0689781691432765,0.0733810310034856,0.304714731241974,0.0399926618968997,0.00476976701522656,0.508163639699138
162273.411807,2585366.126422,0,0,0.862820512820513,0.137179487179487,0,0
162773.411807,2585366.126422,0,0,0.935779816513762,0.0642201834862385,0,0
163273.411807,2585366.126422,0,0,0.995413685562282,0.00458631443771785,0,0
163773.411807,2585366.126422,0.0137362637362637,0.0705128205128205,0.782234432234432,0.132967032967033,0.000549450549450549,0
164273.411807,2585366.126422,0,0.00880733944954129,0.98605504587156,0.00458715596330275,0.00055045871559633,0
164773.411807,2585366.126422,0.00568702990277013,0.0682443588332416,0.818198495688864,0.0669601907906806,0.0264171711612548,0.0144927536231884
165273.411807,2585366.126422,0,0.118131868131868,0.642307692307692,0.175457875457875,0.0302197802197802,0.0338827838827839
165773.411807,2585366.126422,0.0267889908256881,0.144220183486239,0.38697247706422,0.151743119266055,0.044954128440367,0.245321100917431
166273.411807,2585366.126422,0.101816180517336,0.0862227114290956,0.159970647587599,0.0354063474591818,0.0873234268941479,0.52926068611264
166773.411807,2585366.126422,0.0234432234432234,0.168131868131868,0.00970695970695971,0.0926739926739927,0.173260073260073,0.532783882783883
167273.411807,2585366.126422,0.0407339449541284,0.195963302752294,0.0897247706422018,0.128256880733945,0.208440366972477,0.336880733944954
167773.411807,2585366.126422,0.0278847917813245,0.0931939093744267,0.16400660429279,0.205833791964777,0.206200697119795,0.302880205466887
168273.411807,2585366.126422,0.0415750915750916,0.158791208791209,0.21043956043956,0.0901098901098901,0.155677655677656,0.343406593406593
168773.411807,2585366.126422,0.0315596330275229,0.162385321100917,0.0724770642201835,0.136697247706422,0.100183486238532,0.496697247706422
169273.411807,2585366.126422,0.0306365804439552,0.235920014676206,0.14694551458448,0.0961291506145661,0.110621904237755,0.379746835443038
169773.411807,2585366.126422,0.0527472527472527,0.243589743589744,0.0527472527472527,0.0538461538461538,0.0917582417582418,0.505311355311355
170273.411807,2585366.126422,0.0293577981651376,0.291743119266055,0.0242201834862385,0.0974311926605505,0.110642201834862,0.446605504587156
170773.411807,2585366.126422,0.0719134103834159,0.20821867547239,0,0.0405430196294258,0.107136305265089,0.572188589249679
171273.411807,2585366.126422,0.0214285714285714,0.133150183150183,0,0.01996336996337,0.0358974358974359,0.78956043956044
171773.411807,2585366.126422,0.018348623853211,0.397798165137615,0,0,0.00018348623853211,0.583669724770642
172273.411807,2585366.126422,0.0212804989910108,0.329113924050633,0,0,0.0111906072280316,0.638414969730325
172773.411807,2585366.126422,0.0950549450549451,0.00842490842490842,0,0.0010989010989011,0.0181318681318681,0.877289377289377
161273.411807,2584866.126422,0.204761904761905,0.0683150183150183,0.183333333333333,0.0902930402930403,0.0294871794871795,0.423809523809524
161773.411807,2584866.126422,0.0155677655677656,0.0503663003663004,0.761904761904762,0.0597069597069597,0.0010989010989011,0.111355311355311
162273.411807,2584866.126422,0.00586725339200587,0.198386505317198,0.701870187018702,0.0759075907590759,0,0.017968463513018
162773.411807,2584866.126422,0,0.00989010989010989,0.954029304029304,0.0355311355311355,0,0.000549450549450549
163273.411807,2584866.126422,0,0,0.580769230769231,0.419230769230769,0,0
163773.411807,2584866.126422,0.00586725339200587,0.0999266593325999,0.68976897689769,0.191602493582692,0.00201686835350202,0.0108177484415108
164273.411807,2584866.126422,0,0.0184981684981685,0.963369963369963,0.0146520146520147,0.00347985347985348,0
164773.411807,2584866.126422,0.0236263736263736,0.0412087912087912,0.801098901098901,0.0688644688644689,0.0305860805860806,0.0346153846153846
165273.411807,2584866.126422,0,0.0443711037770444,0.794829482948295,0.155298863219655,0.00055005500550055,0.00495049504950495
165773.411807,2584866.126422,0.0886446886446886,0.0937728937728938,0.633882783882784,0.0296703296703297,0.023992673992674,0.13003663003663
166273.411807,2584866.126422,0.0994505494505494,0.0954212454212454,0.185347985347985,0.203113553113553,0.138278388278388,0.278388278388278
166773.411807,2584866.126422,0.00788412174550788,0.178584525119179,0.125045837917125,0.0760909424275761,0.107077374404107,0.505317198386505
167273.411807,2584866.126422,0.015018315018315,0.215384615384615,0.355860805860806,0.0998168498168498,0.111721611721612,0.202197802197802
167773.411807,2584866.126422,0.01996336996337,0.204578754578755,0.391575091575092,0.0712454212454212,0.086996336996337,0.225641025641026
168273.411807,2584866.126422,0.0286028602860286,0.222405573890722,0.299229922992299,0.0685735240190686,0.0597726439310598,0.321415474880821
168773.411807,2584866.126422,0.0923076923076923,0.170879120879121,0.0608058608058608,0.176739926739927,0.13021978021978,0.369047619047619
169273.411807,2584866.126422,0.0857142857142857,0.14047619047619,0.0267399267399267,0.115201465201465,0.243772893772894,0.388095238095238
169773.411807,2584866.126422,0.0227356068940227,0.406674000733407,0.0297029702970297,0.0414374770810414,0.0595892922625596,0.43986065273194
170273.411807,2584866.126422,0.0195970695970696,0.423260073260073,0.00164835164835165,0.0228937728937729,0.0258241758241758,0.506776556776557
170773.411807,2584866.126422,0.00750915750915751,0.428937728937729,0,0.0549450549450549,0.0208791208791209,0.487728937728938
171273.411807,2584866.126422,0.0331866519985332,0.185368536853685,0,0.000183351668500183,0.00403373670700403,0.777227722772277
171773.411807,2584866.126422,0.01996336996337,0.000915750915750916,0,0.000366300366300366,0.00366300366300366,0.975091575091575
172273.411807,2584866.126422,0.0311355311355311,0.0838827838827839,0,0.00531135531135531,0.00476190476190476,0.874908424908425
172773.411807,2584866.126422,0.124312431243124,0.151998533186652,0,0.0033003300330033,0.0234690135680235,0.696919691969197
160773.411807,2584366.126422,0.00240740740740741,0.037962962962963,0.683333333333333,0.217962962962963,0.00833333333333333,0.05
161273.411807,2584366.126422,0.00568911726922371,0.0820334006239677,0.645256010277115,0.23251972839053,0.0163332721600294,0.0181684712791338
161773.411807,2584366.126422,0.180451127819549,0.101412066752246,0.470750045846323,0.159545204474601,0.00110031175499725,0.0867412433522831
162273.411807,2584366.126422,0.0117280557082646,0.103536741799524,0.851750045812718,0.0148433205057724,0,0.0181418361737218
162773.411807,2584366.126422,0,0.0132134336575518,0.962378418058359,0.0222059093411635,0,0.00220223894292531
163273.411807,2584366.126422,0.000550155877498625,0.0324591967724189,0.780671190170548,0.181734824867046,0,0.00458463231248854
163773.411807,2584366.126422,0.0313358988455195,0.0487447315374748,0.837822979659153,0.0778816199376947,0.0042147700201576,0
164273.411807,2584366.126422,0,0.00422095797394017,0.948063864929345,0.0467975775371628,0.000917599559552211,0
164773.411807,2584366.126422,0.00476801760498808,0.097194205024757,0.805244819365487,0.0506143407298735,0.0137538969374656,0.0284247203374289
165273.411807,2584366.126422,0.00219901044529962,0.0806303829943192,0.678577973245373,0.205790727505956,0.011544804837823,0.0212571009712296
165773.411807,2584366.126422,0.0082583960359699,0.104239309965131,0.770233070288126,0.0546889337493118,0.0161497522481189,0.0464305377133419
166273.411807,2584366.126422,0.0689528699798276,0.0687694846873281,0.269209609389327,0.207225380524482,0.123234916559692,0.262607738859343
166773.411807,2584366.126422,0.00586402785413231,0.237859629833242,0.289719626168224,0.240425142019425,0.0885101704233095,0.137621403701668
167273.411807,2584366.126422,0.0236740686364471,0.214901816847128,0.288309781611305,0.108643787850982,0.0512020554230134,0.313268489631125
167773.411807,2584366.126422,0.0335595085274161,0.214377406931964,0.317623326609206,0.0946268109297634,0.130753713552173,0.209059233449477
168273.411807,2584366.126422,0.0186915887850467,0.175004581271761,0.430822796408283,0.0630382994319223,0.141836173721825,0.170606560381162
168773.411807,2584366.126422,0.00862543585979079,0.18663975041292,0.428886034134704,0.139108093228115,0.126261699394384,0.110478986970086
169273.411807,2584366.126422,0.00623509994498441,0.293233082706767,0.17201540436457,0.109114249037227,0.0739042728773152,0.345497891069136
169773.411807,2584366.126422,0.081729888216969,0.389408099688474,0.0053142752428074,0.00806303829943192,0.0357339197361187,0.479750778816199
170273.411807,2584366.126422,0.0688199669664159,0.149935768030831,0,0.41512204074142,0.166452560102771,0.199669664158561
170773.411807,2584366.126422,0.0302585732624244,0.469282963506327,0,0.0689528699798276,0.0392444525949019,0.392261140656519
171273.411807,2584366.126422,0.0309693971046362,0.318123511086678,0,0.0364669232178853,0.0227231079347627,0.591717060656038
171773.411807,2584366.126422,0.0262433474031932,0.122958340979996,0,0.000367039823820885,0.0110111947146265,0.839420077078363
172273.411807,2584366.126422,0.0898587933247754,0.0148542086924629,0,0.0966440491472584,0.070419952319824,0.728222996515679
172773.411807,2584366.126422,0.0318856514568444,0.134322888033718,0,0.0513102437236577,0.102253985706432,0.680227231079348
160773.411807,2583866.126422,0.000185082361650935,0.191930409032019,0.645752359800111,0.145844900980937,0.00407181195632056,0.0122154358689617
161273.411807,2583866.126422,0.0904587155963303,0.12954128440367,0.471559633027523,0.275963302752294,0.00330275229357798,0.0291743119266055
161773.411807,2583866.126422,0.323610346725371,0.109154283617685,0.397541735461383,0.0548523206751055,0.000550357732526142,0.114290955787929
162273.411807,2583866.126422,0.00421245421245421,0.106227106227106,0.835347985347985,0.0408424908424908,0.000183150183150183,0.0131868131868132
162773.411807,2583866.126422,0,0.106788990825688,0.772110091743119,0.0946788990825688,0.00165137614678899,0.0247706422018349
163273.411807,2583866.126422,0,0.015410016510732,0.833975417354614,0.148229682627041,0.00091726288754357,0.00146762062006971
163773.411807,2583866.126422,0.0131868131868132,0.0582417582417582,0.805311355311355,0.110989010989011,0.0119047619047619,0.000366300366300366
164273.411807,2583866.126422,0,0.00073394495412844,0.97743119266055,0.0203669724770642,0.00146788990825688,0
164773.411807,2583866.126422,0,0.0447624289121262,0.916162172078518,0.0209135938359934,0.00807191341038342,0.0100898917629793
165273.411807,2583866.126422,0,0.0236263736263736,0.912820512820513,0.0503663003663004,0.00586080586080586,0.00732600732600733
165773.411807,2583866.126422,0,0.0108256880733945,0.924587155963303,0.0644036697247706,0.00018348623853211,0
166273.411807,2583866.126422,0.0117409649605577,0.188956154833975,0.416070445789763,0.127316088791048,0.0513667217024399,0.204549623922216
166773.411807,2583866.126422,0.00128205128205128,0.182600732600733,0.434249084249084,0.206776556776557,0.0278388278388278,0.147252747252747
167273.411807,2583866.126422,0.00788990825688073,0.296146788990826,0.266238532110092,0.0948623853211009,0.053394495412844,0.281467889908257
167773.411807,2583866.126422,0.00458631443771785,0.223628691983122,0.283067327095946,0.0792515134837644,0.100165107319758,0.309301045679692
168273.411807,2583866.126422,0.0126373626373626,0.263186813186813,0.273260073260073,0.133882783882784,0.106043956043956,0.210989010989011
168773.411807,2583866.126422,0.0212844036697248,0.168440366972477,0.21394495412844,0.272110091743119,0.123119266055046,0.201100917431193
169273.411807,2583866.126422,0.0227481196110805,0.235553109521189,0.190607228031554,0.122179416620804,0.112456430012842,0.316455696202532
169773.411807,2583866.126422,0.0282051282051282,0.275274725274725,0.00238095238095238,0.117032967032967,0.14981684981685,0.427289377289377
170273.411807,2583866.126422,0.0484403669724771,0.310825688073395,0.00238532110091743,0.00990825688073394,0.0471559633027523,0.581284403669725
170773.411807,2583866.126422,0.0713630526508897,0.257567418822234,0,0,0.0170610897083104,0.654008438818565
171273.411807,2583866.126422,0.0272893772893773,0.204578754578755,0,0.0144688644688645,0.0492673992673993,0.704395604395604
171773.411807,2583866.126422,0.0207339449541284,0.152660550458716,0,0.0697247706422018,0.0163302752293578,0.740550458715596
172273.411807,2583866.126422,0.0143093010456797,0.188222344523941,0,0.0377912309667951,0.0480645753072831,0.711612548156302
172773.411807,2583866.126422,0.0133699633699634,0.297985347985348,0,0.0043956043956044,0.00952380952380952,0.674725274725275
160773.411807,2583366.126422,0,0.118050407709414,0.738324684951816,0.126760563380282,0.000185322461082283,0.0166790214974055
161273.411807,2583366.126422,0.410622710622711,0.0754578754578755,0.222161172161172,0,0,0.291758241758242
161773.411807,2583366.126422,0.0139194139194139,0.270695970695971,0.628754578754579,0.0113553113553114,0.000549450549450549,0.0747252747252747
162273.411807,2583366.126422,0,0.0451045104510451,0.913458012467913,0.0385038503850385,0,0.00293362669600293
162773.411807,2583366.126422,0.00494505494505494,0.164285714285714,0.682417582417582,0.030952380952381,0.00183150183150183,0.115567765567766
163273.411807,2583366.126422,0.00164835164835165,0.128021978021978,0.805128205128205,0.0452380952380952,0.000915750915750916,0.019047619047619
163773.411807,2583366.126422,0.00678401173450678,0.0643564356435644,0.820865419875321,0.0870920425375871,0.00898423175650898,0.0119178584525119
164273.411807,2583366.126422,0,0.0106227106227106,0.938644688644689,0.0474358974358974,0,0.0032967032967033
164773.411807,2583366.126422,0,0.0395604395604396,0.935164835164835,0.0108058608058608,0.00750915750915751,0.00695970695970696
165273.411807,2583366.126422,0,0.00861752841950862,0.962779611294463,0.0232856618995233,0.00531719838650532,0
165773.411807,2583366.126422,0,0.300549450549451,0.656959706959707,0.0322344322344322,0.00421245421245421,0.00604395604395604
166273.411807,2583366.126422,0.0523809523809524,0.158241758241758,0.398351648351648,0.173809523809524,0.0322344322344322,0.184981684981685
166773.411807,2583366.126422,0.0011001100110011,0.0412541254125413,0.822148881554822,0.0962596259625963,0.0341034103410341,0.00513384671800513
167273.411807,2583366.126422,0.00146520146520147,0.215567765567766,0.457692307692308,0.172344322344322,0.0820512820512821,0.0708791208791209
167773.411807,2583366.126422,0.00293040293040293,0.135897435897436,0.472710622710623,0.203846153846154,0.0923076923076923,0.0923076923076923
168273.411807,2583366.126422,0.00055005500550055,0.138430509717638,0.364136413641364,0.314264759809314,0.121562156215622,0.0610561056105611
168773.411807,2583366.126422,0.00714285714285714,0.178205128205128,0.237179487179487,0.284432234432234,0.139377289377289,0.153663003663004
169273.411807,2583366.126422,0.0144688644688645,0.155311355311355,0.286080586080586,0.278937728937729,0.178937728937729,0.0862637362637363
169773.411807,2583366.126422,0.0066006600660066,0.306380638063806,0.0801246791345801,0.0698569856985699,0.07004033736707,0.466996699669967
170273.411807,2583366.126422,0.0272893772893773,0.415201465201465,0.00366300366300366,0.00274725274725275,0.0542124542124542,0.496886446886447
170773.411807,2583366.126422,0.0450549450549451,0.269047619047619,0.00128205128205128,0.0283882783882784,0.0567765567765568,0.599450549450549
171273.411807,2583366.126422,0.0485881921525486,0.201870187018702,0.0328199486615328,0.0779244591125779,0.0628896222955629,0.575907590759076
171773.411807,2583366.126422,0.106410256410256,0.143040293040293,0,0.0474358974358974,0.0423076923076923,0.660805860805861
172273.411807,2583366.126422,0.0313186813186813,0.189377289377289,0,0.00201465201465201,0.0173992673992674,0.75989010989011
172773.411807,2583366.126422,0.0170517051705171,0.281261459479281,0,0.0148514851485149,0.0423542354235424,0.644481114778145
160773.411807,2582866.126422,0.145185185185185,0.134444444444444,0.569444444444444,0.0509259259259259,0.00111111111111111,0.0988888888888889
161273.411807,2582866.126422,0.244448522664709,0.0983666727839971,0.346852633510736,0.00110111947146265,0.0119287942741787,0.297302257294916
161773.411807,2582866.126422,0.0075187969924812,0.234916559691913,0.580414450761049,0.00183385292499542,0.00201723821749496,0.173299101412067
162273.411807,2582866.126422,0.00219901044529962,0.12222833058457,0.776250687190764,0.0562580172255818,0.0141103170240059,0.0289536375297783
162773.411807,2582866.126422,0.00789135621214902,0.164433841071756,0.652963846577354,0.034868783262984,0.00568911726922371,0.134153055606533
163273.411807,2582866.126422,0,0.0913258756647717,0.843572345497891,0.0447460113698881,0.00293416467999266,0.0174216027874564
163773.411807,2582866.126422,0.000366501740883269,0.0885101704233095,0.756093091442184,0.100971229613341,0.0439802089059923,0.0100787978742899
164273.411807,2582866.126422,0.00275279867865663,0.0583593319875206,0.833547439897229,0.0912093962194898,0.0110111947146265,0.00311983850247752
164773.411807,2582866.126422,0.00128369704749679,0.0256739409499358,0.826700898587933,0.138455895837154,0.00788556757748029,0
165273.411807,2582866.126422,0,0.015026571376214,0.918270111783031,0.0529595015576324,0.0137438152831226,0
165773.411807,2582866.126422,0.00532207744540283,0.174710956138741,0.42723435492751,0.234171407597724,0.0482657368324463,0.110295467058176
166273.411807,2582866.126422,0.00935264991747662,0.10819732257473,0.509811113148726,0.320557491289199,0.0185219145424537,0.0335595085274161
166773.411807,2582866.126422,0,0.0430639545537841,0.866410115448048,0.0775151181968114,0.0108118013560564,0.00219901044529962
167273.411807,2582866.126422,0.00587263718113415,0.255826757203157,0.366856303908974,0.136538814461369,0.0332171040557901,0.201688383189576
167773.411807,2582866.126422,0.0229231615624427,0.203741059966991,0.252704933064368,0.0687694846873281,0.0872913992297818,0.364569961489089
168273.411807,2582866.126422,0.00146600696353308,0.1456844420011,0.406450430639546,0.264064504306395,0.143668682426242,0.0386659336631849
168773.411807,2582866.126422,0.0422095797394017,0.122591301156175,0.200403743806203,0.282987704165902,0.143145531290145,0.208662139842173
169273.411807,2582866.126422,0.0240234733174399,0.207592151109481,0.0438290849073904,0.151292866312122,0.0900421786172749,0.483220245736292
169773.411807,2582866.126422,0.0159428257284222,0.537658053875756,0.00568077698369067,0.013560564412681,0.0152098222466557,0.411947956752795
170273.411807,2582866.126422,0.0423930996513122,0.353275830427601,0,0.00642319691686548,0.0313819049366856,0.566525968067535
170773.411807,2582866.126422,0.0462130937098845,0.159361819182102,0.00146708233999633,0.159545204474601,0.3198239501192,0.313588850174216
171273.411807,2582866.126422,0.0168590800806304,0.408466190214404,0,0.00824628916987356,0.0731170973062122,0.49331134322888
171773.411807,2582866.126422,0.017434391631492,0.360616626904019,0,0.00238575885483575,0.0205542301339695,0.599008992475684
172273.411807,2582866.126422,0.0311754997249221,0.297817715019255,0,0.0374105996699065,0.0803227581147992,0.553273427471117
172773.411807,2582866.126422,0.0628550485614807,0.356422943008979,0,0.0295033901411032,0.049660985889683,0.501557632398754
160773.411807,2582366.126422,0.157505089764945,0.146400148065889,0.461595409957431,0.0436794373496206,0.0151767536553766,0.175643161206737
161273.411807,2582366.126422,0.109724770642202,0.167522935779817,0.531009174311927,0.00532110091743119,0.0198165137614679,0.166605504587156
161773.411807,2582366.126422,0.0427444505595304,0.16547422491286,0.57494037791231,0.0310034855989727,0.0201797835259585,0.165657677490369
162273.411807,2582366.126422,0.0267399267399267,0.0688644688644689,0.814835164835165,0.0578754578754579,0.00915750915750916,0.0225274725274725
162773.411807,2582366.126422,0.0135779816513761,0.217247706422018,0.55394495412844,0.0467889908256881,0.0194495412844037,0.148990825688073
163273.411807,2582366.126422,0,0.150247660979637,0.519904604659695,0.312603192074849,0.0144927536231884,0.00275178866263071
163773.411807,2582366.126422,0.0119047619047619,0.0913919413919414,0.714652014652015,0.110989010989011,0.0456043956043956,0.0254578754578755
164273.411807,2582366.126422,0.00036697247706422,0.0478899082568807,0.89394495412844,0.0355963302752294,0.0168807339449541,0.00532110091743119
164773.411807,2582366.126422,0.000366905155017428,0.0957622454595487,0.756925334800954,0.117960007338103,0.00715465052283985,0.021830856723537
165273.411807,2582366.126422,0.0335164835164835,0.119413919413919,0.266300366300366,0.411538461538462,0.0628205128205128,0.106410256410256
165773.411807,2582366.126422,0.00513761467889908,0.0855045871559633,0.588073394495413,0.257064220183486,0.0288073394495413,0.0354128440366972
166273.411807,2582366.126422,0,0.0161438268207668,0.852687580260503,0.106769400110072,0.00330214639515685,0.0210970464135021
166773.411807,2582366.126422,0,0.0496336996336996,0.711355311355311,0.224358974358974,0.00989010989010989,0.00476190476190476
167273.411807,2582366.126422,0.0289908256880734,0.187522935779817,0.103302752293578,0.435963302752294,0.12605504587156,0.118165137614679
167773.411807,2582366.126422,0.0568702990277013,0.119427627958173,0.188222344523941,0.292606861126399,0.175564116675839,0.167308750687947
168273.411807,2582366.126422,0.00347985347985348,0.150915750915751,0.321794871794872,0.199450549450549,0.155311355311355,0.169047619047619
168773.411807,2582366.126422,0.0319266055045872,0.283853211009174,0.108990825688073,0.0636697247706422,0.0948623853211009,0.416697247706422
169273.411807,2582366.126422,0.0177949000183453,0.45074298293891,0,0.0183452577508714,0.0288020546688681,0.484314804623005
169773.411807,2582366.126422,0.00787545787545788,0.545604395604396,0,0.00641025641025641,0.013003663003663,0.427106227106227
170273.411807,2582366.126422,0.0148623853211009,0.416330275229358,0.00862385321100917,0.0119266055045872,0.0572477064220183,0.491009174311927
170773.411807,2582366.126422,0.0249495505411851,0.423408548890112,0,0.0574206567602275,0.114657860942946,0.379563382865529
171273.411807,2582366.126422,0.0261904761904762,0.278388278388278,0,0.00860805860805861,0.0474358974358974,0.639377289377289
171773.411807,2582366.126422,0.0260550458715596,0.442935779816514,0,0.00899082568807339,0.0234862385321101,0.498532110091743
172273.411807,2582366.126422,0.0887910475142176,0.256099798202165,0,0.0656760227481196,0.0588882773802972,0.530544854155201
172773.411807,2582366.126422,0.0664835164835165,0.136263736263736,0,0.0919413919413919,0.0882783882783883,0.617032967032967
160773.411807,2581866.126422,0.012416604892513,0.0756115641215715,0.820237212750185,0.0452186805040771,0.00518902891030393,0.0413269088213492
161273.411807,2581866.126422,0.0968864468864469,0.20952380952381,0.51978021978022,0.0415750915750916,0.00750915750915751,0.124725274725275
161773.411807,2581866.126422,0.0774725274725275,0.13021978021978,0.158974358974359,0.20989010989011,0.147985347985348,0.275457875457875
162273.411807,2581866.126422,0.0374037403740374,0.182434910157682,0.301796846351302,0.205903923725706,0.107810781078108,0.164649798313165
162773.411807,2581866.126422,0.00366300366300366,0.226373626373626,0.555677655677656,0.0597069597069597,0.00677655677655678,0.147802197802198
163273.411807,2581866.126422,0.00604395604395604,0.13040293040293,0.635347985347985,0.174542124542125,0.0366300366300366,0.017032967032967
163773.411807,2581866.126422,0.028969563623029,0.225705903923726,0.454528786211955,0.124129079574624,0.0669233590025669,0.0997433076640997
164273.411807,2581866.126422,0.0263736263736264,0.110622710622711,0.475091575091575,0.315384615384615,0.0342490842490843,0.0382783882783883
164773.411807,2581866.126422,0.015018315018315,0.133699633699634,0.658791208791209,0.11996336996337,0.0468864468864469,0.0256410256410256
165273.411807,2581866.126422,0.0111844517785112,0.0834250091675834,0.705353868720205,0.132746607994133,0.0249358269160249,0.0423542354235424
165773.411807,2581866.126422,0.000732600732600733,0.126373626373626,0.453663003663004,0.383699633699634,0.0113553113553114,0.0241758241758242
166273.411807,2581866.126422,0.00128205128205128,0.0340659340659341,0.871428571428571,0.0833333333333333,0.00531135531135531,0.00457875457875458
166773.411807,2581866.126422,0.00183351668500183,0.161349468280161,0.167033370003667,0.498349834983498,0.0775577557755776,0.0938760542720939
167273.411807,2581866.126422,0.00512820512820513,0.0853479853479854,0.365750915750916,0.447252747252747,0.0661172161172161,0.0304029304029304
167773.411807,2581866.126422,0.0435897435897436,0.0736263736263736,0.0754578754578755,0.474358974358974,0.246520146520147,0.0864468864468864
168273.411807,2581866.126422,0.0104510451045105,0.175284195086175,0.143197653098643,0.233039970663733,0.0826916024935827,0.355335533553355
168773.411807,2581866.126422,0.0205128205128205,0.194139194139194,0.166300366300366,0.19029304029304,0.117216117216117,0.311538461538462
169273.411807,2581866.126422,0.017032967032967,0.209340659340659,0.154395604395604,0.168315018315018,0.0891941391941392,0.361721611721612
169773.411807,2581866.126422,0.0108177484415108,0.414008067473414,0.0872753942060873,0.12999633296663,0.0322698936560323,0.325632563256326
170273.411807,2581866.126422,0,0.678388278388278,0,0.00402930402930403,0.00402930402930403,0.313553113553114
170773.411807,2581866.126422,0.0267399267399267,0.55989010989011,0,0,0.00586080586080586,0.407509157509158
171273.411807,2581866.126422,0.00898423175650898,0.51045104510451,0,0.0121012101210121,0.0363036303630363,0.432159882654932
171773.411807,2581866.126422,0.0305860805860806,0.386446886446886,0,0.00164835164835165,0.0450549450549451,0.536263736263736
172273.411807,2581866.126422,0.0346153846153846,0.141758241758242,0,0.101465201465201,0.130769230769231,0.591391941391941
172773.411807,2581866.126422,0.0535386872020535,0.013017968463513,0,0.503300330033003,0.221122112211221,0.209020902090209
160773.411807,2581366.126422,0.0122222222222222,0.166111111111111,0.669814814814815,0.035,0.00462962962962963,0.112222222222222
161273.411807,2581366.126422,0.0115617544503579,0.163883281336025,0.739034685263351,0.0387227014131033,0.00715727656450725,0.0396403009726555
161773.411807,2581366.126422,0.115716119567211,0.0986612873647534,0.226297450944434,0.0544654318723638,0.0564826700898588,0.448377040161379
162273.411807,2581366.126422,0.0166758292101887,0.183983873923401,0.307678211471504,0.111416529228514,0.0513102437236577,0.328935312442734
162773.411807,2581366.126422,0.00807487612405946,0.218021655349605,0.569462286658102,0.0267939071389246,0.051018535511103,0.126628739218205
163273.411807,2581366.126422,0.00495140289748762,0.197322574729507,0.678525582248304,0.0205391527599487,0.052814964239868,0.0458463231248854
163773.411807,2581366.126422,0.0525929998167491,0.296499908374565,0.379879054425509,0.102986989188199,0.0683525746747297,0.0996884735202492
164273.411807,2581366.126422,0.1036887502294,0.18663975041292,0.0759772435309231,0.240227564690769,0.123692420627638,0.26977427050835
164773.411807,2581366.126422,0.00916926462497708,0.195121951219512,0.518796992481203,0.18796992481203,0.0181551439574546,0.070786722904823
165273.411807,2581366.126422,0,0.117830309693971,0.724757192596665,0.14018691588785,0.011544804837823,0.00568077698369067
165773.411807,2581366.126422,0.00275279867865663,0.109010827674803,0.745457882180217,0.115801064415489,0.0155991925123876,0.0113782345384474
166273.411807,2581366.126422,0.00550155877498625,0.122868145974693,0.543554006968641,0.265541903539336,0.0141206675224647,0.048413717219879
166773.411807,2581366.126422,0.000366501740883269,0.0619387942092725,0.142935678944475,0.75444383360821,0.0122778083195895,0.0280373831775701
167273.411807,2581366.126422,0.00201871903101487,0.125711139658653,0.443567627087539,0.310699210864379,0.0816663608001468,0.0363369425582676
167773.411807,2581366.126422,0.00916926462497708,0.148358701632129,0.463231248853842,0.1998899688245,0.117366587199707,0.061984228864845
168273.411807,2581366.126422,0.000366501740883269,0.097306212204508,0.336998350742166,0.422026754627084,0.119479567527946,0.0238226131574125
168773.411807,2581366.126422,0.00293631859056708,0.0972655533125344,0.515140392732611,0.274729308129932,0.0862543585979079,0.0236740686364471
169273.411807,2581366.126422,0.00165046763249587,0.0781221346048047,0.529066568861177,0.220979277461948,0.125618925362186,0.0445626260773886
169773.411807,2581366.126422,0.00989554700384827,0.10426974528129,0.491112332783581,0.206157229246839,0.139453912406084,0.0491112332783581
170273.411807,2581366.126422,0.0820334006239677,0.260047715177097,0.0407414204441182,0.0745090842356396,0.169388878693338,0.37327950082584
170773.411807,2581366.126422,0.0172382174949569,0.443425637263891,0,0.0148542086924629,0.0311754997249221,0.493306436823767
171273.411807,2581366.126422,0.0357339197361187,0.280557082646143,0,0.10207073483599,0.16254352208173,0.419094740700018
171773.411807,2581366.126422,0.0451458983299688,0.146815929528354,0.00385391815011929,0.0688199669664159,0.151403927326115,0.583960359699027
172273.411807,2581366.126422,0.0584999083073537,0.251788006601871,0,0.0929763432972676,0.113515496057216,0.483220245736292
172773.411807,2581366.126422,0.0674363203225215,0.357522448231629,0,0.148249954187282,0.169140553417629,0.257650723840938
160773.411807,2580866.126422,0.0105496946141033,0.183046455672774,0.668147325559874,0.0347954839903757,0.00296131778641495,0.100499722376458
161273.411807,2580866.126422,0.0135779816513761,0.222201834862385,0.575229357798165,0.0036697247706422,0.00403669724770642,0.181284403669725
161773.411807,2580866.126422,0.029535864978903,0.215006420840213,0.495505411851037,0.0363236103467254,0.0278847917813245,0.195743900201798
162273.411807,2580866.126422,0.0384615384615385,0.214835164835165,0.306593406593407,0.0996336996336996,0.0844322344322344,0.256043956043956
162773.411807,2580866.126422,0.00458715596330275,0.21743119266055,0.544954128440367,0.0970642201834862,0.0423853211009174,0.0935779816513762
163273.411807,2580866.126422,0.00110071546505228,0.208585580627408,0.612181251146579,0.0390753990093561,0.0676940011007155,0.0713630526508897
163773.411807,2580866.126422,0.0624542124542125,0.170695970695971,0.178571428571429,0.263186813186813,0.108424908424908,0.216666666666667
164273.411807,2580866.126422,0.0258715596330275,0.0910091743119266,0.0638532110091743,0.538165137614679,0.10256880733945,0.178532110091743
164773.411807,2580866.126422,0.00146762062006971,0.177949000183453,0.447624289121262,0.292790313703908,0.0344890845716382,0.0456796917996698
165273.411807,2580866.126422,0.00641025641025641,0.0919413919413919,0.719413919413919,0.030952380952381,0.00512820512820513,0.146153846153846
165773.411807,2580866.126422,0.00036697247706422,0.0711926605504587,0.81743119266055,0.0744954128440367,0.00238532110091743,0.0341284403669725
166273.411807,2580866.126422,0,0.0779673454412034,0.315354980737479,0.589433131535498,0.00421940928270042,0.0130251330031187
166773.411807,2580866.126422,0,0.00897435897435897,0.144871794871795,0.842307692307692,0.00384615384615385,0
167273.411807,2580866.126422,0.0055045871559633,0.113394495412844,0.0744954128440367,0.666238532110092,0.102018348623853,0.038348623853211
167773.411807,2580866.126422,0.00330214639515685,0.114657860942946,0.458447991194276,0.218492019812878,0.121078701155751,0.084021280498991
168273.411807,2580866.126422,0.000549450549450549,0.0622710622710623,0.582600732600733,0.271428571428571,0.0756410256410256,0.00750915750915751
168773.411807,2580866.126422,0,0.0370642201834862,0.637064220183486,0.25743119266055,0.0656880733944954,0.00275229357798165
169273.411807,2580866.126422,0.0146762062006971,0.157952669235003,0.443037974683544,0.149330398092093,0.158503026967529,0.0764997248211337
169773.411807,2580866.126422,0.00311355311355311,0.498168498168498,0.161721611721612,0.0945054945054945,0.0622710622710623,0.18021978021978
170273.411807,2580866.126422,0.0390825688073395,0.564954128440367,0,0.00055045871559633,0.0242201834862385,0.371192660550459
170773.411807,2580866.126422,0.0133920381581361,0.35516419005687,0,0.0599889928453495,0.127499541368556,0.443955237571088
171273.411807,2580866.126422,0.0509157509157509,0.2,0,0.093956043956044,0.14010989010989,0.515018315018315
171773.411807,2580866.126422,0.0743119266055046,0.418348623853211,0,0,0.0374311926605505,0.469908256880734
172273.411807,2580866.126422,0.00843881856540084,0.501192441753807,0,0,0.0315538433314988,0.458814896349294
172773.411807,2580866.126422,0.00989010989010989,0.53040293040293,0,0,0.0503663003663004,0.409340659340659
160773.411807,2580366.126422,0,0.0287249814677539,0.909191994069681,0.0383617494440326,0.000741289844329133,0.0229799851742031
161273.411807,2580366.126422,0.00164835164835165,0.0868131868131868,0.659340659340659,0.0935897435897436,0.00732600732600733,0.151282051282051
161773.411807,2580366.126422,0.00347985347985348,0.111538461538462,0.578571428571429,0.0523809523809524,0.0232600732600733,0.230769230769231
162273.411807,2580366.126422,0.00275027502750275,0.123212321232123,0.560689402273561,0.123579024569124,0.0452878621195453,0.144481114778144
162773.411807,2580366.126422,0.023992673992674,0.193406593406593,0.316483516483516,0.150732600732601,0.0712454212454212,0.244139194139194
163273.411807,2580366.126422,0.0298534798534799,0.249084249084249,0.425641025641026,0.0234432234432234,0.0470695970695971,0.224908424908425
163773.411807,2580366.126422,0.0368536853685369,0.228456178951228,0.332416574990832,0.159332599926659,0.0894756142280895,0.153465346534653
164273.411807,2580366.126422,0.0481684981684982,0.171978021978022,0.0833333333333333,0.314285714285714,0.126739926739927,0.255494505494505
164773.411807,2580366.126422,0.0428571428571429,0.109340659340659,0.267582417582418,0.332417582417582,0.0802197802197802,0.167582417582418
165273.411807,2580366.126422,0.00605060506050605,0.0676567656765677,0.713421342134213,0.00825082508250825,0.00641730839750642,0.198203153648698
165773.411807,2580366.126422,0,0.0357142857142857,0.927289377289377,0.0269230769230769,0.00347985347985348,0.00659340659340659
166273.411807,2580366.126422,0.00164835164835165,0.177106227106227,0.605677655677656,0.156043956043956,0.010989010989011,0.0485347985347985
166773.411807,2580366.126422,0.0011001100110011,0.0938760542720939,0.171250458379171,0.634580124679135,0.0632563256325633,0.0359369270260359
167273.411807,2580366.126422,0.00146520146520147,0.125274725274725,0.184615384615385,0.521978021978022,0.12967032967033,0.036996336996337
167773.411807,2580366.126422,0.00164835164835165,0.13021978021978,0.495238095238095,0.232051282051282,0.086996336996337,0.0538461538461538
168273.411807,2580366.126422,0.0104510451045105,0.0469380271360469,0.502016868353502,0.291345801246791,0.126879354602127,0.0223689035570224
168773.411807,2580366.126422,0.00531135531135531,0.130952380952381,0.467216117216117,0.241391941391941,0.100915750915751,0.0542124542124542
169273.411807,2580366.126422,0.00531135531135531,0.163003663003663,0.393772893772894,0.139194139194139,0.197985347985348,0.100732600732601
169773.411807,2580366.126422,0.0166850018335167,0.364319765309864,0.203153648698203,0.0262192885955262,0.12046204620462,0.269160249358269
170273.411807,2580366.126422,0.039010989010989,0.448534798534799,0,0.00384615384615385,0.0357142857142857,0.472893772893773
170773.411807,2580366.126422,0.00714285714285714,0.512637362637363,0,0.00989010989010989,0.0111721611721612,0.459157509157509
171273.411807,2580366.126422,0.0693069306930693,0.312247891455812,0.106160616061606,0.0282361569490282,0.0588558855885589,0.425192519251925
171773.411807,2580366.126422,0.00293040293040293,0.616300366300366,0.120695970695971,0.0164835164835165,0.0148351648351648,0.228754578754579
172273.411807,2580366.126422,0.0135531135531136,0.571794871794872,0.0945054945054945,0.0298534798534799,0.015018315018315,0.275274725274725
172773.411807,2580366.126422,0.050971763843051,0.482398239823982,0.0405207187385405,0.0313531353135314,0.0339200586725339,0.360836083608361
160773.411807,2579866.126422,0.0303703703703704,0.160925925925926,0.545925925925926,0.0611111111111111,0.00592592592592593,0.195740740740741
161273.411807,2579866.126422,0.0176179115434025,0.22829877041659,0.459900899247568,0.0611121306661773,0.015782712424298,0.217287575701964
161773.411807,2579866.126422,0.00770218228498074,0.218228498074454,0.480469466348799,0.149642398679626,0.0262240968274344,0.117733357784706
162273.411807,2579866.126422,0.0113615539673813,0.191863661352391,0.555983140919919,0.0657870624885468,0.0185083379146051,0.156496243357156
162773.411807,2579866.126422,0,0.0433106992108644,0.818865846944393,0.104606349788952,0.00513855753349238,0.0280785465222977
163273.411807,2579866.126422,0.0315422703099211,0.162662754447093,0.42802127269393,0.0876581698147808,0.0511644966073721,0.238951036126903
163773.411807,2579866.126422,0.0562580172255818,0.187832142202675,0.368700751328569,0.139270661535642,0.0985889682975994,0.149349459409932
