"x","y","forest","agri","water","built","other","grass"
249773.411807,2760366.126422,0.291218969988885,0.10781771026306,0.0502037791774731,0.102260096331975,0.0535383475361245,0.394961096702482
249273.411807,2759866.126422,0.392156862745098,0.0657870624885468,0,0.0434304562946674,0.0368334249587686,0.461792193512919
249773.411807,2759866.126422,0.117647058823529,0.128224160326591,0,0.0135461124512897,0.063648172202635,0.676934496195955
248773.411807,2759366.126422,0.296459365254082,0.00238488350761328,0.183452577508714,0.301779490001835,0.0508163639699138,0.165107319757843
249273.411807,2759366.126422,0.0983516483516483,0.182234432234432,0.00677655677655678,0.0188644688644689,0.0728937728937729,0.620879120879121
249773.411807,2759366.126422,0.174025974025974,0.00278293135435993,0,0.0142857142857143,0.0777365491651206,0.731168831168831
248273.411807,2758866.126422,0.0490842490842491,0.00128205128205128,0.485897435897436,0.421428571428571,0.0153846153846154,0.0269230769230769
248773.411807,2758866.126422,0.241941391941392,0.0285714285714286,0.124358974358974,0.165201465201465,0.0970695970695971,0.342857142857143
249273.411807,2758866.126422,0.0936927026035937,0.0452878621195453,0,0.046021268793546,0.077007700770077,0.737990465713238
249773.411807,2758866.126422,0.0974434975917006,0.0879955539088551,0,0.000555761393108559,0.00815116709892553,0.80585402000741
247773.411807,2758366.126422,0.00128275609309144,0,0.355689939527213,0.631482499541873,0.00879604178119846,0.00274876305662452
248273.411807,2758366.126422,0.208295100018352,0.0915764360433107,0.0407414204441182,0.0846026793907139,0.0583593319875206,0.516425032115985
248773.411807,2758366.126422,0.150375939849624,0.130937098844673,0,0.0390610673024023,0.0797726022373006,0.599853291766
249273.411807,2758366.126422,0.246289169873557,0.0558915154846986,0.00146600696353308,0.0509437419827744,0.106835257467473,0.538574308227964
249773.411807,2758366.126422,0.0827611801818519,0.136203377249954,0.000742252737056968,0.0773798478381889,0.105956578214882,0.596956763778066
247273.411807,2757866.126422,0.023115024766098,0.0106402494955054,0.31663914878004,0.555127499541369,0.0168776371308017,0.077600440286186
247773.411807,2757866.126422,0.263553113553114,0.106227106227106,0.084981684981685,0.132234432234432,0.0694139194139194,0.343589743589744
248273.411807,2757866.126422,0.0801834862385321,0.145688073394495,0,0.0456880733944954,0.0818348623853211,0.646605504587156
248773.411807,2757866.126422,0.0467804072647221,0.0939277196844616,0.15685195376995,0.0293524124013942,0.0658594753256283,0.607228031553843
249273.411807,2757866.126422,0.0703296703296703,0.25,0,0.0655677655677656,0.11025641025641,0.503846153846154
249773.411807,2757866.126422,0.0521335807050093,0.388126159554731,0.0291280148423006,0.0758812615955473,0.0758812615955473,0.378849721706865
247273.411807,2757366.126422,0.232600732600733,0.0531135531135531,0.158241758241758,0.183150183150183,0.0673992673992674,0.305494505494506
247773.411807,2757366.126422,0.063989732306564,0.212504583791712,0.00238357169050238,0.0968096809680968,0.178767876787679,0.445544554455446
248273.411807,2757366.126422,0.104578754578755,0.0505494505494506,0.192857142857143,0.034981684981685,0.111721611721612,0.505311355311355
248773.411807,2757366.126422,0.0756410256410256,0.105311355311355,0,0.12032967032967,0.186263736263736,0.512454212454212
249273.411807,2757366.126422,0.030986431976531,0.150715071507151,0.0504217088375504,0.0216354968830216,0.0682068206820682,0.678034470113678
249773.411807,2757366.126422,0.0702111893293813,0.303445720637273,0.0991107817710263,0.0400148203038162,0.0694701741385698,0.417747313819933
246773.411807,2756866.126422,0.0822169205358781,0.00403743806202973,0.257845476234171,0.5641402092127,0.0361534226463571,0.055606533308864
247273.411807,2756866.126422,0.0740876581698148,0.162846139739593,0,0.1201173665872,0.125802310654686,0.517146524848707
247773.411807,2756866.126422,0.110133773135422,0.100421477002016,0,0.0183250870441635,0.10536925050394,0.665750412314459
248273.411807,2756866.126422,0.177830794641219,0.077995962561938,0.0567076527803267,0.152872086621398,0.162415122040741,0.372178381354377
248773.411807,2756866.126422,0.166880616174583,0.0702365670273244,0,0.0753713552173116,0.162295983862094,0.525215477718687
249273.411807,2756866.126422,0.0287703866593366,0.462158695253802,0,0.00824628916987356,0.0317024005864028,0.469122228330585
249773.411807,2756866.126422,0.0888847652625719,0.268509927630358,0.173872703655595,0.0120616069771757,0.0573390239376508,0.399331972536649
246773.411807,2756366.126422,0.235963302752294,0.00146788990825688,0.190091743119266,0.211009174311927,0.0420183486238532,0.319449541284404
247273.411807,2756366.126422,0.0799853237937993,0.0174279948633278,0,0.152082186754724,0.140524674371675,0.609979820216474
247773.411807,2756366.126422,0.137362637362637,0.0285714285714286,0,0.0906593406593407,0.157692307692308,0.585714285714286
248273.411807,2756366.126422,0.151926605504587,0.0152293577981651,0.00825688073394495,0.309357798165138,0.164220183486239,0.351009174311927
248773.411807,2756366.126422,0.126031920748487,0.094294624839479,0,0.167675655842965,0.105485232067511,0.506512566501559
249273.411807,2756366.126422,0.102564102564103,0.227289377289377,0.000732600732600733,0.00879120879120879,0.054029304029304,0.606593406593407
249773.411807,2756366.126422,0.0690166975881262,0.279777365491651,0,0.0968460111317254,0.0391465677179963,0.515213358070501
246773.411807,2755866.126422,0.308241758241758,0.0032967032967033,0.267399267399267,0.196520146520147,0.0932234432234432,0.131318681318681
247273.411807,2755866.126422,0.200732600732601,0.0148351648351648,0.0661172161172161,0.143406593406593,0.134249084249084,0.440659340659341
247773.411807,2755866.126422,0.142830949761643,0.0265859919325266,0.0474880821415475,0.223872387238724,0.173817381738174,0.385405207187385
248273.411807,2755866.126422,0.0604395604395604,0.219413919413919,0.00128205128205128,0.13021978021978,0.129487179487179,0.459157509157509
248773.411807,2755866.126422,0.0904761904761905,0.338461538461538,0.0010989010989011,0.0432234432234432,0.11959706959707,0.407142857142857
249273.411807,2755866.126422,0.0665566556655666,0.335166850018335,0,0.00403373670700403,0.026952695269527,0.567290062339567
249773.411807,2755866.126422,0.0655798443868099,0.31752500926269,0.00426083734716562,0.0279733234531308,0.0781771026306039,0.5064838829196
246273.411807,2755366.126422,0,0,0.132673630199743,0.867326369800257,0,0
246773.411807,2755366.126422,0.236740686364471,0.0495503762158194,0.226280051385575,0.163883281336025,0.0609286107542668,0.262616993943843
247273.411807,2755366.126422,0.196405648267009,0.0311754997249221,0.0900421786172749,0.258023106546855,0.194021639464515,0.230331927379424
247773.411807,2755366.126422,0.051676745464541,0.176470588235294,0.0833791460509437,0.125710097122961,0.0901594282572842,0.472603994868976
248273.411807,2755366.126422,0.071389245733162,0.191778307946412,0.00917599559552211,0.132501376399339,0.119287942741787,0.475867131583777
248773.411807,2755366.126422,0.0720704199523198,0.284797359251788,0.00238400880249404,0.110581331377224,0.0695030258573262,0.460663854758848
249273.411807,2755366.126422,0.0949239508887667,0.209089243173905,0.000916254352208173,0.0282206340480117,0.10426974528129,0.562580172255818
249773.411807,2755366.126422,0.0957506030803489,0.183150862868807,0.0070514010020412,0.0256077194284654,0.0976062349229913,0.590833178697346
246273.411807,2754866.126422,0.0796703296703297,0.00641025641025641,0.117765567765568,0.684432234432234,0.0344322344322344,0.0772893772893773
246773.411807,2754866.126422,0.274862385321101,0.0462385321100917,0,0.0579816513761468,0.14954128440367,0.471376146788991
247273.411807,2754866.126422,0.140708126949184,0.0722803155384333,0.00110071546505228,0.180884241423592,0.179233168226014,0.425793432397725
247773.411807,2754866.126422,0.238461538461538,0.131135531135531,0,0.0879120879120879,0.108241758241758,0.434249084249084
248273.411807,2754866.126422,0.0579816513761468,0.166605504587156,0.00605504587155963,0.156330275229358,0.134311926605505,0.478715596330275
248773.411807,2754866.126422,0.080168776371308,0.0392588515868648,0.00220143093010457,0.536965694368006,0.208402128049899,0.133003118693818
249273.411807,2754866.126422,0.111172161172161,0.13974358974359,0.0010989010989011,0.0415750915750916,0.196703296703297,0.50970695970696
249773.411807,2754866.126422,0.0729128014842301,0.217254174397032,0,0.0602968460111317,0.124489795918367,0.525046382189239
245773.411807,2754366.126422,0.00769230769230769,0.00347985347985348,0.0716117216117216,0.907875457875458,0.00677655677655678,0.00256410256410256
246273.411807,2754366.126422,0.26989365603227,0.0135680234690136,0.0236523652365237,0.116795012834617,0.0669233590025669,0.509167583425009
246773.411807,2754366.126422,0.143956043956044,0.0875457875457875,0.0152014652014652,0.136813186813187,0.132783882783883,0.483699633699634
247273.411807,2754366.126422,0.275457875457875,0.0864468864468864,0,0.141758241758242,0.124358974358974,0.371978021978022
247773.411807,2754366.126422,0.161532819948662,0.204253758709204,0,0.0526219288595526,0.116244957829116,0.465346534653465
248273.411807,2754366.126422,0.063003663003663,0.344505494505495,0,0.0386446886446886,0.0937728937728938,0.46007326007326
248773.411807,2754366.126422,0.0783882783882784,0.104212454212454,0,0.160622710622711,0.10970695970696,0.547069597069597
249273.411807,2754366.126422,0.0938760542720939,0.187385405207187,0,0.0291529152915292,0.048038137147048,0.641547488082142
249773.411807,2754366.126422,0.116524638755094,0.229158947758429,0,0.0187106335679881,0.130603927380511,0.505001852537977
245273.411807,2753866.126422,0,0,0.387043494219123,0.612956505780877,0,0
245773.411807,2753866.126422,0.154227030992114,0.00696864111498258,0.106180084357235,0.245369521364387,0.081606455162296,0.405648267008986
246273.411807,2753866.126422,0.616272677295217,0.0117280557082646,0,0.00201575957485798,0.0758658603628367,0.294117647058824
246773.411807,2753866.126422,0.533492383923656,0.0383556615892824,0.0106441548908057,0.009543035419343,0.0104606349788952,0.397504129198018
247273.411807,2753866.126422,0.0517146524848707,0.157344580964607,0.0209059233449477,0.0669356317623327,0.119017054832202,0.58408215661104
247773.411807,2753866.126422,0.0797141286421111,0.147883452446399,0.00842954004031519,0.0447132123877588,0.122961334066337,0.596298332417079
248273.411807,2753866.126422,0.052303174894476,0.263167553679574,0.0497338961277299,0.0200036703982382,0.0680858873187741,0.546705817581208
248773.411807,2753866.126422,0.113882266642215,0.0603337612323492,0.000183385292499542,0.362919493856593,0.161929213277095,0.300751879699248
249273.411807,2753866.126422,0.0569910207073484,0.398570643210555,0.117463807953088,0.0613890415979476,0.0393989371449514,0.32618654938611
249773.411807,2753866.126422,0.0810911115234737,0.303952495824828,0,0.0539988866208944,0.0591946557802932,0.50176285025051
245273.411807,2753366.126422,0.110825688073394,0.00201834862385321,0.27394495412844,0.461467889908257,0.0165137614678899,0.135229357798165
245773.411807,2753366.126422,0.50504494588149,0.0253164556962025,0,0.000550357732526142,0.113190240322877,0.355898000366905
246273.411807,2753366.126422,0.313003663003663,0,0,0,0,0.686996336996337
246773.411807,2753366.126422,0.515412844036697,0,0,0,0,0.484587155963303
247273.411807,2753366.126422,0.48651623555311,0.00862227114290956,0.00091726288754357,0.0370574206567602,0.0500825536598789,0.416804256099798
247773.411807,2753366.126422,0.243040293040293,0.0113553113553114,0.000549450549450549,0.213003663003663,0.114102564102564,0.417948717948718
248273.411807,2753366.126422,0.331743119266055,0.0341284403669725,0,0.00532110091743119,0.0955963302752294,0.533211009174312
248773.411807,2753366.126422,0.143093010456797,0.155017427994863,0,0.186754723903871,0.23390203632361,0.281232801320859
249273.411807,2753366.126422,0.0342490842490843,0.363003663003663,0,0.00421245421245421,0.0587912087912088,0.53974358974359
249773.411807,2753366.126422,0.061595547309833,0.33747680890538,0.257699443413729,0.00834879406307978,0.0211502782931354,0.313729128014842
245273.411807,2752866.126422,0.174725274725275,0.0554945054945055,0.144688644688645,0.218864468864469,0.0582417582417582,0.347985347985348
245773.411807,2752866.126422,0.700732600732601,0.00146520146520147,0,0.0351648351648352,0.030952380952381,0.231684981684982
246273.411807,2752866.126422,0.0896589658965897,0.00348368170150348,0,0.00421708837550422,0.0768243491015768,0.825815914924826
246773.411807,2752866.126422,0.382417582417582,0,0,0.00347985347985348,0.0106227106227106,0.603479853479853
247273.411807,2752866.126422,0.721245421245421,0.00128205128205128,0,0.00732600732600733,0.0401098901098901,0.23003663003663
247773.411807,2752866.126422,0.275944261092776,0.00935093509350935,0,0.147414741474147,0.215438210487715,0.351851851851852
248273.411807,2752866.126422,0.476739926739927,0.000732600732600733,0,0.00695970695970696,0.0626373626373626,0.452930402930403
248773.411807,2752866.126422,0.336996336996337,0.010989010989011,0,0.118864468864469,0.183516483516484,0.3496336996337
249273.411807,2752866.126422,0.241107444077741,0.0121012101210121,0,0.169233590025669,0.132929959662633,0.444627796112945
249773.411807,2752866.126422,0.453130789181178,0.000555761393108559,0,0.0663208595776213,0.0639125602074843,0.416080029640608
244773.411807,2752366.126422,0.00513102437236577,0.000916254352208173,0.40021990104453,0.583470771486165,0.00714678394722375,0.00311526479750779
245273.411807,2752366.126422,0.24885300055056,0.0211047898697009,0.00513855753349238,0.124793540099101,0.0963479537529822,0.503762158194164
245773.411807,2752366.126422,0.817898404547955,0.000183385292499542,0,0,0.00275077938749312,0.179167430772052
246273.411807,2752366.126422,0.459226681326736,0.000183250870441635,0,0.013560564412681,0.0450797141286421,0.481949789261499
246773.411807,2752366.126422,0.355111029546706,0.000367039823820885,0,0.0963479537529822,0.0972655533125344,0.450908423563957
247273.411807,2752366.126422,0.711351549605722,0,0,0.000916926462497708,0.015587749862461,0.27214377406932
247773.411807,2752366.126422,0.473886750962067,0.00329851566794942,0.000183250870441635,0,0.00293201392706615,0.519699468572476
248273.411807,2752366.126422,0.402092126995779,0.00770783630023858,0.000183519911910442,0.0517526151587447,0.121673701596623,0.416590200036704
248773.411807,2752366.126422,0.486154410416285,0.0170548322024574,0,0.00935264991747662,0.0447460113698881,0.442692096093893
249273.411807,2752366.126422,0.081729888216969,0.0505772402418911,0,0.299615173172073,0.203958218801539,0.364119479567528
249773.411807,2752366.126422,0.104657635925032,0.0317313045091854,0.041380590090926,0.308777138615699,0.120244943403229,0.393208387455929
