"x","y","forest","agri","water","built","other","grass"
198273.411807,2682366.126422,0,0.00256692335900257,0.581408140814081,0.414008067473414,0.00201686835350202,0
198773.411807,2682366.126422,0,0,0.943956043956044,0.056043956043956,0,0
197773.411807,2681866.126422,0.0117366587199707,0.128736475334678,0.467082339996332,0.366403814414084,0.0150375939849624,0.0110031175499725
198273.411807,2681866.126422,0,0,0.67601246105919,0.32398753894081,0,0
198773.411807,2681866.126422,0,0,0.162598641952652,0.837401358047348,0,0
197773.411807,2681366.126422,0.00623738763529628,0.0253164556962025,0.148046230049532,0.811777655476059,0.00366905155017428,0.00495321959273528
198273.411807,2681366.126422,0.0336996336996337,0.054029304029304,0.272161172161172,0.625641025641026,0.0124542124542125,0.00201465201465201
198773.411807,2681366.126422,0.314128440366972,0.0755963302752294,0.095045871559633,0.486605504587156,0.0188990825688073,0.00972477064220183
197273.411807,2680866.126422,0.0322344322344322,0.216483516483516,0.056043956043956,0.49010989010989,0.123992673992674,0.0811355311355311
197773.411807,2680866.126422,0.0216117216117216,0.0166666666666667,0.147069597069597,0.813369963369963,0.00128205128205128,0
198273.411807,2680866.126422,0.134030069673634,0.122295562889622,0.00238357169050238,0.603593692702604,0.0711404473780711,0.0665566556655666
198773.411807,2680866.126422,0.570879120879121,0.0906593406593407,0.0043956043956044,0.282417582417582,0.034981684981685,0.0166666666666667
197273.411807,2680366.126422,0.0400073407964764,0.0715727656450725,0.0998348320792806,0.737199486144247,0.0216553496054322,0.0297302257294917
197773.411807,2680366.126422,0.0218228498074454,0.172748945534568,0.0291582615074271,0.752246469833119,0.0198056115899505,0.00421786172748946
198273.411807,2680366.126422,0.123694337548103,0.0617555433388309,0.0370166758292102,0.735752244823163,0.0397654388858347,0.00201575957485798
198773.411807,2680366.126422,0.586713158377684,0.025325747843641,0.0133969535694623,0.308864011745274,0.0645990089924757,0.00110111947146265
196773.411807,2679866.126422,0.0402930402930403,0.228205128205128,0.0659340659340659,0.495604395604396,0.0131868131868132,0.156776556776557
197273.411807,2679866.126422,0.0207339449541284,0.0260550458715596,0.209357798165138,0.72,0.0055045871559633,0.018348623853211
197773.411807,2679866.126422,0.0337552742616034,0.222161071363053,0.094294624839479,0.610163272793983,0.0288020546688681,0.0108237020730141
198273.411807,2679866.126422,0.0716117216117216,0.0542124542124542,0.145970695970696,0.706593406593407,0.0153846153846154,0.00622710622710623
198773.411807,2679866.126422,0.233577981651376,0.112477064220183,0.00788990825688073,0.542201834862385,0.103853211009174,0
196273.411807,2679366.126422,0.0291208791208791,0.597619047619048,0.0021978021978022,0.263736263736264,0.0302197802197802,0.0771062271062271
196773.411807,2679366.126422,0.0608727539420609,0.19013568023469,0.0696736340300697,0.544737807114045,0.068023469013568,0.0665566556655666
197273.411807,2679366.126422,0.0631868131868132,0.256776556776557,0.00769230769230769,0.318864468864469,0.0326007326007326,0.320879120879121
197773.411807,2679366.126422,0.0272893772893773,0.223443223443223,0.0468864468864469,0.460805860805861,0.0391941391941392,0.202380952380952
198273.411807,2679366.126422,0.0891089108910891,0.154015401540154,0.264026402640264,0.324349101576824,0.0601393472680601,0.108360836083608
198773.411807,2679366.126422,0.0882783882783883,0.175824175824176,0.112271062271062,0.501282051282051,0.0811355311355311,0.0412087912087912
196273.411807,2678866.126422,0.0645516229598386,0.365670273244086,0,0.0981111314872547,0.00696864111498258,0.464698331193838
196773.411807,2678866.126422,0.00164925783397471,0.0139270661535642,0.0861279091075683,0.89463074949606,0.00201575957485798,0.00164925783397471
197273.411807,2678866.126422,0.0201871903101487,0.0807487612405946,0.141493852082951,0.687282070104606,0.0273444668746559,0.0429436593870435
197773.411807,2678866.126422,0.0491472583898771,0.142857142857143,0.00641848523748395,0.646983311938383,0.0498807995598753,0.104713002017238
198273.411807,2678866.126422,0.141469671980942,0.20853949056258,0.00678028220634048,0.26901227780832,0.123144584936778,0.251053692505039
198773.411807,2678866.126422,0.167737199486144,0.189759588915397,0.028629106258029,0.314553129014498,0.0866213984217288,0.212699577904203
196773.411807,2678366.126422,0.115750915750916,0.134432234432234,0.106776556776557,0.468681318681319,0.0316849816849817,0.142673992673993
197273.411807,2678366.126422,0.0911926605504587,0.266605504587156,0.0141284403669725,0.337247706422018,0.0577981651376147,0.23302752293578
197773.411807,2678366.126422,0.0366905155017428,0.0697119794533113,0.00220143093010457,0.727022564667034,0.0350394423041644,0.129334067143643
198773.411807,2678366.126422,0.00422018348623853,0.415229357798165,0.0255045871559633,0.0500917431192661,0.0111926605504587,0.493761467889908
198273.411807,2677866.126422,0.0139347268060139,0.206453978731206,0.0352035203520352,0.344151081774844,0.0256692335900257,0.374587458745875
198773.411807,2677866.126422,0.0267399267399267,0.267765567765568,0.0183150183150183,0.15970695970696,0.0551282051282051,0.472344322344322
198273.411807,2677366.126422,0.00384826827927433,0.191497159611508,0.573391973611875,0.108301264431006,0.0188748396554884,0.104086494410848
198773.411807,2677366.126422,0.0939621948981464,0.146448889704533,0.0759772435309231,0.238942925307396,0.115617544503579,0.329051202055423
197773.411807,2676866.126422,0,0.0601724454228582,0.888644285452211,0.0275178866263071,0.000366905155017428,0.0232984773436067
198273.411807,2676866.126422,0,0.0223443223443223,0.842124542124542,0.132967032967033,0.00201465201465201,0.000549450549450549
198773.411807,2676866.126422,0,0.0163302752293578,0.875045871559633,0.108623853211009,0,0
197773.411807,2676366.126422,0,0.207326007326007,0.657875457875458,0.0877289377289377,0.000915750915750916,0.0461538461538462
198273.411807,2676366.126422,0,0.216171617161716,0.568756875687569,0.127979464613128,0.00641730839750642,0.0806747341400807
198773.411807,2676366.126422,0.00531135531135531,0.0694139194139194,0.11025641025641,0.661355311355311,0.0734432234432234,0.0802197802197802
197273.411807,2675866.126422,0,0.235823086804918,0.644521930629473,0.060561570930446,0.000917599559552211,0.0581758120756102
197773.411807,2675866.126422,0.000183385292499542,0.313588850174216,0.550339262791124,0.0240234733174399,0.000366770584999083,0.111498257839721
198273.411807,2675866.126422,0.00494777350192413,0.242807403335166,0.481033534909291,0.0313358988455195,0.00238226131574125,0.237493128092358
198773.411807,2675866.126422,0.0469810974490732,0.364837584877959,0.21563589649477,0.0267939071389246,0.00385391815011929,0.341897595889154
196773.411807,2675366.126422,0,0.17985347985348,0.536263736263736,0.204761904761905,0.0223443223443223,0.0567765567765568
197273.411807,2675366.126422,0,0.211009174311927,0.661651376146789,0.0521100917431193,0.00036697247706422,0.0748623853211009
197773.411807,2675366.126422,0.0232984773436067,0.267840763162722,0.276463034305632,0.0693450742982939,0.0640249495505412,0.299027701339204
198273.411807,2675366.126422,0.21978021978022,0.168681318681319,0.00274725274725275,0.14981684981685,0.0945054945054945,0.364468864468864
198773.411807,2675366.126422,0.215045871559633,0.277064220183486,0,0.016697247706422,0.0155963302752294,0.475596330275229
196773.411807,2674866.126422,0,0.16960029336267,0.632929959662633,0.155665566556656,0.00146681334800147,0.0403373670700403
197273.411807,2674866.126422,0.0021978021978022,0.27967032967033,0.493223443223443,0.0688644688644689,0.0141025641025641,0.141941391941392
197773.411807,2674866.126422,0.0472527472527473,0.193040293040293,0.125457875457875,0.0793040293040293,0.0783882783882784,0.476556776556777
198273.411807,2674866.126422,0.0333700036670334,0.315364869820315,0.000183351668500183,0.211037770443711,0.145031169783645,0.295012834616795
198773.411807,2674866.126422,0.0485347985347985,0.471428571428571,0,0.0974358974358974,0.118315018315018,0.264285714285714
196273.411807,2674366.126422,0.000366770584999083,0.245919677241885,0.610856409315973,0.0744544287548139,0.00990280579497524,0.0584999083073537
196773.411807,2674366.126422,0.0284038849184534,0.297232911856331,0.410115448048378,0.0584570276708814,0.0108118013560564,0.194978926149899
197273.411807,2674366.126422,0.0205542301339695,0.192512387594054,0.07469260414755,0.0264268673151037,0.0225729491649844,0.663240961644338
197773.411807,2674366.126422,0.0370438290849074,0.233449477351916,0.0117366587199707,0.0539152759948652,0.0374105996699065,0.626444159178434
198273.411807,2674366.126422,0.0406816932380429,0.554333883085945,0,0.0604727872457394,0.055158512002932,0.289353124427341
198773.411807,2674366.126422,0.0315654248485961,0.60157827124243,0,0.0948797944576987,0.107542668379519,0.164433841071756
195773.411807,2673866.126422,0,0.165137614678899,0.620183486238532,0.14348623853211,0.0036697247706422,0.0675229357798165
196273.411807,2673866.126422,0.0155934690882407,0.335718216840947,0.288937809576225,0.157402311502477,0.0133920381581361,0.188956154833975
196773.411807,2673866.126422,0.0318681318681319,0.23992673992674,0.0159340659340659,0.0274725274725275,0.047985347985348,0.636813186813187
197273.411807,2673866.126422,0.0220183486238532,0.224954128440367,0.00422018348623853,0.0559633027522936,0.0438532110091743,0.648990825688073
197773.411807,2673866.126422,0.0583379196477711,0.544854155200881,0.00953953403045313,0.01284168042561,0.0585213722252798,0.315905338470006
198273.411807,2673866.126422,0.0523809523809524,0.65018315018315,0,0.0503663003663004,0.103663003663004,0.143406593406593
198773.411807,2673866.126422,0.0289908256880734,0.828623853211009,0,0.000917431192660551,0.018348623853211,0.123119266055046
196273.411807,2673366.126422,0.0470695970695971,0.166849816849817,0.0847985347985348,0.13021978021978,0.106776556776557,0.464285714285714
196773.411807,2673366.126422,0.0515218188485515,0.16043270993766,0.000366703337000367,0.0271360469380271,0.0617895122845618,0.698753208654199
197273.411807,2673366.126422,0.034981684981685,0.413186813186813,0,0.0813186813186813,0.173076923076923,0.297435897435897
197773.411807,2673366.126422,0.0545787545787546,0.364835164835165,0,0.175641025641026,0.200549450549451,0.204395604395604
198273.411807,2673366.126422,0.0287862119545288,0.629446277961129,0,0.0718738540520719,0.092959295929593,0.176934360102677
198773.411807,2673366.126422,0.0375457875457875,0.705128205128205,0,0.0203296703296703,0.0516483516483516,0.185347985347985
195773.411807,2672866.126422,0.038172141677372,0.403193246467242,0.0545054138374014,0.0590934116351624,0.0376215819416407,0.407414204441182
196273.411807,2672866.126422,0.0605171465248487,0.278012103429305,0.000916926462497708,0.168347698514579,0.0893086374472767,0.402897487621493
196773.411807,2672866.126422,0.0487447315374748,0.198827194429174,0.00109950522264981,0.0888766721641928,0.0958402052409749,0.566611691405534
197273.411807,2672866.126422,0.0501009359515507,0.194347586713158,0,0.0317489447605065,0.106808588731877,0.616993943842907
197773.411807,2672866.126422,0.066018705299835,0.181734824867046,0,0.134421419402164,0.164496607372089,0.453328443058867
198273.411807,2672866.126422,0.110866776617189,0.401685908008063,0,0.0397654388858347,0.268279274326553,0.17940260216236
198773.411807,2672866.126422,0.0526702147182969,0.594788034501743,0,0.0508350155991925,0.124059460451459,0.177647274729308
192773.411807,2672366.126422,0.13743119266055,0.430642201834862,0.0256880733944954,0.16954128440367,0.0148623853211009,0.221834862385321
193273.411807,2672366.126422,0.131902403228765,0.282333516785911,0,0.170794349660613,0.0431113557145478,0.371858374610163
193773.411807,2672366.126422,0.0732600732600733,0.21025641025641,0,0.351098901098901,0.047985347985348,0.317399267399267
194273.411807,2672366.126422,0.150275229357798,0.172844036697248,0,0.220917431192661,0.147706422018349,0.308256880733945
194773.411807,2672366.126422,0.0484314804623005,0.202164740414603,0.339387268391121,0.122546321775821,0.0383415886993212,0.249128600256834
195273.411807,2672366.126422,0.0371794871794872,0.593772893772894,0.00970695970695971,0.0375457875457875,0.0521978021978022,0.26959706959707
195773.411807,2672366.126422,0.0284403669724771,0.681284403669725,0.00055045871559633,0.0310091743119266,0.0115596330275229,0.247155963302752
196273.411807,2672366.126422,0.0148596587782058,0.864245092643552,0.000550357732526142,0.001284168042561,0.00532012474775271,0.113740598055403
196773.411807,2672366.126422,0.0734432234432234,0.538461538461538,0,0.0635531135531135,0.135531135531136,0.189010989010989
197273.411807,2672366.126422,0.0561467889908257,0.48697247706422,0,0.0636697247706422,0.190275229357798,0.202935779816514
197773.411807,2672366.126422,0.0530177949000183,0.284351495138507,0,0.168226013575491,0.121445606310769,0.372959090075216
198273.411807,2672366.126422,0.0952380952380952,0.241208791208791,0,0.0521978021978022,0.157326007326007,0.454029304029304
198773.411807,2672366.126422,0.115963302752294,0.438348623853211,0,0.0860550458715596,0.159816513761468,0.199816513761468
192773.411807,2671866.126422,0.00549450549450549,0.287179487179487,0.00128205128205128,0.466483516483516,0.0871794871794872,0.152380952380952
193273.411807,2671866.126422,0.0879120879120879,0.198901098901099,0,0.325457875457875,0.0838827838827839,0.303846153846154
193773.411807,2671866.126422,0.0374037403740374,0.153281994866153,0,0.355702236890356,0.104693802713605,0.348918225155849
194273.411807,2671866.126422,0.101648351648352,0.185531135531136,0.117582417582418,0.370879120879121,0.0228937728937729,0.201465201465201
194773.411807,2671866.126422,0.0139194139194139,0.428937728937729,0.0173992673992674,0.113369963369963,0.0236263736263736,0.402747252747253
195273.411807,2671866.126422,0.0555555555555556,0.828016134946828,0,0.0011001100110011,0.0168683535020169,0.0984598459845985
195773.411807,2671866.126422,0.00879120879120879,0.888827838827839,0,0,0.000915750915750916,0.101465201465201
196273.411807,2671866.126422,0.0347985347985348,0.838827838827839,0,0,0.00622710622710623,0.12014652014652
196773.411807,2671866.126422,0.0764576457645765,0.665566556655666,0,0.00476714338100477,0.0724239090575724,0.180784745141181
197273.411807,2671866.126422,0.058974358974359,0.676556776556777,0,0.0173992673992674,0.0985347985347985,0.148534798534799
197773.411807,2671866.126422,0.086996336996337,0.294871794871795,0,0.219047619047619,0.207326007326007,0.191758241758242
198273.411807,2671866.126422,0.0674734140080675,0.386321965529886,0,0.0924092409240924,0.155482214888155,0.298313164649798
198773.411807,2671866.126422,0.0293040293040293,0.691025641025641,0,0.0377289377289377,0.0796703296703297,0.162271062271062
192273.411807,2671366.126422,0.0047645226314825,0.156862745098039,0.000183250870441635,0.724390690855782,0.072200842954004,0.0415979475902511
192773.411807,2671366.126422,0.0912093962194898,0.230684529271426,0,0.424665076160763,0.0884565975408332,0.164984400807488
193273.411807,2671366.126422,0.0473134054648817,0.219695580414451,0,0.212910324591968,0.0311754997249221,0.488905189803778
193773.411807,2671366.126422,0.0841121495327103,0.241524647242074,0.0274876305662452,0.344694887300715,0.0328019058090526,0.269378779549203
194273.411807,2671366.126422,0.0427601394751331,0.273261148834649,0.0638649293448339,0.139475133051936,0.0411084602679391,0.439530189025509
194773.411807,2671366.126422,0.0414450761048964,0.695580414450761,0,0,0.0227397762699432,0.240234733174399
195273.411807,2671366.126422,0.0965732087227414,0.634964266080264,0,0.0053142752428074,0.117830309693971,0.145317940260216
195773.411807,2671366.126422,0.0600110111947146,0.698660304643054,0,0.00201871903101487,0.0535878142778491,0.185722150853368
196273.411807,2671366.126422,0.121584448927196,0.489271960388777,0,0.0113698881349716,0.196222262974509,0.181551439574546
196773.411807,2671366.126422,0.118380062305296,0.451896646509071,0,0.0218068535825545,0.138171156312992,0.269745281290086
197273.411807,2671366.126422,0.09543035419343,0.293081299320976,0,0.152688566709488,0.250321159845843,0.208478619930262
197773.411807,2671366.126422,0.057216211259857,0.0487804878048781,0,0.642765450210893,0.200623509994498,0.0506143407298735
198273.411807,2671366.126422,0.123144584936778,0.101887483965549,0,0.345427890782481,0.242440901594283,0.187099138720909
198773.411807,2671366.126422,0.130115617544504,0.358781427784915,0,0.115801064415489,0.195815746008442,0.199486144246651
191773.411807,2670866.126422,0.0875068794716566,0.275912676573106,0.000733810310034856,0.358649789029536,0.0465969546872134,0.230599889928453
192273.411807,2670866.126422,0.0617216117216117,0.273992673992674,0,0.136080586080586,0.109340659340659,0.418864468864469
192773.411807,2670866.126422,0.0535779816513761,0.112660550458716,0,0.680550458715596,0.103669724770642,0.0495412844036697
193273.411807,2670866.126422,0.087873784626674,0.246193359016694,0.0697119794533113,0.090442120711796,0.0410933773619519,0.464685378829573
193773.411807,2670866.126422,0.0212454212454212,0.211172161172161,0.171611721611722,0.302197802197802,0.0437728937728938,0.25
194273.411807,2670866.126422,0.0706422018348624,0.43394495412844,0.064954128440367,0.021651376146789,0.0921100917431193,0.316697247706422
194773.411807,2670866.126422,0.0649422124380847,0.707393138873601,0,0.00275178866263071,0.0528343423225096,0.172078517703174
195273.411807,2670866.126422,0.0291208791208791,0.750915750915751,0,0,0.00402930402930403,0.215934065934066
195773.411807,2670866.126422,0.154128440366972,0.401651376146789,0,0.0181651376146789,0.18605504587156,0.24
196273.411807,2670866.126422,0.0418271876719868,0.761328196661163,0,0,0.00366905155017428,0.193175564116676
196773.411807,2670866.126422,0.0580586080586081,0.699084249084249,0,0,0.0100732600732601,0.232783882783883
197273.411807,2670866.126422,0.0656880733944954,0.591192660550459,0,0.00128440366972477,0.0605504587155963,0.281284403669725
197773.411807,2670866.126422,0.0425609979820216,0.384700055035773,0,0.210603558980004,0.243625022931572,0.118510365070629
198273.411807,2670866.126422,0.141941391941392,0.26978021978022,0,0.11978021978022,0.242307692307692,0.226190476190476
198773.411807,2670866.126422,0.118715596330275,0.6,0,0.00440366972477064,0.066605504587156,0.210275229357798
191273.411807,2670366.126422,0.00805860805860806,0.326923076923077,0.148351648351648,0.180952380952381,0.021978021978022,0.313736263736264
191773.411807,2670366.126422,0.0168498168498168,0.298351648351648,0,0.634798534798535,0.0384615384615385,0.0115384615384615
192273.411807,2670366.126422,0.0704070407040704,0.188118811881188,0,0.397323065639897,0.162266226622662,0.181884855152182
192773.411807,2670366.126422,0.0943223443223443,0.25,0,0.156959706959707,0.0446886446886447,0.454029304029304
193273.411807,2670366.126422,0.0135531135531136,0.280952380952381,0.0489010989010989,0.446886446886447,0.00531135531135531,0.204395604395604
193773.411807,2670366.126422,0.0377704437110378,0.753208654198753,0.0022002200220022,0.0163182984965163,0.0298863219655299,0.160616061606161
194273.411807,2670366.126422,0.0886446886446886,0.556593406593407,0.000549450549450549,0.00695970695970696,0.0967032967032967,0.250549450549451
194773.411807,2670366.126422,0.0793040293040293,0.561904761904762,0,0.000183150183150183,0.0591575091575092,0.299450549450549
195273.411807,2670366.126422,0.148698203153649,0.412907957462413,0,0.000183351668500183,0.114228089475614,0.323982398239824
195773.411807,2670366.126422,0.108241758241758,0.517582417582418,0,0.0166666666666667,0.168681318681319,0.188827838827839
196273.411807,2670366.126422,0.05,0.798168498168498,0,0,0.0221611721611722,0.12967032967033
196773.411807,2670366.126422,0.0504217088375504,0.835716905023836,0,0,0.0157682434910158,0.0980931426475981
197273.411807,2670366.126422,0.126923076923077,0.628021978021978,0,0.0294871794871795,0.11043956043956,0.105128205128205
197773.411807,2670366.126422,0.124175824175824,0.59981684981685,0,0.00164835164835165,0.0996336996336996,0.174725274725275
198273.411807,2670366.126422,0.0245691235790246,0.766043270993766,0,0,0.0443711037770444,0.165016501650165
198773.411807,2670366.126422,0.0736263736263736,0.776739926739927,0,0,0.0197802197802198,0.12985347985348
190773.411807,2669866.126422,0.0153930731170973,0.193879420927249,0.249404434671065,0.445482866043614,0.0111783030969397,0.0846619021440352
191273.411807,2669866.126422,0.036520462470178,0.260781794824739,0.00220223894292531,0.539915580840521,0.0346852633510736,0.125894659570563
191773.411807,2669866.126422,0.0838070786722905,0.372638914359068,0.000183385292499542,0.298001100311755,0.0792224463598019,0.166147075004585
192273.411807,2669866.126422,0.0379329301814184,0.169140553417629,0.000183250870441635,0.623785962983324,0.10207073483599,0.0668865677111966
192773.411807,2669866.126422,0.0704716461736098,0.218205175261516,0.0943292347219673,0.331253440998348,0.0277115066984768,0.258028996146082
193273.411807,2669866.126422,0.0364936732074088,0.558774986246103,0.0407115349348982,0.0838070786722905,0.0271410232899321,0.253071703649367
193773.411807,2669866.126422,0.045629466739967,0.736851750045813,0,0.0175920835623969,0.0459959684808503,0.153930731170973
194273.411807,2669866.126422,0.0767113231785649,0.7592218755735,0,0,0.0247751881079097,0.139291613140026
194773.411807,2669866.126422,0.0673024023473317,0.715752796625711,0,0,0.0293416467999266,0.187603154227031
195273.411807,2669866.126422,0.149899212021257,0.264247755176837,0,0.0371999266996518,0.337548103353491,0.211105002748763
195773.411807,2669866.126422,0.129014498073041,0.555514773352909,0,0.00110111947146265,0.0908423563956689,0.223527252706919
196273.411807,2669866.126422,0.0764716669723088,0.795158628278012,0,0,0.0386942967174033,0.0896754080322758
196773.411807,2669866.126422,0.0560747663551402,0.845886017958585,0,0.00164925783397471,0.036100421477002,0.0602895363752978
197273.411807,2669866.126422,0.120572582125161,0.443017067351808,0,0.0181684712791338,0.209029179665994,0.209212699577904
197773.411807,2669866.126422,0.105263157894737,0.552356501008619,0,0.111314872547222,0.12800293416468,0.103062534384742
198273.411807,2669866.126422,0.0903426791277259,0.175737584753528,0,0.356606193879421,0.179219351291919,0.198094190947407
198773.411807,2669866.126422,0.129014498073041,0.532391264452193,0,0.00330335841438796,0.0968985134887135,0.238392365571665
190273.411807,2669366.126422,0,0,0.41368556228215,0.58631443771785,0,0
190773.411807,2669366.126422,0.0642857142857143,0.145238095238095,0.171794871794872,0.475641025641026,0.0113553113553114,0.131684981684982
191273.411807,2669366.126422,0.0706422018348624,0.243302752293578,0,0.393211009174312,0.0403669724770642,0.252477064220184
191773.411807,2669366.126422,0.0214639515685195,0.182168409466153,0,0.467437167492203,0.0427444505595304,0.286186020913594
192273.411807,2669366.126422,0.023992673992674,0.156593406593407,0,0.616300366300366,0.138827838827839,0.0642857142857143
192773.411807,2669366.126422,0.0836697247706422,0.191192660550459,0.205688073394495,0.285504587155963,0.0211009174311927,0.212844036697248
193273.411807,2669366.126422,0.0152265639332233,0.817648137956338,0.0148596587782058,0.0423775454045129,0.0137589433131535,0.0961291506145661
193773.411807,2669366.126422,0.0750915750915751,0.712087912087912,0.00457875457875458,0.0141025641025641,0.0276556776556777,0.166483516483516
194273.411807,2669366.126422,0.0471559633027523,0.821834862385321,0.00036697247706422,0,0.00201834862385321,0.128623853211009
194773.411807,2669366.126422,0.193175564116676,0.456796917996698,0,0.00110071546505228,0.0803522289488167,0.268574573472757
195273.411807,2669366.126422,0.0771062271062271,0.582783882783883,0,0.0144688644688645,0.172344322344322,0.153296703296703
195773.411807,2669366.126422,0.0667889908256881,0.696880733944954,0,0,0.0262385321100917,0.210091743119266
196273.411807,2669366.126422,0.146028251696936,0.492753623188406,0,0.0236653824986241,0.195010089891763,0.142542652724271
196773.411807,2669366.126422,0.0712454212454212,0.747619047619048,0,0.017032967032967,0.0217948717948718,0.142307692307692
197273.411807,2669366.126422,0.101467889908257,0.67302752293578,0,0.00422018348623853,0.055045871559633,0.166238532110092
197773.411807,2669366.126422,0.141992294991745,0.529077233535131,0,0.0317372959090075,0.104384516602458,0.192808658961658
198273.411807,2669366.126422,0.152564102564103,0.478754578754579,0,0.0313186813186813,0.15,0.187362637362637
198773.411807,2669366.126422,0.0943119266055046,0.603119266055046,0,0.00146788990825688,0.0585321100917431,0.24256880733945
