"x","y","forest","agri","water","built","other","grass"
244773.411807,2751866.126422,0.413936557462299,0.078523140925637,0.078783151326053,0.220748829953198,0.0332813312532501,0.174726989079563
245273.411807,2751866.126422,0.24960917144346,0.068264721208963,0,0.139395518499218,0.0935383011985409,0.449192287649818
245773.411807,2751866.126422,0.263404476834982,0.0749609578344612,0,0.0931806350858928,0.166840187402395,0.40161374284227
246273.411807,2751866.126422,0.696827873114925,0.00728029121164847,0,0.0174206968278731,0.0400416016640666,0.238429537181487
246773.411807,2751866.126422,0.783480979676915,0,0,0,0.00156331422615946,0.214955706096925
247273.411807,2751866.126422,0.746746486205102,0.0176991150442478,0,0.0192608016657991,0.0504945340968246,0.165799062988027
247773.411807,2751866.126422,0.640925637025481,0.00442017680707228,0.000520020800832033,0.0093603744149766,0.0457618304732189,0.299011960478419
248273.411807,2751866.126422,0.66284523189161,0.0054715997915581,0,0.0575820739968734,0.0792079207920792,0.194893173527879
248773.411807,2751866.126422,0.231129619989589,0.0249869859448204,0,0.329255596043727,0.13846954711088,0.276158250910984
249273.411807,2751866.126422,0.154186167446698,0.047581903276131,0,0.359594383775351,0.0923036921476859,0.346333853354134
249773.411807,2751866.126422,0.0156167284277395,0.0174695606140815,0,0.824775013234516,0.117257808364214,0.0248808893594494
244273.411807,2751366.126422,0.0701465201465201,0.00183150183150183,0.422527472527473,0.42967032967033,0.0146520146520147,0.0611721611721612
244773.411807,2751366.126422,0.404290429042904,0.103777044371104,0.118628529519619,0.0390539053905391,0.0658232489915658,0.268426842684268
245273.411807,2751366.126422,0.0771062271062271,0.349450549450549,0,0.130769230769231,0.137728937728938,0.304945054945055
245773.411807,2751366.126422,0.0340659340659341,0.639377289377289,0,0.0326007326007326,0.0761904761904762,0.217765567765568
246273.411807,2751366.126422,0.03997066373304,0.583241657499083,0,0.0482214888155482,0.0850751741840851,0.243491015768244
246773.411807,2751366.126422,0.231135531135531,0.251831501831502,0,0.0256410256410256,0.114835164835165,0.376556776556777
247273.411807,2751366.126422,0.675824175824176,0.00384615384615385,0,0,0.00201465201465201,0.318315018315018
247773.411807,2751366.126422,0.592592592592593,0.00476714338100477,0,0.0375870920425376,0.0907590759075908,0.274294096076274
248273.411807,2751366.126422,0.514835164835165,0.00421245421245421,0,0.158058608058608,0.163186813186813,0.15970695970696
248773.411807,2751366.126422,0.271062271062271,0.0139194139194139,0,0.202930402930403,0.196703296703297,0.315384615384615
249273.411807,2751366.126422,0.0225522552255226,0.0249358269160249,0,0.687018701870187,0.158415841584158,0.107077374404107
249773.411807,2751366.126422,0.0266765468692108,0.020192663949611,0,0.810855872545387,0.117265653945906,0.0250092626898851
243773.411807,2750866.126422,0,0.0012846393833731,0.716461736098367,0.239126445219306,0.0297302257294917,0.0133969535694623
244273.411807,2750866.126422,0.319273794241702,0.0632679259123418,0.242435356684394,0.079589216944801,0.0544654318723638,0.240968274344398
244773.411807,2750866.126422,0.212387758841855,0.255085211654755,0.0670698185816383,0.0910756826094924,0.125710097122961,0.248671431189298
245273.411807,2750866.126422,0.109194347586713,0.470545054138374,0,0.115801064415489,0.0623967700495504,0.242062763809873
245773.411807,2750866.126422,0.0529983495323675,0.514395745461214,0,0.0344764349899138,0.0698697964423253,0.328259673574179
246273.411807,2750866.126422,0.087777166941543,0.487813817115631,0,0.0197910940076965,0.0676195711929632,0.336998350742166
246773.411807,2750866.126422,0.0879060378051019,0.315837768397871,0,0.0946962745457882,0.142962011378235,0.358597907873004
247273.411807,2750866.126422,0.135338345864662,0.256556024206859,0,0.0124701998899688,0.0539152759948652,0.541720154043646
247773.411807,2750866.126422,0.479017775334433,0.0339014110317024,0,0.0188748396554884,0.0606560381161811,0.407549935862195
248273.411807,2750866.126422,0.39420077078363,0.0214718296935217,0.000183519911910442,0.2864745824922,0.112314186089191,0.185355111029547
248773.411807,2750866.126422,0.173482486704566,0.0201723821749496,0,0.363286264441592,0.286631212176783,0.156427654502109
249273.411807,2750866.126422,0.129558365402236,0.0769653655854865,0,0.463624702217336,0.16034451163643,0.169507055158512
249773.411807,2750866.126422,0.0855446279458155,0.0419372796437187,0.0265355353497866,0.454258675078864,0.241974392280572,0.149749489701243
243273.411807,2750366.126422,0,0.00860805860805861,0.740476190476191,0.236080586080586,0.00934065934065934,0.00549450549450549
243773.411807,2750366.126422,0.191743119266055,0.0776146788990826,0.160366972477064,0.103669724770642,0.17045871559633,0.296146788990826
244273.411807,2750366.126422,0.142359200146762,0.104934874334984,0.351311685929187,0.0680609062557329,0.122913226930838,0.210420106402495
244773.411807,2750366.126422,0.144688644688645,0.215567765567766,0.104395604395604,0.130952380952381,0.144322344322344,0.26007326007326
245273.411807,2750366.126422,0.115412844036697,0.219082568807339,0.0284403669724771,0.124036697247706,0.169908256880734,0.343119266055046
245773.411807,2750366.126422,0.0566868464501926,0.367822417904972,0,0.166024582645386,0.122913226930838,0.286552926068611
246273.411807,2750366.126422,0.0752747252747253,0.266117216117216,0,0.275641025641026,0.15989010989011,0.223076923076923
246773.411807,2750366.126422,0.0889908256880734,0.325871559633027,0,0.0346788990825688,0.0785321100917431,0.471926605504587
247273.411807,2750366.126422,0.0544854155200881,0.469638598422308,0,0.121995964043295,0.125665015593469,0.22821500642084
247773.411807,2750366.126422,0.0772893772893773,0.397985347985348,0,0.0767399267399267,0.118131868131868,0.32985347985348
248273.411807,2750366.126422,0.305321100917431,0.341651376146789,0,0.0231192660550459,0.0611009174311927,0.268807339449541
248773.411807,2750366.126422,0.243808475509081,0.00605393505778756,0,0.124564300128417,0.158503026967529,0.467070262337186
249273.411807,2750366.126422,0.3996336996337,0.032051282051282,0,0.0637362637362637,0.142673992673993,0.361904761904762
249773.411807,2750366.126422,0.428571428571429,0.146011131725417,0.109461966604824,0.00296846011131725,0.024860853432282,0.288126159554731
243273.411807,2749866.126422,0,0.00165016501650165,0.152181884855152,0.805463879721306,0.0238357169050238,0.0168683535020169
243773.411807,2749866.126422,0.0124542124542125,0.0305860805860806,0.700549450549451,0.160989010989011,0.058974358974359,0.0364468864468864
244273.411807,2749866.126422,0.143589743589744,0.0331501831501832,0.319230769230769,0.0782051282051282,0.0727106227106227,0.353113553113553
244773.411807,2749866.126422,0.143014301430143,0.141364136413641,0.0511551155115512,0.101210121012101,0.138797213054639,0.424459112577924
245273.411807,2749866.126422,0.0536630036630037,0.298534798534799,0.106593406593407,0.139377289377289,0.052014652014652,0.34981684981685
245773.411807,2749866.126422,0.0501831501831502,0.238461538461538,0.0346153846153846,0.0267399267399267,0.0686813186813187,0.581318681318681
246273.411807,2749866.126422,0.085991932526586,0.0605060506050605,0.0445544554455446,0.315731573157316,0.117161716171617,0.376054272093876
246773.411807,2749866.126422,0.0487179487179487,0.201648351648352,0.0798534798534798,0.0382783882783883,0.0611721611721612,0.57032967032967
247273.411807,2749866.126422,0.0598901098901099,0.21996336996337,0.0377289377289377,0.0133699633699634,0.0353479853479853,0.633699633699634
247773.411807,2749866.126422,0.0775577557755776,0.258525852585259,0.0172350568390172,0.0242024202420242,0.0682068206820682,0.554272093876054
248273.411807,2749866.126422,0.101098901098901,0.185164835164835,0.0305860805860806,0.00494505494505494,0.0234432234432234,0.654761904761905
248773.411807,2749866.126422,0.182967032967033,0.0813186813186813,0.0021978021978022,0.0406593406593407,0.0877289377289377,0.605128205128205
249273.411807,2749866.126422,0.123395672900623,0.266043270993766,0.0111844517785112,0.0658232489915658,0.17950128346168,0.354052071873854
249773.411807,2749866.126422,0.123193775472397,0.441830307521304,0,0.0878103001111523,0.12078547610226,0.226380140792886
241273.411807,2749366.126422,0,0.00275077938749312,0.564643315606088,0.430221896203924,0.00165046763249587,0.000733541169998166
242273.411807,2749366.126422,0.00807487612405946,0.0326665443200587,0.204074142044412,0.53514406313085,0.04147550009176,0.17856487428886
243773.411807,2749366.126422,0.0598274912828042,0.0491833363919985,0.520462470178014,0.0978161130482657,0.0616626904019086,0.211047898697009
244273.411807,2749366.126422,0.114249037227214,0.249770768384376,0.0133871263524665,0.0891252521547772,0.148358701632129,0.385109114249037
244773.411807,2749366.126422,0.155396738134506,0.271577789994502,0,0.125893347993403,0.174821330401319,0.272310793476269
245273.411807,2749366.126422,0.0873554780693705,0.476601211231419,0,0.0300972655533125,0.0657001284639383,0.34024591668196
245773.411807,2749366.126422,0.130020172382175,0.135705116449661,0.111131487254722,0.143040528149642,0.115716119567211,0.364386576196589
246273.411807,2749366.126422,0.0826461425691772,0.394172622319956,0.0967564595931831,0.0100787978742899,0.0276708814366868,0.388675096206707
246773.411807,2749366.126422,0.0501009359515507,0.636080014681593,0,0.0249587080198202,0.0385391815011929,0.250321159845843
247273.411807,2749366.126422,0.0788556757748029,0.440491472583899,0,0.0588666788923528,0.111681643132221,0.310104529616725
247773.411807,2749366.126422,0.122594832325454,0.480300531427524,0,0.0240058640278541,0.0830126443100605,0.290086127909108
248273.411807,2749366.126422,0.097082033400624,0.297302257294916,0,0.0655166085520279,0.136538814461369,0.403560286291063
248773.411807,2749366.126422,0.0548322024573629,0.502659086741243,0,0.0773885934348065,0.0779387493123052,0.287181368054282
249273.411807,2749366.126422,0.108484515301448,0.353674179952355,0,0.0971229613340663,0.183617372182518,0.257100971229613
249773.411807,2749366.126422,0.0573390239376508,0.211542030061236,0.016886249768046,0.108368899610317,0.140100204119503,0.465763592503247
242773.411807,2748866.126422,0.137039075399009,0.0165107319757843,0.0409099247844432,0.469638598422308,0.195010089891763,0.140891579526692
243773.411807,2748866.126422,0.0645871559633028,0.0493577981651376,0.31045871559633,0.32348623853211,0.041651376146789,0.21045871559633
244273.411807,2748866.126422,0.0902586681342873,0.0495321959273528,0.190240322876536,0.118877270225647,0.0908090258668134,0.460282516969363
244773.411807,2748866.126422,0.0664835164835165,0.297435897435897,0.0208791208791209,0.0961538461538462,0.126007326007326,0.393040293040293
245273.411807,2748866.126422,0.0752293577981651,0.379816513761468,0,0.0440366972477064,0.0759633027522936,0.424954128440367
245773.411807,2748866.126422,0.0607228031553843,0.31388736011741,0,0.0719134103834159,0.106769400110072,0.446707026233719
246273.411807,2748866.126422,0.0846153846153846,0.536630036630037,0,0.0186813186813187,0.0575091575091575,0.302564102564103
246773.411807,2748866.126422,0.134495412844037,0.381651376146789,0,0.0532110091743119,0.0884403669724771,0.342201834862385
247273.411807,2748866.126422,0.0897083104017612,0.49220326545588,0.000183452577508714,0.0473307649972482,0.086589616584113,0.283984589983489
247773.411807,2748866.126422,0.0774725274725275,0.422161172161172,0,0.0716117216117216,0.152380952380952,0.276373626373626
248273.411807,2748866.126422,0.108807339449541,0.265137614678899,0,0.0902752293577982,0.187155963302752,0.348623853211009
248773.411807,2748866.126422,0.0684278114107503,0.342689414786278,0,0.104384516602458,0.136672170243992,0.347826086956522
249273.411807,2748866.126422,0.116849816849817,0.307142857142857,0,0.107692307692308,0.129304029304029,0.339010989010989
249773.411807,2748866.126422,0.125602968460111,0.0883116883116883,0,0.125231910946197,0.148794063079777,0.512059369202226
242273.411807,2748366.126422,0.454029304029304,0.0234432234432234,0,0.1,0.093956043956044,0.328571428571429
242773.411807,2748366.126422,0.0716117216117216,0.0331501831501832,0.000366300366300366,0.545054945054945,0.197619047619048,0.152197802197802
243273.411807,2748366.126422,0.0425375870920425,0.0232856618995233,0.000733406674000733,0.466079941327466,0.222038870553722,0.245324532453245
243773.411807,2748366.126422,0.0816849816849817,0.0965201465201465,0.276739926739927,0.186813186813187,0.0791208791208791,0.279120879120879
244273.411807,2748366.126422,0.0681318681318681,0.0450549450549451,0.291758241758242,0.262271062271062,0.105311355311355,0.227472527472527
244773.411807,2748366.126422,0.0760909424275761,0.164833149981665,0.0210854418775211,0.169233590025669,0.138247158049138,0.43050971763843
245273.411807,2748366.126422,0.131868131868132,0.261538461538462,0,0.15018315018315,0.15970695970696,0.296703296703297
245773.411807,2748366.126422,0.0772893772893773,0.264652014652015,0,0.166117216117216,0.159157509157509,0.332783882783883
246273.411807,2748366.126422,0.0973597359735974,0.232306563989732,0,0.22955628896223,0.162632929959663,0.278144481114778
246773.411807,2748366.126422,0.103113553113553,0.251098901098901,0.000549450549450549,0.224908424908425,0.155494505494505,0.264835164835165
247273.411807,2748366.126422,0.0571428571428571,0.45,0,0.1503663003663,0.110622710622711,0.231868131868132
247773.411807,2748366.126422,0.0991932526585992,0.28951228456179,0,0.11037770443711,0.134213421342134,0.366703337000367
248273.411807,2748366.126422,0.0701465201465201,0.38040293040293,0,0.110805860805861,0.129487179487179,0.309157509157509
248773.411807,2748366.126422,0.0736263736263736,0.312087912087912,0,0.16978021978022,0.233150183150183,0.211355311355311
249273.411807,2748366.126422,0.104693802713605,0.0625229189585625,0.00146681334800147,0.256875687568757,0.286395306197286,0.288045471213788
249773.411807,2748366.126422,0.0863282697295294,0.0177843645794739,0,0.532975175991108,0.247684327528714,0.115227862171175
241773.411807,2747866.126422,0.197177936595199,0.021073850100788,0.0863111599780099,0.289536375297783,0.0623052959501558,0.343595382078065
242273.411807,2747866.126422,0.163332721600294,0.418792438979629,0,0.0122958340979996,0.0429436593870435,0.362635345935034
242773.411807,2747866.126422,0.066385475884834,0.315789473684211,0.000366770584999083,0.287364753346782,0.125252154777187,0.204841371721988
243273.411807,2747866.126422,0.045629466739967,0.0879604178119846,0,0.525929998167491,0.134689389774601,0.205790727505956
243773.411807,2747866.126422,0.114516425032116,0.108643787850982,0.000183519911910442,0.318407047164617,0.188658469443935,0.26959075059644
244273.411807,2747866.126422,0.11204841371722,0.157711351549606,0.0181551439574546,0.322024573629195,0.150742710434623,0.239317806711902
244773.411807,2747866.126422,0.0905259299981675,0.141836173721825,0.428074033351658,0.0362836723474437,0.00366501740883269,0.299615173172073
245273.411807,2747866.126422,0.0141310332171041,0.11635162415122,0.350523031748945,0.0361534226463571,0.009543035419343,0.473297852817031
245773.411807,2747866.126422,0.0467632495873831,0.369154593801577,0,0.00825233816247937,0.024390243902439,0.551439574546121
246273.411807,2747866.126422,0.0335349092908191,0.606193879420927,0.00183250870441635,0.00458127176104087,0.0161260765988638,0.337731354223933
246773.411807,2747866.126422,0.0836850798311617,0.472196733345568,0,0.00403743806202973,0.0570746926041475,0.383006056157093
247273.411807,2747866.126422,0.0517146524848707,0.432789290298918,0.000183385292499542,0.037593984962406,0.155327342747112,0.322391344214194
247773.411807,2747866.126422,0.0692688290269379,0.492028587135789,0,0.0159428257284222,0.0833791460509437,0.339380612057907
248273.411807,2747866.126422,0.0664342081115801,0.35290879060378,0,0.180767113231786,0.14094329234722,0.258946595705634
248773.411807,2747866.126422,0.0641848523748395,0.324591967724189,0.000183385292499542,0.149825783972125,0.178250504309554,0.282963506326793
249273.411807,2747866.126422,0.098772219168041,0.432655305112699,0,0.0399486897562763,0.0914421843503757,0.337181601612608
249773.411807,2747866.126422,0.0543700129894229,0.0441640378548896,0,0.58007051401002,0.160697717572834,0.160697717572834
241773.411807,2747366.126422,0.194505494505495,0.301648351648352,0,0.151831501831502,0.0968864468864469,0.255128205128205
242273.411807,2747366.126422,0.0491743119266055,0.462752293577982,0,0.00458715596330275,0.0207339449541284,0.462752293577982
242773.411807,2747366.126422,0.0607228031553843,0.0581544670702623,0,0.412951751972115,0.222894881673088,0.245276096129151
243273.411807,2747366.126422,0.113369963369963,0.26025641025641,0,0.0203296703296703,0.0474358974358974,0.558608058608059
243773.411807,2747366.126422,0.112477064220183,0.275045871559633,0,0.0388990825688073,0.0644036697247706,0.509174311926605
244273.411807,2747366.126422,0.140891579526692,0.123647037240873,0,0.206751054852321,0.103650706292423,0.42505962208769
244773.411807,2747366.126422,0.100549450549451,0.125824175824176,0,0.235531135531136,0.203296703296703,0.334798534798535
245273.411807,2747366.126422,0.0409174311926606,0.200183486238532,0.182018348623853,0.125871559633028,0.0801834862385321,0.370825688073394
245773.411807,2747366.126422,0.00697119794533113,0.0577875619152449,0.15263254448725,0.00220143093010457,0.00275178866263071,0.777655476059439
246273.411807,2747366.126422,0.0195970695970696,0.305677655677656,0,0.0117216117216117,0.0164835164835165,0.646520146520147
246773.411807,2747366.126422,0.0886238532110092,0.581284403669725,0,0.021651376146789,0.0506422018348624,0.257798165137615
247273.411807,2747366.126422,0.06989543203082,0.420289855072464,0.00935608145294441,0.0990643918547056,0.12548156301596,0.275912676573106
247773.411807,2747366.126422,0.0518315018315018,0.391391941391941,0,0.0223443223443223,0.0668498168498168,0.467582417582418
248273.411807,2747366.126422,0.0867889908256881,0.333761467889908,0.00018348623853211,0.181100917431193,0.169357798165138,0.228807339449541
248773.411807,2747366.126422,0.0583379196477711,0.369840396257567,0,0.12272977435333,0.128049899101082,0.32104201064025
249273.411807,2747366.126422,0.0754578754578755,0.177289377289377,0.000366300366300366,0.0919413919413919,0.210805860805861,0.444139194139194
249773.411807,2747366.126422,0.0376623376623377,0.148423005565863,0.000927643784786642,0.265491651205937,0.234879406307978,0.312615955473098
241273.411807,2746866.126422,0.185897435897436,0.258974358974359,0.00256410256410256,0.235164835164835,0.0615384615384615,0.255860805860806
241773.411807,2746866.126422,0.125229189585625,0.387972130546388,0.00403373670700403,0.0243857719105244,0.0577557755775578,0.400623395672901
242273.411807,2746866.126422,0.0556776556776557,0.346520146520147,0,0.0247252747252747,0.0657509157509158,0.507326007326007
242773.411807,2746866.126422,0.0840659340659341,0.191391941391941,0,0.244688644688645,0.171794871794872,0.308058608058608
243273.411807,2746866.126422,0.139163916391639,0.0513384671800513,0,0.000733406674000733,0.00788412174550788,0.800880088008801
243773.411807,2746866.126422,0.115384615384615,0.00238095238095238,0,0.148717948717949,0.0741758241758242,0.659340659340659
244273.411807,2746866.126422,0.13040293040293,0.0010989010989011,0,0.0523809523809524,0.0509157509157509,0.765201465201465
244773.411807,2746866.126422,0.0449211587825449,0.0418041804180418,0,0.139347268060139,0.0788412174550788,0.695086175284195
245273.411807,2746866.126422,0.0184981684981685,0.111172161172161,0,0.276739926739927,0.0970695970695971,0.496520146520147
245773.411807,2746866.126422,0.106410256410256,0.26996336996337,0.0261904761904762,0.156593406593407,0.125091575091575,0.315750915750916
246273.411807,2746866.126422,0.135863586358636,0.14026402640264,0.0515218188485515,0.0738907224055739,0.0936927026035937,0.504767143381005
246773.411807,2746866.126422,0.0415750915750916,0.163736263736264,0.0948717948717949,0.017032967032967,0.0241758241758242,0.658608058608059
247273.411807,2746866.126422,0.058974358974359,0.388644688644689,0.0373626373626374,0.00457875457875458,0.0161172161172161,0.494322344322344
247773.411807,2746866.126422,0.0572057205720572,0.56967363403007,0,0.0124679134580125,0.0386872020535387,0.321965529886322
248273.411807,2746866.126422,0.0701465201465201,0.446520146520147,0,0.0412087912087912,0.0815018315018315,0.360622710622711
248773.411807,2746866.126422,0.0543956043956044,0.41996336996337,0.00256410256410256,0.0131868131868132,0.0600732600732601,0.44981684981685
249273.411807,2746866.126422,0.0836083608360836,0.404840484048405,0,0.0232856618995233,0.0544554455445545,0.433810047671434
249773.411807,2746866.126422,0.0459429418303075,0.181733975546499,0.000185253797702853,0.492404594294183,0.109670248240089,0.170062986291219
241273.411807,2746366.126422,0.0706033376123235,0.447460113698881,0,0.109847790207225,0.0548322024573629,0.317256556024207
241773.411807,2746366.126422,0.132123877588419,0.404434671064688,0.00183250870441635,0.0619387942092725,0.0573575224482316,0.342312625984973
242273.411807,2746366.126422,0.127913378601578,0.300055055973573,0,0.0238575885483575,0.0838685997430721,0.464305377133419
242773.411807,2746366.126422,0.0790390610673024,0.201907207041995,0,0.203741059966991,0.146158078122135,0.369154593801577
243273.411807,2746366.126422,0.292285138354407,0.0225398570643211,0,0.0514934945940993,0.0936411947956753,0.540040315191497
243773.411807,2746366.126422,0.0211047898697009,0,0,0.198935584510919,0.489998164800881,0.289961460818499
244273.411807,2746366.126422,0.0097194205024757,0.00293416467999266,0.00110031175499725,0.149092242802127,0.0605171465248487,0.776636713735558
244773.411807,2746366.126422,0.0159428257284222,0.0111783030969397,0,0.21641927799157,0.0866776617188932,0.669781931464174
245273.411807,2746366.126422,0.0548724536612222,0.129198017984951,0,0.276197467425216,0.165167920719398,0.374564140209213
245773.411807,2746366.126422,0.0959105079772602,0.275444709334311,0,0.321657803044196,0.113515496057216,0.193471483587016
246273.411807,2746366.126422,0.144218435037566,0.167308044713212,0.000366501740883269,0.197177936595199,0.17372182517867,0.317207256734469
246773.411807,2746366.126422,0.0640484492567444,0.0633143696091026,0,0.534409983483208,0.128280418425399,0.209946779225546
247273.411807,2746366.126422,0.0691362552723272,0.0289748762149276,0.0150375939849624,0.592701265358518,0.12800293416468,0.166147075004585
247773.411807,2746366.126422,0.0645043063954554,0.0883269195528679,0.0300531427524281,0.373831775700935,0.104819497892615,0.338464357705699
248273.411807,2746366.126422,0.0851532391264452,0.104239309965131,0.0205542301339695,0.0524866948063865,0.0456964580657001,0.691870067902367
248773.411807,2746366.126422,0.0454795525398863,0.165596919127086,0.0702365670273244,0.00476801760498808,0.00348432055749129,0.710434623143224
249273.411807,2746366.126422,0.0335349092908191,0.0639545537841305,0.0434304562946674,0.0258383727322705,0.028587135788895,0.804654572109218
249773.411807,2746366.126422,0.0964928558174058,0.0554833920950083,0.0126182965299685,0.284468361477083,0.136388940434218,0.414548153646317
240773.411807,2745866.126422,0.0691743119266055,0.330642201834862,0.00128440366972477,0.268807339449541,0.0827522935779817,0.247339449541284
241273.411807,2745866.126422,0.0654925701706109,0.35809943129701,0,0.096862960924601,0.107686662997615,0.371858374610163
241773.411807,2745866.126422,0.0745421245421245,0.35,0.0157509157509158,0.113186813186813,0.109340659340659,0.337179487179487
242273.411807,2745866.126422,0.0660550458715596,0.249908256880734,0.00256880733944954,0.135963302752294,0.187889908256881,0.357614678899083
242773.411807,2745866.126422,0.0632911392405063,0.173913043478261,0.000183452577508714,0.217574756925335,0.17116125481563,0.373876352962759
243273.411807,2745866.126422,0.126739926739927,0.0338827838827839,0,0.263736263736264,0.0743589743589744,0.501282051282051
243773.411807,2745866.126422,0.0172477064220183,0.0036697247706422,0,0.242201834862385,0.0902752293577982,0.646605504587156
244273.411807,2745866.126422,0.015410016510732,0.0152265639332233,0.00568702990277013,0.244175380664098,0.0986974866996881,0.620803522289488
244773.411807,2745866.126422,0.0269230769230769,0.0135531135531136,0,0.518498168498169,0.194139194139194,0.246886446886447
245273.411807,2745866.126422,0.174311926605505,0.0471559633027523,0,0.278348623853211,0.188440366972477,0.311743119266055
245773.411807,2745866.126422,0.100898917629793,0.17831590533847,0.000550357732526142,0.336085121995964,0.15263254448725,0.231517152815997
246273.411807,2745866.126422,0.0987179487179487,0.0424908424908425,0,0.484615384615385,0.251648351648352,0.122527472527473
246773.411807,2745866.126422,0.114862385321101,0.048256880733945,0.00110091743119266,0.545504587155963,0.120550458715596,0.169724770642202
247273.411807,2745866.126422,0.0620069711979453,0.015410016510732,0.000550357732526142,0.747752705925518,0.133736929003853,0.0405430196294258
247773.411807,2745866.126422,0.0315018315018315,0.032967032967033,0,0.697619047619048,0.0902930402930403,0.147619047619048
248273.411807,2745866.126422,0.0574311926605505,0.258165137614679,0.00036697247706422,0.190275229357798,0.120733944954128,0.37302752293578
248773.411807,2745866.126422,0.112456430012842,0.138690148596588,0,0.128600256833609,0.119977985690699,0.500275178866263
249273.411807,2745866.126422,0.141941391941392,0.0384615384615385,0,0.222161172161172,0.153113553113553,0.444322344322344
249773.411807,2745866.126422,0.109461966604824,0.0532467532467532,0.00927643784786642,0.202968460111317,0.13191094619666,0.493135435992579
240273.411807,2745366.126422,0,0,0,1,0,0
240773.411807,2745366.126422,0.130952380952381,0.234615384615385,0.0161172161172161,0.0970695970695971,0.0578754578754579,0.463369963369963
241273.411807,2745366.126422,0.0642857142857143,0.513186813186813,0,0.0274725274725275,0.0380952380952381,0.356959706959707
241773.411807,2745366.126422,0.0870920425375871,0.294096076274294,0.0099009900990099,0.152181884855152,0.126696002933627,0.33003300330033
242273.411807,2745366.126422,0.0624542124542125,0.216117216117216,0.00201465201465201,0.288278388278388,0.153113553113553,0.278021978021978
242773.411807,2745366.126422,0.0868131868131868,0.0782051282051282,0,0.25952380952381,0.19010989010989,0.385347985347985
243273.411807,2745366.126422,0.00421708837550422,0.0245691235790246,0,0.0951595159515952,0.0322698936560323,0.843784378437844
243773.411807,2745366.126422,0.0166666666666667,0.00622710622710623,0,0.212271062271062,0.113003663003663,0.651831501831502
244273.411807,2745366.126422,0.113553113553114,0.052014652014652,0,0.0932234432234432,0.154945054945055,0.586263736263736
244773.411807,2745366.126422,0.222588925559223,0.0232856618995233,0,0.0425375870920425,0.117161716171617,0.594426109277594
245273.411807,2745366.126422,0.166483516483516,0.0375457875457875,0,0.142124542124542,0.167399267399267,0.486446886446886
245773.411807,2745366.126422,0.0637362637362637,0.00750915750915751,0,0.760989010989011,0.0844322344322344,0.0833333333333333
246273.411807,2745366.126422,0.0286028602860286,0.0207187385405207,0.000733406674000733,0.805830583058306,0.124679134580125,0.0194352768610194
246773.411807,2745366.126422,0.0527472527472527,0.0205128205128205,0,0.731684981684982,0.160622710622711,0.0344322344322344
247273.411807,2745366.126422,0.0391941391941392,0.0108058608058608,0.000732600732600733,0.835531135531136,0.0882783882783883,0.0254578754578755
247773.411807,2745366.126422,0.041987532086542,0.0122845617895123,0.00605060506050605,0.825082508250825,0.0991932526585992,0.0154015401540154
248273.411807,2745366.126422,0.0921245421245421,0.0382783882783883,0.000183150183150183,0.437545787545788,0.14029304029304,0.291575091575092
248773.411807,2745366.126422,0.0873626373626374,0.0664835164835165,0.00274725274725275,0.307509157509158,0.165018315018315,0.370879120879121
249273.411807,2745366.126422,0.0557389072240557,0.0588558855885589,0.00055005500550055,0.523469013568023,0.146497983131646,0.214888155482215
249773.411807,2745366.126422,0.0879955539088551,0.256576509818451,0,0.0663208595776213,0.081882178584661,0.507224898110411
240273.411807,2744866.126422,0,0,0,1,0,0
240773.411807,2744866.126422,0.132501376399339,0.0337676637915214,0.305377133418976,0.257845476234171,0.046063497889521,0.224444852266471
241273.411807,2744866.126422,0.161929213277095,0.0513478818998716,0.166330460297084,0.157527966257106,0.0416284613973959,0.421236016871447
241773.411807,2744866.126422,0.0678028220634048,0.129558365402236,0.0443467106468756,0.302913688840022,0.137071651090343,0.318306761957119
242273.411807,2744866.126422,0.0295467058175812,0.231602128830978,0.000367039823820885,0.160029363185906,0.126995779042026,0.451458983299688
242773.411807,2744866.126422,0.0053181734824867,0.0115532734274711,0,0.141206675224647,0.163212910324592,0.678708967540803
243273.411807,2744866.126422,0.0146600696353308,0.00714678394722375,0,0.174454828660436,0.0738501007879787,0.729888216969031
243773.411807,2744866.126422,0.0545054138374014,0.301706735180767,0,0.0196366305744173,0.0579922921636998,0.566158928243714
244273.411807,2744866.126422,0.163212910324592,0.0797726022373006,0,0.0594168347698515,0.0931597285897671,0.604437924078489
244773.411807,2744866.126422,0.0874106652006597,0.253985706432106,0,0.0322521531977277,0.0613890415979476,0.56496243357156
245273.411807,2744866.126422,0.0445953385942375,0.214351257111397,0.000367039823820885,0.437327950082584,0.105890989172325,0.197467425215636
245773.411807,2744866.126422,0.0205391527599487,0.00861910874747845,0.00110031175499725,0.880616174582799,0.0742710434623143,0.0148542086924629
246273.411807,2744866.126422,0.00586402785413231,0.00293201392706615,0,0.945757742349276,0.0439802089059923,0.00146600696353308
246773.411807,2744866.126422,0.138924573316205,0.0154156726004772,0.000734079647641769,0.56450724903652,0.209946779225546,0.0704716461736098
247273.411807,2744866.126422,0.0711534934898221,0.0179717586649551,0.000550155877498625,0.769301302035577,0.105446543187236,0.0355767467449111
247773.411807,2744866.126422,0.081729888216969,0.0141103170240059,0.000733003481766538,0.76342312625985,0.10317024005864,0.0368334249587686
248273.411807,2744866.126422,0.103505230317489,0.0313819049366856,0.000367039823820885,0.615525784547623,0.168838318957607,0.0803817214167737
248773.411807,2744866.126422,0.139739592884651,0.0454795525398863,0,0.44397579314139,0.137538969374656,0.233266092059417
249273.411807,2744866.126422,0.0989554700384827,0.245006413780465,0,0.0546087593916071,0.0683525746747297,0.533076782114715
249773.411807,2744866.126422,0.106884394136203,0.149935052885508,0,0.122286138430135,0.162367786231212,0.458526628316942
240273.411807,2744366.126422,0,0,0.0131868131868132,0.986813186813187,0,0
240773.411807,2744366.126422,0,0.0135779816513761,0.677798165137615,0.282018348623853,0.00862385321100917,0.0179816513761468
241273.411807,2744366.126422,0.0559530361401578,0.25536598789213,0.0735644835809943,0.0328380113740598,0.0467804072647221,0.535498073747936
241773.411807,2744366.126422,0.0769230769230769,0.0155677655677656,0.0824175824175824,0.498168498168498,0.158058608058608,0.168864468864469
242273.411807,2744366.126422,0.053394495412844,0.0363302752293578,0.00036697247706422,0.290825688073394,0.131192660550459,0.487889908256881
242773.411807,2744366.126422,0.024399192808659,0.00623738763529628,0,0.359933957072097,0.139240506329114,0.470188956154834
243273.411807,2744366.126422,0.102564102564103,0.0434065934065934,0.000915750915750916,0.469230769230769,0.136080586080586,0.247802197802198
243773.411807,2744366.126422,0.0577981651376147,0.172660550458716,0,0.293761467889908,0.149724770642202,0.32605504587156
244273.411807,2744366.126422,0.12548156301596,0.00697119794533113,0,0.153366354797285,0.227664648688314,0.48651623555311
244773.411807,2744366.126422,0.116666666666667,0.0179487179487179,0.0010989010989011,0.31959706959707,0.145238095238095,0.399450549450549
245273.411807,2744366.126422,0.0499082568807339,0.178899082568807,0.000917431192660551,0.489357798165138,0.140183486238532,0.140733944954128
245773.411807,2744366.126422,0.0574206567602275,0.00935608145294441,0,0.713997431663915,0.142909557879288,0.076316272243625
246273.411807,2744366.126422,0.0626373626373626,0.0254578754578755,0.000366300366300366,0.832417582417582,0.0523809523809524,0.0267399267399267
246773.411807,2744366.126422,0.0695412844036697,0.0108256880733945,0.00385321100917431,0.750275229357798,0.134862385321101,0.0306422018348624
247273.411807,2744366.126422,0.172445422858191,0.0262337185837461,0.00532012474775271,0.583562649055219,0.138506696019079,0.0739313887360117
247773.411807,2744366.126422,0.0428571428571429,0.034981684981685,0.00164835164835165,0.732417582417582,0.160989010989011,0.0271062271062271
248273.411807,2744366.126422,0.0256880733944954,0.076697247706422,0,0.713761467889908,0.151009174311927,0.0328440366972477
248773.411807,2744366.126422,0.0752155567785727,0.0341221794166208,0,0.549073564483581,0.128967161988626,0.2126215373326
249273.411807,2744366.126422,0.106227106227106,0.0787545787545788,0.000183150183150183,0.324542124542125,0.183150183150183,0.307142857142857
249773.411807,2744366.126422,0.0903525046382189,0.0834879406307978,0,0.260296846011132,0.19165120593692,0.374211502782931
240273.411807,2743866.126422,0,0,0.0544554455445545,0.945544554455445,0,0
240773.411807,2743866.126422,0,0,0.40989010989011,0.563919413919414,0.00586080586080586,0.0203296703296703
241273.411807,2743866.126422,0.00805860805860806,0.0315018315018315,0.0514652014652015,0.378571428571429,0.117582417582418,0.412820512820513
241773.411807,2743866.126422,0.0977264393105977,0.0760909424275761,0.0102676934360103,0.161349468280161,0.124862486248625,0.52970297029703
242273.411807,2743866.126422,0.0412087912087912,0.0434065934065934,0.0223443223443223,0.086996336996337,0.126190476190476,0.67985347985348
242773.411807,2743866.126422,0.0778388278388278,0.112271062271062,0.0159340659340659,0.163369963369963,0.107509157509158,0.523076923076923
243273.411807,2743866.126422,0.128712871287129,0.161899523285662,0,0.24037403740374,0.153281994866153,0.315731573157316
243773.411807,2743866.126422,0.0710622710622711,0.0377289377289377,0.000366300366300366,0.156776556776557,0.0961538461538462,0.637912087912088
244273.411807,2743866.126422,0.0710622710622711,0.0485347985347985,0,0.117582417582418,0.146336996336996,0.616483516483517
244773.411807,2743866.126422,0.0474880821415475,0.0137513751375138,0,0.598643197653099,0.21030436376971,0.12981298129813
245273.411807,2743866.126422,0.0686813186813187,0.0483516483516484,0.000915750915750916,0.530769230769231,0.182783882783883,0.168498168498169
245773.411807,2743866.126422,0.0635531135531135,0.0100732600732601,0,0.720695970695971,0.152197802197802,0.0534798534798535
246273.411807,2743866.126422,0.0319031903190319,0.00201686835350202,0,0.895122845617895,0.0669233590025669,0.00403373670700403
246773.411807,2743866.126422,0.0406593406593407,0.00915750915750916,0,0.878021978021978,0.0604395604395604,0.0117216117216117
247273.411807,2743866.126422,0.0395604395604396,0.00805860805860806,0,0.835531135531136,0.103113553113553,0.0137362637362637
247773.411807,2743866.126422,0.258525852585259,0.0106343967730106,0.0055005500550055,0.51998533186652,0.117345067840117,0.088008800880088
248273.411807,2743866.126422,0.0888278388278388,0.0688644688644689,0,0.523992673992674,0.178021978021978,0.14029304029304
248773.411807,2743866.126422,0.105311355311355,0.0274725274725275,0,0.658241758241758,0.143406593406593,0.0655677655677656
249273.411807,2743866.126422,0.0689402273560689,0.0344701136780345,0,0.634396773010634,0.146681334800147,0.115511551155116
249773.411807,2743866.126422,0.158206743238236,0.0426083734716562,0,0.482030381622823,0.184327528714339,0.132826972952946
239773.411807,2743366.126422,0,0,0,1,0,0
240273.411807,2743366.126422,0,0,0.365035733919736,0.634964266080264,0,0
240773.411807,2743366.126422,0,0,0.89209029179666,0.10790970820334,0,0
241273.411807,2743366.126422,0.0152209792774619,0.0511644966073721,0.187236383642032,0.401980561158995,0.0498807995598753,0.294516779754264
241773.411807,2743366.126422,0.0634048011728056,0.165109034267913,0.00439802089059923,0.0985889682975994,0.0727505955653289,0.595748579805754
242273.411807,2743366.126422,0.0950633143696091,0.103138190493669,0.000550559735731327,0.196366305744173,0.117636263534593,0.487245366122224
242773.411807,2743366.126422,0.092792958004768,0.368421052631579,0,0.116633046029708,0.0799559875298001,0.342196955804144
243273.411807,2743366.126422,0.0604727872457394,0.0379329301814184,0.000549752611324904,0.447681876488913,0.156312992486714,0.29704966098589
243773.411807,2743366.126422,0.0912093962194898,0.0165167920719398,0,0.424665076160763,0.129014498073041,0.338594237474766
244273.411807,2743366.126422,0.0773885934348065,0.00806895286997983,0,0.621676141573446,0.196955804144508,0.0959105079772602
244773.411807,2743366.126422,0.122411581455012,0.0219901044529962,0.000549752611324904,0.447865127359355,0.224848818031886,0.182334616089426
245273.411807,2743366.126422,0.0726738851165352,0.0187190310148651,0,0.742521563589649,0.12864745824922,0.0374380620297302
245773.411807,2743366.126422,0.0770218228498075,0.0262240968274344,0.000916926462497708,0.571795342013571,0.162479369154594,0.161562442692096
246273.411807,2743366.126422,0.0426974528129009,0.0089792926516401,0.000916254352208173,0.814550119113066,0.105735752244823,0.0271211288253619
246773.411807,2743366.126422,0.044411818682327,0.0034868783262984,0.000183519911910442,0.846760873554781,0.0765278032666544,0.028629106258029
247273.411807,2743366.126422,0.0739042728773152,0.0066018705299835,0.000550155877498625,0.708417384925729,0.128553090042179,0.0819732257472951
247773.411807,2743366.126422,0.0848451530144768,0.0104452996151732,0,0.731720725673447,0.129008612790911,0.0439802089059923
248273.411807,2743366.126422,0.262249954120022,0.0187190310148651,0,0.303725454211782,0.19086070838686,0.224444852266471
248773.411807,2743366.126422,0.382908490739043,0.0260407115349349,0,0.190353933614524,0.243535668439391,0.157161195672107
249273.411807,2743366.126422,0.352757925600147,0.0443467106468756,0,0.28587135788895,0.168957302547187,0.148066703316841
249773.411807,2743366.126422,0.274633512711078,0.0515865652254593,0,0.488958990536278,0.0968639821859343,0.0879569493412507
239273.411807,2742866.126422,0,0,0.383119266055046,0.616880733944954,0,0
239773.411807,2742866.126422,0,0,0.19115758576408,0.80884241423592,0,0
240273.411807,2742866.126422,0,0,0.827289377289377,0.172710622710623,0,0
240773.411807,2742866.126422,0,0,0.967889908256881,0.0321100917431193,0,0
241273.411807,2742866.126422,0.0405430196294258,0.0196294257934324,0.260686112639883,0.567418822234452,0.0469638598422308,0.064758759860576
241773.411807,2742866.126422,0.0556776556776557,0.173260073260073,0.0412087912087912,0.174725274725275,0.136446886446886,0.418681318681319
242273.411807,2742866.126422,0.0425688073394495,0.00697247706422018,0,0.768623853211009,0.134311926605505,0.0475229357798165
242773.411807,2742866.126422,0.127866446523574,0.0324711062190424,0.000183452577508714,0.342872867363786,0.140891579526692,0.355714547789396
243273.411807,2742866.126422,0.0256410256410256,0.00146520146520147,0.00256410256410256,0.85952380952381,0.0915750915750916,0.0192307692307692
243773.411807,2742866.126422,0.00715596330275229,0.00605504587155963,0.00036697247706422,0.887339449541284,0.0776146788990826,0.0214678899082569
244273.411807,2742866.126422,0.112089524857824,0.0266006237387635,0,0.485232067510549,0.16125481563016,0.214822968262704
244773.411807,2742866.126422,0.245787545787546,0.0208791208791209,0,0.391941391941392,0.156227106227106,0.185164835164835
245273.411807,2742866.126422,0.233577981651376,0.011743119266055,0.00018348623853211,0.454311926605505,0.196146788990826,0.104036697247706
