"x","y","forest","agri","water","built","other","grass"
177773.411807,2641366.126422,0.00713128038897893,0.108589951377634,0.337439222042139,0.169205834683955,0.073581847649919,0.304051863857374
178273.411807,2641366.126422,0.0136186770428016,0.245136186770428,0.150453955901427,0.165369649805447,0.0703631647211414,0.355058365758755
178773.411807,2641366.126422,0,0.140316844487553,0.251859036534109,0.216294859359845,0.0927901713546718,0.298739088263822
179273.411807,2641366.126422,0.00745542949756888,0.319286871961102,0.230794165316045,0.241815235008104,0.0518638573743922,0.148784440842788
179773.411807,2641366.126422,0.00194552529182879,0.426070038910506,0.0573929961089494,0.059662775616083,0.0716601815823606,0.383268482490272
180273.411807,2641366.126422,0.0239249919172325,0.397025541545425,0,0.002909796314258,0.0313611380536696,0.544778532169415
180773.411807,2641366.126422,0.00972447325769854,0.720259319286872,0.000324149108589951,0.00226904376012966,0.00226904376012966,0.26515397082658
181273.411807,2641366.126422,0.0479896238651102,0.450713359273671,0.0502594033722438,0.0392347600518807,0.00907911802853437,0.40272373540856
181773.411807,2641366.126422,0.00775945683802134,0.719689621726479,0,0.0151956029744585,0.00484966052376334,0.252505657937278
182273.411807,2641366.126422,0.00129659643435981,0.740356564019449,0,0.00583468395461912,0.0327390599675851,0.219773095623987
182773.411807,2641366.126422,0.0139429312581064,0.634565499351492,0,0.0411802853437095,0.0959792477302205,0.214332036316472
183273.411807,2641366.126422,0.0368574199806014,0.542838667959909,0,0.0384739734885225,0.129647591335273,0.252182347235693
183773.411807,2641366.126422,0.0541329011345219,0.217828200972447,0,0.0106969205834684,0.105672609400324,0.611669367909238
184273.411807,2641366.126422,0.0282101167315175,0.469520103761349,0,0.0155642023346304,0.0512321660181582,0.435473411154345
184773.411807,2641366.126422,0.0526996443582283,0.595538312318138,0,0.0129324280633689,0.0666020045263498,0.272227610733915
185273.411807,2641366.126422,0.019773095623987,0.778606158833063,0,0,0.00194489465153971,0.19967585089141
185773.411807,2641366.126422,0,0.804474708171206,0,0,0.000648508430609598,0.194876783398184
186273.411807,2641366.126422,0,0.648617511520737,0,0.00345622119815668,0.00518433179723502,0.342741935483871
176773.411807,2640866.126422,0.000550357732526142,0.0735644835809943,0.769033204916529,0.0605393505778756,0.0498991010823702,0.0464135021097046
177273.411807,2640866.126422,0.0243589743589744,0.153479853479853,0.159157509157509,0.0576923076923077,0.089010989010989,0.516300366300366
177773.411807,2640866.126422,0.139082568807339,0.114678899082569,0.0291743119266055,0.0640366972477064,0.0673394495412844,0.585688073394495
178273.411807,2640866.126422,0.00752155567785727,0.132819666116309,0.227481196110805,0.296642817831591,0.0856723536965694,0.249862410566868
178773.411807,2640866.126422,0.00494505494505494,0.249267399267399,0.116849816849817,0.0652014652014652,0.0840659340659341,0.47967032967033
179273.411807,2640866.126422,0.0108256880733945,0.845504587155963,0.00311926605504587,0.0130275229357798,0.00623853211009174,0.121284403669725
179773.411807,2640866.126422,0.0366905155017428,0.643001284168043,0,0.011557512383049,0.0319207484865162,0.276829939460649
180273.411807,2640866.126422,0.0353479853479853,0.608974358974359,0,0.0448717948717949,0.0822344322344322,0.228571428571429
180773.411807,2640866.126422,0.0165137614678899,0.71743119266055,0,0.00036697247706422,0.0121100917431193,0.253577981651376
181273.411807,2640866.126422,0.0159603742432581,0.548339754173546,0.0121078701155751,0.00623738763529628,0.00862227114290956,0.408732342689415
181773.411807,2640866.126422,0.0177655677655678,0.546336996336996,0,0.0175824175824176,0.0245421245421245,0.393772893772894
182273.411807,2640866.126422,0.0409174311926606,0.482752293577982,0.00201834862385321,0.0959633027522936,0.127155963302752,0.251192660550459
182773.411807,2640866.126422,0.0339387268391121,0.580443955237571,0,0.0447624289121262,0.0410933773619519,0.299761511649239
183273.411807,2640866.126422,0.00622710622710623,0.76025641025641,0,0.000183150183150183,0.00531135531135531,0.228021978021978
183773.411807,2640866.126422,0.0111926605504587,0.576146788990826,0,0.00660550458715596,0.0188990825688073,0.387155963302752
184273.411807,2640866.126422,0.0777838928636947,0.47073931388736,0,0.00587048248027885,0.0598055402678408,0.385800770500826
184773.411807,2640866.126422,0.0214285714285714,0.791025641025641,0.0197802197802198,0.00769230769230769,0.0100732600732601,0.15
185273.411807,2640866.126422,0.00330275229357798,0.768807339449541,0,0.00201834862385321,0.00036697247706422,0.225504587155963
185773.411807,2640866.126422,0.015410016510732,0.704457897633462,0.00458631443771785,0.0137589433131535,0.0212804989910108,0.240506329113924
186273.411807,2640866.126422,0.0449365027678281,0.667209378052752,0,0.00130250732660371,0.0211657440573103,0.265385867795506
174773.411807,2640366.126422,0,0.00549450549450549,0.992490842490843,0,0,0.00201465201465201
175273.411807,2640366.126422,0,0.0587912087912088,0.857692307692308,0.0391941391941392,0.0336996336996337,0.0106227106227106
175773.411807,2640366.126422,0,0.0359369270260359,0.864869820315365,0.070957095709571,0.013017968463513,0.0152181884855152
176273.411807,2640366.126422,0.000549450549450549,0.172527472527473,0.563736263736264,0.158058608058608,0.056043956043956,0.0490842490842491
176773.411807,2640366.126422,0.00512820512820513,0.182783882783883,0.326190476190476,0.141391941391941,0.0884615384615385,0.256043956043956
177273.411807,2640366.126422,0.0267693436010268,0.204803813714705,0.194902823615695,0.142647598093143,0.122295562889622,0.308580858085809
177773.411807,2640366.126422,0.0970695970695971,0.120695970695971,0.00787545787545788,0.153296703296703,0.244505494505494,0.376556776556777
178273.411807,2640366.126422,0.0304029304029304,0.141391941391941,0.0186813186813187,0.11978021978022,0.13974358974359,0.55
178773.411807,2640366.126422,0.0163182984965163,0.308214154748808,0.100660066006601,0.146864686468647,0.167033370003667,0.260909424275761
179273.411807,2640366.126422,0.0291208791208791,0.617948717948718,0.00201465201465201,0.0485347985347985,0.0492673992673993,0.253113553113553
179773.411807,2640366.126422,0.0653846153846154,0.464835164835165,0,0.0181318681318681,0.199267399267399,0.252380952380952
180273.411807,2640366.126422,0.0775577557755776,0.445544554455446,0,0.0099009900990099,0.116244957829116,0.350751741840851
180773.411807,2640366.126422,0.0108058608058608,0.723992673992674,0,0.00201465201465201,0.0100732600732601,0.253113553113553
181273.411807,2640366.126422,0.00402930402930403,0.844871794871795,0,0.0010989010989011,0.00164835164835165,0.148351648351648
181773.411807,2640366.126422,0.0232856618995233,0.306197286395306,0.00421708837550422,0.10964429776311,0.182618261826183,0.374037403740374
182273.411807,2640366.126422,0.0159340659340659,0.481868131868132,0,0.0135531135531136,0.0778388278388278,0.410805860805861
182773.411807,2640366.126422,0.0216117216117216,0.604945054945055,0.00201465201465201,0.0276556776556777,0.0619047619047619,0.281868131868132
183273.411807,2640366.126422,0.0170517051705171,0.56949028236157,0.013017968463513,0.0977264393105977,0.0652731939860653,0.237440410707737
183773.411807,2640366.126422,0.0315018315018315,0.656593406593407,0.000183150183150183,0.0289377289377289,0.0366300366300366,0.246153846153846
184273.411807,2640366.126422,0.0313186813186813,0.726190476190476,0,0.0263736263736264,0.0738095238095238,0.142307692307692
184773.411807,2640366.126422,0.0168683535020169,0.710854418775211,0.00513384671800513,0.0737073707370737,0.048038137147048,0.145397873120645
185273.411807,2640366.126422,0.0175824175824176,0.456959706959707,0.000183150183150183,0.315934065934066,0.030952380952381,0.178388278388278
185773.411807,2640366.126422,0.00274725274725275,0.721245421245421,0.00641025641025641,0.00457875457875458,0.00787545787545788,0.257142857142857
186273.411807,2640366.126422,0.0169381107491857,0.812703583061889,0,0,0,0.170358306188925
174773.411807,2639866.126422,0.000183519911910442,0.112681225913012,0.768397871169022,0.0513855753349238,0.0117452743622683,0.055606533308864
175273.411807,2639866.126422,0,0.209059233449477,0.583532000733541,0.107463781404731,0.00733541169998166,0.0926095727122685
175773.411807,2639866.126422,0.00146600696353308,0.150815466373465,0.550852116547554,0.139087410665201,0.0628550485614807,0.0949239508887667
176273.411807,2639866.126422,0.00183519911910442,0.207744540282621,0.336942558267572,0.165718480455129,0.0546889337493118,0.233070288126262
176773.411807,2639866.126422,0.00110031175499725,0.240784889051898,0.340913258756648,0.202824133504493,0.0746378140473134,0.139739592884651
177273.411807,2639866.126422,0.0117280557082646,0.280373831775701,0.124977093641195,0.186366135239142,0.0859446582371266,0.310610225398571
177773.411807,2639866.126422,0.0972655533125344,0.147733529087906,0.00679023674068636,0.129748577720683,0.181501192879427,0.436960910258763
178273.411807,2639866.126422,0.0645516229598386,0.184302218962039,0.00256739409499358,0.0568494406748579,0.135338345864662,0.556390977443609
178773.411807,2639866.126422,0.0126443100604728,0.285138354407183,0.243906908557816,0.220450797141286,0.111783030969397,0.126076598863845
179273.411807,2639866.126422,0.0343182235272527,0.612405946045146,0.0229399889888053,0.011194714626537,0.0686364470545054,0.250504679757754
179773.411807,2639866.126422,0.0148542086924629,0.661837520630845,0,0.0102695763799743,0.0348432055749129,0.278195488721804
180273.411807,2639866.126422,0.0185083379146051,0.804837822979659,0,0.009529045262965,0.00806303829943192,0.159061755543339
180773.411807,2639866.126422,0.0262433474031932,0.637915213800697,0,0.0108276748027161,0.0231235089007157,0.301890255092678
181273.411807,2639866.126422,0.0348432055749129,0.514212360168715,0,0.0298918026774253,0.0502475701448744,0.370805061434073
181773.411807,2639866.126422,0.0410481949789262,0.394905625801723,0.0139270661535642,0.145501191130658,0.106102253985706,0.298515667949423
182273.411807,2639866.126422,0.0113782345384474,0.345200954303542,0.0047715177096715,0.052303174894476,0.066801247935401,0.519544870618462
182773.411807,2639866.126422,0.0166880616174583,0.337062167614157,0.00513478818998716,0.0711534934898221,0.0386942967174033,0.531267192371172
183273.411807,2639866.126422,0.0320689023272861,0.518416712479384,0,0.0108118013560564,0.0192413413963716,0.419461242440902
183773.411807,2639866.126422,0.031932464672417,0.658652963846577,0.0183519911910442,0.00568911726922371,0.0501009359515507,0.235272527069187
184273.411807,2639866.126422,0.00715202640748212,0.797359251788007,0.00715202640748212,0.00293416467999266,0.00513478818998716,0.180267742527049
184773.411807,2639866.126422,0.0157595748579806,0.695803555066887,0.00348176653839106,0.104086494410848,0.0243723657687374,0.156496243357156
185273.411807,2639866.126422,0.0113782345384474,0.538263901633327,0,0.0662506881996697,0.0631308496971921,0.320976325931364
185773.411807,2639866.126422,0.0117366587199707,0.561709150926096,0,0.0286081056299285,0.0425453878598936,0.355400696864112
186273.411807,2639866.126422,0.00782013685239492,0.315738025415445,0,0,0,0.67644183773216
174273.411807,2639366.126422,0,0.158791208791209,0.323626373626374,0.451831501831502,0.026007326007326,0.0397435897435897
174773.411807,2639366.126422,0,0.122385321100917,0.39743119266055,0.20348623853211,0.195963302752294,0.0807339449541284
175273.411807,2639366.126422,0,0.194276279581728,0.515868647954504,0.073747936158503,0.0726472206934507,0.143459915611814
175773.411807,2639366.126422,0,0.302197802197802,0.345421245421245,0.176923076923077,0.0481684981684982,0.127289377289377
176273.411807,2639366.126422,0.0018348623853211,0.296146788990826,0.416880733944954,0.118532110091743,0.0396330275229358,0.12697247706422
176773.411807,2639366.126422,0.000183452577508714,0.302696752889378,0.242157402311502,0.238304898183819,0.0654925701706109,0.15116492386718
177273.411807,2639366.126422,0.0247252747252747,0.208241758241758,0.231501831501832,0.194688644688645,0.0686813186813187,0.272161172161172
177773.411807,2639366.126422,0.241284403669725,0.0820183486238532,0,0.0203669724770642,0.128440366972477,0.527889908256881
178273.411807,2639366.126422,0.12694918363603,0.163089341405247,0.00953953403045313,0.0851219959640433,0.0996147495872317,0.515685195376995
178773.411807,2639366.126422,0.0474358974358974,0.35952380952381,0.0141025641025641,0.0783882783882784,0.117399267399267,0.383150183150183
179273.411807,2639366.126422,0.046605504587156,0.555412844036697,0.02,0.0528440366972477,0.0658715596330275,0.259266055045872
179773.411807,2639366.126422,0.0416437350944781,0.527976518070079,0,0.0388919464318474,0.0933773619519354,0.29811043845166
180273.411807,2639366.126422,0.0117216117216117,0.874358974358974,0,0.00201465201465201,0.0032967032967033,0.108608058608059
180773.411807,2639366.126422,0.12348623853211,0.13743119266055,0,0.162385321100917,0.28256880733945,0.294128440366972
181273.411807,2639366.126422,0.0454962392221611,0.592184920198129,0,0.0379746835443038,0.104384516602458,0.219959640432948
181773.411807,2639366.126422,0.0373626373626374,0.380952380952381,0.00402930402930403,0.080952380952381,0.174542124542125,0.322161172161172
182273.411807,2639366.126422,0.0473394495412844,0.398715596330275,0,0.011743119266055,0.0579816513761468,0.484220183486239
182773.411807,2639366.126422,0.0504494588148963,0.266923500275179,0,0.00403595670519171,0.0592551825353146,0.619335901669418
183273.411807,2639366.126422,0.00714285714285714,0.590842490842491,0,0,0.00805860805860806,0.393956043956044
183773.411807,2639366.126422,0.0218348623853211,0.325504587155963,0,0,0.00678899082568807,0.645871559633028
184273.411807,2639366.126422,0.0702623371858375,0.635663181067694,0,0.00366905155017428,0.0355898000366905,0.254815630159604
184773.411807,2639366.126422,0.136263736263736,0.408058608058608,0,0.0358974358974359,0.0873626373626374,0.332417582417582
185273.411807,2639366.126422,0.0548623853211009,0.362385321100917,0,0.0271559633027523,0.17394495412844,0.381651376146789
185773.411807,2639366.126422,0.0119244175380664,0.41937259218492,0,0,0.0091726288754357,0.559530361401578
186273.411807,2639366.126422,0.0081406707912732,0.280039075219798,0,0.0605665906870726,0.0185607294041029,0.632692933897753
174273.411807,2638866.126422,0,0.168316831683168,0.181151448478181,0.221122112211221,0.0597726439310598,0.36963696369637
174773.411807,2638866.126422,0,0.148901098901099,0.185347985347985,0.23003663003663,0.11025641025641,0.325457875457875
175273.411807,2638866.126422,0,0.0912087912087912,0.363369963369963,0.25018315018315,0.11996336996337,0.175274725274725
175773.411807,2638866.126422,0,0.248258159149248,0.133113311331133,0.177667766776678,0.0881921525485882,0.352768610194353
176273.411807,2638866.126422,0,0.603479853479853,0.0467032967032967,0.0509157509157509,0.0205128205128205,0.278388278388278
176773.411807,2638866.126422,0.00384615384615385,0.566300366300366,0.0794871794871795,0.119413919413919,0.0413919413919414,0.18956043956044
177273.411807,2638866.126422,0.0172350568390172,0.252108544187752,0.108544187752109,0.174734140080675,0.0575724239090576,0.38980564723139
177773.411807,2638866.126422,0.102014652014652,0.207875457875458,0,0.00201465201465201,0.0382783882783883,0.64981684981685
178273.411807,2638866.126422,0.0721611721611722,0.40018315018315,0.00311355311355311,0.0391941391941392,0.0708791208791209,0.414468864468864
178773.411807,2638866.126422,0.024019068573524,0.645764576457646,0.0203520352035204,0.0231023102310231,0.0225522552255226,0.264209754308764
179273.411807,2638866.126422,0.0402930402930403,0.473076923076923,0.0261904761904762,0.0529304029304029,0.123076923076923,0.284432234432234
179773.411807,2638866.126422,0.0291208791208791,0.623260073260073,0.00238095238095238,0.0245421245421245,0.0509157509157509,0.26978021978022
180273.411807,2638866.126422,0.0165016501650165,0.628896222955629,0.00183351668500183,0.0645397873120645,0.0687568756875688,0.219471947194719
180773.411807,2638866.126422,0.0987179487179487,0.167765567765568,0,0.154945054945055,0.245787545787546,0.332783882783883
181273.411807,2638866.126422,0.0842490842490843,0.331501831501831,0,0.0197802197802198,0.111721611721612,0.452747252747253
181773.411807,2638866.126422,0.0449211587825449,0.551338467180051,0,0.0308030803080308,0.0456545654565457,0.327282728272827
182273.411807,2638866.126422,0.0241758241758242,0.646336996336996,0,0.00586080586080586,0.0648351648351648,0.258791208791209
182773.411807,2638866.126422,0.00293040293040293,0.722527472527473,0.000915750915750916,0.00567765567765568,0.0122710622710623,0.255677655677656
183273.411807,2638866.126422,0.0190685735240191,0.519435276861019,0,0.0174184085075174,0.0407040704070407,0.403373670700403
183773.411807,2638866.126422,0.00549450549450549,0.446886446886447,0,0.00164835164835165,0.0142857142857143,0.531684981684982
184273.411807,2638866.126422,0.0324175824175824,0.355128205128205,0,0.00146520146520147,0.0342490842490843,0.576739926739927
184773.411807,2638866.126422,0.407040704070407,0.270810414374771,0,0.026952695269527,0.0902090209020902,0.204987165383205
185273.411807,2638866.126422,0.0483516483516484,0.636813186813187,0,0.00915750915750916,0.023992673992674,0.281684981684982
185773.411807,2638866.126422,0.00750915750915751,0.534615384615385,0,0.00421245421245421,0.0201465201465201,0.433516483516484
186273.411807,2638866.126422,0.00879478827361563,0.876547231270358,0,0,0,0.114657980456026
173773.411807,2638366.126422,0,0.0140437835605122,0.899215200330442,0.0567947129285419,0.00103263114415531,0.0289136720363486
174273.411807,2638366.126422,0,0.0514934945940993,0.886017958585303,0.011544804837823,0,0.0509437419827744
174773.411807,2638366.126422,0,0.0750596439713709,0.0346852633510736,0.0512020554230134,0.0249587080198202,0.814094329234722
175273.411807,2638366.126422,0,0.0265908674124335,0.0221896203924445,0.0695030258573262,0.0249403997799376,0.856776086557858
175773.411807,2638366.126422,0.00219901044529962,0.22869708631116,0.000183250870441635,0.0628550485614807,0.0386659336631849,0.667399670148433
176273.411807,2638366.126422,0.0082583960359699,0.555331253440998,0.00623967700495504,0.00110111947146265,0.0576252523398789,0.371444301706735
176773.411807,2638366.126422,0.0100861910874748,0.428204657986429,0.035209976159912,0.0441958554923895,0.08399046396479,0.398312855309004
177273.411807,2638366.126422,0.0586402785413231,0.273410298698919,0.0113615539673813,0.0536925050393989,0.226864577606744,0.376030786146234
177773.411807,2638366.126422,0.0187190310148651,0.594604514589833,0.0280785465222977,0.00715727656450725,0.0289961460818499,0.322444485226647
178273.411807,2638366.126422,0.0317256556024207,0.545387859893637,0.0594168347698515,0.0502475701448744,0.0496974142673758,0.263524665321841
178773.411807,2638366.126422,0.0166758292101887,0.60875939160711,0.0689023272860546,0.0441634597764339,0.05717427157779,0.204324720542423
179273.411807,2638366.126422,0.0332171040557901,0.461002018719031,0.0691870067902367,0.104606349788952,0.076344283354744,0.255643237291246
179773.411807,2638366.126422,0.0344764349899138,0.707500458463231,0,0.0130203557674674,0.0242068586099395,0.220795892169448
180273.411807,2638366.126422,0.00678028220634048,0.751878321422027,0,0,0.00329851566794942,0.238042880703683
180773.411807,2638366.126422,0.0466140576252523,0.5975408331804,0,0.0141310332171041,0.0568911726922371,0.284822903285006
181273.411807,2638366.126422,0.0097194205024757,0.64808362369338,0.00916926462497708,0.0986612873647534,0.0731707317073171,0.161195672107097
181773.411807,2638366.126422,0.040131940626718,0.585669781931464,0.00842954004031519,0.0749496060106286,0.0720175920835624,0.218801539307312
182273.411807,2638366.126422,0.0144980730409249,0.720866213984217,0,0.0110111947146265,0.00697375665259681,0.246650761607634
182773.411807,2638366.126422,0.044379240784889,0.644782688428388,0.00201723821749496,0.0256739409499358,0.0311754997249221,0.25197139189437
183273.411807,2638366.126422,0.0106285504856148,0.691772035917171,0.00109950522264981,0.0430639545537841,0.0606560381161811,0.1927799157046
183773.411807,2638366.126422,0.00587263718113415,0.22004037438062,0.049366856303909,0.0512020554230134,0.0557900532207745,0.617728023490549
184273.411807,2638366.126422,0.0066018705299835,0.0341096644049147,0,0,0.00641848523748395,0.952869979827618
184773.411807,2638366.126422,0.00989554700384827,0.32508704416346,0,0.00293201392706615,0.0472787245739417,0.614806670331684
185273.411807,2638366.126422,0.0378051018535511,0.592402275646908,0.0194531106625069,0.0332171040557901,0.0647825289043861,0.252339878876858
185773.411807,2638366.126422,0,0.811663304602971,0,0.000366770584999083,0.00788556757748029,0.18008435723455
186273.411807,2638366.126422,0.0188986640599544,0.768654284783317,0,0.00847181492342783,0.0156402737047898,0.188334962528511
173773.411807,2637866.126422,0,0.0225113589425857,0.604295745559686,0.363279636513837,0.00309789343246592,0.00681536555142503
174273.411807,2637866.126422,0,0.0238095238095238,0.813919413919414,0.141208791208791,0.0155677655677656,0.00549450549450549
174773.411807,2637866.126422,0,0.0275229357798165,0.869724770642202,0.0271559633027523,0,0.0755963302752294
175273.411807,2637866.126422,0,0.0220143093010457,0.157402311502477,0.162722436250229,0.00403595670519171,0.653824986241057
175773.411807,2637866.126422,0.00494505494505494,0.0866300366300366,0,0.00201465201465201,0.0183150183150183,0.888095238095238
176273.411807,2637866.126422,0.0104587155963303,0.398715596330275,0,0.00623853211009174,0.0994495412844037,0.485137614678899
176773.411807,2637866.126422,0.00513667217024399,0.52504127682994,0.017978352595854,0.016694184553293,0.0579710144927536,0.377178499357916
177273.411807,2637866.126422,0.0263736263736264,0.437728937728938,0.0183150183150183,0.00714285714285714,0.0582417582417582,0.452197802197802
177773.411807,2637866.126422,0.0214678899082569,0.403119266055046,0.175779816513761,0.0658715596330275,0.0376146788990826,0.296146788990826
178273.411807,2637866.126422,0.0480645753072831,0.525591634562466,0.0812694918363603,0.0293524124013942,0.0587048248027885,0.257017061089708
178773.411807,2637866.126422,0.0287545787545788,0.591758241758242,0.0397435897435897,0.0307692307692308,0.0597069597069597,0.249267399267399
179273.411807,2637866.126422,0.0319266055045872,0.52954128440367,0.0412844036697248,0.0563302752293578,0.0484403669724771,0.292477064220183
179773.411807,2637866.126422,0.00898917629792699,0.777105118326913,0.00990643918547056,0.0201797835259585,0.015410016510732,0.168409466152999
180273.411807,2637866.126422,0.0256410256410256,0.72967032967033,0.00384615384615385,0.0228937728937729,0.0135531135531136,0.204395604395604
180773.411807,2637866.126422,0.071743119266055,0.532293577981651,0,0.0563302752293578,0.116880733944954,0.222752293577982
181273.411807,2637866.126422,0.0601724454228582,0.647954503760778,0,0.021830856723537,0.02568336085122,0.244358833241607
181773.411807,2637866.126422,0.0225274725274725,0.683699633699634,0,0.0010989010989011,0.0472527472527473,0.245421245421245
182273.411807,2637866.126422,0.046605504587156,0.532477064220183,0,0.0168807339449541,0.0988990825688073,0.305137614678899
182773.411807,2637866.126422,0.0403595670519171,0.53494771601541,0.0150431113557145,0.029535864978903,0.110621904237755,0.269491836360301
183273.411807,2637866.126422,0.0265567765567766,0.726739926739927,0,0.00714285714285714,0.0386446886446886,0.200915750915751
183773.411807,2637866.126422,0.0108256880733945,0.45394495412844,0.021651376146789,0.0188990825688073,0.0820183486238532,0.412660550458716
184273.411807,2637866.126422,0.0454962392221611,0.196477710511833,0.002568336085122,0.0165107319757843,0.190607228031554,0.548339754173546
184773.411807,2637866.126422,0.0159340659340659,0.549450549450549,0,0.000366300366300366,0.0100732600732601,0.424175824175824
185273.411807,2637866.126422,0.011743119266055,0.504587155963303,0,0.00954128440366972,0.0429357798165138,0.431192660550459
185773.411807,2637866.126422,0.00220143093010457,0.703357182168409,0,0.00972298660796184,0.0139423958906623,0.270776004402862
186273.411807,2637866.126422,0.0231195050472159,0.750244220123738,0,0.00293064148485835,0.0022793878215565,0.221426245522631
173773.411807,2637366.126422,0,0.128506600660066,0.279084158415842,0.503919141914191,0.0249587458745875,0.0635313531353135
174273.411807,2637366.126422,0,0.0141180784745141,0.877887788778878,0.107810781078108,0,0.000183351668500183
174773.411807,2637366.126422,0,0.0298534798534799,0.793589743589744,0.0928571428571429,0.0142857142857143,0.0694139194139194
175273.411807,2637366.126422,0,0.036996336996337,0.678205128205128,0.182967032967033,0,0.101831501831502
175773.411807,2637366.126422,0,0.0143014301430143,0.423175650898423,0.438760542720939,0.00531719838650532,0.118445177851118
176273.411807,2637366.126422,0,0.161538461538462,0.0287545787545788,0.299267399267399,0.01996336996337,0.49047619047619
176773.411807,2637366.126422,0.0197802197802198,0.403663003663004,0.00714285714285714,0.0168498168498168,0.0706959706959707,0.481868131868132
177273.411807,2637366.126422,0.0188852218555189,0.585991932526586,0,0.0201686835350202,0.0229189585625229,0.352035203520352
177773.411807,2637366.126422,0.0104395604395604,0.546520146520146,0.00805860805860806,0.080952380952381,0.0413919413919414,0.312637362637363
178273.411807,2637366.126422,0.0322344322344322,0.512820512820513,0.041025641025641,0.0263736263736264,0.0659340659340659,0.321611721611722
178773.411807,2637366.126422,0.0425375870920425,0.438577191052439,0.0168683535020169,0.0247524752475248,0.106343967730106,0.370920425375871
179273.411807,2637366.126422,0.0445054945054945,0.446336996336996,0,0.0177655677655678,0.0899267399267399,0.401465201465201
179773.411807,2637366.126422,0.00274725274725275,0.756776556776557,0.0296703296703297,0.00421245421245421,0.00531135531135531,0.201282051282051
180273.411807,2637366.126422,0.0531719838650532,0.62009534286762,0,0.0537220388705537,0.0814081408140814,0.191602493582692
180773.411807,2637366.126422,0.171428571428571,0.286813186813187,0.00128205128205128,0.0576923076923077,0.164285714285714,0.318498168498168
181273.411807,2637366.126422,0.0188644688644689,0.709157509157509,0,0.0175824175824176,0.0223443223443223,0.232051282051282
181773.411807,2637366.126422,0.0315364869820315,0.766593325999267,0,0.0119178584525119,0.0275027502750275,0.162449578291162
182273.411807,2637366.126422,0.0157509157509158,0.777289377289377,0,0,0.00457875457875458,0.202380952380952
182773.411807,2637366.126422,0.0144688644688645,0.605677655677656,0,0.00128205128205128,0.0168498168498168,0.361721611721612
183273.411807,2637366.126422,0.00751741840850752,0.610927759442611,0,0.00275027502750275,0.0210854418775211,0.357719105243858
183773.411807,2637366.126422,0.0100732600732601,0.51978021978022,0,0.00586080586080586,0.0254578754578755,0.438827838827839
184273.411807,2637366.126422,0.00183150183150183,0.587362637362637,0,0.000549450549450549,0.0311355311355311,0.379120879120879
184773.411807,2637366.126422,0.0386872020535387,0.496699669966997,0,0.00476714338100477,0.0368536853685369,0.422992299229923
185273.411807,2637366.126422,0.0152014652014652,0.508608058608059,0,0.000183150183150183,0.0192307692307692,0.456776556776557
185773.411807,2637366.126422,0.0124542124542125,0.752380952380952,0,0,0.00402930402930403,0.231135531135531
186273.411807,2637366.126422,0.00293159609120521,0.954723127035831,0,0,0,0.0423452768729642
173773.411807,2636866.126422,0,0.341181330028914,0.136926889714994,0.499380421313507,0.000206526228831062,0.0223048327137546
174273.411807,2636866.126422,0,0.104636247022173,0.401136155396738,0.493128092358439,0.000549752611324904,0.000549752611324904
174773.411807,2636866.126422,0,0.154890805652413,0.625986419526519,0.182969352174711,0.0104606349788952,0.0256927876674619
175273.411807,2636866.126422,0,0.0949935815147625,0.557674674491106,0.260773885934348,0.00165046763249587,0.0849073904272877
175773.411807,2636866.126422,0,0.00348176653839106,0.923034634414513,0.0727505955653289,0,0.000733003481766538
176273.411807,2636866.126422,0,0,0.429620113782345,0.570379886217655,0,0
176773.411807,2636866.126422,0,0.00165046763249587,0.172932330827068,0.814597469282964,0.00348432055749129,0.00733541169998166
177273.411807,2636866.126422,0.00513102437236577,0.122045079714129,0.230529595015576,0.424958768554151,0.00806303829943192,0.209272494044347
177773.411807,2636866.126422,0.0293631859056708,0.318590567076528,0.071389245733162,0.209579739401725,0.0519361350706552,0.319141126812259
178273.411807,2636866.126422,0.026407482119934,0.376673390794058,0.033192737942417,0.0210893086374473,0.0170548322024574,0.525582248303686
178773.411807,2636866.126422,0.0161260765988638,0.560930914421844,0,0.05717427157779,0.0388491845336265,0.326919552867876
179273.411807,2636866.126422,0.0130299137456414,0.538997981280969,0.00513855753349238,0.0187190310148651,0.0436777390346853,0.380436777390347
179773.411807,2636866.126422,0.00623509994498441,0.819365486887952,0,0.000183385292499542,0.00715202640748212,0.167064001467082
180273.411807,2636866.126422,0.0131940626717977,0.634231262598497,0.0104452996151732,0.023089609675646,0.0197910940076965,0.299248671431189
180773.411807,2636866.126422,0.0726738851165352,0.487245366122224,0,0.019086070838686,0.047715177096715,0.37327950082584
181273.411807,2636866.126422,0.0341096644049147,0.702732440858243,0,0.000550155877498625,0.00275077938749312,0.25985695947185
181773.411807,2636866.126422,0,0.658970130108118,0.0164925783397471,0.0293201392706615,0.0159428257284222,0.279274326553051
182273.411807,2636866.126422,0.00972655533125344,0.75940539548541,0,0.00367039823820885,0.0271609469627455,0.200036703982382
182773.411807,2636866.126422,0.00825233816247937,0.654135338345865,0,0.013203741059967,0.00605171465248487,0.318356867779204
183273.411807,2636866.126422,0.0201575957485798,0.53252702950339,0.00824628916987356,0.00586402785413231,0.0161260765988638,0.41707898112516
183773.411807,2636866.126422,0.0629473297852817,0.281152505046798,0,0.0583593319875206,0.285006423196917,0.312534409983483
184273.411807,2636866.126422,0.0209059233449477,0.58811663304603,0,0.00201723821749496,0.0291582615074271,0.3598019438841
184773.411807,2636866.126422,0.0740333516584204,0.302363936228697,0,0.0148433205057724,0.121678577973245,0.487080813633865
185273.411807,2636866.126422,0.0647825289043861,0.609469627454579,0,0.00440447788585061,0.0012846393833731,0.320058726371811
185773.411807,2636866.126422,0.0110031175499725,0.290665688611773,0.123051531267192,0.159728589767101,0.0141206675224647,0.401430405281496
186273.411807,2636866.126422,0.00162919517758227,0.18931247963506,0.344086021505376,0.291951775822744,0.00488758553274682,0.168132942326491
173773.411807,2636366.126422,0,0.0351094589012805,0,0,0,0.96489054109872
174273.411807,2636366.126422,0.00164835164835165,0.305128205128205,0.0716117216117216,0.0456043956043956,0.0119047619047619,0.564102564102564
174773.411807,2636366.126422,0,0.35651376146789,0.0302752293577982,0.234862385321101,0.0431192660550459,0.335229357798165
175273.411807,2636366.126422,0,0.139607411484131,0,0.0869565217391304,0.028251696936342,0.745184369840396
175773.411807,2636366.126422,0,0.0677655677655678,0.00659340659340659,0.0157509157509158,0.0131868131868132,0.896703296703297
176273.411807,2636366.126422,0,0.0570642201834862,0.264036697247706,0.00201834862385321,0.00018348623853211,0.676697247706422
176773.411807,2636366.126422,0,0.0568702990277013,0.646119977985691,0.219409282700422,0,0.077600440286186
177273.411807,2636366.126422,0,0.000366300366300366,0.867032967032967,0.132600732600733,0,0
177773.411807,2636366.126422,0,0.0192660550458716,0.739816513761468,0.240917431192661,0,0
178273.411807,2636366.126422,0,0.0484314804623005,0.698587415153183,0.251330031186938,0,0.00165107319757843
178773.411807,2636366.126422,0.00695970695970696,0.0327838827838828,0.397802197802198,0.473260073260073,0.00146520146520147,0.0877289377289377
179273.411807,2636366.126422,0.00165137614678899,0.0981651376146789,0.43651376146789,0.389908256880734,0.00146788990825688,0.0722935779816514
179773.411807,2636366.126422,0,0.0300862227114291,0.407448174646854,0.529994496422675,0.0190790680609063,0.0133920381581361
180273.411807,2636366.126422,0.0100732600732601,0.315384615384615,0.136630036630037,0.364652014652015,0.0265567765567766,0.146703296703297
180773.411807,2636366.126422,0.00201834862385321,0.15651376146789,0.0847706422018349,0.573211009174312,0.00954128440366972,0.17394495412844
181273.411807,2636366.126422,0.00220143093010457,0.163639699137773,0.0680609062557329,0.590166941845533,0.0319207484865162,0.14401027334434
181773.411807,2636366.126422,0.00274725274725275,0.34047619047619,0.0804029304029304,0.372527472527473,0.0131868131868132,0.190659340659341
182273.411807,2636366.126422,0.0190825688073394,0.32348623853211,0.028256880733945,0.167339449541284,0.0212844036697248,0.440550458715596
182773.411807,2636366.126422,0.0497156485048615,0.284901852871033,0.0854889011190607,0.0416437350944781,0.0328380113740598,0.505411851036507
183273.411807,2636366.126422,0.0591575091575092,0.212820512820513,0.121428571428571,0.0598901098901099,0.0928571428571429,0.453846153846154
183773.411807,2636366.126422,0.0278899082568807,0.115779816513761,0.0188990825688073,0.364770642201835,0.0348623853211009,0.437798165137615
184273.411807,2636366.126422,0,0.614015776921666,0,0.243808475509081,0.0122913226930838,0.129884424876169
184773.411807,2636366.126422,0,0.475824175824176,0.219230769230769,0.297435897435897,0,0.00750915750915751
185273.411807,2636366.126422,0,0.016697247706422,0.0585321100917431,0.920733944954128,0.00403669724770642,0
185773.411807,2636366.126422,0,0.173546138323243,0,0.819666116308934,0,0.00678774536782242
186273.411807,2636366.126422,0,0.329534353630739,0.0296320416802344,0.633018560729404,0,0.00781504395962227
173773.411807,2635866.126422,0.00185643564356436,0.120874587458746,0.0348597359735974,0,0.00268151815181518,0.839727722772277
174273.411807,2635866.126422,0.0022002200220022,0.355518885221856,0.363586358635864,0.0185185185185185,0.0386872020535387,0.221488815548222
174773.411807,2635866.126422,0,0.36996336996337,0.261721611721612,0.0401098901098901,0.00860805860805861,0.31959706959707
175273.411807,2635866.126422,0.00238095238095238,0.31996336996337,0.139194139194139,0.0289377289377289,0.00586080586080586,0.503663003663004
175773.411807,2635866.126422,0.00201686835350202,0.104327099376604,0.0100843417675101,0.000733406674000733,0.00256692335900257,0.88027136046938
176273.411807,2635866.126422,0.000183150183150183,0.0862637362637363,0.0657509157509158,0.000366300366300366,0.00641025641025641,0.841025641025641
176773.411807,2635866.126422,0.0010989010989011,0.0298534798534799,0.0157509157509158,0.0166666666666667,0.0119047619047619,0.924725274725275
177273.411807,2635866.126422,0.0128346167950128,0.0410707737440411,0.134396773010634,0.23028969563623,0.0124679134580125,0.568940227356069
177773.411807,2635866.126422,0,0.132234432234432,0.575091575091575,0.139377289377289,0.00183150183150183,0.151465201465201
178273.411807,2635866.126422,0,0.063003663003663,0.731868131868132,0.205128205128205,0,0
178773.411807,2635866.126422,0,0.0511551155115512,0.714521452145215,0.215438210487715,0.0183351668500183,0.00055005500550055
179273.411807,2635866.126422,0,0.0635531135531135,0.684798534798535,0.251648351648352,0,0
179773.411807,2635866.126422,0,0.00457875457875458,0.624725274725275,0.370695970695971,0,0
180273.411807,2635866.126422,0,0.00183351668500183,0.471763843050972,0.526402640264026,0,0
180773.411807,2635866.126422,0,0,0.300549450549451,0.699450549450549,0,0
181273.411807,2635866.126422,0,0.00293040293040293,0.256593406593407,0.740476190476191,0,0
181773.411807,2635866.126422,0,0.0077007700770077,0.322515584891823,0.666299963329666,0.00348368170150348,0
182273.411807,2635866.126422,0,0.034981684981685,0.285714285714286,0.677655677655678,0.000366300366300366,0.00128205128205128
182773.411807,2635866.126422,0,0.314102564102564,0.0543956043956044,0.631501831501831,0,0
183273.411807,2635866.126422,0,0.458562522918959,0.0253025302530253,0.511184451778511,0.00495049504950495,0
183773.411807,2635866.126422,0,0.107509157509158,0.163003663003663,0.728937728937729,0.000549450549450549,0
184273.411807,2635866.126422,0,0.0694139194139194,0.39047619047619,0.359157509157509,0.0111721611721612,0.16978021978022
184773.411807,2635866.126422,0,0.313714704803814,0.0566556655665567,0.594426109277594,0.00825082508250825,0.026952695269527
185273.411807,2635866.126422,0,0.70970695970696,0,0.0481684981684982,0.00512820512820513,0.236996336996337
185773.411807,2635866.126422,0,0.394505494505494,0,0.22014652014652,0.312637362637363,0.0727106227106227
186273.411807,2635866.126422,0,0.377524429967427,0.00977198697068404,0.582736156351792,0.0231270358306189,0.00684039087947883
173773.411807,2635366.126422,0.156340355225114,0.21396117306898,0,0,0.000206526228831062,0.629491945477076
174273.411807,2635366.126422,0.0126443100604728,0.278174821330401,0.03811618105186,0.00824628916987356,0.0346344145134689,0.628183983873923
174773.411807,2635366.126422,0.18682327032483,0.0704716461736098,0.00146815929528354,0,0.000367039823820885,0.740869884382455
175273.411807,2635366.126422,0.113332110764717,0.0693196405648267,0.0179717586649551,0,0.000550155877498625,0.798826334128003
175773.411807,2635366.126422,0.21073850100788,0.0670698185816383,0,0,0.00146600696353308,0.720725673446949
176273.411807,2635366.126422,0.11194714626537,0.324646724169572,0.137823453844742,0,0.000367039823820885,0.425215635896495
176773.411807,2635366.126422,0.147258389877132,0.28388043278929,0.0350265908674124,0.00990280579497524,0.0405281496423987,0.483403631028791
177273.411807,2635366.126422,0.0307861462341946,0.572292468389225,0,0.0634048011728056,0.0225398570643211,0.310976727139454
177773.411807,2635366.126422,0,0.26959075059644,0,0.000734079647641769,0.0155991925123876,0.714075977243531
178273.411807,2635366.126422,0,0.127636163579681,0.004401247019989,0.114065651934715,0.0130203557674674,0.740876581698148
178773.411807,2635366.126422,0.00109950522264981,0.163276525563496,0.00146600696353308,0.185266630016493,0.170606560381162,0.478284771852666
179273.411807,2635366.126422,0,0.236924206276381,0.0034868783262984,0.540833180400073,0.117452743622683,0.101302991374564
179773.411807,2635366.126422,0,0.151476251604621,0.0372272143774069,0.803410966440491,0.00605171465248487,0.00183385292499542
180273.411807,2635366.126422,0,0.514018691588785,0.0296866410115448,0.368334249587686,0.000183250870441635,0.087777166941543
180773.411807,2635366.126422,0,0.418058359331988,0.144063130849697,0.382088456597541,0.00935951550743256,0.0464305377133419
181273.411807,2635366.126422,0,0.286264441591784,0.115532734274711,0.314322391344214,0.0144874381074638,0.269392994681827
181773.411807,2635366.126422,0,0.256367967747847,0,0.549569360454462,0.00604727872457394,0.188015393073117
182273.411807,2635366.126422,0,0.435309231051569,0,0.373095980913929,0.00238575885483575,0.189209029179666
182773.411807,2635366.126422,0,0.559508527416101,0,0.00678525582248304,0.00311754997249221,0.430588666788924
183273.411807,2635366.126422,0.00164925783397471,0.695986805937328,0,0.000549752611324904,0,0.301814183617372
183773.411807,2635366.126422,0,0.506514956872821,0,0.0165167920719398,0.00422095797394017,0.472747293081299
184273.411807,2635366.126422,0,0.654135338345865,0,0,0.00348432055749129,0.342380341096644
184773.411807,2635366.126422,0.0386659336631849,0.522814733369984,0.0577240241891149,0.0833791460509437,0.00458127176104087,0.292834890965732
185273.411807,2635366.126422,0.0579922921636998,0.470912093962195,0.00623967700495504,0.292897779409066,0.0214718296935217,0.150486327766563
