"x","y","forest","agri","water","built","other","grass"
288273.411807,2779366.126422,0.697636063771303,0.00109950522264981,0,0.00696353307678211,0.0392156862745098,0.255085211654755
288773.411807,2779366.126422,0.644521930629473,0.000183519911910442,0,0,0.00330335841438796,0.351991191044228
289273.411807,2779366.126422,0.309737759031726,0.00330093526499175,0,0.0603337612323492,0.0665688611773336,0.5600586832936
289773.411807,2779366.126422,0.180868609125893,0.0350009162543522,0,0.0828293934396188,0.0874106652006597,0.613890415979476
290273.411807,2779366.126422,0.406129565057809,0.000367039823820885,0,0.00165167920719398,0.0245916681959993,0.567260047715177
290773.411807,2779366.126422,0.552906656886118,0.000550155877498625,0,0.00916926462497708,0.088391710984779,0.348982211626628
291273.411807,2779366.126422,0.445482866043614,0.00183250870441635,0,0.00219901044529962,0.00787978742899029,0.54260582737768
291773.411807,2779366.126422,0.422829877041659,0.00110111947146265,0,0.00532207744540283,0.0363369425582676,0.534409983483208
292273.411807,2779366.126422,0.498257839721254,0.000366770584999083,0,0.000550155877498625,0.00366770584999083,0.497157527966257
292773.411807,2779366.126422,0.567711196628184,0.000366501740883269,0,0.0155763239875389,0.0386659336631849,0.377680043980209
293273.411807,2779366.126422,0.666727839970637,0.000183519911910442,0,0.015782712424298,0.0374380620297302,0.279867865663424
293773.411807,2779366.126422,0.427287731523932,0.00330093526499175,0.00366770584999083,0.0146708233999633,0.0229231615624427,0.52814964239868
294273.411807,2779366.126422,0.341396371632765,0.00109950522264981,0,0.00586402785413231,0.0232728605460876,0.628367234744365
294773.411807,2779366.126422,0.449623784180584,0.000367039823820885,0,0.0679023674068636,0.106074509084236,0.376032299504496
295273.411807,2779366.126422,0.47588483403631,0.00146708233999633,0,0.00733541169998166,0.057216211259857,0.458096460663855
295773.411807,2779366.126422,0.173172072567345,0.0256551218618288,0.0139270661535642,0.177386842587502,0.133223382811068,0.476635514018692
296273.411807,2779366.126422,0.00422095797394017,0.0100935951550743,0.936502110478987,0.0311983850247752,0.00513855753349238,0.012846393833731
296773.411807,2779366.126422,0.333577847056666,0.0397946084724005,0.000183385292499542,0.181734824867046,0.124701998899688,0.3200073354117
297273.411807,2779366.126422,0.0615722924683892,0.0527762506871908,0,0.629283489096573,0.145317940260216,0.111050027487631
297773.411807,2779366.126422,0.151220407414204,0.113782345384474,0.000183519911910442,0.148651128647458,0.135070655166086,0.451091943475867
298273.411807,2779366.126422,0.0491472583898771,0.366403814414084,0,0.026407482119934,0.0647350082523382,0.493306436823767
298773.411807,2779366.126422,0.136155396738135,0.129741616272677,0,0.0164925783397471,0.0610225398570643,0.656587868792377
299273.411807,2779366.126422,0.129014498073041,0.0642319691686548,0,0.107359148467609,0.146632409616443,0.552761974674252
299773.411807,2779366.126422,0.156244269209609,0.041995231982395,0.00715202640748212,0.184852374839538,0.14010636346965,0.469649734091326
300273.411807,2779366.126422,0.0907869481765835,0.0595009596928983,0.000575815738963532,0.56084452975048,0.140499040307102,0.147792706333973
288273.411807,2778866.126422,0.734981684981685,0.00769230769230769,0,0.0551282051282051,0.0452380952380952,0.156959706959707
288773.411807,2778866.126422,0.818715596330275,0,0,0,0.00256880733944954,0.178715596330275
289273.411807,2778866.126422,0.625022931572189,0.00385250412768299,0,0.00935608145294441,0.0326545587965511,0.329113924050633
289773.411807,2778866.126422,0.215750915750916,0.0161172161172161,0,0.152197802197802,0.138827838827839,0.477106227106227
290273.411807,2778866.126422,0.584587155963303,0.00018348623853211,0,0.0555963302752294,0.0196330275229358,0.34
290773.411807,2778866.126422,0.43514951385067,0.000366905155017428,0,0.0199963309484498,0.0768666299761512,0.467620620069712
291273.411807,2778866.126422,0.334065934065934,0.0010989010989011,0,0.00915750915750916,0.0857142857142857,0.56996336996337
291773.411807,2778866.126422,0.407522935779817,0.00036697247706422,0,0.0141284403669725,0.0930275229357798,0.484954128440367
292273.411807,2778866.126422,0.410566868464502,0.000550357732526142,0,0.0627407815079802,0.0587048248027885,0.467437167492203
292773.411807,2778866.126422,0.546886446886447,0.000183150183150183,0,0.00293040293040293,0.00659340659340659,0.443406593406593
293273.411807,2778866.126422,0.677798165137615,0.00018348623853211,0,0.024954128440367,0.0315596330275229,0.265504587155963
293773.411807,2778866.126422,0.411667583929554,0.00091726288754357,0,0.0229315721885892,0.0350394423041644,0.529444138690149
294273.411807,2778866.126422,0.391941391941392,0.000366300366300366,0,0.00897435897435897,0.0558608058608059,0.542857142857143
294773.411807,2778866.126422,0.391559633027523,0.000917431192660551,0,0.00770642201834862,0.0658715596330275,0.53394495412844
295273.411807,2778866.126422,0.11557512383049,0.0117409649605577,0,0.0232984773436067,0.220876903320492,0.628508530544854
295773.411807,2778866.126422,0.242490842490842,0.0206959706959707,0.00641025641025641,0.0415750915750916,0.191208791208791,0.497619047619048
296273.411807,2778866.126422,0.043302752293578,0.0313761467889908,0.565688073394495,0.148807339449541,0.0438532110091743,0.16697247706422
296773.411807,2778866.126422,0.146762062006971,0.0328380113740598,0.172445422858191,0.231884057971014,0.126582278481013,0.289488167308751
297273.411807,2778866.126422,0.16007326007326,0.0446886446886447,0.0120879120879121,0.170512820512821,0.0818681318681319,0.530769230769231
297773.411807,2778866.126422,0.0251376146788991,0.148990825688073,0.0295412844036697,0.0590825688073394,0.0460550458715596,0.691192660550459
298273.411807,2778866.126422,0.0966795083470923,0.36085121995964,0.001284168042561,0.109154283617685,0.026967528893781,0.40506329113924
298773.411807,2778866.126422,0.128754578754579,0.0827838827838828,0,0.262454212454212,0.158424908424908,0.367582417582418
299273.411807,2778866.126422,0.247889908256881,0.0348623853211009,0.0794495412844037,0.125137614678899,0.0856880733944954,0.42697247706422
299773.411807,2778866.126422,0.158136121812511,0.394606494221244,0,0.00165107319757843,0.0143093010456797,0.431297009722987
300273.411807,2778866.126422,0.0934202954153079,0.22213696527911,0,0.264147323997698,0.103395357759448,0.316900057548437
288273.411807,2778366.126422,0.267876787678768,0.0148514851485149,0,0.116428309497616,0.118811881188119,0.482031536486982
288773.411807,2778366.126422,0.406776556776557,0.00421245421245421,0.0113553113553114,0.0282051282051282,0.021978021978022,0.527472527472527
289273.411807,2778366.126422,0.711538461538462,0.000915750915750916,0,0.00457875457875458,0.015018315018315,0.267948717948718
289773.411807,2778366.126422,0.537403740374037,0.0291529152915292,0,0.0088008800880088,0.0328199486615328,0.391822515584892
290273.411807,2778366.126422,0.458058608058608,0.00183150183150183,0,0.00934065934065934,0.0467032967032967,0.484065934065934
290773.411807,2778366.126422,0.562454212454212,0.000183150183150183,0,0.000183150183150183,0.0043956043956044,0.432783882783883
291273.411807,2778366.126422,0.504950495049505,0.0044004400440044,0,0.0108177484415108,0.0363036303630363,0.443527686101944
291773.411807,2778366.126422,0.367582417582418,0.00256410256410256,0,0.00860805860805861,0.0509157509157509,0.57032967032967
292273.411807,2778366.126422,0.475824175824176,0.00128205128205128,0,0.0267399267399267,0.0478021978021978,0.448351648351648
292773.411807,2778366.126422,0.307480748074807,0.00696736340300697,0,0.14961496149615,0.133663366336634,0.402273560689402
293273.411807,2778366.126422,0.377838827838828,0.00183150183150183,0,0.0981684981684982,0.0705128205128205,0.451648351648352
293773.411807,2778366.126422,0.578388278388278,0.00183150183150183,0,0.0172161172161172,0.0265567765567766,0.376007326007326
294273.411807,2778366.126422,0.459112577924459,0.00421708837550422,0,0.0221855518885222,0.0698569856985699,0.444627796112945
294773.411807,2778366.126422,0.328021978021978,0.000366300366300366,0,0.00366300366300366,0.0285714285714286,0.639377289377289
295273.411807,2778366.126422,0.134798534798535,0.0126373626373626,0.00476190476190476,0.0032967032967033,0.104761904761905,0.73974358974359
295773.411807,2778366.126422,0.109460946094609,0.0251191785845251,0,0.0557389072240557,0.168683535020169,0.640997433076641
296273.411807,2778366.126422,0.152014652014652,0.0371794871794872,0.477106227106227,0.0633699633699634,0.0267399267399267,0.243589743589744
296773.411807,2778366.126422,0.104029304029304,0.0157509157509158,0.405677655677656,0.317582417582418,0.00421245421245421,0.152747252747253
297273.411807,2778366.126422,0.46039603960396,0.0100843417675101,0.136046938027136,0.0126512651265127,0.00055005500550055,0.38027136046938
297773.411807,2778366.126422,0.27032967032967,0.0208791208791209,0.225457875457875,0.0624542124542125,0.00476190476190476,0.416117216117216
298273.411807,2778366.126422,0.117948717948718,0.0490842490842491,0.473443223443223,0.0316849816849817,0.0108058608058608,0.317032967032967
298773.411807,2778366.126422,0.0487715438210488,0.0462046204620462,0.370920425375871,0.0746241290795746,0.117711771177118,0.341767510084342
299273.411807,2778366.126422,0.105311355311355,0.0743589743589744,0.086996336996337,0.111721611721612,0.106410256410256,0.515201465201465
299773.411807,2778366.126422,0.0730769230769231,0.0485347985347985,0.334798534798535,0.112820512820513,0.0721611721611722,0.358608058608059
300273.411807,2778366.126422,0.0714285714285714,0.121927803379416,0.0385944700460829,0.270353302611367,0.0990783410138249,0.398617511520737
288273.411807,2777866.126422,0.701667582921019,0.00384826827927433,0,0.00623052959501558,0.0106285504856148,0.277625068719076
288773.411807,2777866.126422,0.36080014681593,0.00311983850247752,0,0.0855202789502661,0.0636814094329235,0.486878326298403
289273.411807,2777866.126422,0.536401980561159,0.00275077938749312,0,0.00403447643498991,0.0187052998349532,0.438107463781405
289773.411807,2777866.126422,0.700568077698369,0.0131940626717977,0,0.024555616639179,0.0177753344328386,0.243906908557816
290273.411807,2777866.126422,0.699394384290696,0.00110111947146265,0,0.0137639933932832,0.0271609469627455,0.258579555881813
290773.411807,2777866.126422,0.59196772418852,0.00201723821749496,0,0.022006235099945,0.0447460113698881,0.339262791124152
291273.411807,2777866.126422,0.56386292834891,0.00164925783397471,0,0.0619387942092725,0.0348176653839106,0.337731354223933
291773.411807,2777866.126422,0.465773536428703,0.000183519911910442,0,0.00807487612405946,0.0216553496054322,0.504312717929895
292273.411807,2777866.126422,0.422886484503943,0.00293416467999266,0,0.00476801760498808,0.0359435173299101,0.533467815881166
292773.411807,2777866.126422,0.599963349825912,0.00164925783397471,0,0.0258383727322705,0.0192413413963716,0.353307678211472
293273.411807,2777866.126422,0.400807487612406,0.0137639933932832,0,0.186456230501009,0.111580106441549,0.287392182051753
293773.411807,2777866.126422,0.506693563176233,0.00330093526499175,0,0.0852741610122868,0.0546488171648634,0.350082523381625
294273.411807,2777866.126422,0.344511636430273,0.00146600696353308,0,0.00824628916987356,0.0580905259299982,0.587685541506322
294773.411807,2777866.126422,0.536979262249954,0.00330335841438796,0,0.039823820884566,0.0669847678473114,0.35290879060378
295273.411807,2777866.126422,0.307537135521731,0.00586832935998533,0,0.0553823583348615,0.174032642582065,0.457179534201357
295773.411807,2777866.126422,0.207073483599047,0.0174088326919553,0.000366501740883269,0.259483232545355,0.138720908924317,0.376947040498442
296273.411807,2777866.126422,0,0.0201871903101487,0.542851899431088,0.318223527252707,0,0.118737383006056
296773.411807,2777866.126422,0,0.0124701998899688,0.221712818631946,0.693196405648267,0.00238400880249404,0.0702365670273244
297273.411807,2777866.126422,0.0654205607476635,0.0252886201209456,0.14018691588785,0.281290086127909,0.176104086494411,0.31170973062122
297773.411807,2777866.126422,0.122774821068086,0.0271609469627455,0.0917599559552211,0.196549825656084,0.163699761424115,0.398054688933749
298273.411807,2777866.126422,0.202640748211993,0.0212726939299468,0.00825233816247937,0.137538969374656,0.135154960572162,0.495140289748762
298773.411807,2777866.126422,0.134689389774601,0.0373831775700935,0,0.125343595382078,0.135239142385926,0.567344694887301
299273.411807,2777866.126422,0.130115617544504,0.0370710222059093,0,0.178931914112681,0.13690585428519,0.516975591851716
299773.411807,2777866.126422,0.125435540069686,0.0289748762149276,0.00201723821749496,0.321841188336695,0.158995048597103,0.362736108564093
300273.411807,2777866.126422,0.064299424184261,0.0610364683301344,0.284069097888676,0.280806142034549,0.0817658349328215,0.228023032629559
288273.411807,2777366.126422,0.518131868131868,0.00274725274725275,0,0.107509157509158,0.0507326007326007,0.320879120879121
288773.411807,2777366.126422,0.270825688073395,0.0359633027522936,0,0.24697247706422,0.122201834862385,0.324036697247706
289273.411807,2777366.126422,0.519537699504678,0.00587048248027885,0.00458631443771785,0.000183452577508714,0.00366905155017428,0.466152999449642
289773.411807,2777366.126422,0.864652014652015,0.000366300366300366,0,0.00641025641025641,0.00402930402930403,0.124542124542125
290273.411807,2777366.126422,0.720733944954128,0.00715596330275229,0,0.00807339449541284,0.0231192660550459,0.240917431192661
290773.411807,2777366.126422,0.531462117042744,0.00165107319757843,0,0.153182902219776,0.0616400660429279,0.252063841496973
291273.411807,2777366.126422,0.467582417582418,0.00366300366300366,0,0.178021978021978,0.0686813186813187,0.282051282051282
291773.411807,2777366.126422,0.492477064220184,0.00385321100917431,0,0.229357798165138,0.0697247706422018,0.204587155963303
292273.411807,2777366.126422,0.427444505595304,0,0,0.000733810310034856,0.00568702990277013,0.566134654191891
292773.411807,2777366.126422,0.437912087912088,0.00531135531135531,0.00164835164835165,0.00421245421245421,0.0141025641025641,0.536813186813187
293273.411807,2777366.126422,0.492110091743119,0.00311926605504587,0,0.0122935779816514,0.0387155963302752,0.453761467889908
293773.411807,2777366.126422,0.403228765364153,0.0412768299394606,0,0.207668317739864,0.0900752155567786,0.257750871399743
294273.411807,2777366.126422,0.263919413919414,0.0119047619047619,0,0.308241758241758,0.133699633699634,0.282234432234432
294773.411807,2777366.126422,0.292660550458716,0.0258715596330275,0.00110091743119266,0.412477064220183,0.108807339449541,0.159082568807339
295273.411807,2777366.126422,0.124380847550908,0.0289855072463768,0,0.539350577875619,0.140157769216657,0.167125298110438
295773.411807,2777366.126422,0.0575091575091575,0.0679487179487179,0.0362637362637363,0.354029304029304,0.181684981684982,0.302564102564103
296273.411807,2777366.126422,0,0,0.913394495412844,0.086605504587156,0,0
296773.411807,2777366.126422,0,0,0.449642267473858,0.550357732526142,0,0
297273.411807,2777366.126422,0,0,0.116300366300366,0.883699633699634,0,0
297773.411807,2777366.126422,0.0247706422018349,0.0126605504587156,0.108990825688073,0.766788990825688,0.0165137614678899,0.0702752293577982
298273.411807,2777366.126422,0.0438451660245826,0.0311869381764814,0.0843881856540084,0.619519354246927,0.0803522289488167,0.140708126949184
298773.411807,2777366.126422,0.0582417582417582,0.030952380952381,0.0104395604395604,0.495787545787546,0.193956043956044,0.210622710622711
299273.411807,2777366.126422,0.151926605504587,0.0286238532110092,0,0.179633027522936,0.199266055045872,0.440550458715596
299773.411807,2777366.126422,0.139423958906623,0.028251696936342,0,0.130801687763713,0.137405980554027,0.564116675839296
300273.411807,2777366.126422,0.105313638979474,0.094571264147324,0.348168041434874,0.170151544216382,0.091502014195281,0.190293497026664
288273.411807,2776866.126422,0.507150715071507,0.000916758342500917,0,0.0471213788045471,0.0236523652365237,0.421158782544921
288773.411807,2776866.126422,0.323992673992674,0.00641025641025641,0,0.260622710622711,0.106593406593407,0.302380952380952
289273.411807,2776866.126422,0.269047619047619,0.0032967032967033,0.0021978021978022,0.12014652014652,0.0681318681318681,0.537179487179487
289773.411807,2776866.126422,0.603043637697103,0.00256692335900257,0.0022002200220022,0.000733406674000733,0.0055005500550055,0.385955262192886
290273.411807,2776866.126422,0.582967032967033,0.00970695970695971,0,0.0173992673992674,0.0175824175824176,0.372344322344322
290773.411807,2776866.126422,0.15989010989011,0.0108058608058608,0,0.27051282051282,0.172161172161172,0.386630036630037
291273.411807,2776866.126422,0.288962229556289,0.0203520352035204,0,0.260726072607261,0.147048038137147,0.282911624495783
291773.411807,2776866.126422,0.573992673992674,0.00641025641025641,0,0.145421245421245,0.0853479853479854,0.188827838827839
292273.411807,2776866.126422,0.49010989010989,0.00146520146520147,0,0.122344322344322,0.0706959706959707,0.315384615384615
292773.411807,2776866.126422,0.669233590025669,0.00128346167950128,0,0.0331866519985332,0.0295196186285295,0.266776677667767
293273.411807,2776866.126422,0.458424908424908,0.000915750915750916,0,0.00293040293040293,0.0261904761904762,0.511538461538461
293773.411807,2776866.126422,0.431318681318681,0.0043956043956044,0,0.0293040293040293,0.0470695970695971,0.487912087912088
294273.411807,2776866.126422,0.401356802346901,0.000916758342500917,0,0.0011001100110011,0.0104510451045105,0.586175284195086
294773.411807,2776866.126422,0.246703296703297,0.00641025641025641,0,0.0558608058608059,0.192857142857143,0.498168498168498
295273.411807,2776866.126422,0.249450549450549,0.0289377289377289,0,0.358608058608059,0.113736263736264,0.249267399267399
295773.411807,2776866.126422,0.0751741840850752,0.0474880821415475,0.0649064906490649,0.168683535020169,0.099009900990099,0.544737807114045
296273.411807,2776866.126422,0.0276556776556777,0.0324175824175824,0.225457875457875,0.056043956043956,0.0659340659340659,0.592490842490842
296773.411807,2776866.126422,0.054029304029304,0.0573260073260073,0.228388278388278,0.169230769230769,0.193772893772894,0.297252747252747
297273.411807,2776866.126422,0.0229189585625229,0.0388705537220389,0.344151081774844,0.182618261826183,0.173817381738174,0.237623762376238
297773.411807,2776866.126422,0.104578754578755,0.0434065934065934,0.133699633699634,0.171794871794872,0.0470695970695971,0.499450549450549
298273.411807,2776866.126422,0.0406593406593407,0.0428571428571429,0.421428571428571,0.176007326007326,0.00293040293040293,0.316117216117216
298773.411807,2776866.126422,0,0.0108177484415108,0.34983498349835,0.608177484415108,0.0011001100110011,0.0300696736340301
299273.411807,2776866.126422,0.0534798534798535,0.0205128205128205,0.0633699633699634,0.602747252747253,0.11025641025641,0.1496336996337
299773.411807,2776866.126422,0.0842490842490843,0.0205128205128205,0,0.358608058608059,0.205128205128205,0.331501831501831
300273.411807,2776866.126422,0.0251536098310292,0.1392089093702,0.398809523809524,0.277649769585253,0.0384024577572965,0.120775729646697
288273.411807,2776366.126422,0.169140553417629,0.0260216236027121,0,0.379146050943742,0.138904159794759,0.286787612241158
288773.411807,2776366.126422,0.151587447238025,0.00880895577170123,0.000183519911910442,0.155074325564324,0.156175445035786,0.528170306478253
289273.411807,2776366.126422,0.0601503759398496,0.0216394645149459,0.0188886851274528,0.238400880249404,0.193654868879516,0.467265725288832
289773.411807,2776366.126422,0.143851933296683,0.000549752611324904,0,0.0225398570643211,0.0831958951805021,0.749862561847169
290273.411807,2776366.126422,0.681776472747293,0.00238575885483575,0,0.0332171040557901,0.0266103872270141,0.256010277115067
290773.411807,2776366.126422,0.458096460663855,0.00586832935998533,0,0.130203557674674,0.130937098844673,0.274894553456813
291273.411807,2776366.126422,0.535275792560015,0.0053142752428074,0,0.0720175920835624,0.0831958951805021,0.304196444933113
291773.411807,2776366.126422,0.695356946228666,0.00110111947146265,0,0.000550559735731327,0.00550559735731327,0.297485777206827
292273.411807,2776366.126422,0.527049330643682,0.00825233816247937,0,0.119017054832202,0.11186502842472,0.233816247936915
292773.411807,2776366.126422,0.318123511086678,0.028587135788895,0,0.302913688840022,0.0954737035000916,0.254901960784314
293273.411807,2776366.126422,0.591301156175445,0.00440447788585061,0,0.0902917966599376,0.0557900532207745,0.258212516057992
293773.411807,2776366.126422,0.503576013203741,0.000733541169998166,0,0.00586832935998533,0.00641848523748395,0.483403631028791
294273.411807,2776366.126422,0.316291002382261,0.00769653655854865,0,0.167491295583654,0.0835623969213854,0.424958768554151
294773.411807,2776366.126422,0.312534409983483,0.00807487612405946,0,0.135437694989906,0.190310148651129,0.353642870251422
295273.411807,2776366.126422,0.048413717219879,0.0588666788923528,0.000366770584999083,0.428938199156428,0.116449660737209,0.346964973409133
295773.411807,2776366.126422,0.00604727872457394,0.0513102437236577,0.143668682426242,0.0183250870441635,0.047645226314825,0.733003481766538
296273.411807,2776366.126422,0.0311983850247752,0.0895577170122958,0.131033217104056,0.364470545054138,0.165167920719398,0.218572215085337
296773.411807,2776366.126422,0.0766550522648084,0.0121034293049697,0.00128369704749679,0.692646249770768,0.116266275444709,0.101045296167247
297273.411807,2776366.126422,0.0683525746747297,0.0357339197361187,0.000916254352208173,0.604911123327836,0.167674546454096,0.122411581455012
297773.411807,2776366.126422,0.0229399889888053,0.00880895577170123,0,0.835199119104423,0.0768948430904753,0.0561570930445953
298273.411807,2776366.126422,0.0808729139922978,0.0225563909774436,0,0.478452228131304,0.133321107647167,0.284797359251788
298773.411807,2776366.126422,0.0533260032985157,0.0362836723474437,0,0.305662451896647,0.115814550119113,0.488913322338281
299273.411807,2776366.126422,0.00385391815011929,0.0311983850247752,0.375848779592586,0.0638649293448339,0.0708386859974307,0.454395301890255
299773.411807,2776366.126422,0.0150375939849624,0.0110031175499725,0.385109114249037,0.505226480836237,0.0518980377773703,0.0317256556024207
300273.411807,2776366.126422,0.0614203454894434,0.0692898272552783,0.0679462571976967,0.496545105566219,0.182149712092131,0.122648752399232
288273.411807,2775866.126422,0.0205128205128205,0.0613553113553114,0.00183150183150183,0.274175824175824,0.222710622710623,0.419413919413919
288773.411807,2775866.126422,0.0513761467889908,0.0365137614678899,0,0.461100917431193,0.258899082568807,0.192110091743119
289273.411807,2775866.126422,0.316088791047514,0.0066042927903137,0,0.184369840396258,0.143643368189323,0.349293707576591
289773.411807,2775866.126422,0.223443223443223,0.0155677655677656,0,0.043956043956044,0.0943223443223443,0.622710622710623
290273.411807,2775866.126422,0.519816513761468,0.0139449541284404,0,0.181651376146789,0.035045871559633,0.24954128440367
290773.411807,2775866.126422,0.0966795083470923,0.0104567969179967,0,0.533663547972849,0.179600073381031,0.179600073381031
291273.411807,2775866.126422,0.492124542124542,0.00128205128205128,0,0.145054945054945,0.073992673992674,0.287545787545788
291773.411807,2775866.126422,0.784403669724771,0.00055045871559633,0,0.0357798165137615,0.0143119266055046,0.164954128440367
292273.411807,2775866.126422,0.816180517336269,0.002568336085122,0,0.0359567051917079,0.0264171711612548,0.118877270225647
292773.411807,2775866.126422,0.677106227106227,0.00714285714285714,0,0.0937728937728938,0.0782051282051282,0.143772893772894
293273.411807,2775866.126422,0.198899082568807,0.0477064220183486,0,0.437798165137615,0.202201834862385,0.113394495412844
293773.411807,2775866.126422,0.184920198128784,0.0240322876536415,0,0.453861676756558,0.123280132085856,0.213905705375161
294273.411807,2775866.126422,0.292857142857143,0.00531135531135531,0,0.135347985347985,0.0659340659340659,0.500549450549451
294773.411807,2775866.126422,0.0644036697247706,0.076697247706422,0,0.59045871559633,0.131376146788991,0.137064220183486
295273.411807,2775866.126422,0.0539350577875619,0.141992294991745,0.060906255732893,0.260502660062374,0.0570537516052101,0.425609979820216
295773.411807,2775866.126422,0.00842490842490842,0.0840659340659341,0.277655677655678,0.0342490842490843,0.109340659340659,0.486263736263736
296273.411807,2775866.126422,0.0220183486238532,0.0253211009174312,0.00165137614678899,0.865504587155963,0.0493577981651376,0.0361467889908257
296773.411807,2775866.126422,0.0515501742799486,0.060906255732893,0.000366905155017428,0.679875252247294,0.147862777472023,0.0594386351128233
297273.411807,2775866.126422,0.0791208791208791,0.0357142857142857,0.00622710622710623,0.680586080586081,0.0996336996336996,0.0987179487179487
297773.411807,2775866.126422,0.021651376146789,0.0161467889908257,0,0.915963302752294,0.038348623853211,0.00788990825688073
298273.411807,2775866.126422,0.0297193175564117,0.0174279948633278,0,0.762612364703724,0.0862227114290956,0.104017611447441
298773.411807,2775866.126422,0.0371794871794872,0.0256410256410256,0.00476190476190476,0.761355311355311,0.123626373626374,0.0474358974358974
299273.411807,2775866.126422,0.0519266055045872,0.122018348623853,0.00238532110091743,0.484036697247706,0.13651376146789,0.203119266055046
299773.411807,2775866.126422,0.0168776371308017,0.063474591818015,0.20821867547239,0.179233168226014,0.100715465052284,0.431480462300495
300273.411807,2775866.126422,0.0109342029541531,0.0163053903702283,0.258200652215615,0.67926338001151,0.0234030308843276,0.0118933435641665
288273.411807,2775366.126422,0.050971763843051,0.141914191419142,0.000916758342500917,0.444077741107444,0.172533920058673,0.18958562522919
288773.411807,2775366.126422,0.0446886446886447,0.060989010989011,0,0.360805860805861,0.206959706959707,0.326556776556777
289273.411807,2775366.126422,0.273809523809524,0.0228937728937729,0,0.228205128205128,0.285897435897436,0.189194139194139
289773.411807,2775366.126422,0.471947194719472,0.00531719838650532,0,0.0999266593325999,0.107444077741107,0.315364869820315
290273.411807,2775366.126422,0.391941391941392,0.00787545787545788,0.000183150183150183,0.193406593406593,0.0553113553113553,0.351282051282051
290773.411807,2775366.126422,0.102564102564103,0.0139194139194139,0,0.585531135531136,0.122527472527473,0.175457875457875
291273.411807,2775366.126422,0.564723138980565,0.00788412174550788,0,0.218738540520719,0.0449211587825449,0.163733039970664
291773.411807,2775366.126422,0.583516483516484,0.00549450549450549,0,0.0950549450549451,0.100915750915751,0.215018315018315
292273.411807,2775366.126422,0.549084249084249,0.00769230769230769,0,0.0743589743589744,0.0505494505494506,0.318315018315018
292773.411807,2775366.126422,0.695819581958196,0.00146681334800147,0,0.0148514851485149,0.0166850018335167,0.271177117711771
293273.411807,2775366.126422,0.647069597069597,0.0043956043956044,0,0.0289377289377289,0.0360805860805861,0.283516483516484
293773.411807,2775366.126422,0.282600732600733,0.0206959706959707,0,0.422527472527473,0.107875457875458,0.166300366300366
294273.411807,2775366.126422,0.0487715438210488,0.0381371470480381,0.000366703337000367,0.760909424275761,0.0942427576090942,0.0575724239090576
294773.411807,2775366.126422,0.0201465201465201,0.12985347985348,0.00476190476190476,0.67014652014652,0.118498168498168,0.0565934065934066
295273.411807,2775366.126422,0.0382783882783883,0.0287545787545788,0.056043956043956,0.135347985347985,0.0529304029304029,0.688644688644689
295773.411807,2775366.126422,0.00916758342500917,0.0627062706270627,0.261826182618262,0.136046938027136,0.13971397139714,0.390539053905391
296273.411807,2775366.126422,0.0313186813186813,0.0203296703296703,0.000366300366300366,0.880586080586081,0.0556776556776557,0.0117216117216117
296773.411807,2775366.126422,0.0373626373626374,0.0421245421245421,0.00128205128205128,0.811904761904762,0.0749084249084249,0.0324175824175824
297273.411807,2775366.126422,0.0671067106710671,0.0361202786945361,0.000366703337000367,0.691235790245691,0.142464246424642,0.0627062706270627
297773.411807,2775366.126422,0.102930402930403,0.0415750915750916,0.00146520146520147,0.653479853479853,0.137728937728938,0.0628205128205128
298273.411807,2775366.126422,0.0324175824175824,0.0175824175824176,0.000732600732600733,0.912271062271062,0.032967032967033,0.00402930402930403
298773.411807,2775366.126422,0.0735240190685735,0.0605060506050605,0.000733406674000733,0.761826182618262,0.0665566556655666,0.0368536853685369
299273.411807,2775366.126422,0.100732600732601,0.105860805860806,0.00183150183150183,0.574358974358974,0.143772893772894,0.0734432234432234
299773.411807,2775366.126422,0.0946886446886447,0.0615384615384615,0.0032967032967033,0.641391941391941,0.0957875457875458,0.103296703296703
300273.411807,2775366.126422,0.0205453149001536,0.0633640552995392,0.393625192012289,0.256720430107527,0.0410906298003072,0.224654377880184
288273.411807,2774866.126422,0.064687557265897,0.107934762690123,0.00256551218618288,0.545721092175188,0.158878504672897,0.120212571009712
288773.411807,2774866.126422,0.0629473297852817,0.05395485410167,0.000367039823820885,0.492934483391448,0.230317489447605,0.159478803450174
289273.411807,2774866.126422,0.120667522464698,0.0465798642948836,0,0.467632495873831,0.210342930496974,0.154777186869613
289773.411807,2774866.126422,0.492761590617555,0.0219901044529962,0.000183250870441635,0.163826278174821,0.123511086677662,0.197727689206524
290273.411807,2774866.126422,0.21563589649477,0.0192695907505964,0,0.540833180400073,0.106992108643788,0.117269223710773
290773.411807,2774866.126422,0.475334678158812,0.0190720704199523,0,0.207775536401981,0.102879149092243,0.194938565927013
291273.411807,2774866.126422,0.648158328752062,0.0100787978742899,0,0.120579072750596,0.0447132123877588,0.176470588235294
291773.411807,2774866.126422,0.808772251789319,0,0,0.0108276748027161,0.00532207744540283,0.175077995962562
292273.411807,2774866.126422,0.542453695213644,0.00146708233999633,0,0.0223730056849441,0.0192554557124519,0.414450761048964
292773.411807,2774866.126422,0.410848451530145,0.00348176653839106,0,0.0144768187648891,0.0410481949789262,0.530144768187649
293273.411807,2774866.126422,0.80069737566526,0.00146815929528354,0,0.00605615709304459,0.0141310332171041,0.177647274729308
293773.411807,2774866.126422,0.431505593251421,0.0192554557124519,0,0.175316339629562,0.136805428204658,0.237117183201907
294273.411807,2774866.126422,0.0426974528129009,0.0357339197361187,0.00238226131574125,0.691772035917171,0.133773135422393,0.0936411947956753
294773.411807,2774866.126422,0.0293631859056708,0.0144980730409249,0.0012846393833731,0.753899798128097,0.123325380803817,0.0776289227381171
295273.411807,2774866.126422,0.0583165230148542,0.0265908674124335,0,0.259490188886851,0.099211443242252,0.556390977443609
295773.411807,2774866.126422,0.0240058640278541,0.0830126443100605,0.0901594282572842,0.0984057174271578,0.12662635147517,0.577789994502474
296273.411807,2774866.126422,0.0119287942741787,0.019086070838686,0.00642319691686548,0.882180216553496,0.0750596439713709,0.00532207744540283
296773.411807,2774866.126422,0.0100861910874748,0.00696864111498258,0.00183385292499542,0.955070603337612,0.0234733174399413,0.00256739409499358
297273.411807,2774866.126422,0.0159428257284222,0.0179585853032802,0.000733003481766538,0.921202125710097,0.0364669232178853,0.00769653655854865
297773.411807,2774866.126422,0.0291796659937603,0.00991007524316388,0.00146815929528354,0.889888052853735,0.0618462103138191,0.00770783630023858
298273.411807,2774866.126422,0.0344764349899138,0.0172382174949569,0.00110031175499725,0.853475151292866,0.0550155877498625,0.0386942967174033
298773.411807,2774866.126422,0.026571376214037,0.013560564412681,0,0.925050393989371,0.0221733553234378,0.0126443100604728
299273.411807,2774866.126422,0.0137639933932832,0.0189025509267756,0,0.953936502110479,0.012846393833731,0.000550559735731327
299773.411807,2774866.126422,0.0553823583348615,0.0271410232899321,0.000916926462497708,0.833669539702916,0.0548322024573629,0.0280579497524299
300273.411807,2774866.126422,0.102687140115163,0.0873320537428023,0,0.568138195777351,0.0825335892514395,0.159309021113244
288273.411807,2774366.126422,0.0864468864468864,0.110989010989011,0.000183150183150183,0.336630036630037,0.177838827838828,0.287912087912088
288773.411807,2774366.126422,0.0785321100917431,0.0471559633027523,0,0.490642201834862,0.175596330275229,0.208073394495413
289273.411807,2774366.126422,0.0796184186387819,0.0467804072647221,0,0.637130801687764,0.149330398092093,0.0871399743166392
289773.411807,2774366.126422,0.0432234432234432,0.0648351648351648,0,0.653663003663004,0.122710622710623,0.115567765567766
290273.411807,2774366.126422,0.175963302752294,0.0174311926605505,0,0.59743119266055,0.12348623853211,0.0856880733944954
290773.411807,2774366.126422,0.40084388185654,0.0117409649605577,0,0.384333149880756,0.0862227114290956,0.116859291873051
291273.411807,2774366.126422,0.584798534798535,0.00128205128205128,0,0.0811355311355311,0.0358974358974359,0.296886446886447
291773.411807,2774366.126422,0.696146788990826,0.00165137614678899,0,0.0306422018348624,0.0436697247706422,0.227889908256881
292273.411807,2774366.126422,0.321775820950284,0.00421940928270042,0.00110071546505228,0.214272610530178,0.0554026784076316,0.403228765364153
292773.411807,2774366.126422,0.252930402930403,0.00256410256410256,0,0.045970695970696,0.086996336996337,0.611538461538462
293273.411807,2774366.126422,0.686605504587156,0.00055045871559633,0,0.0181651376146789,0.0286238532110092,0.26605504587156
293773.411807,2774366.126422,0.294991744634012,0.0176114474408365,0.000550357732526142,0.337552742616034,0.183819482663731,0.16547422491286
294273.411807,2774366.126422,0.0604395604395604,0.0435897435897436,0.00293040293040293,0.610989010989011,0.153479853479853,0.128571428571429
294773.411807,2774366.126422,0.0651376146788991,0.055045871559633,0.0154128440366972,0.568440366972477,0.185688073394495,0.110275229357798
295273.411807,2774366.126422,0.0399926618968997,0.0557695835626491,0.000183452577508714,0.504678040726472,0.184369840396258,0.215006420840213
295773.411807,2774366.126422,0.0225274725274725,0.0864468864468864,0.0351648351648352,0.0375457875457875,0.0391941391941392,0.779120879120879
296273.411807,2774366.126422,0.0488073394495413,0.0245871559633028,0,0.546422018348624,0.147706422018349,0.232477064220183
296773.411807,2774366.126422,0.0396257567418822,0.0288020546688681,0.0078884608328747,0.758576407998532,0.093010456796918,0.0720968629609246
297273.411807,2774366.126422,0.0234432234432234,0.03003663003663,0.010989010989011,0.858424908424908,0.0644688644688645,0.0126373626373626
297773.411807,2774366.126422,0.0462385321100917,0.00844036697247706,0,0.764954128440367,0.0992660550458716,0.0811009174311927
298273.411807,2774366.126422,0.0229315721885892,0.019262520638415,0.000366905155017428,0.888644285452211,0.0543019629425793,0.0144927536231884
298773.411807,2774366.126422,0.0346153846153846,0.0175824175824176,0.000366300366300366,0.860989010989011,0.0547619047619048,0.0316849816849817
299273.411807,2774366.126422,0.0207339449541284,0.0194495412844037,0.0018348623853211,0.883119266055046,0.0561467889908257,0.0187155963302752
299773.411807,2774366.126422,0.0975967712346359,0.062190423775454,0.0144927536231884,0.681159420289855,0.0739313887360117,0.0706292423408549
300273.411807,2774366.126422,0.144830232112028,0.0667561864569346,0.0166890466142336,0.616151927872626,0.0853635142911951,0.0702090926529829
288273.411807,2773866.126422,0.288412174550788,0.0808580858085809,0,0.258159149248258,0.125962596259626,0.246607994132747
288773.411807,2773866.126422,0.207142857142857,0.0512820512820513,0,0.294871794871795,0.203296703296703,0.243406593406593
289273.411807,2773866.126422,0.0382783882783883,0.177472527472527,0,0.314652014652015,0.236996336996337,0.232600732600733
289773.411807,2773866.126422,0.559405940594059,0.0154015401540154,0,0.0997433076640997,0.102860286028603,0.222588925559223
290273.411807,2773866.126422,0.447069597069597,0.0333333333333333,0,0.0813186813186813,0.117399267399267,0.320879120879121
290773.411807,2773866.126422,0.805494505494506,0.00256410256410256,0,0.00457875457875458,0.0181318681318681,0.169230769230769
291273.411807,2773866.126422,0.781994866153282,0.00165016501650165,0,0.0251191785845251,0.0375870920425376,0.153648698203154
291773.411807,2773866.126422,0.663919413919414,0.0206959706959707,0,0.0318681318681319,0.0478021978021978,0.235714285714286
292273.411807,2773866.126422,0.55,0.00201465201465201,0,0.146703296703297,0.0635531135531135,0.237728937728938
292773.411807,2773866.126422,0.766593325999267,0.00183351668500183,0,0.0678401173450678,0.0496883021635497,0.114044737807114
293273.411807,2773866.126422,0.363736263736264,0.013003663003663,0,0.295604395604396,0.141025641025641,0.186630036630037
293773.411807,2773866.126422,0.107326007326007,0.0234432234432234,0.000366300366300366,0.681684981684982,0.136630036630037,0.0505494505494506
294273.411807,2773866.126422,0.09002566923359,0.0353868720205354,0.00183351668500183,0.528236156949028,0.147964796479648,0.196552988632197
294773.411807,2773866.126422,0.071978021978022,0.041025641025641,0.00366300366300366,0.635714285714286,0.127106227106227,0.120512820512821
295273.411807,2773866.126422,0.0437728937728938,0.0921245421245421,0.0395604395604396,0.571245421245421,0.12985347985348,0.123443223443223
295773.411807,2773866.126422,0.0524385771910524,0.0608727539420609,0.033003300330033,0.529336266960029,0.0520718738540521,0.272277227722772
296273.411807,2773866.126422,0.0269230769230769,0.13974358974359,0.00256410256410256,0.121794871794872,0.145970695970696,0.563003663003663
296773.411807,2773866.126422,0.00989010989010989,0.0327838827838828,0.00274725274725275,0.574908424908425,0.156043956043956,0.223626373626374
297273.411807,2773866.126422,0.0528052805280528,0.0286028602860286,0.00531719838650532,0.758342500916758,0.0960762742940961,0.0588558855885589
297773.411807,2773866.126422,0.0732600732600733,0.0285714285714286,0.0232600732600733,0.771978021978022,0.073992673992674,0.0289377289377289
298273.411807,2773866.126422,0.0287545787545788,0.0192307692307692,0.0194139194139194,0.878937728937729,0.0304029304029304,0.0232600732600733
298773.411807,2773866.126422,0.0286028602860286,0.0198019801980198,0.00055005500550055,0.921342134213421,0.0165016501650165,0.0132013201320132
299273.411807,2773866.126422,0.0992673992673993,0.0542124542124542,0.00146520146520147,0.686080586080586,0.103846153846154,0.0551282051282051
299773.411807,2773866.126422,0.0236263736263736,0.013003663003663,0.00347985347985348,0.914102564102564,0.0291208791208791,0.0166666666666667
300273.411807,2773866.126422,0.0449308755760369,0.0393625192012289,0.00115207373271889,0.782066052227343,0.107910906298003,0.0245775729646697
288273.411807,2773366.126422,0.227964082829393,0.0483782297965915,0.000916254352208173,0.305662451896647,0.228330584570277,0.188748396554884
288773.411807,2773366.126422,0.582308680491833,0.00715727656450725,0,0.0341347036153423,0.0726738851165352,0.303725454211782
289273.411807,2773366.126422,0.569594718503576,0.0150375939849624,0,0.0768384375573079,0.110764716669723,0.227764533284431
289773.411807,2773366.126422,0.740150265713762,0.00733003481766538,0,0.00842954004031519,0.0179585853032802,0.226131574124977
290273.411807,2773366.126422,0.358781427784915,0.0201871903101487,0,0.0924940356028629,0.156542484859607,0.371994861442467
290773.411807,2773366.126422,0.47203374289382,0.0179717586649551,0,0.0339262791124152,0.0627177700348432,0.413350449293967
291273.411807,2773366.126422,0.827744181784864,0.00183250870441635,0,0.00549752611324904,0.0267546270844787,0.138171156312992
