"x","y","forest","agri","water","built","other","grass"
280273.411807,2779366.126422,0.00715202640748212,0.0315422703099211,0.0513478818998716,0.777553640198056,0.0275077938749312,0.104896387309738
280773.411807,2779366.126422,0.0540590067802822,0.0417811984606927,0.0287703866593366,0.334616089426425,0.123877588418545,0.416895730254719
281273.411807,2779366.126422,0.200036703982382,0.0574417324279684,0.0363369425582676,0.269957790420261,0.113598825472564,0.322628005138558
281773.411807,2779366.126422,0.0458463231248854,0.110581331377224,0.132954337062168,0.447093343113882,0.101778837337246,0.161745827984596
282273.411807,2779366.126422,0.0053142752428074,0.129375114531794,0.188198643943559,0.384643577056991,0.123144584936778,0.16932380428807
282773.411807,2779366.126422,0.0341347036153423,0.278950266103872,0.100201871903101,0.153239126445219,0.0418425399155808,0.391631492016884
283273.411807,2779366.126422,0.0493306436823767,0.0916926462497708,0.0311754997249221,0.215294333394462,0.0832569227947919,0.529249954153677
283773.411807,2779366.126422,0.250870441634598,0.0117280557082646,0.000183250870441635,0.10426974528129,0.047645226314825,0.585303280190581
284273.411807,2779366.126422,0.297485777206827,0.00550559735731327,0,0.0163332721600294,0.0288126261699394,0.651862727105891
284773.411807,2779366.126422,0.474050981111315,0.00330093526499175,0,0.00348432055749129,0.0366770584999083,0.482486704566294
285273.411807,2779366.126422,0.741433021806854,0.00128275609309144,0,0.00513102437236577,0.0144768187648891,0.2376763789628
285773.411807,2779366.126422,0.493852082951,0.00293631859056708,0,0.0306478252890439,0.0376215819416407,0.434942191227748
286273.411807,2779366.126422,0.513662204291216,0.000916926462497708,0,0.0254905556574363,0.0425453878598936,0.417384925728957
286773.411807,2779366.126422,0.656771119662818,0.00366501740883269,0,0.0124610591900312,0.0179585853032802,0.309144218435038
287273.411807,2779366.126422,0.289227381170857,0.0100935951550743,0,0.0220223894292531,0.0871719581574601,0.591484676087355
287773.411807,2779366.126422,0.445866393652419,0.0238034297414896,0,0.0255950857435372,0.132838495008958,0.371896595853596
275273.411807,2778866.126422,0.0222460466362905,0.0662020905923345,0.00857678906459394,0.152506030554811,0.142857142857143,0.607611900294827
275773.411807,2778866.126422,0.0425609979820216,0.0289855072463768,0,0.238855255916346,0.121445606310769,0.568152632544487
276273.411807,2778866.126422,0.0223443223443223,0.0481684981684982,0.000732600732600733,0.408241758241758,0.0717948717948718,0.448717948717949
276773.411807,2778866.126422,0.0214678899082569,0.0689908256880734,0,0.186788990825688,0.0695412844036697,0.653211009174312
277273.411807,2778866.126422,0.016694184553293,0.0779673454412034,0.198679141441937,0.20253164556962,0.0561364887176665,0.44799119427628
277773.411807,2778866.126422,0.00512820512820513,0.0657509157509158,0.401648351648352,0.205677655677656,0.0820512820512821,0.23974358974359
279773.411807,2778866.126422,0.118165137614679,0.0328440366972477,0,0.0719266055045872,0.0625688073394495,0.714495412844037
280273.411807,2778866.126422,0.0508163639699138,0.00807191341038342,0.000183452577508714,0.687396807925151,0.170060539350578,0.0834709227664649
280773.411807,2778866.126422,0.155677655677656,0.0987179487179487,0,0.0967032967032967,0.0542124542124542,0.594688644688645
281273.411807,2778866.126422,0.188256880733945,0.00110091743119266,0,0.0102752293577982,0.0205504587155963,0.779816513761468
281773.411807,2778866.126422,0.219776187855439,0.00238488350761328,0,0.00715465052283985,0.0273344340487984,0.743349844065309
282273.411807,2778866.126422,0.368864468864469,0.0258241758241758,0.0010989010989011,0.00641025641025641,0.111721611721612,0.486080586080586
282773.411807,2778866.126422,0.0594495412844037,0.0113761467889908,0.026605504587156,0.0073394495412844,0.0405504587155963,0.854678899082569
283273.411807,2778866.126422,0.522839845899835,0,0,0.00366905155017428,0.0124747752705926,0.461016327279398
283773.411807,2778866.126422,0.428937728937729,0.0119047619047619,0,0.0228937728937729,0.0294871794871795,0.506776556776557
284273.411807,2778866.126422,0.411743119266055,0.0104587155963303,0,0.0315596330275229,0.0988990825688073,0.447339449541284
284773.411807,2778866.126422,0.648871766648321,0.00623738763529628,0,0.00183452577508714,0.0121078701155751,0.33094844982572
285273.411807,2778866.126422,0.47014652014652,0.00256410256410256,0,0.000732600732600733,0.00311355311355311,0.523443223443223
285773.411807,2778866.126422,0.387339449541284,0.0110091743119266,0,0.0372477064220183,0.0699082568807339,0.494495412844037
286273.411807,2778866.126422,0.557879288203999,0.000733810310034856,0,0.0150431113557145,0.0442120711796001,0.382131718950651
286773.411807,2778866.126422,0.39029304029304,0,0,0.0622710622710623,0.148351648351648,0.399084249084249
287273.411807,2778866.126422,0.128256880733945,0.0515596330275229,0,0.0919266055045872,0.202018348623853,0.526238532110092
287773.411807,2778866.126422,0.302688860435339,0.00717029449423816,0,0.028169014084507,0.0622279129321383,0.599743918053777
275273.411807,2778366.126422,0.0171214553237025,0.173622257891921,0.00481540930979133,0.321562332798288,0.12760834670947,0.355270197966827
275773.411807,2778366.126422,0.0435897435897436,0.103479853479853,0,0.230952380952381,0.115201465201465,0.506776556776557
276273.411807,2778366.126422,0.0273193986065273,0.0925925925925926,0.00183351668500183,0.633663366336634,0.0850751741840851,0.15951595159516
276773.411807,2778366.126422,0.0344322344322344,0.0679487179487179,0.0201465201465201,0.578571428571429,0.105860805860806,0.193040293040293
277273.411807,2778366.126422,0.0858974358974359,0.0263736263736264,0.000732600732600733,0.320695970695971,0.165201465201465,0.401098901098901
277773.411807,2778366.126422,0.0394206087275394,0.024019068573524,0,0.0320865419875321,0.0304363769710304,0.874037403740374
278273.411807,2778366.126422,0.0214285714285714,0.000183150183150183,0,0.000183150183150183,0,0.978205128205128
278773.411807,2778366.126422,0.0771062271062271,0.0347985347985348,0,0.0763736263736264,0.0302197802197802,0.781501831501832
279273.411807,2778366.126422,0.357902456912358,0.000733406674000733,0.000916758342500917,0.00935093509350935,0.0408874220755409,0.59020902090209
279773.411807,2778366.126422,0.298901098901099,0.000915750915750916,0.00274725274725275,0.0221611721611722,0.0395604395604396,0.635714285714286
280273.411807,2778366.126422,0.235714285714286,0.00457875457875458,0.0186813186813187,0.0340659340659341,0.0456043956043956,0.661355311355311
280773.411807,2778366.126422,0.141914191419142,0.171250458379171,0,0.0306197286395306,0.111294462779611,0.544921158782545
281273.411807,2778366.126422,0.341575091575092,0.00494505494505494,0.00421245421245421,0.0353479853479853,0.152380952380952,0.461538461538462
281773.411807,2778366.126422,0.581135531135531,0.00293040293040293,0.000183150183150183,0.00531135531135531,0.030952380952381,0.379487179487179
282273.411807,2778366.126422,0.600843417675101,0.00311697836450312,0.00165016501650165,0.00055005500550055,0.00678401173450678,0.387055372203887
282773.411807,2778366.126422,0.147985347985348,0.0468864468864469,0.0358974358974359,0.0261904761904762,0.0771062271062271,0.665934065934066
283273.411807,2778366.126422,0.728937728937729,0.000549450549450549,0,0.000732600732600733,0.0168498168498168,0.252930402930403
283773.411807,2778366.126422,0.882654932159883,0,0,0,0.000183351668500183,0.117161716171617
284273.411807,2778366.126422,0.717032967032967,0,0,0.0043956043956044,0.01996336996337,0.258608058608059
284773.411807,2778366.126422,0.499267399267399,0.00457875457875458,0,0.00989010989010989,0.0353479853479853,0.450915750915751
285273.411807,2778366.126422,0.665749908324166,0.000916758342500917,0,0.00183351668500183,0.0128346167950128,0.318665199853319
285773.411807,2778366.126422,0.69010989010989,0.000732600732600733,0,0.00677655677655678,0.0141025641025641,0.288278388278388
286273.411807,2778366.126422,0.626007326007326,0.0175824175824176,0,0.00549450549450549,0.0263736263736264,0.324542124542125
286773.411807,2778366.126422,0.559405940594059,0.0254858819215255,0,0.00733406674000733,0.037037037037037,0.370737073707371
287273.411807,2778366.126422,0.629304029304029,0.000915750915750916,0,0.0205128205128205,0.0692307692307692,0.28003663003663
287773.411807,2778366.126422,0.527756459452545,0.00179073931951906,0,0.163213097979023,0.0700946533640317,0.237145049884881
275273.411807,2777866.126422,0.0613447629252612,0.0637556924725422,0.00455397803375301,0.40744709349049,0.147870345566568,0.315028127511385
275773.411807,2777866.126422,0.0320924261874198,0.0390610673024023,0,0.580597836053549,0.124701998899688,0.223546671556941
276273.411807,2777866.126422,0.0196078431372549,0.099321971779366,0,0.660252886201209,0.0665200659703134,0.154297232911856
276773.411807,2777866.126422,0.0212883097816113,0.0489998164800881,0.000367039823820885,0.739034685263351,0.119838502477519,0.0704716461736098
277273.411807,2777866.126422,0.0656519347148359,0.0673024023473317,0.000183385292499542,0.315239317806712,0.15202640748212,0.399596552356501
277773.411807,2777866.126422,0.085761407366685,0.043613707165109,0,0.423859263331501,0.175554333883086,0.271211288253619
278273.411807,2777866.126422,0.085887318774087,0.0473481372728941,0,0.0385391815011929,0.0385391815011929,0.789686180950633
278773.411807,2777866.126422,0.155143957454612,0.000366770584999083,0,0.000550155877498625,0.00275077938749312,0.841188336695397
279273.411807,2777866.126422,0.167308044713212,0.00659703133589885,0.0109950522264981,0.0109950522264981,0.104636247022173,0.699468572475719
279773.411807,2777866.126422,0.420627638098734,0.0146815929528354,0,0.00293631859056708,0.0183519911910442,0.54340245916682
280273.411807,2777866.126422,0.350449293966624,0,0,0,0,0.649550706033376
280773.411807,2777866.126422,0.170240058640279,0.0175920835623969,0.00201575957485798,0.0205240974894631,0.12112882536192,0.668499175371083
281273.411807,2777866.126422,0.305010093595155,0.0686364470545054,0,0.00440447788585061,0.0456964580657001,0.576252523398789
281773.411807,2777866.126422,0.275444709334311,0.04401247019989,0.0022006235099945,0.0366770584999083,0.124518613607189,0.517146524848707
282273.411807,2777866.126422,0.757559098405717,0.00403151914971596,0,0.00806303829943192,0.0344511636430273,0.195895180502107
282773.411807,2777866.126422,0.878693338227198,0,0,0.000367039823820885,0.00844191594788034,0.112497706001101
283273.411807,2777866.126422,0.801210342930497,0,0,0,0.0104529616724739,0.188336695397029
283773.411807,2777866.126422,0.565695437053326,0.000549752611324904,0,0.00311526479750779,0.0148433205057724,0.415796225032069
284273.411807,2777866.126422,0.588181317672968,0.00165167920719398,0,0.0146815929528354,0.0442282987704166,0.351257111396587
284773.411807,2777866.126422,0.690262240968274,0.000916926462497708,0,0.00550155877498625,0.0207225380524482,0.282596735741794
285273.411807,2777866.126422,0.555250137438153,0.000733003481766538,0,0.00329851566794942,0.0100787978742899,0.430639545537841
285773.411807,2777866.126422,0.575701963663057,0.000550559735731327,0,0.00440447788585061,0.02073775004588,0.398605248669481
286273.411807,2777866.126422,0.626994315055933,0.000366770584999083,0,0.004401247019989,0.0124701998899688,0.355767467449111
286773.411807,2777866.126422,0.529411764705882,0.000733003481766538,0,0.0042147700201576,0.0560747663551402,0.409565695437053
287273.411807,2777866.126422,0.708203340062397,0.0135804734813727,0.000183519911910442,0.00422095797394017,0.0189025509267756,0.254909157643604
287773.411807,2777866.126422,0.76273355515741,0.000511901714870745,0,0.0104939851548503,0.0232915280266189,0.20296902994625
275273.411807,2777366.126422,0.0241222192441705,0.194317877244707,0.0455641919056553,0.0967569016349504,0.0702224604663629,0.569016349504154
275773.411807,2777366.126422,0.0359567051917079,0.0671436433681893,0.000366905155017428,0.491286002568336,0.0961291506145661,0.309117593102183
276273.411807,2777366.126422,0.026007326007326,0.145787545787546,0,0.563919413919414,0.103113553113553,0.161172161172161
276773.411807,2777366.126422,0.0231192660550459,0.109357798165138,0.00275229357798165,0.711376146788991,0.055045871559633,0.098348623853211
277273.411807,2777366.126422,0.0399926618968997,0.0909924784443221,0,0.556228215006421,0.127316088791048,0.18547055586131
277773.411807,2777366.126422,0.151098901098901,0.0858974358974359,0,0.089010989010989,0.0802197802197802,0.593772893772894
278273.411807,2777366.126422,0.25743119266055,0.0152293577981651,0.00697247706422018,0.00256880733944954,0.0108256880733945,0.70697247706422
278773.411807,2777366.126422,0.249862410566868,0,0,0.00091726288754357,0.00220143093010457,0.747018895615483
279273.411807,2777366.126422,0.202747252747253,0.00604395604395604,0,0.00128205128205128,0.0373626373626374,0.752564102564103
279773.411807,2777366.126422,0.402018348623853,0.0163302752293578,0.0165137614678899,0.00568807339449541,0.023302752293578,0.536146788990826
280273.411807,2777366.126422,0.367272060172445,0.00091726288754357,0.000366905155017428,0.0117409649605577,0.0366905155017428,0.583012291322693
280773.411807,2777366.126422,0.202380952380952,0.00805860805860806,0.00128205128205128,0.000915750915750916,0.0181318681318681,0.769230769230769
281273.411807,2777366.126422,0.530091743119266,0.00073394495412844,0,0.00036697247706422,0.00935779816513761,0.459449541284404
281773.411807,2777366.126422,0.691983122362869,0.00366905155017428,0,0.00366905155017428,0.0456796917996698,0.254999082737112
282273.411807,2777366.126422,0.565567765567766,0.0106227106227106,0,0.0172161172161172,0.0705128205128205,0.336080586080586
282773.411807,2777366.126422,0.351743119266055,0.0152293577981651,0,0.00752293577981651,0.055045871559633,0.57045871559633
283273.411807,2777366.126422,0.746285085305449,0.000550357732526142,0,0.0066042927903137,0.0304531278664465,0.216107136305265
283773.411807,2777366.126422,0.796886446886447,0.000549450549450549,0,0.000549450549450549,0.00604395604395604,0.195970695970696
284273.411807,2777366.126422,0.663669724770642,0.000917431192660551,0,0.0218348623853211,0.126788990825688,0.186788990825688
284773.411807,2777366.126422,0.80884241423592,0,0,0.00311869381764814,0.021830856723537,0.166208035222895
285273.411807,2777366.126422,0.785347985347985,0,0,0.00805860805860806,0.0181318681318681,0.188461538461538
285773.411807,2777366.126422,0.682201834862385,0,0,0.00330275229357798,0.0163302752293578,0.298165137614679
286273.411807,2777366.126422,0.689414786277747,0.000183452577508714,0,0.000183452577508714,0.00550357732526142,0.304714731241974
286773.411807,2777366.126422,0.585531135531136,0.00183150183150183,0,0.00787545787545788,0.0371794871794872,0.367582417582418
287273.411807,2777366.126422,0.535779816513761,0.00495412844036697,0,0.0453211009174312,0.0587155963302752,0.355229357798165
287773.411807,2777366.126422,0.629193341869398,0.00153649167733675,0,0.00691421254801537,0.0161331626120359,0.346222791293214
275273.411807,2776866.126422,0.0671482075976458,0.137774210807919,0.0339753879079722,0.227661851257357,0.148475120385233,0.384965222043874
275773.411807,2776866.126422,0.0580586080586081,0.0364468864468864,0,0.257142857142857,0.105677655677656,0.542673992673993
276273.411807,2776866.126422,0.0744407774110744,0.151815181518152,0,0.295562889622296,0.158782544921159,0.319398606527319
276773.411807,2776866.126422,0.0525641025641026,0.445604395604396,0.00293040293040293,0.225274725274725,0.0714285714285714,0.202197802197802
277273.411807,2776866.126422,0.0992673992673993,0.225091575091575,0,0.15970695970696,0.0796703296703297,0.436263736263736
277773.411807,2776866.126422,0.052988632196553,0.0537220388705537,0,0.372570590392373,0.193252658599193,0.327466079941327
278273.411807,2776866.126422,0.445238095238095,0.0186813186813187,0,0.0298534798534799,0.0432234432234432,0.463003663003663
278773.411807,2776866.126422,0.102564102564103,0.0010989010989011,0,0.00622710622710623,0.0694139194139194,0.820695970695971
279273.411807,2776866.126422,0.297029702970297,0.000916758342500917,0,0.00568390172350568,0.048954895489549,0.647414741474147
279773.411807,2776866.126422,0.76996336996337,0.000366300366300366,0,0.00512820512820513,0.0184981684981685,0.206043956043956
280273.411807,2776866.126422,0.613369963369963,0.000366300366300366,0,0.00384615384615385,0.0210622710622711,0.361355311355311
280773.411807,2776866.126422,0.563256325632563,0.000733406674000733,0,0,0.00238357169050238,0.433626696002934
281273.411807,2776866.126422,0.176190476190476,0.0263736263736264,0.0782051282051282,0.00201465201465201,0.0144688644688645,0.702747252747253
281773.411807,2776866.126422,0.134249084249084,0.00769230769230769,0.0135531135531136,0.0379120879120879,0.113369963369963,0.693223443223443
282273.411807,2776866.126422,0.483681701503484,0.0148514851485149,0.00605060506050605,0.00715071507150715,0.0271360469380271,0.461129446277961
282773.411807,2776866.126422,0.878388278388278,0.000366300366300366,0,0.00347985347985348,0.0159340659340659,0.101831501831502
283273.411807,2776866.126422,0.479120879120879,0.028021978021978,0,0.00494505494505494,0.0252747252747253,0.462637362637363
283773.411807,2776866.126422,0.714154748808214,0.00348368170150348,0,0.0218188485515218,0.0979097909790979,0.162632929959663
284273.411807,2776866.126422,0.658241758241758,0.0146520146520147,0,0.0227106227106227,0.0842490842490843,0.22014652014652
284773.411807,2776866.126422,0.559340659340659,0.0021978021978022,0,0.0496336996336996,0.153113553113553,0.235714285714286
285273.411807,2776866.126422,0.803080308030803,0,0,0.00201686835350202,0.0121012101210121,0.182801613494683
285773.411807,2776866.126422,0.704395604395604,0.00146520146520147,0,0.00567765567765568,0.0307692307692308,0.257692307692308
286273.411807,2776866.126422,0.596703296703297,0.000183150183150183,0,0.00421245421245421,0.0516483516483516,0.347252747252747
286773.411807,2776866.126422,0.369453612027869,0.0264026402640264,0,0.0088008800880088,0.0632563256325633,0.532086541987532
287273.411807,2776866.126422,0.34010989010989,0.00549450549450549,0,0.0443223443223443,0.192307692307692,0.417765567765568
287773.411807,2776866.126422,0.638014837554362,0.0020465592223075,0,0.0516756203632643,0.0516756203632643,0.256587362496802
275273.411807,2776366.126422,0.013126171979641,0.305384409322261,0.0626841682293062,0.289847307795339,0.0672381462630592,0.261719796410394
275773.411807,2776366.126422,0.0412616908123968,0.111314872547222,0,0.618191821015954,0.120667522464698,0.108564093159729
276273.411807,2776366.126422,0.0403151914971596,0.402785413230713,0,0.0692688290269379,0.0536925050393989,0.433938061205791
276773.411807,2776366.126422,0.0311983850247752,0.147366489264085,0,0.283354743989723,0.100018351991191,0.438062029730226
277273.411807,2776366.126422,0.0106363469649734,0.022006235099945,0,0.904823033192738,0.0533651201173666,0.00916926462497708
277773.411807,2776366.126422,0.0947407000183251,0.0941909474070002,0,0.247388675096207,0.113615539673813,0.450064137804655
278273.411807,2776366.126422,0.277298586896678,0.0159662323362085,0.0047715177096715,0.0266103872270141,0.0601945311066251,0.615158744723802
278773.411807,2776366.126422,0.112231799009719,0.0265908674124335,0,0.0328259673574179,0.0546488171648634,0.773702549055566
279273.411807,2776366.126422,0.262415246472421,0.0047645226314825,0,0.00494777350192413,0.0648708081363387,0.663001649257834
279773.411807,2776366.126422,0.654615525784548,0.00770783630023858,0,0.0106441548908057,0.0590934116351624,0.267939071389246
280273.411807,2776366.126422,0.754813863928113,0.000183385292499542,0,0,0.000550155877498625,0.244452594901889
280773.411807,2776366.126422,0.785962983324171,0.00201575957485798,0.00238226131574125,0.000183250870441635,0.0053142752428074,0.204141469671981
281273.411807,2776366.126422,0.709120939621949,0.00256927876674619,0,0.000183519911910442,0.00311983850247752,0.285006423196917
281773.411807,2776366.126422,0.405098111131487,0.0187052998349532,0.00678525582248304,0.000550155877498625,0.011186502842472,0.557674674491106
282273.411807,2776366.126422,0.227231079347627,0.0371999266996518,0.0480117280557083,0.00274876305662452,0.0309693971046362,0.653839105735752
282773.411807,2776366.126422,0.566893007891356,0.00513855753349238,0,0.0141310332171041,0.0735914846760874,0.34024591668196
283273.411807,2776366.126422,0.6801760498808,0,0,0.0113698881349716,0.046396479002384,0.262057582981845
283773.411807,2776366.126422,0.333883085944658,0.00329851566794942,0,0.0197910940076965,0.0582737768004398,0.584753527579256
284273.411807,2776366.126422,0.449073224444852,0.00403743806202973,0,0.00293631859056708,0.0244081482840888,0.519544870618462
284773.411807,2776366.126422,0.492206125068769,0.0113698881349716,0,0.00605171465248487,0.0326425820649184,0.457729690078856
285273.411807,2776366.126422,0.425691772035917,0.0287703866593366,0,0.0109950522264981,0.0575407733186733,0.477002015759575
285773.411807,2776366.126422,0.556799412736282,0.00807487612405946,0,0.0137639933932832,0.0693705267021472,0.351991191044228
286273.411807,2776366.126422,0.636897120850908,0.0207225380524482,0,0.0133871263524665,0.0423620025673941,0.286631212176783
286773.411807,2776366.126422,0.595015576323987,0.00164925783397471,0,0.00439802089059923,0.0492944841487997,0.349642660802639
287273.411807,2776366.126422,0.646907689484309,0.00238575885483575,0,0.0260598274912828,0.0814828408882364,0.243163883281336
287773.411807,2776366.126422,0.353468134118249,0.00358331200409521,0,0.0726900435116458,0.0644996160737139,0.505758894292296
275273.411807,2775866.126422,0.0292146877512731,0.0415438220316269,0.0187617260787993,0.556955239882069,0.134280353792549,0.219244170463683
275773.411807,2775866.126422,0.0715465052283985,0.113373692900385,0.0238488350761328,0.119977985690699,0.0768666299761512,0.594386351128233
276273.411807,2775866.126422,0.15952380952381,0.0736263736263736,0,0.0258241758241758,0.0716117216117216,0.669413919413919
276773.411807,2775866.126422,0.0561467889908257,0.382935779816514,0,0.0770642201834862,0.0484403669724771,0.435412844036697
277273.411807,2775866.126422,0.0390753990093561,0.223078334250596,0.00623738763529628,0.326545587965511,0.0772335351311686,0.327829756008072
277773.411807,2775866.126422,0.0386446886446886,0.0879120879120879,0.00293040293040293,0.466666666666667,0.156227106227106,0.247619047619048
278273.411807,2775866.126422,0.261467889908257,0.0427522935779817,0.00018348623853211,0.0187155963302752,0.0871559633027523,0.589724770642202
278773.411807,2775866.126422,0.462850853054485,0.0221977618785544,0,0.107686662997615,0.137956338286553,0.269308383782792
279273.411807,2775866.126422,0.346703296703297,0.013003663003663,0,0.0315018315018315,0.137362637362637,0.471428571428571
279773.411807,2775866.126422,0.708990825688073,0.00788990825688073,0.00146788990825688,0.00385321100917431,0.0205504587155963,0.257247706422018
280273.411807,2775866.126422,0.491102549990827,0.00953953403045313,0,0.010273344340488,0.100532012474775,0.388552559163456
280773.411807,2775866.126422,0.722527472527473,0.000915750915750916,0,0.000915750915750916,0.00915750915750916,0.266483516483516
281273.411807,2775866.126422,0.590642201834862,0.00128440366972477,0,0.0106422018348624,0.046605504587156,0.350825688073394
281773.411807,2775866.126422,0.767565584296459,0.00110071546505228,0,0.00201797835259585,0.0183452577508714,0.210970464135021
282273.411807,2775866.126422,0.793589743589744,0,0,0.000915750915750916,0.00769230769230769,0.197802197802198
282773.411807,2775866.126422,0.766605504587156,0.00055045871559633,0,0.00844036697247706,0.0260550458715596,0.198348623853211
283273.411807,2775866.126422,0.379196477710512,0.00770500825536599,0,0.0709961474958723,0.368372775637498,0.173729590900752
283773.411807,2775866.126422,0.682234432234432,0.00402930402930403,0.0032967032967033,0.00476190476190476,0.0285714285714286,0.277106227106227
284273.411807,2775866.126422,0.783669724770642,0.00165137614678899,0,0.000917431192660551,0.00954128440366972,0.204220183486239
284773.411807,2775866.126422,0.667400476976702,0,0,0.00330214639515685,0.0106402494955054,0.318657127132636
285273.411807,2775866.126422,0.695238095238095,0.000366300366300366,0,0.00274725274725275,0.0512820512820513,0.2503663003663
285773.411807,2775866.126422,0.527522935779816,0.00146788990825688,0,0.0227522935779817,0.0724770642201835,0.375779816513761
286273.411807,2775866.126422,0.626490552192258,0.0550357732526142,0,0.0266006237387635,0.0515501742799486,0.240322876536415
286773.411807,2775866.126422,0.539377289377289,0.154945054945055,0,0.013003663003663,0.0476190476190476,0.245054945054945
287273.411807,2775866.126422,0.345504587155963,0.0915596330275229,0,0.0528440366972477,0.0711926605504587,0.438899082568807
287773.411807,2775866.126422,0.252496798975672,0.0058898847631242,0,0.297567221510883,0.179513444302177,0.264532650448143
275273.411807,2775366.126422,0.0409309791332263,0.0205992509363296,0,0.497057249866239,0.0626003210272873,0.378812199036918
275773.411807,2775366.126422,0.0527472527472527,0.0518315018315018,0.0100732600732601,0.425274725274725,0.12985347985348,0.33021978021978
276273.411807,2775366.126422,0.0903923725705904,0.0447378071140447,0.00586725339200587,0.104510451045105,0.118261826182618,0.636230289695636
276773.411807,2775366.126422,0.134432234432234,0.0335164835164835,0.000915750915750916,0.0701465201465201,0.13040293040293,0.630586080586081
277273.411807,2775366.126422,0.0864468864468864,0.218498168498168,0.00164835164835165,0.127472527472527,0.0767399267399267,0.489194139194139
277773.411807,2775366.126422,0.0627062706270627,0.362119545287862,0.0678401173450678,0.0555555555555556,0.0812247891455812,0.370553722038871
278273.411807,2775366.126422,0.0388278388278388,0.275824175824176,0.0505494505494506,0.24981684981685,0.0785714285714286,0.306410256410256
278773.411807,2775366.126422,0.0316849816849817,0.0833333333333333,0.00366300366300366,0.44010989010989,0.111721611721612,0.329487179487179
279273.411807,2775366.126422,0.0874587458745875,0.193619361936194,0.0157682434910158,0.167950128346168,0.145947928126146,0.389255592225889
279773.411807,2775366.126422,0.168131868131868,0.122161172161172,0,0.175824175824176,0.124908424908425,0.408974358974359
280273.411807,2775366.126422,0.241025641025641,0.0355311355311355,0.000915750915750916,0.0282051282051282,0.151282051282051,0.543040293040293
280773.411807,2775366.126422,0.364319765309864,0.026035936927026,0,0.0170517051705171,0.0601393472680601,0.532453245324532
281273.411807,2775366.126422,0.871611721611722,0.0010989010989011,0,0,0.00457875457875458,0.122710622710623
281773.411807,2775366.126422,0.613736263736264,0.000549450549450549,0,0.00805860805860806,0.0578754578754579,0.31978021978022
282273.411807,2775366.126422,0.708837550421709,0.00165016501650165,0,0.00971763843050972,0.0504217088375504,0.229372937293729
282773.411807,2775366.126422,0.817948717948718,0.00256410256410256,0.000366300366300366,0.00970695970695971,0.0274725274725275,0.141941391941392
283273.411807,2775366.126422,0.642673992673993,0.000915750915750916,0,0.0120879120879121,0.0283882783882784,0.315934065934066
283773.411807,2775366.126422,0.570773744041071,0.000366703337000367,0,0.0163182984965163,0.0612394572790612,0.351301796846351
284273.411807,2775366.126422,0.682783882783883,0.00256410256410256,0,0.0108058608058608,0.0393772893772894,0.264468864468864
284773.411807,2775366.126422,0.445604395604396,0.0117216117216117,0,0.145604395604396,0.202197802197802,0.194871794871795
285273.411807,2775366.126422,0.267326732673267,0.0144847818115145,0,0.0889255592225889,0.197103043637697,0.432159882654932
285773.411807,2775366.126422,0.720695970695971,0.000915750915750916,0,0.0032967032967033,0.0417582417582418,0.233333333333333
286273.411807,2775366.126422,0.662087912087912,0.028021978021978,0,0.00146520146520147,0.0250915750915751,0.283333333333333
286773.411807,2775366.126422,0.526402640264026,0.205170517051705,0,0.00715071507150715,0.026035936927026,0.235240190685735
287273.411807,2775366.126422,0.222527472527473,0.296336996336996,0,0.159340659340659,0.132234432234432,0.18956043956044
287773.411807,2775366.126422,0.0787925300588386,0.143514965464313,0.00997697620874904,0.289588129956511,0.214888718342287,0.263238679969302
275273.411807,2774866.126422,0,0.00669702652022502,0,0.207072060005358,0.0704527189927672,0.71577819448165
275773.411807,2774866.126422,0.0432789290298918,0.0960938932697598,0,0.225563909774436,0.155694113332111,0.479369154593802
276273.411807,2774866.126422,0.0813633864760858,0.036100421477002,0.0258383727322705,0.120579072750596,0.0984057174271578,0.637713029136888
276773.411807,2774866.126422,0.065149568728207,0.0289961460818499,0.0794641218572215,0.0275279867865663,0.0552394934850431,0.743622683061112
277273.411807,2774866.126422,0.015587749862461,0.0823399963322941,0.0770218228498075,0.286631212176783,0.133871263524665,0.404547955253989
277773.411807,2774866.126422,0.0784313725490196,0.07623236210372,0.105185999633498,0.0606560381161811,0.0765988638446033,0.602895363752978
278273.411807,2774866.126422,0.0425766195632226,0.23637364654065,0.0297302257294917,0.241695723986052,0.124977060011011,0.324646724169572
278773.411807,2774866.126422,0.0526315789473684,0.114799193104713,0.000366770584999083,0.523381624793692,0.177883733724555,0.130937098844673
279273.411807,2774866.126422,0.0525929998167491,0.183434121312076,0.000733003481766538,0.337181601612608,0.189114898295767,0.236943375481034
279773.411807,2774866.126422,0.0739585244999082,0.191227748210681,0,0.11635162415122,0.185538630941457,0.432923472196733
280273.411807,2774866.126422,0.072803961122318,0.224646983311938,0.00733541169998166,0.0496974142673758,0.118466898954704,0.527049330643682
280773.411807,2774866.126422,0.15246472420744,0.0809968847352025,0.00384826827927433,0.0597397837639729,0.166208539490563,0.536741799523548
281273.411807,2774866.126422,0.17838135437695,0.0497338961277299,0.000917599559552211,0.0752431638832813,0.146448889704533,0.549275096347954
281773.411807,2774866.126422,0.643498991380891,0.00311754997249221,0.000550155877498625,0.0306253438474234,0.0819732257472951,0.240234733174399
282273.411807,2774866.126422,0.939343961883819,0,0,0.00568077698369067,0.00293201392706615,0.0520432472054242
282773.411807,2774866.126422,0.761791154340246,0.0183519911910442,0,0.00917599559552211,0.0143145531290145,0.196366305744173
283273.411807,2774866.126422,0.770218228498074,0.000366770584999083,0,0.00550155877498625,0.013203741059967,0.210709701081973
283773.411807,2774866.126422,0.70295033901411,0.000733003481766538,0,0.00384826827927433,0.0164925783397471,0.275975810885102
284273.411807,2774866.126422,0.532207744540283,0.00201871903101487,0,0.0108276748027161,0.0409249403560286,0.414020921269958
284773.411807,2774866.126422,0.620942600403448,0.00586832935998533,0,0.0159545204474601,0.0218228498074454,0.335411699981661
285273.411807,2774866.126422,0.298149166208539,0.0159428257284222,0.000549752611324904,0.222649807586586,0.175920835623969,0.286787612241158
285773.411807,2774866.126422,0.383923655716645,0.0047715177096715,0,0.24481556248853,0.206826940723068,0.159662323362085
286273.411807,2774866.126422,0.448743810746378,0.00348432055749129,0,0.153860260407115,0.104529616724739,0.289381991564277
286773.411807,2774866.126422,0.520615722924684,0.0404984423676012,0,0.0300531427524281,0.0652373098772219,0.343595382078065
287273.411807,2774866.126422,0.118920902917967,0.0636814094329235,0,0.417324279684346,0.218205175261516,0.181868232703248
287773.411807,2774866.126422,0.0409521371896596,0.131046839006911,0,0.53596109546967,0.132582544151523,0.159457384182237
275273.411807,2774366.126422,0.0324309836504958,0.311980702224605,0.000268024658268561,0.0608415974269633,0.0905923344947735,0.503886357544894
275773.411807,2774366.126422,0.0552192258301229,0.214089157952669,0,0.247110621904238,0.0950284351495139,0.388552559163456
276273.411807,2774366.126422,0.0434065934065934,0.0465201465201465,0,0.58003663003663,0.146153846153846,0.183882783882784
276773.411807,2774366.126422,0.0695412844036697,0.0205504587155963,0,0.121467889908257,0.0845871559633028,0.703853211009174
277273.411807,2774366.126422,0.0730141258484682,0.019262520638415,0.032104201064025,0.0254999082737112,0.0552192258301229,0.794900018345258
277773.411807,2774366.126422,0.0413919413919414,0.658424908424908,0.0373626373626374,0.00549450549450549,0.0173992673992674,0.23992673992674
278273.411807,2774366.126422,0.0330275229357798,0.27394495412844,0.0429357798165138,0.171926605504587,0.0998165137614679,0.378348623853211
278773.411807,2774366.126422,0.0689781691432765,0.0399926618968997,0,0.617317923316823,0.137589433131535,0.136121812511466
279273.411807,2774366.126422,0.485714285714286,0.0278388278388278,0,0.0793040293040293,0.0684981684981685,0.338644688644689
279773.411807,2774366.126422,0.586238532110092,0.0330275229357798,0.00385321100917431,0.0115596330275229,0.0240366972477064,0.341284403669725
280273.411807,2774366.126422,0.549807374793616,0.0317372959090075,0.00165107319757843,0.0146762062006971,0.0783342505962209,0.32379379930288
280773.411807,2774366.126422,0.566666666666667,0.0261904761904762,0,0.0043956043956044,0.028021978021978,0.374725274725275
281273.411807,2774366.126422,0.477247706422018,0.171376146788991,0.00128440366972477,0.00660550458715596,0.0697247706422018,0.273761467889908
281773.411807,2774366.126422,0.157402311502477,0.237204182718767,0.00513667217024399,0.0799853237937993,0.172995780590717,0.347275729223996
282273.411807,2774366.126422,0.232234432234432,0.086996336996337,0,0.0706959706959707,0.133882783882784,0.476190476190476
282773.411807,2774366.126422,0.438899082568807,0.00752293577981651,0,0.0390825688073395,0.0838532110091743,0.430642201834862
283273.411807,2774366.126422,0.304898183819483,0.010273344340488,0,0.0467804072647221,0.0836543753439736,0.554393689231334
283773.411807,2774366.126422,0.267216117216117,0.00531135531135531,0,0.0243589743589744,0.101648351648352,0.601465201465201
284273.411807,2774366.126422,0.579266055045872,0.0036697247706422,0,0.0194495412844037,0.0541284403669725,0.34348623853211
284773.411807,2774366.126422,0.580810860392589,0.00385250412768299,0,0.0456796917996698,0.0458631443771785,0.32379379930288
285273.411807,2774366.126422,0.185164835164835,0.00714285714285714,0,0.309340659340659,0.264102564102564,0.234249084249084
285773.411807,2774366.126422,0.210642201834862,0.0159633027522936,0,0.349724770642202,0.210275229357798,0.213394495412844
286273.411807,2774366.126422,0.0862227114290956,0.0926435516419006,0,0.292606861126399,0.252247294074482,0.276279581728123
286773.411807,2774366.126422,0.26996336996337,0.0423076923076923,0,0.281318681318681,0.14981684981685,0.256593406593407
287273.411807,2774366.126422,0.0418348623853211,0.13302752293578,0.000917431192660551,0.500550458715596,0.130642201834862,0.19302752293578
287773.411807,2774366.126422,0.0419974391805378,0.137259923175416,0.00230473751600512,0.702688860435339,0.0806658130601793,0.0350832266325224
275273.411807,2773866.126422,0.052434456928839,0.366506153023007,0,0.0714285714285714,0.0639379347244516,0.445692883895131
275773.411807,2773866.126422,0.0263736263736264,0.232234432234432,0,0.288827838827839,0.105494505494505,0.347069597069597
276273.411807,2773866.126422,0.0374037403740374,0.0889255592225889,0,0.626145947928126,0.102310231023102,0.145214521452145
276773.411807,2773866.126422,0.121978021978022,0.184981684981685,0,0.078021978021978,0.0571428571428571,0.557875457875458
277273.411807,2773866.126422,0.0765567765567766,0.103296703296703,0.0377289377289377,0.263186813186813,0.105311355311355,0.413919413919414
277773.411807,2773866.126422,0.0869086908690869,0.124679134580125,0,0.210671067106711,0.0781078107810781,0.499633296663
278273.411807,2773866.126422,0.0510989010989011,0.134981684981685,0,0.447252747252747,0.124358974358974,0.242307692307692
278773.411807,2773866.126422,0.0754578754578755,0.0205128205128205,0.0010989010989011,0.670695970695971,0.124725274725275,0.107509157509158
279273.411807,2773866.126422,0.227539420608728,0.0227356068940227,0.00568390172350568,0.193436010267693,0.111844517785112,0.438760542720939
279773.411807,2773866.126422,0.578754578754579,0.000366300366300366,0,0.000183150183150183,0.00311355311355311,0.417582417582418
280273.411807,2773866.126422,0.804945054945055,0,0,0,0.000366300366300366,0.194688644688645
280773.411807,2773866.126422,0.821232123212321,0,0,0,0.00128346167950128,0.177484415108177
281273.411807,2773866.126422,0.783882783882784,0.000915750915750916,0,0.0010989010989011,0.00750915750915751,0.206593406593407
281773.411807,2773866.126422,0.707509157509158,0.0111721611721612,0,0,0.0010989010989011,0.28021978021978
282273.411807,2773866.126422,0.634030069673634,0.0187018701870187,0.000916758342500917,0.0148514851485149,0.0803080308030803,0.251191785845251
282773.411807,2773866.126422,0.356410256410256,0.0265567765567766,0,0.065018315018315,0.118681318681319,0.433333333333333
283273.411807,2773866.126422,0.435164835164835,0.00586080586080586,0.0113553113553114,0.00457875457875458,0.00549450549450549,0.537545787545788
283773.411807,2773866.126422,0.222588925559223,0.00201686835350202,0.000366703337000367,0.00293362669600293,0.00586725339200587,0.766226622662266
284273.411807,2773866.126422,0.281318681318681,0.00311355311355311,0.00476190476190476,0.0232600732600733,0.032051282051282,0.655494505494505
284773.411807,2773866.126422,0.438461538461538,0.0221611721611722,0,0.0891941391941392,0.135714285714286,0.314468864468864
285273.411807,2773866.126422,0.530986431976531,0.00201686835350202,0,0.081958195819582,0.0735240190685735,0.311514484781812
285773.411807,2773866.126422,0.141391941391941,0.0567765567765568,0,0.297985347985348,0.180952380952381,0.322893772893773
286273.411807,2773866.126422,0.0164835164835165,0.0945054945054945,0,0.482600732600733,0.218315018315018,0.188095238095238
286773.411807,2773866.126422,0.0258525852585259,0.130729739640631,0,0.612211221122112,0.118261826182618,0.112944627796113
287273.411807,2773866.126422,0.0747252747252747,0.114285714285714,0,0.548534798534799,0.130586080586081,0.131868131868132
287773.411807,2773866.126422,0.180353031465848,0.0496290611409568,0,0.390892811460732,0.132770529547199,0.246354566385265
275273.411807,2773366.126422,0.0892043932493973,0.0991159924993303,0.346370211626038,0.0192874363782481,0.0366997053308331,0.409322260916153
275773.411807,2773366.126422,0.0900421786172749,0.291582615074271,0,0.0302585732624244,0.053181734824867,0.534934898221163
276273.411807,2773366.126422,0.0328019058090526,0.191313908741067,0.207806487080814,0.123877588418545,0.0852116547553601,0.358988455195162
276773.411807,2773366.126422,0.0899247568361167,0.184988071205726,0,0.0979996329601762,0.118186823270325,0.508900715727656
277273.411807,2773366.126422,0.0610673024023473,0.061984228864845,0,0.603337612323492,0.119200440124702,0.154410416284614
277773.411807,2773366.126422,0.0399486897562763,0.0601062855048561,0.0386659336631849,0.595565328935312,0.115997800989555,0.149715961150815
278273.411807,2773366.126422,0.0343182235272527,0.0155991925123876,0,0.795191778307946,0.122958340979996,0.031932464672417
278773.411807,2773366.126422,0.0317256556024207,0.0212726939299468,0.00128369704749679,0.830185219145425,0.0876581698147808,0.0278745644599303
279273.411807,2773366.126422,0.128825361920469,0.0262048744731537,0,0.480117280557083,0.188931647425325,0.175920835623969
279773.411807,2773366.126422,0.785098183152872,0,0,0.000550559735731327,0.00623967700495504,0.208111580106442
280273.411807,2773366.126422,0.835320007335412,0,0,0,0,0.164679992664588
280773.411807,2773366.126422,0.645592816565879,0.000916254352208173,0,0,0.00201575957485798,0.351475169507055
281273.411807,2773366.126422,0.454945861625986,0.00385391815011929,0.00660671682877592,0.000367039823820885,0.00660671682877592,0.527619746742522
