"x","y","forest","agri","water","built","other","grass"
288273.411807,2765366.126422,0.861172161172161,0,0,0,0,0.138827838827839
288773.411807,2765366.126422,0.881467889908257,0.00110091743119266,0,0.00018348623853211,0.00495412844036697,0.112293577981651
289273.411807,2765366.126422,0.840396257567419,0,0,0,0.000550357732526142,0.159053384700055
289773.411807,2765366.126422,0.878388278388278,0.00146520146520147,0,0.000366300366300366,0.00293040293040293,0.116849816849817
290273.411807,2765366.126422,0.896697247706422,0,0,0.00018348623853211,0.00110091743119266,0.102018348623853
290773.411807,2765366.126422,0.824252430746652,0,0,0.000733810310034856,0.01284168042561,0.162172078517703
291273.411807,2765366.126422,0.74029304029304,0,0,0.00512820512820513,0.0230769230769231,0.231501831501832
291773.411807,2765366.126422,0.643853211009174,0.0018348623853211,0,0.00990825688073394,0.04,0.304403669724771
292273.411807,2765366.126422,0.15116492386718,0.0144927536231884,0,0.229132269308384,0.394606494221244,0.210603558980004
292773.411807,2765366.126422,0.0234432234432234,0.0159340659340659,0,0.766666666666667,0.184249084249084,0.00970695970695971
293273.411807,2765366.126422,0.0834862385321101,0.0396330275229358,0,0.504036697247706,0.248440366972477,0.124403669724771
293773.411807,2765366.126422,0.098147128967162,0.0306365804439552,0,0.480278847917813,0.222894881673088,0.168042560997982
294273.411807,2765366.126422,0.0752747252747253,0.0413919413919414,0.097985347985348,0.104212454212454,0.0725274725274725,0.608608058608059
294773.411807,2765366.126422,0.0506422018348624,0.0480733944954128,0.00128440366972477,0.522385321100917,0.217064220183486,0.160550458715596
295273.411807,2765366.126422,0.0950284351495139,0.0317372959090075,0,0.497706842781141,0.204182718767199,0.171344707393139
295773.411807,2765366.126422,0.0776556776556777,0.0397435897435897,0.0100732600732601,0.656776556776557,0.152014652014652,0.0637362637362637
296273.411807,2765366.126422,0.0522935779816514,0.0612844036697248,0.00256880733944954,0.722018348623853,0.118165137614679,0.0436697247706422
296773.411807,2765366.126422,0.0985140341221794,0.0473307649972482,0.00348559897266557,0.666850119244175,0.133920381581361,0.0498991010823702
297273.411807,2765366.126422,0.0875457875457875,0.0318681318681319,0.00402930402930403,0.65,0.114835164835165,0.111721611721612
297773.411807,2765366.126422,0.334311926605505,0.0176146788990826,0,0.247339449541284,0.084954128440367,0.315779816513761
298273.411807,2765366.126422,0.364336818932306,0.0183452577508714,0.00311869381764814,0.354980737479362,0.123463584663365,0.135754907356448
298773.411807,2765366.126422,0.0117216117216117,0.0144688644688645,0.00183150183150183,0.853663003663004,0.093040293040293,0.0252747252747253
299273.411807,2765366.126422,0.0240366972477064,0.0157798165137615,0.00440366972477064,0.864954128440367,0.0691743119266055,0.021651376146789
299773.411807,2765366.126422,0.0493487433498441,0.0359567051917079,0.0111906072280316,0.766464868831407,0.101999633094845,0.0350394423041644
300273.411807,2765366.126422,0.0961538461538462,0.034981684981685,0.00732600732600733,0.69010989010989,0.0978021978021978,0.0736263736263736
288273.411807,2764866.126422,0.771910524385772,0.000733406674000733,0,0.00055005500550055,0.0284195086175284,0.198386505317198
288773.411807,2764866.126422,0.697252747252747,0.000366300366300366,0,0.00164835164835165,0.0139194139194139,0.286813186813187
289273.411807,2764866.126422,0.772710622710623,0,0,0.00164835164835165,0.00146520146520147,0.224175824175824
289773.411807,2764866.126422,0.89035570223689,0,0,0.000366703337000367,0.00128346167950128,0.107994132746608
290273.411807,2764866.126422,0.870879120879121,0,0,0,0.000183150183150183,0.128937728937729
290773.411807,2764866.126422,0.79047619047619,0.000366300366300366,0,0.00146520146520147,0.0249084249084249,0.182783882783883
291273.411807,2764866.126422,0.602310231023102,0.0137513751375138,0,0.0137513751375138,0.212321232123212,0.157865786578658
291773.411807,2764866.126422,0.747069597069597,0.00293040293040293,0,0.00695970695970696,0.0736263736263736,0.169413919413919
292273.411807,2764866.126422,0.104761904761905,0.0217948717948718,0,0.45952380952381,0.356410256410256,0.0575091575091575
292773.411807,2764866.126422,0.0564723138980565,0.0161349468280161,0.00146681334800147,0.746791345801247,0.146314631463146,0.0328199486615328
293273.411807,2764866.126422,0.0578754578754579,0.0181318681318681,0.000366300366300366,0.742124542124542,0.144322344322344,0.0371794871794872
293773.411807,2764866.126422,0.0316849816849817,0.028021978021978,0,0.586630036630037,0.211172161172161,0.142490842490842
294273.411807,2764866.126422,0.0137513751375138,0.0133846718005134,0.092959295929593,0.0410707737440411,0.0878254492115878,0.751008434176751
294773.411807,2764866.126422,0.147985347985348,0.0234432234432234,0.000183150183150183,0.266849816849817,0.224542124542125,0.336996336996337
295273.411807,2764866.126422,0.151282051282051,0.0371794871794872,0.0032967032967033,0.38956043956044,0.141208791208791,0.277472527472527
295773.411807,2764866.126422,0.151265126512651,0.0234690135680235,0.000183351668500183,0.441877521085442,0.174917491749175,0.208287495416208
296273.411807,2764866.126422,0.0529304029304029,0.0205128205128205,0.00146520146520147,0.68974358974359,0.138461538461538,0.0968864468864469
296773.411807,2764866.126422,0.163369963369963,0.0307692307692308,0.000549450549450549,0.368315018315018,0.171978021978022,0.265018315018315
297273.411807,2764866.126422,0.0401540154015402,0.0099009900990099,0.00476714338100477,0.851118445177851,0.0672900623395673,0.0267693436010268
297773.411807,2764866.126422,0.177655677655678,0.0895604395604396,0,0.514468864468864,0.115750915750916,0.102564102564103
298273.411807,2764866.126422,0.368681318681319,0.0331501831501832,0,0.154029304029304,0.117765567765568,0.326373626373626
298773.411807,2764866.126422,0.143931059772644,0.0306197286395306,0.00165016501650165,0.285111844517785,0.172900623395673,0.365786578657866
299273.411807,2764866.126422,0.393406593406593,0.0302197802197802,0.00897435897435897,0.179304029304029,0.138278388278388,0.24981684981685
299773.411807,2764866.126422,0.0985347985347985,0.0443223443223443,0.00677655677655678,0.615384615384615,0.197985347985348,0.036996336996337
300273.411807,2764866.126422,0.48973230656399,0.0188852218555189,0.0113678034470114,0.306563989732307,0.0933259992665933,0.0801246791345801
288273.411807,2764366.126422,0.871724390690856,0.000549752611324904,0,0.000366501740883269,0.00494777350192413,0.122411581455012
288773.411807,2764366.126422,0.924022756469077,0,0,0,0.000734079647641769,0.0752431638832813
289273.411807,2764366.126422,0.864661654135338,0.000183385292499542,0,0.000183385292499542,0.00495140289748762,0.130020172382175
289773.411807,2764366.126422,0.787795492028587,0,0,0.00201575957485798,0.00568077698369067,0.204507971412864
290273.411807,2764366.126422,0.828959442099468,0,0,0.000734079647641769,0.00550559735731327,0.164800880895577
290773.411807,2764366.126422,0.913075371355217,0.000550155877498625,0,0.000916926462497708,0.004401247019989,0.0810562992847974
291273.411807,2764366.126422,0.836723474436504,0.000183250870441635,0,0.000549752611324904,0.00568077698369067,0.156862745098039
291773.411807,2764366.126422,0.306845292714259,0.0267939071389246,0,0.189392549091576,0.410534042943659,0.0664342081115801
292273.411807,2764366.126422,0.0221896203924445,0.00586832935998533,0.000366770584999083,0.678892352833303,0.283146891619292,0.00953603520997616
292773.411807,2764366.126422,0.0718343412131208,0.0322521531977277,0.00256551218618288,0.599230346344145,0.212021257100971,0.0820963899578523
293273.411807,2764366.126422,0.0695540466140576,0.0121123141860892,0.000917599559552211,0.731510368875023,0.160579922921637,0.025325747843641
293773.411807,2764366.126422,0.0792224463598019,0.0416284613973959,0.108930863744728,0.206675224646983,0.291215844489272,0.272327159361819
294273.411807,2764366.126422,0.0163093274693055,0.0617555433388309,0.0619387942092725,0.0575407733186733,0.105552501374382,0.696903060289536
294773.411807,2764366.126422,0.0411084602679391,0.0242246283721784,0.000367039823820885,0.735180767113232,0.131583776839787,0.0675353275830428
295273.411807,2764366.126422,0.0674857876398313,0.0119200440124702,0.00275077938749312,0.724922061250688,0.121584448927196,0.0713368787823217
295773.411807,2764366.126422,0.0861279091075683,0.0353674179952355,0.00806303829943192,0.680043980208906,0.151181968114349,0.0392156862745098
296273.411807,2764366.126422,0.158377683978712,0.0451458983299688,0.00532207744540283,0.493485043127179,0.181501192879427,0.11616810423931
296773.411807,2764366.126422,0.110764716669723,0.0386942967174033,0.0185219145424537,0.586649550706033,0.165413533834586,0.0799559875298001
297273.411807,2764366.126422,0.0172255818215137,0.0166758292101887,0.00659703133589885,0.885834707714862,0.0652373098772219,0.00842954004031519
297773.411807,2764366.126422,0.184988071205726,0.0368875022939989,0,0.426867315103689,0.197650945127546,0.15360616626904
298273.411807,2764366.126422,0.656335961855859,0.0148542086924629,0,0.0122868145974693,0.0783055198973042,0.238217494956904
298773.411807,2764366.126422,0.345794392523364,0.0373831775700935,0,0.147150448964633,0.175920835623969,0.29375114531794
299273.411807,2764366.126422,0.429620113782345,0.0100935951550743,0,0.115617544503579,0.171591117636264,0.273077628922738
299773.411807,2764366.126422,0.588850174216028,0.0190720704199523,0.000183385292499542,0.086007702182285,0.139739592884651,0.166147075004585
300273.411807,2764366.126422,0.79824079164376,0.00384826827927433,0,0.023089609675646,0.0485614806670332,0.126259849734286
288273.411807,2763866.126422,0.898168498168498,0.000732600732600733,0,0.000366300366300366,0.00457875457875458,0.0961538461538462
288773.411807,2763866.126422,0.941651376146789,0,0,0,0.00055045871559633,0.0577981651376147
289273.411807,2763866.126422,0.833241607044579,0.00201797835259585,0,0.00091726288754357,0.0236653824986241,0.140157769216657
289773.411807,2763866.126422,0.978021978021978,0,0,0,0,0.021978021978022
290273.411807,2763866.126422,0.837981651376147,0,0,0.00055045871559633,0.0157798165137615,0.145688073394495
290773.411807,2763866.126422,0.776738213171895,0.0113740598055403,0,0.0163272793982755,0.0959456980370574,0.0996147495872317
291273.411807,2763866.126422,0.482417582417582,0.00366300366300366,0,0.201465201465201,0.188095238095238,0.124358974358974
291773.411807,2763866.126422,0.0376146788990826,0.00825688073394495,0.00055045871559633,0.599266055045872,0.342018348623853,0.0122935779816514
292273.411807,2763866.126422,0.0858558062740782,0.0148596587782058,0.00110071546505228,0.622821500642084,0.230049532195927,0.0453127866446524
292773.411807,2763866.126422,0.0866300366300366,0.0326007326007326,0.00183150183150183,0.575091575091575,0.227289377289377,0.0765567765567766
293273.411807,2763866.126422,0.178165137614679,0.0141284403669725,0.00073394495412844,0.31302752293578,0.247522935779817,0.246422018348624
293773.411807,2763866.126422,0.0719134103834159,0.110254999082737,0.2652724270776,0.0133920381581361,0.0730141258484682,0.466152999449642
294273.411807,2763866.126422,0.0598901098901099,0.0492673992673993,0.0120879120879121,0.184065934065934,0.170695970695971,0.523992673992674
294773.411807,2763866.126422,0.0706422018348624,0.0398165137614679,0.0185321100917431,0.648623853211009,0.153761467889908,0.0686238532110092
295273.411807,2763866.126422,0.0798018712162906,0.116859291873051,0.0110071546505228,0.457714180884241,0.168226013575491,0.166391487800404
295773.411807,2763866.126422,0.114468864468864,0.058974358974359,0.00311355311355311,0.529304029304029,0.185714285714286,0.108424908424908
296273.411807,2763866.126422,0.131009174311927,0.0587155963302752,0.0135779816513761,0.55302752293578,0.160183486238532,0.0834862385321101
296773.411807,2763866.126422,0.244542285819116,0.0456796917996698,0.00715465052283985,0.310768666299762,0.155567785727389,0.236286919831224
297273.411807,2763866.126422,0.194871794871795,0.0271062271062271,0.00915750915750916,0.391208791208791,0.176556776556777,0.201098901098901
297773.411807,2763866.126422,0.563669724770642,0.0135779816513761,0,0.0609174311926605,0.0972477064220184,0.264587155963303
298273.411807,2763866.126422,0.745367822417905,0.00311869381764814,0,0.00201797835259585,0.0132085855806274,0.236286919831224
298773.411807,2763866.126422,0.667582417582418,0.0168498168498168,0,0.0102564102564103,0.0595238095238095,0.245787545787546
299273.411807,2763866.126422,0.670091743119266,0.0187155963302752,0,0.0256880733944954,0.146422018348624,0.139082568807339
299773.411807,2763866.126422,0.649789029535865,0.00513667217024399,0,0.0335718216840947,0.0950284351495139,0.216474041460283
300273.411807,2763866.126422,0.812087912087912,0.000549450549450549,0,0.00622710622710623,0.0358974358974359,0.145238095238095
288273.411807,2763366.126422,0.903373670700403,0,0,0.000183351668500183,0.00201686835350202,0.0944261092775944
288773.411807,2763366.126422,0.946520146520146,0,0,0,0,0.0534798534798535
289273.411807,2763366.126422,0.861721611721612,0,0,0.000549450549450549,0.00512820512820513,0.132600732600733
289773.411807,2763366.126422,0.905757242390906,0,0,0.000183351668500183,0.00165016501650165,0.0924092409240924
290273.411807,2763366.126422,0.36978021978022,0.0128205128205128,0,0.000366300366300366,0.110805860805861,0.506227106227106
290773.411807,2763366.126422,0.192490842490843,0.023992673992674,0,0.130952380952381,0.508241758241758,0.144322344322344
291273.411807,2763366.126422,0.0533553355335534,0.00843417675100843,0,0.627246057939127,0.274294096076274,0.0366703337000367
291773.411807,2763366.126422,0.0267399267399267,0.00531135531135531,0,0.71996336996337,0.159157509157509,0.0888278388278388
292273.411807,2763366.126422,0.0228937728937729,0.0175824175824176,0,0.694688644688645,0.155494505494505,0.109340659340659
292773.411807,2763366.126422,0.0843417675100843,0.0524385771910524,0,0.398606527319399,0.183168316831683,0.281444811147781
293273.411807,2763366.126422,0.153846153846154,0.0853479853479854,0.155860805860806,0.0358974358974359,0.0879120879120879,0.481135531135531
293773.411807,2763366.126422,0.0626373626373626,0.0641025641025641,0.0032967032967033,0.0179487179487179,0.108608058608059,0.743406593406593
294273.411807,2763366.126422,0.112211221122112,0.0447378071140447,0.0077007700770077,0.4004400440044,0.271910524385772,0.162999633296663
294773.411807,2763366.126422,0.0604395604395604,0.0714285714285714,0.00274725274725275,0.631135531135531,0.185347985347985,0.0489010989010989
295273.411807,2763366.126422,0.194871794871795,0.0551282051282051,0.00531135531135531,0.283150183150183,0.193772893772894,0.267765567765568
295773.411807,2763366.126422,0.298679867986799,0.0555555555555556,0,0.311514484781812,0.167766776677668,0.166483314998166
296273.411807,2763366.126422,0.13956043956044,0.0291208791208791,0.00164835164835165,0.374542124542125,0.196886446886447,0.258241758241758
296773.411807,2763366.126422,0.27967032967033,0.0238095238095238,0.000183150183150183,0.299450549450549,0.181868131868132,0.215018315018315
297273.411807,2763366.126422,0.37990465713238,0.0155848918225156,0.00971763843050972,0.202420242024202,0.228089475614228,0.164283094976164
297773.411807,2763366.126422,0.455677655677656,0.0142857142857143,0,0.196520146520147,0.148901098901099,0.184615384615385
298273.411807,2763366.126422,0.882967032967033,0,0,0.000183150183150183,0.000366300366300366,0.116483516483516
298773.411807,2763366.126422,0.715254858819215,0,0,0.0106343967730106,0.0108177484415108,0.263292995966263
299273.411807,2763366.126422,0.805677655677656,0,0,0.0179487179487179,0.0159340659340659,0.16043956043956
299773.411807,2763366.126422,0.467582417582418,0.00366300366300366,0,0.18021978021978,0.155494505494505,0.193040293040293
300273.411807,2763366.126422,0.601943527686102,0.00605060506050605,0,0.0319031903190319,0.105610561056106,0.254492115878254
288273.411807,2762866.126422,0.827560930914422,0.000916254352208173,0,0.00128275609309144,0.023089609675646,0.147150448964633
288773.411807,2762866.126422,0.90053220774454,0,0,0.000367039823820885,0,0.0991007524316388
289273.411807,2762866.126422,0.675408032275811,0.0159545204474601,0,0.00238400880249404,0.123234916559692,0.183018521914542
289773.411807,2762866.126422,0.385010078797874,0.0329851566794942,0,0.0390324354040682,0.39343961883819,0.149532710280374
290273.411807,2762866.126422,0.158561203890622,0.0524866948063865,0,0.164617360983667,0.53110662506882,0.0932281152505047
290773.411807,2762866.126422,0.0825233816247937,0.0183385292499542,0,0.346231432239134,0.517513295433706,0.0353933614524115
291273.411807,2762866.126422,0.0800806303829943,0.026571376214037,0,0.487264064504306,0.270661535642294,0.135422393256368
291773.411807,2762866.126422,0.125894659570563,0.0231235089007157,0,0.247751881079097,0.249220040374381,0.354009910075243
292273.411807,2762866.126422,0.126719237117183,0.0110031175499725,0.000916926462497708,0.178250504309554,0.33192737942417,0.351182835136622
292773.411807,2762866.126422,0.12112882536192,0.116364302730438,0.036100421477002,0.0208905992303463,0.0428807036833425,0.662635147516951
293273.411807,2762866.126422,0.0897412369242063,0.0339511837034318,0.0752431638832813,0.0277115066984768,0.0144980730409249,0.758854835749679
293773.411807,2762866.126422,0.0498807995598753,0.0291582615074271,0.0207225380524482,0.540436456996149,0.136988813497158,0.222813130386943
294273.411807,2762866.126422,0.0395821880153931,0.00989554700384827,0.000183250870441635,0.822063404801173,0.11324903793293,0.015026571376214
294773.411807,2762866.126422,0.181868232703248,0.0233070288126262,0.00220223894292531,0.446320425766196,0.204808221692054,0.141493852082951
295273.411807,2762866.126422,0.490739042728773,0.00770218228498074,0,0.110214560792224,0.117183201907207,0.274161012286815
295773.411807,2762866.126422,0.515484698552318,0.00439802089059923,0.000733003481766538,0.0371999266996518,0.0855781564962434,0.356606193879421
296273.411807,2762866.126422,0.318407047164617,0.012846393833731,0.00146815929528354,0.299137456414021,0.183152872086621,0.184988071205726
296773.411807,2762866.126422,0.787639831285531,0.000733541169998166,0,0.0104529616724739,0.035209976159912,0.165963689712085
297273.411807,2762866.126422,0.881619937694704,0.000183250870441635,0,0,0.00164925783397471,0.11654755360088
297773.411807,2762866.126422,0.82161864562305,0.00238575885483575,0,0.0012846393833731,0.0214718296935217,0.153239126445219
298273.411807,2762866.126422,0.796809095910508,0.00238400880249404,0,0.00586832935998533,0.0315422703099211,0.163396295617092
298773.411807,2762866.126422,0.755909840571743,0.000366501740883269,0,0.00164925783397471,0.0144768187648891,0.22759758108851
299273.411807,2762866.126422,0.756102037071022,0.00165167920719398,0,0.00330335841438796,0.0267939071389246,0.212149018168471
299773.411807,2762866.126422,0.725655602420686,0.000733541169998166,0,0.00330093526499175,0.0179717586649551,0.252338162479369
300273.411807,2762866.126422,0.66703316840755,0.0128275609309144,0,0.0203408466190214,0.0907091808686091,0.209089243173905
288273.411807,2762366.126422,0.687728937728938,0.0166666666666667,0,0.00201465201465201,0.0391941391941392,0.254395604395604
288773.411807,2762366.126422,0.581651376146789,0.0245871559633028,0,0.00293577981651376,0.135779816513761,0.255045871559633
289273.411807,2762366.126422,0.21115391671253,0.0198128783709411,0,0.00953953403045313,0.299394606494221,0.460099064391855
289773.411807,2762366.126422,0.108424908424908,0.05,0,0.0382783882783883,0.399450549450549,0.403846153846154
290273.411807,2762366.126422,0.0640366972477064,0.184770642201835,0.00458715596330275,0.098348623853211,0.338532110091743,0.309724770642202
290773.411807,2762366.126422,0.0487983856173179,0.13832324344157,0.019262520638415,0.203632361034673,0.227297743533297,0.362685745734728
291273.411807,2762366.126422,0.0531135531135531,0.124725274725275,0.00604395604395604,0.108058608058608,0.212637362637363,0.495421245421245
291773.411807,2762366.126422,0.00422018348623853,0.0974311926605505,0.00495412844036697,0.0242201834862385,0.199449541284404,0.669724770642202
292273.411807,2762366.126422,0.0199963309484498,0.136488717666483,0.0792515134837644,0.0379746835443038,0.0275178866263071,0.698770867730692
292773.411807,2762366.126422,0.105677655677656,0.118864468864469,0.056043956043956,0.215934065934066,0.116300366300366,0.387179487179487
293273.411807,2762366.126422,0.0724770642201835,0.0124770642201835,0.00238532110091743,0.578348623853211,0.221651376146789,0.112660550458716
293773.411807,2762366.126422,0.235002751788663,0.0161438268207668,0.000733810310034856,0.394789946798753,0.173546138323243,0.17978352595854
294273.411807,2762366.126422,0.0728937728937729,0.00787545787545788,0.00201465201465201,0.707326007326007,0.167765567765568,0.0421245421245421
294773.411807,2762366.126422,0.169174311926606,0.0108256880733945,0.0018348623853211,0.33651376146789,0.137614678899083,0.344036697247706
295273.411807,2762366.126422,0.307833425059622,0.0122913226930838,0.000183452577508714,0.131902403228765,0.146395156851954,0.401394239589066
295773.411807,2762366.126422,0.703113553113553,0.00183150183150183,0,0.0113553113553114,0.0305860805860806,0.253113553113553
296273.411807,2762366.126422,0.515412844036697,0.0102752293577982,0.00128440366972477,0.0759633027522936,0.145137614678899,0.251926605504587
296773.411807,2762366.126422,0.770133920381581,0,0,0.00110071546505228,0.00440286186020914,0.224362502293157
297273.411807,2762366.126422,0.932967032967033,0,0,0,0,0.067032967032967
297773.411807,2762366.126422,0.854678899082569,0,0,0,0.00128440366972477,0.144036697247706
298273.411807,2762366.126422,0.828655292606861,0,0,0.000733810310034856,0.00165107319757843,0.168959823885526
298773.411807,2762366.126422,0.856410256410256,0,0,0,0.000366300366300366,0.143223443223443
299273.411807,2762366.126422,0.754678899082569,0.00073394495412844,0,0,0.0018348623853211,0.242752293577982
299773.411807,2762366.126422,0.936525408181985,0.000366905155017428,0,0.000183452577508714,0.00715465052283985,0.0557695835626491
300273.411807,2762366.126422,0.930769230769231,0,0,0,0,0.0692307692307692
288273.411807,2761866.126422,0.40979097909791,0.0155848918225156,0,0.00605060506050605,0.0722405573890722,0.496332966629996
288773.411807,2761866.126422,0.0673992673992674,0.0032967032967033,0,0.00128205128205128,0.0197802197802198,0.908241758241758
289273.411807,2761866.126422,0.06996336996337,0.131135531135531,0.00457875457875458,0.00750915750915751,0.0404761904761905,0.746336996336996
289773.411807,2761866.126422,0.0504217088375504,0.11954528786212,0,0.190869086908691,0.39017235056839,0.248991565823249
290273.411807,2761866.126422,0.0794871794871795,0.0133699633699634,0,0.0985347985347985,0.329487179487179,0.479120879120879
290773.411807,2761866.126422,0.0941391941391941,0.0212454212454212,0,0.105311355311355,0.257875457875458,0.521428571428571
291273.411807,2761866.126422,0.154565456545655,0.0647231389805647,0.0326365969930326,0.0427209387605427,0.0924092409240924,0.612944627796113
291773.411807,2761866.126422,0.0131868131868132,0.00787545787545788,0,0.171978021978022,0.217399267399267,0.58956043956044
292273.411807,2761866.126422,0.0172161172161172,0.0179487179487179,0,0.560805860805861,0.303296703296703,0.100732600732601
292773.411807,2761866.126422,0.0392372570590392,0.0166850018335167,0.00146681334800147,0.71965529886322,0.187202053538687,0.0357535753575358
293273.411807,2761866.126422,0.0717948717948718,0.0261904761904762,0.00293040293040293,0.578021978021978,0.207692307692308,0.113369963369963
293773.411807,2761866.126422,0.106593406593407,0.0243589743589744,0.00293040293040293,0.615384615384615,0.131501831501832,0.119230769230769
294273.411807,2761866.126422,0.108727539420609,0.0143014301430143,0.00238357169050238,0.61001100110011,0.157315731573157,0.107260726072607
294773.411807,2761866.126422,0.243956043956044,0.00915750915750916,0.000183150183150183,0.106593406593407,0.120512820512821,0.51959706959707
295273.411807,2761866.126422,0.615384615384615,0.000183150183150183,0.000549450549450549,0.0531135531135531,0.0412087912087912,0.28956043956044
295773.411807,2761866.126422,0.946828016134947,0,0,0,0.000366703337000367,0.0528052805280528
296273.411807,2761866.126422,0.654578754578755,0.00293040293040293,0.00128205128205128,0.0245421245421245,0.128021978021978,0.188644688644689
296773.411807,2761866.126422,0.889194139194139,0.000366300366300366,0,0.00183150183150183,0.00494505494505494,0.103663003663004
297273.411807,2761866.126422,0.745874587458746,0.00256692335900257,0,0.00641730839750642,0.0368536853685369,0.208287495416208
297773.411807,2761866.126422,0.846703296703297,0.000915750915750916,0,0.00201465201465201,0.0203296703296703,0.13003663003663
298273.411807,2761866.126422,0.784249084249084,0.00293040293040293,0,0.0153846153846154,0.0987179487179487,0.0987179487179487
298773.411807,2761866.126422,0.557022368903557,0.00788412174550788,0,0.0297029702970297,0.224055738907224,0.181334800146681
299273.411807,2761866.126422,0.721978021978022,0.000732600732600733,0,0.0324175824175824,0.118681318681319,0.126190476190476
299773.411807,2761866.126422,0.876556776556777,0.000732600732600733,0,0.000549450549450549,0.0141025641025641,0.108058608058608
300273.411807,2761866.126422,0.933993399339934,0,0,0,0,0.066006600660066
288273.411807,2761366.126422,0.0639545537841305,0.150082462891699,0,0.00238226131574125,0.0313358988455195,0.75224482316291
288773.411807,2761366.126422,0.112681225913012,0.0917599559552211,0.00972655533125344,0.0748761240594605,0.32372912461002,0.387227014131033
289273.411807,2761366.126422,0.0718870346598203,0.0260407115349349,0,0.173665871997066,0.399229781771502,0.329176600036677
289773.411807,2761366.126422,0.0661535642294301,0.0141103170240059,0,0.394355873190398,0.325820047645226,0.19956019791094
290273.411807,2761366.126422,0.1036887502294,0.0354193429987154,0,0.148651128647458,0.261699394384291,0.450541383740136
290773.411807,2761366.126422,0.199523198239501,0.0276911791674308,0,0.169448010269576,0.242068586099395,0.361269026224097
291273.411807,2761366.126422,0.140003665017409,0.0590067802822063,0.0139270661535642,0.177386842587502,0.15356422943009,0.456111416529228
291773.411807,2761366.126422,0.107542668379519,0.0328500642319692,0.000183519911910442,0.572215085336759,0.242796843457515,0.044411818682327
292273.411807,2761366.126422,0.088391710984779,0.0232899321474418,0.00385109114249037,0.550339262791124,0.210893086374473,0.123234916559692
292773.411807,2761366.126422,0.365585486531061,0.0137438152831226,0.00311526479750779,0.294667399670148,0.164009529045263,0.158878504672897
293273.411807,2761366.126422,0.264819232886768,0.0161497522481189,0.00146815929528354,0.276931547072857,0.151403927326115,0.289227381170857
293773.411807,2761366.126422,0.305886667889235,0.0128369704749679,0.00623509994498441,0.17219878965707,0.174399413167064,0.328443058866679
294273.411807,2761366.126422,0.602712112882536,0.00238226131574125,0,0.0524097489463075,0.0793476269012278,0.263148249954187
294773.411807,2761366.126422,0.613140025692788,0.00238575885483575,0,0.0629473297852817,0.125160579922922,0.196366305744173
295273.411807,2761366.126422,0.518430221896204,0.000366770584999083,0,0.00330093526499175,0.0128369704749679,0.465065101778837
295773.411807,2761366.126422,0.812534359538208,0,0,0.00201575957485798,0.00641378046545721,0.179036100421477
296273.411807,2761366.126422,0.691319508166636,0.00623967700495504,0,0.0102771150669848,0.073040924940356,0.219122774821068
296773.411807,2761366.126422,0.650467632495874,0.00421786172748946,0,0.00953603520997616,0.0412616908123968,0.294516779754264
297273.411807,2761366.126422,0.800806303829943,0.00879604178119846,0.000916254352208173,0.0042147700201576,0.0241891148982958,0.161077515118197
297773.411807,2761366.126422,0.687098550192696,0.00715727656450725,0,0.0102771150669848,0.114332905120206,0.181134153055607
298273.411807,2761366.126422,0.453145057766367,0.00861910874747845,0,0.0306253438474234,0.271777003484321,0.23583348615441
298773.411807,2761366.126422,0.541872823895914,0.0161260765988638,0,0.0106285504856148,0.260216236027121,0.171156312992487
299273.411807,2761366.126422,0.722701413103322,0.000367039823820885,0,0.00183519911910442,0.0130299137456414,0.262066434208112
299773.411807,2761366.126422,0.923711718320191,0.00256739409499358,0,0.000183385292499542,0.00586832935998533,0.0676691729323308
300273.411807,2761366.126422,0.721275426058274,0.009529045262965,0,0.0119113065787062,0.087777166941543,0.169507055158512
288273.411807,2760866.126422,0.151831501831502,0.0032967032967033,0,0.0177655677655678,0.148717948717949,0.678388278388278
288773.411807,2760866.126422,0.10605504587156,0.0205504587155963,0,0.076697247706422,0.365871559633028,0.430825688073394
289273.411807,2760866.126422,0.0970464135021097,0.0286186020913594,0,0.205650339387268,0.279031370390754,0.389653274628509
289773.411807,2760866.126422,0.0672161172161172,0.0730769230769231,0,0.154761904761905,0.16043956043956,0.544505494505494
290273.411807,2760866.126422,0.124403669724771,0.0267889908256881,0,0.223119266055046,0.170642201834862,0.455045871559633
290773.411807,2760866.126422,0.0849385433865346,0.0335718216840947,0,0.298844248761695,0.165107319757843,0.417538066409833
291273.411807,2760866.126422,0.113369963369963,0.0923076923076923,0.00347985347985348,0.231135531135531,0.162454212454212,0.397252747252747
291773.411807,2760866.126422,0.156330275229358,0.053394495412844,0.00055045871559633,0.326788990825688,0.285688073394495,0.177247706422018
292273.411807,2760866.126422,0.36378646119978,0.0421940928270042,0.000366905155017428,0.0511832691249312,0.197394973399376,0.345074298293891
292773.411807,2760866.126422,0.655677655677656,0.0032967032967033,0,0.0575091575091575,0.0968864468864469,0.186630036630037
293273.411807,2760866.126422,0.683853211009174,0,0,0.00330275229357798,0.00917431192660551,0.303669724770642
293773.411807,2760866.126422,0.776371308016878,0.000366905155017428,0,0.000550357732526142,0.0126582278481013,0.210053201247478
294273.411807,2760866.126422,0.815567765567766,0,0,0,0.000915750915750916,0.183516483516484
294773.411807,2760866.126422,0.877247706422018,0,0,0.00165137614678899,0.00770642201834862,0.113394495412844
295273.411807,2760866.126422,0.539717483030637,0.0078884608328747,0,0.0258668134287287,0.201064024949551,0.22546321775821
295773.411807,2760866.126422,0.913003663003663,0.000366300366300366,0,0,0.00293040293040293,0.0836996336996337
296273.411807,2760866.126422,0.86,0.0018348623853211,0,0.00128440366972477,0.00752293577981651,0.129357798165138
296773.411807,2760866.126422,0.984039625756742,0,0,0,0,0.0159603742432581
297273.411807,2760866.126422,0.918131868131868,0.00311355311355311,0.00293040293040293,0.000732600732600733,0.00677655677655678,0.0683150183150183
297773.411807,2760866.126422,0.614862385321101,0.024954128440367,0,0.0223853211009174,0.211192660550459,0.126605504587156
298273.411807,2760866.126422,0.668684645019263,0.0176114474408365,0,0.00825536598789213,0.126765731058521,0.178682810493487
298773.411807,2760866.126422,0.935347985347985,0.000549450549450549,0,0,0.00512820512820513,0.058974358974359
299273.411807,2760866.126422,0.920733944954128,0,0,0,0.00055045871559633,0.0787155963302752
299773.411807,2760866.126422,0.653091175931022,0.00733810310034856,0.000183452577508714,0.020546688680976,0.125298110438452,0.193542469271693
300273.411807,2760866.126422,0.286996336996337,0.0168498168498168,0,0.134065934065934,0.423443223443223,0.138644688644689
288273.411807,2760366.126422,0.19031903190319,0.0892922625595893,0,0.113311331133113,0.331133113311331,0.275944261092776
288773.411807,2760366.126422,0.172710622710623,0.0326007326007326,0.000549450549450549,0.135714285714286,0.244505494505494,0.413919413919414
289273.411807,2760366.126422,0.0981684981684982,0.0175824175824176,0,0.355494505494506,0.262271062271062,0.266483516483516
289773.411807,2760366.126422,0.102860286028603,0.015951595159516,0,0.363036303630363,0.201503483681702,0.316648331499817
290273.411807,2760366.126422,0.121978021978022,0.0210622710622711,0,0.20952380952381,0.231318681318681,0.416117216117216
290773.411807,2760366.126422,0.156776556776557,0.0970695970695971,0.0106227106227106,0.0895604395604396,0.334249084249084,0.311721611721612
291273.411807,2760366.126422,0.211954528786212,0.0814081408140814,0.000366703337000367,0.108727539420609,0.277411074440777,0.32013201320132
291773.411807,2760366.126422,0.448901098901099,0.0263736263736264,0.000549450549450549,0.00769230769230769,0.159157509157509,0.357326007326007
292273.411807,2760366.126422,0.826007326007326,0.0010989010989011,0,0,0.00384615384615385,0.169047619047619
292773.411807,2760366.126422,0.891455812247891,0,0,0,0,0.108544187752109
293273.411807,2760366.126422,0.83003663003663,0,0,0,0,0.16996336996337
293773.411807,2760366.126422,0.839377289377289,0,0,0,0,0.160622710622711
294273.411807,2760366.126422,0.82031536486982,0,0,0.00238357169050238,0.0152181884855152,0.162082874954162
294773.411807,2760366.126422,0.858424908424908,0,0,0,0.00201465201465201,0.13956043956044
295273.411807,2760366.126422,0.663369963369963,0.00915750915750916,0,0.00677655677655678,0.128754578754579,0.191941391941392
295773.411807,2760366.126422,0.947744774477448,0,0,0,0.00055005500550055,0.0517051705170517
296273.411807,2760366.126422,0.908058608058608,0.000549450549450549,0,0,0.000915750915750916,0.0904761904761905
296773.411807,2760366.126422,0.977289377289377,0,0,0,0,0.0227106227106227
297273.411807,2760366.126422,0.963513017968464,0,0,0,0.000366703337000367,0.0361202786945361
297773.411807,2760366.126422,0.896153846153846,0,0,0.000183150183150183,0.00512820512820513,0.0985347985347985
298273.411807,2760366.126422,0.956959706959707,0,0,0,0,0.043040293040293
298773.411807,2760366.126422,0.51998533186652,0.0119178584525119,0,0.0575724239090576,0.22992299229923,0.180601393472681
299273.411807,2760366.126422,0.246336996336996,0.01996336996337,0,0.11025641025641,0.415750915750916,0.207692307692308
299773.411807,2760366.126422,0.306959706959707,0.034981684981685,0,0.167032967032967,0.281501831501832,0.20952380952381
300273.411807,2760366.126422,0.434726806013935,0.0100843417675101,0,0.1001100110011,0.206820682068207,0.248258159149248
288273.411807,2759866.126422,0.0714678394722375,0.116914055341763,0.0368334249587686,0.500824628916987,0.164925783397471,0.109034267912773
288773.411807,2759866.126422,0.13690585428519,0.0708386859974307,0.0110111947146265,0.371444301706735,0.219306294732979,0.190493668563039
289273.411807,2759866.126422,0.102328993214744,0.0480469466348799,0,0.0421786172748946,0.190904089492023,0.616541353383459
289773.411807,2759866.126422,0.0929081913139087,0.0196078431372549,0,0.272127542605827,0.293018141836174,0.322338281106835
290273.411807,2759866.126422,0.0890071572765645,0.0390897412369242,0.011194714626537,0.121123141860892,0.230684529271426,0.508900715727656
290773.411807,2759866.126422,0.253988630111865,0.0695030258573262,0.0187052998349532,0.0768384375573079,0.154043645699615,0.426920960938933
291273.411807,2759866.126422,0.907275059556533,0.000733003481766538,0,0.000183250870441635,0.00458127176104087,0.0872274143302181
291773.411807,2759866.126422,0.681592952835383,0.000917599559552211,0,0.0143145531290145,0.0708386859974307,0.23233620847862
292273.411807,2759866.126422,0.90390610673024,0,0,0,0.000550155877498625,0.0955437373922611
292773.411807,2759866.126422,0.935495693604545,0,0,0.000183250870441635,0.000916254352208173,0.0634048011728056
293273.411807,2759866.126422,0.98329968801615,0,0,0,0.000917599559552211,0.015782712424298
293773.411807,2759866.126422,0.940766550522648,0,0,0,0,0.0592334494773519
294273.411807,2759866.126422,0.927982407916438,0.000183250870441635,0,0,0,0.0718343412131208
294773.411807,2759866.126422,0.931180033033584,0,0,0,0,0.0688199669664159
295273.411807,2759866.126422,0.851091142490372,0.0022006235099945,0,0,0.00366770584999083,0.143040528149642
295773.411807,2759866.126422,0.936228697086311,0.000183250870441635,0,0,0.000549752611324904,0.0630382994319223
296273.411807,2759866.126422,0.957973940172509,0,0,0,0,0.0420260598274913
296773.411807,2759866.126422,0.617458279845956,0,0,0.00146708233999633,0.00605171465248487,0.375022923161562
297273.411807,2759866.126422,0.887667216419278,0,0,0,0,0.112332783580722
297773.411807,2759866.126422,0.920902917966599,0,0,0,0,0.0790970820334006
298273.411807,2759866.126422,0.483770401613791,0.0214560792224464,0,0.0207225380524482,0.177700348432056,0.296350632679259
298773.411807,2759866.126422,0.408649441084845,0.0047645226314825,0,0.0751328568810702,0.288253619204691,0.223199560197911
299273.411807,2759866.126422,0.483207928060195,0.0326665443200587,0,0.0805652413286842,0.19086070838686,0.212699577904203
299773.411807,2759866.126422,0.699614890885751,0.00513478818998716,0,0.0651017788373372,0.0920594168347699,0.138089125252155
300273.411807,2759866.126422,0.302913688840022,0.0320689023272861,0,0.251420194245923,0.345061389041598,0.0685358255451713
288273.411807,2759366.126422,0.117399267399267,0.0379120879120879,0.00457875457875458,0.369230769230769,0.225641025641026,0.245238095238095
288773.411807,2759366.126422,0.101284403669725,0.0267889908256881,0,0.0992660550458716,0.199816513761468,0.572844036697248
289273.411807,2759366.126422,0.0746651990460466,0.0442120711796001,0,0.0851219959640433,0.159236837277564,0.636763896532746
289773.411807,2759366.126422,0.175824175824176,0.0417582417582418,0.0263736263736264,0.113369963369963,0.18992673992674,0.452747252747253
290273.411807,2759366.126422,0.305137614678899,0.0102752293577982,0.00036697247706422,0.136697247706422,0.124403669724771,0.423119266055046
290773.411807,2759366.126422,0.624105668684645,0.00183452577508714,0,0.0453127866446524,0.0807191341038342,0.248027884791781
291273.411807,2759366.126422,0.931684981684982,0.000366300366300366,0,0.000183150183150183,0.0043956043956044,0.0633699633699634
291773.411807,2759366.126422,0.897614678899083,0.00128440366972477,0,0.000917431192660551,0.00954128440366972,0.0906422018348624
292273.411807,2759366.126422,0.909741331865713,0.000183452577508714,0,0,0.00678774536782242,0.0832874701889562
292773.411807,2759366.126422,0.895054945054945,0,0,0.000366300366300366,0.00164835164835165,0.102930402930403
293273.411807,2759366.126422,0.912844036697248,0,0,0.00165137614678899,0.00477064220183486,0.0807339449541284
293773.411807,2759366.126422,0.888093927719684,0,0,0.00220143093010457,0.0066042927903137,0.103100348559897
294273.411807,2759366.126422,0.877472527472527,0,0,0.000732600732600733,0.00238095238095238,0.119413919413919
294773.411807,2759366.126422,0.939633027522936,0,0,0,0,0.0603669724770642
295273.411807,2759366.126422,0.80884241423592,0.000550357732526142,0,0.00165107319757843,0.0108237020730141,0.178132452760961
295773.411807,2759366.126422,0.931501831501832,0,0,0,0,0.0684981684981685
296273.411807,2759366.126422,0.537981651376147,0,0,0.00256880733944954,0.00275229357798165,0.456697247706422
296773.411807,2759366.126422,0.0187121629058888,0,0,0.0245826453861677,0.0350394423041644,0.921665749403779
297273.411807,2759366.126422,0.426373626373626,0.000366300366300366,0,0.00842490842490842,0.054029304029304,0.510805860805861
297773.411807,2759366.126422,0.649908256880734,0.00697247706422018,0,0.0055045871559633,0.107155963302752,0.23045871559633
298273.411807,2759366.126422,0.614933039809209,0.014125848468171,0,0.00605393505778756,0.16547422491286,0.199412951751972
298773.411807,2759366.126422,0.810622710622711,0.00164835164835165,0,0.00164835164835165,0.0197802197802198,0.166300366300366
299273.411807,2759366.126422,0.765871559633028,0.00201834862385321,0,0.0106422018348624,0.0365137614678899,0.184954128440367
299773.411807,2759366.126422,0.965144010273344,0.000550357732526142,0,0,0,0.0343056319941295
