"x","y","forest","agri","water","built","other","grass"
166273.411807,2627366.126422,0,0.0546688680975968,0.141075032104201,0.802054668868098,0.00201797835259585,0.000183452577508714
166773.411807,2627366.126422,0,0.0717948717948718,0.790842490842491,0.134981684981685,0.00238095238095238,0
167273.411807,2627366.126422,0,0.0577981651376147,0.872844036697248,0.0601834862385321,0.00880733944954129,0.00036697247706422
167773.411807,2627366.126422,0,0.0964960557695836,0.867547239038708,0.0264171711612548,0.00898917629792699,0.000550357732526142
168273.411807,2627366.126422,0.000366300366300366,0.175641025641026,0.776190476190476,0.0146520146520147,0.00586080586080586,0.0272893772893773
168773.411807,2627366.126422,0,0.128807339449541,0.798348623853211,0.0357798165137615,0.0108256880733945,0.0262385321100917
169273.411807,2627366.126422,0.001284168042561,0.104934874334984,0.660612731608879,0.0343056319941295,0.00587048248027885,0.192992111539167
169773.411807,2627366.126422,0,0.0935897435897436,0.848717948717949,0.0324175824175824,0.021978021978022,0.0032967032967033
170273.411807,2627366.126422,0.0073394495412844,0.194862385321101,0.448623853211009,0.084954128440367,0.0513761467889908,0.212844036697248
170773.411807,2627366.126422,0.0730141258484682,0.143459915611814,0.0163272793982755,0.0414602825169694,0.0684278114107503,0.657310585213722
171273.411807,2627366.126422,0.245238095238095,0.0767399267399267,0.0032967032967033,0.0818681318681319,0.23956043956044,0.353296703296703
171773.411807,2627366.126422,0.184036697247706,0.214311926605505,0,0.00568807339449541,0.0388990825688073,0.557064220183486
172273.411807,2627366.126422,0.214272610530178,0.338286552926069,0.00880572372041827,0.00898917629792699,0.0315538433314988,0.398092093193909
172773.411807,2627366.126422,0.133882783882784,0.13021978021978,0.0256410256410256,0.0494505494505494,0.0571428571428571,0.603663003663004
173273.411807,2627366.126422,0.225257928926251,0.0825372564004585,0,0.0909438288116163,0.165647688192587,0.435613297669087
166273.411807,2626866.126422,0,0.0642857142857143,0.375457875457875,0.547435897435897,0.00311355311355311,0.00970695970695971
166773.411807,2626866.126422,0.000366703337000367,0.0716905023835717,0.59020902090209,0.332049871653832,0.00495049504950495,0.000733406674000733
167273.411807,2626866.126422,0,0.0419413919413919,0.562820512820513,0.387362637362637,0.00787545787545788,0
167773.411807,2626866.126422,0,0.138278388278388,0.698534798534798,0.15,0.00897435897435897,0.00421245421245421
168273.411807,2626866.126422,0.00531719838650532,0.118811881188119,0.758342500916758,0.0889255592225889,0.0176017601760176,0.011001100110011
168773.411807,2626866.126422,0,0.0452380952380952,0.88956043956044,0.0595238095238095,0.00274725274725275,0.00293040293040293
169273.411807,2626866.126422,0.00494505494505494,0.156776556776557,0.640659340659341,0.0435897435897436,0.039010989010989,0.115018315018315
169773.411807,2626866.126422,0.000916758342500917,0.245141180784745,0.54015401540154,0.0133846718005134,0.0594059405940594,0.140997433076641
170273.411807,2626866.126422,0.060989010989011,0.111538461538462,0.122161172161172,0.0212454212454212,0.0600732600732601,0.623992673992674
170773.411807,2626866.126422,0.142857142857143,0.224908424908425,0,0.00915750915750916,0.0305860805860806,0.592490842490842
171273.411807,2626866.126422,0.0936927026035937,0.389438943894389,0.000916758342500917,0,0.0174184085075174,0.498533186651999
171773.411807,2626866.126422,0.133516483516484,0.358791208791209,0,0,0.00915750915750916,0.498534798534799
172273.411807,2626866.126422,0.158974358974359,0.381135531135531,0,0.0212454212454212,0.0505494505494506,0.388095238095238
172773.411807,2626866.126422,0.136963696369637,0.157315731573157,0.0449211587825449,0.0238357169050238,0.0427209387605427,0.594242757609094
173273.411807,2626866.126422,0.138115223197253,0.287294925600916,0,0.0196489889355208,0.0930942388401374,0.461846623426173
166273.411807,2626366.126422,0,0.0715202640748212,0.490739042728773,0.412250137538969,0.0203557674674491,0.00513478818998716
166773.411807,2626366.126422,0,0.102437236576874,0.739783763972879,0.147700201575957,0.00733003481766538,0.00274876305662452
167273.411807,2626366.126422,0,0.0851532391264452,0.348320792806019,0.538447421545238,0.00679023674068636,0.0212883097816113
167773.411807,2626366.126422,0.00256739409499358,0.11608289015221,0.534934898221163,0.301852191454245,0.0192554557124519,0.0253071703649367
168273.411807,2626366.126422,0,0.081729888216969,0.785046728971963,0.108484515301448,0.0164925783397471,0.00824628916987356
168773.411807,2626366.126422,0,0.0478986970086254,0.864562305010094,0.080932281152505,0.00238575885483575,0.00422095797394017
169273.411807,2626366.126422,0.000916926462497708,0.140289748762149,0.727306070053182,0.0280579497524299,0.0210893086374473,0.0823399963322941
169773.411807,2626366.126422,0.0053142752428074,0.113798790544255,0.738867509620671,0.0718343412131208,0.0293201392706615,0.0408649441084845
170273.411807,2626366.126422,0.149752248118921,0.0871719581574601,0.0814828408882364,0.121123141860892,0.109928427234355,0.450541383740136
170773.411807,2626366.126422,0.0937098844672657,0.256922794791858,0.00421786172748946,0.0627177700348432,0.108930863744728,0.473500825233816
171273.411807,2626366.126422,0.129008612790911,0.371632765255635,0.00568077698369067,0.00641378046545721,0.0392156862745098,0.448048378229797
171773.411807,2626366.126422,0.168287759221876,0.335657918884199,0,0.00183519911910442,0.0262433474031932,0.467975775371628
172273.411807,2626366.126422,0.186869613057033,0.200256739409499,0,0.00513478818998716,0.0412616908123968,0.566477168531084
172773.411807,2626366.126422,0.19168041048195,0.19736118746564,0,0.042147700201576,0.15246472420744,0.416345977643394
173273.411807,2626366.126422,0.125740493025033,0.293712975348748,0.0183451175234091,0.0366902350468183,0.0242690617236767,0.501242117332314
165273.411807,2625866.126422,0,0.0395604395604396,0.279487179487179,0.401098901098901,0.00293040293040293,0.276923076923077
165773.411807,2625866.126422,0.00458715596330275,0.102935779816514,0.383302752293578,0.248990825688073,0.0341284403669725,0.22605504587156
166273.411807,2625866.126422,0.028251696936342,0.0803522289488167,0.643001284168043,0.0664098330581545,0.00091726288754357,0.181067694001101
166773.411807,2625866.126422,0.0360805860805861,0.0776556776556777,0.650915750915751,0.0461538461538462,0.00366300366300366,0.185531135531136
167273.411807,2625866.126422,0.0139449541284404,0.0779816513761468,0.631743119266055,0.051743119266055,0.00403669724770642,0.220550458715596
167773.411807,2625866.126422,0.0139423958906623,0.157585764079985,0.677306916162172,0.0559530361401578,0.000733810310034856,0.0944780774169877
168273.411807,2625866.126422,0,0.101465201465201,0.828571428571429,0.0635531135531135,0.00549450549450549,0.000915750915750916
168773.411807,2625866.126422,0,0.124587155963303,0.708807339449541,0.148440366972477,0.00844036697247706,0.00972477064220183
169273.411807,2625866.126422,0.00183452577508714,0.169326729040543,0.697303247110622,0.0664098330581545,0.0407264722069345,0.024399192808659
169773.411807,2625866.126422,0.0126373626373626,0.212271062271062,0.447435897435897,0.0468864468864469,0.0628205128205128,0.217948717948718
170273.411807,2625866.126422,0.0697247706422018,0.168073394495413,0.0691743119266055,0.131192660550459,0.133211009174312,0.428623853211009
170773.411807,2625866.126422,0.136305265088975,0.283617684828472,0.0344890845716382,0.0557695835626491,0.0416437350944781,0.448174646853788
171273.411807,2625866.126422,0.102380952380952,0.367948717948718,0.00238095238095238,0.0380952380952381,0.052014652014652,0.437179487179487
171773.411807,2625866.126422,0.0620183486238532,0.455229357798165,0,0.028256880733945,0.0220183486238532,0.432477064220184
172273.411807,2625866.126422,0.124197394973399,0.483947899467988,0,0.0377912309667951,0.0809025866813429,0.273160887910475
172773.411807,2625866.126422,0.116849816849817,0.350915750915751,0,0.0203296703296703,0.0498168498168498,0.462087912087912
173273.411807,2625866.126422,0.104700038211693,0.460068781047,0,0.0128009170806267,0.0179594956056553,0.404470768055025
164773.411807,2625366.126422,0.136996336996337,0.194139194139194,0,0.0104395604395604,0.043956043956044,0.614468864468865
165773.411807,2625366.126422,0,0.242124542124542,0.53040293040293,0.10952380952381,0.039010989010989,0.0789377289377289
166273.411807,2625366.126422,0,0.0611721611721612,0.904212454212454,0.0294871794871795,0.00128205128205128,0.00384615384615385
166773.411807,2625366.126422,0,0.0832416574990832,0.886688668866887,0.0273193986065273,0.000366703337000367,0.00238357169050238
167273.411807,2625366.126422,0,0.0380952380952381,0.935897435897436,0.0249084249084249,0.0010989010989011,0
167773.411807,2625366.126422,0,0.0628205128205128,0.916483516483516,0.0197802197802198,0.000183150183150183,0.000732600732600733
168273.411807,2625366.126422,0.00165016501650165,0.0575724239090576,0.894939493949395,0.0438210487715438,0.00201686835350202,0
168773.411807,2625366.126422,0.0021978021978022,0.151648351648352,0.775641025641026,0.0435897435897436,0.00952380952380952,0.0173992673992674
169273.411807,2625366.126422,0.0021978021978022,0.273992673992674,0.617399267399267,0.0192307692307692,0.0247252747252747,0.0624542124542125
169773.411807,2625366.126422,0.0410707737440411,0.178401173450678,0.237073707370737,0.0308030803080308,0.085991932526586,0.426659332599927
170273.411807,2625366.126422,0.0298534798534799,0.408241758241758,0.00128205128205128,0.0032967032967033,0.00750915750915751,0.54981684981685
170773.411807,2625366.126422,0.0600732600732601,0.441208791208791,0,0.0441391941391941,0.0626373626373626,0.391941391941392
171273.411807,2625366.126422,0.0768243491015768,0.307114044737807,0.0251191785845251,0.1001100110011,0.126329299596626,0.364503116978365
171773.411807,2625366.126422,0.0452380952380952,0.454945054945055,0.0476190476190476,0.0282051282051282,0.0805860805860806,0.343406593406593
172273.411807,2625366.126422,0.108058608058608,0.358241758241758,0.0157509157509158,0.0413919413919414,0.119230769230769,0.357326007326007
172773.411807,2625366.126422,0.0874587458745875,0.527136046938027,0.0383204987165383,0.0315364869820315,0.0203520352035204,0.295196186285295
173273.411807,2625366.126422,0.135826020602823,0.440099198779092,0.00190766882869134,0.0122090805036246,0.0392979778710416,0.370660053414727
165773.411807,2624866.126422,0,0.266287392182052,0.428518994310883,0.183519911910442,0.0405579005322077,0.0811158010644155
166273.411807,2624866.126422,0,0.0671190170548322,0.918943700715203,0.0130203557674674,0.000916926462497708,0
166773.411807,2624866.126422,0.00164925783397471,0.0564412680960235,0.697452812900861,0.242624152464724,0.00109950522264981,0.000733003481766538
167273.411807,2624866.126422,0,0.0570746926041475,0.778124426500275,0.163883281336025,0.000917599559552211,0
167773.411807,2624866.126422,0,0.0759215110948102,0.860993948285347,0.0522648083623693,0.00403447643498991,0.00678525582248304
168273.411807,2624866.126422,0.000183250870441635,0.0364669232178853,0.86549386109584,0.0771486164559282,0.0207073483599047,0
168773.411807,2624866.126422,0.00110111947146265,0.142594971554414,0.753532758304276,0.0726738851165352,0.00789135621214902,0.0222059093411635
169273.411807,2624866.126422,0.0410783055198973,0.172932330827068,0.306986979644233,0.110031175499725,0.0894920227397763,0.279479185769301
169773.411807,2624866.126422,0.0711013377313542,0.0800806303829943,0.009529045262965,0.199010445299615,0.193146417445483,0.447132123877588
170273.411807,2624866.126422,0.130849697192145,0.275830427601395,0,0.00568911726922371,0.0614791704899982,0.526151587447238
170773.411807,2624866.126422,0.0524481936548689,0.490555657436274,0,0.000183385292499542,0.0203557674674491,0.436456996148909
171273.411807,2624866.126422,0.0947407000183251,0.4260582737768,0,0.00219901044529962,0.0199743448781382,0.457027670881437
171773.411807,2624866.126422,0.0657001284639383,0.608184988071206,0,0.00146815929528354,0.00991007524316388,0.314736648926409
172273.411807,2624866.126422,0.0487804878048781,0.421419402163946,0,0.0022006235099945,0.0157711351549606,0.51182835136622
172773.411807,2624866.126422,0.119113065787062,0.391607110133773,0,0.00751328568810702,0.0890599230346344,0.392706615356423
173273.411807,2624866.126422,0.0714695203516147,0.556659659850946,0,0.0026753296388305,0.0261800114656985,0.34301547869291
164273.411807,2624366.126422,0.0405504587155963,0.216330275229358,0,0,0.00788990825688073,0.735229357798165
165773.411807,2624366.126422,0.00954128440366972,0.166238532110092,0.397798165137615,0.177798165137615,0.036697247706422,0.211926605504587
166273.411807,2624366.126422,0.0207301412584847,0.151898734177215,0.581361218125115,0.0267840763162722,0.0170610897083104,0.202164740414603
166773.411807,2624366.126422,0.00897435897435897,0.162454212454212,0.520512820512821,0.0705128205128205,0.00934065934065934,0.228205128205128
167273.411807,2624366.126422,0.00348623853211009,0.118715596330275,0.61045871559633,0.100366972477064,0.0532110091743119,0.113761467889908
167773.411807,2624366.126422,0.00330214639515685,0.113557145477894,0.659328563566318,0.171528159970648,0.0091726288754357,0.0431113557145478
168273.411807,2624366.126422,0.00164835164835165,0.137362637362637,0.486080586080586,0.0267399267399267,0.0236263736263736,0.324542124542125
168773.411807,2624366.126422,0.00165137614678899,0.11302752293578,0.199082568807339,0.0308256880733945,0.0423853211009174,0.61302752293578
169273.411807,2624366.126422,0.0882406897816914,0.146395156851954,0.111906072280316,0.177215189873418,0.128600256833609,0.347642634379013
169773.411807,2624366.126422,0.0857142857142857,0.0752747252747253,0,0.33956043956044,0.264285714285714,0.235164835164835
170273.411807,2624366.126422,0.0915596330275229,0.269724770642202,0,0.0585321100917431,0.0502752293577982,0.529908256880734
170773.411807,2624366.126422,0.0735644835809943,0.408365437534397,0,0.0111906072280316,0.0449458814896349,0.461933590166942
171273.411807,2624366.126422,0.0686813186813187,0.414468864468864,0,0.000732600732600733,0.0395604395604396,0.476556776556777
171773.411807,2624366.126422,0.0860550458715596,0.360183486238532,0,0.0436697247706422,0.131376146788991,0.378715596330275
172273.411807,2624366.126422,0.119427627958173,0.334434048798386,0,0.0117409649605577,0.0432948082920565,0.491102549990827
172773.411807,2624366.126422,0.114652014652015,0.266483516483516,0,0.0838827838827839,0.204945054945055,0.33003663003663
173273.411807,2624366.126422,0.0783339701948796,0.334352311807413,0,0.0456629728696981,0.136415743217425,0.405235001910585
165773.411807,2623866.126422,0,0.0956043956043956,0.792490842490842,0.104945054945055,0,0.00695970695970696
166273.411807,2623866.126422,0,0.109340659340659,0.864285714285714,0.00732600732600733,0,0.019047619047619
166773.411807,2623866.126422,0,0.0667400073340667,0.919325265859919,0.00971763843050972,0.0011001100110011,0.00311697836450312
167273.411807,2623866.126422,0.00311355311355311,0.212271062271062,0.603846153846154,0.0950549450549451,0.0131868131868132,0.0725274725274725
167773.411807,2623866.126422,0,0.179487179487179,0.581318681318681,0.181318681318681,0.0133699633699634,0.0445054945054945
168273.411807,2623866.126422,0.0115511551155116,0.123212321232123,0.0825082508250825,0.308214154748808,0.144664466446645,0.32984965163183
168773.411807,2623866.126422,0.0142857142857143,0.11025641025641,0.00494505494505494,0.132051282051282,0.141025641025641,0.597435897435897
169273.411807,2623866.126422,0.0833333333333333,0.170512820512821,0.00567765567765568,0.14010989010989,0.237179487179487,0.363186813186813
169773.411807,2623866.126422,0.0546387972130546,0.363586358635864,0,0.00696736340300697,0.0313531353135314,0.543454345434543
170273.411807,2623866.126422,0.0598901098901099,0.43992673992674,0,0,0.00347985347985348,0.496703296703297
170773.411807,2623866.126422,0.0987179487179487,0.38021978021978,0,0.00293040293040293,0.00659340659340659,0.511538461538461
171273.411807,2623866.126422,0.142647598093143,0.387605427209388,0,0.00311697836450312,0.0115511551155116,0.455078841217455
171773.411807,2623866.126422,0.0879120879120879,0.602930402930403,0,0.0163003663003663,0.0373626373626374,0.255494505494505
172273.411807,2623866.126422,0.0901098901098901,0.546520146520146,0,0.00842490842490842,0.0452380952380952,0.30970695970696
172773.411807,2623866.126422,0.211771177117712,0.255775577557756,0,0.0181518151815182,0.106160616061606,0.408140814081408
173273.411807,2623866.126422,0.123044639450591,0.480541777947348,0,0.0158336512781381,0.0268981304845479,0.353681800839374
165773.411807,2623366.126422,0,0.115066984767847,0.706184621031382,0.178748394200771,0,0
166273.411807,2623366.126422,0,0.0843572345497891,0.823766733907941,0.0898587933247754,0.00201723821749496,0
166773.411807,2623366.126422,0,0.0771486164559282,0.894080996884735,0.0271211288253619,0.000366501740883269,0.00128275609309144
167273.411807,2623366.126422,0.0133969535694623,0.113965865296385,0.703798862176546,0.0978161130482657,0.00844191594788034,0.0625802899614608
167773.411807,2623366.126422,0.00806895286997983,0.138272510544654,0.246469833119384,0.27214377406932,0.0452961672473868,0.289748762149276
168273.411807,2623366.126422,0.01905809052593,0.128275609309144,0.0163093274693055,0.0350009162543522,0.113065787062489,0.68829026937878
168773.411807,2623366.126422,0.00697375665259681,0.172508717195816,0.00256927876674619,0.065149568728207,0.0578087722517893,0.694989906404845
169273.411807,2623366.126422,0.0559325142123602,0.257289565376857,0,0.0346598202824134,0.125802310654686,0.526315789473684
169773.411807,2623366.126422,0.0403151914971596,0.437603078614623,0,0.00659703133589885,0.0194245922668133,0.496060106285505
170273.411807,2623366.126422,0.065149568728207,0.305193613507066,0,0.0139475133051936,0.0996513121673702,0.516057992292164
170773.411807,2623366.126422,0.0390610673024023,0.382358334861544,0,0.0192554557124519,0.0805061434072987,0.478818998716303
171273.411807,2623366.126422,0.0819131390874107,0.335349092908191,0,0.0109950522264981,0.0692688290269379,0.502473886750962
171773.411807,2623366.126422,0.0981831528720866,0.394567810607451,0,0.0115617544503579,0.0633143696091026,0.432372912461002
172273.411807,2623366.126422,0.077205208142307,0.329726755914176,0,0.0254905556574363,0.0872913992297818,0.480286081056299
172773.411807,2623366.126422,0.0839288986622686,0.371632765255635,0.0172255818215137,0.0218068535825545,0.0839288986622686,0.42147700201576
173273.411807,2623366.126422,0.0229313969042614,0.504681826867953,0,0.00745270399388496,0.0787311293712975,0.386202942862603
165773.411807,2622866.126422,0,0.0664220183486239,0.703853211009174,0.219816513761468,0,0.00990825688073394
166273.411807,2622866.126422,0,0.0447624289121262,0.431663914878004,0.523390203632361,0,0.000183452577508714
166773.411807,2622866.126422,0.0258241758241758,0.0860805860805861,0.381501831501831,0.488644688644689,0.00146520146520147,0.0164835164835165
167273.411807,2622866.126422,0.00073394495412844,0.150091743119266,0.638532110091743,0.0111926605504587,0.00587155963302752,0.193577981651376
167773.411807,2622866.126422,0.00165107319757843,0.0986974866996881,0.190240322876536,0.0354063474591818,0.0247660979636764,0.649238671803339
168273.411807,2622866.126422,0.0238095238095238,0.118498168498168,0.00531135531135531,0.0318681318681319,0.0595238095238095,0.760989010989011
168773.411807,2622866.126422,0.00458715596330275,0.314128440366972,0,0.0161467889908257,0.0484403669724771,0.616697247706422
169273.411807,2622866.126422,0.0066042927903137,0.370757659145111,0,0,0.00458631443771785,0.618051733626858
169773.411807,2622866.126422,0.0357142857142857,0.481868131868132,0,0.0021978021978022,0.0177655677655678,0.462454212454212
170273.411807,2622866.126422,0.0521100917431193,0.258715596330275,0,0.0671559633027523,0.15045871559633,0.471559633027523
170773.411807,2622866.126422,0.129334067143643,0.354246927169327,0,0.0418271876719868,0.0640249495505412,0.410566868464502
171273.411807,2622866.126422,0.0527472527472527,0.423809523809524,0,0.00476190476190476,0.0377289377289377,0.480952380952381
171773.411807,2622866.126422,0.0132110091743119,0.565504587155963,0,0.00513761467889908,0.0146788990825688,0.401467889908257
172273.411807,2622866.126422,0.0405430196294258,0.50357732526142,0.0374243258117777,0.0383415886993212,0.0587048248027885,0.321408915795267
172773.411807,2622866.126422,0.0584249084249084,0.312087912087912,0.0181318681318681,0.0340659340659341,0.065018315018315,0.512271062271062
173273.411807,2622866.126422,0.0458540313335881,0.464463125716469,0.0416507451280092,0.0204432556362247,0.0338173481085212,0.393771494077188
166773.411807,2622366.126422,0,0.0429042904290429,0.706270627062706,0.25045837917125,0.000366703337000367,0
167273.411807,2622366.126422,0.00897435897435897,0.121611721611722,0.355860805860806,0.149267399267399,0.0694139194139194,0.294871794871795
167773.411807,2622366.126422,0.0428571428571429,0.0375457875457875,0,0.0734432234432234,0.146336996336996,0.69981684981685
168273.411807,2622366.126422,0.0383204987165383,0.0537220388705537,0,0.152548588192153,0.243857719105244,0.511551155115512
168773.411807,2622366.126422,0.00641025641025641,0.113003663003663,0,0.0338827838827839,0.0298534798534799,0.816849816849817
169273.411807,2622366.126422,0.0620879120879121,0.337545787545788,0.000549450549450549,0.000366300366300366,0.00970695970695971,0.58974358974359
169773.411807,2622366.126422,0.0500550055005501,0.493215988265493,0,0.00146681334800147,0.0606894022735607,0.394572790612395
170273.411807,2622366.126422,0.132417582417582,0.372893772893773,0,0.0186813186813187,0.0730769230769231,0.402930402930403
170773.411807,2622366.126422,0.0536630036630037,0.519047619047619,0,0.0324175824175824,0.0146520146520147,0.38021978021978
171273.411807,2622366.126422,0.0443711037770444,0.560689402273561,0,0,0.00201686835350202,0.392922625595893
171773.411807,2622366.126422,0.0316849816849817,0.481135531135531,0,0.00659340659340659,0.00897435897435897,0.471611721611722
172273.411807,2622366.126422,0.0668498168498168,0.46025641025641,0.00677655677655678,0.0487179487179487,0.0335164835164835,0.383882783882784
172773.411807,2622366.126422,0.05995599559956,0.422625595892923,0,0.0212687935460213,0.0909424275760909,0.405207187385405
173273.411807,2622366.126422,0.0799313239221671,0.458031285768791,0.0106829454406715,0.00629530713468142,0.0614269362838611,0.383632201449828
166273.411807,2621866.126422,0.00861910874747845,0.220245736291949,0.528883183568678,0.0520814230698698,0.0143040528149642,0.17586649550706
166773.411807,2621866.126422,0,0.106835257467473,0.741799523547737,0.126992853216053,0.017042330951072,0.00733003481766538
167273.411807,2621866.126422,0.0245916681959993,0.0913929161314003,0.447605065149569,0.180400073407965,0.103505230317489,0.152505046797578
167773.411807,2621866.126422,0.0493306436823767,0.101412066752246,0.0247570144874381,0.249220612506877,0.222996515679443,0.352283146891619
168273.411807,2621866.126422,0.0654205607476635,0.0668865677111966,0,0.350375664284405,0.321422026754627,0.195895180502107
168773.411807,2621866.126422,0.0559735731326849,0.113965865296385,0,0.112314186089191,0.0932281152505047,0.624518260231235
169273.411807,2621866.126422,0.0568494406748579,0.262791124151843,0,0.026407482119934,0.154227030992114,0.499724922061251
169773.411807,2621866.126422,0.0731170973062122,0.376580538757559,0,0.00586402785413231,0.0393989371449514,0.505039398937145
170273.411807,2621866.126422,0.0963479537529822,0.303174894476051,0.0012846393833731,0.0332171040557901,0.0886401174527436,0.47733529087906
170773.411807,2621866.126422,0.0218228498074454,0.531267192371172,0,0,0.00605171465248487,0.440858243168898
171273.411807,2621866.126422,0.030602895363753,0.609675645959318,0,0.0274876305662452,0.0166758292101887,0.315557998900495
171773.411807,2621866.126422,0.0594604514589833,0.3444668746559,0,0.0282620664342081,0.0356028629106258,0.532207744540283
172273.411807,2621866.126422,0.0607005318173482,0.360535485054099,0.000366770584999083,0.0165046763249587,0.138639281129653,0.423253255088942
172773.411807,2621866.126422,0.0168590800806304,0.600329851566795,0,0,0.0047645226314825,0.378046545721092
173273.411807,2621866.126422,0.0166252627555895,0.650487292184216,0,0,0.000191094974202178,0.332696350085993
165773.411807,2621366.126422,0.038348623853211,0.140366972477064,0.618715596330275,0.0278899082568807,0.0177981651376147,0.156880733944954
166273.411807,2621366.126422,0.00330214639515685,0.228948816730875,0.454412034489085,0.0566868464501926,0.00623738763529628,0.250412768299395
166773.411807,2621366.126422,0.00641025641025641,0.143956043956044,0.638461538461538,0.0249084249084249,0.0236263736263736,0.162637362637363
167273.411807,2621366.126422,0.0328440366972477,0.088256880733945,0.0761467889908257,0.055045871559633,0.0904587155963303,0.657247706422018
167773.411807,2621366.126422,0.0297193175564117,0.14547789396441,0.266189689965144,0.0687947165657677,0.0623738763529628,0.427444505595304
168273.411807,2621366.126422,0.078021978021978,0.104395604395604,0,0.0263736263736264,0.0507326007326007,0.740476190476191
168773.411807,2621366.126422,0.0561467889908257,0.498165137614679,0,0.00275229357798165,0.00917431192660551,0.433761467889908
169273.411807,2621366.126422,0.158503026967529,0.172995780590717,0,0.0198128783709411,0.154650522839846,0.494037791230967
169773.411807,2621366.126422,0.0935897435897436,0.20018315018315,0.00238095238095238,0.0166666666666667,0.0899267399267399,0.597252747252747
170273.411807,2621366.126422,0.117064220183486,0.328990825688073,0,0.00201834862385321,0.0223853211009174,0.52954128440367
170773.411807,2621366.126422,0.0429279031370391,0.423958906622638,0,0.00348559897266557,0.0326545587965511,0.496973032471106
171273.411807,2621366.126422,0.0695970695970696,0.470512820512821,0,0.0142857142857143,0.026007326007326,0.41959706959707
171773.411807,2621366.126422,0.105688073394495,0.391559633027523,0,0,0.0170642201834862,0.485688073394495
172273.411807,2621366.126422,0.100348559897267,0.28820399926619,0,0.0199963309484498,0.0908090258668134,0.500642084021281
172773.411807,2621366.126422,0.0457875457875458,0.466483516483516,0,0.00952380952380952,0.0322344322344322,0.445970695970696
173273.411807,2621366.126422,0.0271303018723729,0.541077569736339,0,0.00726022162781811,0.0364921666029805,0.388039740160489
165273.411807,2620866.126422,0.193986065273194,0.101210121012101,0.286395306197286,0.229372937293729,0.000733406674000733,0.188302163549688
165773.411807,2620866.126422,0.00293040293040293,0.191025641025641,0.244322344322344,0.0115384615384615,0.0153846153846154,0.534798534798535
166273.411807,2620866.126422,0.000183150183150183,0.260989010989011,0.545970695970696,0.0287545787545788,0.0168498168498168,0.147252747252747
166773.411807,2620866.126422,0.0443711037770444,0.0966263292995966,0.124129079574624,0.0447378071140447,0.0718738540520719,0.618261826182618
167273.411807,2620866.126422,0.063003663003663,0.118315018315018,0.0549450549450549,0.0265567765567766,0.0703296703296703,0.666849816849817
167773.411807,2620866.126422,0.0428571428571429,0.176190476190476,0.241025641025641,0.0586080586080586,0.0673992673992674,0.413919413919414
168273.411807,2620866.126422,0.0449211587825449,0.196736340300697,0.0704070407040704,0.0594059405940594,0.107444077741107,0.521085441877521
168773.411807,2620866.126422,0.0937728937728938,0.217399267399267,0,0.0217948717948718,0.0395604395604396,0.627472527472527
169273.411807,2620866.126422,0.0978021978021978,0.266117216117216,0,0.0291208791208791,0.0976190476190476,0.509340659340659
169773.411807,2620866.126422,0.172717271727173,0.35955262192886,0,0,0.0121012101210121,0.455628896222956
170273.411807,2620866.126422,0.13992673992674,0.222344322344322,0,0.00164835164835165,0.00476190476190476,0.631318681318681
170773.411807,2620866.126422,0.0846153846153846,0.232051282051282,0,0.0327838827838828,0.0615384615384615,0.589010989010989
171273.411807,2620866.126422,0.139347268060139,0.213421342134213,0.0066006600660066,0.0555555555555556,0.164833149981665,0.42024202420242
171773.411807,2620866.126422,0.168498168498169,0.35989010989011,0,0.0225274725274725,0.0811355311355311,0.367948717948718
172273.411807,2620866.126422,0.0954212454212454,0.33956043956044,0,0.0428571428571429,0.153479853479853,0.368681318681319
172773.411807,2620866.126422,0.194536120278695,0.174734140080675,0.00495049504950495,0.0247524752475248,0.215621562156216,0.385405207187385
173273.411807,2620866.126422,0.075543685616177,0.536818008393743,0,0.00171690194582221,0.0200305227012591,0.365890881342999
165273.411807,2620366.126422,0.163459776433938,0.377863294850651,0.00586402785413231,0.0470954737035001,0.0522264980758659,0.353490929081913
165773.411807,2620366.126422,0.00293631859056708,0.458616259864195,0.0113782345384474,0.0935951550743256,0.0754266837951918,0.358047348137273
166273.411807,2620366.126422,0.0150375939849624,0.121767834219696,0.493489822116266,0.0401613790573996,0.0425453878598936,0.286997982761783
166773.411807,2620366.126422,0.0797141286421111,0.0492944841487997,0,0.0359171706065604,0.118746564046179,0.71632765255635
167273.411807,2620366.126422,0.1036887502294,0.0567076527803267,0.00422095797394017,0.0623967700495504,0.147366489264085,0.625619379702698
167773.411807,2620366.126422,0.0865578580597836,0.193471483587016,0.00256739409499358,0.010819732257473,0.0447460113698881,0.661837520630845
168273.411807,2620366.126422,0.108484515301448,0.161810518599963,0.0390324354040682,0.0251053692505039,0.0489279824079164,0.6166391790361
168773.411807,2620366.126422,0.133418975958892,0.113231785648743,0.0420260598274913,0.0150486327766563,0.0179849513672233,0.678289594420995
169273.411807,2620366.126422,0.10012836970475,0.274711168164313,0.0357601320374106,0.0201723821749496,0.0449293966623877,0.524298551256189
169773.411807,2620366.126422,0.0580905259299982,0.310976727139454,0.0371999266996518,0.00311526479750779,0.0377496793109767,0.552867876122412
170273.411807,2620366.126422,0.139658652963847,0.230684529271426,0.0245916681959993,0.00697375665259681,0.011194714626537,0.586896678289594
170773.411807,2620366.126422,0.110948101962223,0.229231615624427,0.000183385292499542,0.0159545204474601,0.0612506876948469,0.582431688978544
171273.411807,2620366.126422,0.0866776617188932,0.239142385926333,0,0.0113615539673813,0.0353674179952355,0.627450980392157
171773.411807,2620366.126422,0.0328500642319692,0.600293631859057,0,0.00146815929528354,0.0363369425582676,0.329051202055423
172273.411807,2620366.126422,0.0553823583348615,0.357601320374106,0,0.00495140289748762,0.102512378507244,0.479552539886301
172773.411807,2620366.126422,0.100787978742899,0.260399486897563,0,0.0406816932380429,0.1456844420011,0.452446399120396
173273.411807,2620366.126422,0.12803363271546,0.36575578062297,0,0.00611503917446971,0.0363080450984139,0.463787502388687
164773.411807,2619866.126422,0.346725371491469,0.0985140341221794,0,0.0111906072280316,0.0381581361218125,0.505411851036507
165273.411807,2619866.126422,0.0142857142857143,0.599267399267399,0,0.0157509157509158,0.0177655677655678,0.352930402930403
165773.411807,2619866.126422,0.0055045871559633,0.541651376146789,0,0.0590825688073394,0.0374311926605505,0.356330275229358
166273.411807,2619866.126422,0.00385250412768299,0.180150431113557,0.164556962025316,0.062190423775454,0.0871399743166392,0.50210970464135
166773.411807,2619866.126422,0.0747252747252747,0.182234432234432,0,0.0512820512820513,0.0413919413919414,0.6503663003663
167273.411807,2619866.126422,0.118348623853211,0.0577981651376147,0.00293577981651376,0.0867889908256881,0.215596330275229,0.518532110091743
167773.411807,2619866.126422,0.0379746835443038,0.490552192258301,0.000550357732526142,0,0.0181618051733627,0.452760961291506
168273.411807,2619866.126422,0.0595238095238095,0.313736263736264,0,0.000732600732600733,0.00970695970695971,0.616300366300366
168773.411807,2619866.126422,0.104403669724771,0.331559633027523,0,0.024954128440367,0.053394495412844,0.485688073394495
169273.411807,2619866.126422,0.107686662997615,0.409282700421941,0,0.00953953403045313,0.0614566134654192,0.412034489084572
169773.411807,2619866.126422,0.148351648351648,0.16025641025641,0,0.0358974358974359,0.174725274725275,0.480769230769231
170273.411807,2619866.126422,0.086605504587156,0.418899082568807,0,0.0260550458715596,0.064954128440367,0.40348623853211
170773.411807,2619866.126422,0.109521188772702,0.292239955971381,0.00605393505778756,0.0113740598055403,0.0818198495688864,0.498991010823702
171273.411807,2619866.126422,0.100732600732601,0.396886446886447,0,0.000183150183150183,0.0113553113553114,0.490842490842491
171773.411807,2619866.126422,0.104587155963303,0.300917431192661,0,0.0271559633027523,0.0818348623853211,0.485504587155963
172273.411807,2619866.126422,0.0733810310034856,0.359200146762062,0,0.0385250412768299,0.0478811227297744,0.481012658227848
172773.411807,2619866.126422,0.0738095238095238,0.518681318681319,0,0.00201465201465201,0.021978021978022,0.383516483516484
173273.411807,2619866.126422,0.11559037065342,0.281047000382117,0,0.0703095147115017,0.127435995414597,0.405617118838365
164773.411807,2619366.126422,0.0998168498168498,0.4503663003663,0,0.00311355311355311,0.0424908424908425,0.404212454212454
165273.411807,2619366.126422,0.015034836817015,0.574257425742574,0,0.013017968463513,0.0397873120645398,0.357902456912358
165773.411807,2619366.126422,0.00970695970695971,0.517032967032967,0,0.0587912087912088,0.102197802197802,0.312271062271062
166273.411807,2619366.126422,0.0375457875457875,0.218131868131868,0,0.114102564102564,0.184249084249084,0.445970695970696
166773.411807,2619366.126422,0.0687568756875688,0.190869086908691,0.063989732306564,0.154565456545655,0.110561056105611,0.411257792445911
167273.411807,2619366.126422,0.05,0.268315018315018,0.00879120879120879,0.0212454212454212,0.0912087912087912,0.56043956043956
167773.411807,2619366.126422,0.043956043956044,0.424358974358974,0.0043956043956044,0.0157509157509158,0.0324175824175824,0.479120879120879
168273.411807,2619366.126422,0.0564723138980565,0.444444444444444,0,0,0.0104510451045105,0.488632196552989
168773.411807,2619366.126422,0.110805860805861,0.28956043956044,0,0.0399267399267399,0.11996336996337,0.43974358974359
169273.411807,2619366.126422,0.0547619047619048,0.405677655677656,0,0.00384615384615385,0.010989010989011,0.524725274725275
169773.411807,2619366.126422,0.0187018701870187,0.468830216354969,0,0.0196186285295196,0.07004033736707,0.422808947561423
170273.411807,2619366.126422,0.0952380952380952,0.341025641025641,0,0.00567765567765568,0.0128205128205128,0.545238095238095
170773.411807,2619366.126422,0.0598901098901099,0.348168498168498,0.0104395604395604,0.0205128205128205,0.0789377289377289,0.482051282051282
171273.411807,2619366.126422,0.0044004400440044,0.655298863219655,0.000183351668500183,0.0242024202420242,0.0386872020535387,0.277227722772277
171773.411807,2619366.126422,0.0891941391941392,0.322710622710623,0,0.05,0.191208791208791,0.346886446886447
172273.411807,2619366.126422,0.0358974358974359,0.617399267399267,0,0.00531135531135531,0.107509157509158,0.233882783882784
172773.411807,2619366.126422,0.0430876420975431,0.572423909057572,0,0.0165016501650165,0.0493215988265493,0.318665199853319
173273.411807,2619366.126422,0.102060282334987,0.301602441816101,0.000572300648607402,0.00686760778328882,0.101869515452118,0.487027851964899
164273.411807,2618866.126422,0.154890805652413,0.200587263718113,0.155624885300055,0.0277115066984768,0.0082583960359699,0.452927142594972
164773.411807,2618866.126422,0.00238400880249404,0.53218411883367,0.165413533834586,0.00935264991747662,0.0304419585549239,0.260223730056849
165273.411807,2618866.126422,0.00842954004031519,0.49331134322888,0.0256551218618288,0.0201575957485798,0.0921751878321422,0.360271211288254
165773.411807,2618866.126422,0.0447788585061479,0.272160029363186,0,0.104973389612773,0.147917048999816,0.430170673518077
166273.411807,2618866.126422,0.0445626260773886,0.11589950485971,0,0.264808362369338,0.305703282596736,0.269026224096827
166773.411807,2618866.126422,0.0344511636430273,0.60197910940077,0,0.00329851566794942,0.0287703866593366,0.331500824628917
167273.411807,2618866.126422,0.0968985134887135,0.260231235089007,0.0952468342815195,0.0462470178014315,0.0429436593870435,0.458432739952285
167773.411807,2618866.126422,0.0828901522097928,0.384375573079039,0,0.0260407115349349,0.0577663671373556,0.448927196038878
168273.411807,2618866.126422,0.0872274143302181,0.350192413413964,0.000366501740883269,0.0223566061938794,0.0971229613340663,0.442734102986989
168773.411807,2618866.126422,0.031932464672417,0.514956872820701,0.000183519911910442,0.00422095797394017,0.0115617544503579,0.437144430170674
169273.411807,2618866.126422,0.0344764349899138,0.501742160278746,0,0.0240234733174399,0.0871080139372822,0.352649917476618
169773.411807,2618866.126422,0.0478284771852666,0.579989004947774,0.000549752611324904,0.00842954004031519,0.0879604178119846,0.275242807403335
170273.411807,2618866.126422,0.0611121306661773,0.285924022756469,0.0790970820334006,0.0893741971003854,0.031932464672417,0.452560102771151
170773.411807,2618866.126422,0.0762882816798093,0.303319273794242,0.00293416467999266,0.0276911791674308,0.077205208142307,0.512561892536219
171273.411807,2618866.126422,0.017042330951072,0.534176287337365,0.0122778083195895,0.0520432472054242,0.0846619021440352,0.299798424042514
171773.411807,2618866.126422,0.0669847678473114,0.566525968067535,0.0328500642319692,0.0236740686364471,0.0719398054688934,0.238025325747844
172273.411807,2618866.126422,0.0115532734274711,0.676691729323308,0,0.0066018705299835,0.0618008435723455,0.243352283146892
172773.411807,2618866.126422,0.223932563679677,0.500091625435221,0,0.0214403518416712,0.0164925783397471,0.238042880703683
173273.411807,2618866.126422,0.0313395757691573,0.636728454041659,0,0.000955474871010892,0.0261800114656985,0.304796483852475
164273.411807,2618366.126422,0.0785321100917431,0.150275229357798,0,0.0636697247706422,0.112477064220183,0.595045871559633
164773.411807,2618366.126422,0.00568702990277013,0.201797835259585,0.300311869381765,0.0264171711612548,0.0497156485048615,0.416070445789763
165273.411807,2618366.126422,0.0163003663003663,0.26043956043956,0.0924908424908425,0.0424908424908425,0.0708791208791209,0.517399267399267
165773.411807,2618366.126422,0.0212844036697248,0.397798165137615,0,0.0187155963302752,0.0546788990825688,0.507522935779817
166273.411807,2618366.126422,0.0509998165474225,0.394056136488718,0,0.00293524124013942,0.0682443588332416,0.483764446890479
166773.411807,2618366.126422,0.0472527472527473,0.478021978021978,0,0.0437728937728938,0.0498168498168498,0.381135531135531
167273.411807,2618366.126422,0.0675229357798165,0.514862385321101,0,0.00018348623853211,0.0310091743119266,0.386422018348624
167773.411807,2618366.126422,0.0946615299944964,0.425793432397725,0.00110071546505228,0.00110071546505228,0.030820033021464,0.44652357365621
168273.411807,2618366.126422,0.118864468864469,0.266849816849817,0.0351648351648352,0.0388278388278388,0.149267399267399,0.391025641025641
168773.411807,2618366.126422,0.0447706422018349,0.517247706422018,0,0.00293577981651376,0.0368807339449541,0.398165137614679
169273.411807,2618366.126422,0.078884608328747,0.314988075582462,0.0113740598055403,0.0511832691249312,0.110621904237755,0.432948082920565
169773.411807,2618366.126422,0.0875457875457875,0.253479853479853,0.000183150183150183,0.0347985347985348,0.201098901098901,0.422893772893773
170273.411807,2618366.126422,0.0467889908256881,0.452660550458716,0.015045871559633,0.0113761467889908,0.0409174311926606,0.433211009174312
170773.411807,2618366.126422,0.0876903320491653,0.248394789946799,0.010273344340488,0.0104567969179967,0.0887910475142176,0.554393689231334
