"x","y","forest","agri","water","built","other","grass"
162273.411807,2613366.126422,0.0099009900990099,0.0506050605060506,0.471763843050972,0.301246791345801,0.0210854418775211,0.145397873120645
162773.411807,2613366.126422,0.00274725274725275,0.16978021978022,0.262271062271062,0.107326007326007,0.0210622710622711,0.436813186813187
163273.411807,2613366.126422,0,0.228937728937729,0.468681318681319,0.0617216117216117,0.0223443223443223,0.218315018315018
163773.411807,2613366.126422,0.00366703337000367,0.243857719105244,0.0678401173450678,0.0185185185185185,0.0363036303630363,0.62981298129813
164273.411807,2613366.126422,0.102014652014652,0.152380952380952,0,0.121245421245421,0.197069597069597,0.427289377289377
164773.411807,2613366.126422,0.122710622710623,0.145054945054945,0,0.16043956043956,0.168864468864469,0.402930402930403
165273.411807,2613366.126422,0.0973597359735974,0.158232489915658,0,0.0132013201320132,0.0702236890355702,0.660982764943161
165773.411807,2613366.126422,0.0510989010989011,0.247985347985348,0,0.0467032967032967,0.091025641025641,0.563186813186813
166273.411807,2613366.126422,0.0507326007326007,0.306959706959707,0.00238095238095238,0.056043956043956,0.0787545787545788,0.505128205128205
166773.411807,2613366.126422,0.0449211587825449,0.283278327832783,0.00568390172350568,0.0940594059405941,0.143747708104144,0.428309497616428
167273.411807,2613366.126422,0.0598901098901099,0.189010989010989,0.0181318681318681,0.0518315018315018,0.116483516483516,0.564652014652015
167773.411807,2613366.126422,0.0941391941391941,0.173076923076923,0.00549450549450549,0.0379120879120879,0.0956043956043956,0.593772893772894
168273.411807,2613366.126422,0.0689402273560689,0.165016501650165,0.00605060506050605,0.0517051705170517,0.15034836817015,0.557939127246058
168773.411807,2613366.126422,0.0272893772893773,0.537545787545788,0,0.00494505494505494,0.0243589743589744,0.405860805860806
169273.411807,2613366.126422,0.0302197802197802,0.337912087912088,0,0.0249084249084249,0.116117216117216,0.490842490842491
169773.411807,2613366.126422,0.022002200220022,0.0368536853685369,0,0.00128346167950128,0.0544554455445545,0.885405207187385
170273.411807,2613366.126422,0.023992673992674,0.338461538461538,0,0.000732600732600733,0.0184981684981685,0.618315018315018
170773.411807,2613366.126422,0.00915750915750916,0.333516483516483,0,0.00769230769230769,0.0472527472527473,0.602380952380952
171273.411807,2613366.126422,0.121928859552622,0.325632563256326,0,0.0922258892555922,0.146681334800147,0.313531353135314
171773.411807,2613366.126422,0.017032967032967,0.601648351648352,0,0.0163003663003663,0.0547619047619048,0.31025641025641
172273.411807,2613366.126422,0.0362637362637363,0.518131868131868,0,0.0104395604395604,0.0582417582417582,0.376923076923077
172773.411807,2613366.126422,0.0663733039970664,0.401723505683902,0,0.0231023102310231,0.0918591859185919,0.416941694169417
173273.411807,2613366.126422,0.239337016574586,0.241104972375691,0,0.0441988950276243,0.137237569060773,0.338121546961326
162273.411807,2612866.126422,0.00989554700384827,0.212021257100971,0.287154113982041,0.194612424409016,0.0157595748579806,0.280557082646143
162773.411807,2612866.126422,0.00495503762158194,0.188841989355845,0.395668930078914,0.223710772618829,0.0214718296935217,0.165351440631308
163273.411807,2612866.126422,0,0.161012286814597,0.63598019438841,0.0533651201173666,0.0144874381074638,0.135154960572162
163773.411807,2612866.126422,0.0126443100604728,0.249587685541506,0.011544804837823,0.247388675096207,0.0958402052409749,0.382994319223016
164273.411807,2612866.126422,0.102771150669848,0.0908423563956689,0.000183519911910442,0.277665626720499,0.177096714993577,0.351440631308497
164773.411807,2612866.126422,0.0733541169998166,0.0634513112048414,0.00110031175499725,0.526865945351183,0.203374289381992,0.13185402530717
165273.411807,2612866.126422,0.0590067802822063,0.175187832142203,0.0124610591900312,0.118563313175738,0.132490379329302,0.50229063588052
165773.411807,2612866.126422,0.0370710222059093,0.349421912277482,0.00201871903101487,0.0374380620297302,0.109744907322444,0.464305377133419
166273.411807,2612866.126422,0.070786722904823,0.233999633229415,0.000916926462497708,0.156244269209609,0.196405648267009,0.341646799926646
166773.411807,2612866.126422,0.0328019058090526,0.347077148616456,0,0.0720175920835624,0.0914421843503757,0.456661169140553
167273.411807,2612866.126422,0.0563406129565058,0.21985685446871,0,0.0284455863461186,0.144797210497339,0.550559735731327
167773.411807,2612866.126422,0.0724371905373189,0.12781954887218,0.0157711351549606,0.10416284613974,0.26389143590684,0.41591784338896
168273.411807,2612866.126422,0.0434304562946674,0.288620120945574,0,0.0357339197361187,0.14018691588785,0.492028587135789
168773.411807,2612866.126422,0.0313819049366856,0.39401725087172,0,0.0260598274912828,0.0901082767480272,0.458432739952285
169273.411807,2612866.126422,0.0766550522648084,0.27599486521181,0,0.0849073904272877,0.22813130386943,0.334311388226664
169773.411807,2612866.126422,0.0175920835623969,0.413047461975444,0.0047645226314825,0.0765988638446033,0.0852116547553601,0.402785413230713
170273.411807,2612866.126422,0.0212883097816113,0.260414755000918,0,0.0594604514589833,0.0673518076711323,0.591484676087355
170773.411807,2612866.126422,0.0205391527599487,0.474050981111315,0,0.0238400880249404,0.0944434256372639,0.387126352466532
171273.411807,2612866.126422,0.0619387942092725,0.382444566611691,0,0.0100787978742899,0.0720175920835624,0.473520249221184
171773.411807,2612866.126422,0.0198201504863278,0.325197283905304,0,0.0568911726922371,0.154340245916682,0.443751146999449
172273.411807,2612866.126422,0.118466898954704,0.209426004034476,0,0.035209976159912,0.195121951219512,0.441775169631396
172773.411807,2612866.126422,0.113065787062489,0.468205973978376,0.000366501740883269,0.00824628916987356,0.07623236210372,0.333883085944658
173273.411807,2612866.126422,0.130088495575221,0.190044247787611,0,0.00309734513274336,0.0305309734513274,0.646238938053097
162773.411807,2612366.126422,0,0.113761467889908,0.72954128440367,0.104770642201835,0.00825688073394495,0.0436697247706422
163273.411807,2612366.126422,0,0.0700788846083287,0.831223628691983,0.0605393505778756,0.00587048248027885,0.0322876536415337
163773.411807,2612366.126422,0.00128205128205128,0.191391941391941,0.174358974358974,0.126373626373626,0.0261904761904762,0.48040293040293
164273.411807,2612366.126422,0.0899082568807339,0.209357798165138,0.0115596330275229,0.122935779816514,0.121100917431193,0.445137614678899
164773.411807,2612366.126422,0.0504494588148963,0.154467070262337,0.0199963309484498,0.155200880572372,0.0599889928453495,0.559897266556595
165273.411807,2612366.126422,0.0734432234432234,0.0954212454212454,0.030952380952381,0.0675824175824176,0.128754578754579,0.603846153846154
165773.411807,2612366.126422,0.0379816513761468,0.286788990825688,0.0785321100917431,0.147155963302752,0.111376146788991,0.338165137614679
166273.411807,2612366.126422,0.0504494588148963,0.297743533296643,0.00476976701522656,0.0471473124197395,0.067327095945698,0.532562832507797
166773.411807,2612366.126422,0.0371794871794872,0.271611721611722,0.00128205128205128,0.0620879120879121,0.0871794871794872,0.540659340659341
167273.411807,2612366.126422,0.0258715596330275,0.150091743119266,0.0055045871559633,0.108990825688073,0.192477064220183,0.517064220183486
167773.411807,2612366.126422,0.0157769216657494,0.300128416804256,0.00091726288754357,0.134470739313887,0.118143459915612,0.430563199412952
168273.411807,2612366.126422,0.0745421245421245,0.275824175824176,0,0.0172161172161172,0.115934065934066,0.516483516483517
168773.411807,2612366.126422,0.0227522935779817,0.355963302752294,0,0.00330275229357798,0.036697247706422,0.581284403669725
169273.411807,2612366.126422,0.0106402494955054,0.339203815813612,0.00293524124013942,0.0183452577508714,0.0764997248211337,0.552375710878738
169773.411807,2612366.126422,0.0437728937728938,0.327289377289377,0.000183150183150183,0.0408424908424908,0.0957875457875458,0.492124542124542
170273.411807,2612366.126422,0.0713761467889908,0.186422018348624,0,0.133577981651376,0.155229357798165,0.453394495412844
170773.411807,2612366.126422,0.0442120711796001,0.394423041643735,0,0.0581544670702623,0.089157952669235,0.414052467437168
171273.411807,2612366.126422,0.0600732600732601,0.434798534798535,0,0.0571428571428571,0.110805860805861,0.337179487179487
171773.411807,2612366.126422,0.0748623853211009,0.312477064220184,0,0.0337614678899083,0.095045871559633,0.483853211009174
172273.411807,2612366.126422,0.112456430012842,0.302146395156852,0.00091726288754357,0.0383415886993212,0.146211704274445,0.399926618968997
172773.411807,2612366.126422,0.0538461538461538,0.485897435897436,0,0.0108058608058608,0.0692307692307692,0.38021978021978
173273.411807,2612366.126422,0.0126078301260783,0.448573324485733,0,0.008847600088476,0.0606060606060606,0.469365184693652
162773.411807,2611866.126422,0,0.0873626373626374,0.845238095238095,0.0527472527472527,0.00183150183150183,0.0128205128205128
163273.411807,2611866.126422,0,0.0234432234432234,0.936080586080586,0.0391941391941392,0.000732600732600733,0.000549450549450549
163773.411807,2611866.126422,0,0.155848918225156,0.686651998533187,0.0852585258525853,0.00935093509350935,0.0628896222955629
164273.411807,2611866.126422,0.0102564102564103,0.213919413919414,0.469230769230769,0.191575091575092,0.0247252747252747,0.0902930402930403
164773.411807,2611866.126422,0.0163003663003663,0.203113553113553,0.252930402930403,0.110622710622711,0.0401098901098901,0.376923076923077
165273.411807,2611866.126422,0.0311697836450312,0.172350568390172,0.366153281994866,0.167033370003667,0.0625229189585625,0.200770077007701
165773.411807,2611866.126422,0.0144688644688645,0.163736263736264,0.26959706959707,0.223260073260073,0.0836996336996337,0.245238095238095
166273.411807,2611866.126422,0.0529304029304029,0.217948717948718,0,0.00146520146520147,0.0668498168498168,0.660805860805861
166773.411807,2611866.126422,0.0364869820315365,0.245324532453245,0.00165016501650165,0.105977264393106,0.0922258892555922,0.518335166850018
167273.411807,2611866.126422,0.0902930402930403,0.127289377289377,0.00311355311355311,0.0913919413919414,0.232417582417582,0.455494505494505
167773.411807,2611866.126422,0.0122710622710623,0.241025641025641,0.0153846153846154,0.143956043956044,0.151282051282051,0.436080586080586
168273.411807,2611866.126422,0.0491382471580491,0.234873487348735,0.0267693436010268,0.122662266226623,0.0452878621195453,0.521268793546021
168773.411807,2611866.126422,0.0313186813186813,0.408974358974359,0,0.0115384615384615,0.067032967032967,0.481135531135531
169273.411807,2611866.126422,0.00897435897435897,0.437545787545788,0.0010989010989011,0.0379120879120879,0.0358974358974359,0.478571428571429
169773.411807,2611866.126422,0.0055005500550055,0.277961129446278,0,0.00568390172350568,0.0375870920425376,0.673267326732673
170273.411807,2611866.126422,0.0633699633699634,0.321062271062271,0.000915750915750916,0.0635531135531135,0.239377289377289,0.311721611721612
170773.411807,2611866.126422,0.00567765567765568,0.566666666666667,0,0.00128205128205128,0.0252747252747253,0.401098901098901
171273.411807,2611866.126422,0.0856252291895856,0.401906857352402,0.0188852218555189,0.00586725339200587,0.0463879721305464,0.441327466079941
171773.411807,2611866.126422,0.0985347985347985,0.516117216117216,0.000915750915750916,0.0010989010989011,0.0498168498168498,0.333516483516483
172273.411807,2611866.126422,0.12032967032967,0.272893772893773,0,0.135531135531136,0.194505494505495,0.276739926739927
172773.411807,2611866.126422,0.0933259992665933,0.457829116244958,0,0.0207187385405207,0.0511551155115512,0.376971030436377
173273.411807,2611866.126422,0.00950276243093923,0.733701657458564,0,0.00331491712707182,0.029171270718232,0.224309392265193
162773.411807,2611366.126422,0,0.117819783446504,0.767113231785649,0.0963479537529822,0.00605615709304459,0.0126628739218205
163273.411807,2611366.126422,0,0.100861910874748,0.840638180817898,0.0478635613423803,0.00366770584999083,0.00696864111498258
163773.411807,2611366.126422,0.00494777350192413,0.165842037749679,0.696903060289536,0.0965732087227414,0.0122778083195895,0.0234561114165292
164273.411807,2611366.126422,0.0332171040557901,0.184253991558084,0.609102587630758,0.0935951550743256,0.0141310332171041,0.0657001284639383
164773.411807,2611366.126422,0,0.138455895837154,0.537135521731157,0.0524481936548689,0.0832569227947919,0.188703465982028
165273.411807,2611366.126422,0.0139270661535642,0.242624152464724,0.309510720175921,0.163826278174821,0.0808136338647609,0.189298149166209
165773.411807,2611366.126422,0.0172508717195816,0.238392365571665,0.0144980730409249,0.0578087722517893,0.0679023674068636,0.604147550009176
166273.411807,2611366.126422,0.0212726939299468,0.190170548322025,0,0.0944434256372639,0.132770951769668,0.561342380341097
166773.411807,2611366.126422,0.0212571009712296,0.193696170056808,0.0241891148982958,0.0678028220634048,0.0927249404434671,0.600329851566795
167273.411807,2611366.126422,0.0495503762158194,0.209946779225546,0.00862543585979079,0.0974490732244448,0.164617360983667,0.469810974490732
167773.411807,2611366.126422,0.0203557674674491,0.0623509994498441,0.00476801760498808,0.193654868879516,0.129836787089675,0.589033559508527
168273.411807,2611366.126422,0.173172072567345,0.101154480483782,0.000183250870441635,0.0564412680960235,0.0679860729338464,0.601062855048561
168773.411807,2611366.126422,0.148284088823637,0.463387777573867,0.000367039823820885,0.0122958340979996,0.0389062213250138,0.336759038355662
169273.411807,2611366.126422,0.0462130937098845,0.0762882816798093,0,0.126535851824684,0.160462130937099,0.590500641848524
169773.411807,2611366.126422,0.0703683342495877,0.196261682242991,0,0.000549752611324904,0.0560747663551402,0.676745464540957
170273.411807,2611366.126422,0.0148651128647458,0.413286841622316,0.0034868783262984,0.0455129381537897,0.0926775555147734,0.430170673518077
170773.411807,2611366.126422,0.00788556757748029,0.497707683843756,0.0408949202273978,0.0269576379974326,0.121767834219696,0.304786356134238
171273.411807,2611366.126422,0.00824628916987356,0.550668865677112,0.0382994319223016,0.0366501740883269,0.0601062855048561,0.30602895363753
171773.411807,2611366.126422,0.0761607634428336,0.455312901449807,0,0.0504679757753716,0.127362818865847,0.290695540466141
172273.411807,2611366.126422,0.0845406198422887,0.202640748211993,0,0.152576563359619,0.284247203374289,0.27599486521181
172773.411807,2611366.126422,0.157045995968481,0.256001466006964,0,0.0362836723474437,0.153380978559648,0.397287887117464
173273.411807,2611366.126422,0.0192477876106195,0.740265486725664,0,0.00376106194690265,0.0210176991150442,0.21570796460177
162773.411807,2610866.126422,0,0.0627522935779816,0.772660550458716,0.148990825688073,0.013394495412844,0.00220183486238532
163273.411807,2610866.126422,0.00293524124013942,0.0504494588148963,0.832691249312053,0.10126582278481,0.00330214639515685,0.00935608145294441
163773.411807,2610866.126422,0,0.149084249084249,0.713919413919414,0.0283882783882784,0.00531135531135531,0.103296703296703
164273.411807,2610866.126422,0.0455045871559633,0.262201834862385,0.322018348623853,0.0823853211009174,0.0385321100917431,0.249357798165138
164773.411807,2610866.126422,0.0554026784076316,0.106769400110072,0.0953953403045313,0.0684278114107503,0.0915428361768483,0.582461933590167
165273.411807,2610866.126422,0.00860805860805861,0.336446886446886,0.28003663003663,0.0917582417582418,0.0871794871794872,0.195970695970696
165773.411807,2610866.126422,0.0324770642201835,0.298532110091743,0.103669724770642,0.0935779816513762,0.0429357798165138,0.428807339449541
166273.411807,2610866.126422,0.0398092093193909,0.105301779490002,0.00678774536782242,0.133186571271326,0.170060539350578,0.544854155200881
166773.411807,2610866.126422,0.00879120879120879,0.0282051282051282,0.000183150183150183,0.0146520146520147,0.0514652014652015,0.896703296703297
167273.411807,2610866.126422,0.109908256880734,0.0431192660550459,0.00036697247706422,0.0988990825688073,0.206788990825688,0.540917431192661
167773.411807,2610866.126422,0.0291689598238855,0.137405980554027,0.0376077783892864,0.311135571454779,0.226563933223262,0.258117776554761
168273.411807,2610866.126422,0.0639194139194139,0.194505494505495,0,0.0619047619047619,0.0672161172161172,0.612454212454212
168773.411807,2610866.126422,0.278899082568807,0.0561467889908257,0,0.00348623853211009,0.044954128440367,0.61651376146789
169273.411807,2610866.126422,0.0324711062190424,0.0354063474591818,0,0.016694184553293,0.0643918547055586,0.851036507062924
169773.411807,2610866.126422,0.0194139194139194,0.285714285714286,0,0,0.00695970695970696,0.687912087912088
170273.411807,2610866.126422,0.0447706422018349,0.387155963302752,0.063302752293578,0.0532110091743119,0.0273394495412844,0.424220183486239
170773.411807,2610866.126422,0.0418271876719868,0.665199046046597,0,0.00348559897266557,0.0311869381764814,0.258301229132269
171273.411807,2610866.126422,0.015018315018315,0.606593406593407,0,0.00549450549450549,0.0802197802197802,0.292673992673993
171773.411807,2610866.126422,0.0607339449541284,0.502018348623853,0,0.00165137614678899,0.0532110091743119,0.382385321100917
172273.411807,2610866.126422,0.0697119794533113,0.368923133370024,0,0.00293524124013942,0.0500825536598789,0.508347092276647
172773.411807,2610866.126422,0.0983516483516483,0.352930402930403,0.0485347985347985,0.0179487179487179,0.0628205128205128,0.419413919413919
173273.411807,2610866.126422,0.0267639902676399,0.745410307454103,0,0.0544127405441274,0.0247732802477328,0.148639681486397
162773.411807,2610366.126422,0.00164835164835165,0.117216117216117,0.697435897435897,0.146703296703297,0.0197802197802198,0.0172161172161172
163273.411807,2610366.126422,0,0.0998168498168498,0.734798534798535,0.147619047619048,0.00622710622710623,0.0115384615384615
163773.411807,2610366.126422,0.0022002200220022,0.211771177117712,0.573890722405574,0.111111111111111,0.015951595159516,0.0850751741840851
164273.411807,2610366.126422,0.00531135531135531,0.139194139194139,0.695787545787546,0.0547619047619048,0.0173992673992674,0.0875457875457875
164773.411807,2610366.126422,0.0468864468864469,0.132783882783883,0.0518315018315018,0.143223443223443,0.0619047619047619,0.563369963369963
165273.411807,2610366.126422,0.0144847818115145,0.243307664099743,0.141180784745141,0.273193986065273,0.0808580858085809,0.246974697469747
165773.411807,2610366.126422,0.00512820512820513,0.258058608058608,0.204395604395604,0.363186813186813,0.0580586080586081,0.111172161172161
166273.411807,2610366.126422,0.0353479853479853,0.155494505494505,0,0.0558608058608059,0.0824175824175824,0.670879120879121
166773.411807,2610366.126422,0.0243857719105244,0.107627429409608,0,0.0132013201320132,0.0361202786945361,0.818665199853319
167273.411807,2610366.126422,0.0406593406593407,0.105311355311355,0.00695970695970696,0.153113553113553,0.160989010989011,0.532967032967033
167773.411807,2610366.126422,0.019047619047619,0.152930402930403,0.00402930402930403,0.141025641025641,0.172344322344322,0.510622710622711
168273.411807,2610366.126422,0.0194352768610194,0.0682068206820682,0,0.0474880821415475,0.0995599559955996,0.765309864319765
168773.411807,2610366.126422,0.248901098901099,0.0212454212454212,0,0.0141025641025641,0.0142857142857143,0.701465201465201
169273.411807,2610366.126422,0.0327838827838828,0.428021978021978,0,0.00128205128205128,0.0419413919413919,0.495970695970696
169773.411807,2610366.126422,0.0295196186285295,0.0484048404840484,0,0,0.00366703337000367,0.918408507517418
170273.411807,2610366.126422,0.0263736263736264,0.572344322344322,0.0391941391941392,0.00677655677655678,0.0181318681318681,0.337179487179487
170773.411807,2610366.126422,0.0456043956043956,0.634249084249084,0.00604395604395604,0.0842490842490843,0.10989010989011,0.11996336996337
171273.411807,2610366.126422,0.0339200586725339,0.678401173450678,0,0.0238357169050238,0.0788412174550788,0.185001833516685
171773.411807,2610366.126422,0.0783882783882784,0.615201465201465,0,0,0.0120879120879121,0.294322344322344
172273.411807,2610366.126422,0.0338827838827839,0.396886446886447,0.0575091575091575,0.03003663003663,0.0331501831501832,0.448534798534799
172773.411807,2610366.126422,0.0273193986065273,0.485515218188486,0.050971763843051,0.0122845617895123,0.057022368903557,0.366886688668867
173273.411807,2610366.126422,0.0311602209944751,0.634254143646409,0,0.0408839779005525,0.045524861878453,0.24817679558011
162773.411807,2609866.126422,0,0.152872086621398,0.720499174160396,0.116718663975041,0,0.00991007524316388
163273.411807,2609866.126422,0.000550155877498625,0.0696864111498258,0.82798459563543,0.0891252521547772,0.000733541169998166,0.0119200440124702
163773.411807,2609866.126422,0.00329851566794942,0.144035184167125,0.594099321971779,0.183067619571193,0.0311526479750779,0.0443467106468756
164273.411807,2609866.126422,0.00679023674068636,0.0851532391264452,0.622866581024041,0.0416590200036704,0.00183519911910442,0.241695723986052
164773.411807,2609866.126422,0.0113698881349716,0.224646983311938,0.346781588116633,0.0607005318173482,0.0863744727672841,0.270126535851825
165273.411807,2609866.126422,0.015026571376214,0.225948323254535,0.172439069085578,0.102986989188199,0.0604727872457394,0.423126259849734
165773.411807,2609866.126422,0.0326665443200587,0.203707102220591,0.0534042943659387,0.0475316571848046,0.114332905120206,0.548357496788402
166273.411807,2609866.126422,0.0905923344947735,0.094810196222263,0,0.0630845406198423,0.125252154777187,0.626260773885934
166773.411807,2609866.126422,0.0558915154846986,0.0711013377313542,0.00128275609309144,0.0390324354040682,0.122411581455012,0.710280373831776
167273.411807,2609866.126422,0.0335841438796109,0.113782345384474,0.00165167920719398,0.0401908607083869,0.157093044595339,0.653697926224995
167773.411807,2609866.126422,0.0210893086374473,0.0902255639097744,0.00806895286997983,0.0126535851824684,0.116449660737209,0.751512928663121
168273.411807,2609866.126422,0.0225398570643211,0.0745831042697453,0,0.0524097489463075,0.0951072017592084,0.755360087960418
168773.411807,2609866.126422,0.00513855753349238,0.0906588364837585,0,0.026977427050835,0.0310148651128647,0.846210313819049
169273.411807,2609866.126422,0.0403447643498991,0.304236200256739,0,0.00843572345497891,0.0273244085824317,0.619658903355951
169773.411807,2609866.126422,0.108118013560564,0.10317024005864,0.0599230346344145,0.00678028220634048,0.0317024005864028,0.690306028953638
170273.411807,2609866.126422,0.0161497522481189,0.758487795925858,0,0,0.00807487612405946,0.217287575701964
170773.411807,2609866.126422,0.0097194205024757,0.621309370988447,0.0223730056849441,0.061617458279846,0.0306253438474234,0.254355400696864
171273.411807,2609866.126422,0.0207073483599047,0.784680227231079,0,0.000733003481766538,0.0216236027121129,0.172255818215137
171773.411807,2609866.126422,0.0515690952468343,0.53110662506882,0.00238575885483575,0.0240411084602679,0.110295467058176,0.280601945311066
172273.411807,2609866.126422,0.0416284613973959,0.66788923528333,0,0.0337428938199156,0.0680359435173299,0.188703465982028
172773.411807,2609866.126422,0.03811618105186,0.740883269195529,0,0.00806303829943192,0.0450797141286421,0.167857797324537
173273.411807,2609866.126422,0.0194690265486726,0.619911504424779,0,0.00730088495575221,0.0530973451327434,0.300221238938053
162773.411807,2609366.126422,0.00036697247706422,0.136697247706422,0.647706422018349,0.168807339449541,0.00293577981651376,0.0434862385321101
163273.411807,2609366.126422,0.00146762062006971,0.197394973399376,0.609979820216474,0.122913226930838,0.00678774536782242,0.0614566134654192
163773.411807,2609366.126422,0,0.181318681318681,0.676373626373626,0.0553113553113553,0.0155677655677656,0.0714285714285714
164273.411807,2609366.126422,0.00568807339449541,0.233761467889908,0.527155963302752,0.0521100917431193,0.0209174311926606,0.160366972477064
164773.411807,2609366.126422,0.00972298660796184,0.20968629609246,0.403045312786645,0.12694918363603,0.0796184186387819,0.170977802238121
165273.411807,2609366.126422,0.00347985347985348,0.194139194139194,0.395787545787546,0.135164835164835,0.0787545787545788,0.192673992673993
165773.411807,2609366.126422,0.0148623853211009,0.184036697247706,0,0.0280733944954128,0.0315596330275229,0.741467889908257
166273.411807,2609366.126422,0.093010456796918,0.0487983856173179,0,0.202164740414603,0.155017427994863,0.501008989176298
166773.411807,2609366.126422,0.0695970695970696,0.0401098901098901,0,0.380586080586081,0.31007326007326,0.1996336996337
167273.411807,2609366.126422,0.0671559633027523,0.0981651376146789,0.00403669724770642,0.0568807339449541,0.0987155963302752,0.675045871559633
167773.411807,2609366.126422,0.0207301412584847,0.0720968629609246,0,0.00550357732526142,0.0440286186020914,0.857640799853238
168273.411807,2609366.126422,0.0492673992673993,0.0672161172161172,0.00183150183150183,0.103113553113553,0.191941391941392,0.586630036630037
168773.411807,2609366.126422,0.0526605504587156,0.0519266055045872,0,0.0273394495412844,0.0471559633027523,0.820917431192661
169273.411807,2609366.126422,0.114474408365438,0.0394423041643735,0,0.00807191341038342,0.0262337185837461,0.811777655476059
169773.411807,2609366.126422,0.0298534798534799,0.157142857142857,0.0380952380952381,0.0441391941391941,0.111355311355311,0.619413919413919
170273.411807,2609366.126422,0.0469724770642202,0.503302752293578,0,0.00477064220183486,0.051743119266055,0.393211009174312
170773.411807,2609366.126422,0.0139423958906623,0.436250229315722,0,0.0159603742432581,0.0880572372041827,0.445789763346175
171273.411807,2609366.126422,0.0534798534798535,0.369413919413919,0.00347985347985348,0.0652014652014652,0.18021978021978,0.328205128205128
171773.411807,2609366.126422,0.056697247706422,0.468623853211009,0.00422018348623853,0.0862385321100917,0.160366972477064,0.223853211009174
172273.411807,2609366.126422,0.0405430196294258,0.397174830306366,0.000366905155017428,0.226563933223262,0.120161438268208,0.215189873417722
172773.411807,2609366.126422,0.0338827838827839,0.74029304029304,0,0.00494505494505494,0.0503663003663004,0.170512820512821
173273.411807,2609366.126422,0.0064145100641451,0.739880557398806,0,0.0013271400132714,0.0765317407653174,0.175846051758461
162773.411807,2608866.126422,0,0.161538461538462,0.633333333333333,0.160805860805861,0.0043956043956044,0.0399267399267399
163273.411807,2608866.126422,0,0.225091575091575,0.677106227106227,0.0663003663003663,0.00952380952380952,0.021978021978022
163773.411807,2608866.126422,0.00238357169050238,0.261826182618262,0.453428676200953,0.0988265493215988,0.0377704437110378,0.145764576457646
164273.411807,2608866.126422,0.00641025641025641,0.229487179487179,0.518131868131868,0.0346153846153846,0.00897435897435897,0.202380952380952
164773.411807,2608866.126422,0.00622710622710623,0.204578754578755,0.505311355311355,0.118498168498168,0.0723443223443224,0.093040293040293
165273.411807,2608866.126422,0.0205353868720205,0.196369636963696,0.270627062706271,0.213237990465713,0.132196552988632,0.167033370003667
165773.411807,2608866.126422,0.00659340659340659,0.133699633699634,0.0227106227106227,0.0749084249084249,0.101282051282051,0.660805860805861
166273.411807,2608866.126422,0.019047619047619,0.1,0.0137362637362637,0.0985347985347985,0.117216117216117,0.651465201465201
166773.411807,2608866.126422,0.0275027502750275,0.156765676567657,0.00183351668500183,0.085991932526586,0.117895122845618,0.61001100110011
167273.411807,2608866.126422,0.0261904761904762,0.0994505494505494,0.0115384615384615,0.0421245421245421,0.0688644688644689,0.751831501831502
167773.411807,2608866.126422,0.0243589743589744,0.15,0,0.0133699633699634,0.0633699633699634,0.748901098901099
168273.411807,2608866.126422,0.011001100110011,0.131279794646131,0.044004400440044,0.00293362669600293,0.0407040704070407,0.77007700770077
168773.411807,2608866.126422,0.00824175824175824,0.106959706959707,0.056959706959707,0.0543956043956044,0.105311355311355,0.668131868131868
169273.411807,2608866.126422,0.0254578754578755,0.0538461538461538,0.0531135531135531,0.0822344322344322,0.139010989010989,0.646336996336996
169773.411807,2608866.126422,0.028969563623029,0.242024202420242,0.0821415474880821,0.0561056105610561,0.117161716171617,0.473597359735974
170273.411807,2608866.126422,0.0192307692307692,0.328021978021978,0,0.010989010989011,0.0521978021978022,0.58956043956044
170773.411807,2608866.126422,0.0326007326007326,0.527106227106227,0,0.0452380952380952,0.0426739926739927,0.352380952380952
171273.411807,2608866.126422,0.0192519251925193,0.364319765309864,0,0.0282361569490282,0.0683901723505684,0.51980198019802
171773.411807,2608866.126422,0.0578754578754579,0.537912087912088,0,0.0564102564102564,0.105128205128205,0.242673992673993
172273.411807,2608866.126422,0.0358974358974359,0.661904761904762,0,0.0108058608058608,0.0684981684981685,0.222893772893773
172773.411807,2608866.126422,0.0322698936560323,0.648331499816648,0,0.0011001100110011,0.0238357169050238,0.294462779611294
173273.411807,2608866.126422,0.0616574585635359,0.556685082872928,0,0.0329281767955801,0.108508287292818,0.240220994475138
161273.411807,2608366.126422,0,0,1,0,0,0
162773.411807,2608366.126422,0.0047715177096715,0.139291613140026,0.652413286841622,0.108643787850982,0.0488162965681776,0.046063497889521
163273.411807,2608366.126422,0.0146708233999633,0.106363469649734,0.313222079589217,0.442692096093893,0.0654685494223363,0.057582981844856
163773.411807,2608366.126422,0.0042147700201576,0.276342312625985,0.254352208172989,0.0842954004031519,0.0368334249587686,0.343961883818948
164273.411807,2608366.126422,0.00734079647641769,0.238575885483575,0.48118920902918,0.0768948430904753,0.0311983850247752,0.164800880895577
164773.411807,2608366.126422,0.00183385292499542,0.147075004584632,0.559508527416101,0.105079772602237,0.0496974142673758,0.136805428204658
165273.411807,2608366.126422,0.00733003481766538,0.166575041231446,0.289719626168224,0.0403151914971596,0.0342679127725857,0.461792193512919
165773.411807,2608366.126422,0.0183519911910442,0.157276564507249,0.00440447788585061,0.0277115066984768,0.0598274912828042,0.732427968434575
166273.411807,2608366.126422,0.0295250320924262,0.0546488171648634,0.0185219145424537,0.0674857876398313,0.107280396112232,0.722538052448194
166773.411807,2608366.126422,0.0216236027121129,0.165475536008796,0.0480117280557083,0.107751511819681,0.156129741616273,0.501007879787429
167273.411807,2608366.126422,0.0601945311066251,0.0640484492567444,0.0579922921636998,0.155074325564324,0.182785832262801,0.479904569645807
167773.411807,2608366.126422,0.0291582615074271,0.0797726022373006,0.0819732257472951,0.118833669539703,0.130570328259674,0.559691912708601
168273.411807,2608366.126422,0.0271211288253619,0.214953271028037,0.190764156129742,0.0756826094923951,0.087777166941543,0.403701667582921
168773.411807,2608366.126422,0.0266103872270141,0.239309965131217,0,0.0146815929528354,0.0515690952468343,0.667828959442099
169273.411807,2608366.126422,0.0256739409499358,0.265358518246837,0.0353933614524115,0.0452961672473868,0.0907757197872731,0.537502292316156
169773.411807,2608366.126422,0.0089792926516401,0.393806120579073,0,0.0419644493311343,0.0474619754443834,0.507788161993769
170273.411807,2608366.126422,0.0119287942741787,0.306661772802349,0.00605615709304459,0.0361534226463571,0.0851532391264452,0.554046614057625
170773.411807,2608366.126422,0.0407115349348982,0.184485604254539,0.0394278378874014,0.0698697964423253,0.145974692829635,0.519530533651201
171273.411807,2608366.126422,0.0557082646142569,0.278358072200843,0,0.0258383727322705,0.0864944108484515,0.553600879604178
171773.411807,2608366.126422,0.0409249403560286,0.541383740135805,0,0.00991007524316388,0.0275279867865663,0.380253257478436
172273.411807,2608366.126422,0.092792958004768,0.553090042178617,0,0.0210893086374473,0.0408949202273978,0.29213277095177
172773.411807,2608366.126422,0.0595565328935312,0.521165475536009,0,0.0628550485614807,0.113982041414697,0.242440901594283
173273.411807,2608366.126422,0.100442477876106,0.510840707964602,0,0.0548672566371681,0.0829646017699115,0.250884955752212
161273.411807,2607866.126422,0,0,0.769724770642202,0.230275229357798,0,0
162773.411807,2607866.126422,0.00220183486238532,0.153394495412844,0.626788990825688,0.15651376146789,0.0139449541284404,0.0471559633027523
163273.411807,2607866.126422,0.002568336085122,0.247844432214273,0.296275912676573,0.329113924050633,0.0254999082737112,0.0986974866996881
163773.411807,2607866.126422,0.0115384615384615,0.206227106227106,0.185347985347985,0.173260073260073,0.0228937728937729,0.400732600732601
164273.411807,2607866.126422,0.00330275229357798,0.264770642201835,0.491926605504587,0.0998165137614679,0.0177981651376147,0.122385321100917
164773.411807,2607866.126422,0.0106402494955054,0.250229315721886,0.388736011740965,0.117593102183086,0.0772335351311686,0.155567785727389
165273.411807,2607866.126422,0.010989010989011,0.155494505494505,0.0401098901098901,0.0216117216117216,0.030952380952381,0.740842490842491
165773.411807,2607866.126422,0.0330275229357798,0.0677064220183486,0.00146788990825688,0.205871559633028,0.18256880733945,0.509357798165138
166273.411807,2607866.126422,0.0387084938543387,0.155384333149881,0.0614566134654192,0.288937809576225,0.135938359933957,0.31957439002018
166773.411807,2607866.126422,0.0188644688644689,0.162637362637363,0.186630036630037,0.0571428571428571,0.0695970695970696,0.505128205128205
167273.411807,2607866.126422,0.0267889908256881,0.182018348623853,0.15743119266055,0.0544954128440367,0.101651376146789,0.477614678899083
167773.411807,2607866.126422,0.0458631443771785,0.301596037424326,0.0915428361768483,0.0876903320491653,0.125114657860943,0.348192992111539
168273.411807,2607866.126422,0.0131868131868132,0.636263736263736,0,0.0010989010989011,0.0152014652014652,0.334249084249084
168773.411807,2607866.126422,0.0242201834862385,0.539266055045872,0,0.00385321100917431,0.0455045871559633,0.387155963302752
169273.411807,2607866.126422,0.0365070629242341,0.277747202348193,0.00532012474775271,0.0691616217207852,0.127866446523574,0.483397541735461
169773.411807,2607866.126422,0.0234432234432234,0.303479853479853,0,0.0161172161172161,0.105494505494505,0.551465201465202
170273.411807,2607866.126422,0.0163302752293578,0.368623853211009,0.00715596330275229,0.0220183486238532,0.0739449541284404,0.511926605504587
170773.411807,2607866.126422,0.0225646670335718,0.302146395156852,0,0.113740598055403,0.171344707393139,0.390203632361035
171273.411807,2607866.126422,0.0750915750915751,0.378021978021978,0,0.017032967032967,0.0655677655677656,0.464285714285714
171773.411807,2607866.126422,0.0464220183486239,0.39743119266055,0,0.084954128440367,0.111009174311927,0.360183486238532
172273.411807,2607866.126422,0.0889745000917263,0.17831590533847,0.000550357732526142,0.231884057971014,0.152449091909741,0.347826086956522
172773.411807,2607866.126422,0.0677655677655678,0.0366300366300366,0,0.427838827838828,0.342490842490842,0.125274725274725
173273.411807,2607866.126422,0.167219641672196,0.0809555408095554,0,0.201946472019465,0.303030303030303,0.24684804246848
162773.411807,2607366.126422,0,0.208241758241758,0.649450549450549,0.103296703296703,0.00586080586080586,0.0331501831501832
163273.411807,2607366.126422,0.00164835164835165,0.18992673992674,0.682051282051282,0.0404761904761905,0.00494505494505494,0.080952380952381
163773.411807,2607366.126422,0.0011001100110011,0.296296296296296,0.322882288228823,0.12981298129813,0.0381371470480381,0.211771177117712
164273.411807,2607366.126422,0.00604395604395604,0.341575091575092,0.381318681318681,0.0216117216117216,0.00805860805860806,0.241391941391941
164773.411807,2607366.126422,0.00201465201465201,0.125457875457875,0.523809523809524,0.0120879120879121,0.015018315018315,0.321611721611722
165273.411807,2607366.126422,0.00256692335900257,0.135863586358636,0.000733406674000733,0.0119178584525119,0.0275027502750275,0.821415474880821
165773.411807,2607366.126422,0.021978021978022,0.168315018315018,0.137545787545788,0.126007326007326,0.114102564102564,0.432051282051282
166273.411807,2607366.126422,0.00970695970695971,0.196886446886447,0.22985347985348,0.189010989010989,0.0639194139194139,0.310622710622711
166773.411807,2607366.126422,0.00751741840850752,0.204070407040704,0.0188852218555189,0.00238357169050238,0.0102676934360103,0.756875687568757
167273.411807,2607366.126422,0.0432234432234432,0.302747252747253,0.0263736263736264,0.0637362637362637,0.105494505494505,0.458424908424908
167773.411807,2607366.126422,0.036996336996337,0.470695970695971,0,0.0375457875457875,0.0886446886446886,0.366117216117216
168273.411807,2607366.126422,0.0291529152915292,0.608360836083608,0,0.00953428676200953,0.0196186285295196,0.333333333333333
168773.411807,2607366.126422,0.0271062271062271,0.364102564102564,0,0.0456043956043956,0.1003663003663,0.462820512820513
169273.411807,2607366.126422,0.0336996336996337,0.142307692307692,0,0.28992673992674,0.289010989010989,0.245054945054945
169773.411807,2607366.126422,0.011001100110011,0.284195086175284,0,0.0232856618995233,0.0858085808580858,0.595709570957096
170273.411807,2607366.126422,0.0184981684981685,0.432417582417582,0,0.00659340659340659,0.0335164835164835,0.508974358974359
170773.411807,2607366.126422,0.0516483516483516,0.443772893772894,0,0.0456043956043956,0.142490842490842,0.316483516483516
171273.411807,2607366.126422,0.0353868720205354,0.508434176751008,0,0.0434543454345435,0.1002933626696,0.312431243124312
171773.411807,2607366.126422,0.0432234432234432,0.595970695970696,0,0.0379120879120879,0.0483516483516484,0.274542124542125
172273.411807,2607366.126422,0.0512820512820513,0.571428571428571,0,0.0776556776556777,0.112454212454212,0.187179487179487
172773.411807,2607366.126422,0.0562889622295563,0.450495049504951,0,0.0469380271360469,0.0885588558855886,0.357719105243858
173273.411807,2607366.126422,0.0159116022099448,0.677127071823204,0,0.0316022099447514,0.0479558011049724,0.227403314917127
160773.411807,2606866.126422,0,0,1,0,0,0
161273.411807,2606866.126422,0,0,0.985685446870985,0.0143145531290145,0,0
162773.411807,2606866.126422,0,0.236190126628739,0.556432372912461,0.122040741420444,0.0117452743622683,0.0735914846760874
163273.411807,2606866.126422,0.000916926462497708,0.21199339812947,0.585549238951036,0.0783055198973042,0.00495140289748762,0.118283513662204
163773.411807,2606866.126422,0.00109950522264981,0.264797507788162,0.463074949606011,0.0557082646142569,0.0111783030969397,0.204141469671981
164273.411807,2606866.126422,0.0172508717195816,0.167920719398055,0.549642136171775,0.120022022389429,0.0225729491649844,0.122591301156175
164773.411807,2606866.126422,0.0121034293049697,0.13607188703466,0.359251788006602,0.004401247019989,0.0181551439574546,0.470016504676325
165273.411807,2606866.126422,0.0273043796958036,0.127725856697819,0.0604727872457394,0.116181051859996,0.0509437419827744,0.617372182517867
165773.411807,2606866.126422,0.00367039823820885,0.196182785832263,0.521196549825656,0.0491833363919985,0.0653330886401175,0.164433841071756
166273.411807,2606866.126422,0.00348432055749129,0.125618925362186,0.221529433339446,0.218962039244453,0.0828901522097928,0.347515129286631
166773.411807,2606866.126422,0.00494777350192413,0.236760124610592,0.013560564412681,0.00164925783397471,0.0120945574491479,0.73098772219168
167273.411807,2606866.126422,0.00679023674068636,0.36098366672784,0.0117452743622683,0.000734079647641769,0.0163332721600294,0.603413470361534
167773.411807,2606866.126422,0.00898587933247754,0.474967907573813,0,0.000183385292499542,0.0128369704749679,0.503025857326242
168273.411807,2606866.126422,0.00824628916987356,0.578706248854682,0,0.00714678394722375,0.0234561114165292,0.382444566611691
