"x","y","forest","agri","water","built","other","grass"
185773.411807,2502866.126422,0.0248344370860927,0.0171081677704194,0,0.907836644591612,0.0358719646799117,0.0143487858719647
186273.411807,2502866.126422,0.103189493433396,0.0894308943089431,0,0.266729205753596,0.182614133833646,0.358036272670419
186773.411807,2502866.126422,0.100595424631777,0.262926982137261,0,0.0842995926041993,0.0839862112190536,0.468191789407709
187273.411807,2502866.126422,0.0788732394366197,0.323630672926448,0.000938967136150235,0.232550860719875,0.107042253521127,0.256964006259781
187773.411807,2502866.126422,0.0675422138836773,0.383989993746091,0,0.228893058161351,0.175109443402126,0.144465290806754
188273.411807,2502866.126422,0.0310247571294265,0.712315888436227,0,0.00250705108116578,0.0244437480413663,0.229708555311814
188773.411807,2502866.126422,0.0331768388106416,0.590610328638498,0,0.0153364632237872,0.0566510172143975,0.304225352112676
189273.411807,2502866.126422,0.0400250156347717,0.113821138211382,0,0.593808630393996,0.160412757973734,0.0919324577861163
189773.411807,2502866.126422,0.0604826073331244,0.586649952992792,0,0.0943277969288624,0.0495142588530241,0.209025383892197
190273.411807,2502866.126422,0.0754303599374022,0.360876369327074,0,0.121752738654147,0.119874804381847,0.322065727699531
190773.411807,2502866.126422,0.104440275171982,0.366166353971232,0,0.0847404627892433,0.101000625390869,0.343652282676673
191273.411807,2502866.126422,0.00376057662174867,0.734565966781573,0,0,0.00344719523660295,0.258226261360075
191773.411807,2502866.126422,0.0028169014084507,0.527386541471048,0,0,0,0.469796557120501
192273.411807,2502866.126422,0,0.0825515947467167,0.288617886178862,0.235459662288931,0.0393996247654784,0.353971232020013
192773.411807,2502866.126422,0.0197430272641805,0.733625822626136,0,0,0,0.246631150109683
193273.411807,2502866.126422,0.0165884194053208,0.571205007824726,0,0.000625978090766823,0.037245696400626,0.37433489827856
193773.411807,2502866.126422,0.0866166353971232,0.211694809255785,0.00531582238899312,0.0215759849906191,0.0800500312695435,0.594746716697936
194273.411807,2502866.126422,0.0955813224694453,0.264180507677844,0.00470072077718584,0.0153556878721404,0.106549670949546,0.513632090253839
194773.411807,2502866.126422,0.0359937402190923,0.200312989045383,0.000938967136150235,0.220657276995305,0.282942097026604,0.259154929577465
195273.411807,2502866.126422,0.101000625390869,0.192307692307692,0,0.0509693558474046,0.309255784865541,0.346466541588493
195773.411807,2502866.126422,0.123158884362269,0.0639298025697274,0,0.253838921968035,0.281103102475713,0.277969288624256
196273.411807,2502866.126422,0.0732394366197183,0.202503912363067,0.0231611893583725,0.238810641627543,0.165571205007825,0.296713615023474
196773.411807,2502866.126422,0.0891181988742964,0.158223889931207,0,0.287679799874922,0.206691682301438,0.258286429018136
197273.411807,2502866.126422,0.0695706675023504,0.292384832340959,0.000940144155437167,0.144155437167032,0.0855531181447822,0.407395800689439
197773.411807,2502866.126422,0.0510172143974961,0.50829420970266,0,0.00563380281690141,0.0516431924882629,0.383411580594679
198273.411807,2502866.126422,0.0525328330206379,0.303939962476548,0,0.17667292057536,0.227016885553471,0.239837398373984
185773.411807,2502366.126422,0.152634961439589,0.057840616966581,0,0.413881748071979,0.0732647814910026,0.302377892030848
186273.411807,2502366.126422,0.256692335900257,0.117711771177118,0,0.081041437477081,0.0891089108910891,0.455445544554455
186773.411807,2502366.126422,0.0183150183150183,0.186263736263736,0,0.525824175824176,0.052014652014652,0.217582417582418
187273.411807,2502366.126422,0.0666666666666667,0.270695970695971,0,0.328205128205128,0.115750915750916,0.218681318681319
187773.411807,2502366.126422,0.0696736340300697,0.221122112211221,0,0.232489915658232,0.105977264393106,0.370737073707371
188273.411807,2502366.126422,0.0307692307692308,0.702014652014652,0,0.026007326007326,0.0241758241758242,0.217032967032967
188773.411807,2502366.126422,0.0364468864468864,0.636263736263736,0,0.0128205128205128,0.0415750915750916,0.272893772893773
189273.411807,2502366.126422,0.0958929226255959,0.108910891089109,0,0.456729006233957,0.192335900256692,0.146131279794646
189773.411807,2502366.126422,0.0738095238095238,0.415384615384615,0,0.179304029304029,0.110805860805861,0.220695970695971
190273.411807,2502366.126422,0.0606227106227106,0.466666666666667,0,0.0562271062271062,0.104212454212454,0.312271062271062
190773.411807,2502366.126422,0.046021268793546,0.425009167583425,0.000366703337000367,0.0533553355335534,0.0733406674000733,0.401906857352402
191273.411807,2502366.126422,0.11978021978022,0.211904761904762,0.00714285714285714,0.18021978021978,0.0990842490842491,0.381868131868132
191773.411807,2502366.126422,0.00256410256410256,0.555860805860806,0,0,0,0.441575091575092
192273.411807,2502366.126422,0.00055005500550055,0.556288962229556,0.176200953428676,0.0654565456545655,0.0326365969930326,0.168866886688669
192773.411807,2502366.126422,0.00805860805860806,0.706776556776557,0,0,0.00787545787545788,0.277289377289377
193273.411807,2502366.126422,0.0113553113553114,0.635347985347985,0,0,0.0164835164835165,0.336813186813187
193773.411807,2502366.126422,0.122295562889622,0.286028602860286,0,0.0451045104510451,0.123212321232123,0.423359002566923
194273.411807,2502366.126422,0.0732600732600733,0.199267399267399,0.0542124542124542,0.0695970695970696,0.15,0.453663003663004
194773.411807,2502366.126422,0.126923076923077,0.0860805860805861,0.000549450549450549,0.25970695970696,0.243772893772894,0.282967032967033
195273.411807,2502366.126422,0.104693802713605,0.11037770443711,0.0033003300330033,0.262559589292263,0.24000733406674,0.279061239457279
195773.411807,2502366.126422,0.0886446886446886,0.115750915750916,0.00164835164835165,0.358974358974359,0.227106227106227,0.207875457875458
196273.411807,2502366.126422,0.0921245421245421,0.196703296703297,0.00164835164835165,0.255677655677656,0.196336996336996,0.257509157509157
196773.411807,2502366.126422,0.0902090209020902,0.181701503483682,0.0359369270260359,0.264759809314265,0.169050238357169,0.258342500916758
197273.411807,2502366.126422,0.138644688644689,0.294505494505495,0.0111721611721612,0.0443223443223443,0.0675824175824176,0.443772893772894
197773.411807,2502366.126422,0.117032967032967,0.211172161172161,0.00476190476190476,0.00970695970695971,0.133699633699634,0.523626373626374
198273.411807,2502366.126422,0.15969930326366,0.182251558489182,0.00568390172350568,0.0434543454345435,0.1002933626696,0.508617528419509
185773.411807,2501866.126422,0.459407216494845,0.00708762886597938,0,0,0.00289948453608247,0.530605670103093
186273.411807,2501866.126422,0.457027670881437,0.00549752611324904,0,0,0,0.537474803005314
186773.411807,2501866.126422,0.18682327032483,0.044411818682327,0,0.200036703982382,0.0660671682877592,0.502661038722701
187273.411807,2501866.126422,0.0240234733174399,0.194571795342014,0,0.478085457546305,0.103245919677242,0.200073354117
187773.411807,2501866.126422,0.0489279824079164,0.249221183800623,0.0133773135422393,0.188931647425325,0.0974894630749496,0.402052409748946
188273.411807,2501866.126422,0.049366856303909,0.570379886217655,0,0.151770967149936,0.0576252523398789,0.170857037988622
188773.411807,2501866.126422,0.0515312671923712,0.297267559141757,0,0.258940033009353,0.0951769668072621,0.297084173849257
189273.411807,2501866.126422,0.0634048011728056,0.122961334066337,0,0.514018691588785,0.158328752061572,0.1412864211105
189773.411807,2501866.126422,0.0759772435309231,0.205358781427785,0.000734079647641769,0.192512387594054,0.182785832262801,0.342631675536796
190273.411807,2501866.126422,0.0671190170548322,0.45607922244636,0,0.0874747845222813,0.0964606638547588,0.292866312121768
190773.411807,2501866.126422,0.0549752611324904,0.385559831409199,0,0.0183250870441635,0.0568077698369067,0.48433205057724
191273.411807,2501866.126422,0.04147550009176,0.37346302073775,0,0.390897412369242,0.109377867498624,0.0847861993026243
191773.411807,2501866.126422,0.0740876581698148,0.197872730607005,0,0.017604988079956,0.0192554557124519,0.691179167430772
192273.411807,2501866.126422,0.000916254352208173,0.558731903976544,0.0604727872457394,0.264797507788162,0.0152098222466557,0.0998717243906908
192773.411807,2501866.126422,0.0165167920719398,0.706368140943292,0,0,0,0.277115066984768
193273.411807,2501866.126422,0.0286081056299285,0.544287548138639,0,0,0.00238400880249404,0.424720337428938
193773.411807,2501866.126422,0.0875939160711013,0.188381894814,0.00146600696353308,0.0133773135422393,0.111416529228514,0.597764339380612
194273.411807,2501866.126422,0.0754266837951918,0.216737015966232,0.000734079647641769,0.0249587080198202,0.169205358781428,0.512938153789686
194773.411807,2501866.126422,0.100311754997249,0.23216578030442,0.0053181734824867,0.0630845406198423,0.169631395562076,0.429488355033926
195273.411807,2501866.126422,0.0615722924683892,0.0910756826094924,0,0.453545904343046,0.17830309693971,0.215503023639362
195773.411807,2501866.126422,0.0750596439713709,0.0890071572765645,0.000917599559552211,0.489264085153239,0.153239126445219,0.192512387594054
196273.411807,2501866.126422,0.0607005318173482,0.123785072437191,0.0139372822299652,0.304236200256739,0.214744177516963,0.282596735741794
196773.411807,2501866.126422,0.136888400219901,0.159611508154664,0,0.155763239875389,0.214586769287154,0.333150082462892
197273.411807,2501866.126422,0.120756102037071,0.26555331253441,0,0.0567076527803267,0.113598825472564,0.443384107175629
197773.411807,2501866.126422,0.113148725472217,0.257289565376857,0.00733541169998166,0.0161379057399597,0.105446543187236,0.500641848523748
198273.411807,2501866.126422,0.134322888033718,0.118380062305296,0.00604727872457394,0.0406816932380429,0.120579072750596,0.579989004947774
185773.411807,2501366.126422,0.569909793814433,0.00902061855670103,0,0,0,0.421069587628866
186273.411807,2501366.126422,0.591025641025641,0.013003663003663,0,0,0.000915750915750916,0.395054945054945
186773.411807,2501366.126422,0.141467889908257,0.0548623853211009,0.00073394495412844,0.0451376146788991,0.0598165137614679,0.697981651376147
187273.411807,2501366.126422,0.113190240322877,0.0548523206751055,0,0.36525408181985,0.315171528159971,0.151531829022198
187773.411807,2501366.126422,0.0562271062271062,0.304761904761905,0,0.265567765567766,0.124358974358974,0.249084249084249
188273.411807,2501366.126422,0.0343119266055046,0.423853211009174,0,0.205688073394495,0.0684403669724771,0.267706422018349
188773.411807,2501366.126422,0.0697119794533113,0.334434048798386,0.00825536598789213,0.199412951751972,0.144193725921849,0.24399192808659
189273.411807,2501366.126422,0.0747252747252747,0.432417582417582,0,0.173076923076923,0.0915750915750916,0.228205128205128
189773.411807,2501366.126422,0.103119266055046,0.207522935779817,0,0.259816513761468,0.182018348623853,0.247522935779817
190273.411807,2501366.126422,0.0719134103834159,0.42652724270776,0,0.0753990093560815,0.113190240322877,0.312970097229866
190773.411807,2501366.126422,0.0595238095238095,0.474908424908425,0,0.0102564102564103,0.0243589743589744,0.430952380952381
191273.411807,2501366.126422,0.00458715596330275,0.628807339449541,0,0.165321100917431,0.0581651376146789,0.143119266055046
191773.411807,2501366.126422,0.0829205650339387,0.187671986791414,0,0.312052834342323,0.0423775454045129,0.374977068427811
192273.411807,2501366.126422,0.00512820512820513,0.447802197802198,0,0.393040293040293,0.0175824175824176,0.136446886446886
192773.411807,2501366.126422,0.0326605504587156,0.606422018348624,0,0,0.00055045871559633,0.360366972477064
193273.411807,2501366.126422,0.0194459732159237,0.609429462483948,0,0,0.000183452577508714,0.37094111172262
193773.411807,2501366.126422,0.0243589743589744,0.410805860805861,0,0.00677655677655678,0.0668498168498168,0.491208791208791
194273.411807,2501366.126422,0.024954128440367,0.276146788990826,0.058348623853211,0.105871559633028,0.167155963302752,0.367522935779817
194773.411807,2501366.126422,0.0449458814896349,0.199596404329481,0.0100898917629793,0.0557695835626491,0.148596587782058,0.541001651073198
195273.411807,2501366.126422,0.0697802197802198,0.111538461538462,0.00476190476190476,0.265201465201465,0.215384615384615,0.333333333333333
195773.411807,2501366.126422,0.0772477064220184,0.248623853211009,0,0.146238532110092,0.179449541284404,0.348440366972477
196273.411807,2501366.126422,0.089157952669235,0.245276096129151,0.000733810310034856,0.0895248578242524,0.176664832140892,0.398642450926436
196773.411807,2501366.126422,0.118864468864469,0.162637362637363,0,0.155128205128205,0.177289377289377,0.386080586080586
197273.411807,2501366.126422,0.096697247706422,0.0919266055045872,0,0.299266055045872,0.351192660550459,0.160917431192661
197773.411807,2501366.126422,0.125848468170978,0.243441570354063,0.00238488350761328,0.0856723536965694,0.156118143459916,0.38653458081086
198273.411807,2501366.126422,0.148534798534799,0.249084249084249,0.000549450549450549,0.0261904761904762,0.105677655677656,0.46996336996337
185773.411807,2500866.126422,0.576156812339332,0.00931876606683805,0,0,0,0.41452442159383
186273.411807,2500866.126422,0.506050605060506,0.0407040704070407,0,0,0.0333700036670334,0.41987532086542
186773.411807,2500866.126422,0.367948717948718,0.156410256410256,0,0.0221611721611722,0.060989010989011,0.392490842490842
187273.411807,2500866.126422,0.317216117216117,0.0315018315018315,0,0.270695970695971,0.132967032967033,0.247619047619048
187773.411807,2500866.126422,0.0907590759075908,0.0887422075540887,0,0.541804180418042,0.174367436743674,0.104327099376604
188273.411807,2500866.126422,0.043040293040293,0.510989010989011,0,0.0397435897435897,0.08003663003663,0.326190476190476
188773.411807,2500866.126422,0.0371794871794872,0.540659340659341,0,0.0302197802197802,0.0463369963369963,0.345604395604396
189273.411807,2500866.126422,0.0694902823615695,0.383571690502384,0,0.207187385405207,0.150715071507151,0.189035570223689
189773.411807,2500866.126422,0.0820512820512821,0.34047619047619,0,0.137179487179487,0.183150183150183,0.257142857142857
190273.411807,2500866.126422,0.0924908424908425,0.268315018315018,0,0.0617216117216117,0.132967032967033,0.444505494505494
190773.411807,2500866.126422,0.0777411074440777,0.235423542354235,0.000183351668500183,0.108910891089109,0.124862486248625,0.452878621195453
191273.411807,2500866.126422,0.141758241758242,0.306959706959707,0,0.0985347985347985,0.0741758241758242,0.378571428571429
191773.411807,2500866.126422,0.171428571428571,0.103296703296703,0.0210622710622711,0.266849816849817,0.0749084249084249,0.362454212454212
192273.411807,2500866.126422,0.0157682434910158,0.363219655298863,0.00311697836450312,0.404657132379905,0.00403373670700403,0.209204253758709
192773.411807,2500866.126422,0.0258241758241758,0.636446886446886,0,0,0,0.337728937728938
193273.411807,2500866.126422,0.00274725274725275,0.870879120879121,0,0,0,0.126373626373626
193773.411807,2500866.126422,0.0876420975430876,0.467546754675468,0,0.00696736340300697,0.0139347268060139,0.423909057572424
194273.411807,2500866.126422,0.0531135531135531,0.163186813186813,0.0664835164835165,0.232051282051282,0.22014652014652,0.265018315018315
194773.411807,2500866.126422,0.0293040293040293,0.332967032967033,0.0311355311355311,0.175824175824176,0.166300366300366,0.264468864468864
195273.411807,2500866.126422,0.0971763843050972,0.106527319398607,0.0124679134580125,0.309497616428309,0.279244591125779,0.195086175284195
195773.411807,2500866.126422,0.0943223443223443,0.129487179487179,0,0.142490842490842,0.239377289377289,0.394322344322344
196273.411807,2500866.126422,0.0360805860805861,0.17967032967033,0.000366300366300366,0.127655677655678,0.206410256410256,0.44981684981685
196773.411807,2500866.126422,0.0817748441510818,0.142830949761643,0.00128346167950128,0.0742574257425743,0.0922258892555922,0.607627429409608
197273.411807,2500866.126422,0.1003663003663,0.180769230769231,0,0.282051282051282,0.152564102564103,0.284249084249084
197773.411807,2500866.126422,0.115750915750916,0.172527472527473,0,0.0456043956043956,0.149084249084249,0.517032967032967
198273.411807,2500866.126422,0.0856252291895856,0.239457279061239,0.00055005500550055,0.0196186285295196,0.0806747341400807,0.574074074074074
185773.411807,2500366.126422,0.427835051546392,0.0547680412371134,0,0.00128865979381443,0.0367268041237113,0.479381443298969
186273.411807,2500366.126422,0.366868242624152,0.00439802089059923,0,0,0.00293201392706615,0.625801722558182
186773.411807,2500366.126422,0.329418241879244,0.121123141860892,0,0,0.0110111947146265,0.538447421545238
187273.411807,2500366.126422,0.38015771135155,0.0568494406748579,0.00916926462497708,0.081606455162296,0.129103245919677,0.343113882266642
187773.411807,2500366.126422,0.199376947040498,0.0941909474070002,0,0.338830859446582,0.145317940260216,0.222283305845703
188273.411807,2500366.126422,0.0979996329601762,0.163516241512204,0,0.363552945494586,0.105156909524683,0.26977427050835
188773.411807,2500366.126422,0.0570328259673574,0.265541903539336,0,0.325508894186686,0.159178433889602,0.192737942417018
189273.411807,2500366.126422,0.117463807953088,0.200109950522265,0,0.231262598497343,0.188565145684442,0.262598497342862
189773.411807,2500366.126422,0.0680858873187741,0.335657918884199,0,0.0423930996513122,0.123875940539549,0.429987153606166
190273.411807,2500366.126422,0.0940766550522648,0.20392444525949,0,0.294150009169265,0.113515496057216,0.294333394461764
190773.411807,2500366.126422,0.0773318673263698,0.13340663368151,0,0.255085211654755,0.197544438336082,0.336631849001283
191273.411807,2500366.126422,0.0495503762158194,0.207010460634979,0.00367039823820885,0.0981831528720866,0.0946962745457882,0.546889337493118
191773.411807,2500366.126422,0.134788189987163,0.142490372272144,0.00128369704749679,0.287181368054282,0.0970108197322575,0.337245552906657
192273.411807,2500366.126422,0,0.404251420194246,0.0641378046545721,0.416162726772952,0.0219901044529962,0.0934579439252336
192773.411807,2500366.126422,0.0117452743622683,0.753532758304276,0,0,0,0.234721967333456
193273.411807,2500366.126422,0.0223730056849441,0.63194571795342,0,0,0,0.345681276361636
193773.411807,2500366.126422,0.0377496793109767,0.690122778083196,0,0,0.00274876305662452,0.269378779549203
194273.411807,2500366.126422,0.0877225178931914,0.181501192879427,0.0390897412369242,0.121306661772802,0.2073775004588,0.363002385758855
194773.411807,2500366.126422,0.0370438290849074,0.203190904089492,0.0238400880249404,0.239684577296901,0.242435356684394,0.253805244819366
195273.411807,2500366.126422,0.0700018325087044,0.11324903793293,0.0282206340480117,0.250137438152831,0.198643943558732,0.339747113798791
195773.411807,2500366.126422,0.106625068819967,0.230501009359516,0,0.0170673518076711,0.114516425032116,0.53129014498073
196273.411807,2500366.126422,0.188520080689529,0.151292866312122,0.00403447643498991,0.104896387309738,0.204657986429488,0.346598202824134
196773.411807,2500366.126422,0.185816382627817,0.18948140003665,0,0.00641378046545721,0.0760491112332784,0.542239325636797
197273.411807,2500366.126422,0.0614791704899982,0.218388695173426,0.0012846393833731,0.206092861075427,0.10790970820334,0.404844925674436
197773.411807,2500366.126422,0.101228681459747,0.241885200806895,0.000183385292499542,0.0485971025123785,0.173115716119567,0.434989913808912
198273.411807,2500366.126422,0.074216602528862,0.286604361370716,0.00769653655854865,0.182517866959868,0.167124793842771,0.281839838739234
185773.411807,2499866.126422,0.56701030927835,0.0241623711340206,0,0,0.0151417525773196,0.393685567010309
186273.411807,2499866.126422,0.335714285714286,0.0338827838827839,0,0.000183150183150183,0.0183150183150183,0.611904761904762
186773.411807,2499866.126422,0.34697247706422,0.044954128440367,0,0.00036697247706422,0.138899082568807,0.468807339449541
187273.411807,2499866.126422,0.309484498257201,0.0311869381764814,0,0.0535681526325445,0.125298110438452,0.480462300495322
187773.411807,2499866.126422,0.386813186813187,0.0510989010989011,0,0.00274725274725275,0.0564102564102564,0.502930402930403
188273.411807,2499866.126422,0.138532110091743,0.0965137614678899,0,0.448073394495413,0.105688073394495,0.211192660550459
188773.411807,2499866.126422,0.062190423775454,0.266923500275179,0,0.290221977618786,0.129150614566135,0.251513483764447
189273.411807,2499866.126422,0.0684981684981685,0.321245421245421,0,0.0970695970695971,0.123260073260073,0.38992673992674
189773.411807,2499866.126422,0.0618348623853211,0.446605504587156,0,0.0544954128440367,0.0820183486238532,0.355045871559633
190273.411807,2499866.126422,0.0961291506145661,0.189506512566502,0,0.20399926618969,0.158869932122546,0.351495138506696
190773.411807,2499866.126422,0.0796703296703297,0.131318681318681,0,0.169047619047619,0.156043956043956,0.463919413919414
191273.411807,2499866.126422,0.11394495412844,0.153577981651376,0.00385321100917431,0.0141284403669725,0.0524770642201835,0.662018348623853
191773.411807,2499866.126422,0.215189873417722,0.237571087873785,0.000183452577508714,0.201430930104568,0.0539350577875619,0.291689598238855
192273.411807,2499866.126422,0.00842490842490842,0.303663003663004,0.134432234432234,0.352197802197802,0.0347985347985348,0.166483516483516
192773.411807,2499866.126422,0.011743119266055,0.593211009174312,0,0,0,0.395045871559633
193273.411807,2499866.126422,0.0161438268207668,0.581728123280132,0,0,0.00476976701522656,0.397358282883875
193773.411807,2499866.126422,0.0120879120879121,0.581135531135531,0.0646520146520147,0.0366300366300366,0.0591575091575092,0.246336996336996
194273.411807,2499866.126422,0.0911926605504587,0.384587155963303,0.0504587155963303,0.126238532110092,0.115779816513761,0.231743119266055
194773.411807,2499866.126422,0.0902586681342873,0.0783342505962209,0,0.420289855072464,0.272793982755458,0.13832324344157
195273.411807,2499866.126422,0.0639194139194139,0.217032967032967,0.00970695970695971,0.287362637362637,0.195238095238095,0.226739926739927
195773.411807,2499866.126422,0.0504587155963303,0.170825688073394,0,0.119816513761468,0.137614678899083,0.521284403669725
196273.411807,2499866.126422,0.0867730691616217,0.241973949733994,0.00770500825536599,0.143643368189323,0.173913043478261,0.345991561181435
196773.411807,2499866.126422,0.347802197802198,0.0208791208791209,0,0,0.0021978021978022,0.629120879120879
197273.411807,2499866.126422,0.100733944954128,0.283669724770642,0,0.0612844036697248,0.12348623853211,0.430825688073394
197773.411807,2499866.126422,0.0761328196661163,0.158503026967529,0.00807191341038342,0.195010089891763,0.177949000183453,0.384333149880756
198273.411807,2499866.126422,0.116483516483516,0.211538461538462,0.00622710622710623,0.0545787545787546,0.14010989010989,0.471062271062271
185773.411807,2499366.126422,0.144280205655527,0.0472365038560411,0,0.168380462724936,0.0941516709511568,0.545951156812339
186273.411807,2499366.126422,0.202786945361203,0.0858085808580858,0,0.0066006600660066,0.048038137147048,0.656765676567657
186773.411807,2499366.126422,0.388827838827839,0.0635531135531135,0,0,0.0478021978021978,0.49981684981685
187273.411807,2499366.126422,0.18956043956044,0.108608058608059,0,0.0950549450549451,0.145421245421245,0.461355311355311
187773.411807,2499366.126422,0.307847451411808,0.0396039603960396,0,0.143381004767143,0.0515218188485515,0.457645764576458
188273.411807,2499366.126422,0.20018315018315,0.104395604395604,0.00183150183150183,0.378571428571429,0.156959706959707,0.158058608058608
188773.411807,2499366.126422,0.0734432234432234,0.25018315018315,0,0.299084249084249,0.174725274725275,0.202564102564103
189273.411807,2499366.126422,0.138797213054639,0.183351668500183,0,0.293912724605794,0.134396773010634,0.24954162082875
189773.411807,2499366.126422,0.0902930402930403,0.185897435897436,0,0.425091575091575,0.134432234432234,0.164285714285714
190273.411807,2499366.126422,0.0994505494505494,0.151465201465201,0,0.294505494505495,0.19047619047619,0.264102564102564
190773.411807,2499366.126422,0.0533553355335534,0.190869086908691,0,0.396406307297396,0.128162816281628,0.231206453978731
191273.411807,2499366.126422,0.0401098901098901,0.408241758241758,0,0.397069597069597,0.0556776556776557,0.0989010989010989
191773.411807,2499366.126422,0.144688644688645,0.22014652014652,0.00934065934065934,0.518315018315018,0.0648351648351648,0.0426739926739927
192273.411807,2499366.126422,0.0201686835350202,0.292262559589292,0.0968096809680968,0.358085808580858,0.037037037037037,0.195636230289696
192773.411807,2499366.126422,0.0424908424908425,0.508791208791209,0,0.0778388278388278,0.0210622710622711,0.34981684981685
193273.411807,2499366.126422,0.0141025641025641,0.683882783882784,0,0.0578754578754579,0.0276556776556777,0.216483516483516
193773.411807,2499366.126422,0.0033003300330033,0.451228456178951,0.028969563623029,0.0172350568390172,0.0223689035570224,0.476897689768977
194273.411807,2499366.126422,0.147619047619048,0.26025641025641,0.00384615384615385,0.0657509157509158,0.153113553113553,0.369413919413919
194773.411807,2499366.126422,0.0987179487179487,0.14029304029304,0,0.223443223443223,0.198534798534799,0.339010989010989
195273.411807,2499366.126422,0.0559222588925559,0.255042170883755,0.0122845617895123,0.168316831683168,0.174367436743674,0.334066740007334
195773.411807,2499366.126422,0.0664835164835165,0.246153846153846,0,0.123809523809524,0.176190476190476,0.387362637362637
196273.411807,2499366.126422,0.0778388278388278,0.312271062271062,0.000549450549450549,0.0717948717948718,0.127106227106227,0.41043956043956
196773.411807,2499366.126422,0.0869086908690869,0.765126512651265,0,0,0,0.147964796479648
197273.411807,2499366.126422,0.161904761904762,0.252747252747253,0,0.108424908424908,0.121794871794872,0.355128205128205
197773.411807,2499366.126422,0.0611721611721612,0.117582417582418,0,0.476923076923077,0.144139194139194,0.20018315018315
198273.411807,2499366.126422,0.068023469013568,0.254492115878254,0,0.0694902823615695,0.131279794646131,0.476714338100477
185773.411807,2498866.126422,0.0457474226804124,0.0682989690721649,0,0.616623711340206,0.166237113402062,0.103092783505155
186273.411807,2498866.126422,0.202675462708448,0.110683525746747,0.00109950522264981,0.374564779182701,0.151181968114349,0.159794759025105
186773.411807,2498866.126422,0.108093228115251,0.160946962745458,0.00238575885483575,0.3110662506882,0.158561203890622,0.258946595705634
187273.411807,2498866.126422,0.0709701081973226,0.195121951219512,0,0.315606088391711,0.183018521914542,0.235283330276912
187773.411807,2498866.126422,0.0954737035000916,0.206523730987722,0,0.268462525196995,0.140736668499175,0.288803371816016
188273.411807,2498866.126422,0.123141860891907,0.251422279317306,0,0.254175077995963,0.165718480455129,0.205542301339695
188773.411807,2498866.126422,0.109847790207225,0.188336695397029,0,0.304419585549239,0.112231799009719,0.285164129836787
189273.411807,2498866.126422,0.0861279091075683,0.274143302180685,0.000366501740883269,0.175187832142203,0.127176104086494,0.336998350742166
189773.411807,2498866.126422,0.12038906221325,0.135804734813727,0,0.254725637731694,0.115617544503579,0.37346302073775
190273.411807,2498866.126422,0.039611223179901,0.0529983495323675,0,0.755730790390611,0.122501375389694,0.0291582615074271
190773.411807,2498866.126422,0.0637713029136888,0.0373831775700935,0,0.765255634964266,0.089792926516401,0.0437969580355507
191273.411807,2498866.126422,0.0163332721600294,0.0201871903101487,0.000183519911910442,0.905120205542301,0.0434942191227748,0.0146815929528354
191773.411807,2498866.126422,0.0196222262974509,0.0258573262424354,0,0.890702365670273,0.0561158995048597,0.00770218228498074
192273.411807,2498866.126422,0.026571376214037,0.215686274509804,0.0606560381161811,0.413230712845886,0.0278541323071285,0.256001466006964
192773.411807,2498866.126422,0,0.43971370893742,0.0176179115434025,0.159662323362085,0.0146815929528354,0.368324463204258
193273.411807,2498866.126422,0.00550155877498625,0.595085274161012,0,0,0.000183385292499542,0.399229781771502
193773.411807,2498866.126422,0.0430639545537841,0.555066886567711,0,0.0172255818215137,0.0678028220634048,0.316840754993586
194273.411807,2498866.126422,0.137272894109011,0.294182418792439,0,0.142411451642503,0.111396586529638,0.314736648926409
194773.411807,2498866.126422,0.112598569594719,0.146708233999633,0.00586832935998533,0.239684577296901,0.243535668439391,0.251604621309371
195273.411807,2498866.126422,0.0813633864760858,0.228330584570277,0,0.256001466006964,0.205240974894631,0.229063588052043
195773.411807,2498866.126422,0.0631308496971921,0.280418425399156,0.00183519911910442,0.0552394934850431,0.175261515874472,0.424114516425032
196273.411807,2498866.126422,0.0838070786722905,0.180451127819549,0,0.00275077938749312,0.0388776820099028,0.694113332110765
196773.411807,2498866.126422,0.136338647608576,0.329668315924501,0,0.00806303829943192,0.045629466739967,0.480300531427524
197273.411807,2498866.126422,0.0855202789502661,0.132501376399339,0,0.438796109377868,0.183336391998532,0.159845843273995
197773.411807,2498866.126422,0.0779387493123052,0.145057766367137,0,0.458830001833853,0.144507610489639,0.173665871997066
198273.411807,2498866.126422,0.112882536192047,0.161260765988638,0.000549752611324904,0.131574124977094,0.204141469671981,0.389591350558915
185773.411807,2498366.126422,0.196842783505155,0.15270618556701,0,0.123711340206186,0.0280283505154639,0.498711340206186
186273.411807,2498366.126422,0.228937728937729,0.097985347985348,0,0.194322344322344,0.141391941391941,0.337362637362637
186773.411807,2498366.126422,0.292660550458716,0.0722935779816514,0.00146788990825688,0.0555963302752294,0.0847706422018349,0.493211009174312
187273.411807,2498366.126422,0.230783342505962,0.0774169877086773,0,0.0935608145294441,0.128049899101082,0.470188956154834
187773.411807,2498366.126422,0.0978021978021978,0.434249084249084,0,0.0254578754578755,0.0404761904761905,0.402014652014652
188273.411807,2498366.126422,0.198715596330275,0.262385321100917,0,0.0455045871559633,0.0779816513761468,0.415412844036697
188773.411807,2498366.126422,0.129884424876169,0.0820033021463952,0,0.466152999449642,0.144377178499358,0.177582095028435
189273.411807,2498366.126422,0.0919413919413919,0.183882783882784,0,0.308241758241758,0.158974358974359,0.256959706959707
189773.411807,2498366.126422,0.0856880733944954,0.163302752293578,0,0.328256880733945,0.19045871559633,0.232293577981651
190273.411807,2498366.126422,0.161438268207668,0.164740414602825,0,0.245092643551642,0.190423775454045,0.238304898183819
190773.411807,2498366.126422,0.106227106227106,0.150732600732601,0.0010989010989011,0.535714285714286,0.109340659340659,0.0968864468864469
191273.411807,2498366.126422,0.0552293577981651,0.0704587155963303,0,0.745504587155963,0.0902752293577982,0.0385321100917431
191773.411807,2498366.126422,0.0407264722069345,0.0849385433865346,0,0.702990277013392,0.122546321775821,0.0487983856173179
192273.411807,2498366.126422,0.0501831501831502,0.171978021978022,0,0.370879120879121,0.036996336996337,0.36996336996337
192773.411807,2498366.126422,0,0.197247706422018,0.000917431192660551,0.506238532110092,0.00403669724770642,0.291559633027523
193273.411807,2498366.126422,0.00165107319757843,0.588332416070446,0,0,0,0.410016510731976
193773.411807,2498366.126422,0,0.82051282051282,0,0,0.000183150183150183,0.179304029304029
194273.411807,2498366.126422,0.0926605504587156,0.43302752293578,0.00311926605504587,0.00899082568807339,0.0574311926605505,0.404770642201835
194773.411807,2498366.126422,0.0816363969913777,0.197761878554394,0.0152265639332233,0.0990643918547056,0.197028068244359,0.409282700421941
195273.411807,2498366.126422,0.0804029304029304,0.281135531135531,0.0117216117216117,0.12014652014652,0.136263736263736,0.37032967032967
195773.411807,2498366.126422,0.111192660550459,0.350275229357798,0.00348623853211009,0.0205504587155963,0.156880733944954,0.357614678899083
196273.411807,2498366.126422,0.0232984773436067,0.26252063841497,0,0.00843881856540084,0.0638414969730325,0.64190056870299
196773.411807,2498366.126422,0.0446886446886447,0.281868131868132,0.00146520146520147,0.00512820512820513,0.0717948717948718,0.595054945054945
197273.411807,2498366.126422,0.111926605504587,0.0827522935779817,0,0.480733944954128,0.194495412844037,0.130091743119266
197773.411807,2498366.126422,0.115391671252981,0.223445239405614,0,0.313337002384883,0.152265639332233,0.195560447624289
198273.411807,2498366.126422,0.13992673992674,0.183882783882784,0.00146520146520147,0.132967032967033,0.137362637362637,0.404395604395604
185773.411807,2497866.126422,0.350899742930591,0.0825835475578406,0,0.0465938303341902,0.0430591259640103,0.476863753213368
186273.411807,2497866.126422,0.430693069306931,0.0207187385405207,0,0.000366703337000367,0.0161349468280161,0.532086541987532
186773.411807,2497866.126422,0.333150183150183,0.0406593406593407,0,0.000915750915750916,0.00531135531135531,0.61996336996337
187273.411807,2497866.126422,0.206959706959707,0.0380952380952381,0.00311355311355311,0.00421245421245421,0.0549450549450549,0.692673992673993
187773.411807,2497866.126422,0.242024202420242,0.0368536853685369,0,0.0390539053905391,0.0304363769710304,0.651631829849652
188273.411807,2497866.126422,0.382967032967033,0.138461538461538,0,0.0032967032967033,0.00659340659340659,0.468681318681319
188773.411807,2497866.126422,0.256593406593407,0.127655677655678,0.00311355311355311,0.0738095238095238,0.0269230769230769,0.511904761904762
189273.411807,2497866.126422,0.0676567656765677,0.0856252291895856,0,0.577374404107077,0.177667766776678,0.0916758342500917
189773.411807,2497866.126422,0.0805860805860806,0.171978021978022,0,0.372710622710623,0.158791208791209,0.215934065934066
190273.411807,2497866.126422,0.110989010989011,0.155311355311355,0,0.274908424908425,0.119230769230769,0.33956043956044
190773.411807,2497866.126422,0.0522552255225523,0.0766409974330766,0.000183351668500183,0.806013934726806,0.0452878621195453,0.0196186285295196
191273.411807,2497866.126422,0.0294871794871795,0.0263736263736264,0,0.807142857142857,0.126556776556777,0.0104395604395604
191773.411807,2497866.126422,0.0269230769230769,0.063003663003663,0,0.750549450549451,0.0421245421245421,0.117399267399267
192273.411807,2497866.126422,0.0337367070040337,0.32966629996333,0.000916758342500917,0.277044371103777,0.0234690135680235,0.335166850018335
192773.411807,2497866.126422,0.000183150183150183,0.121428571428571,0.0225274725274725,0.847985347985348,0.0021978021978022,0.00567765567765568
193273.411807,2497866.126422,0.0153846153846154,0.407875457875458,0,0,0,0.576739926739927
193773.411807,2497866.126422,0.0188852218555189,0.804730473047305,0,0,0.000366703337000367,0.176017601760176
194273.411807,2497866.126422,0.0727106227106227,0.582783882783883,0,0.00567765567765568,0.0597069597069597,0.279120879120879
194773.411807,2497866.126422,0.0580586080586081,0.534615384615385,0.00604395604395604,0.0478021978021978,0.101465201465201,0.252014652014652
195273.411807,2497866.126422,0.123762376237624,0.291345801246791,0.0104510451045105,0.1002933626696,0.167216721672167,0.306930693069307
195773.411807,2497866.126422,0.0256410256410256,0.297985347985348,0,0.0206959706959707,0.128388278388278,0.527289377289377
196273.411807,2497866.126422,0.0221611721611722,0.356227106227106,0,0.0228937728937729,0.0516483516483516,0.547069597069597
196773.411807,2497866.126422,0.0885588558855886,0.248624862486249,0,0.0476714338100477,0.0727906123945728,0.542354235423542
197273.411807,2497866.126422,0.0913919413919414,0.0923076923076923,0,0.448534798534799,0.209157509157509,0.158608058608059
197773.411807,2497866.126422,0.113186813186813,0.245054945054945,0.0010989010989011,0.0562271062271062,0.147619047619048,0.436813186813187
198273.411807,2497866.126422,0.0348368170150348,0.622478914558122,0,0.0100843417675101,0.0385038503850385,0.294096076274294
185773.411807,2497366.126422,0.192976804123711,0.0473582474226804,0,0.465850515463918,0.144329896907216,0.149484536082474
186273.411807,2497366.126422,0.307678211471504,0.00678028220634048,0,0.00238226131574125,0.0251053692505039,0.65805387575591
186773.411807,2497366.126422,0.206092861075427,0.0167003119838502,0,0.000550559735731327,0.00385391815011929,0.772802349054872
187273.411807,2497366.126422,0.123051531267192,0.0412616908123968,0,0.0139372822299652,0.0460297084173849,0.775719787273061
187773.411807,2497366.126422,0.105002748763057,0.0738501007879787,0,0.000183250870441635,0.00384826827927433,0.817115631299249
188273.411807,2497366.126422,0.0996513121673702,0.082583960359699,0,0.00715727656450725,0.0326665443200587,0.777940906588365
188773.411807,2497366.126422,0.283513662204291,0.212726939299468,0,0.0608839171098478,0.0388776820099028,0.40399779937649
189273.411807,2497366.126422,0.05717427157779,0.0899761773868426,0.00439802089059923,0.498442367601246,0.193696170056808,0.156312992486714
189773.411807,2497366.126422,0.0930445953385942,0.265186272710589,0,0.219306294732979,0.146448889704533,0.276013947513305
190273.411807,2497366.126422,0.0759215110948102,0.0953603520997616,0,0.454612140106363,0.169814780854575,0.204291215844489
190773.411807,2497366.126422,0.0441634597764339,0.0276708814366868,0.00934579439252336,0.8072200842954,0.0764156129741616,0.0351841671247938
191273.411807,2497366.126422,0.0299137456414021,0.046063497889521,0.0012846393833731,0.837768397871169,0.0546889337493118,0.030280785465223
191773.411807,2497366.126422,0.0812396845772969,0.122501375389694,0,0.55198973042362,0.0561158995048597,0.18815331010453
192273.411807,2497366.126422,0.0639545537841305,0.396005131024372,0.00201575957485798,0.166941542972329,0.0172255818215137,0.353857430822796
192773.411807,2497366.126422,0,0.117636263534593,0.0814828408882364,0.795191778307946,0.000183519911910442,0.00550559735731327
193273.411807,2497366.126422,0.00843572345497891,0.647533467815881,0,0.0240234733174399,0,0.3200073354117
193773.411807,2497366.126422,0.0293201392706615,0.748763056624519,0,0,0.00128275609309144,0.220634048011728
194273.411807,2497366.126422,0.0645990089924757,0.347036153422646,0,0.164250321159846,0.245182602312351,0.178931914112681
194773.411807,2497366.126422,0.0764716669723088,0.323675041261691,0.0271410232899321,0.102695763799743,0.195121951219512,0.274894553456813
195273.411807,2497366.126422,0.0472787245739417,0.428807036833425,0.000916254352208173,0.0520432472054242,0.159428257284222,0.311526479750779
195773.411807,2497366.126422,0.0838685997430721,0.312717929895394,0,0.131400256927877,0.1493852082951,0.322628005138558
196273.411807,2497366.126422,0.0612506876948469,0.360902255639098,0.000366770584999083,0.0449293966623877,0.118100128369705,0.414450761048964
196773.411807,2497366.126422,0.0549752611324904,0.371999266996518,0.00146600696353308,0.0679860729338464,0.129375114531794,0.374198277441818
197273.411807,2497366.126422,0.134703615342265,0.166269040190861,0.000183519911910442,0.135437694989906,0.305377133418976,0.258028996146082
197773.411807,2497366.126422,0.0773885934348065,0.427471116816431,0,0.0102695763799743,0.0900421786172749,0.394828534751513
198273.411807,2497366.126422,0.072200842954004,0.408832691955287,0,0.0137438152831226,0.135972145867693,0.369250503939894
185773.411807,2496866.126422,0.132087628865979,0.0853737113402062,0,0.388530927835052,0.101159793814433,0.29284793814433
186273.411807,2496866.126422,0.434615384615385,0.0507326007326007,0,0.060989010989011,0.052014652014652,0.401648351648352
186773.411807,2496866.126422,0.336330275229358,0.130825688073395,0,0.0372477064220183,0.0401834862385321,0.455412844036697
187273.411807,2496866.126422,0.255182535314621,0.22546321775821,0,0,0.000733810310034856,0.518620436617134
187773.411807,2496866.126422,0.186813186813187,0.0761904761904762,0,0,0,0.736996336996337
188273.411807,2496866.126422,0.469357798165138,0.0137614678899083,0,0.0346788990825688,0.0803669724770642,0.401834862385321
