"x","y","forest","agri","water","built","other","grass"
251773.411807,2765366.126422,0.0796184186387819,0.00733810310034856,0.443771784993579,0.444872500458631,0.00953953403045313,0.0148596587782058
252273.411807,2765366.126422,0.340842490842491,0.126556776556777,0.0217948717948718,0.0230769230769231,0.0441391941391941,0.443589743589744
252773.411807,2765366.126422,0.152660550458716,0.248990825688073,0,0.000917431192660551,0.0273394495412844,0.570091743119266
253273.411807,2765366.126422,0.186204366171345,0.11263988259035,0.133553476426344,0.00238488350761328,0.0651256650155935,0.500091726288754
253773.411807,2765366.126422,0.153479853479853,0.328205128205128,0,0.00256410256410256,0.0498168498168498,0.465934065934066
254273.411807,2765366.126422,0.0242201834862385,0.48697247706422,0,0.00623853211009174,0.0532110091743119,0.429357798165138
254773.411807,2765366.126422,0.0561364887176665,0.467253714914695,0,0.001284168042561,0.023115024766098,0.45221060355898
255273.411807,2765366.126422,0.0245421245421245,0.167765567765568,0.412820512820513,0.00183150183150183,0.0322344322344322,0.360805860805861
255773.411807,2765366.126422,0.0708256880733945,0.182752293577982,0.0306422018348624,0.00165137614678899,0.0218348623853211,0.692293577981651
256273.411807,2765366.126422,0.0537516052100532,0.163272793982755,0,0.000366905155017428,0.0443955237571088,0.738213171895065
256773.411807,2765366.126422,0.0527472527472527,0.206043956043956,0,0.000732600732600733,0.0397435897435897,0.700732600732601
257273.411807,2765366.126422,0.103853211009174,0.112844036697248,0.199449541284404,0.00311926605504587,0.0343119266055046,0.546422018348624
257773.411807,2765366.126422,0.0741148413135205,0.161988625940194,0,0.00752155567785727,0.0557695835626491,0.700605393505779
258273.411807,2765366.126422,0.103846153846154,0.153479853479853,0.113736263736264,0.00750915750915751,0.041025641025641,0.58040293040293
258773.411807,2765366.126422,0.0834862385321101,0.159082568807339,0.10256880733945,0.0209174311926606,0.115045871559633,0.518899082568807
259273.411807,2765366.126422,0.0654925701706109,0.346725371491469,0,0.0557695835626491,0.126765731058521,0.405246743716749
259773.411807,2765366.126422,0.0639194139194139,0.21978021978022,0.0155677655677656,0.0214285714285714,0.0379120879120879,0.641391941391941
260273.411807,2765366.126422,0.096697247706422,0.143302752293578,0.195596330275229,0.00788990825688073,0.0768807339449541,0.479633027522936
260773.411807,2765366.126422,0.0908090258668134,0.170243991928087,0,0.0317372959090075,0.0702623371858375,0.636947349110255
261273.411807,2765366.126422,0.0884615384615385,0.152564102564103,0,0.00311355311355311,0.0913919413919414,0.664468864468864
261773.411807,2765366.126422,0.0513761467889908,0.199449541284404,0,0.0278899082568807,0.167522935779817,0.553761467889908
262273.411807,2765366.126422,0.0820033021463952,0.140708126949184,0,0.0332049165290772,0.223261786828105,0.520821867547239
251773.411807,2764866.126422,0.230952380952381,0.0582417582417582,0.121978021978022,0.268131868131868,0.107326007326007,0.213369963369963
252273.411807,2764866.126422,0.126145947928126,0.170517051705171,0,0.0584891822515585,0.0760909424275761,0.568756875687569
252773.411807,2764866.126422,0.112820512820513,0.10952380952381,0,0.0388278388278388,0.188827838827839,0.55
253273.411807,2764866.126422,0.0293040293040293,0.0813186813186813,0.315384615384615,0.0230769230769231,0.0978021978021978,0.453113553113553
253773.411807,2764866.126422,0.107444077741107,0.290979097909791,0,0.0104510451045105,0.0507884121745508,0.54033736707004
254273.411807,2764866.126422,0.173626373626374,0.193040293040293,0.162087912087912,0.000732600732600733,0.0168498168498168,0.453663003663004
254773.411807,2764866.126422,0.0602564102564103,0.475457875457875,0.000549450549450549,0.00183150183150183,0.026007326007326,0.435897435897436
255273.411807,2764866.126422,0.0748074807480748,0.209387605427209,0,0.0100843417675101,0.0451045104510451,0.660616061606161
255773.411807,2764866.126422,0.0675824175824176,0.181868131868132,0.234249084249084,0.0021978021978022,0.0256410256410256,0.488461538461538
256273.411807,2764866.126422,0.0690476190476191,0.256410256410256,0,0,0.0164835164835165,0.658058608058608
256773.411807,2764866.126422,0.0735240190685735,0.250641730839751,0,0.00605060506050605,0.0705903923725706,0.599193252658599
257273.411807,2764866.126422,0.0465201465201465,0.12014652014652,0.266117216117216,0.00934065934065934,0.05,0.507875457875458
257773.411807,2764866.126422,0.153479853479853,0.0761904761904762,0,0.00256410256410256,0.0833333333333333,0.684432234432234
258273.411807,2764866.126422,0.0262192885955262,0.205903923725706,0.113311331133113,0.00183351668500183,0.0390539053905391,0.613678034470114
258773.411807,2764866.126422,0.115934065934066,0.265934065934066,0,0,0.0175824175824176,0.600549450549451
259273.411807,2764866.126422,0.0357142857142857,0.326556776556777,0,0.00146520146520147,0.0631868131868132,0.573076923076923
259773.411807,2764866.126422,0.0632563256325633,0.167033370003667,0,0.0542720938760543,0.116061606160616,0.599376604327099
260273.411807,2764866.126422,0.0626373626373626,0.171428571428571,0,0.0862637362637363,0.183516483516484,0.496153846153846
260773.411807,2764866.126422,0.0521978021978022,0.319047619047619,0,0.0126373626373626,0.076007326007326,0.54010989010989
261273.411807,2764866.126422,0.0759075907590759,0.22020535386872,0,0.0559222588925559,0.155848918225156,0.492115878254492
261773.411807,2764866.126422,0.0402930402930403,0.244688644688645,0,0.05,0.0891941391941392,0.575824175824176
262273.411807,2764866.126422,0.0536630036630037,0.217399267399267,0,0.0351648351648352,0.153113553113553,0.540659340659341
251273.411807,2764366.126422,0,0,0.22004037438062,0.776656267204992,0.00330335841438796,0
251773.411807,2764366.126422,0.107280396112232,0.0423620025673941,0.0748211993398129,0.461947551806345,0.119750596002201,0.193838254172015
252273.411807,2764366.126422,0.201942459226681,0.0720175920835624,0.0148433205057724,0.0712845886017959,0.140003665017409,0.499908374564779
252773.411807,2764366.126422,0.0847861993026243,0.0743255643237291,0.0159662323362085,0.222059093411635,0.243897962928978,0.358964947696825
253273.411807,2764366.126422,0.109481019622226,0.0579497524298551,0,0.258389877131854,0.168897854392078,0.405281496423987
253773.411807,2764366.126422,0.114898295766905,0.0980392156862745,0,0.0128275609309144,0.107201759208356,0.66703316840755
254273.411807,2764366.126422,0.134887135254175,0.1616810423931,0,0.0579922921636998,0.199486144246651,0.445953385942375
254773.411807,2764366.126422,0.11186502842472,0.170548322024574,0,0.0885750962772786,0.210893086374473,0.418118466898955
255273.411807,2764366.126422,0.0333516584203775,0.229063588052043,0,0.0130108118013561,0.0701850833791461,0.654388858347077
255773.411807,2764366.126422,0.0541383740135805,0.172325197283905,0,0.000183519911910442,0.0601945311066251,0.713158377683979
256273.411807,2764366.126422,0.0757381258023107,0.192371171832019,0.0201723821749496,0,0.028791490922428,0.682926829268293
256773.411807,2764366.126422,0.0588235294117647,0.0892431739050761,0.326919552867876,0.00439802089059923,0.0317024005864028,0.488913322338281
257273.411807,2764366.126422,0.0693705267021472,0.29051202055423,0.109194347586713,0.025325747843641,0.0662506881996697,0.439346669113599
257773.411807,2764366.126422,0.0700531817348249,0.222813130386943,0,0.00165046763249587,0.0645516229598386,0.640931597285898
258273.411807,2764366.126422,0.0472787245739417,0.229246838922485,0,0.00109950522264981,0.0553417628733736,0.66703316840755
258773.411807,2764366.126422,0.103505230317489,0.216369976142411,0,0.00311983850247752,0.055606533308864,0.621398421728758
259273.411807,2764366.126422,0.057582981844856,0.211076471666972,0,0.000366770584999083,0.0667522464698331,0.664221529433339
259773.411807,2764366.126422,0.0445299615173172,0.194429173538574,0,0.00861279091075683,0.0747663551401869,0.677661718893165
260273.411807,2764366.126422,0.0467975775371628,0.355845109194348,0,0.00862543585979079,0.0728574050284456,0.515874472380253
260773.411807,2764366.126422,0.0750045846323125,0.144690995782138,0.000366770584999083,0.348982211626628,0.171098477902072,0.25985695947185
261273.411807,2764366.126422,0.0698185816382628,0.131390874106652,0.0723840938244457,0.0960234561114165,0.108484515301448,0.521898479017775
261773.411807,2764366.126422,0.0535878142778491,0.239309965131217,0.111580106441549,0.0251422279317306,0.0822169205358781,0.488162965681776
262273.411807,2764366.126422,0.0491472583898771,0.108930863744728,0.210526315789474,0.0313588850174216,0.122317990097194,0.477718686961306
251273.411807,2763866.126422,0,0,0.43302752293578,0.56697247706422,0,0
251773.411807,2763866.126422,0.267657310585214,0.0640249495505412,0.0612731608879105,0.191341038341589,0.137039075399009,0.278664465235737
252273.411807,2763866.126422,0.178388278388278,0.107875457875458,0.00531135531135531,0.0305860805860806,0.17014652014652,0.507692307692308
252773.411807,2763866.126422,0.0809174311926606,0.0977981651376147,0,0.201834862385321,0.205321100917431,0.414128440366972
253273.411807,2763866.126422,0.121995964043295,0.109521188772702,0,0.0447624289121262,0.100532012474775,0.623188405797101
253773.411807,2763866.126422,0.0716117216117216,0.103479853479853,0.00274725274725275,0.301831501831502,0.191941391941392,0.328388278388278
254273.411807,2763866.126422,0.0489908256880734,0.178532110091743,0,0.248256880733945,0.114678899082569,0.40954128440367
254773.411807,2763866.126422,0.0530177949000183,0.361218125114658,0,0.000733810310034856,0.0414602825169694,0.54356998715832
255273.411807,2763866.126422,0.067032967032967,0.283882783882784,0,0.0201465201465201,0.0963369963369963,0.532600732600733
255773.411807,2763866.126422,0.0453211009174312,0.260183486238532,0,0.00238532110091743,0.10605504587156,0.58605504587156
256273.411807,2763866.126422,0.0517336268574573,0.239038708493854,0,0.000733810310034856,0.100532012474775,0.607961841863878
256773.411807,2763866.126422,0.06996336996337,0.147802197802198,0,0.00842490842490842,0.0789377289377289,0.694871794871795
257273.411807,2763866.126422,0.0352293577981651,0.331926605504587,0,0.0275229357798165,0.0651376146788991,0.540183486238532
257773.411807,2763866.126422,0.063474591818015,0.170977802238121,0.0253164556962025,0.0221977618785544,0.118326912493121,0.599706475875986
258273.411807,2763866.126422,0.0895604395604396,0.182051282051282,0.000915750915750916,0.00183150183150183,0.0952380952380952,0.63040293040293
258773.411807,2763866.126422,0.0875229357798165,0.178348623853211,0,0.00513761467889908,0.095045871559633,0.63394495412844
259273.411807,2763866.126422,0.0654925701706109,0.44083654375344,0.00642084021280499,0.00587048248027885,0.0497156485048615,0.431663914878004
259773.411807,2763866.126422,0.0978021978021978,0.312271062271062,0.00183150183150183,0.0144688644688645,0.082967032967033,0.490659340659341
260273.411807,2763866.126422,0.051743119266055,0.22605504587156,0.0961467889908257,0.000917431192660551,0.0414678899082569,0.583669724770642
260773.411807,2763866.126422,0.0636580443955238,0.064758759860576,0.133920381581361,0.332049165290772,0.170060539350578,0.235553109521189
261273.411807,2763866.126422,0.0661172161172161,0.198717948717949,0.273443223443223,0.00421245421245421,0.0624542124542125,0.395054945054945
261773.411807,2763866.126422,0.0555963302752294,0.223302752293578,0.112110091743119,0.00752293577981651,0.0552293577981651,0.546238532110092
262273.411807,2763866.126422,0.0594386351128233,0.174830306365804,0.000183452577508714,0.0761328196661163,0.212438084755091,0.476976701522656
251773.411807,2763366.126422,0.222710622710623,0.138827838827839,0.0111721611721612,0.0928571428571429,0.109157509157509,0.425274725274725
252273.411807,2763366.126422,0.0592225889255592,0.393289328932893,0,0.000733406674000733,0.0297029702970297,0.517051705170517
252773.411807,2763366.126422,0.0952380952380952,0.365750915750916,0.0197802197802198,0.00586080586080586,0.097985347985348,0.415384615384615
253273.411807,2763366.126422,0.0604395604395604,0.450732600732601,0,0.000183150183150183,0.0139194139194139,0.474725274725275
253773.411807,2763366.126422,0.0546387972130546,0.165383204987165,0.00898423175650898,0.0221855518885222,0.0286028602860286,0.72020535386872
254273.411807,2763366.126422,0.0725274725274725,0.0628205128205128,0,0.335347985347985,0.0595238095238095,0.46978021978022
254773.411807,2763366.126422,0.113553113553114,0.0686813186813187,0.0210622710622711,0.00238095238095238,0.0468864468864469,0.747435897435897
255273.411807,2763366.126422,0.068023469013568,0.27007700770077,0.00403373670700403,0.00146681334800147,0.0247524752475248,0.631646497983132
255773.411807,2763366.126422,0.0553113553113553,0.21959706959707,0,0.0032967032967033,0.0404761904761905,0.681318681318681
256273.411807,2763366.126422,0.0512820512820513,0.171428571428571,0.00384615384615385,0.00256410256410256,0.043956043956044,0.726923076923077
256773.411807,2763366.126422,0.0771910524385772,0.156032269893656,0,0.0066006600660066,0.0126512651265127,0.747524752475248
257273.411807,2763366.126422,0.111538461538462,0.142857142857143,0,0.0313186813186813,0.168315018315018,0.545970695970696
257773.411807,2763366.126422,0.0732600732600733,0.073992673992674,0.32967032967033,0.0298534798534799,0.152930402930403,0.34029304029304
258273.411807,2763366.126422,0.0795746241290796,0.150898423175651,0,0.0515218188485515,0.132196552988632,0.585808580858086
258773.411807,2763366.126422,0.111172161172161,0.155128205128205,0,0.00347985347985348,0.0789377289377289,0.651282051282051
259273.411807,2763366.126422,0.0990842490842491,0.265201465201465,0.0100732600732601,0.00128205128205128,0.0990842490842491,0.525274725274725
259773.411807,2763366.126422,0.0643564356435644,0.145397873120645,0,0.0044004400440044,0.0964429776310964,0.689402273560689
260273.411807,2763366.126422,0.0767399267399267,0.272893772893773,0,0,0.0434065934065934,0.606959706959707
260773.411807,2763366.126422,0.0855311355311355,0.151098901098901,0.00457875457875458,0.0498168498168498,0.202380952380952,0.506593406593407
261273.411807,2763366.126422,0.083975064173084,0.212137880454712,0,0.00201686835350202,0.0507884121745508,0.651081774844151
261773.411807,2763366.126422,0.115018315018315,0.296336996336996,0.0194139194139194,0.0305860805860806,0.1,0.438644688644689
262273.411807,2763366.126422,0.0338827838827839,0.182234432234432,0.313369963369963,0.0276556776556777,0.0708791208791209,0.371978021978022
251273.411807,2762866.126422,0.030280785465223,0.00495503762158194,0.240411084602679,0.644521930629473,0.0165167920719398,0.0633143696091026
251773.411807,2762866.126422,0.100495140289749,0.134054648817165,0.00201723821749496,0.0588666788923528,0.113515496057216,0.591050797726022
252273.411807,2762866.126422,0.0650540590067803,0.292468389224849,0.00659703133589885,0.00311526479750779,0.0379329301814184,0.594832325453546
252773.411807,2762866.126422,0.0781794824738484,0.204808221692054,0.126261699394384,0.0310148651128647,0.128280418425399,0.43145531290145
253273.411807,2762866.126422,0.179167430772052,0.112231799009719,0.000183385292499542,0.004401247019989,0.0667522464698331,0.637263891435907
253773.411807,2762866.126422,0.0910756826094924,0.223749312809236,0,0.00128275609309144,0.0177753344328386,0.666116914055342
254273.411807,2762866.126422,0.114883464855937,0.122407781244265,0,0.00807487612405946,0.0754266837951918,0.679207193980547
254773.411807,2762866.126422,0.0698697964423253,0.216578030441959,0.00990280579497524,0.00861910874747845,0.0539152759948652,0.641114982578397
255273.411807,2762866.126422,0.122045079714129,0.295217152281473,0,0.00861279091075683,0.0670698185816383,0.507055158512003
255773.411807,2762866.126422,0.0862543585979079,0.246100201871903,0.00110111947146265,0,0.0176179115434025,0.648926408515324
256273.411807,2762866.126422,0.0878415551072804,0.309921144324225,0,0.000366770584999083,0.0473134054648817,0.554557124518614
256773.411807,2762866.126422,0.0623052959501558,0.306578706248855,0.0133773135422393,0.00311526479750779,0.0366501740883269,0.577973245372916
257273.411807,2762866.126422,0.0456964580657001,0.175995595522114,0,0.00770783630023858,0.0985501926959075,0.67204991741604
257773.411807,2762866.126422,0.0601503759398496,0.164679992664588,0,0.00275077938749312,0.0540986612873648,0.718320190720704
258273.411807,2762866.126422,0.120395821880154,0.195162177020341,0,0.0238226131574125,0.174271577789994,0.486347810152098
258773.411807,2762866.126422,0.112864745824922,0.193246467241696,0,0.0370710222059093,0.100201871903101,0.556615892824371
259273.411807,2762866.126422,0.0799559875298001,0.200806895286998,0,0.0706033376123235,0.14395745461214,0.504676324958738
259773.411807,2762866.126422,0.0925416895730255,0.0621220450797141,0,0.115264797507788,0.200476452263148,0.529595015576324
260273.411807,2762866.126422,0.0708386859974307,0.0334006239677005,0,0.409616443384107,0.301523215268857,0.184621031381905
260773.411807,2762866.126422,0.0625343847423437,0.0249403997799376,0,0.475518063451311,0.198239501192004,0.238767650834403
261273.411807,2762866.126422,0.0601062855048561,0.147700201575957,0,0.0342679127725857,0.0800806303829943,0.677844969763606
261773.411807,2762866.126422,0.0508350155991925,0.150853367590384,0,0.0280785465222977,0.0886401174527436,0.681592952835383
262273.411807,2762866.126422,0.0231065468549422,0.0775719787273061,0.237667339079406,0.0161379057399597,0.0867412433522831,0.558774986246103
251273.411807,2762366.126422,0.322018348623853,0.0286238532110092,0.162935779816514,0.0998165137614679,0.0777981651376147,0.308807339449541
251773.411807,2762366.126422,0.0913593835993396,0.131718950651257,0,0.0258668134287287,0.109521188772702,0.641533663547973
252273.411807,2762366.126422,0.0692307692307692,0.251465201465201,0,0.0141025641025641,0.0913919413919414,0.573809523809524
252773.411807,2762366.126422,0.0456880733944954,0.269357798165138,0.00018348623853211,0,0.00917431192660551,0.675596330275229
253273.411807,2762366.126422,0.0924600990643919,0.227848101265823,0,0,0.00770500825536599,0.671986791414419
253773.411807,2762366.126422,0.0785714285714286,0.134981684981685,0.215567765567766,0.000915750915750916,0.0283882783882784,0.541575091575092
254273.411807,2762366.126422,0.0464220183486239,0.198715596330275,0.284403669724771,0.015045871559633,0.0592660550458716,0.396146788990826
254773.411807,2762366.126422,0.0355898000366905,0.0937442671069529,0,0.0363236103467254,0.117226197028068,0.717116125481563
255273.411807,2762366.126422,0.0723443223443224,0.160989010989011,0.0782051282051282,0.0152014652014652,0.103296703296703,0.56996336996337
255773.411807,2762366.126422,0.0611009174311927,0.219266055045872,0,0.00018348623853211,0.0355963302752294,0.683853211009174
256273.411807,2762366.126422,0.0798018712162906,0.207301412584847,0,0,0.0275178866263071,0.685378829572555
256773.411807,2762366.126422,0.0661172161172161,0.151831501831502,0.0783882783882784,0.121062271062271,0.103846153846154,0.478754578754579
257273.411807,2762366.126422,0.115963302752294,0.175779816513761,0,0.0137614678899083,0.16348623853211,0.531009174311927
257773.411807,2762366.126422,0.0656760227481196,0.182351862043662,0.00532012474775271,0.00165107319757843,0.0432948082920565,0.701706108970831
258273.411807,2762366.126422,0.078021978021978,0.178021978021978,0,0.0010989010989011,0.0514652014652015,0.691391941391941
258773.411807,2762366.126422,0.130642201834862,0.143669724770642,0.00055045871559633,0.0155963302752294,0.0884403669724771,0.621100917431193
259273.411807,2762366.126422,0.0781507980187122,0.143459915611814,0.0111906072280316,0.00183452577508714,0.0752155567785727,0.690148596587782
259773.411807,2762366.126422,0.0637362637362637,0.125274725274725,0.343406593406593,0.1496336996337,0.0858974358974359,0.232051282051282
260273.411807,2762366.126422,0.0990825688073395,0.0704587155963303,0,0.291009174311927,0.189724770642202,0.349724770642202
260773.411807,2762366.126422,0.0687947165657677,0.075032104201064,0.205099981654742,0.126398825903504,0.142909557879288,0.381764813795634
261273.411807,2762366.126422,0.13974358974359,0.0928571428571429,0,0.0622710622710623,0.177289377289377,0.527838827838828
261773.411807,2762366.126422,0.0700917431192661,0.10348623853211,0,0.291743119266055,0.224770642201835,0.309908256880734
262273.411807,2762366.126422,0.100532012474775,0.142359200146762,0.0372408732342689,0.0537516052100532,0.163823151715282,0.502293157218859
250773.411807,2761866.126422,0.266409974330766,0.0198019801980198,0.145031169783645,0.161899523285662,0.037953795379538,0.368903557022369
251273.411807,2761866.126422,0.0584249084249084,0.294139194139194,0,0.00641025641025641,0.0593406593406593,0.581684981684982
251773.411807,2761866.126422,0.155128205128205,0.196336996336996,0,0.0010989010989011,0.0606227106227106,0.586813186813187
252273.411807,2761866.126422,0.0841584158415842,0.110561056105611,0.000733406674000733,0.0122845617895123,0.066006600660066,0.726255958929226
252773.411807,2761866.126422,0.0468864468864469,0.181868131868132,0.29010989010989,0,0.0102564102564103,0.470879120879121
253273.411807,2761866.126422,0.0523809523809524,0.148534798534799,0,0.00494505494505494,0.0686813186813187,0.725457875457875
253773.411807,2761866.126422,0.0473047304730473,0.24019068573524,0,0.00311697836450312,0.0546387972130546,0.654748808214155
254273.411807,2761866.126422,0.0736263736263736,0.25,0,0,0.0397435897435897,0.636630036630037
254773.411807,2761866.126422,0.0302197802197802,0.194688644688645,0.00512820512820513,0.00274725274725275,0.117765567765568,0.649450549450549
255273.411807,2761866.126422,0.0764576457645765,0.185185185185185,0.0625229189585625,0.0108177484415108,0.0834250091675834,0.581591492482582
255773.411807,2761866.126422,0.0227106227106227,0.284981684981685,0,0.00732600732600733,0.105311355311355,0.57967032967033
256273.411807,2761866.126422,0.054029304029304,0.204578754578755,0,0.00750915750915751,0.0675824175824176,0.666300366300366
256773.411807,2761866.126422,0.094976164283095,0.144114411441144,0,0.00403373670700403,0.0540887422075541,0.702786945361203
257273.411807,2761866.126422,0.0591575091575092,0.243589743589744,0,0,0.0294871794871795,0.667765567765568
257773.411807,2761866.126422,0.128205128205128,0.145787545787546,0,0,0.0278388278388278,0.698168498168498
258273.411807,2761866.126422,0.094976164283095,0.181151448478181,0.0265859919325266,0.000183351668500183,0.0408874220755409,0.656215621562156
258773.411807,2761866.126422,0.105311355311355,0.121794871794872,0.00549450549450549,0.0393772893772894,0.0827838827838828,0.645238095238095
259273.411807,2761866.126422,0.110989010989011,0.0516483516483516,0.0010989010989011,0.262820512820513,0.184065934065934,0.389377289377289
259773.411807,2761866.126422,0.0889255592225889,0.0903923725705904,0.000183351668500183,0.121012101210121,0.221672167216722,0.477814448111478
260273.411807,2761866.126422,0.0692307692307692,0.06996336996337,0.000183150183150183,0.00476190476190476,0.0990842490842491,0.756776556776557
260773.411807,2761866.126422,0.0728937728937729,0.0813186813186813,0,0.00293040293040293,0.0452380952380952,0.797619047619048
261273.411807,2761866.126422,0.0671067106710671,0.205903923725706,0,0.00825082508250825,0.115878254492116,0.602860286028603
261773.411807,2761866.126422,0.0653846153846154,0.377289377289377,0,0.000732600732600733,0.0393772893772894,0.517216117216117
262273.411807,2761866.126422,0.0567765567765568,0.171978021978022,0.115567765567766,0.0131868131868132,0.063003663003663,0.57948717948718
250773.411807,2761366.126422,0.0412314458493678,0.279457577423493,0,0.00568077698369067,0.0469122228330585,0.62671797691039
251273.411807,2761366.126422,0.0840521196549826,0.200954303541934,0,0.00275279867865663,0.123325380803817,0.588915397320609
251773.411807,2761366.126422,0.126902622409683,0.181184668989547,0.117733357784706,0.000366770584999083,0.0618008435723455,0.51201173665872
252273.411807,2761366.126422,0.0463624702217336,0.159794759025105,0,0,0.0393989371449514,0.75444383360821
252773.411807,2761366.126422,0.108460267939071,0.0768948430904753,0,0.00110111947146265,0.0594604514589833,0.754083318040007
253273.411807,2761366.126422,0.0673024023473317,0.104529616724739,0,0.000550155877498625,0.0493306436823767,0.778287181368054
253773.411807,2761366.126422,0.0613890415979476,0.152647975077882,0,0.0333516584203775,0.143851933296683,0.60875939160711
254273.411807,2761366.126422,0.0585428518994311,0.189943108827308,0,0.0154156726004772,0.129565057808772,0.606533308864012
254773.411807,2761366.126422,0.04401247019989,0.257289565376857,0.127636163579681,0.0183385292499542,0.0568494406748579,0.49587383091876
255273.411807,2761366.126422,0.0582737768004398,0.224665567161444,0,0.00109950522264981,0.0835623969213854,0.632398753894081
255773.411807,2761366.126422,0.038172141677372,0.140025692787667,0.0438612589465957,0.000550559735731327,0.0343182235272527,0.743072123325381
256273.411807,2761366.126422,0.0205391527599487,0.0889418668622776,0.138822666422153,0,0.00788556757748029,0.74381074637814
256773.411807,2761366.126422,0.0509437419827744,0.190764156129742,0,0.000549752611324904,0.032618654938611,0.725123694337548
257273.411807,2761366.126422,0.0570746926041475,0.0930445953385942,0,0,0.0473481372728941,0.802532574784364
257773.411807,2761366.126422,0.090408949202274,0.214377406931964,0,0,0.0779387493123052,0.617274894553457
258273.411807,2761366.126422,0.0573575224482316,0.152281473336998,0,0.00329851566794942,0.0806303829943192,0.706432105552501
258773.411807,2761366.126422,0.0559735731326849,0.147182969352175,0.0478986970086254,0.0379886217654616,0.132317856487429,0.578638282253625
259273.411807,2761366.126422,0.097194205024757,0.118100128369705,0.00311754997249221,0.116816431322208,0.206675224646983,0.458096460663855
259773.411807,2761366.126422,0.118746564046179,0.147333699835074,0.0111783030969397,0.0619387942092725,0.145501191130658,0.515301447681876
260273.411807,2761366.126422,0.0899247568361167,0.113965865296385,0,0.0741420444118187,0.148651128647458,0.573316204808222
260773.411807,2761366.126422,0.0801393728222996,0.0889418668622776,0.000183385292499542,0.00366770584999083,0.0810562992847974,0.746011369888135
261273.411807,2761366.126422,0.0780648708081363,0.0560747663551402,0,0.388308594465824,0.137438152831226,0.340113615539674
261773.411807,2761366.126422,0.109744907322444,0.105707469260415,0.00238575885483575,0.122224261332355,0.277115066984768,0.382822536245183
262273.411807,2761366.126422,0.0570328259673574,0.207225380524482,0,0.0097194205024757,0.0597836053548505,0.666238767650834
250273.411807,2760866.126422,0.131535498073748,0.150614566134654,0.0524674371674922,0.0831040176114474,0.0726472206934507,0.509631260319207
250773.411807,2760866.126422,0.0490842490842491,0.249084249084249,0,0.0311355311355311,0.0624542124542125,0.608241758241758
251273.411807,2760866.126422,0.157981651376147,0.111376146788991,0.0348623853211009,0.0144954128440367,0.135963302752294,0.545321100917431
251773.411807,2760866.126422,0.0781507980187122,0.187855439368923,0,0.0225646670335718,0.25243074665199,0.458998348926802
252273.411807,2760866.126422,0.0503663003663004,0.206776556776557,0,0,0.0293040293040293,0.713553113553114
252773.411807,2760866.126422,0.0493577981651376,0.141284403669725,0.350091743119266,0.000917431192660551,0.0377981651376147,0.420550458715596
253273.411807,2760866.126422,0.0577875619152449,0.0977802238121446,0.0100898917629793,0.00880572372041827,0.0315538433314988,0.793982755457714
253773.411807,2760866.126422,0.058974358974359,0.128021978021978,0.21043956043956,0.000549450549450549,0.0294871794871795,0.572527472527472
254273.411807,2760866.126422,0.0922935779816514,0.140366972477064,0.0161467889908257,0.00311926605504587,0.0662385321100917,0.681834862385321
254773.411807,2760866.126422,0.0484314804623005,0.132269308383783,0.144927536231884,0,0.0155934690882407,0.658778205833792
255273.411807,2760866.126422,0.0470695970695971,0.152197802197802,0,0.000183150183150183,0.0364468864468864,0.764102564102564
255773.411807,2760866.126422,0.0363302752293578,0.32348623853211,0,0,0.0176146788990826,0.62256880733945
256273.411807,2760866.126422,0.0631076866629976,0.24674371674922,0.157035406347459,0,0.0249495505411851,0.508163639699138
256773.411807,2760866.126422,0.0514652014652015,0.289010989010989,0.045970695970696,0,0.0205128205128205,0.593040293040293
257273.411807,2760866.126422,0.0631192660550459,0.182201834862385,0,0,0.0634862385321101,0.691192660550459
257773.411807,2760866.126422,0.0741148413135205,0.269858741515318,0.000183452577508714,0,0.0324711062190424,0.62337185837461
258273.411807,2760866.126422,0.0782051282051282,0.19010989010989,0,0.00293040293040293,0.133150183150183,0.595604395604396
258773.411807,2760866.126422,0.173394495412844,0.123853211009174,0,0.00532110091743119,0.244220183486239,0.453211009174312
259273.411807,2760866.126422,0.0594386351128233,0.265455879655109,0,0.00165107319757843,0.0902586681342873,0.583195743900202
259773.411807,2760866.126422,0.111538461538462,0.110989010989011,0,0.00567765567765568,0.0593406593406593,0.712454212454212
260273.411807,2760866.126422,0.0847706422018349,0.204403669724771,0.123302752293578,0.00036697247706422,0.0388990825688073,0.548256880733945
260773.411807,2760866.126422,0.0873234268941479,0.208585580627408,0.106769400110072,0.00165107319757843,0.099431297009723,0.496239222161071
261273.411807,2760866.126422,0.13040293040293,0.0684981684981685,0.0970695970695971,0.0937728937728938,0.213553113553114,0.396703296703297
261773.411807,2760866.126422,0.0508256880733945,0.113577981651376,0.0963302752293578,0.0420183486238532,0.116146788990826,0.581100917431193
262273.411807,2760866.126422,0.239038708493854,0.0410933773619519,0,0.0983305815446707,0.153733259952302,0.467804072647221
250273.411807,2760366.126422,0.102930402930403,0.13974358974359,0,0.0216117216117216,0.056043956043956,0.67967032967033
250773.411807,2760366.126422,0.0317198386505317,0.156398973230656,0.352768610194353,0.00733406674000733,0.0528052805280528,0.398973230656399
251273.411807,2760366.126422,0.0417582417582418,0.157509157509158,0.161355311355311,0.00714285714285714,0.0664835164835165,0.565750915750916
251773.411807,2760366.126422,0.0494505494505494,0.0985347985347985,0,0.0139194139194139,0.201831501831502,0.636263736263736
252273.411807,2760366.126422,0.0559222588925559,0.167033370003667,0,0.0119178584525119,0.0702236890355702,0.694902823615695
252773.411807,2760366.126422,0.0895604395604396,0.152930402930403,0.0153846153846154,0.0677655677655678,0.163369963369963,0.510989010989011
253273.411807,2760366.126422,0.0639194139194139,0.16959706959707,0.00201465201465201,0.0457875457875458,0.136630036630037,0.582051282051282
253773.411807,2760366.126422,0.0495049504950495,0.19013568023469,0.0757242390905757,0.0022002200220022,0.0443711037770444,0.638063806380638
254273.411807,2760366.126422,0.0580586080586081,0.101831501831502,0.172893772893773,0.0010989010989011,0.0549450549450549,0.611172161172161
254773.411807,2760366.126422,0.0335164835164835,0.237728937728938,0,0.00512820512820513,0.0424908424908425,0.681135531135531
255273.411807,2760366.126422,0.0357535753575358,0.367620095342868,0,0,0.0133846718005134,0.583241657499083
255773.411807,2760366.126422,0.0468864468864469,0.225457875457875,0,0,0.0234432234432234,0.704212454212454
256273.411807,2760366.126422,0.0472527472527473,0.267948717948718,0.110622710622711,0,0.034981684981685,0.539194139194139
256773.411807,2760366.126422,0.052988632196553,0.132196552988632,0,0.000183351668500183,0.0518885221855519,0.762742940960763
257273.411807,2760366.126422,0.0595238095238095,0.27967032967033,0,0.00256410256410256,0.122161172161172,0.536080586080586
257773.411807,2760366.126422,0.0571428571428571,0.176739926739927,0,0,0.0287545787545788,0.737362637362637
258273.411807,2760366.126422,0.0449211587825449,0.0947928126145948,0,0,0.0254858819215255,0.834800146681335
258773.411807,2760366.126422,0.0571428571428571,0.183333333333333,0.328205128205128,0.0043956043956044,0.0941391941391941,0.332783882783883
259273.411807,2760366.126422,0.0382783882783883,0.12032967032967,0.00677655677655678,0.00164835164835165,0.143956043956044,0.689010989010989
259773.411807,2760366.126422,0.0588558855885589,0.107627429409608,0,0.000733406674000733,0.0634396773010634,0.769343601026769
260273.411807,2760366.126422,0.115934065934066,0.0637362637362637,0,0.00641025641025641,0.0677655677655678,0.746153846153846
260773.411807,2760366.126422,0.0467032967032967,0.163553113553114,0,0.000183150183150183,0.0227106227106227,0.766849816849817
261273.411807,2760366.126422,0.0768243491015768,0.214338100476714,0.133663366336634,0.0339200586725339,0.124495782911624,0.416758342500917
261773.411807,2760366.126422,0.0593406593406593,0.137362637362637,0,0.045970695970696,0.248351648351648,0.508974358974359
262273.411807,2760366.126422,0.0893772893772894,0.126923076923077,0,0.0333333333333333,0.158241758241758,0.592124542124542
250273.411807,2759866.126422,0.0489638730973776,0.220245736291949,0,0.0179717586649551,0.113882266642215,0.598936365303503
250773.411807,2759866.126422,0.109584020524097,0.181968114348543,0.00201575957485798,0.0219901044529962,0.125710097122961,0.558731903976544
251273.411807,2759866.126422,0.117085703798862,0.247568361167187,0,0.00513855753349238,0.0183519911910442,0.611855386309415
251773.411807,2759866.126422,0.0379607555474051,0.331743994131671,0,0.00128369704749679,0.0722538052448194,0.556757748028608
252273.411807,2759866.126422,0.0703683342495877,0.190214403518417,0,0.00146600696353308,0.0535092541689573,0.684442001099505
252773.411807,2759866.126422,0.0456964580657001,0.301156175445036,0.0723068452927143,0.000917599559552211,0.0370710222059093,0.542851899431088
253273.411807,2759866.126422,0.0537318907023657,0.167614157344581,0.00183385292499542,0.000183385292499542,0.028791490922428,0.74784522281313
253773.411807,2759866.126422,0.0547920102620487,0.109034267912773,0.000733003481766538,0.00183250870441635,0.0329851566794942,0.800623052959502
254273.411807,2759866.126422,0.0561570930445953,0.197467425215636,0.0225729491649844,0.00770783630023858,0.0974490732244448,0.618645623050101
254773.411807,2759866.126422,0.0500641848523748,0.143040528149642,0,0.00238400880249404,0.0542820465798643,0.750229231615624
255273.411807,2759866.126422,0.0679860729338464,0.181784863478102,0,0.000183250870441635,0.0260216236027121,0.724024189114898
255773.411807,2759866.126422,0.0321159845843274,0.208662139842173,0,0,0.02073775004588,0.73848412552762
256273.411807,2759866.126422,0.08399046396479,0.262607738859343,0,0,0.0179717586649551,0.635430038510911
256773.411807,2759866.126422,0.0888766721641928,0.081729888216969,0,0.00329851566794942,0.0527762506871908,0.773318673263698
257273.411807,2759866.126422,0.145714810056891,0.0901082767480272,0,0.000367039823820885,0.0574417324279684,0.706368140943292
257773.411807,2759866.126422,0.118650284247203,0.166513845589584,0,0.00110031175499725,0.0665688611773336,0.647166697230882
258273.411807,2759866.126422,0.0861279091075683,0.0809968847352025,0,0.000549752611324904,0.0529595015576324,0.779365951988272
258773.411807,2759866.126422,0.0662506881996697,0.115434024591668,0,0.00238575885483575,0.090475316571848,0.725454211781978
259273.411807,2759866.126422,0.0715202640748212,0.0817898404547955,0.000550155877498625,0.00201723821749496,0.0797726022373006,0.764349899138089
259773.411807,2759866.126422,0.110317024005864,0.246838922484882,0.0678028220634048,0.000549752611324904,0.0346344145134689,0.539857064321056
260273.411807,2759866.126422,0.0790970820334006,0.1370893741971,0,0.00238575885483575,0.0930445953385942,0.688383189576069
260773.411807,2759866.126422,0.119200440124702,0.123785072437191,0,0.00238400880249404,0.103245919677242,0.651384558958372
261273.411807,2759866.126422,0.0758658603628367,0.0982224665567161,0,0.0089792926516401,0.151548469855232,0.665383910573575
261773.411807,2759866.126422,0.0541383740135805,0.174894476050652,0,0.00972655533125344,0.0442282987704166,0.717012295834098
262273.411807,2759866.126422,0.0454795525398863,0.199339812947002,0,0.00165046763249587,0.0570328259673574,0.696497340913259
250273.411807,2759366.126422,0.184186387818749,0.0867730691616217,0.00752155567785727,0.0106402494955054,0.0845716382315172,0.62630709961475
250773.411807,2759366.126422,0.12014652014652,0.166849816849817,0,0.0631868131868132,0.0895604395604396,0.56025641025641
251273.411807,2759366.126422,0.0398165137614679,0.161284403669725,0,0.00330275229357798,0.0607339449541284,0.734862385321101
251773.411807,2759366.126422,0.0601724454228582,0.194826637314254,0,0.00146762062006971,0.0403595670519171,0.703173729590901
252273.411807,2759366.126422,0.0243589743589744,0.247985347985348,0,0.00274725274725275,0.0567765567765568,0.668131868131868
252773.411807,2759366.126422,0.051743119266055,0.142385321100917,0,0.00018348623853211,0.0297247706422018,0.775963302752294
253273.411807,2759366.126422,0.0354063474591818,0.0996147495872317,0,0.00275178866263071,0.0460465969546872,0.816180517336269
253773.411807,2759366.126422,0.0358974358974359,0.154945054945055,0,0.00146520146520147,0.0258241758241758,0.781868131868132
254273.411807,2759366.126422,0.0313761467889908,0.16256880733945,0.00055045871559633,0.00055045871559633,0.0388990825688073,0.76605504587156
254773.411807,2759366.126422,0.105852137222528,0.157402311502477,0,0.00348559897266557,0.0451293340671436,0.688130618235186
255273.411807,2759366.126422,0.0212454212454212,0.206959706959707,0,0,0.00256410256410256,0.769230769230769
255773.411807,2759366.126422,0.0453211009174312,0.330275229357798,0.00018348623853211,0,0.00587155963302752,0.618348623853211
256273.411807,2759366.126422,0.115391671252981,0.201797835259585,0.000550357732526142,0.000183452577508714,0.0432948082920565,0.638781874885342
256773.411807,2759366.126422,0.147802197802198,0.0741758241758242,0.0510989010989011,0.124725274725275,0.158608058608059,0.443589743589744
257273.411807,2759366.126422,0.205688073394495,0.0238532110091743,0.00018348623853211,0.14,0.36,0.270275229357798
257773.411807,2759366.126422,0.277013392038158,0.0475142175747569,0,0.0502660062373876,0.195743900201798,0.429462483947899
258273.411807,2759366.126422,0.11959706959707,0.0807692307692308,0,0.000183150183150183,0.0476190476190476,0.751831501831502
258773.411807,2759366.126422,0.0500917431192661,0.212844036697248,0.145321100917431,0.0315596330275229,0.139266055045872,0.420917431192661
259273.411807,2759366.126422,0.0790680609062557,0.220876903320492,0,0.00110071546505228,0.0576041093377362,0.641350210970464
259773.411807,2759366.126422,0.108058608058608,0.0536630036630037,0,0,0.0631868131868132,0.775091575091575
260273.411807,2759366.126422,0.0772477064220184,0.291192660550459,0,0.00018348623853211,0.0563302752293578,0.575045871559633
260773.411807,2759366.126422,0.0746651990460466,0.157402311502477,0.00752155567785727,0.00330214639515685,0.0537516052100532,0.703357182168409
261273.411807,2759366.126422,0.184981684981685,0.0408424908424908,0.000366300366300366,0.0470695970695971,0.0826007326007326,0.644139194139194
261773.411807,2759366.126422,0.0928440366972477,0.0772477064220184,0.00587155963302752,0.00440366972477064,0.101834862385321,0.717798165137615
262273.411807,2759366.126422,0.116859291873051,0.182168409466153,0,0.00385250412768299,0.112456430012842,0.584663364520271
250273.411807,2758866.126422,0.0774725274725275,0.209340659340659,0,0.0604395604395604,0.134065934065934,0.518681318681319
250773.411807,2758866.126422,0.048038137147048,0.134213421342134,0.321965529886322,0.115878254492116,0.0139347268060139,0.365969930326366
251273.411807,2758866.126422,0.142857142857143,0.122710622710623,0.0135531135531136,0.0291208791208791,0.214835164835165,0.476923076923077
251773.411807,2758866.126422,0.036996336996337,0.214285714285714,0,0.00347985347985348,0.0327838827838828,0.712454212454212
