"x","y","forest","agri","water","built","other","grass"
199273.411807,2682366.126422,0,0,0.308915388983532,0.691084611016468,0,0
199773.411807,2682366.126422,0.0236523652365237,0.0891089108910891,0.225155848918225,0.535753575357536,0.00146681334800147,0.124862486248625
200273.411807,2682366.126422,0.0487179487179487,0.118498168498168,0.0238095238095238,0.662637362637363,0.0710622710622711,0.0752747252747253
200773.411807,2682366.126422,0.0307692307692308,0.209340659340659,0.082967032967033,0.290659340659341,0.177289377289377,0.208974358974359
201273.411807,2682366.126422,0.0262192885955262,0.248991565823249,0.028969563623029,0.44957829116245,0.0467546754675468,0.199486615328199
201773.411807,2682366.126422,0.0928571428571429,0.505860805860806,0.0542124542124542,0.0697802197802198,0.0532967032967033,0.223992673992674
202273.411807,2682366.126422,0.084981684981685,0.238278388278388,0.00915750915750916,0.0417582417582418,0.0333333333333333,0.592490842490842
202773.411807,2682366.126422,0.0546387972130546,0.178584525119179,0.0022002200220022,0.61037770443711,0.0797579757975798,0.0744407774110744
203273.411807,2682366.126422,0.0778388278388278,0.110805860805861,0.000183150183150183,0.597069597069597,0.127289377289377,0.0868131868131868
203773.411807,2682366.126422,0.0344322344322344,0.134249084249084,0.00201465201465201,0.668131868131868,0.0657509157509158,0.0954212454212454
204273.411807,2682366.126422,0.0471213788045471,0.16978364503117,0.000366703337000367,0.371287128712871,0.14979831316465,0.261642830949762
204773.411807,2682366.126422,0.0360805860805861,0.416666666666667,0.000549450549450549,0.0642857142857143,0.034981684981685,0.447435897435897
205273.411807,2682366.126422,0.0424908424908425,0.61959706959707,0,0.0871794871794872,0.0261904761904762,0.224542124542125
205773.411807,2682366.126422,0.0946094609460946,0.160799413274661,0.000916758342500917,0.383571690502384,0.146314631463146,0.213788045471214
206273.411807,2682366.126422,0.0826007326007326,0.0684981684981685,0,0.249084249084249,0.0608058608058608,0.539010989010989
206773.411807,2682366.126422,0.1003663003663,0.315384615384615,0,0.0534798534798535,0.0424908424908425,0.488278388278388
207273.411807,2682366.126422,0.0542720938760543,0.223505683901724,0,0.0011001100110011,0.0119178584525119,0.709204253758709
207773.411807,2682366.126422,0.0578754578754579,0.214835164835165,0,0.0880952380952381,0.0575091575091575,0.581684981684982
208273.411807,2682366.126422,0.114102564102564,0.340842490842491,0,0.0899267399267399,0.0604395604395604,0.394688644688645
208773.411807,2682366.126422,0.0925925925925926,0.315914924825816,0,0.0465713237990466,0.0592225889255592,0.485698569856986
209273.411807,2682366.126422,0.125091575091575,0.214468864468864,0.000549450549450549,0.0368131868131868,0.0133699633699634,0.60970695970696
209773.411807,2682366.126422,0.252564102564103,0.0672161172161172,0.00421245421245421,0.0721611721611722,0.16025641025641,0.443589743589744
210273.411807,2682366.126422,0.0777411074440777,0.103226989365603,0,0.35020168683535,0.153098643197653,0.315731573157316
210773.411807,2682366.126422,0.114285714285714,0.173992673992674,0,0.0556776556776557,0.0619047619047619,0.594139194139194
211273.411807,2682366.126422,0.0377289377289377,0.0598901098901099,0,0.121062271062271,0.091025641025641,0.69029304029304
211773.411807,2682366.126422,0.00876383763837638,0.0380535055350553,0,0.0714944649446494,0.0179889298892989,0.86369926199262
199273.411807,2681866.126422,0,0.00369843527738265,0.314366998577525,0.679658605974395,0,0.00227596017069701
199773.411807,2681866.126422,0.0126443100604728,0.270661535642294,0.0621220450797141,0.578156496243357,0.0408649441084845,0.0355506688656771
200273.411807,2681866.126422,0.0873554780693705,0.157276564507249,0.0390897412369242,0.457698660304643,0.164984400807488,0.0935951550743256
200773.411807,2681866.126422,0.0594168347698515,0.206675224646983,0.0053181734824867,0.384558958371539,0.258389877131854,0.0856409315972859
201273.411807,2681866.126422,0.0289536375297783,0.617555433388309,0.000366501740883269,0.253619204691222,0.0514934945940993,0.0480117280557083
201773.411807,2681866.126422,0.0840521196549826,0.366856303908974,0.0183519911910442,0.35254175077996,0.0721233253808038,0.106074509084236
202273.411807,2681866.126422,0.0482303319273794,0.0759215110948102,0.0053181734824867,0.730790390610673,0.113698881349716,0.0260407115349349
202773.411807,2681866.126422,0.0681693238042881,0.539857064321056,0.0227231079347627,0.228880337181602,0.0227231079347627,0.117647058823529
203273.411807,2681866.126422,0.153789686180951,0.382271976509451,0.00311983850247752,0.267204991741604,0.0884565975408332,0.105156909524683
203773.411807,2681866.126422,0.112231799009719,0.413717219878966,0.00403447643498991,0.271226847606822,0.059600220062351,0.139189437007152
204273.411807,2681866.126422,0.0711013377313542,0.289536375297783,0.000366501740883269,0.382994319223016,0.10317024005864,0.152831225948323
204773.411807,2681866.126422,0.080932281152505,0.356395668930079,0,0.227014131033217,0.0805652413286842,0.255092677555515
205273.411807,2681866.126422,0.0682193288098294,0.129286631212177,0.00568494406748579,0.542270309921144,0.0847240051347882,0.169814780854575
205773.411807,2681866.126422,0.0236393622869709,0.0142935678944475,0.000366501740883269,0.905992303463442,0.051676745464541,0.00403151914971596
206273.411807,2681866.126422,0.0888236373646541,0.0735914846760874,0.000367039823820885,0.59350339511837,0.147550009175996,0.0961644338410718
206773.411807,2681866.126422,0.159728589767101,0.0981111314872547,0,0.29598386209426,0.194571795342014,0.251604621309371
207273.411807,2681866.126422,0.185266630016493,0.0751328568810702,0,0.0144768187648891,0.0472787245739417,0.677844969763606
207773.411807,2681866.126422,0.0614791704899982,0.0245916681959993,0,0.000367039823820885,0.011194714626537,0.902367406863645
208273.411807,2681866.126422,0.0924261874197689,0.0225563909774436,0,0.000550155877498625,0.000183385292499542,0.884283880432789
208773.411807,2681866.126422,0.169140553417629,0.20853949056258,0,0.0315191497159611,0.030602895363753,0.560197910940077
209273.411807,2681866.126422,0.17434391631492,0.203890622132501,0,0.00568911726922371,0.00715727656450725,0.608919067718848
209773.411807,2681866.126422,0.162112598569595,0.208325692279479,0,0.134421419402164,0.0605171465248487,0.434623143223913
210273.411807,2681866.126422,0.0359171706065604,0.391423859263332,0.000916254352208173,0.21971779365952,0.0901594282572842,0.261865493861096
210773.411807,2681866.126422,0.065149568728207,0.154523765828592,0.000183519911910442,0.333822719765095,0.172141677371995,0.274178748394201
211273.411807,2681866.126422,0.0938932697597653,0.150742710434623,0.000183385292499542,0.11608289015221,0.177150192554557,0.461947551806345
211773.411807,2681866.126422,0.0858131487889273,0.119723183391003,0,0.250057670126874,0.0848904267589389,0.459515570934256
199273.411807,2681366.126422,0,0.0210526315789474,0.828165007112376,0.150782361308677,0,0
199773.411807,2681366.126422,0.065018315018315,0.173992673992674,0.00402930402930403,0.603113553113553,0.113186813186813,0.0406593406593407
200273.411807,2681366.126422,0.0695412844036697,0.147889908256881,0.00623853211009174,0.532844036697248,0.160366972477064,0.0831192660550459
200773.411807,2681366.126422,0.124564300128417,0.193359016694185,0.00201797835259585,0.238304898183819,0.187305081636397,0.254448725004586
201273.411807,2681366.126422,0.0285714285714286,0.0243589743589744,0.0137362637362637,0.88021978021978,0.043956043956044,0.00915750915750916
201773.411807,2681366.126422,0.036697247706422,0.0739449541284404,0.00495412844036697,0.785871559633028,0.0818348623853211,0.016697247706422
202273.411807,2681366.126422,0.0440286186020914,0.287653641533664,0.002568336085122,0.588699321225463,0.0570537516052101,0.0199963309484498
202773.411807,2681366.126422,0.104761904761905,0.642490842490843,0,0.0456043956043956,0.0366300366300366,0.170512820512821
203273.411807,2681366.126422,0.0605504587155963,0.80348623853211,0,0.0322935779816514,0.0209174311926606,0.0827522935779817
203773.411807,2681366.126422,0.0288020546688681,0.922032654558797,0,0.00091726288754357,0.000550357732526142,0.0476976701522656
204273.411807,2681366.126422,0.0608058608058608,0.504395604395604,0.000732600732600733,0.159340659340659,0.0813186813186813,0.193406593406593
204773.411807,2681366.126422,0.0339449541284404,0.311926605504587,0.00256880733944954,0.0948623853211009,0.0860550458715596,0.470642201834862
205273.411807,2681366.126422,0.0511832691249312,0.0695285268758026,0.001284168042561,0.734911025499908,0.103467253714915,0.0396257567418822
205773.411807,2681366.126422,0.123443223443223,0.0855311355311355,0.000366300366300366,0.535714285714286,0.12967032967033,0.125274725274725
206273.411807,2681366.126422,0.0939449541284404,0.125321100917431,0.00110091743119266,0.397064220183486,0.175963302752294,0.206605504587156
206773.411807,2681366.126422,0.103650706292423,0.0682443588332416,0,0.275178866263071,0.151715281599706,0.401210787011557
207273.411807,2681366.126422,0.137912087912088,0.0234432234432234,0,0.0111721611721612,0.0254578754578755,0.802014652014652
207773.411807,2681366.126422,0.0488073394495413,0.0218348623853211,0,0.00036697247706422,0.0372477064220183,0.891743119266055
208273.411807,2681366.126422,0.091726288754357,0.0517336268574573,0,0.00183452577508714,0.0177949000183453,0.836910658594753
208773.411807,2681366.126422,0.0631868131868132,0.323443223443223,0,0.023992673992674,0.0108058608058608,0.578571428571429
209273.411807,2681366.126422,0.0667889908256881,0.359449541284404,0,0,0.00018348623853211,0.573577981651376
209773.411807,2681366.126422,0.0519170794349661,0.61915244909191,0,0.00532012474775271,0.0220143093010457,0.301596037424326
210273.411807,2681366.126422,0.289010989010989,0.15952380952381,0,0.00695970695970696,0.0353479853479853,0.509157509157509
210773.411807,2681366.126422,0.143853211009174,0.0700917431192661,0,0.0743119266055046,0.068256880733945,0.64348623853211
211273.411807,2681366.126422,0.160704457897633,0.11263988259035,0.000366905155017428,0.134654191891396,0.0831040176114474,0.508530544854155
211773.411807,2681366.126422,0.16117131657828,0.12474060410422,0,0.198524325570671,0.20451925293982,0.311044500807009
199273.411807,2680866.126422,0.0161839863713799,0.0590573537762635,0.455706984667802,0.412549687677456,0.0170357751277683,0.0394662123793299
199773.411807,2680866.126422,0.0364869820315365,0.155298863219655,0.0968096809680968,0.511001100110011,0.136230289695636,0.0641730839750642
200273.411807,2680866.126422,0.0446886446886447,0.164102564102564,0.03003663003663,0.50989010989011,0.162271062271062,0.089010989010989
200773.411807,2680866.126422,0.102380952380952,0.150732600732601,0.00586080586080586,0.49981684981685,0.133516483516484,0.107692307692308
201273.411807,2680866.126422,0.0284195086175284,0.0748074807480748,0.00128346167950128,0.79024569123579,0.063989732306564,0.0412541254125413
201773.411807,2680866.126422,0.0355311355311355,0.109340659340659,0.0100732600732601,0.78003663003663,0.03003663003663,0.034981684981685
202273.411807,2680866.126422,0.0347985347985348,0.594505494505495,0.00164835164835165,0.242307692307692,0.0221611721611722,0.104578754578755
202773.411807,2680866.126422,0.081041437477081,0.524202420242024,0.00165016501650165,0.16043270993766,0.0760909424275761,0.156582324899157
203273.411807,2680866.126422,0.0836996336996337,0.691941391941392,0,0.0518315018315018,0.0375457875457875,0.134981684981685
203773.411807,2680866.126422,0.0357142857142857,0.767032967032967,0,0.0287545787545788,0.0177655677655678,0.150732600732601
204273.411807,2680866.126422,0.0566556655665567,0.315731573157316,0,0.139163916391639,0.0650898423175651,0.423359002566923
204773.411807,2680866.126422,0.0580586080586081,0.284249084249084,0.000732600732600733,0.277472527472527,0.0818681318681319,0.297619047619048
205273.411807,2680866.126422,0.0437728937728938,0.0615384615384615,0.0021978021978022,0.745238095238095,0.089010989010989,0.0582417582417582
205773.411807,2680866.126422,0.197286395306197,0.0847084708470847,0,0.15988265493216,0.103226989365603,0.454895489548955
206273.411807,2680866.126422,0.185897435897436,0.0265567765567766,0,0.178205128205128,0.0608058608058608,0.548534798534799
206773.411807,2680866.126422,0.103479853479853,0.0996336996336996,0.000549450549450549,0.256959706959707,0.203479853479853,0.335897435897436
207273.411807,2680866.126422,0.144481114778144,0.0744407774110744,0,0,0.0157682434910158,0.765309864319765
207773.411807,2680866.126422,0.120512820512821,0.0186813186813187,0,0.00824175824175824,0.0238095238095238,0.828754578754579
208273.411807,2680866.126422,0.0758241758241758,0.0104395604395604,0,0,0.00366300366300366,0.91007326007326
208773.411807,2680866.126422,0.092959295929593,0.201870187018702,0,0.0161349468280161,0.0139347268060139,0.675100843417675
209273.411807,2680866.126422,0.00970695970695971,0.80018315018315,0,0.00256410256410256,0.00238095238095238,0.185164835164835
209773.411807,2680866.126422,0.015018315018315,0.723809523809524,0,0,0.00128205128205128,0.25989010989011
210273.411807,2680866.126422,0.0678401173450678,0.513017968463513,0,0.0214521452145215,0.0322698936560323,0.365419875320865
210773.411807,2680866.126422,0.19981684981685,0.0948717948717949,0,0.171428571428571,0.118864468864469,0.415018315018315
211273.411807,2680866.126422,0.403296703296703,0.00567765567765568,0,0.000549450549450549,0.0388278388278388,0.551648351648352
211773.411807,2680866.126422,0.179658671586716,0.036669741697417,0,0.180350553505535,0.120618081180812,0.48270295202952
199273.411807,2680366.126422,0.0167852062588905,0.110953058321479,0.12773826458037,0.634139402560455,0.0543385490753912,0.0560455192034139
199773.411807,2680366.126422,0.00916254352208173,0.420743998533993,0.233461608942642,0.16474253252703,0.0161260765988638,0.155763239875389
200273.411807,2680366.126422,0.0170673518076711,0.383189576069004,0.0422095797394017,0.293448339144797,0.0559735731326849,0.208111580106442
200773.411807,2680366.126422,0.0221896203924445,0.116999816614707,0.0344764349899138,0.78782321657803,0.0328259673574179,0.00568494406748579
201273.411807,2680366.126422,0.0513102437236577,0.156862745098039,0.0238226131574125,0.611508154663735,0.0692688290269379,0.0872274143302181
201773.411807,2680366.126422,0.0860708386859974,0.238575885483575,0.00752431638832813,0.527803266654432,0.0801982015048633,0.0598274912828042
202273.411807,2680366.126422,0.0636346964973409,0.753896937465615,0,0.0856409315972859,0.0438290849073904,0.0529983495323675
202773.411807,2680366.126422,0.133223382811068,0.543155579989005,0.000366501740883269,0.132673630199743,0.0720175920835624,0.118563313175738
203273.411807,2680366.126422,0.0561570930445953,0.691503028078547,0,0.119104422829877,0.0229399889888053,0.110295467058176
203773.411807,2680366.126422,0.0817898404547955,0.532550889418669,0,0.249037227214377,0.0445626260773886,0.0920594168347699
204273.411807,2680366.126422,0.0753161077515118,0.219534542789078,0,0.473886750962067,0.0874106652006597,0.143851933296683
204773.411807,2680366.126422,0.0607450908423564,0.122224261332355,0,0.475867131583777,0.12442650027528,0.216737015966232
205273.411807,2680366.126422,0.102879149092243,0.0566660553823583,0.000183385292499542,0.216211259856959,0.110397946084724,0.513662204291216
205773.411807,2680366.126422,0.0809968847352025,0.074216602528862,0.000733003481766538,0.174821330401319,0.0731170973062122,0.596115081546637
206273.411807,2680366.126422,0.0798311616810424,0.0866213984217288,0.000183519911910442,0.426133235456047,0.210130299137456,0.197100385391815
206773.411807,2680366.126422,0.055198973042362,0.101778837337246,0.000916926462497708,0.48395378690629,0.183018521914542,0.175132954337062
207273.411807,2680366.126422,0.24097489463075,0.0459959684808503,0.000549752611324904,0.109584020524097,0.123144584936778,0.479750778816199
207773.411807,2680366.126422,0.260598274912828,0.0438612589465957,0,0.0258763075793724,0.0585428518994311,0.611121306661773
208273.411807,2680366.126422,0.0944434256372639,0.100495140289749,0,0.0133871263524665,0.0148542086924629,0.776820099028058
208773.411807,2680366.126422,0.129924867143119,0.153380978559648,0,0,0.000366501740883269,0.71632765255635
209273.411807,2680366.126422,0.0502844558634612,0.621948981464489,0,0,0.00110111947146265,0.326665443200587
209773.411807,2680366.126422,0.0441958554923895,0.454795525398863,0,0.0135705116449661,0.0386942967174033,0.448743810746378
210273.411807,2680366.126422,0.0100787978742899,0.0698185816382628,0,0.00769653655854865,0.824812167857797,0.0875939160711013
210773.411807,2680366.126422,0.163332721600294,0.0888236373646541,0,0.219306294732979,0.198385024775188,0.330152321526886
211273.411807,2680366.126422,0.369704749679076,0.0161379057399597,0,0.00990280579497524,0.0500641848523748,0.554190353933614
211773.411807,2680366.126422,0.195386389850058,0.101960784313725,0,0.0848904267589389,0.0978085351787774,0.519953863898501
199273.411807,2679866.126422,0.00796586059743954,0.36728307254623,0.184637268847795,0.267709815078236,0.0139402560455192,0.15846372688478
199773.411807,2679866.126422,0.0371794871794872,0.377106227106227,0.0142857142857143,0.173992673992674,0.0249084249084249,0.372527472527473
200273.411807,2679866.126422,0.0297247706422018,0.200366972477064,0.000917431192660551,0.535045871559633,0.0845871559633028,0.149357798165138
200773.411807,2679866.126422,0.0579710144927536,0.31388736011741,0.00385250412768299,0.498624105668685,0.0350394423041644,0.0906255732893047
201273.411807,2679866.126422,0.0573260073260073,0.197619047619048,0.0120879120879121,0.595604395604396,0.0485347985347985,0.0888278388278388
201773.411807,2679866.126422,0.0394495412844037,0.294128440366972,0.0108256880733945,0.463119266055046,0.0856880733944954,0.106788990825688
202273.411807,2679866.126422,0.0614566134654192,0.597138139790864,0.00201797835259585,0.171344707393139,0.0574206567602275,0.110621904237755
202773.411807,2679866.126422,0.0901098901098901,0.493956043956044,0,0.244688644688645,0.0750915750915751,0.0961538461538462
203273.411807,2679866.126422,0.0618348623853211,0.798532110091743,0,0.0500917431192661,0.0121100917431193,0.0774311926605505
203773.411807,2679866.126422,0.0449458814896349,0.742616033755274,0.00091726288754357,0.121812511465786,0.028251696936342,0.0614566134654192
204273.411807,2679866.126422,0.0227106227106227,0.818864468864469,0,0.0119047619047619,0.00421245421245421,0.142307692307692
204773.411807,2679866.126422,0.06,0.19045871559633,0,0.537798165137615,0.105137614678899,0.106605504587156
205273.411807,2679866.126422,0.0836543753439736,0.116308934140525,0,0.019262520638415,0.0421940928270042,0.738580077050083
205773.411807,2679866.126422,0.128937728937729,0.111904761904762,0.000183150183150183,0.214468864468864,0.163919413919414,0.380586080586081
206273.411807,2679866.126422,0.0974311926605505,0.0587155963302752,0.0018348623853211,0.543119266055046,0.215596330275229,0.083302752293578
206773.411807,2679866.126422,0.0836543753439736,0.0900752155567786,0.000183452577508714,0.462667400476977,0.195560447624289,0.167859108420473
207273.411807,2679866.126422,0.184615384615385,0.0912087912087912,0,0.244688644688645,0.148351648351648,0.331135531135531
207773.411807,2679866.126422,0.329724770642202,0.0352293577981651,0,0.0603669724770642,0.0770642201834862,0.497614678899083
208273.411807,2679866.126422,0.319757842597689,0.0113740598055403,0,0.0245826453861677,0.0240322876536415,0.620253164556962
208773.411807,2679866.126422,0.0992673992673993,0.0846153846153846,0,0,0.0021978021978022,0.813919413919414
209273.411807,2679866.126422,0.0541284403669725,0.516146788990826,0,0.00403669724770642,0.0289908256880734,0.396697247706422
209773.411807,2679866.126422,0.0963126031920749,0.352962759126766,0,0.000183452577508714,0.0618235186204366,0.488717666483214
210273.411807,2679866.126422,0.0941391941391941,0.163186813186813,0,0.000183150183150183,0.233150183150183,0.509340659340659
210773.411807,2679866.126422,0.266605504587156,0.0368807339449541,0,0.166788990825688,0.101100917431193,0.428623853211009
211273.411807,2679866.126422,0.201797835259585,0.0216474041460283,0,0.0376077783892864,0.0957622454595487,0.643184736745551
211773.411807,2679866.126422,0.0836984090385059,0.184459303666129,0.0179847821074475,0.111597878718008,0.0747060179847821,0.527553608485128
199273.411807,2679366.126422,0.0528109028960818,0.657580919931857,0.0187393526405451,0.053946621237933,0.00709823963657013,0.209823963657013
199773.411807,2679366.126422,0.0223689035570224,0.432526585991932,0.0212687935460213,0.32966629996333,0.0249358269160249,0.169233590025669
200273.411807,2679366.126422,0.0531135531135531,0.147619047619048,0.0435897435897436,0.623992673992674,0.0487179487179487,0.082967032967033
200773.411807,2679366.126422,0.0468864468864469,0.164468864468864,0.00860805860805861,0.613553113553114,0.058974358974359,0.107509157509158
201273.411807,2679366.126422,0.0573890722405574,0.146497983131646,0.00953428676200953,0.648148148148148,0.0735240190685735,0.0649064906490649
201773.411807,2679366.126422,0.0857142857142857,0.623809523809524,0,0.18992673992674,0.0212454212454212,0.0793040293040293
202273.411807,2679366.126422,0.0437728937728938,0.713369963369963,0,0.101098901098901,0.0406593406593407,0.101098901098901
202773.411807,2679366.126422,0.0170517051705171,0.871103777044371,0.00055005500550055,0.0352035203520352,0.022002200220022,0.0540887422075541
203273.411807,2679366.126422,0.0336996336996337,0.78992673992674,0,0.0666666666666667,0.0146520146520147,0.0950549450549451
203773.411807,2679366.126422,0.0677655677655678,0.626923076923077,0.00952380952380952,0.121978021978022,0.0234432234432234,0.1503663003663
204273.411807,2679366.126422,0.0837917125045838,0.39017235056839,0,0.223138980564723,0.0687568756875688,0.234140080674734
204773.411807,2679366.126422,0.0835164835164835,0.210989010989011,0.00256410256410256,0.273260073260073,0.132600732600733,0.297069597069597
205273.411807,2679366.126422,0.0998168498168498,0.0558608058608059,0,0.0728937728937729,0.0694139194139194,0.702014652014652
205773.411807,2679366.126422,0.115511551155116,0.0863586358635864,0,0.111477814448111,0.122662266226623,0.563989732306564
206273.411807,2679366.126422,0.0835164835164835,0.0666666666666667,0.000915750915750916,0.472893772893773,0.183699633699634,0.192307692307692
206773.411807,2679366.126422,0.147619047619048,0.117399267399267,0,0.283150183150183,0.137728937728938,0.314102564102564
207273.411807,2679366.126422,0.196186285295196,0.117528419508618,0,0.274660799413275,0.184451778511184,0.227172717271727
207773.411807,2679366.126422,0.411904761904762,0.041025641025641,0.00164835164835165,0.0842490842490843,0.0844322344322344,0.376739926739927
208273.411807,2679366.126422,0.376923076923077,0.0208791208791209,0,0,0.0148351648351648,0.587362637362637
208773.411807,2679366.126422,0.167400073340667,0.266409974330766,0,0.00476714338100477,0.0088008800880088,0.552621928859553
209273.411807,2679366.126422,0.080952380952381,0.493406593406593,0,0.00421245421245421,0.0247252747252747,0.396703296703297
209773.411807,2679366.126422,0.170695970695971,0.109340659340659,0,0.00366300366300366,0.0271062271062271,0.689194139194139
210273.411807,2679366.126422,0.184818481848185,0.0214521452145215,0,0.00898423175650898,0.0496883021635497,0.735056839017235
210773.411807,2679366.126422,0.262271062271062,0.1003663003663,0,0.0315018315018315,0.0639194139194139,0.541941391941392
211273.411807,2679366.126422,0.108974358974359,0.043956043956044,0,0.108608058608059,0.196703296703297,0.541758241758242
211773.411807,2679366.126422,0.125691881918819,0.104474169741697,0.00945571955719557,0.185885608856089,0.118542435424354,0.455950184501845
199273.411807,2678866.126422,0.0318634423897582,0.767567567567568,0.000284495021337127,0.0364153627311522,0.00512091038406828,0.158748221906117
199773.411807,2678866.126422,0.0404984423676012,0.39234011361554,0.000366501740883269,0.294667399670148,0.0908924317390508,0.181235110866777
200273.411807,2678866.126422,0.0438612589465957,0.14516425032116,0.000183519911910442,0.472563773169389,0.0633143696091026,0.274912828041843
200773.411807,2678866.126422,0.0403447643498991,0.173482486704566,0.00696864111498258,0.532734274711168,0.0900421786172749,0.156427654502109
201273.411807,2678866.126422,0.0428807036833425,0.269378779549203,0.00164925783397471,0.538207806487081,0.0736668499175371,0.074216602528862
201773.411807,2678866.126422,0.0752431638832813,0.297302257294916,0,0.452927142594972,0.0811158010644155,0.0934116351624151
202273.411807,2678866.126422,0.0641848523748395,0.642582064918394,0,0.13992297817715,0.0447460113698881,0.108564093159729
202773.411807,2678866.126422,0.030602895363753,0.917170606560381,0,0.0302363936228697,0.000916254352208173,0.021073850100788
203273.411807,2678866.126422,0.0433106992108644,0.865479904569646,0,0.057258212516058,0.00220223894292531,0.0317489447605065
203773.411807,2678866.126422,0.0922428021272694,0.609756097560976,0,0.161929213277095,0.0645516229598386,0.0715202640748212
204273.411807,2678866.126422,0.078248121678578,0.191313908741067,0,0.236210371999267,0.1434854315558,0.350742166025289
204773.411807,2678866.126422,0.0992842723435493,0.0723068452927143,0,0.151770967149936,0.0697375665259681,0.606900348687833
205273.411807,2678866.126422,0.100311754997249,0.0452961672473868,0,0.12818631945718,0.109664404914726,0.616541353383459
205773.411807,2678866.126422,0.0725673446948873,0.100054975261132,0,0.10317024005864,0.0819131390874107,0.642294300897929
206273.411807,2678866.126422,0.0801982015048633,0.0704716461736098,0,0.392916131400257,0.182785832262801,0.273628188658469
206773.411807,2678866.126422,0.161195672107097,0.0805061434072987,0,0.227214377406932,0.145424536952136,0.385659270126536
207273.411807,2678866.126422,0.158145501191131,0.115814550119113,0,0.336631849001283,0.190947407000183,0.19846069268829
207773.411807,2678866.126422,0.307946412185722,0.0394567810607451,0.00201871903101487,0.12038906221325,0.108827307762892,0.421361717746375
208273.411807,2678866.126422,0.389877131854025,0,0,0,0.000183385292499542,0.609939482853475
208773.411807,2678866.126422,0.140919919369617,0.263514751695071,0,0.000549752611324904,0.00311526479750779,0.59190031152648
209273.411807,2678866.126422,0.168654799045696,0.319141126812259,0,0.000183519911910442,0.009543035419343,0.502477518810791
209773.411807,2678866.126422,0.272327159361819,0.00146708233999633,0,0.000366770584999083,0.000916926462497708,0.724922061250688
210273.411807,2678866.126422,0.201392706615356,0.00494777350192413,0.000366501740883269,0.000366501740883269,0.0042147700201576,0.788711746380795
210773.411807,2678866.126422,0.169021838869517,0.0271609469627455,0.00238575885483575,0.159111763626353,0.0451458983299688,0.597173793356579
211273.411807,2678866.126422,0.0920594168347699,0.0858243168897854,0.00825233816247937,0.445626260773886,0.189620392444526,0.178617274894553
211773.411807,2678866.126422,0.140484429065744,0.104267589388697,0.000230680507497116,0.212226066897347,0.170703575547866,0.372087658592849
199273.411807,2678366.126422,0.00938833570412518,0.545376955903272,0.0227596017069701,0.185775248933144,0.0321479374110953,0.204551920341394
199773.411807,2678366.126422,0.0227106227106227,0.242490842490842,0.0668498168498168,0.511355311355311,0.0580586080586081,0.0985347985347985
200273.411807,2678366.126422,0.0444036697247706,0.238532110091743,0.026605504587156,0.510091743119266,0.0732110091743119,0.107155963302752
200773.411807,2678366.126422,0.0515501742799486,0.399559713813979,0.0106402494955054,0.396807925151348,0.0550357732526142,0.0864061640066043
201273.411807,2678366.126422,0.0591575091575092,0.5,0.010989010989011,0.316117216117216,0.030952380952381,0.0827838827838828
201773.411807,2678366.126422,0.0871559633027523,0.359633027522936,0.00788990825688073,0.423302752293578,0.0588990825688073,0.0631192660550459
202273.411807,2678366.126422,0.0337552742616034,0.852871032838011,0,0.00990643918547056,0.00807191341038342,0.0953953403045313
202773.411807,2678366.126422,0.0010989010989011,0.966666666666667,0,0.00274725274725275,0,0.0294871794871795
203273.411807,2678366.126422,0.0361467889908257,0.828807339449541,0,0.0961467889908257,0.00697247706422018,0.0319266055045872
203773.411807,2678366.126422,0.0401761144744084,0.784076316272244,0,0.0394423041643735,0.0194459732159237,0.116859291873051
204273.411807,2678366.126422,0.135714285714286,0.141391941391941,0.000549450549450549,0.335347985347985,0.104029304029304,0.282967032967033
204773.411807,2678366.126422,0.068256880733945,0.0965137614678899,0,0.0522935779816514,0.0875229357798165,0.695412844036697
205273.411807,2678366.126422,0.100715465052284,0.0818198495688864,0.000366905155017428,0.0809025866813429,0.0759493670886076,0.660245826453862
205773.411807,2678366.126422,0.089010989010989,0.0796703296703297,0,0.132051282051282,0.118315018315018,0.580952380952381
206273.411807,2678366.126422,0.16,0.0677064220183486,0,0.306238532110092,0.195229357798165,0.270825688073395
206773.411807,2678366.126422,0.15685195376995,0.0871399743166392,0,0.239038708493854,0.197028068244359,0.319941295175197
207273.411807,2678366.126422,0.197252747252747,0.060989010989011,0,0.247619047619048,0.183333333333333,0.310805860805861
207773.411807,2678366.126422,0.451376146788991,0.0168807339449541,0.00018348623853211,0.0486238532110092,0.0475229357798165,0.435412844036697
208273.411807,2678366.126422,0.471289671619886,0.001284168042561,0,0,0.001284168042561,0.526141992294992
208773.411807,2678366.126422,0.269413919413919,0.0631868131868132,0,0,0.000183150183150183,0.667216117216117
209273.411807,2678366.126422,0.285688073394495,0.0119266055045872,0.00495412844036697,0.00422018348623853,0.0220183486238532,0.671192660550459
209773.411807,2678366.126422,0.300128416804256,0.0317372959090075,0.00476976701522656,0.180884241423592,0.0111906072280316,0.471289671619886
210273.411807,2678366.126422,0.095970695970696,0.0934065934065934,0.00677655677655678,0.471794871794872,0.0851648351648352,0.246886446886447
210773.411807,2678366.126422,0.159633027522936,0.0544954128440367,0.0264220183486239,0.328807339449541,0.108623853211009,0.322018348623853
211273.411807,2678366.126422,0.187305081636397,0.0948449825720051,0.00201797835259585,0.137405980554027,0.173913043478261,0.404512933406714
211773.411807,2678366.126422,0.141341941434171,0.114134194143417,0,0.10744754438552,0.0906156329259857,0.546460687110906
199273.411807,2677866.126422,0.0235661555934128,0.812890403180011,0.00056785917092561,0,0.00369108461101647,0.159284497444634
199773.411807,2677866.126422,0.0504217088375504,0.511917858452512,0.0143014301430143,0.252291895856252,0.0319031903190319,0.139163916391639
200273.411807,2677866.126422,0.0712454212454212,0.38956043956044,0.0184981684981685,0.245238095238095,0.0983516483516483,0.177106227106227
200773.411807,2677866.126422,0.0906593406593407,0.270695970695971,0,0.403479853479853,0.0831501831501831,0.152014652014652
201273.411807,2677866.126422,0.0704070407040704,0.526769343601027,0,0.0836083608360836,0.0535386872020535,0.265676567656766
201773.411807,2677866.126422,0.0747252747252747,0.4003663003663,0,0.370695970695971,0.0860805860805861,0.0681318681318681
202273.411807,2677866.126422,0.0595238095238095,0.838461538461538,0,0.0423076923076923,0.00970695970695971,0.05
202773.411807,2677866.126422,0.0194352768610194,0.808397506417308,0.0066006600660066,0.0913091309130913,0.0161349468280161,0.0581224789145581
203273.411807,2677866.126422,0.0181318681318681,0.762271062271062,0.0108058608058608,0.0901098901098901,0.00457875457875458,0.114102564102564
203773.411807,2677866.126422,0.0443223443223443,0.685714285714286,0.00732600732600733,0.05,0.0227106227106227,0.18992673992674
204273.411807,2677866.126422,0.108544187752109,0.152548588192153,0,0.154748808214155,0.121745507884122,0.462412907957462
204773.411807,2677866.126422,0.158058608058608,0.113369963369963,0,0.00915750915750916,0.0622710622710623,0.657142857142857
205273.411807,2677866.126422,0.0727106227106227,0.0776556776556777,0,0.211355311355311,0.0891941391941392,0.549084249084249
205773.411807,2677866.126422,0.0957095709570957,0.137330399706637,0.000183351668500183,0.307847451411808,0.19013568023469,0.268793546021269
206273.411807,2677866.126422,0.175641025641026,0.0598901098901099,0,0.180586080586081,0.16043956043956,0.423443223443223
206773.411807,2677866.126422,0.167765567765568,0.0990842490842491,0,0.0972527472527473,0.1003663003663,0.535531135531136
207273.411807,2677866.126422,0.454528786211955,0.0205353868720205,0,0.0363036303630363,0.0493215988265493,0.439310597726439
207773.411807,2677866.126422,0.497802197802198,0.00256410256410256,0,0,0,0.4996336996337
208273.411807,2677866.126422,0.372161172161172,0.00164835164835165,0.000915750915750916,0,0.0148351648351648,0.61043956043956
208773.411807,2677866.126422,0.235423542354235,0.0328199486615328,0,0,0.0128346167950128,0.718921892189219
209273.411807,2677866.126422,0.263553113553114,0.0483516483516484,0.00659340659340659,0.00402930402930403,0.0373626373626374,0.64010989010989
209773.411807,2677866.126422,0.316483516483516,0.0681318681318681,0.00494505494505494,0.113736263736264,0.120879120879121,0.375824175824176
210273.411807,2677866.126422,0.121928859552622,0.123395672900623,0.00055005500550055,0.132563256325633,0.143381004767143,0.478181151448478
210773.411807,2677866.126422,0.0923076923076923,0.0736263736263736,0.0157509157509158,0.726373626373626,0.0347985347985348,0.0571428571428571
211273.411807,2677866.126422,0.191208791208791,0.0937728937728938,0.0113553113553114,0.365384615384615,0.15018315018315,0.188095238095238
211773.411807,2677866.126422,0.162130996309963,0.0654981549815498,0.000461254612546125,0.172278597785978,0.0973247232472325,0.502306273062731
199273.411807,2677366.126422,0.0512091038406828,0.380654338549075,0,0.142247510668563,0.0933143669985775,0.332574679943101
199773.411807,2677366.126422,0.0489279824079164,0.590984057174272,0.0104452996151732,0.155213487264065,0.0540590067802822,0.140370166758292
200273.411807,2677366.126422,0.0324830244081483,0.736832446320426,0.00440447788585061,0.0783630023857589,0.0299137456414021,0.118003303358414
200773.411807,2677366.126422,0.06400146708234,0.605905006418485,0.00733541169998166,0.127636163579681,0.0232899321474418,0.17183201907207
201273.411807,2677366.126422,0.113982041414697,0.331684075499359,0,0.249404434671065,0.13340663368151,0.17152281473337
201773.411807,2677366.126422,0.0537713341897596,0.622866581024041,0.000183519911910442,0.24499908240044,0.0387227014131033,0.0394567810607451
202273.411807,2677366.126422,0.0198056115899505,0.922428021272694,0,0.0104529616724739,0.00256739409499358,0.0447460113698881
202773.411807,2677366.126422,0.0243723657687374,0.924134139637163,0,0.00293201392706615,0.00568077698369067,0.0428807036833425
203273.411807,2677366.126422,0.0170673518076711,0.91301156175445,0,0.0244081482840888,0.00311983850247752,0.0423930996513122
203773.411807,2677366.126422,0.0529983495323675,0.71208509077572,0,0.0291582615074271,0.0306253438474234,0.175132954337062
204273.411807,2677366.126422,0.176287337364852,0.138354407183434,0,0.0540590067802822,0.0683525746747297,0.562946673996702
204773.411807,2677366.126422,0.0590934116351624,0.0245916681959993,0,0.00165167920719398,0.0130299137456414,0.901633327216003
205273.411807,2677366.126422,0.0742710434623143,0.108747478452228,0,0.175683110214561,0.101045296167247,0.540253071703649
205773.411807,2677366.126422,0.179769103903244,0.0804471321238776,0,0.111599780098955,0.0949239508887667,0.533260032985157
206273.411807,2677366.126422,0.162782161864562,0.0702881262616994,0,0.193613507065517,0.183519911910442,0.389796292897779
206773.411807,2677366.126422,0.191454245369521,0.0588666788923528,0,0.168347698514579,0.136438657619659,0.444892719603888
207273.411807,2677366.126422,0.276159061755543,0.0439802089059923,0,0.0529595015576324,0.07623236210372,0.550668865677112
207773.411807,2677366.126422,0.291062580289961,0.0229399889888053,0,0,0.00220223894292531,0.683795191778308
208273.411807,2677366.126422,0.172382174949569,0.131120484137172,0,0,0.00458463231248854,0.69191270860077
208773.411807,2677366.126422,0.0491112332783581,0.327835807220084,0,0.00696353307678211,0.0208905992303463,0.595198827194429
209273.411807,2677366.126422,0.166452560102771,0.0548724536612222,0,0.000550559735731327,0.0100935951550743,0.768030831345201
209773.411807,2677366.126422,0.265725288831836,0.079589216944801,0.000366770584999083,0.0607005318173482,0.137172198789657,0.456445993031359
210273.411807,2677366.126422,0.174638079530878,0.101520982224666,0,0.0553417628733736,0.118380062305296,0.550119113065787
210773.411807,2677366.126422,0.1493852082951,0.0972655533125344,0.0172508717195816,0.185905670765278,0.107359148467609,0.442833547439897
211273.411807,2677366.126422,0.155327342747112,0.0458463231248854,0.0102695763799743,0.105813313772235,0.0526315789473684,0.630111865028425
211773.411807,2677366.126422,0.0802768166089965,0.306574394463668,0,0.133794694348328,0.0987312572087659,0.380622837370242
199273.411807,2676866.126422,0.00398293029871977,0.112944523470839,0.605405405405405,0.122901849217639,0.0406827880512091,0.114082503556188
199773.411807,2676866.126422,0.00970695970695971,0.426556776556777,0.116483516483516,0.207142857142857,0.0249084249084249,0.215201465201465
200273.411807,2676866.126422,0.0601834862385321,0.749908256880734,0,0.0368807339449541,0.00587155963302752,0.147155963302752
200773.411807,2676866.126422,0.066042927903137,0.793248945147679,0,0.0328380113740598,0.0111906072280316,0.0966795083470923
201273.411807,2676866.126422,0.0604395604395604,0.618681318681319,0.000915750915750916,0.0864468864468864,0.0571428571428571,0.176373626373626
201773.411807,2676866.126422,0.0794495412844037,0.540183486238532,0,0.144954128440367,0.0932110091743119,0.142201834862385
202273.411807,2676866.126422,0.0623738763529628,0.67620620069712,0.00091726288754357,0.108237020730141,0.0368739680792515,0.115391671252981
202773.411807,2676866.126422,0.019047619047619,0.858058608058608,0.00183150183150183,0.0498168498168498,0.00879120879120879,0.0624542124542125
203273.411807,2676866.126422,0.0313761467889908,0.851743119266055,0,0.0313761467889908,0.00605504587155963,0.0794495412844037
203773.411807,2676866.126422,0.0755824619335902,0.384333149880756,0,0.263621353880022,0.124013942395891,0.152449091909741
204273.411807,2676866.126422,0.23974358974359,0.0875457875457875,0,0.115750915750916,0.0708791208791209,0.486080586080586
204773.411807,2676866.126422,0.0532110091743119,0.218715596330275,0,0,0.00073394495412844,0.727339449541284
205273.411807,2676866.126422,0.151531829022198,0.188956154833975,0,0.0306365804439552,0.0181618051733627,0.610713630526509
205773.411807,2676866.126422,0.114285714285714,0.065018315018315,0,0.264285714285714,0.146336996336996,0.41007326007326
206273.411807,2676866.126422,0.196330275229358,0.0981651376146789,0,0.144954128440367,0.0948623853211009,0.465688073394495
206773.411807,2676866.126422,0.167492203265456,0.0502660062373876,0.00165107319757843,0.0372408732342689,0.0810860392588516,0.662263804806458
207273.411807,2676866.126422,0.187912087912088,0.0490842490842491,0,0.00494505494505494,0.0426739926739927,0.715384615384615
207773.411807,2676866.126422,0.135045871559633,0.10348623853211,0,0.0128440366972477,0.0177981651376147,0.730825688073395
208273.411807,2676866.126422,0.0834709227664649,0.314070812694918,0,0.0344890845716382,0.0143093010456797,0.553659878921299
208773.411807,2676866.126422,0.211904761904762,0.193406593406593,0,0.00695970695970696,0.032967032967033,0.554761904761905
209273.411807,2676866.126422,0.10256880733945,0.0642201834862385,0,0.0128440366972477,0.0319266055045872,0.788440366972477
209773.411807,2676866.126422,0.225830122913227,0.0695285268758026,0,0.0453127866446524,0.103100348559897,0.556228215006421
