"x","y","forest","agri","water","built","other","grass"
224773.411807,2682366.126422,0.528920570264766,0.00305498981670061,0,0.00427698574338086,0.0132382892057026,0.45050916496945
225273.411807,2682366.126422,0.478731206453979,0.0011001100110011,0,0.00513384671800513,0.0157682434910158,0.499266593325999
225773.411807,2682366.126422,0.745787545787546,0.000366300366300366,0,0.0010989010989011,0.00274725274725275,0.25
226273.411807,2682366.126422,0.771611721611722,0.00183150183150183,0,0.00366300366300366,0.00512820512820513,0.217765567765568
226773.411807,2682366.126422,0.502016868353502,0.000183351668500183,0,0.0033003300330033,0.00733406674000733,0.487165383204987
227273.411807,2682366.126422,0.446886446886447,0.0102564102564103,0,0.00183150183150183,0.0102564102564103,0.530769230769231
227773.411807,2682366.126422,0.275091575091575,0.0503663003663004,0,0.104212454212454,0.0558608058608059,0.514468864468864
228273.411807,2682366.126422,0.235423542354235,0.0562889622295563,0.0139347268060139,0.0999266593325999,0.0966263292995966,0.497799779977998
228773.411807,2682366.126422,0.275457875457875,0.00512820512820513,0,0.017032967032967,0.0225274725274725,0.67985347985348
229273.411807,2682366.126422,0.245421245421245,0.0402930402930403,0,0.00824175824175824,0.0335164835164835,0.672527472527473
229773.411807,2682366.126422,0.382838283828383,0.00385038503850385,0.00293362669600293,0.0141180784745141,0.0322698936560323,0.563989732306564
230273.411807,2682366.126422,0.271245421245421,0.0402930402930403,0.000366300366300366,0.0434065934065934,0.067032967032967,0.577655677655678
230773.411807,2682366.126422,0.093040293040293,0.0120879120879121,0,0.344688644688645,0.10018315018315,0.45
231273.411807,2682366.126422,0.371103777044371,0.00825082508250825,0,0.0201686835350202,0.0392372570590392,0.561239457279061
231773.411807,2682366.126422,0.114102564102564,0.0454212454212454,0.00256410256410256,0.0554945054945055,0.067032967032967,0.715384615384615
232273.411807,2682366.126422,0.00238095238095238,0.424358974358974,0.00347985347985348,0.3496336996337,0.102747252747253,0.117399267399267
232773.411807,2682366.126422,0.0946094609460946,0.033003300330033,0.000733406674000733,0.522368903557022,0.0962596259625963,0.253025302530253
233273.411807,2682366.126422,0.201465201465201,0.0857142857142857,0.00128205128205128,0.16996336996337,0.0992673992673993,0.442307692307692
233773.411807,2682366.126422,0.0750915750915751,0.0564102564102564,0.00293040293040293,0.247252747252747,0.147985347985348,0.47032967032967
234273.411807,2682366.126422,0.144664466446645,0.0242024202420242,0,0.122662266226623,0.105977264393106,0.602493582691602
234773.411807,2682366.126422,0.257692307692308,0.00641025641025641,0,0.0010989010989011,0.0230769230769231,0.711721611721612
235273.411807,2682366.126422,0.268498168498168,0.00347985347985348,0,0.000915750915750916,0.00641025641025641,0.720695970695971
235773.411807,2682366.126422,0.584158415841584,0.00146681334800147,0,0.000183351668500183,0.000366703337000367,0.413824715804914
236273.411807,2682366.126422,0.536813186813187,0.0177655677655678,0,0.000915750915750916,0.00457875457875458,0.43992673992674
236773.411807,2682366.126422,0.362271062271062,0.00347985347985348,0,0.000549450549450549,0.00201465201465201,0.631684981684982
237273.411807,2682366.126422,0.364213197969543,0.0548857868020305,0,0.000317258883248731,0.00317258883248731,0.57741116751269
224773.411807,2681866.126422,0.396695900469101,0.000203956761166633,0,0.000611870283499898,0.00326330817866612,0.599224964307567
225273.411807,2681866.126422,0.620120945574491,0.00183250870441635,0,0.00128275609309144,0.00128275609309144,0.375481033534909
225773.411807,2681866.126422,0.475683611671866,0.00660671682877592,0,0.009543035419343,0.0372545421178198,0.470912093962195
226273.411807,2681866.126422,0.541903539336145,0.0117366587199707,0,0.00165046763249587,0.00770218228498074,0.437007152026407
226773.411807,2681866.126422,0.715961150815466,0.00403151914971596,0,0,0,0.280007330034818
227273.411807,2681866.126422,0.585428518994311,0.00660671682877592,0,0.000183519911910442,0.00807487612405946,0.399706368140943
227773.411807,2681866.126422,0.0320924261874198,0.0473134054648817,0,0.0742710434623143,0.0724371905373189,0.773885934348065
228273.411807,2681866.126422,0.0846619021440352,0.0313358988455195,0.023089609675646,0.279274326553051,0.202858713578889,0.378779549202859
228773.411807,2681866.126422,0.418792438979629,0.00605615709304459,0.00752431638832813,0.0110111947146265,0.0178014314553129,0.538814461369059
229273.411807,2681866.126422,0.320374105996699,0.00916926462497708,0.00293416467999266,0.004401247019989,0.0251237850724372,0.637997432605905
229773.411807,2681866.126422,0.390507604911123,0.0053142752428074,0,0.00733003481766538,0.0214403518416712,0.575407733186733
230273.411807,2681866.126422,0.144980730409249,0.0412919801798495,0,0.197467425215636,0.0829510001835199,0.533308864011745
230773.411807,2681866.126422,0.108380707867229,0.0253071703649367,0.00825233816247937,0.289015220979277,0.153860260407115,0.415184302218962
231273.411807,2681866.126422,0.070734835990471,0.0223566061938794,0.00439802089059923,0.0298698918819864,0.0665200659703134,0.806120579072751
231773.411807,2681866.126422,0.208845659754083,0.00862543585979079,0.00972655533125344,0.0196366305744173,0.0264268673151037,0.726738851165351
232273.411807,2681866.126422,0.00385109114249037,0.372455529066569,0.0410783055198973,0.333761232349166,0.106546854942234,0.142306986979644
232773.411807,2681866.126422,0.0809968847352025,0.0408649441084845,0,0.226131574124977,0.0822796408282939,0.569726956203042
233273.411807,2681866.126422,0.238392365571665,0.0866213984217288,0.00165167920719398,0.142778491466324,0.108827307762892,0.421728757570196
233773.411807,2681866.126422,0.401063634696497,0.0495140289748762,0.000183385292499542,0.0289748762149276,0.026407482119934,0.493856592701265
234273.411807,2681866.126422,0.229063588052043,0.0362836723474437,0.000733003481766538,0.0919919369617006,0.0720175920835624,0.569910207073484
234773.411807,2681866.126422,0.0939621948981464,0.0126628739218205,0.000183519911910442,0.0427601394751331,0.0638649293448339,0.786566342448156
235273.411807,2681866.126422,0.311571611956721,0.00843572345497891,0,0.000366770584999083,0.00385109114249037,0.675774802860811
235773.411807,2681866.126422,0.362836723474437,0.0278541323071285,0,0.00238226131574125,0.00568077698369067,0.601246105919003
236273.411807,2681866.126422,0.239677004955038,0.00880895577170123,0,0.00385391815011929,0.0168838318957607,0.730776289227381
236773.411807,2681866.126422,0.279479185769301,0.0150375939849624,0,0.0221896203924445,0.0333761232349166,0.649917476618375
237273.411807,2681866.126422,0.430837563451777,0.00317258883248731,0,0.00348984771573604,0.0152284263959391,0.547271573604061
224773.411807,2681366.126422,0.529267795227412,0.000815827044666531,0,0.00285539465633286,0.00836222720783194,0.458698755863757
225273.411807,2681366.126422,0.507875457875458,0.0106227106227106,0,0.00421245421245421,0.0188644688644689,0.458424908424908
225773.411807,2681366.126422,0.715779816513761,0.00238532110091743,0,0.00018348623853211,0.00018348623853211,0.281467889908257
226273.411807,2681366.126422,0.528343423225096,0.00110071546505228,0,0.00146762062006971,0.00697119794533113,0.462117042744451
226773.411807,2681366.126422,0.478937728937729,0.00347985347985348,0,0.00512820512820513,0.0144688644688645,0.497985347985348
227273.411807,2681366.126422,0.327889908256881,0.00238532110091743,0,0.00146788990825688,0.00128440366972477,0.66697247706422
227773.411807,2681366.126422,0.360484314804623,0.00623738763529628,0.000183452577508714,0.00220143093010457,0.00752155567785727,0.62337185837461
228273.411807,2681366.126422,0.108608058608059,0.0234432234432234,0.00622710622710623,0.0536630036630037,0.0963369963369963,0.711721611721612
228773.411807,2681366.126422,0.499266055045872,0.00623853211009174,0,0.0122935779816514,0.0686238532110092,0.413577981651376
229273.411807,2681366.126422,0.364153366354797,0.0172445422858191,0.0445789763346175,0.010273344340488,0.0414602825169694,0.522289488167309
229773.411807,2681366.126422,0.253113553113553,0.0285714285714286,0.00347985347985348,0.078021978021978,0.0617216117216117,0.575091575091575
230273.411807,2681366.126422,0.115229357798165,0.038348623853211,0.00055045871559633,0.13394495412844,0.148440366972477,0.56348623853211
230773.411807,2681366.126422,0.161621720785177,0.0432948082920565,0.000550357732526142,0.162172078517703,0.135388002201431,0.496973032471106
231273.411807,2681366.126422,0.223626373626374,0.00934065934065934,0,0.0586080586080586,0.0796703296703297,0.628754578754579
231773.411807,2681366.126422,0.136146788990826,0.0460550458715596,0.0308256880733945,0.0321100917431193,0.10348623853211,0.651376146788991
232273.411807,2681366.126422,0.000550357732526142,0.192808658961658,0.000366905155017428,0.371124564300128,0.266006237387635,0.169143276463034
232773.411807,2681366.126422,0.0646520146520147,0.0287545787545788,0.00128205128205128,0.0516483516483516,0.0587912087912088,0.794871794871795
233273.411807,2681366.126422,0.0970642201834862,0.0467889908256881,0.00055045871559633,0.258532110091743,0.141100917431193,0.455963302752294
233773.411807,2681366.126422,0.315354980737479,0.0253164556962025,0,0.00146762062006971,0.00972298660796184,0.648137956338287
234273.411807,2681366.126422,0.442857142857143,0.0241758241758242,0,0.000915750915750916,0.00274725274725275,0.529304029304029
234773.411807,2681366.126422,0.14348623853211,0.0168807339449541,0.00036697247706422,0.17302752293578,0.106788990825688,0.559449541284404
235273.411807,2681366.126422,0.221794166208035,0.0177949000183453,0.00275178866263071,0.0438451660245826,0.0665932856356632,0.647220693450743
235773.411807,2681366.126422,0.15970695970696,0.0287545787545788,0.00201465201465201,0.0208791208791209,0.0565934065934066,0.732051282051282
236273.411807,2681366.126422,0.504587155963303,0.0735779816513761,0,0.00477064220183486,0.0144954128440367,0.40256880733945
236773.411807,2681366.126422,0.629976151164924,0.0493487433498441,0,0,0.000183452577508714,0.320491652907723
237273.411807,2681366.126422,0.567850348763475,0.0266328471781864,0,0.00190234622701332,0.00538998097653773,0.398224476854788
224773.411807,2680866.126422,0.475763747454175,0.00224032586558045,0,0.0120162932790224,0.0219959266802444,0.487983706720978
225273.411807,2680866.126422,0.295929592959296,0.000183351668500183,0,0.00953428676200953,0.0203520352035204,0.674000733406674
225773.411807,2680866.126422,0.484249084249084,0.000915750915750916,0,0.00201465201465201,0.0113553113553114,0.501465201465201
226273.411807,2680866.126422,0.521428571428571,0.0102564102564103,0,0.000549450549450549,0.000549450549450549,0.467216117216117
226773.411807,2680866.126422,0.631829849651632,0.0366703337000367,0,0,0,0.331499816648332
227273.411807,2680866.126422,0.511904761904762,0.00549450549450549,0,0.000549450549450549,0.00421245421245421,0.477838827838828
227773.411807,2680866.126422,0.603846153846154,0.0104395604395604,0,0,0,0.385714285714286
228273.411807,2680866.126422,0.0889255592225889,0.0396039603960396,0.00146681334800147,0.0328199486615328,0.0405207187385405,0.796662999633297
228773.411807,2680866.126422,0.410989010989011,0.00695970695970696,0,0.00256410256410256,0.0210622710622711,0.558424908424908
229273.411807,2680866.126422,0.173076923076923,0.0179487179487179,0.000366300366300366,0.0267399267399267,0.0532967032967033,0.728571428571429
229773.411807,2680866.126422,0.117711771177118,0.0258525852585259,0.0055005500550055,0.303263659699303,0.116795012834617,0.430876420975431
230273.411807,2680866.126422,0.141575091575092,0.0122710622710623,0.000549450549450549,0.0868131868131868,0.0972527472527473,0.661538461538462
230773.411807,2680866.126422,0.111172161172161,0.0282051282051282,0.0010989010989011,0.170512820512821,0.199450549450549,0.48956043956044
231273.411807,2680866.126422,0.265676567656766,0.0346534653465347,0,0.103960396039604,0.0988265493215988,0.496883021635497
231773.411807,2680866.126422,0.176556776556777,0.0884615384615385,0.0250915750915751,0.0467032967032967,0.082967032967033,0.58021978021978
232273.411807,2680866.126422,0.00695970695970696,0.123992673992674,0.000183150183150183,0.530769230769231,0.147069597069597,0.191025641025641
232773.411807,2680866.126422,0.0854418775210854,0.0410707737440411,0,0.0258525852585259,0.0621562156215622,0.785478547854785
233273.411807,2680866.126422,0.0811355311355311,0.0271062271062271,0,0.234798534798535,0.134981684981685,0.521978021978022
233773.411807,2680866.126422,0.341941391941392,0.041025641025641,0,0.000732600732600733,0.00256410256410256,0.613736263736264
234273.411807,2680866.126422,0.301613494682802,0.0104510451045105,0,0.0011001100110011,0.00421708837550422,0.682618261826183
234773.411807,2680866.126422,0.427838827838828,0.00256410256410256,0,0.000549450549450549,0.00586080586080586,0.563186813186813
235273.411807,2680866.126422,0.273992673992674,0.00824175824175824,0,0.00659340659340659,0.0195970695970696,0.691575091575092
235773.411807,2680866.126422,0.586175284195086,0.0207187385405207,0,0,0.00513384671800513,0.387972130546388
236273.411807,2680866.126422,0.57014652014652,0.0184981684981685,0,0.00201465201465201,0.00842490842490842,0.400915750915751
236773.411807,2680866.126422,0.505128205128205,0.0880952380952381,0,0,0.000915750915750916,0.405860805860806
237273.411807,2680866.126422,0.421637055837563,0.0145939086294416,0,0,0.00253807106598985,0.561230964467005
224773.411807,2680366.126422,0.454211707118091,0.00550683255149908,0,0.027738119518662,0.0440546604119927,0.468488680399755
225273.411807,2680366.126422,0.354956936045446,0.00384826827927433,0,0.0108118013560564,0.0131940626717977,0.617188931647425
225773.411807,2680366.126422,0.539915580840521,0.00293631859056708,0,0.00256927876674619,0.00880895577170123,0.445769866030464
226273.411807,2680366.126422,0.418668622776453,0.00843572345497891,0,0.00183385292499542,0.00458463231248854,0.566477168531084
226773.411807,2680366.126422,0.494777350192413,0.00787978742899029,0,0.00128275609309144,0.00678028220634048,0.489279824079164
227273.411807,2680366.126422,0.371077261882914,0.0379886217654616,0,0.0601945311066251,0.0167003119838502,0.514039273261149
227773.411807,2680366.126422,0.49183935448377,0.0121034293049697,0,0.0452961672473868,0.0152209792774619,0.435540069686411
228273.411807,2680366.126422,0.216785779732454,0.0390324354040682,0,0.0089792926516401,0.0282206340480117,0.706981858163826
228773.411807,2680366.126422,0.343549275096348,0.00660671682877592,0.00146815929528354,0.0403743806202973,0.0756102037071022,0.532391264452193
229273.411807,2680366.126422,0.158995048597103,0.013203741059967,0.00146708233999633,0.114432422519714,0.0812396845772969,0.630662020905923
229773.411807,2680366.126422,0.114531794026022,0.0415979475902511,0.000366501740883269,0.300348176653839,0.188381894814,0.354773685175005
230273.411807,2680366.126422,0.309598091392916,0.0132134336575518,0.00110111947146265,0.118737383006056,0.123141860891907,0.434208111580106
230773.411807,2680366.126422,0.157711351549606,0.0249403997799376,0.00256739409499358,0.200623509994498,0.116816431322208,0.497340913258757
231273.411807,2680366.126422,0.0478284771852666,0.0388491845336265,0,0.388491845336265,0.114898295766905,0.409932197177937
231773.411807,2680366.126422,0.153789686180951,0.0524866948063865,0.00293631859056708,0.022389429253074,0.0185355111029547,0.749862360066067
232273.411807,2680366.126422,0.00293416467999266,0.285164129836787,0.0265908674124335,0.367320740876582,0.0966440491472584,0.221346048046947
232773.411807,2680366.126422,0.0798973795125527,0.0426974528129009,0,0.0903426791277259,0.0328019058090526,0.754260582737768
233273.411807,2680366.126422,0.0636814094329235,0.0216553496054322,0,0.103505230317489,0.124059460451459,0.687098550192696
233773.411807,2680366.126422,0.326059050064185,0.00953603520997616,0,0.0110031175499725,0.0320924261874198,0.621309370988447
234273.411807,2680366.126422,0.275059556532894,0.0166758292101887,0,0,0.00293201392706615,0.705332600329852
234773.411807,2680366.126422,0.452927142594972,0.00550559735731327,0,0.000917599559552211,0.00330335841438796,0.537346302073775
235273.411807,2680366.126422,0.744544287548139,0.0117366587199707,0,0,0.000916926462497708,0.242802127269393
235773.411807,2680366.126422,0.634781015209822,0.00201575957485798,0,0.00366501740883269,0.00733003481766538,0.352208172988822
236273.411807,2680366.126422,0.49807304092494,0.0117452743622683,0,0.000367039823820885,0.00568911726922371,0.484125527619747
236773.411807,2680366.126422,0.245369521364387,0.0304419585549239,0,0,0.000183385292499542,0.72400513478819
237273.411807,2680366.126422,0.504124365482233,0.00888324873096447,0,0,0.000951776649746193,0.486040609137056
224773.411807,2679866.126422,0.654905160106057,0.00734244340199878,0,0,0.000203956761166633,0.337548439730777
225273.411807,2679866.126422,0.462271062271062,0.00256410256410256,0,0.0141025641025641,0.0313186813186813,0.48974358974359
225773.411807,2679866.126422,0.497981651376147,0.0124770642201835,0,0,0.00220183486238532,0.487339449541284
226273.411807,2679866.126422,0.627040909924784,0.0247660979636764,0,0.000366905155017428,0.00165107319757843,0.346175013758943
226773.411807,2679866.126422,0.472344322344322,0.0296703296703297,0.00641025641025641,0.141025641025641,0.0457875457875458,0.304761904761905
227273.411807,2679866.126422,0.120550458715596,0.0856880733944954,0.0275229357798165,0.277247706422018,0.0917431192660551,0.397247706422018
227773.411807,2679866.126422,0.186020913593836,0.00807191341038342,0.00220143093010457,0.389286369473491,0.0541185103650706,0.360300862227114
228273.411807,2679866.126422,0.371428571428571,0.00824175824175824,0,0.0468864468864469,0.0271062271062271,0.546336996336996
228773.411807,2679866.126422,0.128623853211009,0.0506422018348624,0.000917431192660551,0.0524770642201835,0.0596330275229358,0.707706422018349
229273.411807,2679866.126422,0.0612731608879105,0.0414602825169694,0.00146762062006971,0.137772885709044,0.124564300128417,0.633461750137589
229773.411807,2679866.126422,0.0827838827838828,0.0771062271062271,0.0236263736263736,0.226923076923077,0.182967032967033,0.406593406593407
230273.411807,2679866.126422,0.112477064220183,0.0240366972477064,0,0.190275229357798,0.120917431192661,0.552293577981651
230773.411807,2679866.126422,0.0781507980187122,0.0465969546872134,0.00220143093010457,0.153733259952302,0.120528343423225,0.598789212988442
231273.411807,2679866.126422,0.295970695970696,0.0159340659340659,0,0.176923076923077,0.073992673992674,0.437179487179487
231773.411807,2679866.126422,0.181834862385321,0.0440366972477064,0,0.0493577981651376,0.0689908256880734,0.655779816513761
232273.411807,2679866.126422,0.00458631443771785,0.180517336268575,0.0359567051917079,0.264538616767566,0.20253164556962,0.311869381764814
232773.411807,2679866.126422,0.0391941391941392,0.0393772893772894,0,0.18974358974359,0.0346153846153846,0.697069597069597
233273.411807,2679866.126422,0.084954128440367,0.0422018348623853,0.00018348623853211,0.0878899082568807,0.0988990825688073,0.685871559633027
233773.411807,2679866.126422,0.102549990827371,0.0271509814712897,0.000183452577508714,0.113190240322877,0.132452760961291,0.624472573839662
234273.411807,2679866.126422,0.412454212454212,0.0146520146520147,0,0.0010989010989011,0.00256410256410256,0.569230769230769
234773.411807,2679866.126422,0.484587155963303,0.00715596330275229,0,0,0.00073394495412844,0.507522935779817
235273.411807,2679866.126422,0.685929187305082,0.000366905155017428,0,0,0.000183452577508714,0.313520454962392
235773.411807,2679866.126422,0.386996336996337,0.0228937728937729,0,0.000183150183150183,0.00347985347985348,0.586446886446886
236273.411807,2679866.126422,0.444587155963303,0.0155963302752294,0,0.000917431192660551,0.00165137614678899,0.537247706422018
236773.411807,2679866.126422,0.321225463217758,0.0214639515685195,0,0.00348559897266557,0.0104567969179967,0.64336818932306
237273.411807,2679866.126422,0.438807863031072,0.0120481927710843,0,0,0.00760938490805327,0.541534559289791
224773.411807,2679366.126422,0.345417515274949,0.0124236252545825,0,0.0010183299389002,0.00488798370672098,0.636252545824847
225273.411807,2679366.126422,0.611661166116612,0.000733406674000733,0,0,0,0.387605427209388
225773.411807,2679366.126422,0.527289377289377,0.00201465201465201,0,0,0.000549450549450549,0.47014652014652
226273.411807,2679366.126422,0.613186813186813,0.0212454212454212,0,0,0,0.365567765567766
226773.411807,2679366.126422,0.272460579391272,0.0386872020535387,0.000366703337000367,0.146314631463146,0.0858085808580858,0.456362302896956
227273.411807,2679366.126422,0.0694139194139194,0.0527472527472527,0.00201465201465201,0.338827838827839,0.145421245421245,0.391575091575092
227773.411807,2679366.126422,0.0333333333333333,0.0216117216117216,0.0144688644688645,0.460805860805861,0.140659340659341,0.329120879120879
228273.411807,2679366.126422,0.325632563256326,0.00733406674000733,0,0.0115511551155116,0.0357535753575358,0.61972863953062
228773.411807,2679366.126422,0.0923076923076923,0.03003663003663,0.0043956043956044,0.195421245421245,0.128021978021978,0.54981684981685
229273.411807,2679366.126422,0.0580586080586081,0.0285714285714286,0.00238095238095238,0.483882783882784,0.145238095238095,0.281868131868132
229773.411807,2679366.126422,0.107810781078108,0.0265859919325266,0.000916758342500917,0.0498716538320499,0.0502383571690502,0.764576457645765
230273.411807,2679366.126422,0.0468864468864469,0.0534798534798535,0.000183150183150183,0.135714285714286,0.101465201465201,0.662271062271062
230773.411807,2679366.126422,0.233150183150183,0.00860805860805861,0,0.126373626373626,0.111355311355311,0.520512820512821
231273.411807,2679366.126422,0.120645397873121,0.0276861019435277,0.00513384671800513,0.324349101576824,0.0887422075540887,0.433443344334433
231773.411807,2679366.126422,0.132967032967033,0.0476190476190476,0.0227106227106227,0.188461538461538,0.0567765567765568,0.551465201465202
232273.411807,2679366.126422,0.0443223443223443,0.115934065934066,0.0454212454212454,0.198351648351648,0.128388278388278,0.467582417582418
232773.411807,2679366.126422,0.0216354968830216,0.0485881921525486,0,0.0405207187385405,0.0911257792445911,0.798129812981298
233273.411807,2679366.126422,0.112087912087912,0.0236263736263736,0.000183150183150183,0.136263736263736,0.116483516483516,0.611355311355311
233773.411807,2679366.126422,0.0946886446886447,0.0415750915750916,0.000549450549450549,0.329120879120879,0.250549450549451,0.283516483516484
234273.411807,2679366.126422,0.522735606894023,0.0781078107810781,0,0.00458379171250458,0.00568390172350568,0.388888888888889
234773.411807,2679366.126422,0.730769230769231,0.0115384615384615,0,0,0,0.257692307692308
235273.411807,2679366.126422,0.617948717948718,0.00476190476190476,0,0,0,0.377289377289377
235773.411807,2679366.126422,0.46002933626696,0.00183351668500183,0,0.00055005500550055,0.00385038503850385,0.533736707004034
236273.411807,2679366.126422,0.428021978021978,0.0152014652014652,0,0,0,0.556776556776557
236773.411807,2679366.126422,0.525641025641026,0.0173992673992674,0,0.000183150183150183,0.00183150183150183,0.454945054945055
237273.411807,2679366.126422,0.240482233502538,0.0564720812182741,0,0.000317258883248731,0.00158629441624365,0.701142131979695
224773.411807,2678866.126422,0.51784621660208,0.00509891902916582,0,0.00244748113399959,0.00611870283499898,0.468488680399755
225273.411807,2678866.126422,0.603994868975628,0.00641378046545721,0,0.000916254352208173,0.00439802089059923,0.384277075316108
225773.411807,2678866.126422,0.599926592035236,0.000734079647641769,0,0,0.000550559735731327,0.398788768581391
226273.411807,2678866.126422,0.682193288098294,0.00311754997249221,0,0.000183385292499542,0.0022006235099945,0.312305153126719
226773.411807,2678866.126422,0.250137438152831,0.0467289719626168,0.00109950522264981,0.275609309144218,0.0712845886017959,0.355140186915888
227273.411807,2678866.126422,0.0418425399155808,0.0671682877592219,0.00642319691686548,0.511653514406313,0.157276564507249,0.21563589649477
227773.411807,2678866.126422,0.0676691729323308,0.055198973042362,0.0265908674124335,0.334678158811663,0.146524848707134,0.369337979094077
228273.411807,2678866.126422,0.434671064687557,0.0131940626717977,0.000366501740883269,0.100054975261132,0.051126992853216,0.400586402785413
228773.411807,2678866.126422,0.0266103872270141,0.0649660488162966,0.00385391815011929,0.223343732795008,0.143696091025876,0.537529821985685
229273.411807,2678866.126422,0.0276911791674308,0.0562992847973593,0.0293416467999266,0.333394461764167,0.119750596002201,0.433522831468916
229773.411807,2678866.126422,0.0586402785413231,0.0295033901411032,0.000733003481766538,0.143851933296683,0.0731170973062122,0.694154297232912
230273.411807,2678866.126422,0.051018535511103,0.047715177096715,0.0167003119838502,0.153789686180951,0.104239309965131,0.62653697926225
230773.411807,2678866.126422,0.04401247019989,0.0254905556574363,0.000550155877498625,0.0434623143223913,0.0588666788923528,0.827617825050431
231273.411807,2678866.126422,0.195528678761224,0.0623052959501558,0.00439802089059923,0.0861279091075683,0.0650540590067803,0.586586036283672
231773.411807,2678866.126422,0.150486327766563,0.052303174894476,0.00220223894292531,0.104606349788952,0.0710222059093412,0.619379702697743
232273.411807,2678866.126422,0.125985695947185,0.140473134054649,0.033192737942417,0.176416651384559,0.12415184302219,0.399779937649001
232773.411807,2678866.126422,0.00183250870441635,0.100787978742899,0,0.117463807953088,0.0804471321238776,0.699468572475719
233273.411807,2678866.126422,0.0600110111947146,0.00660671682877592,0,0.000734079647641769,0.0130299137456414,0.919618278583226
233773.411807,2678866.126422,0.0788556757748029,0.0207225380524482,0.00256739409499358,0.0770218228498075,0.110214560792224,0.710618008435723
234273.411807,2678866.126422,0.547553600879604,0.0839288986622686,0.00109950522264981,0.00164925783397471,0.00549752611324904,0.360271211288254
234773.411807,2678866.126422,0.746008441915948,0.0106441548908057,0,0.000183519911910442,0.0012846393833731,0.241879243897963
235273.411807,2678866.126422,0.720887584815698,0.0185219145424537,0,0,0,0.260590500641849
235773.411807,2678866.126422,0.451163643027304,0.0318856514568444,0,0,0,0.516950705515851
236273.411807,2678866.126422,0.436043310699211,0.0124793540099101,0,0.000183519911910442,0.000550559735731327,0.550743255643237
236773.411807,2678866.126422,0.422519713918944,0.00623509994498441,0,0.000550155877498625,0.00403447643498991,0.566660553823583
237273.411807,2678866.126422,0.312817258883249,0.0364847715736041,0,0.000634517766497462,0.00222081218274112,0.647842639593909
224773.411807,2678366.126422,0.439526820314093,0.00203956761166633,0,0.00632265959616561,0.0167244544156639,0.535386498062411
225273.411807,2678366.126422,0.558608058608059,0.00842490842490842,0,0.00201465201465201,0.00824175824175824,0.422710622710623
225773.411807,2678366.126422,0.604587155963303,0.00458715596330275,0,0.00165137614678899,0.00678899082568807,0.382385321100917
226273.411807,2678366.126422,0.497523390203632,0.015410016510732,0,0.00110071546505228,0.0161438268207668,0.469822050999817
226773.411807,2678366.126422,0.57051282051282,0.000366300366300366,0,0.0010989010989011,0.00512820512820513,0.422893772893773
227273.411807,2678366.126422,0.462018348623853,0.00587155963302752,0,0.0187155963302752,0.0467889908256881,0.466605504587156
227773.411807,2678366.126422,0.530177949000183,0.0110071546505228,0.000733810310034856,0.0864061640066043,0.0487983856173179,0.322876536415337
228273.411807,2678366.126422,0.197802197802198,0.017032967032967,0.0021978021978022,0.093956043956044,0.0820512820512821,0.606959706959707
228773.411807,2678366.126422,0.0603669724770642,0.0631192660550459,0.064954128440367,0.428990825688073,0.120366972477064,0.262201834862385
229273.411807,2678366.126422,0.0425609979820216,0.0581544670702623,0.00458631443771785,0.340487983856173,0.158869932122546,0.395340304531279
229773.411807,2678366.126422,0.0241758241758242,0.117216117216117,0.00787545787545788,0.204395604395604,0.0855311355311355,0.560805860805861
230273.411807,2678366.126422,0.147706422018349,0.0711926605504587,0.0073394495412844,0.0919266055045872,0.0932110091743119,0.588623853211009
230773.411807,2678366.126422,0.175197211520822,0.0445789763346175,0,0.0816363969913777,0.10126582278481,0.597321592368373
231273.411807,2678366.126422,0.158424908424908,0.0289377289377289,0.00677655677655678,0.101282051282051,0.0738095238095238,0.630769230769231
231773.411807,2678366.126422,0.0541284403669725,0.0622018348623853,0,0.0212844036697248,0.0570642201834862,0.805321100917431
232273.411807,2678366.126422,0.251696936341956,0.0121078701155751,0.000366905155017428,0.0519170794349661,0.0620069711979453,0.62190423775454
232773.411807,2678366.126422,0.0106227106227106,0.103479853479853,0.0313186813186813,0.270879120879121,0.0597069597069597,0.523992673992674
233273.411807,2678366.126422,0.0341284403669725,0.0348623853211009,0.000917431192660551,0.0475229357798165,0.064954128440367,0.817614678899083
233773.411807,2678366.126422,0.0851219959640433,0.0392588515868648,0.000366905155017428,0.0498991010823702,0.0700788846083287,0.755274261603376
234273.411807,2678366.126422,0.559157509157509,0.0463369963369963,0.0032967032967033,0.0254578754578755,0.0538461538461538,0.311904761904762
234773.411807,2678366.126422,0.619449541284404,0.0471559633027523,0,0.00036697247706422,0.00110091743119266,0.331926605504587
235273.411807,2678366.126422,0.542836176848285,0.0385250412768299,0,0,0.00091726288754357,0.417721518987342
235773.411807,2678366.126422,0.472161172161172,0.0155677655677656,0,0,0.000366300366300366,0.511904761904762
236273.411807,2678366.126422,0.511926605504587,0.0194495412844037,0,0.00018348623853211,0.00110091743119266,0.467339449541284
236773.411807,2678366.126422,0.440469638598422,0.0190790680609063,0,0,0.00091726288754357,0.539534030453128
237273.411807,2678366.126422,0.585922637920101,0.0558021559923906,0,0,0.000634115409004439,0.357641090678503
224773.411807,2677866.126422,0.609164969450102,0.00264765784114053,0,0.00509164969450102,0.0109979633401222,0.372097759674134
225273.411807,2677866.126422,0.410524385771911,0.000733406674000733,0,0.0055005500550055,0.0165016501650165,0.566740007334067
225773.411807,2677866.126422,0.633516483516483,0.00934065934065934,0,0.0032967032967033,0.0131868131868132,0.340659340659341
226273.411807,2677866.126422,0.429304029304029,0.00421245421245421,0,0.000732600732600733,0.00659340659340659,0.559157509157509
226773.411807,2677866.126422,0.515034836817015,0.00733406674000733,0,0.0390539053905391,0.0889255592225889,0.34965163182985
227273.411807,2677866.126422,0.604395604395604,0,0,0.000732600732600733,0.000732600732600733,0.394139194139194
227773.411807,2677866.126422,0.623443223443223,0,0,0.0021978021978022,0.00311355311355311,0.371245421245421
228273.411807,2677866.126422,0.504217088375504,0.00696736340300697,0,0.0214521452145215,0.0612394572790612,0.406123945727906
228773.411807,2677866.126422,0.251098901098901,0.0236263736263736,0.000183150183150183,0.152564102564103,0.163553113553114,0.408974358974359
229273.411807,2677866.126422,0.125457875457875,0.043956043956044,0,0.32985347985348,0.142673992673993,0.358058608058608
229773.411807,2677866.126422,0.0988265493215988,0.0484048404840484,0.0291529152915292,0.185735240190686,0.11972863953062,0.518151815181518
230273.411807,2677866.126422,0.200915750915751,0.0551282051282051,0.0296703296703297,0.284432234432234,0.129120879120879,0.300732600732601
230773.411807,2677866.126422,0.18992673992674,0.105860805860806,0,0.0974358974358974,0.0923076923076923,0.514468864468864
231273.411807,2677866.126422,0.134580124679135,0.0715071507150715,0.0133846718005134,0.145581224789146,0.140630729739641,0.494316098276494
231773.411807,2677866.126422,0.182783882783883,0.0331501831501832,0,0.186080586080586,0.125274725274725,0.472710622710623
232273.411807,2677866.126422,0.196520146520147,0.00293040293040293,0,0.0168498168498168,0.0360805860805861,0.747619047619048
232773.411807,2677866.126422,0.00513384671800513,0.0586725339200587,0,0.0423542354235424,0.0594059405940594,0.834433443344334
233273.411807,2677866.126422,0.0223443223443223,0.133150183150183,0.0426739926739927,0.354578754578755,0.129120879120879,0.318131868131868
233773.411807,2677866.126422,0.10970695970696,0.0252747252747253,0,0.0998168498168498,0.0990842490842491,0.666117216117216
234273.411807,2677866.126422,0.705170517051705,0.00916758342500917,0,0.00055005500550055,0.00146681334800147,0.283645031169784
234773.411807,2677866.126422,0.393956043956044,0.0593406593406593,0,0,0.00128205128205128,0.545421245421245
235273.411807,2677866.126422,0.462454212454212,0.0271062271062271,0,0.000366300366300366,0.00274725274725275,0.507326007326007
235773.411807,2677866.126422,0.638980564723139,0.0493215988265493,0,0,0.000183351668500183,0.311514484781812
236273.411807,2677866.126422,0.514102564102564,0.00402930402930403,0,0.000549450549450549,0.00238095238095238,0.478937728937729
236773.411807,2677866.126422,0.39029304029304,0.00915750915750916,0,0.000549450549450549,0.00128205128205128,0.598717948717949
237273.411807,2677866.126422,0.876903553299492,0.00317258883248731,0,0,0,0.11992385786802
224773.411807,2677366.126422,0.605343667142566,0.00142769732816643,0,0.0228431572506629,0.0405873954721599,0.329798082806445
225273.411807,2677366.126422,0.407183434121312,0.0109950522264981,0,0.0296866410115448,0.081729888216969,0.470404984423676
225773.411807,2677366.126422,0.599376032299505,0.00440447788585061,0.000367039823820885,0.0141310332171041,0.030280785465223,0.351440631308497
226273.411807,2677366.126422,0.562075921511095,0.00256739409499358,0,0.000550155877498625,0.00403447643498991,0.430772052081423
226773.411807,2677366.126422,0.505772402418912,0.0100787978742899,0,0.0208905992303463,0.0700018325087044,0.393256367967748
227273.411807,2677366.126422,0.510001835199119,0.000367039823820885,0,0.00110111947146265,0.009543035419343,0.478986970086254
227773.411807,2677366.126422,0.616541353383459,0.0097194205024757,0,0.0192554557124519,0.0581331377223547,0.296350632679259
228273.411807,2677366.126422,0.482499541872824,0.00201575957485798,0,0.00439802089059923,0.0207073483599047,0.490379329301814
228773.411807,2677366.126422,0.506881996696642,0.00458799779776106,0.000917599559552211,0.0165167920719398,0.0495503762158194,0.421545237658286
229273.411807,2677366.126422,0.453145057766367,0.0124701998899688,0.00348432055749129,0.017604988079956,0.0315422703099211,0.481753163396296
229773.411807,2677366.126422,0.100054975261132,0.0379329301814184,0.0179585853032802,0.354590434304563,0.143668682426242,0.345794392523364
230273.411807,2677366.126422,0.0794641218572215,0.0576252523398789,0.00201871903101487,0.194531106625069,0.125894659570563,0.540466140576253
230773.411807,2677366.126422,0.0542820465798643,0.233632862644416,0.00238400880249404,0.00916926462497708,0.106363469649734,0.594168347698515
231273.411807,2677366.126422,0.0463624702217336,0.13230712845886,0.0243723657687374,0.0568077698369067,0.0846619021440352,0.655488363569727
231773.411807,2677366.126422,0.133969535694623,0.0482657368324463,0,0.0631308496971921,0.0895577170122958,0.665076160763443
232273.411807,2677366.126422,0.329176600036677,0.00806895286997983,0,0.0137538969374656,0.0168714469099578,0.63212910324592
232773.411807,2677366.126422,0.00439802089059923,0.078248121678578,0.00879604178119846,0.115814550119113,0.0683525746747297,0.724390690855782
233273.411807,2677366.126422,0.000183519911910442,0.113598825472564,0.0115617544503579,0.418241879243898,0.164617360983667,0.291796659937603
233773.411807,2677366.126422,0.0680359435173299,0.0441958554923895,0.000366770584999083,0.32404181184669,0.128369704749679,0.434989913808912
234273.411807,2677366.126422,0.269562030419644,0.00733003481766538,0,0.00348176653839106,0.0201575957485798,0.699468572475719
234773.411807,2677366.126422,0.414387961093779,0.0275279867865663,0,0,0.00201871903101487,0.55606533308864
235273.411807,2677366.126422,0.166147075004585,0.00183385292499542,0,0,0.00275077938749312,0.829268292682927
235773.411807,2677366.126422,0.528495510353674,0.000916254352208173,0,0.000549752611324904,0.00494777350192413,0.465090709180869
236273.411807,2677366.126422,0.43971370893742,0.00935951550743256,0,0,0.000183519911910442,0.550743255643237
236773.411807,2677366.126422,0.520814230698698,0.00293416467999266,0,0.000183385292499542,0.000366770584999083,0.475701448743811
237273.411807,2677366.126422,0.722715736040609,0.00348984771573604,0,0.000951776649746193,0.000634517766497462,0.272208121827411
224773.411807,2676866.126422,0.509076075871915,0.0179481949826637,0,0.0234550275341628,0.0591474607383235,0.390373240872935
225273.411807,2676866.126422,0.513003663003663,0.0128205128205128,0,0.000183150183150183,0.0010989010989011,0.472893772893773
225773.411807,2676866.126422,0.516880733944954,0.024954128440367,0.00018348623853211,0.0240366972477064,0.0939449541284404,0.34
226273.411807,2676866.126422,0.235736562098697,0.0264171711612548,0.000183452577508714,0.0695285268758026,0.0939277196844616,0.574206567602275
226773.411807,2676866.126422,0.264102564102564,0.0448717948717949,0,0.039010989010989,0.0935897435897436,0.558424908424908
227273.411807,2676866.126422,0.199266055045872,0.0222018348623853,0,0.0935779816513762,0.122018348623853,0.562935779816514
227773.411807,2676866.126422,0.454595487066593,0.0117409649605577,0.000183452577508714,0.0104567969179967,0.0310034855989727,0.492019812878371
228273.411807,2676866.126422,0.463003663003663,0.00549450549450549,0,0.00769230769230769,0.0241758241758242,0.4996336996337
228773.411807,2676866.126422,0.473211009174312,0.00055045871559633,0,0.0018348623853211,0.00422018348623853,0.520183486238532
229273.411807,2676866.126422,0.634929370757659,0.0640249495505412,0,0,0,0.3010456796918
229773.411807,2676866.126422,0.422893772893773,0.0234432234432234,0.0296703296703297,0.183699633699634,0.0741758241758242,0.266117216117216
230273.411807,2676866.126422,0.0930275229357798,0.0322935779816514,0.00055045871559633,0.295229357798165,0.183119266055046,0.395779816513761
230773.411807,2676866.126422,0.0315538433314988,0.0429279031370391,0.00201797835259585,0.33957072096863,0.142909557879288,0.441019996330948
231273.411807,2676866.126422,0.0435897435897436,0.106410256410256,0.000732600732600733,0.108974358974359,0.124542124542125,0.615750915750916
231773.411807,2676866.126422,0.134311926605505,0.0207339449541284,0.00440366972477064,0.104036697247706,0.0744954128440367,0.662018348623853
232273.411807,2676866.126422,0.430196294257934,0.0117409649605577,0.000183452577508714,0.00385250412768299,0.0264171711612548,0.527609612915061
232773.411807,2676866.126422,0.0989010989010989,0.0778388278388278,0.0307692307692308,0.116666666666667,0.0617216117216117,0.614102564102564
233273.411807,2676866.126422,0.0212844036697248,0.168623853211009,0.016697247706422,0.20605504587156,0.0928440366972477,0.494495412844037
233773.411807,2676866.126422,0.09557879288204,0.0183452577508714,0,0.010273344340488,0.0299027701339204,0.84589983489268
234273.411807,2676866.126422,0.224908424908425,0.0532967032967033,0,0.000915750915750916,0.00622710622710623,0.714652014652015
234773.411807,2676866.126422,0.307889908256881,0.00330275229357798,0,0.00018348623853211,0.00165137614678899,0.68697247706422
235273.411807,2676866.126422,0.213722252797652,0.0130251330031187,0,0.00440286186020914,0.0181618051733627,0.750687947165658
235773.411807,2676866.126422,0.658608058608059,0.00183150183150183,0,0,0.0010989010989011,0.338461538461538
236273.411807,2676866.126422,0.61394495412844,0.00880733944954129,0,0.00018348623853211,0.00330275229357798,0.373761467889908
