"x","y","forest","agri","water","built","other","grass"
263273.411807,2530366.126422,0.966767371601209,0,0,0,0,0.0332326283987915
263773.411807,2530366.126422,0.792600050339794,0,0,0,0,0.207399949660206
264273.411807,2530366.126422,0.830150753768844,0,0,0,0,0.169849246231156
264773.411807,2530366.126422,0.700402819738167,0,0,0,0,0.299597180261833
265273.411807,2530366.126422,0.0677070224012082,0.390385099421092,0.0674553234331739,0.169896803423106,0.0125849484017116,0.291970802919708
265773.411807,2530366.126422,0.295979899497487,0.0535175879396985,0.0552763819095477,0.372110552763819,0.028894472361809,0.194221105527638
266273.411807,2530366.126422,0.646777442094663,0,0,0,0.00478348439073515,0.348439073514602
266773.411807,2530366.126422,0.749307827837906,0.0286936823559023,0,0,0,0.221998489806192
267273.411807,2530366.126422,0.711809045226131,0.233417085427136,0,0,0.00125628140703518,0.0535175879396985
267773.411807,2530366.126422,0.962487411883182,0.00855991943605237,0,0,0,0.0289526686807654
268273.411807,2530366.126422,0.925497105461868,0.00755096904102693,0,0,0,0.0669519254971055
268773.411807,2530366.126422,0.834422110552764,0.000251256281407035,0,0,0.000251256281407035,0.165075376884422
269273.411807,2530366.126422,0.760574018126888,0.0143504531722054,0,0,0.00176233635448137,0.223313192346425
269773.411807,2530366.126422,0.818776743015354,0,0,0,0.000755096904102693,0.180468160080544
270273.411807,2530366.126422,0.528140703517588,0,0,0,0,0.471859296482412
270773.411807,2530366.126422,0.421701913393756,0.0125881168177241,0,0.000503524672708963,0.00176233635448137,0.563444108761329
271273.411807,2530366.126422,0.362446513969293,0.0528567832871885,0,0.00151019380820539,0.0143468411779512,0.568839667757362
271773.411807,2530366.126422,0.230150753768844,0.0150753768844221,0,0.00050251256281407,0.00628140703517588,0.747989949748744
272273.411807,2530366.126422,0.244461228600201,0.00453172205438067,0,0.000251762336354481,0.00830815709969789,0.742447129909366
272773.411807,2530366.126422,0.204882959979864,0.0128366473697458,0,0.0113264535615404,0.033727661716587,0.737226277372263
273273.411807,2530366.126422,0.157537688442211,0.0178391959798995,0,0.376130653266332,0.214572864321608,0.23391959798995
273773.411807,2530366.126422,0.156847935548842,0.0100704934541793,0,0.0213997985901309,0.0319738167170191,0.779707955689829
274273.411807,2530366.126422,0.0385099421092374,0.0123332494336773,0.55801661213189,0.0807953687389882,0.0156053360181223,0.294739491568085
263273.411807,2529866.126422,0.87394495412844,0,0,0,0,0.12605504587156
263773.411807,2529866.126422,0.793248945147679,0,0,0,0,0.206751054852321
264273.411807,2529866.126422,0.595604395604396,0.000183150183150183,0,0.000183150183150183,0.000915750915750916,0.403113553113553
264773.411807,2529866.126422,0.329357798165138,0.0322935779816514,0,0,0,0.638348623853211
265273.411807,2529866.126422,0.00165107319757843,0.389653274628509,0.144560631076867,0.309484498257201,0.0152265639332233,0.139423958906623
265773.411807,2529866.126422,0.503479853479853,0.0228937728937729,0.0217948717948718,0.322527472527473,0.0186813186813187,0.110622710622711
266273.411807,2529866.126422,0.848440366972477,0.107339449541284,0,0,0,0.0442201834862385
266773.411807,2529866.126422,0.778939644102,0.150798018712163,0,0,0,0.0702623371858375
267273.411807,2529866.126422,0.914285714285714,0.0338827838827839,0,0,0,0.0518315018315018
267773.411807,2529866.126422,0.907155963302752,0.00201834862385321,0,0,0,0.0908256880733945
268273.411807,2529866.126422,0.878004035956705,0.00733810310034856,0,0,0,0.114657860942946
268773.411807,2529866.126422,0.571611721611722,0,0,0,0.000732600732600733,0.427655677655678
269273.411807,2529866.126422,0.660183486238532,0.00477064220183486,0,0.00036697247706422,0.00495412844036697,0.329724770642202
269773.411807,2529866.126422,0.660245826453862,0.00385250412768299,0,0.00513667217024399,0.0100898917629793,0.320675105485232
270273.411807,2529866.126422,0.408058608058608,0.00604395604395604,0,0.0010989010989011,0.00842490842490842,0.576373626373626
270773.411807,2529866.126422,0.477064220183486,0.00073394495412844,0,0.00055045871559633,0.00697247706422018,0.514678899082569
271273.411807,2529866.126422,0.259035039442304,0.0157769216657494,0,0.001284168042561,0.00825536598789213,0.715648504861493
271773.411807,2529866.126422,0.278205128205128,0.0126373626373626,0,0.00714285714285714,0.0201465201465201,0.681868131868132
272273.411807,2529866.126422,0.344036697247706,0.00605504587155963,0,0.00275229357798165,0.0161467889908257,0.631009174311927
272773.411807,2529866.126422,0.128600256833609,0.0291689598238855,0.0132085855806274,0.0304531278664465,0.0515501742799486,0.747018895615483
273273.411807,2529866.126422,0.0992673992673993,0.0238095238095238,0.0743589743589744,0.0551282051282051,0.0642857142857143,0.683150183150183
273773.411807,2529866.126422,0.190825688073395,0.00403669724770642,0.00201834862385321,0.00055045871559633,0.0111926605504587,0.791376146788991
263273.411807,2529366.126422,0.833516483516484,0.000732600732600733,0,0,0.0010989010989011,0.164652014652015
263773.411807,2529366.126422,0.61025641025641,0.00402930402930403,0,0.000549450549450549,0.00549450549450549,0.37967032967033
264273.411807,2529366.126422,0.241474147414741,0.0407040704070407,0,0.000916758342500917,0.00348368170150348,0.713421342134213
264773.411807,2529366.126422,0.178205128205128,0.308241758241758,0.00604395604395604,0.00512820512820513,0.00512820512820513,0.497252747252747
265273.411807,2529366.126422,0.106410256410256,0.0311355311355311,0.294688644688645,0.497619047619048,0.00567765567765568,0.0644688644688645
265773.411807,2529366.126422,0.354418775210854,0.0148514851485149,0.00366703337000367,0,0.00293362669600293,0.624129079574624
266273.411807,2529366.126422,0.677838827838828,0.00311355311355311,0,0.000366300366300366,0.00952380952380952,0.309157509157509
266773.411807,2529366.126422,0.877106227106227,0.000183150183150183,0,0,0,0.122710622710623
267273.411807,2529366.126422,0.92005867253392,0,0,0,0,0.0799413274660799
267773.411807,2529366.126422,0.897802197802198,0,0,0,0,0.102197802197802
268273.411807,2529366.126422,0.826923076923077,0,0,0,0.000366300366300366,0.172710622710623
268773.411807,2529366.126422,0.613494682801613,0.00531719838650532,0.0231023102310231,0.000916758342500917,0.00715071507150715,0.35001833516685
269273.411807,2529366.126422,0.596153846153846,0,0,0.000183150183150183,0.000549450549450549,0.403113553113553
269773.411807,2529366.126422,0.546153846153846,0.00183150183150183,0,0.000183150183150183,0.00201465201465201,0.44981684981685
270273.411807,2529366.126422,0.643381004767143,0,0,0,0,0.356618995232857
270773.411807,2529366.126422,0.563736263736264,0,0,0.000366300366300366,0.00183150183150183,0.434065934065934
271273.411807,2529366.126422,0.305860805860806,0.0250915750915751,0.21978021978022,0.0355311355311355,0.0106227106227106,0.403113553113553
271773.411807,2529366.126422,0.212321232123212,0.0282361569490282,0.242757609094243,0.0617895122845618,0.0192519251925193,0.435643564356436
273773.411807,2529366.126422,0.0117216117216117,0.0137362637362637,0.555677655677656,0.0754578754578755,0.00695970695970696,0.336446886446886
263273.411807,2528866.126422,0.767847311433291,0,0,0,0,0.232152688566709
263773.411807,2528866.126422,0.18411883366954,0.0469466348798826,0,0.0313588850174216,0.0665688611773336,0.671006785255822
264273.411807,2528866.126422,0.11214953271028,0.0630382994319223,0.0683525746747297,0.12442734102987,0.0434304562946674,0.58860179585853
264773.411807,2528866.126422,0,0.118737383006056,0.222976692971187,0.581574600844192,0.00807487612405946,0.0686364470545054
265273.411807,2528866.126422,0.49990830735375,0.0106363469649734,0.154777186869613,0.252704933064368,0.00953603520997616,0.0724371905373189
265773.411807,2528866.126422,0.640645043063955,0.0317024005864028,0,0.000366501740883269,0.00494777350192413,0.322338281106835
266273.411807,2528866.126422,0.804367773903468,0.00238575885483575,0,0,0.00110111947146265,0.192145347770233
266773.411807,2528866.126422,0.929763432972676,0,0,0,0,0.0702365670273244
267273.411807,2528866.126422,0.930731170973062,0,0,0,0,0.0692688290269379
267773.411807,2528866.126422,0.876858139108093,0.00367039823820885,0,0,0,0.119471462653698
268273.411807,2528866.126422,0.828351366220429,0.000916926462497708,0,0,0,0.170731707317073
268773.411807,2528866.126422,0.760491112332784,0.000733003481766538,0,0.000733003481766538,0.00128275609309144,0.236760124610592
269273.411807,2528866.126422,0.398972288493302,0,0,0.000734079647641769,0.00238575885483575,0.597907873004221
269773.411807,2528866.126422,0.577847056666055,0,0,0,0,0.422152943333945
270273.411807,2528866.126422,0.735202492211838,0,0,0,0.000366501740883269,0.264431006047279
270773.411807,2528866.126422,0.290879060378051,0.0407414204441182,0.314920168838319,0.116535144063131,0.0633143696091026,0.173609836667278
263273.411807,2528366.126422,0.574311926605505,0.0313761467889908,0,0.011743119266055,0.0697247706422018,0.312844036697248
263773.411807,2528366.126422,0.098147128967162,0.157402311502477,0.0508163639699138,0.146211704274445,0.0526508897450009,0.494771601541002
264273.411807,2528366.126422,0,0,0.287912087912088,0.712087912087912,0,0
264773.411807,2528366.126422,0.00385321100917431,0.023302752293578,0.0231192660550459,0.833211009174312,0.111559633027523,0.00495412844036697
265273.411807,2528366.126422,0.502293157218859,0.0843881856540084,0,0.0341221794166208,0.00953953403045313,0.369656943680059
265773.411807,2528366.126422,0.907692307692308,0,0,0,0,0.0923076923076923
266273.411807,2528366.126422,0.783853211009174,0,0,0,0,0.216146788990826
266773.411807,2528366.126422,0.870299027701339,0,0,0,0,0.129700972298661
267273.411807,2528366.126422,0.920695970695971,0,0,0,0,0.0793040293040293
267773.411807,2528366.126422,0.855229357798165,0.00018348623853211,0,0,0,0.144587155963303
268273.411807,2528366.126422,0.786094294624839,0,0,0,0,0.213905705375161
268773.411807,2528366.126422,0.501282051282051,0.0144688644688645,0,0.00347985347985348,0.0133699633699634,0.467399267399267
269273.411807,2528366.126422,0.809174311926605,0.00018348623853211,0,0,0,0.190642201834862
269773.411807,2528366.126422,0.507980187121629,0.0117409649605577,0,0.000366905155017428,0.00440286186020914,0.475509080902587
270273.411807,2528366.126422,0.252197802197802,0.0826007326007326,0.274725274725275,0.0326007326007326,0.0595238095238095,0.298351648351648
263273.411807,2527866.126422,0.776190476190476,0.00824175824175824,0,0,0.0021978021978022,0.213369963369963
263773.411807,2527866.126422,0.0926739926739927,0.0195970695970696,0.125091575091575,0.453846153846154,0.0996336996336996,0.209157509157509
264273.411807,2527866.126422,0,0.0262192885955262,0.0390539053905391,0.875687568756876,0.0412541254125413,0.0177851118445178
264773.411807,2527866.126422,0.292857142857143,0.06996336996337,0.0318681318681319,0.202747252747253,0.0622710622710623,0.34029304029304
265273.411807,2527866.126422,0.418131868131868,0.00604395604395604,0,0.0010989010989011,0.00879120879120879,0.565934065934066
265773.411807,2527866.126422,0.66996699669967,0.000183351668500183,0,0.000366703337000367,0.0011001100110011,0.328382838283828
266273.411807,2527866.126422,0.848534798534799,0.000183150183150183,0,0,0,0.151282051282051
266773.411807,2527866.126422,0.888644688644689,0,0,0,0,0.111355311355311
267273.411807,2527866.126422,0.825449211587825,0,0,0,0,0.174550788412175
267773.411807,2527866.126422,0.884249084249084,0.000732600732600733,0,0,0,0.115018315018315
268273.411807,2527866.126422,0.784615384615385,0.000366300366300366,0,0,0.000183150183150183,0.214835164835165
268773.411807,2527866.126422,0.453245324532453,0.0128346167950128,0,0,0.00238357169050238,0.531536486982031
269273.411807,2527866.126422,0.463003663003663,0.0111721611721612,0,0.0021978021978022,0.0177655677655678,0.505860805860806
269773.411807,2527866.126422,0.148534798534799,0.0201465201465201,0.455494505494505,0.089010989010989,0.0642857142857143,0.222527472527473
263273.411807,2527366.126422,0.479354009910075,0.0260598274912828,0,0.115066984767847,0.243530923105157,0.135988254725638
263773.411807,2527366.126422,0,0.00201723821749496,0.0801393728222996,0.384925728956538,0.158811663304603,0.374105996699065
264273.411807,2527366.126422,0.0850284038849184,0.0483782297965915,0.00201575957485798,0.673996701484332,0.0736668499175371,0.116914055341763
264773.411807,2527366.126422,0.436593870434942,0.011194714626537,0,0.00256927876674619,0.00679023674068636,0.542851899431088
265273.411807,2527366.126422,0.525582248303686,0.00293416467999266,0,0.0150375939849624,0.0289748762149276,0.427471116816431
265773.411807,2527366.126422,0.705882352941177,0,0,0,0,0.294117647058824
266273.411807,2527366.126422,0.741971003853918,0,0,0,0,0.258028996146082
266773.411807,2527366.126422,0.866312121767834,0,0,0,0,0.133687878232166
267273.411807,2527366.126422,0.827744181784864,0,0,0,0,0.172255818215137
267773.411807,2527366.126422,0.80510185355111,0,0,0,0,0.19489814644889
268273.411807,2527366.126422,0.652668256005868,0.00311754997249221,0,0,0,0.344214194021639
268773.411807,2527366.126422,0.678761224115815,0.00128275609309144,0,0,0,0.319956019791094
269273.411807,2527366.126422,0.379886217654615,0.00367039823820885,0.100935951550743,0.0480822169205359,0.0310148651128647,0.436410350523032
263273.411807,2526866.126422,0.142935779816514,0.0253211009174312,0.0587155963302752,0.380733944954128,0.170825688073394,0.221467889908257
263773.411807,2526866.126422,0.0387084938543387,0.00091726288754357,0.0132085855806274,0.40231150247661,0.10988809392772,0.434966061273161
264273.411807,2526866.126422,0.288461538461538,0.0340659340659341,0.00787545787545788,0.291575091575092,0.0456043956043956,0.332417582417582
264773.411807,2526866.126422,0.521834862385321,0.00238532110091743,0,0.00348623853211009,0.0132110091743119,0.459082568807339
265273.411807,2526866.126422,0.617134470739314,0.00587048248027885,0,0,0.000366905155017428,0.37662814162539
265773.411807,2526866.126422,0.422527472527473,0.0448717948717949,0,0,0.00146520146520147,0.531135531135531
266273.411807,2526866.126422,0.669357798165138,0.0275229357798165,0,0,0.0036697247706422,0.299449541284404
266773.411807,2526866.126422,0.833608512199596,0,0,0,0,0.166391487800404
267273.411807,2526866.126422,0.804395604395604,0,0,0,0,0.195604395604396
267773.411807,2526866.126422,0.696330275229358,0.0119266055045872,0,0,0.00403669724770642,0.287706422018349
268273.411807,2526866.126422,0.473124197394973,0,0,0,0,0.526875802605027
268773.411807,2526866.126422,0.394139194139194,0.00622710622710623,0,0.000366300366300366,0.00128205128205128,0.597985347985348
269273.411807,2526866.126422,0.411926605504587,0.0359633027522936,0.00513761467889908,0.0869724770642202,0.0590825688073394,0.400917431192661
263273.411807,2526366.126422,0.00732600732600733,0.000915750915750916,0,0.641391941391941,0.0285714285714286,0.321794871794872
263773.411807,2526366.126422,0.0197802197802198,0.0476190476190476,0.118864468864469,0.652197802197802,0.0245421245421245,0.136996336996337
264273.411807,2526366.126422,0.474697469746975,0.015034836817015,0,0.00916758342500917,0.0181518151815182,0.482948294829483
264773.411807,2526366.126422,0.726190476190476,0,0,0,0,0.273809523809524
265273.411807,2526366.126422,0.66007326007326,0,0,0.000366300366300366,0.00164835164835165,0.337912087912088
265773.411807,2526366.126422,0.74954162082875,0.00238357169050238,0,0.000733406674000733,0.00201686835350202,0.245324532453245
266273.411807,2526366.126422,0.659340659340659,0,0,0,0,0.340659340659341
266773.411807,2526366.126422,0.733150183150183,0,0,0,0,0.266849816849817
267273.411807,2526366.126422,0.70993766043271,0,0,0,0,0.29006233956729
267773.411807,2526366.126422,0.695787545787546,0.0032967032967033,0,0,0,0.300915750915751
268273.411807,2526366.126422,0.379487179487179,0.00128205128205128,0,0,0,0.619230769230769
268773.411807,2526366.126422,0.755592225889256,0.000183351668500183,0,0,0,0.244224422442244
269273.411807,2526366.126422,0.184615384615385,0.0935897435897436,0.267399267399267,0.131135531135531,0.0897435897435897,0.233516483516484
263273.411807,2525866.126422,0.00807487612405946,0.00458799779776106,0.136355294549459,0.573132684896311,0.213250137639934,0.0645990089924757
263773.411807,2525866.126422,0.168714469099578,0.00861910874747845,0.00898587933247754,0.301668806161746,0.0309921144324225,0.481019622226297
264273.411807,2525866.126422,0.575590984057174,0.00641378046545721,0,0,0.0120945574491479,0.405900678028221
264773.411807,2525866.126422,0.782345384474215,0.00513855753349238,0,0.000183519911910442,0.00165167920719398,0.210680858873188
265273.411807,2525866.126422,0.72785622593068,0.000733541169998166,0,0,0.00165046763249587,0.269759765266826
265773.411807,2525866.126422,0.511086677661719,0.00989554700384827,0,0.000183250870441635,0.000366501740883269,0.478468022723108
266273.411807,2525866.126422,0.694255826757203,0.00550559735731327,0,0.000917599559552211,0.00679023674068636,0.292530739585245
266773.411807,2525866.126422,0.738125802310655,0,0,0,0,0.261874197689345
267273.411807,2525866.126422,0.772585669781931,0,0,0,0,0.227414330218069
267773.411807,2525866.126422,0.694622866581024,0.00458799779776106,0,0.000367039823820885,0.00422095797394017,0.296201137823454
268273.411807,2525866.126422,0.554006968641115,0.000550155877498625,0,0.000183385292499542,0.00330093526499175,0.441958554923895
268773.411807,2525866.126422,0.60765988638446,0.00146600696353308,0,0.000549752611324904,0.00311526479750779,0.387209089243174
263273.411807,2525366.126422,0.0392660550458716,0.0102752293577982,0.162752293577982,0.751743119266055,0.0148623853211009,0.0211009174311927
263773.411807,2525366.126422,0.145844799119428,0.0504494588148963,0,0.0113740598055403,0.0284351495138507,0.763896532746285
264273.411807,2525366.126422,0.541941391941392,0.00366300366300366,0,0,0.00311355311355311,0.451282051282051
264773.411807,2525366.126422,0.76605504587156,0,0,0,0,0.23394495412844
265273.411807,2525366.126422,0.536231884057971,0.00311869381764814,0,0.00330214639515685,0.00807191341038342,0.449275362318841
265773.411807,2525366.126422,0.523626373626374,0.0333333333333333,0,0.000366300366300366,0.00164835164835165,0.441025641025641
266273.411807,2525366.126422,0.737981651376147,0,0,0,0,0.262018348623853
266773.411807,2525366.126422,0.684828471840029,0,0,0.000183452577508714,0.00440286186020914,0.310585213722253
267273.411807,2525366.126422,0.70952380952381,0,0,0,0,0.29047619047619
267773.411807,2525366.126422,0.74256880733945,0,0,0,0,0.25743119266055
268273.411807,2525366.126422,0.665749403779123,0.00550357732526142,0,0.000183452577508714,0.015410016510732,0.313153549807375
268773.411807,2525366.126422,0.357142857142857,0.0137362637362637,0,0.000183150183150183,0.00347985347985348,0.625457875457875
269273.411807,2525366.126422,0.061651376146789,0.0159633027522936,0.500183486238532,0.142018348623853,0.063302752293578,0.216880733944954
263273.411807,2524866.126422,0.151465201465201,0.0223443223443223,0.0503663003663004,0.515567765567766,0.0184981684981685,0.241758241758242
263773.411807,2524866.126422,0.097985347985348,0.023992673992674,0,0.0565934065934066,0.113553113553114,0.707875457875458
264273.411807,2524866.126422,0.307847451411808,0.000366703337000367,0,0.000916758342500917,0.00476714338100477,0.686101943527686
264773.411807,2524866.126422,0.860989010989011,0,0,0,0,0.139010989010989
265273.411807,2524866.126422,0.61978021978022,0.00549450549450549,0,0.000183150183150183,0.023992673992674,0.350549450549451
265773.411807,2524866.126422,0.794096076274294,0.0267693436010268,0,0.00055005500550055,0.00128346167950128,0.177301063439677
266273.411807,2524866.126422,0.838278388278388,0,0,0,0,0.161721611721612
266773.411807,2524866.126422,0.813369963369963,0,0,0,0,0.186630036630037
267273.411807,2524866.126422,0.737073707370737,0.0011001100110011,0,0,0.00055005500550055,0.261276127612761
267773.411807,2524866.126422,0.468131868131868,0.0010989010989011,0,0,0.0021978021978022,0.528571428571429
268273.411807,2524866.126422,0.54981684981685,0.0188644688644689,0,0,0.00128205128205128,0.43003663003663
268773.411807,2524866.126422,0.273377337733773,0.0155848918225156,0,0,0.00733406674000733,0.703703703703704
269273.411807,2524866.126422,0.284432234432234,0.00714285714285714,0,0.00146520146520147,0.0177655677655678,0.689194139194139
263273.411807,2524366.126422,0.0425766195632226,0.0356028629106258,0.0506514956872821,0.749311800330336,0.0222059093411635,0.0996513121673702
263773.411807,2524366.126422,0.170548322024574,0.0414450761048964,0,0.000916926462497708,0.0135705116449661,0.773519163763066
264273.411807,2524366.126422,0.395088876672164,0.0108118013560564,0,0.00109950522264981,0.0119113065787062,0.581088510170423
264773.411807,2524366.126422,0.464305377133419,0.0699210864378785,0.0034868783262984,0.09543035419343,0.152138006973757,0.214718296935217
265273.411807,2524366.126422,0.483403631028791,0.00623509994498441,0,0.000366770584999083,0.00880249403997799,0.501192004401247
265773.411807,2524366.126422,0.698918819864394,0.00549752611324904,0,0,0,0.295583654022357
266273.411807,2524366.126422,0.628555698293265,0,0,0,0.000367039823820885,0.371077261882914
266773.411807,2524366.126422,0.779754263708051,0.00110031175499725,0,0,0,0.219145424536952
267273.411807,2524366.126422,0.841854498808869,0,0,0,0,0.158145501191131
267773.411807,2524366.126422,0.829510001835199,0,0,0,0,0.170489998164801
268273.411807,2524366.126422,0.781221346048047,0,0,0,0,0.218778653951953
268773.411807,2524366.126422,0.424958768554151,0.011544804837823,0,0,0.00458127176104087,0.558915154846986
269273.411807,2524366.126422,0.22407781244265,0.022389429253074,0,0.0343182235272527,0.0565241328684162,0.662690401908607
269773.411807,2524366.126422,0.0469466348798826,0.101778837337246,0.446909957821383,0.0982945167797543,0.046396479002384,0.259673574179351
263273.411807,2523866.126422,0.0401834862385321,0.0809174311926606,0.0297247706422018,0.714678899082569,0.0269724770642202,0.107522935779817
263773.411807,2523866.126422,0.100532012474775,0.351128233351679,0.00110071546505228,0.239222161071363,0.02568336085122,0.282333516785911
264273.411807,2523866.126422,0.416849816849817,0.0448717948717949,0,0.00915750915750916,0.0547619047619048,0.474358974358974
264773.411807,2523866.126422,0.226422018348624,0.129908256880734,0.00293577981651376,0.061651376146789,0.182935779816514,0.396146788990826
265273.411807,2523866.126422,0.419739497339938,0.010273344340488,0,0.0066042927903137,0.0148596587782058,0.548523206751055
265773.411807,2523866.126422,0.511355311355311,0.00787545787545788,0,0.0010989010989011,0.0104395604395604,0.469230769230769
266273.411807,2523866.126422,0.486605504587156,0,0,0,0,0.513394495412844
266773.411807,2523866.126422,0.799119427627958,0.00091726288754357,0,0,0,0.199963309484498
267273.411807,2523866.126422,0.697802197802198,0,0,0,0,0.302197802197802
267773.411807,2523866.126422,0.790091743119266,0,0,0,0,0.209908256880734
268273.411807,2523866.126422,0.642084021280499,0,0,0,0,0.357915978719501
268773.411807,2523866.126422,0.350915750915751,0.0880952380952381,0,0.000549450549450549,0.01996336996337,0.54047619047619
269273.411807,2523866.126422,0.0823853211009174,0.0856880733944954,0,0.00018348623853211,0.00458715596330275,0.827155963302752
269773.411807,2523866.126422,0.135021097046413,0.0234819299211154,0.026967528893781,0.0759493670886076,0.0537516052100532,0.684828471840029
270273.411807,2523866.126422,0,0.0197802197802198,0.944139194139194,0.0304029304029304,0.00567765567765568,0
263273.411807,2523366.126422,0.0901098901098901,0.039010989010989,0.067032967032967,0.57985347985348,0.0516483516483516,0.172344322344322
263773.411807,2523366.126422,0.108241758241758,0.0181318681318681,0.0908424908424908,0.731501831501831,0.0155677655677656,0.0357142857142857
264273.411807,2523366.126422,0.292079207920792,0.101760176017602,0,0.0143014301430143,0.102310231023102,0.48954895489549
264773.411807,2523366.126422,0.346520146520147,0.0133699633699634,0,0.00164835164835165,0.00567765567765568,0.632783882783883
265273.411807,2523366.126422,0.360989010989011,0.0010989010989011,0,0.00952380952380952,0.0181318681318681,0.61025641025641
265773.411807,2523366.126422,0.431793179317932,0.00476714338100477,0,0,0.00183351668500183,0.561606160616062
266273.411807,2523366.126422,0.793956043956044,0.000183150183150183,0,0,0.00146520146520147,0.204395604395604
266773.411807,2523366.126422,0.775641025641026,0,0,0,0,0.224358974358974
267273.411807,2523366.126422,0.596809680968097,0,0,0,0,0.403190319031903
267773.411807,2523366.126422,0.757692307692308,0,0,0,0,0.242307692307692
268273.411807,2523366.126422,0.444871794871795,0,0,0,0,0.555128205128205
268773.411807,2523366.126422,0.413274660799413,0.0284195086175284,0,0,0,0.558305830583058
269273.411807,2523366.126422,0.106593406593407,0.0978021978021978,0.0010989010989011,0.05,0.127472527472527,0.617032967032967
269773.411807,2523366.126422,0.280586080586081,0.017032967032967,0.00238095238095238,0.00183150183150183,0.0181318681318681,0.68003663003663
263273.411807,2522866.126422,0.271609469627455,0.0844191594788034,0.0295467058175812,0.0467975775371628,0.15342264635713,0.414204441181868
263773.411807,2522866.126422,0.0894920227397763,0.104713002017238,0.059600220062351,0.417018155143957,0.0618008435723455,0.267375756464332
264273.411807,2522866.126422,0.0177753344328386,0.0886934212937511,0.00659703133589885,0.698369067253069,0.14458493677845,0.0439802089059923
264773.411807,2522866.126422,0.400256927876675,0.193062947329785,0.000183519911910442,0.0280785465222977,0.0455129381537897,0.332905120205542
265273.411807,2522866.126422,0.55198973042362,0.00110031175499725,0,0.000550155877498625,0.00366770584999083,0.442692096093893
265773.411807,2522866.126422,0.603261865493861,0.00586402785413231,0,0.00861279091075683,0.0386659336631849,0.343595382078065
266273.411807,2522866.126422,0.860708386859974,0,0,0.000917599559552211,0.00532207744540283,0.133051936135071
266773.411807,2522866.126422,0.733907940583165,0,0,0,0,0.266092059416835
267273.411807,2522866.126422,0.765438885834708,0,0,0,0,0.234561114165292
267773.411807,2522866.126422,0.6889337493118,0.00568911726922371,0,0,0.0113782345384474,0.293998898880529
268273.411807,2522866.126422,0.609389326975976,0,0,0.0097194205024757,0.00788556757748029,0.373005684944067
268773.411807,2522866.126422,0.623785962983324,0.00458127176104087,0,0,0.00146600696353308,0.370166758292102
269273.411807,2522866.126422,0.421361717746375,0.00991007524316388,0,0.16186456230501,0.090475316571848,0.316388328133603
269773.411807,2522866.126422,0.252338162479369,0.00275077938749312,0,0.121584448927196,0.044379240784889,0.578947368421053
270273.411807,2522866.126422,0.0908924317390508,0.0602895363752978,0.262964999083746,0.0976727139453912,0.0712845886017959,0.416895730254719
263273.411807,2522366.126422,0.364036697247706,0.0594495412844037,0.0036697247706422,0.0214678899082569,0.0726605504587156,0.478715596330275
263773.411807,2522366.126422,0.0420106402494955,0.192992111539167,0.129884424876169,0.0445789763346175,0.09557879288204,0.49495505411851
264273.411807,2522366.126422,0.00128205128205128,0.0355311355311355,0.204761904761905,0.668131868131868,0.0021978021978022,0.0880952380952381
264773.411807,2522366.126422,0.18954128440367,0.108256880733945,0.0445871559633028,0.281284403669725,0.0792660550458716,0.297064220183486
265273.411807,2522366.126422,0.592918730508164,0.0126582278481013,0,0.0078884608328747,0.020546688680976,0.365987892129884
265773.411807,2522366.126422,0.667765567765568,0.00750915750915751,0,0,0,0.324725274725275
266273.411807,2522366.126422,0.790275229357798,0,0,0,0.00201834862385321,0.207706422018349
266773.411807,2522366.126422,0.721518987341772,0,0,0,0,0.278481012658228
267273.411807,2522366.126422,0.672161172161172,0,0,0,0,0.327838827838828
267773.411807,2522366.126422,0.681467889908257,0.00055045871559633,0,0,0.00036697247706422,0.317614678899083
268273.411807,2522366.126422,0.549623922216107,0.00311869381764814,0,0.0119244175380664,0.0280682443588332,0.407264722069345
268773.411807,2522366.126422,0.4503663003663,0.013003663003663,0,0.0604395604395604,0.125457875457875,0.350732600732601
269273.411807,2522366.126422,0.176697247706422,0.00440366972477064,0,0.213577981651376,0.0922935779816514,0.51302752293578
269773.411807,2522366.126422,0.512933406714364,0.00110071546505228,0,0.00623738763529628,0.0161438268207668,0.46358466336452
270273.411807,2522366.126422,0.274908424908425,0.0476190476190476,0.0364468864468864,0.0661172161172161,0.0706959706959707,0.504212454212454
263273.411807,2521866.126422,0.124358974358974,0.0741758241758242,0.00164835164835165,0.255311355311355,0.131684981684982,0.412820512820513
263773.411807,2521866.126422,0.0368131868131868,0.239010989010989,0.134798534798535,0.0368131868131868,0.223076923076923,0.329487179487179
264273.411807,2521866.126422,0.017968463513018,0.24954162082875,0.336083608360836,0.141730839750642,0.00531719838650532,0.249358269160249
264773.411807,2521866.126422,0.0884615384615385,0.0457875457875458,0.176373626373626,0.46959706959707,0.0529304029304029,0.166849816849817
265273.411807,2521866.126422,0.660805860805861,0.00586080586080586,0,0.00128205128205128,0.00567765567765568,0.326373626373626
265773.411807,2521866.126422,0.746974697469747,0.0044004400440044,0,0,0,0.248624862486249
266273.411807,2521866.126422,0.765384615384615,0.000732600732600733,0,0.00183150183150183,0.00732600732600733,0.224725274725275
266773.411807,2521866.126422,0.280952380952381,0,0,0,0,0.719047619047619
267273.411807,2521866.126422,0.695269526952695,0.00256692335900257,0,0,0,0.302163549688302
267773.411807,2521866.126422,0.393223443223443,0.00714285714285714,0,0.000732600732600733,0.0228937728937729,0.576007326007326
268273.411807,2521866.126422,0.397069597069597,0.0100732600732601,0,0.0236263736263736,0.0714285714285714,0.497802197802198
268773.411807,2521866.126422,0.187568756875688,0.0154015401540154,0.00146681334800147,0.180784745141181,0.0777411074440777,0.537037037037037
269273.411807,2521866.126422,0.487545787545788,0.00238095238095238,0,0.0717948717948718,0.0271062271062271,0.411172161172161
269773.411807,2521866.126422,0.461904761904762,0.0021978021978022,0,0.00183150183150183,0.0186813186813187,0.515384615384615
270273.411807,2521866.126422,0.464246424642464,0.0104510451045105,0,0.0390539053905391,0.0718738540520719,0.414374770810414
263273.411807,2521366.126422,0.165351440631308,0.0640484492567444,0.000183519911910442,0.171958157460084,0.141493852082951,0.456964580657001
263773.411807,2521366.126422,0.0473134054648817,0.378690629011553,0.0366770584999083,0.0471300201723822,0.106546854942234,0.383642031909041
264273.411807,2521366.126422,0.0575407733186733,0.236943375481034,0.132856881070185,0.0700018325087044,0.066703316840755,0.435953820780649
264773.411807,2521366.126422,0.0899247568361167,0.00587263718113415,0.504312717929895,0.33602495870802,0.0167003119838502,0.0471646173609837
265273.411807,2521366.126422,0.825417201540436,0.0053181734824867,0,0.00861910874747845,0.0174216027874564,0.143223913442142
265773.411807,2521366.126422,0.458860179585853,0.0322521531977277,0,0.0252886201209456,0.0602895363752978,0.423309510720176
266273.411807,2521366.126422,0.707285740502845,0.00110111947146265,0,0.00403743806202973,0.00587263718113415,0.281703064782529
266773.411807,2521366.126422,0.589767100678526,0.00990280579497524,0,0.00275077938749312,0.00238400880249404,0.395195305336512
267273.411807,2521366.126422,0.82059739783764,0.000733003481766538,0,0.00128275609309144,0.00384826827927433,0.173538574308228
267773.411807,2521366.126422,0.440447788585062,0.00917599559552211,0.00220223894292531,0.0143145531290145,0.0425766195632226,0.491282804184254
268273.411807,2521366.126422,0.243352283146892,0.0260407115349349,0,0.0845406198422887,0.0588666788923528,0.587199706583532
268773.411807,2521366.126422,0.0978559648158329,0.0199743448781382,0,0.148616455928166,0.0956569543705333,0.63789628000733
269273.411807,2521366.126422,0.131400256927877,0.0266103872270141,0.109377867498624,0.364837584877959,0.125894659570563,0.241879243897963
269773.411807,2521366.126422,0.212726939299468,0.0231065468549422,0.0995782138272511,0.345497891069136,0.0957271226847607,0.223363286264442
263273.411807,2520866.126422,0.138348623853211,0.0324770642201835,0,0.220366972477064,0.256330275229358,0.352477064220183
263773.411807,2520866.126422,0.131168592918731,0.208402128049899,0.0170610897083104,0.0842047330764997,0.0772335351311686,0.481929921115392
264273.411807,2520866.126422,0.0421245421245421,0.263003663003663,0.0423076923076923,0.05,0.0754578754578755,0.527106227106227
264773.411807,2520866.126422,0.00165137614678899,0.258715596330275,0.553394495412844,0.135963302752294,0.00146788990825688,0.0488073394495413
265273.411807,2520866.126422,0.0440286186020914,0.319390937442671,0.155200880572372,0.102916895982389,0.0343056319941295,0.344157035406347
265773.411807,2520866.126422,0.105860805860806,0.404578754578755,0.00293040293040293,0.00274725274725275,0.0311355311355311,0.452747252747253
266273.411807,2520866.126422,0.644587155963303,0.00513761467889908,0,0.0111926605504587,0.0146788990825688,0.324403669724771
266773.411807,2520866.126422,0.506512566501559,0.0383415886993212,0.000366905155017428,0.0557695835626491,0.0423775454045129,0.35663181067694
267273.411807,2520866.126422,0.356043956043956,0.0141025641025641,0.000183150183150183,0.00750915750915751,0.0684981684981685,0.553663003663004
267773.411807,2520866.126422,0.125321100917431,0.0322935779816514,0.00311926605504587,0.349174311926606,0.234311926605505,0.255779816513761
268273.411807,2520866.126422,0.030820033021464,0.0078884608328747,0,0.297743533296643,0.0631076866629976,0.600440286186021
268773.411807,2520866.126422,0.151098901098901,0.0567765567765568,0.175091575091575,0.367765567765568,0.0822344322344322,0.167032967032967
263273.411807,2520366.126422,0.101098901098901,0.191391941391941,0,0.16025641025641,0.113919413919414,0.433333333333333
263773.411807,2520366.126422,0.0271062271062271,0.413736263736264,0.00512820512820513,0.00531135531135531,0.0468864468864469,0.501831501831502
264273.411807,2520366.126422,0.0348368170150348,0.420975430876421,0.00861752841950862,0.00733406674000733,0.0273193986065273,0.500916758342501
264773.411807,2520366.126422,0.0401098901098901,0.185531135531136,0.181318681318681,0.282417582417582,0.0450549450549451,0.265567765567766
265273.411807,2520366.126422,0,0.0153846153846154,0.659340659340659,0.229120879120879,0.000732600732600733,0.0954212454212454
265773.411807,2520366.126422,0.00898423175650898,0.558122478914558,0,0.000183351668500183,0.00403373670700403,0.428676200953429
266273.411807,2520366.126422,0.182051282051282,0.315201465201465,0,0.116849816849817,0.0681318681318681,0.317765567765568
266773.411807,2520366.126422,0.0734432234432234,0.5496336996337,0.0133699633699634,0.047985347985348,0.0487179487179487,0.266849816849817
267273.411807,2520366.126422,0.0986431976530986,0.369086908690869,0.00311697836450312,0.0438210487715438,0.0507884121745508,0.434543454345435
267773.411807,2520366.126422,0.00805860805860806,0.0166666666666667,0.00402930402930403,0.507142857142857,0.0734432234432234,0.390659340659341
268273.411807,2520366.126422,0.0913919413919414,0.183333333333333,0,0.0891941391941392,0.0346153846153846,0.601465201465201
263273.411807,2519866.126422,0.117819783446504,0.317489447605065,0.000367039823820885,0.0992842723435493,0.0499174160396403,0.41512204074142
263773.411807,2519866.126422,0.158078122134605,0.241151659636897,0,0.0432789290298918,0.0874747845222813,0.470016504676325
264273.411807,2519866.126422,0.166758292101887,0.296683159245006,0.000916254352208173,0.0181418361737218,0.0703683342495877,0.447132123877588
264773.411807,2519866.126422,0.0785465222976693,0.331069921086438,0.0310148651128647,0.0227564690768948,0.046063497889521,0.490548724536612
265273.411807,2519866.126422,0.0669356317623327,0.0106363469649734,0.501375389693747,0.306436823766734,0.0119200440124702,0.102695763799743
265773.411807,2519866.126422,0.0141103170240059,0.208172988821697,0.122045079714129,0.0419644493311343,0.00384826827927433,0.60985889682976
266273.411807,2519866.126422,0.0119287942741787,0.685079831161681,0,0,0.00201871903101487,0.300972655533125
266773.411807,2519866.126422,0.125802310654686,0.463047863561342,0,0.00128369704749679,0.00880249403997799,0.401063634696497
267273.411807,2519866.126422,0.0879604178119846,0.348543155579989,0,0.104452996151732,0.0597397837639729,0.399303646692322
267773.411807,2519866.126422,0.0517526151587447,0.0106441548908057,0.0012846393833731,0.17838135437695,0.076344283354744,0.681592952835383
268273.411807,2519866.126422,0.0573995965523565,0.148358701632129,0.114799193104713,0.194755180634513,0.0559325142123602,0.428754813863928
263273.411807,2519366.126422,0.144954128440367,0.144036697247706,0.0132110091743119,0.222201834862385,0.0728440366972477,0.402752293577982
263773.411807,2519366.126422,0.184553292973766,0.178866263070996,0.002568336085122,0.102549990827371,0.16125481563016,0.370207301412585
264273.411807,2519366.126422,0.124542124542125,0.203296703296703,0.0294871794871795,0.0269230769230769,0.0818681318681319,0.533882783882784
264773.411807,2519366.126422,0.115596330275229,0.296146788990826,0.084954128440367,0.0422018348623853,0.123119266055046,0.337981651376147
265273.411807,2519366.126422,0.239772518803889,0.0484314804623005,0.0920931939093744,0.0271509814712897,0.0458631443771785,0.546688680975968
265773.411807,2519366.126422,0.123809523809524,0.0243589743589744,0.361355311355311,0.28040293040293,0.0161172161172161,0.193956043956044
266273.411807,2519366.126422,0.0941284403669725,0.220550458715596,0.245137614678899,0.0675229357798165,0.00623853211009174,0.366422018348624
266773.411807,2519366.126422,0.00550357732526142,0.608328747018896,0,0.00752155567785727,0.0183452577508714,0.360300862227114
267273.411807,2519366.126422,0.0664835164835165,0.348168498168498,0,0.0641025641025641,0.0635531135531135,0.457692307692308
267773.411807,2519366.126422,0.211559633027523,0.105137614678899,0.00201834862385321,0.116697247706422,0.0895412844036697,0.475045871559633
268273.411807,2519366.126422,0.102366538249862,0.0425609979820216,0.336452027150981,0.246009906439185,0.0414602825169694,0.23115024766098
263273.411807,2518866.126422,0.200732600732601,0.194688644688645,0.000183150183150183,0.127472527472527,0.086996336996337,0.38992673992674
263773.411807,2518866.126422,0.171062271062271,0.0412087912087912,0.00622710622710623,0.322161172161172,0.147802197802198,0.311538461538462
264273.411807,2518866.126422,0.0815914924825816,0.0812247891455812,0.0088008800880088,0.452145214521452,0.132013201320132,0.244224422442244
264773.411807,2518866.126422,0.111904761904762,0.0725274725274725,0.05,0.328937728937729,0.138827838827839,0.297802197802198
265273.411807,2518866.126422,0.228937728937729,0.0857142857142857,0.0512820512820513,0.0617216117216117,0.108974358974359,0.463369963369963
265773.411807,2518866.126422,0.561789512284562,0.0122845617895123,0,0.0135680234690136,0.0166850018335167,0.395672900623396
266273.411807,2518866.126422,0.274358974358974,0.0142857142857143,0.38992673992674,0.0604395604395604,0.023992673992674,0.236996336996337
266773.411807,2518866.126422,0,0.0377289377289377,0.67948717948718,0.0833333333333333,0.0461538461538462,0.153296703296703
267273.411807,2518866.126422,0.0181518151815182,0.0174184085075174,0.326732673267327,0.0720572057205721,0.0421708837550422,0.523469013568023
267773.411807,2518866.126422,0,0.0322344322344322,0.631135531135531,0.200549450549451,0.0243589743589744,0.111721611721612
268273.411807,2518866.126422,0,0.00274725274725275,0.903113553113553,0.086996336996337,0.0021978021978022,0.00494505494505494
263273.411807,2518366.126422,0.123875940539549,0.0189025509267756,0,0.293815378968618,0.133051936135071,0.430354193429987
