"x","y","forest","agri","water","built","other","grass"
161773.411807,2544366.126422,0.0691614420062696,0.0254702194357367,0.647335423197492,0.151645768025078,0.0217476489028213,0.0846394984326019
162273.411807,2544366.126422,0.172156862745098,0.0341176470588235,0.185686274509804,0.128627450980392,0.0658823529411765,0.413529411764706
162773.411807,2544366.126422,0.0817006269592477,0.0699451410658307,0.016653605015674,0.234717868338558,0.161637931034483,0.435344827586207
163273.411807,2544366.126422,0.0354623824451411,0.172413793103448,0.160658307210031,0.20846394984326,0.110109717868339,0.312891849529781
163773.411807,2544366.126422,0.108627450980392,0.159607843137255,0.0635294117647059,0.323921568627451,0.147450980392157,0.196862745098039
164273.411807,2544366.126422,0.0384012539184953,0.0244905956112853,0.202194357366771,0.586402821316614,0.128526645768025,0.0199843260188088
164773.411807,2544366.126422,0.0648510971786834,0.0203761755485893,0.0170454545454545,0.774098746081505,0.101880877742947,0.0217476489028213
165273.411807,2544366.126422,0.0450980392156863,0.0415686274509804,0.057843137254902,0.73,0.0866666666666667,0.0388235294117647
165773.411807,2544366.126422,0.04858934169279,0.0593652037617555,0.0721003134796238,0.663205329153605,0.0691614420062696,0.0875783699059561
166273.411807,2544366.126422,0.119905956112853,0.0407523510971787,0.0530956112852665,0.654780564263323,0.085423197492163,0.0460423197492163
166773.411807,2544366.126422,0.0549019607843137,0.0535294117647059,0.0274509803921569,0.758039215686275,0.0676470588235294,0.0384313725490196
167273.411807,2544366.126422,0.0452586206896552,0.018025078369906,0.007641065830721,0.842084639498433,0.0717084639498433,0.015282131661442
167773.411807,2544366.126422,0.025666144200627,0.00744514106583072,0.000195924764890282,0.905172413793103,0.0542711598746081,0.00724921630094044
168273.411807,2544366.126422,0.0533333333333333,0.0182352941176471,0.00156862745098039,0.814313725490196,0.0923529411764706,0.0201960784313725
168773.411807,2544366.126422,0.0820924764890282,0.0192006269592476,0.00646551724137931,0.79192789968652,0.0799373040752351,0.0203761755485893
169273.411807,2544366.126422,0.0838557993730407,0.0672021943573668,0.00195924764890282,0.677507836990596,0.120689655172414,0.0487852664576802
169773.411807,2544366.126422,0.425686274509804,0.0374509803921569,0,0.176078431372549,0.178039215686275,0.182745098039216
170273.411807,2544366.126422,0.267045454545455,0.0987460815047022,0.00391849529780564,0.202194357366771,0.199647335423197,0.228448275862069
170773.411807,2544366.126422,0.139694357366771,0.0335031347962382,0.00607366771159875,0.710031347962382,0.0677899686520376,0.0429075235109718
171273.411807,2544366.126422,0.0545098039215686,0.037843137254902,0.00490196078431373,0.803529411764706,0.077843137254902,0.0213725490196078
171773.411807,2544366.126422,0.195336990595611,0.0284090909090909,0.00509404388714734,0.554663009404389,0.0756269592476489,0.140869905956113
172273.411807,2544366.126422,0.153605015673981,0.0429075235109718,0,0.533307210031348,0.171826018808777,0.0983542319749216
172773.411807,2544366.126422,0.0984313725490196,0.0588235294117647,0,0.495098039215686,0.160392156862745,0.187254901960784
162273.411807,2543866.126422,0.0896096756459593,0.277258566978193,0.0824628916987356,0.0989554700384827,0.0546087593916071,0.397104636247022
162773.411807,2543866.126422,0.060561570930446,0.141677371994861,0.0614791704899982,0.277665626720499,0.168654799045696,0.289961460818499
163273.411807,2543866.126422,0.0267742527049331,0.037593984962406,0.375573079039061,0.38785989363653,0.0700531817348249,0.102145607922245
163773.411807,2543866.126422,0.097306212204508,0.0648708081363387,0.197544438336082,0.330951072017592,0.098772219168041,0.210555250137438
164273.411807,2543866.126422,0.123325380803817,0.0550559735731327,0.00935951550743256,0.532574784364104,0.144246650761608,0.135437694989906
164773.411807,2543866.126422,0.155694113332111,0.0566660553823583,0.000366770584999083,0.40784889051898,0.0933431138822666,0.286081056299285
165273.411807,2543866.126422,0.0459959684808503,0.0315191497159611,0.00183250870441635,0.813450613890416,0.0608392889866227,0.0463624702217336
165773.411807,2543866.126422,0.0770783630023858,0.0403743806202973,0.000917599559552211,0.671499357680308,0.131767296751698,0.0783630023857589
166273.411807,2543866.126422,0.107280396112232,0.0717036493673207,0.000916926462497708,0.493673207408766,0.166147075004585,0.160278745644599
166773.411807,2543866.126422,0.0711013377313542,0.139087410665201,0.00183250870441635,0.687374015026571,0.05717427157779,0.0434304562946674
167273.411807,2543866.126422,0.0277115066984768,0.0352358230868049,0.129932097632593,0.749311800330336,0.0345017434391632,0.0233070288126262
167773.411807,2543866.126422,0.0214560792224464,0.00825233816247937,0.00293416467999266,0.933064368237667,0.0337428938199156,0.000550155877498625
168273.411807,2543866.126422,0.0335349092908191,0.0207073483599047,0.000549752611324904,0.892614989921202,0.0393989371449514,0.0131940626717977
168773.411807,2543866.126422,0.0370710222059093,0.017434391631492,0.00642319691686548,0.876491099284272,0.0495503762158194,0.0130299137456414
169273.411807,2543866.126422,0.0949935815147625,0.0379607555474051,0.00110031175499725,0.720887584815698,0.113148725472217,0.0319090408949202
169773.411807,2543866.126422,0.170789811251603,0.0364669232178853,0,0.553234377863295,0.164009529045263,0.0754993586219534
170273.411807,2543866.126422,0.317305927693155,0.0480822169205359,0,0.376582859240228,0.151403927326115,0.106625068819967
170773.411807,2543866.126422,0.0432789290298918,0.030808729139923,0.000366770584999083,0.742710434623143,0.0938932697597653,0.0889418668622776
171273.411807,2543866.126422,0.0403151914971596,0.030602895363753,0.000366501740883269,0.772952171522815,0.0568077698369067,0.0989554700384827
171773.411807,2543866.126422,0.175628555698293,0.0585428518994311,0,0.0603780510185355,0.130849697192145,0.574600844191595
172273.411807,2543866.126422,0.205758298184486,0.0452961672473868,0,0.183201907207042,0.17219878965707,0.393544837704016
172773.411807,2543866.126422,0.200842954004032,0.0568077698369067,0,0.263331500824629,0.147700201575957,0.331317573758475
162773.411807,2543366.126422,0.0572477064220183,0.0431192660550459,0.293761467889908,0.396880733944954,0.0411009174311927,0.167889908256881
163273.411807,2543366.126422,0.00715465052283985,0.0277013392038158,0.421207117960007,0.494771601541002,0.0240322876536415,0.0251330031186938
163773.411807,2543366.126422,0.42032967032967,0.0434065934065934,0,0.199084249084249,0.0917582417582418,0.245421245421245
164273.411807,2543366.126422,0.118715596330275,0.114128440366972,0,0.46256880733945,0.128073394495413,0.17651376146789
164773.411807,2543366.126422,0.0636580443955238,0.0805356815263254,0.00513667217024399,0.716015410016511,0.0728306732709595,0.0618235186204366
165273.411807,2543366.126422,0.0694139194139194,0.110989010989011,0.0263736263736264,0.648168498168498,0.0705128205128205,0.0745421245421245
165773.411807,2543366.126422,0.0588990825688073,0.0634862385321101,0.00532110091743119,0.763302752293578,0.0669724770642202,0.0420183486238532
166273.411807,2543366.126422,0.118693817648138,0.0333883691065859,0.00201797835259585,0.575490735644836,0.112272977435333,0.158136121812511
166773.411807,2543366.126422,0.101648351648352,0.0358974358974359,0.0608058608058608,0.603296703296703,0.106593406593407,0.0917582417582418
167273.411807,2543366.126422,0.0462385321100917,0.00954128440366972,0.0115596330275229,0.892660550458716,0.0227522935779817,0.0172477064220183
167773.411807,2543366.126422,0.0537516052100532,0.026967528893781,0.00403595670519171,0.834892680242157,0.0522839845899835,0.0280682443588332
168273.411807,2543366.126422,0.154578754578755,0.0296703296703297,0.00164835164835165,0.62985347985348,0.118498168498168,0.0657509157509158
168773.411807,2543366.126422,0.0726605504587156,0.0102752293577982,0,0.835412844036697,0.0699082568807339,0.011743119266055
169273.411807,2543366.126422,0.104751421757476,0.02568336085122,0.00146762062006971,0.739680792515135,0.109154283617685,0.019262520638415
169773.411807,2543366.126422,0.108058608058608,0.0340659340659341,0.000732600732600733,0.651098901098901,0.150732600732601,0.0553113553113553
170273.411807,2543366.126422,0.0891743119266055,0.0387155963302752,0.0018348623853211,0.656330275229358,0.142752293577982,0.0711926605504587
170773.411807,2543366.126422,0.0253164556962025,0.0108237020730141,0.00091726288754357,0.92588515868648,0.0359567051917079,0.00110071546505228
171273.411807,2543366.126422,0.0490842490842491,0.0481684981684982,0.000915750915750916,0.669047619047619,0.0880952380952381,0.144688644688645
171773.411807,2543366.126422,0.016697247706422,0.0357798165137615,0,0.755779816513761,0.0515596330275229,0.140183486238532
172273.411807,2543366.126422,0.136855622821501,0.028251696936342,0.000366905155017428,0.480278847917813,0.131535498073748,0.222711429095579
172773.411807,2543366.126422,0.155311355311355,0.0413919413919414,0,0.545238095238095,0.138644688644689,0.119413919413919
163273.411807,2542866.126422,0.402564102564103,0.0498168498168498,0.0564102564102564,0.0428571428571429,0.0357142857142857,0.412637362637363
163773.411807,2542866.126422,0.166483314998166,0.0979097909790979,0.284928492849285,0.155482214888155,0.0463879721305464,0.248808214154749
164273.411807,2542866.126422,0.263186813186813,0.0941391941391941,0.0514652014652015,0.272161172161172,0.116849816849817,0.202197802197802
164773.411807,2542866.126422,0.113736263736264,0.137728937728938,0.000549450549450549,0.349450549450549,0.141025641025641,0.257509157509157
165273.411807,2542866.126422,0.11972863953062,0.0689402273560689,0.0196186285295196,0.486065273193986,0.138613861386139,0.167033370003667
165773.411807,2542866.126422,0.133516483516484,0.0531135531135531,0.000732600732600733,0.403296703296703,0.177289377289377,0.232051282051282
166273.411807,2542866.126422,0.0932234432234432,0.0501831501831502,0.0371794871794872,0.469413919413919,0.154761904761905,0.195238095238095
166773.411807,2542866.126422,0.0396039603960396,0.00916758342500917,0.017968463513018,0.886321965529886,0.0320865419875321,0.0148514851485149
167273.411807,2542866.126422,0.226190476190476,0.0161172161172161,0.00201465201465201,0.61025641025641,0.054029304029304,0.0913919413919414
167773.411807,2542866.126422,0.0465201465201465,0.026007326007326,0.00384615384615385,0.81996336996337,0.0787545787545788,0.0249084249084249
168273.411807,2542866.126422,0.198936560322699,0.0385038503850385,0.000366703337000367,0.532453245324532,0.128162816281628,0.101576824349102
168773.411807,2542866.126422,0.265201465201465,0.0485347985347985,0.000183150183150183,0.325091575091575,0.256776556776557,0.104212454212454
169273.411807,2542866.126422,0.0315018315018315,0.019047619047619,0.0032967032967033,0.868131868131868,0.056043956043956,0.021978021978022
169773.411807,2542866.126422,0.0975430876420975,0.028969563623029,0.000183351668500183,0.775760909424276,0.0674734140080675,0.0300696736340301
170273.411807,2542866.126422,0.0703296703296703,0.0331501831501832,0,0.784065934065934,0.0712454212454212,0.0412087912087912
170773.411807,2542866.126422,0.0238095238095238,0.00897435897435897,0.000732600732600733,0.933516483516484,0.0269230769230769,0.00604395604395604
171273.411807,2542866.126422,0.041987532086542,0.0264026402640264,0,0.856068940227356,0.0562889622295563,0.0192519251925193
171773.411807,2542866.126422,0.0192307692307692,0.0128205128205128,0.000732600732600733,0.89029304029304,0.0578754578754579,0.019047619047619
172273.411807,2542866.126422,0.0509157509157509,0.0476190476190476,0,0.712454212454212,0.136813186813187,0.0521978021978022
172773.411807,2542866.126422,0.143381004767143,0.0452878621195453,0.000366703337000367,0.557755775577558,0.12981298129813,0.123395672900623
163773.411807,2542366.126422,0.478101520982225,0.0322521531977277,0.101887483965549,0.0395821880153931,0.0712845886017959,0.27689206523731
164273.411807,2542366.126422,0.257478436410351,0.0216553496054322,0.60157827124243,0.0383556615892824,0.00880895577170123,0.0721233253808038
164773.411807,2542366.126422,0.271593618191821,0.111131487254722,0.0441958554923895,0.0843572345497891,0.0557491289198606,0.432972675591418
165273.411807,2542366.126422,0.144768187648891,0.0896096756459593,0.143851933296683,0.321971779365952,0.0615722924683892,0.238226131574125
165773.411807,2542366.126422,0.185355111029547,0.0447788585061479,0.063497889521013,0.486511286474582,0.0967149935768031,0.123141860891907
166273.411807,2542366.126422,0.0392444525949019,0.0276911791674308,0.0168714469099578,0.814597469282964,0.0871080139372822,0.0144874381074638
166773.411807,2542366.126422,0.0555250137438153,0.0159428257284222,0.00586402785413231,0.870808136338648,0.042147700201576,0.00971229613340663
167273.411807,2542366.126422,0.0247751881079097,0.00844191594788034,0.00330335841438796,0.934483391447972,0.0247751881079097,0.00422095797394017
167773.411807,2542366.126422,0.0986612873647534,0.0317256556024207,0.00165046763249587,0.734641481753163,0.0926095727122685,0.0407115349348982
168273.411807,2542366.126422,0.152281473336998,0.0764156129741616,0,0.441084845153014,0.173172072567345,0.157045995968481
168773.411807,2542366.126422,0.0985501926959075,0.028629106258029,0.000367039823820885,0.663057441732428,0.126261699394384,0.0831345200954303
169273.411807,2542366.126422,0.124335228314689,0.0432789290298918,0.00421786172748946,0.670456629378324,0.119017054832202,0.0386942967174033
169773.411807,2542366.126422,0.0868609125893348,0.0359171706065604,0,0.671431189298149,0.149166208539491,0.0566245189664651
170273.411807,2542366.126422,0.0838685997430721,0.0372545421178198,0.000550559735731327,0.701596623233621,0.129932097632593,0.0467975775371628
170773.411807,2542366.126422,0.0319090408949202,0.0128369704749679,0.0053181734824867,0.88813497157528,0.0496974142673758,0.0121034293049697
171273.411807,2542366.126422,0.0634048011728056,0.0174088326919553,0.000733003481766538,0.828110683525747,0.0663368150998717,0.0240058640278541
171773.411807,2542366.126422,0.0546889337493118,0.0297302257294917,0,0.799045696458066,0.0847861993026243,0.0317489447605065
172273.411807,2542366.126422,0.116266275444709,0.0302585732624244,0,0.493489822116266,0.174216027874564,0.185769301302036
172773.411807,2542366.126422,0.149166208539491,0.0712845886017959,0,0.543522081729888,0.136888400219901,0.0991387209089243
163773.411807,2541866.126422,0.435164835164835,0.0668498168498168,0.000183150183150183,0.0465201465201465,0.101282051282051,0.35
164273.411807,2541866.126422,0.268623853211009,0.0286238532110092,0.417614678899083,0.0275229357798165,0.0774311926605505,0.180183486238532
164773.411807,2541866.126422,0,0,0.994679875252247,0.00532012474775271,0,0
165273.411807,2541866.126422,0.00256410256410256,0.000915750915750916,0.771245421245421,0.221062271062271,0.00384615384615385,0.000366300366300366
165773.411807,2541866.126422,0.0154128440366972,0.00807339449541284,0.00256880733944954,0.891743119266055,0.0803669724770642,0.0018348623853211
166273.411807,2541866.126422,0.128049899101082,0.0277013392038158,0.00421940928270042,0.620986974866997,0.107319757842598,0.111722619702807
166773.411807,2541866.126422,0.0532967032967033,0.0142857142857143,0.0010989010989011,0.839010989010989,0.0710622710622711,0.0212454212454212
167273.411807,2541866.126422,0.0256880733944954,0.0119266055045872,0.00165137614678899,0.898715596330275,0.0563302752293578,0.00568807339449541
167773.411807,2541866.126422,0.0656760227481196,0.0599889928453495,0,0.6947349110255,0.114290955787929,0.0653091175931022
168273.411807,2541866.126422,0.357692307692308,0.0496336996336996,0,0.268864468864469,0.154395604395604,0.169413919413919
168773.411807,2541866.126422,0.292660550458716,0.0506422018348624,0,0.175963302752294,0.173394495412844,0.307339449541284
169273.411807,2541866.126422,0.138506696019079,0.0403595670519171,0,0.594386351128233,0.15831957439002,0.0684278114107503
169773.411807,2541866.126422,0.123443223443223,0.0274725274725275,0,0.57014652014652,0.161538461538462,0.117399267399267
170273.411807,2541866.126422,0.0590825688073394,0.0139449541284404,0.00165137614678899,0.84954128440367,0.0475229357798165,0.028256880733945
170773.411807,2541866.126422,0.029535864978903,0.0117409649605577,0.000366905155017428,0.898000366905155,0.0447624289121262,0.0155934690882407
171273.411807,2541866.126422,0.0952380952380952,0.0388278388278388,0.000732600732600733,0.70989010989011,0.0899267399267399,0.0653846153846154
171773.411807,2541866.126422,0.0853211009174312,0.0515596330275229,0,0.651743119266055,0.104587155963303,0.106788990825688
172273.411807,2541866.126422,0.254999082737112,0.0554026784076316,0,0.28820399926619,0.177582095028435,0.223812144560631
172773.411807,2541866.126422,0.0673992673992674,0.0926739926739927,0.000183150183150183,0.616849816849817,0.130952380952381,0.0919413919413919
163273.411807,2541366.126422,0,0.0624542124542125,0.786263736263736,0.0954212454212454,0.00512820512820513,0.0507326007326007
163773.411807,2541366.126422,0.0473047304730473,0.0896589658965897,0.258159149248258,0.0203520352035204,0.0099009900990099,0.574624129079575
164273.411807,2541366.126422,0.0794871794871795,0.0639194139194139,0.428571428571429,0.0983516483516483,0.0401098901098901,0.28956043956044
164773.411807,2541366.126422,0,0,0.905860805860806,0.093956043956044,0.000183150183150183,0
165273.411807,2541366.126422,0.0135680234690136,0.0128346167950128,0.370737073707371,0.537587092042538,0.0548221488815548,0.0104510451045105
165773.411807,2541366.126422,0.0179487179487179,0.019047619047619,0.0122710622710623,0.866117216117216,0.0811355311355311,0.00347985347985348
166273.411807,2541366.126422,0.0516483516483516,0.0294871794871795,0.0010989010989011,0.715750915750916,0.114285714285714,0.0877289377289377
166773.411807,2541366.126422,0.0502383571690502,0.0188852218555189,0,0.794279427942794,0.114228089475614,0.0223689035570224
167273.411807,2541366.126422,0.0241758241758242,0.0186813186813187,0.00128205128205128,0.788461538461538,0.116483516483516,0.0509157509157509
167773.411807,2541366.126422,0.129304029304029,0.171611721611722,0,0.0591575091575092,0.0628205128205128,0.577106227106227
168273.411807,2541366.126422,0.424092409240924,0.0154015401540154,0,0.0616061606160616,0.0608727539420609,0.438027136046938
168773.411807,2541366.126422,0.136446886446886,0.0223443223443223,0.000183150183150183,0.48974358974359,0.145054945054945,0.206227106227106
169273.411807,2541366.126422,0.0223443223443223,0.00714285714285714,0.0010989010989011,0.889010989010989,0.0717948717948718,0.00860805860805861
169773.411807,2541366.126422,0.044004400440044,0.05995599559956,0.000183351668500183,0.521268793546021,0.0779244591125779,0.296662999633297
170273.411807,2541366.126422,0.257326007326007,0.0423076923076923,0,0.211721611721612,0.121245421245421,0.367399267399267
170773.411807,2541366.126422,0.0188644688644689,0.00989010989010989,0.0010989010989011,0.91025641025641,0.0509157509157509,0.00897435897435897
171273.411807,2541366.126422,0.0203520352035204,0.0124679134580125,0,0.906674000733407,0.0284195086175284,0.0320865419875321
171773.411807,2541366.126422,0.0813186813186813,0.0509157509157509,0.000915750915750916,0.616666666666667,0.101282051282051,0.148901098901099
172273.411807,2541366.126422,0.195238095238095,0.0525641025641026,0,0.413736263736264,0.151282051282051,0.187179487179487
172773.411807,2541366.126422,0.0883755042170884,0.121378804547121,0,0.539420608727539,0.113678034470114,0.137147048038137
162773.411807,2540866.126422,0,0,0.942558267572032,0.0574417324279684,0,0
163273.411807,2540866.126422,0,0,0.974509444342564,0.0249403997799376,0.000550155877498625,0
163773.411807,2540866.126422,0,0,1,0,0,0
164273.411807,2540866.126422,0.0484492567443568,0.0497338961277299,0.385575334923839,0.234905487245366,0.0489998164800881,0.23233620847862
164773.411807,2540866.126422,0.0262240968274344,0.0509811113148725,0.286081056299285,0.46414817531634,0.0232899321474418,0.149275628094627
165273.411807,2540866.126422,0.0588235294117647,0.0322521531977277,0.0186915887850467,0.72640645043064,0.0852116547553601,0.0786146234194612
165773.411807,2540866.126422,0.0418425399155808,0.0412919801798495,0.000550559735731327,0.804551293815379,0.082583960359699,0.0291796659937603
166273.411807,2540866.126422,0.141573445809646,0.070786722904823,0.000366770584999083,0.59581881533101,0.110764716669723,0.0806895286997983
166773.411807,2540866.126422,0.0754993586219534,0.0575407733186733,0.00201575957485798,0.621770203408466,0.156496243357156,0.0866776617188932
167273.411807,2540866.126422,0.0359699027344467,0.012846393833731,0,0.852817030647825,0.0554230133969536,0.0429436593870435
167773.411807,2540866.126422,0.167064001467082,0.233816247936915,0,0.16779754263708,0.0926095727122685,0.338712635246653
168273.411807,2540866.126422,0.123877588418545,0.172255818215137,0,0.0934579439252336,0.0758658603628367,0.534542789078248
168773.411807,2540866.126422,0.0739585244999082,0.0697375665259681,0,0.1950816663608,0.155624885300055,0.505597357313268
169273.411807,2540866.126422,0.0471300201723822,0.00806895286997983,0,0.815147625160462,0.0405281496423987,0.0891252521547772
169773.411807,2540866.126422,0.0395821880153931,0.0454462158695254,0,0.316474253252703,0.0809968847352025,0.517500458127176
170273.411807,2540866.126422,0.430354193429987,0.0456964580657001,0,0.012846393833731,0.102220590934116,0.408882363736465
170773.411807,2540866.126422,0.0452961672473868,0.0181551439574546,0.000366770584999083,0.658536585365854,0.114615807812213,0.163029525032092
171273.411807,2540866.126422,0.0155763239875389,0.0146600696353308,0,0.901960784313726,0.0494777350192413,0.0183250870441635
171773.411807,2540866.126422,0.166269040190861,0.0726738851165352,0,0.471829693521747,0.134887135254175,0.154340245916682
172273.411807,2540866.126422,0.486521181001284,0.004401247019989,0,0.00843572345497891,0.053181734824867,0.447460113698881
172773.411807,2540866.126422,0.0696353307678211,0.295583654022357,0.0267546270844787,0.0192413413963716,0.0269378779549203,0.561847168774052
162773.411807,2540366.126422,0,0,0.96954128440367,0.0304587155963303,0,0
163273.411807,2540366.126422,0,0,0.952118877270226,0.0478811227297744,0,0
164773.411807,2540366.126422,0.115024766097964,0.0680609062557329,0,0.17116125481563,0.157952669235003,0.487800403595671
165273.411807,2540366.126422,0.0184981684981685,0.247802197802198,0.0487179487179487,0.210622710622711,0.0853479853479854,0.389010989010989
165773.411807,2540366.126422,0.038348623853211,0.132293577981651,0.162385321100917,0.453577981651376,0.0554128440366972,0.157981651376147
166273.411807,2540366.126422,0.0687947165657677,0.0454962392221611,0.0669601907906806,0.547055586130985,0.0961291506145661,0.175564116675839
166773.411807,2540366.126422,0.0677655677655678,0.0373626373626374,0.0228937728937729,0.734798534798535,0.0983516483516483,0.0388278388278388
167273.411807,2540366.126422,0.0269724770642202,0.00954128440366972,0.0398165137614679,0.853211009174312,0.0477064220183486,0.0227522935779817
167773.411807,2540366.126422,0.265822784810127,0.0588882773802972,0,0.0616400660429279,0.136305265088975,0.477343606677674
168273.411807,2540366.126422,0.0897435897435897,0.0620879120879121,0,0.100915750915751,0.0576923076923077,0.68956043956044
168773.411807,2540366.126422,0.00165137614678899,0.0603669724770642,0,0.151743119266055,0.0873394495412844,0.698899082568807
169273.411807,2540366.126422,0.15831957439002,0.0280682443588332,0,0.00293524124013942,0.0656760227481196,0.745000917262888
169773.411807,2540366.126422,0.117765567765568,0.0961538461538462,0,0.165750915750916,0.160805860805861,0.45952380952381
170273.411807,2540366.126422,0.258165137614679,0.0678899082568807,0.00935779816513761,0.167522935779817,0.240366972477064,0.256697247706422
170773.411807,2540366.126422,0.0825536598789213,0.0227481196110805,0.000366905155017428,0.332599523023298,0.103283801137406,0.458447991194276
171273.411807,2540366.126422,0.0263736263736264,0.0111721611721612,0,0.847069597069597,0.063003663003663,0.0523809523809524
171773.411807,2540366.126422,0.19394495412844,0.0574311926605505,0,0.209357798165138,0.166605504587156,0.372660550458716
172273.411807,2540366.126422,0.115758576407999,0.163823151715282,0,0.157035406347459,0.194459732159237,0.368923133370024
172773.411807,2540366.126422,0.0804029304029304,0.101465201465201,0,0.0344322344322344,0.080952380952381,0.702747252747253
164773.411807,2539866.126422,0.0282051282051282,0.0783882783882784,0,0.105128205128205,0.0886446886446886,0.6996336996337
165273.411807,2539866.126422,0.0293362669600293,0.181518151815182,0.0687568756875688,0.247708104143748,0.143197653098643,0.329482948294829
165773.411807,2539866.126422,0.0362637362637363,0.111172161172161,0.340842490842491,0.291208791208791,0.0714285714285714,0.149084249084249
166273.411807,2539866.126422,0.0472527472527473,0.0793040293040293,0.284798534798535,0.204212454212454,0.0815018315018315,0.302930402930403
166773.411807,2539866.126422,0.162999633296663,0.0304363769710304,0.022002200220022,0.343967730106344,0.0836083608360836,0.356985698569857
167273.411807,2539866.126422,0.0860805860805861,0.0485347985347985,0.000366300366300366,0.455128205128205,0.206227106227106,0.203663003663004
167773.411807,2539866.126422,0.138278388278388,0.0553113553113553,0,0.000549450549450549,0.132600732600733,0.673260073260073
168273.411807,2539866.126422,0.0705903923725706,0.104877154382105,0,0,0.0672900623395673,0.757242390905757
168773.411807,2539866.126422,0.00402930402930403,0.211172161172161,0,0.00531135531135531,0.091025641025641,0.688461538461538
169273.411807,2539866.126422,0.199450549450549,0.0686813186813187,0,0.0706959706959707,0.253479853479853,0.407692307692308
169773.411807,2539866.126422,0.122662266226623,0.0795746241290796,0,0.244774477447745,0.158965896589659,0.394022735606894
170273.411807,2539866.126422,0.224175824175824,0.0901098901098901,0,0.0435897435897436,0.108791208791209,0.533333333333333
170773.411807,2539866.126422,0.071978021978022,0.0338827838827839,0,0.456227106227106,0.254212454212454,0.183699633699634
171273.411807,2539866.126422,0.0792079207920792,0.0566556655665567,0,0.245691235790246,0.120828749541621,0.497616428309498
171773.411807,2539866.126422,0.320512820512821,0.095970695970696,0,0.0353479853479853,0.142673992673993,0.405494505494505
172273.411807,2539866.126422,0.14981684981685,0.0558608058608059,0,0.120879120879121,0.195970695970696,0.477472527472527
172773.411807,2539866.126422,0.103960396039604,0.12962962962963,0.000366703337000367,0.0751741840850752,0.147414741474147,0.543454345434543
165273.411807,2539366.126422,0.0307861462341946,0.174821330401319,0.120212571009712,0.131024372365769,0.113798790544255,0.42935678944475
165773.411807,2539366.126422,0.0266103872270141,0.178197834465039,0.342631675536796,0.152688566709488,0.0420260598274913,0.257845476234171
166273.411807,2539366.126422,0.101962222629745,0.128369704749679,0.34403080872914,0.10819732257473,0.0561158995048597,0.261324041811847
166773.411807,2539366.126422,0.250687190764156,0.0159428257284222,0,0.0280373831775701,0.0604727872457394,0.644859813084112
167273.411807,2539366.126422,0.216553496054322,0.0497338961277299,0,0.0311983850247752,0.151587447238025,0.550926775555148
167773.411807,2539366.126422,0.114065651934715,0.0764716669723088,0,0.0152209792774619,0.148358701632129,0.645883000183385
168273.411807,2539366.126422,0.0628550485614807,0.0775151181968114,0,0,0.107751511819681,0.751878321422027
168773.411807,2539366.126422,0.000917599559552211,0.098733712607818,0,0.0124793540099101,0.272710589098917,0.615158744723802
169273.411807,2539366.126422,0.234733174399413,0.0401613790573996,0,0.0808729139922978,0.370071520264075,0.274161012286815
169773.411807,2539366.126422,0.18050210738501,0.0350009162543522,0,0.450247388675096,0.164009529045263,0.170240058640279
170273.411807,2539366.126422,0.421361717746375,0.0300972655533125,0,0.065149568728207,0.115617544503579,0.367773903468526
170773.411807,2539366.126422,0.419402163946451,0.0260407115349349,0,0.0460297084173849,0.129836787089675,0.378690629011553
171273.411807,2539366.126422,0.555799890049478,0.0403151914971596,0,0.066703316840755,0.119846069268829,0.217335532343779
171773.411807,2539366.126422,0.501009359515507,0.098733712607818,0,0.00165167920719398,0.0332171040557901,0.365388144613691
172273.411807,2539366.126422,0.118283513662204,0.0594168347698515,0,0.101962222629745,0.124335228314689,0.59600220062351
172773.411807,2539366.126422,0.0771486164559282,0.0736668499175371,0,0.149715961150815,0.201575957485798,0.497892614989921
165273.411807,2538866.126422,0.0212454212454212,0.202564102564103,0.0435897435897436,0.0769230769230769,0.0675824175824176,0.588095238095238
165773.411807,2538866.126422,0.00495412844036697,0.165504587155963,0.140550458715596,0.181651376146789,0.0754128440366972,0.431926605504587
166273.411807,2538866.126422,0.0403595670519171,0.110988809392772,0.137222527976518,0.217574756925335,0.0583379196477711,0.435516419005687
166773.411807,2538866.126422,0.200732600732601,0.0672161172161172,0,0.0510989010989011,0.164652014652015,0.516300366300366
167273.411807,2538866.126422,0.235045871559633,0.0471559633027523,0,0.0370642201834862,0.0774311926605505,0.603302752293578
167773.411807,2538866.126422,0.155017427994863,0.138690148596588,0,0.0687947165657677,0.144927536231884,0.492570170610897
168273.411807,2538866.126422,0.0694139194139194,0.0412087912087912,0,0,0.0935897435897436,0.795787545787546
168773.411807,2538866.126422,0.0018348623853211,0.237798165137615,0,0.0196330275229358,0.144954128440367,0.595779816513761
169273.411807,2538866.126422,0.091726288754357,0.0605393505778756,0,0.36525408181985,0.238304898183819,0.244175380664098
169773.411807,2538866.126422,0.043040293040293,0.0241758241758242,0,0.611172161172161,0.194871794871795,0.126739926739927
170273.411807,2538866.126422,0.302201834862385,0.0222018348623853,0,0.013394495412844,0.0396330275229358,0.62256880733945
170773.411807,2538866.126422,0.611447440836544,0.0818198495688864,0,0,0.00238488350761328,0.304347826086957
171273.411807,2538866.126422,0.59029304029304,0.0186813186813187,0,0,0.0108058608058608,0.38021978021978
171773.411807,2538866.126422,0.295596330275229,0.0640366972477064,0,0,0.0423853211009174,0.597981651376147
172273.411807,2538866.126422,0.0460465969546872,0.201430930104568,0,0.0078884608328747,0.0610897083104018,0.683544303797468
172773.411807,2538866.126422,0.0851648351648352,0.22985347985348,0,0.08003663003663,0.111172161172161,0.493772893772894
165273.411807,2538366.126422,0.0066006600660066,0.166850018335167,0.166483314998166,0.145947928126146,0.0573890722405574,0.456729006233957
165773.411807,2538366.126422,0.0197802197802198,0.131318681318681,0.0388278388278388,0.494139194139194,0.0613553113553114,0.254578754578755
166273.411807,2538366.126422,0.164285714285714,0.067032967032967,0.039010989010989,0.0593406593406593,0.125091575091575,0.545238095238095
166773.411807,2538366.126422,0.245324532453245,0.0320865419875321,0,0.0196186285295196,0.107627429409608,0.595342867620095
167273.411807,2538366.126422,0.179304029304029,0.0935897435897436,0,0.0538461538461538,0.167032967032967,0.506227106227106
167773.411807,2538366.126422,0.297435897435897,0.0558608058608059,0,0.0010989010989011,0.0661172161172161,0.57948717948718
168273.411807,2538366.126422,0.0227356068940227,0.218738540520719,0,0,0.101943527686102,0.656582324899157
168773.411807,2538366.126422,0,0.158424908424908,0,0.0100732600732601,0.162637362637363,0.668864468864469
169273.411807,2538366.126422,0.148717948717949,0.1,0,0.0318681318681319,0.084981684981685,0.634432234432234
169773.411807,2538366.126422,0.265126512651265,0.0474880821415475,0,0.0251191785845251,0.118445177851118,0.543821048771544
170273.411807,2538366.126422,0.273992673992674,0.0457875457875458,0,0.0798534798534798,0.171794871794872,0.428571428571429
170773.411807,2538366.126422,0.246886446886447,0.0274725274725275,0,0,0.0124542124542125,0.713186813186813
171273.411807,2538366.126422,0.56032269893656,0.0155848918225156,0,0.000733406674000733,0.0513384671800513,0.372020535386872
171773.411807,2538366.126422,0.521978021978022,0.00641025641025641,0,0,0.00164835164835165,0.46996336996337
172273.411807,2538366.126422,0.0338827838827839,0.243406593406593,0,0.0360805860805861,0.0443223443223443,0.642307692307692
172773.411807,2538366.126422,0.374037403740374,0.118628529519619,0,0.0361202786945361,0.0737073707370737,0.397506417308398
165773.411807,2537866.126422,0.0222059093411635,0.057258212516058,0.0130299137456414,0.517159111763626,0.144980730409249,0.245366122224261
166273.411807,2537866.126422,0.128553090042179,0.0559325142123602,0,0.198422886484504,0.149092242802127,0.46799926645883
166773.411807,2537866.126422,0.243906908557816,0.0483782297965915,0,0.0604727872457394,0.144401685908008,0.502840388491845
167273.411807,2537866.126422,0.22829877041659,0.0561570930445953,0,0.0754266837951918,0.198935584510919,0.441181868232703
167773.411807,2537866.126422,0.116816431322208,0.110214560792224,0,0.0649183935448377,0.140839904639648,0.567210709701082
168273.411807,2537866.126422,0.0437969580355507,0.12332783580722,0,0.0053142752428074,0.121678577973245,0.705882352941177
168773.411807,2537866.126422,0,0.0567076527803267,0,0.00862543585979079,0.121490181684713,0.81317672967517
169273.411807,2537866.126422,0.131120484137172,0.0386942967174033,0,0.0097194205024757,0.0753713552173116,0.745094443425637
169773.411807,2537866.126422,0.154480483782298,0.0885101704233095,0,0.0047645226314825,0.0520432472054242,0.700201575957486
170273.411807,2537866.126422,0.0967149935768031,0.13286841622316,0,0.0334006239677005,0.209579739401725,0.527436226830611
170773.411807,2537866.126422,0.282963506326793,0.035209976159912,0,0.00110031175499725,0.165780304419586,0.514945901338713
171273.411807,2537866.126422,0.342862378596298,0.053142752428074,0,0.00934579439252336,0.285688107018508,0.308960967564596
171773.411807,2537866.126422,0.240961644338411,0.0664342081115801,0.000367039823820885,0.0726738851165352,0.143879610937787,0.475683611671866
172273.411807,2537866.126422,0.123785072437191,0.102145607922245,0.00110031175499725,0.138272510544654,0.205758298184486,0.428938199156428
172773.411807,2537866.126422,0.0776983690672531,0.100604727872457,0,0.241341396371633,0.171889316474253,0.408466190214404
165773.411807,2537366.126422,0.0460550458715596,0.100550458715596,0.00055045871559633,0.212477064220183,0.115779816513761,0.524587155963303
166273.411807,2537366.126422,0.0880572372041827,0.0676940011007155,0.002568336085122,0.254632177582095,0.153182902219776,0.433865345808109
166773.411807,2537366.126422,0.128388278388278,0.0974358974358974,0,0.178205128205128,0.18021978021978,0.415750915750916
167273.411807,2537366.126422,0.135045871559633,0.146238532110092,0,0.056697247706422,0.134678899082569,0.527339449541284
167773.411807,2537366.126422,0.0902586681342873,0.0974133186571271,0,0.00495321959273528,0.0849385433865346,0.722436250229316
168273.411807,2537366.126422,0.0413919413919414,0.102930402930403,0,0.0305860805860806,0.0776556776556777,0.747435897435897
168773.411807,2537366.126422,0.00495412844036697,0.261467889908257,0,0.0357798165137615,0.199633027522936,0.498165137614679
169273.411807,2537366.126422,0.211704274445056,0.0306365804439552,0,0.001284168042561,0.0561364887176665,0.700238488350761
169773.411807,2537366.126422,0.2496336996337,0.00750915750915751,0,0,0.0282051282051282,0.714652014652015
170273.411807,2537366.126422,0.209724770642202,0.0576146788990826,0.0818348623853211,0.0390825688073395,0.147522935779817,0.464220183486239
170773.411807,2537366.126422,0.246927169326729,0.0726472206934507,0.00880572372041827,0.0383415886993212,0.239222161071363,0.394056136488718
171273.411807,2537366.126422,0.394322344322344,0.0543956043956044,0.000732600732600733,0.0468864468864469,0.0978021978021978,0.405860805860806
171773.411807,2537366.126422,0.226422018348624,0.131192660550459,0,0.066605504587156,0.139082568807339,0.436697247706422
172273.411807,2537366.126422,0.0860392588515869,0.0873234268941479,0,0.104567969179967,0.180884241423592,0.541185103650706
172773.411807,2537366.126422,0.056043956043956,0.0564102564102564,0,0.486446886446886,0.201831501831502,0.199267399267399
165773.411807,2536866.126422,0.030952380952381,0.0395604395604396,0.000183150183150183,0.539194139194139,0.173443223443223,0.216666666666667
166273.411807,2536866.126422,0.0503663003663004,0.15952380952381,0.000183150183150183,0.233882783882784,0.116300366300366,0.43974358974359
166773.411807,2536866.126422,0.101393472680601,0.132746607994133,0.00953428676200953,0.183535020168684,0.177117711771177,0.395672900623396
167273.411807,2536866.126422,0.155677655677656,0.116666666666667,0,0.056043956043956,0.0615384615384615,0.61007326007326
167773.411807,2536866.126422,0.0705128205128205,0.176373626373626,0,0.0415750915750916,0.0763736263736264,0.635164835164835
168273.411807,2536866.126422,0.0630729739640631,0.197286395306197,0.00513384671800513,0.00971763843050972,0.0265859919325266,0.698203153648698
168773.411807,2536866.126422,0.0316849816849817,0.221978021978022,0.0470695970695971,0.00402930402930403,0.00787545787545788,0.687362637362637
169273.411807,2536866.126422,0.113003663003663,0.0835164835164835,0.0741758241758242,0.215018315018315,0.105128205128205,0.409157509157509
169773.411807,2536866.126422,0.316098276494316,0.0885588558855886,0.0328199486615328,0.0117345067840117,0.100843417675101,0.44994499449945
170273.411807,2536866.126422,0.341208791208791,0.0543956043956044,0.00146520146520147,0.00750915750915751,0.161355311355311,0.434065934065934
170773.411807,2536866.126422,0.315018315018315,0.0564102564102564,0.0163003663003663,0.0617216117216117,0.158424908424908,0.392124542124542
171273.411807,2536866.126422,0.0663733039970664,0.133296662999633,0.130729739640631,0.131463146314631,0.270627062706271,0.267510084341767
171773.411807,2536866.126422,0.0567765567765568,0.185897435897436,0.171794871794872,0.197619047619048,0.114835164835165,0.273076923076923
172273.411807,2536866.126422,0.0952380952380952,0.272710622710623,0,0,0.00256410256410256,0.629487179487179
172773.411807,2536866.126422,0.0190685735240191,0.0546387972130546,0,0.771177117711771,0.0562889622295563,0.0988265493215988
165773.411807,2536366.126422,0.0750596439713709,0.0805652413286842,0.0356028629106258,0.36942558267572,0.183152872086621,0.256193797026977
166273.411807,2536366.126422,0.00641848523748395,0.00843572345497891,0,0.885384192187787,0.0865578580597836,0.013203741059967
166773.411807,2536366.126422,0.0866776617188932,0.103353490929082,0.00568077698369067,0.283855598314092,0.169690306028954,0.350742166025289
167273.411807,2536366.126422,0.151770967149936,0.118553863094146,0.034868783262984,0.219122774821068,0.125711139658653,0.349972472013213
167773.411807,2536366.126422,0.0610673024023473,0.359251788006602,0.13607188703466,0.18815331010453,0.0713368787823217,0.18411883366954
168273.411807,2536366.126422,0.0419644493311343,0.293934396188382,0.0621220450797141,0.100971229613341,0.0822796408282939,0.418728238959135
168773.411807,2536366.126422,0.0824004404477886,0.141860891906772,0.026977427050835,0.108276748027161,0.0978161130482657,0.542668379519178
169273.411807,2536366.126422,0.0174216027874564,0.117916743077205,0.194388410049514,0.533651201173666,0.0964606638547588,0.0401613790573996
169773.411807,2536366.126422,0.124793842770753,0.112882536192047,0.113982041414697,0.194978926149899,0.115814550119113,0.337548103353491
170273.411807,2536366.126422,0.0968985134887135,0.080932281152505,0.0133969535694623,0.291246100201872,0.162782161864562,0.354743989722885
170773.411807,2536366.126422,0.134238034109664,0.0379607555474051,0.0106363469649734,0.453878598936365,0.131303869429672,0.23198239501192
