"x","y","forest","agri","water","built","other","grass"
170773.411807,2637866.126422,0,0,0.949183636030086,0.0508163639699138,0,0
171273.411807,2637866.126422,0,0,0.865750915750916,0.134249084249084,0,0
171773.411807,2637866.126422,0,0,0.478899082568807,0.521100917431193,0,0
173273.411807,2637866.126422,0,0.0132110091743119,0.296697247706422,0.689908256880734,0.00018348623853211,0
170773.411807,2637366.126422,0,0,0.731868131868132,0.268131868131868,0,0
171273.411807,2637366.126422,0,0,0.512284561789512,0.487715438210488,0,0
171773.411807,2637366.126422,0,0,0.416300366300366,0.583699633699634,0,0
172273.411807,2637366.126422,0,0,0.00641025641025641,0.993589743589744,0,0
172773.411807,2637366.126422,0,0,0.0359369270260359,0.964063072973964,0,0
173273.411807,2637366.126422,0,0.028021978021978,0.513186813186813,0.450732600732601,0.00201465201465201,0.00604395604395604
170773.411807,2636866.126422,0,0.0441958554923895,0.483403631028791,0.463231248853842,0,0.00916926462497708
171273.411807,2636866.126422,0,0.00934579439252336,0.294300897929265,0.689573025471871,0.00238226131574125,0.00439802089059923
171773.411807,2636866.126422,0,0.183152872086621,0.0594604514589833,0.608184988071206,0.0233070288126262,0.125894659570563
172273.411807,2636866.126422,0,0.34384742343664,0.0717036493673207,0.501742160278746,0,0.0827067669172932
172773.411807,2636866.126422,0,0.539307311709731,0.00568077698369067,0.444566611691406,0.000183250870441635,0.0102620487447315
173273.411807,2636866.126422,0,0.381170857037989,0.307762892273812,0.197650945127546,0.000550559735731327,0.112864745824922
170773.411807,2636366.126422,0.000366905155017428,0.192441753806641,0.709778022381214,0.072463768115942,0.00201797835259585,0.0229315721885892
171273.411807,2636366.126422,0,0.205677655677656,0.224725274725275,0.528571428571429,0.000549450549450549,0.0404761904761905
171773.411807,2636366.126422,0.00018348623853211,0.154311926605505,0.42605504587156,0.388990825688073,0.00256880733944954,0.0278899082568807
172273.411807,2636366.126422,0,0.110071546505228,0.679691799669785,0.135388002201431,0.00421940928270042,0.0706292423408549
172773.411807,2636366.126422,0,0.262271062271062,0.548534798534799,0.0304029304029304,0.00293040293040293,0.155860805860806
173273.411807,2636366.126422,0,0.0706422018348624,0.00330275229357798,0.00825688073394495,0.0135779816513761,0.904220183486239
170273.411807,2635866.126422,0,0,1,0,0,0
170773.411807,2635866.126422,0,0.121062271062271,0.65989010989011,0.182234432234432,0.000183150183150183,0.0366300366300366
171273.411807,2635866.126422,0.0297029702970297,0.257792445911258,0.473414008067473,0.124129079574624,0,0.114961496149615
171773.411807,2635866.126422,0.0613553113553114,0.232783882783883,0.511355311355311,0.0139194139194139,0,0.180586080586081
172273.411807,2635866.126422,0,0.306043956043956,0.536630036630037,0.138644688644689,0,0.0186813186813187
172773.411807,2635866.126422,0,0.300696736340301,0.374587458745875,0.0869086908690869,0.017968463513018,0.21983865053172
173273.411807,2635866.126422,0,0.0188644688644689,0,0,0,0.981135531135531
169273.411807,2635366.126422,0.222996515679443,0.0482303319273794,0.0680359435173299,0.295800476801761,0.0223730056849441,0.342563726389144
169773.411807,2635366.126422,0.169873556899395,0.0214403518416712,0.388675096206707,0.047645226314825,0.0208905992303463,0.351475169507055
170273.411807,2635366.126422,0.0690034868783263,0.0341347036153423,0.65975408331804,0.0328500642319692,0.00403743806202973,0.200220223894293
170773.411807,2635366.126422,0.00513478818998716,0.116266275444709,0.695030258573262,0.08399046396479,0.0188886851274528,0.0806895286997983
171273.411807,2635366.126422,0.0108118013560564,0.23877588418545,0.568077698369067,0.0344511636430273,0.00513102437236577,0.142752428074033
171773.411807,2635366.126422,0.248669480638649,0.130666177280235,0.129748577720683,0.0266103872270141,0.0293631859056708,0.434942191227748
172273.411807,2635366.126422,0.822116266275445,0.0643682376673391,0.0458463231248854,0.000733541169998166,0,0.0669356317623327
172773.411807,2635366.126422,0.569360454462159,0.121312076232362,0.0743998533993036,0.0654205607476635,0.00458127176104087,0.164925783397471
173273.411807,2635366.126422,0.352358230868049,0.243163883281336,0.00752431638832813,0.00660671682877592,0,0.390346852633511
167773.411807,2634866.126422,0.00293524124013942,0.017978352595854,0.733443404879839,0.0713630526508897,0.0172445422858191,0.157035406347459
168273.411807,2634866.126422,0.122161172161172,0.103846153846154,0.0615384615384615,0.267582417582418,0.0534798534798535,0.391391941391941
168773.411807,2634866.126422,0.044954128440367,0.195229357798165,0.0422018348623853,0.507522935779817,0.119082568807339,0.0910091743119266
169273.411807,2634866.126422,0.00238488350761328,0.0122913226930838,0.105485232067511,0.842781141075032,0.0361401577692167,0.00091726288754357
169773.411807,2634866.126422,0.000183150183150183,0.00769230769230769,0.0532967032967033,0.912820512820513,0.026007326007326,0
170273.411807,2634866.126422,0.0689908256880734,0.135963302752294,0.147155963302752,0.444220183486239,0.0884403669724771,0.115229357798165
170773.411807,2634866.126422,0.129517519721152,0.0933773619519354,0.394056136488718,0.107136305265089,0.0152265639332233,0.260686112639883
171273.411807,2634866.126422,0.0408424908424908,0.076007326007326,0.120879120879121,0.551465201465202,0.0663003663003663,0.144505494505494
171773.411807,2634866.126422,0.346422018348624,0.0858715596330275,0.0348623853211009,0.044954128440367,0.0278899082568807,0.46
172273.411807,2634866.126422,0.642267473858008,0.0678774536782242,0.0498991010823702,0,0.00238488350761328,0.237571087873785
172773.411807,2634866.126422,0.489194139194139,0.143223443223443,0.103663003663004,0.000549450549450549,0.0289377289377289,0.234432234432234
173273.411807,2634866.126422,0.956880733944954,0,0,0,0,0.0431192660550459
167273.411807,2634366.126422,0.0536630036630037,0.140842490842491,0.0681318681318681,0.532967032967033,0.0168498168498168,0.187545787545788
167773.411807,2634366.126422,0.0994505494505494,0.0769230769230769,0.0340659340659341,0.0695970695970696,0.0468864468864469,0.673076923076923
168273.411807,2634366.126422,0.00165016501650165,0.160616061606161,0.000183351668500183,0.0344701136780345,0.0168683535020169,0.786211954528786
168773.411807,2634366.126422,0.00567765567765568,0.0631868131868132,0.124725274725275,0.727289377289377,0.0291208791208791,0.05
169273.411807,2634366.126422,0.000915750915750916,0.0351648351648352,0.328571428571429,0.608058608058608,0.0261904761904762,0.0010989010989011
169773.411807,2634366.126422,0.0033003300330033,0.0715071507150715,0.238540520718739,0.642464246424643,0.0386872020535387,0.0055005500550055
170273.411807,2634366.126422,0.00750915750915751,0.0668498168498168,0.291941391941392,0.563736263736264,0.0441391941391941,0.0258241758241758
170773.411807,2634366.126422,0.00457875457875458,0.0373626373626374,0.323626373626374,0.592857142857143,0.0228937728937729,0.0186813186813187
171273.411807,2634366.126422,0.122662266226623,0.0685735240190686,0.00971763843050972,0.290612394572791,0.0320865419875321,0.476347634763476
171773.411807,2634366.126422,0.358241758241758,0.0205128205128205,0.00183150183150183,0,0.000915750915750916,0.618498168498169
172273.411807,2634366.126422,0.0250915750915751,0.354578754578755,0.187912087912088,0.00952380952380952,0.0247252747252747,0.398168498168498
172773.411807,2634366.126422,0.0337367070040337,0.228089475614228,0.168500183351668,0.044004400440044,0.0390539053905391,0.486615328199487
173273.411807,2634366.126422,0.508974358974359,0.125091575091575,0.0265567765567766,0,0.000549450549450549,0.338827838827839
166773.411807,2633866.126422,0,0.049660985889683,0.5695437053326,0.362470221733553,0.00787978742899029,0.0104452996151732
167273.411807,2633866.126422,0.000734079647641769,0.114883464855937,0.541383740135805,0.2864745824922,0.00972655533125344,0.0467975775371628
167773.411807,2633866.126422,0.0166880616174583,0.226664221529433,0.0537318907023657,0.401797175866495,0.0607005318173482,0.240418118466899
168273.411807,2633866.126422,0.0124610591900312,0.122411581455012,0.146600696353308,0.378229796591534,0.0207073483599047,0.319589518050211
168773.411807,2633866.126422,0.0187190310148651,0.336759038355662,0.0679023674068636,0.416590200036704,0.02073775004588,0.139291613140026
169273.411807,2633866.126422,0.000183385292499542,0.0324591967724189,0.321474417751696,0.596735741793508,0.0229231615624427,0.0262240968274344
169773.411807,2633866.126422,0.00293201392706615,0.0388491845336265,0.280190580905259,0.643210555250137,0.0216236027121129,0.0131940626717977
170273.411807,2633866.126422,0.00146815929528354,0.0141310332171041,0.313635529454946,0.643787850981832,0.0231235089007157,0.00385391815011929
170773.411807,2633866.126422,0.108564093159729,0.0827067669172932,0.19603887768201,0.374839537869063,0.0808729139922978,0.156977810379608
171273.411807,2633866.126422,0.247022173355323,0,0,0,0,0.752977826644677
171773.411807,2633866.126422,0.279500825839604,0.18260231235089,0.051018535511103,0,0.00146815929528354,0.48541016700312
172273.411807,2633866.126422,0.00861910874747845,0.373555840821566,0.181551439574546,0.015587749862461,0.0427287731523932,0.377957087841555
172773.411807,2633866.126422,0.0641378046545721,0.195528678761224,0.122961334066337,0.00861279091075683,0.0566245189664651,0.552134872640645
173273.411807,2633866.126422,0.0805652413286842,0.110846026793907,0.0310148651128647,0.0550559735731327,0.00935951550743256,0.713158377683979
166273.411807,2633366.126422,0.0119244175380664,0.155567785727389,0.138139790864062,0.551641900568703,0.00898917629792699,0.133736929003853
166773.411807,2633366.126422,0.0148351648351648,0.102380952380952,0.334432234432234,0.478388278388278,0.0146520146520147,0.0553113553113553
167273.411807,2633366.126422,0.00330275229357798,0.0998165137614679,0.180183486238532,0.621467889908257,0.0346788990825688,0.0605504587155963
167773.411807,2633366.126422,0.00476976701522656,0.0854889011190607,0.154833975417355,0.66336452027151,0.0442120711796001,0.0473307649972482
168273.411807,2633366.126422,0.00164835164835165,0.0183150183150183,0.204945054945055,0.76996336996337,0.00402930402930403,0.0010989010989011
168773.411807,2633366.126422,0.00018348623853211,0.0227522935779817,0.728440366972477,0.220366972477064,0.0247706422018349,0.00348623853211009
169273.411807,2633366.126422,0.000733810310034856,0.0420106402494955,0.363603008622271,0.523757108787378,0.0487983856173179,0.0210970464135021
169773.411807,2633366.126422,0.00750915750915751,0.0168498168498168,0.318315018315018,0.62967032967033,0.0252747252747253,0.00238095238095238
170273.411807,2633366.126422,0.0451376146788991,0.0943119266055046,0.191009174311927,0.504954128440367,0.0629357798165138,0.101651376146789
170773.411807,2633366.126422,0.348743349844065,0.0632911392405063,0.00770500825536599,0.190056870299028,0.078884608328747,0.311319024032288
171273.411807,2633366.126422,0.241208791208791,0.0985347985347985,0.0783882783882784,0.000549450549450549,0.00402930402930403,0.577289377289377
171773.411807,2633366.126422,0.0102752293577982,0.353577981651376,0.294678899082569,0.0557798165137615,0.0256880733944954,0.26
172273.411807,2633366.126422,0.00642084021280499,0.320124747752706,0.126215373325995,0.105118326912493,0.0409099247844432,0.401210787011557
172773.411807,2633366.126422,0.0694139194139194,0.207692307692308,0.078021978021978,0.0115384615384615,0.0635531135531135,0.56978021978022
173273.411807,2633366.126422,0.0655045871559633,0.122385321100917,0.0372477064220183,0.114495412844037,0.132844036697248,0.527522935779816
167273.411807,2632866.126422,0.0172161172161172,0.0703296703296703,0.0212454212454212,0.532417582417582,0.104212454212454,0.254578754578755
167773.411807,2632866.126422,0.0565934065934066,0.0706959706959707,0.111721611721612,0.575091575091575,0.103479853479853,0.0824175824175824
168273.411807,2632866.126422,0.0315364869820315,0.0966263292995966,0.210671067106711,0.624495782911624,0.0135680234690136,0.0231023102310231
168773.411807,2632866.126422,0.000915750915750916,0.0494505494505494,0.296520146520147,0.624542124542125,0.0269230769230769,0.00164835164835165
169273.411807,2632866.126422,0.000366300366300366,0.00164835164835165,0.831684981684982,0.163369963369963,0.00293040293040293,0
169773.411807,2632866.126422,0.0177851118445178,0.0436376971030436,0.284378437843784,0.581408140814081,0.0649064906490649,0.00788412174550788
170273.411807,2632866.126422,0.142124542124542,0.105494505494505,0.101648351648352,0.222161172161172,0.11959706959707,0.308974358974359
170773.411807,2632866.126422,0.461355311355311,0.0375457875457875,0,0.00769230769230769,0.0327838827838828,0.460622710622711
171273.411807,2632866.126422,0.044004400440044,0.2004033736707,0.190869086908691,0.275577557755776,0.0451045104510451,0.244041070773744
171773.411807,2632866.126422,0.0258241758241758,0.264652014652015,0.093956043956044,0.195054945054945,0.0794871794871795,0.341025641025641
172273.411807,2632866.126422,0.0545787545787546,0.192124542124542,0.0205128205128205,0.364102564102564,0.103846153846154,0.264835164835165
172773.411807,2632866.126422,0.0647231389805647,0.0597726439310598,0.00055005500550055,0.258159149248258,0.124495782911624,0.492299229922992
173273.411807,2632866.126422,0.060989010989011,0.137362637362637,0,0.223992673992674,0.134981684981685,0.442673992673993
166773.411807,2632366.126422,0.00348176653839106,0.0546087593916071,0.116730804471321,0.792010262048745,0.0267546270844787,0.00641378046545721
167273.411807,2632366.126422,0.00587263718113415,0.0776289227381171,0.102037071022206,0.673885116535144,0.097082033400624,0.0434942191227748
167773.411807,2632366.126422,0.00495140289748762,0.180817898404548,0.0405281496423987,0.491105813313772,0.0607005318173482,0.221896203924445
168273.411807,2632366.126422,0.0670698185816383,0.290452629649991,0.0199743448781382,0.299065420560748,0.0219901044529962,0.301447681876489
168773.411807,2632366.126422,0.0502844558634612,0.164066801247935,0.0273444668746559,0.419526518627271,0.073040924940356,0.26573683244632
169273.411807,2632366.126422,0.0254905556574363,0.0342930496974143,0.279295800476802,0.612690262240968,0.015587749862461,0.0326425820649184
169773.411807,2632366.126422,0.279091075682609,0.0786146234194612,0.0886934212937511,0.291368884002199,0.0769653655854865,0.185266630016493
170273.411807,2632366.126422,0.0442282987704166,0.125160579922922,0.287759221875574,0.137456414020921,0.0394567810607451,0.365938704349422
170773.411807,2632366.126422,0.0594168347698515,0.237300568494407,0.29213277095177,0.123051531267192,0.0133871263524665,0.274711168164313
171273.411807,2632366.126422,0.0155763239875389,0.242990654205607,0.353674179952355,0.24665567161444,0.0452629649990837,0.0958402052409749
171773.411807,2632366.126422,0.034868783262984,0.26133235456047,0.158377683978712,0.159111763626353,0.0568911726922371,0.329418241879244
172273.411807,2632366.126422,0.0614340729873464,0.205574912891986,0.0467632495873831,0.173665871997066,0.149459013387126,0.363102879149092
172773.411807,2632366.126422,0.0593732820230896,0.208722741433022,0.0954737035000916,0.151731720725673,0.184533626534726,0.300164925783397
173273.411807,2632366.126422,0.0394567810607451,0.183519911910442,0.0192695907505964,0.393833730959809,0.1493852082951,0.214534777023307
166773.411807,2631866.126422,0.0119047619047619,0.104029304029304,0.0622710622710623,0.612087912087912,0.0586080586080586,0.151098901098901
167273.411807,2631866.126422,0.0108256880733945,0.0937614678899083,0.0684403669724771,0.616697247706422,0.096697247706422,0.113577981651376
167773.411807,2631866.126422,0,0.190240322876536,0.0851219959640433,0.469455145844799,0.181618051733627,0.0735644835809943
168273.411807,2631866.126422,0.00164835164835165,0.267216117216117,0.0606227106227106,0.383150183150183,0.0663003663003663,0.221062271062271
168773.411807,2631866.126422,0.0141284403669725,0.118715596330275,0.168623853211009,0.519633027522936,0.066605504587156,0.112293577981651
169273.411807,2631866.126422,0.15116492386718,0.0447624289121262,0.20546688680976,0.493854338653458,0.0407264722069345,0.0640249495505412
169773.411807,2631866.126422,0.05,0.0347985347985348,0.373626373626374,0.187545787545788,0.0276556776556777,0.326373626373626
170273.411807,2631866.126422,0.0190825688073394,0.157798165137615,0.411009174311927,0.0434862385321101,0.00642201834862385,0.362201834862385
170773.411807,2631866.126422,0.0185287103283801,0.176481379563383,0.722986607961842,0.0598055402678408,0.00238488350761328,0.0198128783709411
171273.411807,2631866.126422,0.00293040293040293,0.279304029304029,0.318498168498168,0.043040293040293,0.0443223443223443,0.311904761904762
171773.411807,2631866.126422,0.0611009174311927,0.236880733944954,0.170642201834862,0.0746788990825688,0.0544954128440367,0.402201834862385
172273.411807,2631866.126422,0.0550357732526142,0.0959456980370574,0.0146762062006971,0.521372225279765,0.173729590900752,0.139240506329114
172773.411807,2631866.126422,0.0613553113553114,0.166849816849817,0.147802197802198,0.192673992673993,0.151282051282051,0.28003663003663
173273.411807,2631866.126422,0.0521100917431193,0.0851376146788991,0.112660550458716,0.279266055045872,0.164587155963303,0.306238532110092
166273.411807,2631366.126422,0.00402930402930403,0.0168498168498168,0,0.978388278388278,0.000732600732600733,0
166773.411807,2631366.126422,0.0254858819215255,0.0691235790245691,0.050971763843051,0.769343601026769,0.035020168683535,0.0500550055005501
167273.411807,2631366.126422,0.0032967032967033,0.123809523809524,0.0285714285714286,0.611355311355311,0.119413919413919,0.113553113553114
167773.411807,2631366.126422,0.00293040293040293,0.307326007326007,0.103846153846154,0.336080586080586,0.080952380952381,0.168864468864469
168273.411807,2631366.126422,0.00916758342500917,0.174917491749175,0.0953428676200953,0.527319398606527,0.0493215988265493,0.143931059772644
168773.411807,2631366.126422,0.0254578754578755,0.043040293040293,0.0904761904761905,0.743223443223443,0.0254578754578755,0.0723443223443224
169273.411807,2631366.126422,0.0487179487179487,0.0617216117216117,0.326556776556777,0.260805860805861,0.0311355311355311,0.271062271062271
169773.411807,2631366.126422,0.0302530253025303,0.0997433076640997,0.258342500916758,0.00201686835350202,0.000183351668500183,0.609460946094609
170273.411807,2631366.126422,0.00641025641025641,0.161172161172161,0.715567765567766,0.0926739926739927,0.00293040293040293,0.0212454212454212
170773.411807,2631366.126422,0.0104395604395604,0.245421245421245,0.649450549450549,0.0443223443223443,0.00695970695970696,0.0434065934065934
171273.411807,2631366.126422,0.0163182984965163,0.325265859919325,0.234873487348735,0.221488815548222,0.0317198386505317,0.17033370003667
171773.411807,2631366.126422,0.00879120879120879,0.276007326007326,0.366849816849817,0.119230769230769,0.0684981684981685,0.160622710622711
172273.411807,2631366.126422,0.0261904761904762,0.127106227106227,0.152197802197802,0.241025641025641,0.2,0.253479853479853
172773.411807,2631366.126422,0.0099009900990099,0.163182984965163,0.083975064173084,0.285111844517785,0.196736340300697,0.261092775944261
173273.411807,2631366.126422,0.030952380952381,0.132967032967033,0.111355311355311,0.203663003663004,0.220512820512821,0.300549450549451
166273.411807,2630866.126422,0.00733541169998166,0.0282413350449294,0.0997615991197506,0.820282413350449,0.0232899321474418,0.0210893086374473
166773.411807,2630866.126422,0.0733003481766538,0.087777166941543,0.229613340663368,0.451346893897746,0.0320689023272861,0.125893347993403
167273.411807,2630866.126422,0.0915764360433107,0.089190677188475,0.138924573316205,0.310332171040558,0.102954670581758,0.267021471829694
167773.411807,2630866.126422,0.0104529616724739,0.267192371171832,0.0812396845772969,0.281129653401797,0.0898587933247754,0.270126535851825
168273.411807,2630866.126422,0.0100787978742899,0.0951072017592084,0.0302363936228697,0.257100971229613,0.0601062855048561,0.547370350009163
169273.411807,2630866.126422,0.0022006235099945,0.143223913442142,0.371171832019072,0.111498257839721,0.00165046763249587,0.370254905556574
169773.411807,2630866.126422,0.00109950522264981,0.134139637163277,0.763789628000733,0.0775151181968114,0.00733003481766538,0.0161260765988638
170273.411807,2630866.126422,0.00587263718113415,0.249770600110112,0.588915397320609,0.031932464672417,0.0247751881079097,0.098733712607818
170773.411807,2630866.126422,0,0.108930863744728,0.809095910507977,0.0570328259673574,0.00275077938749312,0.0221896203924445
171273.411807,2630866.126422,0.0185083379146051,0.164559281656588,0.517500458127176,0.125160344511636,0.0293201392706615,0.144951438519333
171773.411807,2630866.126422,0.0332171040557901,0.302624334740319,0.150302807854652,0.187924389796293,0.0559735731326849,0.269957790420261
172273.411807,2630866.126422,0.0265908674124335,0.342563726389144,0.0629011553273428,0.137538969374656,0.0957271226847607,0.334678158811663
172773.411807,2630866.126422,0.0311526479750779,0.198643943558732,0.0597397837639729,0.179952354773685,0.202675462708448,0.327835807220084
173273.411807,2630866.126422,0.0706551660855203,0.0655166085520279,0.146999449440264,0.226463571297486,0.157276564507249,0.333088640117453
165773.411807,2630366.126422,0.0055045871559633,0.114128440366972,0.024954128440367,0.77394495412844,0.0521100917431193,0.0293577981651376
166273.411807,2630366.126422,0.0078884608328747,0.10988809392772,0.169877086773069,0.639882590350394,0.0199963309484498,0.0524674371674922
166773.411807,2630366.126422,0.000915750915750916,0.0490842490842491,0.233516483516484,0.651465201465201,0.017032967032967,0.047985347985348
167273.411807,2630366.126422,0.00752293577981651,0.179266055045872,0.160183486238532,0.368623853211009,0.104770642201835,0.179633027522936
167773.411807,2630366.126422,0.0467804072647221,0.0278847917813245,0.23390203632361,0.589066226380481,0.0278847917813245,0.0744817464685379
168273.411807,2630366.126422,0.0443223443223443,0.0358974358974359,0.21996336996337,0.223992673992674,0.058974358974359,0.416849816849817
168773.411807,2630366.126422,0,0.0524770642201835,0.259816513761468,0.103119266055046,0.00146788990825688,0.583119266055046
169273.411807,2630366.126422,0,0.165841130067877,0.682627040909925,0.0144927536231884,0.000733810310034856,0.136305265088975
169773.411807,2630366.126422,0.0124542124542125,0.206227106227106,0.667032967032967,0.0205128205128205,0.019047619047619,0.0747252747252747
170273.411807,2630366.126422,0.00201834862385321,0.181467889908257,0.742018348623853,0.0440366972477064,0.0135779816513761,0.0168807339449541
170773.411807,2630366.126422,0.0161438268207668,0.390020179783526,0.262337185837461,0.0121078701155751,0.0315538433314988,0.287837094111172
171273.411807,2630366.126422,0.0217948717948718,0.325091575091575,0.113553113553114,0.054029304029304,0.0357142857142857,0.44981684981685
171773.411807,2630366.126422,0.0205504587155963,0.251926605504587,0.123853211009174,0.14954128440367,0.076697247706422,0.37743119266055
172273.411807,2630366.126422,0.0638414969730325,0.22399559713814,0.0590717299578059,0.221060355898,0.128049899101082,0.303980920931939
172773.411807,2630366.126422,0.0584249084249084,0.129304029304029,0.000915750915750916,0.095970695970696,0.223992673992674,0.491391941391941
173273.411807,2630366.126422,0.0735779816513761,0.272293577981651,0,0.191376146788991,0.156330275229358,0.306422018348624
164773.411807,2629866.126422,0,0.0043956043956044,0.934432234432234,0.0611721611721612,0,0
165273.411807,2629866.126422,0.00843417675100843,0.0458379171250458,0,0.767876787678768,0.0119178584525119,0.165933259992666
165773.411807,2629866.126422,0.0214285714285714,0.0503663003663004,0.134981684981685,0.587179487179487,0.0331501831501832,0.172893772893773
166273.411807,2629866.126422,0.00128205128205128,0.0120879120879121,0.318864468864469,0.649084249084249,0.0186813186813187,0
166773.411807,2629866.126422,0.00201686835350202,0.0157682434910158,0.460762742940961,0.488815548221489,0.0326365969930326,0
167273.411807,2629866.126422,0.00750915750915751,0.0373626373626374,0.386080586080586,0.561172161172161,0.00366300366300366,0.00421245421245421
167773.411807,2629866.126422,0.0287545787545788,0.0906593406593407,0.221794871794872,0.450549450549451,0.0490842490842491,0.159157509157509
168773.411807,2629866.126422,0.000183150183150183,0.126373626373626,0.722527472527473,0.0778388278388278,0.00274725274725275,0.0703296703296703
169273.411807,2629866.126422,0.00824175824175824,0.220879120879121,0.661538461538462,0.0564102564102564,0.0137362637362637,0.0391941391941392
169773.411807,2629866.126422,0.00183351668500183,0.158415841584158,0.782361569490282,0.0317198386505317,0.00513384671800513,0.0205353868720205
170273.411807,2629866.126422,0.0340659340659341,0.322893772893773,0.454395604395604,0.039010989010989,0.034981684981685,0.114652014652015
170773.411807,2629866.126422,0.00476190476190476,0.341208791208791,0.437912087912088,0.0142857142857143,0.0441391941391941,0.157692307692308
171273.411807,2629866.126422,0.0231023102310231,0.202970297029703,0.0658232489915658,0.166116611661166,0.180784745141181,0.361202786945361
171773.411807,2629866.126422,0.039010989010989,0.170879120879121,0.0217948717948718,0.215750915750916,0.125274725274725,0.427289377289377
172273.411807,2629866.126422,0.0468864468864469,0.188278388278388,0.0181318681318681,0.158974358974359,0.122344322344322,0.465384615384615
172773.411807,2629866.126422,0.177301063439677,0.184451778511184,0,0.0348368170150348,0.120828749541621,0.482581591492483
173273.411807,2629866.126422,0.146153846153846,0.135897435897436,0.0032967032967033,0.100732600732601,0.206959706959707,0.406959706959707
165273.411807,2629366.126422,0.00256551218618288,0.0491112332783581,0,0.0177753344328386,0.0373831775700935,0.893164742532527
165773.411807,2629366.126422,0,0.0436777390346853,0.243530923105157,0.481923288676821,0.0122958340979996,0.218572215085337
166273.411807,2629366.126422,0.00238400880249404,0.0911424903722722,0.154777186869613,0.735008252338162,0.0139372822299652,0.00275077938749312
166773.411807,2629366.126422,0.0130108118013561,0.122778083195895,0.177570093457944,0.568260949239509,0.0637713029136888,0.0546087593916071
167273.411807,2629366.126422,0.000183519911910442,0.0750596439713709,0.192879427417875,0.608735547806937,0.0234905487245366,0.0996513121673702
167773.411807,2629366.126422,0.0269576379974326,0.100861910874748,0.410232899321474,0.203190904089492,0.0553823583348615,0.203374289381992
168273.411807,2629366.126422,0,0.326003298515668,0.0459959684808503,0.0681693238042881,0.0197910940076965,0.540040315191497
168773.411807,2629366.126422,0.00165167920719398,0.0701046063497889,0.700679023674069,0.224628372178381,0.00275279867865663,0.000183519911910442
169273.411807,2629366.126422,0.00311754997249221,0.124701998899688,0.625527232715936,0.156794425087108,0.0317256556024207,0.0581331377223547
169773.411807,2629366.126422,0.0119113065787062,0.135239142385926,0.589884551951622,0.144401685908008,0.0428807036833425,0.0756826094923951
170273.411807,2629366.126422,0.0139475133051936,0.168838318957607,0.547439897228849,0.143696091025876,0.052303174894476,0.0737750045879978
170773.411807,2629366.126422,0.00770218228498074,0.371355217311572,0.211259856959472,0.0682193288098294,0.0610673024023473,0.280396112231799
171273.411807,2629366.126422,0.0201575957485798,0.274143302180685,0.151914971596115,0.17152281473337,0.189114898295767,0.193146417445483
171773.411807,2629366.126422,0.0209212699577904,0.3567627087539,0.0847861993026243,0.193246467241696,0.107359148467609,0.236924206276381
172273.411807,2629366.126422,0.0801393728222996,0.245369521364387,0.0269576379974326,0.122684760682193,0.075187969924812,0.449660737208876
172773.411807,2629366.126422,0.0879604178119846,0.225581821513652,0.00494777350192413,0.0359171706065604,0.0965732087227414,0.549019607843137
173273.411807,2629366.126422,0.169388878693338,0.0895577170122958,0,0.0919434758671316,0.12020554230134,0.528904386125895
165273.411807,2628866.126422,0.0395604395604396,0.0641025641025641,0.278571428571429,0.249450549450549,0.0512820512820513,0.317032967032967
165773.411807,2628866.126422,0.00128440366972477,0.0229357798165138,0.411009174311927,0.548256880733945,0.00862385321100917,0.00788990825688073
166273.411807,2628866.126422,0.00898917629792699,0.0546688680975968,0.224362502293157,0.591451109888094,0.0317372959090075,0.0887910475142176
166773.411807,2628866.126422,0.0316849816849817,0.172893772893773,0.0291208791208791,0.318315018315018,0.0644688644688645,0.383516483516484
167273.411807,2628866.126422,0.0359633027522936,0.0394495412844037,0.329357798165138,0.0284403669724771,0.0495412844036697,0.517247706422018
168773.411807,2628866.126422,0,0.0939449541284404,0.328623853211009,0.552844036697248,0.0122935779816514,0.0122935779816514
169273.411807,2628866.126422,0.00110071546505228,0.0909924784443221,0.747936158503027,0.151531829022198,0.00220143093010457,0.00623738763529628
169773.411807,2628866.126422,0.0043956043956044,0.117032967032967,0.728571428571429,0.0948717948717949,0.0172161172161172,0.0379120879120879
170273.411807,2628866.126422,0,0.168990825688073,0.68348623853211,0.110642201834862,0.0165137614678899,0.0203669724770642
170773.411807,2628866.126422,0.0104567969179967,0.181801504311136,0.54925701706109,0.137405980554027,0.0511832691249312,0.06989543203082
171273.411807,2628866.126422,0.0223443223443223,0.146336996336996,0.138095238095238,0.256776556776557,0.146336996336996,0.29010989010989
171773.411807,2628866.126422,0.0904587155963303,0.159449541284404,0.0919266055045872,0.157981651376147,0.114128440366972,0.38605504587156
172273.411807,2628866.126422,0.0412768299394606,0.568519537699505,0.0159603742432581,0.081452944413869,0.0344890845716382,0.258301229132269
172773.411807,2628866.126422,0.0708791208791209,0.268315018315018,0,0.026007326007326,0.0597069597069597,0.575091575091575
173273.411807,2628866.126422,0.186605504587156,0.21302752293578,0,0.0888073394495413,0.122935779816514,0.388623853211009
168273.411807,2628366.126422,0,0.102493582691602,0.58984231756509,0.269343601026769,0.00165016501650165,0.0366703337000367
168773.411807,2628366.126422,0,0.114835164835165,0.422161172161172,0.426007326007326,0.0122710622710623,0.0247252747252747
169273.411807,2628366.126422,0.00183150183150183,0.161355311355311,0.745421245421245,0.0448717948717949,0.0263736263736264,0.0201465201465201
169773.411807,2628366.126422,0.0055005500550055,0.190685735240191,0.650715071507151,0.0694902823615695,0.0194352768610194,0.0641730839750642
170273.411807,2628366.126422,0.030952380952381,0.173809523809524,0.278571428571429,0.0701465201465201,0.0734432234432234,0.373076923076923
170773.411807,2628366.126422,0.16007326007326,0.067032967032967,0.00567765567765568,0.136630036630037,0.158241758241758,0.472344322344322
171273.411807,2628366.126422,0.184451778511184,0.131463146314631,0.218555188852219,0.0408874220755409,0.0914924825815915,0.333149981664833
171773.411807,2628366.126422,0.213919413919414,0.16996336996337,0.158241758241758,0.0247252747252747,0.0364468864468864,0.396703296703297
172273.411807,2628366.126422,0.138461538461538,0.219230769230769,0.0152014652014652,0.0840659340659341,0.0346153846153846,0.508424908424908
172773.411807,2628366.126422,0.142647598093143,0.29042904290429,0,0.0139347268060139,0.0198019801980198,0.533186651998533
173273.411807,2628366.126422,0.241025641025641,0.148901098901099,0.00293040293040293,0.0571428571428571,0.0534798534798535,0.496520146520147
166773.411807,2627866.126422,0,0.0542422576507238,0.79256001466007,0.152281473336998,0.000916254352208173,0
167273.411807,2627866.126422,0,0.0240411084602679,0.892640851532391,0.0829510001835199,0.000367039823820885,0
167773.411807,2627866.126422,0,0.0586832935998533,0.905189803777737,0.0357601320374106,0.000183385292499542,0.000183385292499542
168273.411807,2627866.126422,0,0.144035184167125,0.798790544255085,0.0540590067802822,0,0.00311526479750779
168773.411807,2627866.126422,0.00220223894292531,0.119104422829877,0.729858689667829,0.125711139658653,0.00568911726922371,0.017434391631492
169273.411807,2627866.126422,0.000183385292499542,0.189437007152026,0.706766917293233,0.0242068586099395,0.0110031175499725,0.068402714102329
169773.411807,2627866.126422,0.00568077698369067,0.257467472970497,0.365768737401503,0.0273043796958036,0.0295033901411032,0.314275242807403
170273.411807,2627866.126422,0.0475316571848046,0.183703431822353,0.0761607634428336,0.0901082767480272,0.104606349788952,0.49788952101303
170773.411807,2627866.126422,0.130937098844673,0.0913258756647717,0.0267742527049331,0.102328993214744,0.166513845589584,0.482119933981295
171273.411807,2627866.126422,0.335715594649075,0.108118013560564,0,0.0392156862745098,0.0557082646142569,0.461242440901594
171773.411807,2627866.126422,0.162782161864562,0.322628005138558,0.000367039823820885,0.02073775004588,0.082583960359699,0.41090108276748
172273.411807,2627866.126422,0.246286447826884,0.124518613607189,0.116999816614707,0.0143040528149642,0.0275077938749312,0.470383275261324
172773.411807,2627866.126422,0.192963166575041,0.305479201026205,0,0.107934762690123,0.0489279824079164,0.344694887300715
173273.411807,2627866.126422,0.313819049366856,0.162782161864562,0,0.119654982565608,0.108460267939071,0.295283538263902
