"x","y","forest","agri","water","built","other","grass"
189273.411807,2668866.126422,0,0.206756467821253,0.269617276031644,0.319649347872568,0.0053453068206115,0.198631601453923
189773.411807,2668866.126422,0,0.507373370378286,0.000641162641590083,0.240863432357341,0.0350502244069246,0.216071810215858
190273.411807,2668866.126422,0.00128259940145361,0.342881573321932,0,0.364471996579735,0.013253527148354,0.278110303548525
190773.411807,2668866.126422,0.105409450502459,0.254864229206756,0.161428265982467,0.177036561898653,0.0254436604661108,0.275817831943554
191273.411807,2668866.126422,0.00470185937166061,0.117119042530455,0.619363111776021,0.124599273349006,0.0126095319512716,0.121607181021586
191773.411807,2668866.126422,0,0.0190252244548953,0.483112441214194,0.481402308678923,0.00619923044035913,0.0102607952116289
192273.411807,2668866.126422,0.00149668590977122,0.0434038913833654,0.567030147530468,0.293136626042335,0.010690613641223,0.0842420354928373
192773.411807,2668866.126422,0.00341953408848044,0.0639025432784783,0.581107074161146,0.261380636888224,0.0198760418892926,0.0703141696943791
193273.411807,2668866.126422,0.0151774262505344,0.581658828559213,0.0485250106883283,0.0247969217614365,0.0113296280461736,0.318512184694314
193773.411807,2668866.126422,0.00940774000427625,0.869788325849904,0,0.00684199273038272,0.00449005772931366,0.109471883686124
194273.411807,2668866.126422,0.0121820901902116,0.891857234451806,0.00641162641590083,0.0134644154733917,0.00213720880530028,0.0739474246633896
194773.411807,2668866.126422,0.0577169730654126,0.579307396323215,0.0256519880290723,0.146002565198803,0.0376229157759726,0.153698161607525
195273.411807,2668866.126422,0.0720547359418431,0.702587128501176,0,0.0904425914047466,0.0416933932007697,0.0932221509514646
195773.411807,2668866.126422,0.0598418465484078,0.806796324000855,0,0.0632613806368882,0.0138918572344518,0.0562085915793973
196273.411807,2668866.126422,0.0925609234715691,0.691321077383497,0,0.109662248824284,0.0309961522017956,0.0754595981188542
196773.411807,2668866.126422,0.130425486422921,0.5742997648065,0.00021381227282446,0.176181312807355,0.0414795809279453,0.0774000427624546
197273.411807,2668866.126422,0.141696943791408,0.374652703569139,0,0.204958324428297,0.0912588159863219,0.187433212224834
197773.411807,2668866.126422,0.0707567336468576,0.575887131252672,0,0.128046173578452,0.0468148781530569,0.178495083368961
198273.411807,2668866.126422,0.103271327774214,0.312807355142185,0,0.235621124652555,0.124224930511011,0.224075261920034
198773.411807,2668866.126422,0.0863432357341312,0.221201111348579,0.00128232528318017,0.342380850609105,0.188288095746954,0.160504381278051
189273.411807,2668366.126422,0,0.115631299248671,0,0.0227231079347627,0.0047645226314825,0.856881070185083
189773.411807,2668366.126422,0,0.298036336942558,0,0.00587263718113415,0.0614791704899982,0.634611855386309
190273.411807,2668366.126422,0,0.196955804144508,0,0.0995782138272511,0.00806895286997983,0.695397029158262
192773.411807,2668366.126422,0.0102771150669848,0.144246650761608,0.240411084602679,0.374564140209213,0.0326665443200587,0.197834465039457
193273.411807,2668366.126422,0.0214560792224464,0.310471300201724,0.0403447643498991,0.0715202640748212,0.0949935815147625,0.461214010636347
193773.411807,2668366.126422,0.0392156862745098,0.710463624702217,0,0.0282206340480117,0.0243723657687374,0.197727689206524
194273.411807,2668366.126422,0.0497338961277299,0.652046247017801,0,0.0304643053771334,0.0266103872270141,0.241145164250321
194773.411807,2668366.126422,0.0669356317623327,0.518980377773703,0.0148542086924629,0.178984045479553,0.0676691729323308,0.152576563359619
195273.411807,2668366.126422,0.0403151914971596,0.84075499358622,0.00219901044529962,0.00604727872457394,0.0053142752428074,0.10536925050394
195773.411807,2668366.126422,0.0767113231785649,0.815378968618095,0,0.0671682877592219,0.00807487612405946,0.0326665443200587
196273.411807,2668366.126422,0.0561158995048597,0.678525582248304,0,0.0737208875848157,0.0174216027874564,0.174216027874564
196773.411807,2668366.126422,0.0822796408282939,0.67711196628184,0.000183250870441635,0.103719992669965,0.0313358988455195,0.10536925050394
197273.411807,2668366.126422,0.0862543585979079,0.681592952835383,0,0.0776289227381171,0.0284455863461186,0.126078179482474
197773.411807,2668366.126422,0.0981111314872547,0.57601320374106,0,0.16798092792958,0.037593984962406,0.120300751879699
198273.411807,2668366.126422,0.0934579439252336,0.425508521165476,0,0.211471504489646,0.055158512002932,0.214403518416712
198773.411807,2668366.126422,0.0310148651128647,0.154523765828592,0.00146815929528354,0.613874105340429,0.106074509084236,0.0930445953385942
188773.411807,2667866.126422,0.023115024766098,0.148596587782058,0.0587048248027885,0.0599889928453495,0.0110071546505228,0.698587415153183
189273.411807,2667866.126422,0,0.109340659340659,0,0.0265567765567766,0.128205128205128,0.735897435897436
189773.411807,2667866.126422,0,0.122385321100917,0,0.0504587155963303,0.0686238532110092,0.758532110091743
190273.411807,2667866.126422,0,0.117226197028068,0,0.0480645753072831,0.00807191341038342,0.826637314254265
192773.411807,2667866.126422,0.00256880733944954,0.24256880733945,0.0992660550458716,0.303302752293578,0.0313761467889908,0.320917431192661
193273.411807,2667866.126422,0.0502660062373876,0.40506329113924,0,0.104017611447441,0.093010456796918,0.347642634379013
193773.411807,2667866.126422,0.0641025641025641,0.363369963369963,0.00293040293040293,0.189194139194139,0.142673992673993,0.237728937728938
194273.411807,2667866.126422,0.0603669724770642,0.697981651376147,0,0.0763302752293578,0.0339449541284404,0.131376146788991
194773.411807,2667866.126422,0.0550357732526142,0.596771234635847,0,0.12272977435333,0.073747936158503,0.151715281599706
195273.411807,2667866.126422,0.019047619047619,0.804945054945055,0.00128205128205128,0.0153846153846154,0.00677655677655678,0.152564102564103
195773.411807,2667866.126422,0.0291743119266055,0.799266055045872,0,0.0488073394495413,0.0262385321100917,0.0965137614678899
196273.411807,2667866.126422,0.0741148413135205,0.593102183085672,0,0.144560631076867,0.0473307649972482,0.140891579526692
196773.411807,2667866.126422,0.0923076923076923,0.581501831501832,0,0.106959706959707,0.0465201465201465,0.172710622710623
197273.411807,2667866.126422,0.0403669724770642,0.758165137614679,0,0.0236697247706422,0.0196330275229358,0.158165137614679
197773.411807,2667866.126422,0.0939277196844616,0.468904788112273,0,0.111172261970281,0.0702623371858375,0.255732893047147
198273.411807,2667866.126422,0.0794871794871795,0.155677655677656,0,0.48003663003663,0.110805860805861,0.173992673992674
198773.411807,2667866.126422,0.0794495412844037,0.0911926605504587,0.00073394495412844,0.594862385321101,0.132660550458716,0.101100917431193
188273.411807,2667366.126422,0.0421245421245421,0.215018315018315,0.275457875457875,0.109157509157509,0.00714285714285714,0.351098901098901
188773.411807,2667366.126422,0.0124542124542125,0.00805860805860806,0,0,0,0.979487179487179
189273.411807,2667366.126422,0,0.0405207187385405,0,0.081958195819582,0.0216354968830216,0.855885588558856
189773.411807,2667366.126422,0.0021978021978022,0.00860805860805861,0,0,0,0.989194139194139
190273.411807,2667366.126422,0.0256410256410256,0.151648351648352,0,0.0269230769230769,0.0032967032967033,0.792490842490842
192773.411807,2667366.126422,0.00842490842490842,0.337362637362637,0.232967032967033,0.12985347985348,0.0223443223443223,0.269047619047619
193273.411807,2667366.126422,0.0108058608058608,0.687362637362637,0.0243589743589744,0.0736263736263736,0.0208791208791209,0.182967032967033
193773.411807,2667366.126422,0.0795746241290796,0.459479281261459,0,0.183351668500183,0.126145947928126,0.151448478181151
194273.411807,2667366.126422,0.0283882783882784,0.744139194139194,0,0.0326007326007326,0.0153846153846154,0.179487179487179
194773.411807,2667366.126422,0.0705128205128205,0.552747252747253,0,0.182967032967033,0.0836996336996337,0.11007326007326
195273.411807,2667366.126422,0.0423542354235424,0.754308764209754,0,0.0258525852585259,0.0234690135680235,0.154015401540154
195773.411807,2667366.126422,0.0672161172161172,0.623260073260073,0.0208791208791209,0.115934065934066,0.0673992673992674,0.105311355311355
196273.411807,2667366.126422,0.107142857142857,0.519413919413919,0,0.141941391941392,0.0893772893772894,0.142124542124542
196773.411807,2667366.126422,0.0375870920425376,0.761276127612761,0,0.0495049504950495,0.0196186285295196,0.132013201320132
197273.411807,2667366.126422,0.0767399267399267,0.458791208791209,0.000915750915750916,0.03003663003663,0.0697802197802198,0.363736263736264
197773.411807,2667366.126422,0.0728937728937729,0.554395604395604,0,0.0717948717948718,0.0573260073260073,0.243589743589744
198273.411807,2667366.126422,0.0804913824715805,0.241290795746241,0,0.478731206453979,0.112761276127613,0.0867253392005867
198773.411807,2667366.126422,0.0608058608058608,0.0424908424908425,0,0.741941391941392,0.126923076923077,0.0278388278388278
188273.411807,2666866.126422,0.00385391815011929,0.270141310332171,0.00972655533125344,0.341163516241512,0.0187190310148651,0.356395668930079
188773.411807,2666866.126422,0.00238400880249404,0.161195672107097,0,0.272510544654319,0.0757381258023107,0.48817164863378
189273.411807,2666866.126422,0.00146600696353308,0.0117280557082646,0,0,0,0.986805937328202
189773.411807,2666866.126422,0.00220223894292531,0.0346852633510736,0,0,0,0.963112497706001
190273.411807,2666866.126422,0.0408949202273978,0.0918760315422703,0,0.28791490922428,0.00605171465248487,0.573262424353567
192773.411807,2666866.126422,0.0102771150669848,0.292163699761424,0.147182969352175,0.0895577170122958,0.0609286107542668,0.399889888052854
193273.411807,2666866.126422,0.0104529616724739,0.481569778103796,0.0471300201723822,0.0792224463598019,0.0342930496974143,0.347331743994132
193773.411807,2666866.126422,0.0348176653839106,0.852483049294484,0,0.0267546270844787,0.0157595748579806,0.0701850833791461
194273.411807,2666866.126422,0.00862543585979079,0.936869150302808,0,0.00844191594788034,0.00146815929528354,0.0445953385942375
194773.411807,2666866.126422,0.0599669906473501,0.516412983678709,0,0.157711351549606,0.0973775903172566,0.168531083807079
195273.411807,2666866.126422,0.10426974528129,0.312625984973429,0,0.224115814550119,0.194795675279458,0.164192779915705
195773.411807,2666866.126422,0.0880895577170123,0.471829693521747,0,0.118186823270325,0.0719398054688934,0.249954120022022
196273.411807,2666866.126422,0.0550155877498625,0.715386026040712,0,0.0174216027874564,0.0196222262974509,0.192554557124519
196773.411807,2666866.126422,0.0564412680960235,0.515301447681876,0,0.023089609675646,0.0443467106468756,0.360820963899579
197273.411807,2666866.126422,0.0502844558634612,0.610937786749862,0.000917599559552211,0.0334006239677005,0.0383556615892824,0.266103872270141
197773.411807,2666866.126422,0.0693196405648267,0.461764166513846,0.000183385292499542,0.15184302218962,0.0788556757748029,0.238034109664405
198273.411807,2666866.126422,0.091258933479934,0.2376763789628,0,0.290269378779549,0.131940626717977,0.24885468205974
198773.411807,2666866.126422,0.0868049183336392,0.114332905120206,0,0.569645806570013,0.120022022389429,0.109194347586713
187773.411807,2666366.126422,0.0485347985347985,0.249267399267399,0.000549450549450549,0.471428571428571,0.0214285714285714,0.208791208791209
192773.411807,2666366.126422,0.0190825688073394,0.808807339449541,0.00752293577981651,0.036697247706422,0.0192660550458716,0.108623853211009
193273.411807,2666366.126422,0.0091726288754357,0.786461199779857,0.0066042927903137,0.0304531278664465,0.00843881856540084,0.158869932122546
193773.411807,2666366.126422,0.0192307692307692,0.776190476190476,0,0.0556776556776557,0.00476190476190476,0.144139194139194
194273.411807,2666366.126422,0.0431192660550459,0.658899082568807,0,0.117064220183486,0.0515596330275229,0.129357798165138
194773.411807,2666366.126422,0.0715465052283985,0.531462117042744,0,0.141625389836727,0.0596220876903321,0.195743900201798
195273.411807,2666366.126422,0.0554945054945055,0.63992673992674,0,0.0721611721611722,0.0474358974358974,0.184981684981685
195773.411807,2666366.126422,0.0759633027522936,0.585137614678899,0,0.0655045871559633,0.084954128440367,0.188440366972477
196273.411807,2666366.126422,0.0421940928270042,0.695835626490552,0,0.026967528893781,0.0183452577508714,0.216657494037791
196773.411807,2666366.126422,0.0677655677655678,0.481868131868132,0.0113553113553114,0.104945054945055,0.0538461538461538,0.28021978021978
197273.411807,2666366.126422,0.0796330275229358,0.560733944954128,0,0.133394495412844,0.0500917431192661,0.176146788990826
197773.411807,2666366.126422,0.0440286186020914,0.307099614749587,0,0.209319390937443,0.0882406897816914,0.351311685929187
198273.411807,2666366.126422,0.0857142857142857,0.197802197802198,0,0.314285714285714,0.129487179487179,0.272710622710623
198773.411807,2666366.126422,0.0629357798165138,0.385137614678899,0,0.102752293577982,0.0651376146788991,0.384036697247706
192273.411807,2665866.126422,0.00806747341400807,0.167766776677668,0.459112577924459,0.0768243491015768,0.0262192885955262,0.262009534286762
192773.411807,2665866.126422,0.01996336996337,0.274542124542125,0.0516483516483516,0.091025641025641,0.0476190476190476,0.515201465201465
193273.411807,2665866.126422,0.0395604395604396,0.587728937728938,0.0432234432234432,0.086996336996337,0.0163003663003663,0.226190476190476
193773.411807,2665866.126422,0.0256692335900257,0.48954895489549,0,0.131279794646131,0.0298863219655299,0.323615694902824
194273.411807,2665866.126422,0.0791208791208791,0.57948717948718,0,0.146886446886447,0.0717948717948718,0.122710622710623
194773.411807,2665866.126422,0.0234432234432234,0.861355311355311,0,0.0221611721611722,0.00604395604395604,0.086996336996337
195273.411807,2665866.126422,0.0392372570590392,0.855335533553355,0,0.026035936927026,0.0100843417675101,0.0693069306930693
195773.411807,2665866.126422,0.0494505494505494,0.720512820512821,0,0.0476190476190476,0.03003663003663,0.152380952380952
196273.411807,2665866.126422,0.0679487179487179,0.582600732600733,0,0.109157509157509,0.0322344322344322,0.208058608058608
196773.411807,2665866.126422,0.0746241290795746,0.47011367803447,0,0.158599193252659,0.0671067106710671,0.22955628896223
197273.411807,2665866.126422,0.0860805860805861,0.504212454212454,0,0.08003663003663,0.0919413919413919,0.237728937728938
197773.411807,2665866.126422,0.0732600732600733,0.559340659340659,0,0.0516483516483516,0.0419413919413919,0.273809523809524
198273.411807,2665866.126422,0.0799413274660799,0.461679501283462,0,0.148698203153649,0.0858085808580858,0.223872387238724
198773.411807,2665866.126422,0.0545787545787546,0.691758241758242,0,0.0421245421245421,0.0163003663003663,0.195238095238095
192773.411807,2665366.126422,0.00623967700495504,0.530739585244999,0.159111763626353,0.0818498807120573,0.0205542301339695,0.201504863277666
193273.411807,2665366.126422,0.04401247019989,0.425820649183935,0.000733541169998166,0.0612506876948469,0.0608839171098478,0.407298734641482
193773.411807,2665366.126422,0.0773318673263698,0.214037016675829,0.0985889682975994,0.238042880703683,0.150082462891699,0.22191680410482
194273.411807,2665366.126422,0.026977427050835,0.546705817581208,0.136538814461369,0.13268489631125,0.0124793540099101,0.144613690585429
194773.411807,2665366.126422,0.0143040528149642,0.667339079405832,0.11186502842472,0.0834403080872914,0.00513478818998716,0.117916743077205
195273.411807,2665366.126422,0.0331684075499359,0.673263698002565,0.0839288986622686,0.0166758292101887,0.00989554700384827,0.183067619571193
195773.411807,2665366.126422,0.0623967700495504,0.567994127362819,0,0.160212883097816,0.079647641769132,0.129748577720683
196273.411807,2665366.126422,0.08399046396479,0.517880066018705,0,0.113698881349716,0.0755547405098111,0.208875848156978
196773.411807,2665366.126422,0.0731170973062122,0.357155946490746,0,0.255268462525197,0.135055891515485,0.17940260216236
197273.411807,2665366.126422,0.0585428518994311,0.470178014314553,0,0.046063497889521,0.0143145531290145,0.41090108276748
197773.411807,2665366.126422,0.0654685494223363,0.171098477902072,0,0.341096644049147,0.147625160462131,0.274711168164313
198273.411807,2665366.126422,0.0339014110317024,0.710830126443101,0,0.0678028220634048,0.0161260765988638,0.171339563862928
198773.411807,2665366.126422,0.0847861993026243,0.573866764543953,0,0.14516425032116,0.0603780510185355,0.135804734813727
192273.411807,2664866.126422,0.0221611721611722,0.0913919413919414,0.266483516483516,0.0553113553113553,0.036996336996337,0.527655677655678
192773.411807,2664866.126422,0.0212844036697248,0.226605504587156,0.0906422018348624,0.286238532110092,0.194862385321101,0.180366972477064
193273.411807,2664866.126422,0.0124747752705926,0.542469271693267,0,0.0405430196294258,0.0456796917996698,0.358833241607045
193773.411807,2664866.126422,0.0516483516483516,0.327838827838828,0.00164835164835165,0.0456043956043956,0.0692307692307692,0.504029304029304
194273.411807,2664866.126422,0.0401834862385321,0.736146788990826,0,0.0588990825688073,0.0315596330275229,0.133211009174312
194773.411807,2664866.126422,0.0636580443955238,0.530911759310218,0.023115024766098,0.0654925701706109,0.0787011557512383,0.238121445606311
195273.411807,2664866.126422,0.0408424908424908,0.454945054945055,0.00677655677655678,0.240842490842491,0.0851648351648352,0.171428571428571
195773.411807,2664866.126422,0.056697247706422,0.425137614678899,0.0629357798165138,0.156697247706422,0.0394495412844037,0.259082568807339
196273.411807,2664866.126422,0.0753990093560815,0.31095211887727,0.0110071546505228,0.327646303430563,0.0959456980370574,0.179049715648505
196773.411807,2664866.126422,0.0606227106227106,0.388461538461538,0.0364468864468864,0.175824175824176,0.0602564102564103,0.278388278388278
197273.411807,2664866.126422,0.076697247706422,0.133394495412844,0,0.489357798165138,0.161651376146789,0.138899082568807
197773.411807,2664866.126422,0.125848468170978,0.378829572555494,0,0.181067694001101,0.120711796000734,0.193542469271693
198273.411807,2664866.126422,0.0490842490842491,0.45,0,0.0608058608058608,0.056959706959707,0.383150183150183
198773.411807,2664866.126422,0.0489908256880734,0.620917431192661,0,0.0436697247706422,0.023302752293578,0.263119266055046
188773.411807,2664366.126422,0.0115384615384615,0.48021978021978,0,0.226007326007326,0.0752747252747253,0.206959706959707
189273.411807,2664366.126422,0.0414374770810414,0.129446277961129,0.0333700036670334,0.328749541620829,0.0625229189585625,0.404473780711404
189773.411807,2664366.126422,0.0271062271062271,0.118131868131868,0.00366300366300366,0.66043956043956,0.123260073260073,0.0673992673992674
190273.411807,2664366.126422,0.0327838827838828,0.131868131868132,0.00604395604395604,0.707692307692308,0.0695970695970696,0.052014652014652
190773.411807,2664366.126422,0.055005500550055,0.0751741840850752,0.081958195819582,0.596626329299597,0.0551888522185552,0.136046938027136
191273.411807,2664366.126422,0.0227106227106227,0.0968864468864469,0.448717948717949,0.294871794871795,0.0161172161172161,0.120695970695971
191773.411807,2664366.126422,0.00384615384615385,0.156043956043956,0.113553113553114,0.093956043956044,0.0274725274725275,0.605128205128205
192273.411807,2664366.126422,0.0242024202420242,0.435643564356436,0.00165016501650165,0.0522552255225523,0.0416208287495416,0.444627796112945
192773.411807,2664366.126422,0.0153846153846154,0.658974358974359,0.0102564102564103,0.0413919413919414,0.0287545787545788,0.245238095238095
193273.411807,2664366.126422,0.082967032967033,0.395421245421245,0.000915750915750916,0.188095238095238,0.139377289377289,0.193223443223443
193773.411807,2664366.126422,0.0793912724605794,0.247341400806747,0.00238357169050238,0.119361936193619,0.158232489915658,0.393289328932893
194273.411807,2664366.126422,0.0338827838827839,0.585347985347985,0,0.0269230769230769,0.0168498168498168,0.336996336996337
194773.411807,2664366.126422,0.030952380952381,0.804212454212454,0,0.0223443223443223,0.0113553113553114,0.131135531135531
195273.411807,2664366.126422,0.0447378071140447,0.623579024569124,0.00861752841950862,0.16006600660066,0.0364869820315365,0.126512651265127
195773.411807,2664366.126422,0.0507326007326007,0.619047619047619,0,0.0807692307692308,0.0210622710622711,0.228388278388278
196273.411807,2664366.126422,0.0875457875457875,0.578937728937729,0,0.0917582417582418,0.05,0.191758241758242
196773.411807,2664366.126422,0.0735240190685735,0.330766409974331,0.000733406674000733,0.250641730839751,0.114411441144114,0.22992299229923
197273.411807,2664366.126422,0.0397435897435897,0.158608058608059,0.0152014652014652,0.527106227106227,0.112271062271062,0.147069597069597
197773.411807,2664366.126422,0.0836996336996337,0.17967032967033,0.0194139194139194,0.317399267399267,0.119230769230769,0.280586080586081
198273.411807,2664366.126422,0.052988632196553,0.506050605060506,0,0.189218921892189,0.05995599559956,0.191785845251192
198773.411807,2664366.126422,0.0598901098901099,0.432234432234432,0.000183150183150183,0.229304029304029,0.0983516483516483,0.18003663003663
187273.411807,2663866.126422,0.0126535851824684,0.313222079589217,0,0.349715752796626,0.0403447643498991,0.28406381808179
187773.411807,2663866.126422,0.0852116547553601,0.283855598314092,0,0.4282572842221,0.0738501007879787,0.128825361920469
188273.411807,2663866.126422,0.14534777023307,0.337126078179482,0.00165167920719398,0.266837951917783,0.0805652413286842,0.168471279133786
188773.411807,2663866.126422,0.230331927379424,0.14010636346965,0.00183385292499542,0.380891252521548,0.0827067669172932,0.16412983678709
189273.411807,2663866.126422,0.191497159611508,0.154846985523181,0.000183250870441635,0.301630932746931,0.0930914421843504,0.258750229063588
189773.411807,2663866.126422,0.152505046797578,0.181317672967517,0.00991007524316388,0.283354743989723,0.0998348320792806,0.273077628922738
190273.411807,2663866.126422,0.153493489822116,0.21181001283697,0.000366770584999083,0.248670456629378,0.0915092609572712,0.294150009169265
190773.411807,2663866.126422,0.0423309510720176,0.118380062305296,0.236210371999267,0.438152831225948,0.0357339197361187,0.129191863661352
191273.411807,2663866.126422,0.0106441548908057,0.168471279133786,0.184804551293815,0.437511469994494,0.0710222059093412,0.127546338777757
191773.411807,2663866.126422,0.00843572345497891,0.308820832569228,0.193838254172015,0.17219878965707,0.0889418668622776,0.227764533284431
192273.411807,2663866.126422,0.0331684075499359,0.387575590984057,0.0197910940076965,0.0364669232178853,0.0798973795125527,0.443100604727872
192773.411807,2663866.126422,0.0234905487245366,0.56854468709855,0.00440447788585061,0.181501192879427,0.0524866948063865,0.169572398605249
193273.411807,2663866.126422,0.0711534934898221,0.502842472033743,0.00550155877498625,0.130020172382175,0.0894920227397763,0.200990280579498
193773.411807,2663866.126422,0.0368334249587686,0.446032618654939,0.0128275609309144,0.127359354956936,0.0703683342495877,0.306578706248855
194273.411807,2663866.126422,0.036520462470178,0.590383556615893,0.00165167920719398,0.065149568728207,0.017434391631492,0.288860341347036
194773.411807,2663866.126422,0.0693196405648267,0.443425637263891,0,0.150192554557125,0.0753713552173116,0.261690812396846
195273.411807,2663866.126422,0.0348176653839106,0.706798607293385,0,0.0599230346344145,0.0131940626717977,0.185266630016493
195773.411807,2663866.126422,0.0453294182418792,0.540466140576253,0.00201871903101487,0.0524866948063865,0.0278950266103872,0.33180400073408
196273.411807,2663866.126422,0.099211443242252,0.393361452411517,0,0.218778653951953,0.121401063634696,0.167247386759582
196773.411807,2663866.126422,0.0784313725490196,0.387758841854499,0,0.174088326919553,0.109584020524097,0.250137438152831
197273.411807,2663866.126422,0.100935951550743,0.325931363552945,0,0.2407781244265,0.148100568911727,0.184253991558084
197773.411807,2663866.126422,0.0584999083073537,0.381258023106547,0,0.16779754263708,0.13992297817715,0.252521547771869
198273.411807,2663866.126422,0.0601062855048561,0.406267179769104,0.110866776617189,0.178486347810152,0.0797141286421111,0.164559281656588
198773.411807,2663866.126422,0.0772618829142962,0.417140759772435,0.0401908607083869,0.176362635345935,0.0702881262616994,0.218755734997247
186773.411807,2663366.126422,0.0212844036697248,0.235779816513761,0,0.00055045871559633,0.00055045871559633,0.741834862385321
187273.411807,2663366.126422,0.0110071546505228,0.302880205466887,0,0.181251146578609,0.0207301412584847,0.484131352045496
187773.411807,2663366.126422,0.00421245421245421,0.156043956043956,0.000366300366300366,0.495970695970696,0.150915750915751,0.192490842490843
188273.411807,2663366.126422,0.016697247706422,0.083302752293578,0.00110091743119266,0.762201834862385,0.0537614678899083,0.0829357798165138
188773.411807,2663366.126422,0.0537516052100532,0.133920381581361,0.00110071546505228,0.61768482847184,0.120895248578243,0.0726472206934507
189273.411807,2663366.126422,0.0368131868131868,0.114285714285714,0,0.688461538461538,0.0525641025641026,0.107875457875458
189773.411807,2663366.126422,0.0673394495412844,0.13045871559633,0.00018348623853211,0.56256880733945,0.0691743119266055,0.170275229357798
190273.411807,2663366.126422,0.100165107319758,0.112272977435333,0.0412768299394606,0.366354797284902,0.0836543753439736,0.296275912676573
190773.411807,2663366.126422,0.026007326007326,0.148901098901099,0.0249084249084249,0.374358974358974,0.0946886446886447,0.331135531135531
191273.411807,2663366.126422,0.0343119266055046,0.175963302752294,0.0324770642201835,0.183302752293578,0.11045871559633,0.46348623853211
191773.411807,2663366.126422,0.0194459732159237,0.211337369290039,0.144193725921849,0.118510365070629,0.11557512383049,0.39093744267107
192273.411807,2663366.126422,0.0456043956043956,0.539010989010989,0.00274725274725275,0.058974358974359,0.0287545787545788,0.324908424908425
192773.411807,2663366.126422,0.0414678899082569,0.71743119266055,0,0.0858715596330275,0.0231192660550459,0.132110091743119
193273.411807,2663366.126422,0.0790680609062557,0.429829389102917,0.0121078701155751,0.159420289855072,0.0887910475142176,0.230783342505962
193773.411807,2663366.126422,0.039010989010989,0.671428571428571,0.000366300366300366,0.0985347985347985,0.0326007326007326,0.158058608058608
194273.411807,2663366.126422,0.0387155963302752,0.584403669724771,0.0141284403669725,0.0403669724770642,0.0313761467889908,0.291009174311927
194773.411807,2663366.126422,0.0882406897816914,0.432397725188039,0,0.204549623922216,0.10842047330765,0.166391487800404
195273.411807,2663366.126422,0.0866300366300366,0.423992673992674,0,0.162637362637363,0.126007326007326,0.200732600732601
195773.411807,2663366.126422,0.046605504587156,0.730275229357798,0,0.0638532110091743,0.0231192660550459,0.136146788990826
196273.411807,2663366.126422,0.0346725371491469,0.722619702806824,0,0.100348559897267,0.0376077783892864,0.104751421757476
196773.411807,2663366.126422,0.0186813186813187,0.723076923076923,0,0.0100732600732601,0.00805860805860806,0.24010989010989
197273.411807,2663366.126422,0.0291743119266055,0.706422018348624,0.00256880733944954,0.0311926605504587,0.0244036697247706,0.206238532110092
197773.411807,2663366.126422,0.0247660979636764,0.571821684094661,0.00403595670519171,0.0407264722069345,0.019262520638415,0.339387268391121
198273.411807,2663366.126422,0.0366300366300366,0.465934065934066,0.0413919413919414,0.0554945054945055,0.039010989010989,0.361538461538462
198773.411807,2663366.126422,0.0996330275229358,0.452844036697248,0,0.140733944954128,0.0823853211009174,0.224403669724771
186773.411807,2662866.126422,0.0368131868131868,0.635164835164835,0,0,0,0.328021978021978
187273.411807,2662866.126422,0,0.208974358974359,0,0.165934065934066,0.0393772893772894,0.585714285714286
187773.411807,2662866.126422,0.0044004400440044,0.321965529886322,0.0033003300330033,0.371653832049872,0.0337367070040337,0.264943160982765
188273.411807,2662866.126422,0.0144688644688645,0.158974358974359,0,0.573076923076923,0.106227106227106,0.147252747252747
188773.411807,2662866.126422,0.0197802197802198,0.12014652014652,0.0032967032967033,0.648168498168498,0.132783882783883,0.0758241758241758
189273.411807,2662866.126422,0.0841584158415842,0.158782544921159,0.000916758342500917,0.46021268793546,0.0687568756875688,0.227172717271727
189773.411807,2662866.126422,0.0941391941391941,0.0783882783882784,0.0758241758241758,0.53956043956044,0.0536630036630037,0.158424908424908
190273.411807,2662866.126422,0.0183150183150183,0.246520146520147,0.0725274725274725,0.136446886446886,0.0485347985347985,0.477655677655678
190773.411807,2662866.126422,0.0137513751375138,0.072973964063073,0.0328199486615328,0.0388705537220389,0.0341034103410341,0.807480748074808
191273.411807,2662866.126422,0.056959706959707,0.113919413919414,0.0172161172161172,0.0684981684981685,0.0771062271062271,0.666300366300366
191773.411807,2662866.126422,0.026007326007326,0.2496336996337,0.00952380952380952,0.172527472527473,0.0847985347985348,0.457509157509157
192273.411807,2662866.126422,0.05995599559956,0.491749174917492,0.000733406674000733,0.109094242757609,0.0606894022735607,0.277777777777778
192773.411807,2662866.126422,0.0716117216117216,0.346153846153846,0,0.146886446886447,0.0833333333333333,0.352014652014652
193273.411807,2662866.126422,0.118864468864469,0.402747252747253,0,0.086996336996337,0.0906593406593407,0.300732600732601
193773.411807,2662866.126422,0.0696736340300697,0.478364503116978,0,0.0425375870920425,0.0467546754675468,0.362669600293363
194273.411807,2662866.126422,0.063003663003663,0.442307692307692,0,0.0732600732600733,0.0767399267399267,0.344688644688645
194773.411807,2662866.126422,0.0769230769230769,0.403113553113553,0.0021978021978022,0.233699633699634,0.0952380952380952,0.188827838827839
195273.411807,2662866.126422,0.0711404473780711,0.535203520352035,0,0.135680234690136,0.07004033736707,0.187935460212688
195773.411807,2662866.126422,0.0976190476190476,0.629304029304029,0.00476190476190476,0.058974358974359,0.0483516483516484,0.160989010989011
196273.411807,2662866.126422,0.032051282051282,0.766117216117216,0,0.0489010989010989,0.0113553113553114,0.141575091575092
196773.411807,2662866.126422,0.0911257792445911,0.572423909057572,0,0.0645397873120645,0.0372203887055372,0.234690135680235
197273.411807,2662866.126422,0.0756410256410256,0.56996336996337,0,0.0258241758241758,0.0501831501831502,0.278388278388278
197773.411807,2662866.126422,0.0553113553113553,0.477106227106227,0,0.0714285714285714,0.0816849816849817,0.314468864468864
198273.411807,2662866.126422,0.0803080308030803,0.365786578657866,0.0324532453245325,0.156582324899157,0.123212321232123,0.241657499083242
198773.411807,2662866.126422,0.0441391941391941,0.625824175824176,0.00183150183150183,0.129304029304029,0.0278388278388278,0.171062271062271
186773.411807,2662366.126422,0.00789135621214902,0.734997247201321,0,0.00899247568361167,0.00422095797394017,0.243897962928978
187273.411807,2662366.126422,0.010819732257473,0.158628278012103,0,0.0627177700348432,0.0148542086924629,0.752980011003118
187773.411807,2662366.126422,0.0377496793109767,0.245189664650907,0.0042147700201576,0.460142935678944,0.0353674179952355,0.217335532343779
188273.411807,2662366.126422,0.0535878142778491,0.194164066801248,0.00146815929528354,0.558634611855386,0.0574417324279684,0.134703615342265
188773.411807,2662366.126422,0.0284247203374289,0.162479369154594,0.000183385292499542,0.568311021456079,0.0986612873647534,0.141940216394645
189273.411807,2662366.126422,0.194978926149899,0.0969397104636247,0,0.232545354590434,0.0610225398570643,0.414513468938977
189773.411807,2662366.126422,0.0300972655533125,0.122040741420444,0.158744723802533,0.358964947696825,0.031932464672417,0.298219856854469
190273.411807,2662366.126422,0.0471300201723822,0.119567210709701,0.00935264991747662,0.200806895286998,0.103429304969741,0.519713918943701
190773.411807,2662366.126422,0.0582737768004398,0.156129741616273,0.00146600696353308,0.0309693971046362,0.0765988638446033,0.676562213670515
191273.411807,2662366.126422,0.0170673518076711,0.0688199669664159,0,0.026977427050835,0.0288126261699394,0.858322628005139
191773.411807,2662366.126422,0.0729873464148175,0.0900421786172749,0,0.321291032459197,0.1201173665872,0.395562075921511
192273.411807,2662366.126422,0.0350009162543522,0.15026571376214,0.000366501740883269,0.590251053692505,0.125343595382078,0.098772219168041
192773.411807,2662366.126422,0.108643787850982,0.185171591117636,0.000734079647641769,0.24059460451459,0.14112681225913,0.32372912461002
193273.411807,2662366.126422,0.0526315789473684,0.248303686044379,0,0.280762882816798,0.0865578580597836,0.331743994131671
193773.411807,2662366.126422,0.0650540590067803,0.374564779182701,0.00311526479750779,0.256551218618288,0.0795308777716694,0.221183800623053
194273.411807,2662366.126422,0.0433106992108644,0.677555514773353,0,0.0466140576252523,0.0304643053771334,0.202055423013397
194773.411807,2662366.126422,0.0315422703099211,0.815514395745461,0,0.00495140289748762,0.00128369704749679,0.146708233999633
195273.411807,2662366.126422,0.043613707165109,0.786512735935496,0,0.0155763239875389,0.0207073483599047,0.133589884551952
195773.411807,2662366.126422,0.0313819049366856,0.815011928794274,0,0.0229399889888053,0.017434391631492,0.113231785648743
196273.411807,2662366.126422,0.057216211259857,0.653585182468366,0,0.0656519347148359,0.0418118466898955,0.181734824867046
196773.411807,2662366.126422,0.072200842954004,0.54040681693238,0.000549752611324904,0.0740333516584204,0.0637713029136888,0.249037932930181
197273.411807,2662366.126422,0.030280785465223,0.69719214534777,0,0.0275279867865663,0.0152321526885667,0.229766929711874
197773.411807,2662366.126422,0.0177883733724555,0.463598019438841,0,0.0337428938199156,0.0418118466898955,0.443058866678892
198273.411807,2662366.126422,0.0754993586219534,0.195162177020341,0.0278541323071285,0.0760491112332784,0.114165292285138,0.511269928532161
198773.411807,2662366.126422,0.116535144063131,0.477885850614792,0,0.0438612589465957,0.0739585244999082,0.287759221875574
186773.411807,2661866.126422,0.0146788990825688,0.564587155963303,0,0.0152293577981651,0.00880733944954129,0.396697247706422
187273.411807,2661866.126422,0.0796184186387819,0.169326729040543,0,0.199046046596955,0.135938359933957,0.416070445789763
187773.411807,2661866.126422,0.0503663003663004,0.211355311355311,0.00476190476190476,0.45970695970696,0.0750915750915751,0.198717948717949
188273.411807,2661866.126422,0.0809174311926606,0.191743119266055,0.00770642201834862,0.537798165137615,0.0700917431192661,0.111743119266055
188773.411807,2661866.126422,0.151898734177215,0.140157769216657,0.00421940928270042,0.335901669418455,0.078884608328747,0.288937809576225
189273.411807,2661866.126422,0.000732600732600733,0.163919413919414,0.0620879120879121,0.334249084249084,0.0205128205128205,0.418498168498169
189773.411807,2661866.126422,0.0247706422018349,0.163853211009174,0.00935779816513761,0.305688073394495,0.0656880733944954,0.430642201834862
190273.411807,2661866.126422,0.0601724454228582,0.290405430196294,0,0.0898917629792699,0.0772335351311686,0.482296826270409
190773.411807,2661866.126422,0.0591575091575092,0.318315018315018,0,0.0584249084249084,0.0646520146520147,0.499450549450549
191273.411807,2661866.126422,0.0946788990825688,0.178532110091743,0,0.0965137614678899,0.168623853211009,0.461651376146789
191773.411807,2661866.126422,0.133186571271326,0.0442120711796001,0.000366905155017428,0.330031186938176,0.170610897083104,0.321592368372776
192273.411807,2661866.126422,0.0613553113553114,0.0648351648351648,0,0.636630036630037,0.178571428571429,0.0586080586080586
192773.411807,2661866.126422,0.0381651376146789,0.0811009174311927,0.00055045871559633,0.581467889908257,0.14348623853211,0.155229357798165
193273.411807,2661866.126422,0.0341221794166208,0.0825536598789213,0.00311869381764814,0.680609062557329,0.117960007338103,0.0816363969913777
193773.411807,2661866.126422,0.0483516483516484,0.396703296703297,0,0.311355311355311,0.0653846153846154,0.178205128205128
194273.411807,2661866.126422,0.0739449541284404,0.499266055045872,0,0.0544954128440367,0.043302752293578,0.328990825688073
194773.411807,2661866.126422,0.0557695835626491,0.697303247110622,0.000733810310034856,0.0543019629425793,0.0337552742616034,0.158136121812511
195273.411807,2661866.126422,0.0494505494505494,0.762637362637363,0,0.00989010989010989,0.015018315018315,0.163003663003663
195773.411807,2661866.126422,0.0735779816513761,0.464403669724771,0.00495412844036697,0.131192660550459,0.0519266055045872,0.27394495412844
196273.411807,2661866.126422,0.0530177949000183,0.514584479911943,0,0.0346725371491469,0.0322876536415337,0.365437534397358
196773.411807,2661866.126422,0.0782051282051282,0.633516483516483,0,0.0494505494505494,0.0468864468864469,0.191941391941392
197273.411807,2661866.126422,0.0381651376146789,0.76256880733945,0.00165137614678899,0.0198165137614679,0.0304587155963303,0.147339449541284
197773.411807,2661866.126422,0.0632911392405063,0.482480278847918,0.00293524124013942,0.102183085672354,0.090442120711796,0.258668134287287
198273.411807,2661866.126422,0.0518315018315018,0.295054945054945,0.0327838827838828,0.0827838827838828,0.0377289377289377,0.49981684981685
198773.411807,2661866.126422,0.128623853211009,0.260366972477064,0.0359633027522936,0.137981651376147,0.132293577981651,0.304770642201835
189773.411807,2661366.126422,0.0586080586080586,0.297985347985348,0.165384615384615,0.135531135531136,0.0553113553113553,0.287179487179487
190273.411807,2661366.126422,0.0172161172161172,0.308424908424908,0.104761904761905,0.0340659340659341,0.0293040293040293,0.506227106227106
190773.411807,2661366.126422,0.0273193986065273,0.520902090209021,0,0.0333700036670334,0.0441877521085442,0.374220755408874
191273.411807,2661366.126422,0.0721611721611722,0.399084249084249,0.000183150183150183,0.0547619047619048,0.0897435897435897,0.384065934065934
191773.411807,2661366.126422,0.111721611721612,0.139010989010989,0,0.301282051282051,0.215018315018315,0.232967032967033
192273.411807,2661366.126422,0.0814081408140814,0.0346534653465347,0.000183351668500183,0.685001833516685,0.155115511551155,0.0436376971030436
192773.411807,2661366.126422,0.0516483516483516,0.0461538461538462,0.000732600732600733,0.722527472527473,0.132600732600733,0.0463369963369963
193273.411807,2661366.126422,0.0787545787545788,0.0628205128205128,0,0.576739926739927,0.142673992673993,0.139010989010989
193773.411807,2661366.126422,0.0551888522185552,0.304363769710304,0.00513384671800513,0.321782178217822,0.124312431243124,0.189218921892189
194273.411807,2661366.126422,0.067032967032967,0.497619047619048,0,0.11007326007326,0.0877289377289377,0.237545787545788
194773.411807,2661366.126422,0.0622710622710623,0.545054945054945,0,0.0688644688644689,0.0571428571428571,0.266666666666667
195273.411807,2661366.126422,0.124679134580125,0.499266593325999,0,0.0845251191785845,0.0720572057205721,0.219471947194719
195773.411807,2661366.126422,0.0553113553113553,0.512637362637363,0,0.010989010989011,0.0342490842490843,0.386813186813187
196273.411807,2661366.126422,0.0168498168498168,0.144139194139194,0.000366300366300366,0.0324175824175824,0.0120879120879121,0.794139194139194
196773.411807,2661366.126422,0.0947928126145948,0.536670333700037,0.00971763843050972,0.0555555555555556,0.0865419875320865,0.216721672167217
197273.411807,2661366.126422,0.0602564102564103,0.603296703296703,0,0.0271062271062271,0.0326007326007326,0.276739926739927
197773.411807,2661366.126422,0.0547619047619048,0.516300366300366,0,0.139377289377289,0.034981684981685,0.254578754578755
198273.411807,2661366.126422,0.0999266593325999,0.334250091675834,0,0.0645397873120645,0.0608727539420609,0.44041070773744
