"x","y","forest","agri","water","built","other","grass"
160273.411807,2583366.126422,0.00521034349671941,0.147047472018526,0.75993824778078,0.058278656889232,0.00289463527595523,0.0266306445387881
160273.411807,2582866.126422,0.00115942028985507,0.202898550724638,0.653333333333333,0.0608695652173913,0.0042512077294686,0.077487922705314
160273.411807,2582366.126422,0.011598685482312,0.0288034022810748,0.850956891552291,0.0500676589986468,0.0075391455635028,0.0510342161221728
159773.411807,2581866.126422,0,0.0441391941391941,0.414652014652015,0.0553113553113553,0.0862637362637363,0.3996336996337
160273.411807,2581866.126422,0,0.0133153222693941,0.833076032419915,0.100926283288306,0.00366653801620996,0.0490158240061752
159773.411807,2581366.126422,0,0.0957973940172509,0.140209212699578,0.135437694989906,0.0917599559552211,0.536795742338044
160273.411807,2581366.126422,0,0.0129468599033816,0.807342995169082,0.102608695652174,0.0135265700483092,0.0635748792270531
159773.411807,2580866.126422,0,0.0234862385321101,0.18348623853211,0.622752293577982,0.0385321100917431,0.131743119266055
160273.411807,2580866.126422,0,0.0363425478445776,0.706939880146917,0.145563502803016,0.0201043881693408,0.0910496810361492
159773.411807,2580366.126422,0.0956043956043956,0.086996336996337,0.15952380952381,0.0791208791208791,0.0316849816849817,0.547069597069597
160273.411807,2580366.126422,0.00173678116557314,0.0536472404477036,0.52045542261675,0.387495175607873,0.00636819760710151,0.0302971825549981
159773.411807,2579866.126422,0.011194714626537,0.0790970820334006,0.312534409983483,0.0578087722517893,0.0453294182418792,0.494035602862911
160273.411807,2579866.126422,0.0170048309178744,0.186280193236715,0.586473429951691,0.126763285024155,0.00966183574879227,0.073816425120773
159273.411807,2579366.126422,0.0388278388278388,0.0115384615384615,0.763736263736264,0.0576923076923077,0.013003663003663,0.115201465201465
159773.411807,2579366.126422,0.0521100917431193,0.0620183486238532,0.532293577981651,0.141100917431193,0.00642201834862385,0.20605504587156
160273.411807,2579366.126422,0.0340228107481152,0.206843224434564,0.598492170887299,0.085057026870288,0.00966557123526,0.0659191958244732
159273.411807,2578866.126422,0.0104510451045105,0.0372203887055372,0.283828382838284,0.0542720938760543,0.017968463513018,0.596259625962596
159773.411807,2578866.126422,0.0186813186813187,0.106776556776557,0.637362637362637,0.186996336996337,0.00879120879120879,0.0413919413919414
160273.411807,2578866.126422,0.00887688151292937,0.130837514473176,0.7693940563489,0.0198764955615592,0.00231570822076418,0.0686993438826708
158773.411807,2578366.126422,0.0066018705299835,0.0295250320924262,0.668806161745828,0.0612506876948469,0.0106363469649734,0.223179900971942
159273.411807,2578366.126422,0.0117280557082646,0.118929814916621,0.421843503756643,0.0919919369617006,0.0929081913139087,0.262598497342862
159773.411807,2578366.126422,0.00256927876674619,0.166636080014682,0.549091576436043,0.19489814644889,0.0216553496054322,0.065149568728207
160273.411807,2578366.126422,0.0430917874396135,0.184734299516908,0.634009661835749,0.0202898550724638,0.0108212560386473,0.107053140096618
158773.411807,2577866.126422,0.00348559897266557,0.213905705375161,0.231700605393506,0.244175380664098,0.0293524124013942,0.277380297193176
159273.411807,2577866.126422,0.00238095238095238,0.102197802197802,0.708974358974359,0.143589743589744,0.00879120879120879,0.0340659340659341
159773.411807,2577866.126422,0.0018348623853211,0.129724770642202,0.774678899082569,0.0724770642201835,0.00146788990825688,0.0198165137614679
160273.411807,2577866.126422,0.0170114053740576,0.176106707906437,0.6133771505896,0.0800309298279528,0.0317030736516528,0.0817707326502996
158773.411807,2577366.126422,0.00659340659340659,0.0289377289377289,0.406959706959707,0.415201465201465,0.0285714285714286,0.113736263736264
159273.411807,2577366.126422,0,0.0264026402640264,0.764576457645765,0.130729739640631,0.017968463513018,0.0603226989365603
159773.411807,2577366.126422,0.00750915750915751,0.0496336996336996,0.649267399267399,0.086996336996337,0.0419413919413919,0.164652014652015
160273.411807,2577366.126422,0.00115785411038209,0.0669625627170976,0.748166730991895,0.135661906599768,0.0293323041296797,0.0187186414511772
157773.411807,2576866.126422,0,0.118380062305296,0.478834524463991,0.281656587868792,0.0113615539673813,0.109767271394539
158273.411807,2576866.126422,0.00146815929528354,0.205725821251606,0.376949899064048,0.341347036153423,0.0047715177096715,0.0697375665259681
158773.411807,2576866.126422,0,0.163029525032092,0.558958371538603,0.245919677241885,0.00403447643498991,0.0280579497524299
159273.411807,2576866.126422,0,0.0886934212937511,0.672897196261682,0.212021257100971,0.0124610591900312,0.0139270661535642
159773.411807,2576866.126422,0.00293631859056708,0.0963479537529822,0.671315837768398,0.151403927326115,0.0225729491649844,0.0554230133969536
160273.411807,2576866.126422,0.00618357487922705,0.111884057971014,0.590144927536232,0.158454106280193,0.0488888888888889,0.0844444444444444
157773.411807,2576366.126422,0.0124542124542125,0.15989010989011,0.542857142857143,0.231318681318681,0.00787545787545788,0.0456043956043956
158273.411807,2576366.126422,0.00055045871559633,0.181284403669725,0.47302752293578,0.31045871559633,0.00146788990825688,0.0332110091743119
158773.411807,2576366.126422,0.000733810310034856,0.125114657860943,0.708860759493671,0.112456430012842,0.014125848468171,0.0387084938543387
159273.411807,2576366.126422,0,0.211904761904762,0.60018315018315,0.106410256410256,0.017032967032967,0.0644688644688645
159773.411807,2576366.126422,0.00018348623853211,0.162752293577982,0.67045871559633,0.107706422018349,0.0073394495412844,0.0515596330275229
160273.411807,2576366.126422,0.0013531799729364,0.147109994200657,0.648173207036536,0.145176879953605,0.0278368451575488,0.0303498936787164
157773.411807,2575866.126422,0.00183351668500183,0.204620462046205,0.583241657499083,0.106160616061606,0.0212687935460213,0.0828749541620829
158273.411807,2575866.126422,0.00476190476190476,0.197252747252747,0.0558608058608059,0.65,0.00421245421245421,0.0879120879120879
158773.411807,2575866.126422,0.00164835164835165,0.286996336996337,0.140659340659341,0.469413919413919,0.0141025641025641,0.0871794871794872
159273.411807,2575866.126422,0.00256692335900257,0.150531719838651,0.743491015768244,0.0628896222955629,0.0126512651265127,0.0278694536120279
159773.411807,2575866.126422,0.0043956043956044,0.26996336996337,0.575824175824176,0.0551282051282051,0.00879120879120879,0.0858974358974359
160273.411807,2575866.126422,0.00115785411038209,0.233307603241992,0.583172520262447,0.114627556927827,0.0223851794673871,0.0453492859899653
157773.411807,2575366.126422,0,0.131390874106652,0.684258750229064,0.0954737035000916,0.0155763239875389,0.0733003481766538
158273.411807,2575366.126422,0,0.285740502844559,0.077995962561938,0.521380069737567,0.00293631859056708,0.11194714626537
158773.411807,2575366.126422,0.00165046763249587,0.279479185769301,0.355767467449111,0.225930680359435,0.00733541169998166,0.129836787089675
159273.411807,2575366.126422,0.00164925783397471,0.186732636980026,0.611691405534176,0.0813633864760858,0.0183250870441635,0.100238226131574
159773.411807,2575366.126422,0.00275279867865663,0.152505046797578,0.682877592218756,0.117452743622683,0.0143145531290145,0.0300972655533125
160273.411807,2575366.126422,0.00483091787439614,0.141835748792271,0.685410628019324,0.100676328502415,0.0338164251207729,0.0334299516908213
157773.411807,2574866.126422,0.00256410256410256,0.122161172161172,0.550549450549451,0.242307692307692,0.00586080586080586,0.0765567765567766
158273.411807,2574866.126422,0.00018348623853211,0.222935779816514,0.04,0.622935779816514,0.00110091743119266,0.112844036697248
158773.411807,2574866.126422,0.00642084021280499,0.199412951751972,0.153733259952302,0.588332416070446,0.0168776371308017,0.0352228948816731
159273.411807,2574866.126422,0.00787545787545788,0.106227106227106,0.726556776556777,0.0782051282051282,0.0318681318681319,0.0492673992673993
159773.411807,2574866.126422,0.00055045871559633,0.139816513761468,0.685321100917431,0.100733944954128,0.023302752293578,0.0502752293577982
160273.411807,2574866.126422,0,0.0711386042915136,0.692248211869322,0.121592886139571,0.0873767639667504,0.0276435337328436
157773.411807,2574366.126422,0.00458379171250458,0.0894756142280895,0.477081041437477,0.306380638063806,0.033003300330033,0.0894756142280895
158273.411807,2574366.126422,0.00384615384615385,0.132967032967033,0.304945054945055,0.51996336996337,0.017032967032967,0.0212454212454212
158773.411807,2574366.126422,0,0.101098901098901,0.695238095238095,0.153663003663004,0.0043956043956044,0.0456043956043956
159273.411807,2574366.126422,0.00256692335900257,0.0592225889255592,0.899339933993399,0.0187018701870187,0.000733406674000733,0.0194352768610194
159773.411807,2574366.126422,0.0434065934065934,0.131318681318681,0.406959706959707,0.176556776556777,0.0549450549450549,0.186813186813187
160273.411807,2574366.126422,0.0264376688537244,0.0279814743342339,0.029718255499807,0.614820532612891,0.252026244693169,0.0490158240061752
157273.411807,2573866.126422,0,0,1,0,0,0
157773.411807,2573866.126422,0.0311526479750779,0.0309693971046362,0.411581455011911,0.50229063588052,0.0240058640278541,0
158273.411807,2573866.126422,0,0,0.85079831161681,0.14920168838319,0,0
158773.411807,2573866.126422,0.00256739409499358,0.0938932697597653,0.72418852008069,0.0946268109297634,0.01998899688245,0.0647350082523382
159273.411807,2573866.126422,0.00458127176104087,0.0809968847352025,0.498442367601246,0.296133406633681,0.0720175920835624,0.0478284771852666
159773.411807,2573866.126422,0.000367039823820885,0.0662506881996697,0.447788585061479,0.359515507432556,0.113598825472564,0.0124793540099101
160273.411807,2573866.126422,0.0285990338164251,0.0533333333333333,0.243671497584541,0.344541062801932,0.239420289855072,0.0904347826086957
157273.411807,2573366.126422,0,0,0.998348926802422,0.00165107319757843,0,0
157773.411807,2573366.126422,0,0.00311355311355311,0.582051282051282,0.412087912087912,0.00274725274725275,0
158273.411807,2573366.126422,0.00128440366972477,0.0073394495412844,0.827155963302752,0.156330275229358,0.0036697247706422,0.00422018348623853
158773.411807,2573366.126422,0.02568336085122,0.243625022931572,0.315538433314988,0.197394973399376,0.103100348559897,0.114657860942946
159273.411807,2573366.126422,0.00549450549450549,0.147985347985348,0.265384615384615,0.364102564102564,0.123076923076923,0.093956043956044
159773.411807,2573366.126422,0,0.0823853211009174,0.426788990825688,0.32605504587156,0.110642201834862,0.0541284403669725
160273.411807,2573366.126422,0.0143050454281848,0.0674656872221148,0.521747535279335,0.238739609510922,0.0837038468973516,0.0740382756620916
157273.411807,2572866.126422,0,0,0.977106227106227,0.0228937728937729,0,0
157773.411807,2572866.126422,0,0.00513384671800513,0.56985698569857,0.397139713971397,0.0278694536120279,0
158273.411807,2572866.126422,0,0,0.912454212454212,0.0875457875457875,0,0
158773.411807,2572866.126422,0.00201465201465201,0.0146520146520147,0.896520146520147,0.0836996336996337,0.0021978021978022,0.000915750915750916
159273.411807,2572866.126422,0.00366703337000367,0.0814081408140814,0.478181151448478,0.32966629996333,0.0341034103410341,0.072973964063073
159773.411807,2572866.126422,0.0364468864468864,0.0983516483516483,0.278021978021978,0.329304029304029,0.111721611721612,0.146153846153846
160273.411807,2572866.126422,0.0526823620223852,0.133153222693941,0.102663064453879,0.0683133925125434,0.11057506754149,0.532612890775762
157273.411807,2572366.126422,0.0223500774507634,0.0212436379730029,0.471564505421553,0.459393671166187,0.025448107988493,0
157773.411807,2572366.126422,0,0,0.47875166002656,0.52124833997344,0,0
158273.411807,2572366.126422,0,0.0104097452934662,0.969435215946844,0.0124031007751938,0.00155038759689922,0.0062015503875969
158773.411807,2572366.126422,0,0.168178800619606,0.554547466253596,0.174374861695065,0.0318654569595043,0.0710334144722284
159273.411807,2572366.126422,0.00464807436918991,0.185701637892873,0.544488711819389,0.104028331119965,0.0121735281097831,0.1489597166888
159773.411807,2572366.126422,0.00110741971207087,0.14905869324474,0.429014396456257,0.21328903654485,0.0644518272425249,0.143078626799557
160273.411807,2572366.126422,0.00306459217350306,0.205563413484206,0.188590287600189,0.217350306459217,0.116218764733616,0.269212635549269
