"x","y","forest","agri","water","built","other","grass"
262773.411807,2765366.126422,0.117550349362926,0.220509658857378,0,0.00020550760378134,0.0131524866420058,0.648581997533909
263273.411807,2765366.126422,0.178165137614679,0.0871559633027523,0.00293577981651376,0.071743119266055,0.118165137614679,0.541834862385321
263773.411807,2765366.126422,0.0796184186387819,0.15978719501009,0.0616400660429279,0.0543019629425793,0.109154283617685,0.535498073747936
264273.411807,2765366.126422,0.0624542124542125,0.199084249084249,0.297069597069597,0.0353479853479853,0.0534798534798535,0.352564102564103
264773.411807,2765366.126422,0.0370642201834862,0.363669724770642,0,0.0315596330275229,0.0444036697247706,0.523302752293578
265273.411807,2765366.126422,0.0632911392405063,0.129334067143643,0.242707760044029,0.0280682443588332,0.0895248578242524,0.447073931388736
265773.411807,2765366.126422,0.0567765567765568,0.338644688644689,0.00989010989010989,0.01996336996337,0.0653846153846154,0.509340659340659
266273.411807,2765366.126422,0.0746788990825688,0.153394495412844,0.00036697247706422,0.241100917431193,0.182201834862385,0.348256880733945
266773.411807,2765366.126422,0.147495872317006,0.0399926618968997,0,0.156485048614933,0.1284168042561,0.527609612915061
267273.411807,2765366.126422,0.109340659340659,0.176373626373626,0,0.0954212454212454,0.17967032967033,0.439194139194139
267773.411807,2765366.126422,0.0609174311926605,0.195596330275229,0.083302752293578,0.0130275229357798,0.0851376146788991,0.562018348623853
268273.411807,2765366.126422,0.117409649605577,0.19115758576408,0.00238488350761328,0.0359567051917079,0.200697119794533,0.452394056136489
268773.411807,2765366.126422,0.0882783882783883,0.23956043956044,0,0.0181318681318681,0.152564102564103,0.501465201465201
269273.411807,2765366.126422,0.108440366972477,0.291192660550459,0.0407339449541284,0.0055045871559633,0.0671559633027523,0.48697247706422
269773.411807,2765366.126422,0.120528343423225,0.1326362135388,0.00220143093010457,0.0315538433314988,0.106585947532563,0.606494221243808
270273.411807,2765366.126422,0.0917582417582418,0.174725274725275,0,0.0474358974358974,0.178754578754579,0.507326007326007
270773.411807,2765366.126422,0.0965137614678899,0.193577981651376,0,0.0159633027522936,0.132844036697248,0.561100917431193
271273.411807,2765366.126422,0.0964960557695836,0.354797284901853,0,0.0223812144560631,0.0898917629792699,0.436433681893231
271773.411807,2765366.126422,0.0347985347985348,0.130769230769231,0.355128205128205,0.00787545787545788,0.0144688644688645,0.456959706959707
272273.411807,2765366.126422,0.0673394495412844,0.168807339449541,0.0262385321100917,0.0871559633027523,0.110275229357798,0.540183486238532
272773.411807,2765366.126422,0.188956154833975,0.0832874701889562,0.00678774536782242,0.0111906072280316,0.0188956154833975,0.690882406897817
273273.411807,2765366.126422,0.0895604395604396,0.0864468864468864,0.00274725274725275,0.370512820512821,0.16043956043956,0.29029304029304
273773.411807,2765366.126422,0.0867889908256881,0.128073394495413,0.202201834862385,0.105688073394495,0.0831192660550459,0.394128440366972
274273.411807,2765366.126422,0.0638414969730325,0.23536965694368,0.16125481563016,0.0577875619152449,0.0731975784259769,0.408548890111906
274773.411807,2765366.126422,0.0547619047619048,0.0826007326007326,0.0496336996336996,0.636263736263736,0.106776556776557,0.06996336996337
262773.411807,2764866.126422,0.129138391939132,0.113304544519844,0,0.100555212831585,0.132428542052231,0.524573308657208
263273.411807,2764866.126422,0.234981684981685,0.0923076923076923,0.000915750915750916,0.107692307692308,0.13956043956044,0.424542124542125
263773.411807,2764866.126422,0.0782051282051282,0.168131868131868,0.058974358974359,0.058974358974359,0.101648351648352,0.534065934065934
264273.411807,2764866.126422,0.0792079207920792,0.204620462046205,0.304363769710304,0.0166850018335167,0.0253025302530253,0.36982031536487
264773.411807,2764866.126422,0.0578754578754579,0.298168498168498,0,0.0375457875457875,0.0663003663003663,0.54010989010989
265273.411807,2764866.126422,0.0580586080586081,0.202197802197802,0.196336996336996,0.00714285714285714,0.0441391941391941,0.492124542124542
265773.411807,2764866.126422,0.103777044371104,0.212504583791712,0.154382104877154,0.0363036303630363,0.0357535753575358,0.457279061239457
266273.411807,2764866.126422,0.0642857142857143,0.174725274725275,0.111538461538462,0.0551282051282051,0.121794871794872,0.472527472527473
266773.411807,2764866.126422,0.233699633699634,0.0822344322344322,0,0.171794871794872,0.171428571428571,0.340842490842491
267273.411807,2764866.126422,0.128896222955629,0.105243857719105,0,0.123945727906124,0.235790245691236,0.406123945727906
267773.411807,2764866.126422,0.0785714285714286,0.0304029304029304,0,0.324725274725275,0.257142857142857,0.309157509157509
268273.411807,2764866.126422,0.106959706959707,0.0996336996336996,0.00183150183150183,0.095970695970696,0.328937728937729,0.366666666666667
268773.411807,2764866.126422,0.11001100110011,0.304913824715805,0.0573890722405574,0.0315364869820315,0.130546387972131,0.365603226989366
269273.411807,2764866.126422,0.0521978021978022,0.283150183150183,0.162820512820513,0.0703296703296703,0.147985347985348,0.283516483516484
269773.411807,2764866.126422,0.142673992673993,0.105128205128205,0.0327838827838828,0.0133699633699634,0.139010989010989,0.567032967032967
270273.411807,2764866.126422,0.0396039603960396,0.304180418041804,0,0.0099009900990099,0.0458379171250458,0.6004767143381
270773.411807,2764866.126422,0.0595238095238095,0.264652014652015,0.115750915750916,0.108058608058608,0.155494505494505,0.296520146520147
271273.411807,2764866.126422,0.0545787545787546,0.36978021978022,0.0298534798534799,0.0397435897435897,0.116300366300366,0.38974358974359
271773.411807,2764866.126422,0.0812247891455812,0.271727172717272,0.000916758342500917,0.00623395672900623,0.0374037403740374,0.602493582691602
272273.411807,2764866.126422,0.0888278388278388,0.118681318681319,0.268315018315018,0.138644688644689,0.106776556776557,0.278754578754579
272773.411807,2764866.126422,0.0807692307692308,0.123443223443223,0.181135531135531,0.0619047619047619,0.0576923076923077,0.495054945054945
273273.411807,2764866.126422,0.105243857719105,0.074990832416575,0.0333700036670334,0.235790245691236,0.183901723505684,0.366703337000367
273773.411807,2764866.126422,0.0915750915750916,0.0241758241758242,0.0368131868131868,0.345970695970696,0.147985347985348,0.353479853479854
274273.411807,2764866.126422,0.184798534798535,0.0968864468864469,0.0415750915750916,0.318681318681319,0.139377289377289,0.218681318681319
274773.411807,2764866.126422,0.0517051705170517,0.0234690135680235,0,0.686651998533187,0.177851118445178,0.0603226989365603
262773.411807,2764366.126422,0.132401315789474,0.0583881578947368,0,0.0682565789473684,0.0752467105263158,0.665707236842105
263273.411807,2764366.126422,0.0924940356028629,0.188474949532024,0,0.093778674986236,0.102037071022206,0.523215268856671
263773.411807,2764366.126422,0.136622042912158,0.159545204474601,0,0.113148725472217,0.112781954887218,0.477902072253805
264273.411807,2764366.126422,0.155579989004948,0.129008612790911,0,0.0830126443100605,0.112699285321605,0.519699468572476
264773.411807,2764366.126422,0.0504679757753716,0.211047898697009,0,0.019086070838686,0.0649660488162966,0.654432005872637
265273.411807,2764366.126422,0.0460297084173849,0.147075004584632,0,0.0122868145974693,0.0493306436823767,0.745277828718137
265773.411807,2764366.126422,0.0815466373465274,0.121861828843687,0,0.0273043796958036,0.121495327102804,0.647791827011178
266273.411807,2764366.126422,0.0633143696091026,0.30280785465223,0,0.0967149935768031,0.118003303358414,0.41915947880345
266773.411807,2764366.126422,0.125068769484687,0.214010636346965,0.15202640748212,0.0291582615074271,0.0986612873647534,0.381074637814047
267273.411807,2764366.126422,0.234744365035734,0.0894264247755177,0,0.0139270661535642,0.0802638812534359,0.581638262781748
267773.411807,2764366.126422,0.109744907322444,0.132501376399339,0.0034868783262984,0.0102771150669848,0.110295467058176,0.633694255826757
268273.411807,2764366.126422,0.0801393728222996,0.243352283146892,0.00788556757748029,0.118833669539703,0.259673574179351,0.290115532734275
268773.411807,2764366.126422,0.0800806303829943,0.141469671980942,0.00366501740883269,0.143668682426242,0.192596664834158,0.438519332966832
269273.411807,2764366.126422,0.0724903652046247,0.168471279133786,0,0.0455129381537897,0.183336391998532,0.530189025509268
269773.411807,2764366.126422,0.0535485054098661,0.283330276911792,0.000366770584999083,0.00861910874747845,0.0537318907023657,0.600403447643499
270273.411807,2764366.126422,0.085761407366685,0.345611141652923,0.0185083379146051,0.0089792926516401,0.0645043063954554,0.476635514018692
270773.411807,2764366.126422,0.100385391815012,0.366305744173243,0.000550559735731327,0.0220223894292531,0.100018351991191,0.41071756285557
271273.411807,2764366.126422,0.0905923344947735,0.263341280029342,0.0143040528149642,0.0777553640198056,0.196772418852008,0.357234549789107
271773.411807,2764366.126422,0.109767271394539,0.101887483965549,0.000366501740883269,0.00238226131574125,0.0199743448781382,0.765622136705149
272273.411807,2764366.126422,0.132317856487429,0.188107909708203,0.0196366305744173,0.127362818865847,0.138741053404294,0.393833730959809
272773.411807,2764366.126422,0.144690995782138,0.118283513662204,0.0238400880249404,0.193288098294517,0.0717036493673207,0.44819365486888
273273.411807,2764366.126422,0.16364302730438,0.109950522264981,0,0.051126992853216,0.111783030969397,0.563496426608026
273773.411807,2764366.126422,0.208111580106442,0.0754266837951918,0.0222059093411635,0.19067718847495,0.166452560102771,0.337126078179482
274273.411807,2764366.126422,0.0882083256922795,0.0265908674124335,0.013203741059967,0.5600586832936,0.167247386759582,0.144690995782138
274773.411807,2764366.126422,0.0318856514568444,0.0260216236027121,0.000549752611324904,0.811251603445116,0.11434854315558,0.0159428257284222
262773.411807,2763866.126422,0.0606247431154953,0.172831894780107,0,0.0189066995478833,0.0838471023427867,0.663789560213728
263273.411807,2763866.126422,0.051743119266055,0.101284403669725,0.276146788990826,0.120917431192661,0.0539449541284404,0.395963302752294
263773.411807,2763866.126422,0.0860392588515869,0.250229315721886,0.00091726288754357,0.190790680609063,0.0966795083470923,0.375343973582829
264273.411807,2763866.126422,0.0970695970695971,0.191391941391941,0,0.0465201465201465,0.0815018315018315,0.583516483516484
264773.411807,2763866.126422,0.0811009174311927,0.147339449541284,0.0328440366972477,0.0563302752293578,0.0926605504587156,0.589724770642202
265273.411807,2763866.126422,0.123463584663365,0.131168592918731,0,0.0300862227114291,0.077600440286186,0.63768115942029
265773.411807,2763866.126422,0.0505494505494506,0.108974358974359,0,0.0102564102564103,0.0391941391941392,0.791025641025641
266273.411807,2763866.126422,0.0330275229357798,0.138165137614679,0.00770642201834862,0.0856880733944954,0.0908256880733945,0.644587155963303
266773.411807,2763866.126422,0.107870115575124,0.0486149330398092,0.020546688680976,0.00935608145294441,0.101449275362319,0.712162905888828
267273.411807,2763866.126422,0.310805860805861,0.0767399267399267,0.00384615384615385,0.0380952380952381,0.173443223443223,0.397069597069597
267773.411807,2763866.126422,0.141834862385321,0.191192660550459,0.00752293577981651,0.0154128440366972,0.0640366972477064,0.58
268273.411807,2763866.126422,0.11410750321042,0.0843881856540084,0,0.0100898917629793,0.124564300128417,0.666850119244175
268773.411807,2763866.126422,0.154578754578755,0.0694139194139194,0,0.117399267399267,0.297619047619048,0.360989010989011
269273.411807,2763866.126422,0.193394495412844,0.161834862385321,0.0438532110091743,0.107155963302752,0.248073394495413,0.245688073394495
269773.411807,2763866.126422,0.140157769216657,0.208402128049899,0,0.0091726288754357,0.0799853237937993,0.562282150064208
270273.411807,2763866.126422,0.0798534798534798,0.348168498168498,0.000915750915750916,0.0175824175824176,0.0998168498168498,0.453663003663004
270773.411807,2763866.126422,0.110642201834862,0.277981651376147,0,0.0121100917431193,0.134495412844037,0.464770642201835
271273.411807,2763866.126422,0.118877270225647,0.160521005320125,0,0.015410016510732,0.107686662997615,0.597505044945882
271773.411807,2763866.126422,0.19981684981685,0.332234432234432,0,0.0032967032967033,0.0595238095238095,0.405128205128205
272273.411807,2763866.126422,0.0878899082568807,0.233394495412844,0,0.237064220183486,0.0915596330275229,0.350091743119266
272773.411807,2763866.126422,0.0559530361401578,0.2568336085122,0,0.392588515868648,0.0535681526325445,0.24105668684645
273273.411807,2763866.126422,0.0659340659340659,0.156959706959707,0,0.151098901098901,0.122344322344322,0.503663003663004
273773.411807,2763866.126422,0.0460550458715596,0.038348623853211,0.0018348623853211,0.699816513761468,0.121651376146789,0.0922935779816514
274273.411807,2763866.126422,0.0431113557145478,0.0234819299211154,0.0117409649605577,0.73747936158503,0.169326729040543,0.0148596587782058
274773.411807,2763866.126422,0.03003663003663,0.036996336996337,0.000183150183150183,0.723443223443223,0.162087912087912,0.0472527472527473
262773.411807,2763366.126422,0.0376310919185688,0.33538967715402,0.0721776681061073,0.0600452395640551,0.0767016245116183,0.41805469874563
263273.411807,2763366.126422,0.0659340659340659,0.174908424908425,0.0681318681318681,0.0985347985347985,0.0831501831501831,0.509340659340659
263773.411807,2763366.126422,0.0635531135531135,0.11043956043956,0.0818681318681319,0.231501831501832,0.128021978021978,0.384615384615385
264273.411807,2763366.126422,0.0583058305830583,0.304547121378805,0.0044004400440044,0.0696736340300697,0.077007700770077,0.486065273193986
264773.411807,2763366.126422,0.106776556776557,0.185897435897436,0.0175824175824176,0.0573260073260073,0.107875457875458,0.524542124542125
265273.411807,2763366.126422,0.0380952380952381,0.150549450549451,0,0.265567765567766,0.0593406593406593,0.486446886446886
265773.411807,2763366.126422,0.079024569123579,0.221855518885222,0.142280894756142,0.0099009900990099,0.0491382471580491,0.497799779977998
266273.411807,2763366.126422,0.0529304029304029,0.0450549450549451,0.234065934065934,0.0179487179487179,0.111904761904762,0.538095238095238
266773.411807,2763366.126422,0.0725274725274725,0.0258241758241758,0.00128205128205128,0.00567765567765568,0.0697802197802198,0.824908424908425
267273.411807,2763366.126422,0.134763476347635,0.112394572790612,0.0102676934360103,0.0306197286395306,0.134580124679135,0.577374404107077
267773.411807,2763366.126422,0.149267399267399,0.0794871794871795,0.00274725274725275,0.05,0.154945054945055,0.563553113553114
268273.411807,2763366.126422,0.0934065934065934,0.112454212454212,0,0.00677655677655678,0.233882783882784,0.553479853479854
268773.411807,2763366.126422,0.0977264393105977,0.348001466813348,0.0044004400440044,0.00403373670700403,0.0401540154015402,0.505683901723506
269273.411807,2763366.126422,0.110805860805861,0.0913919413919414,0.00128205128205128,0.116666666666667,0.227106227106227,0.452747252747253
269773.411807,2763366.126422,0.259157509157509,0.114468864468864,0,0.00476190476190476,0.182600732600733,0.439010989010989
270273.411807,2763366.126422,0.0595892922625596,0.192702603593693,0.000183351668500183,0.0331866519985332,0.169416941694169,0.544921158782545
270773.411807,2763366.126422,0.0452380952380952,0.309340659340659,0,0.0119047619047619,0.0611721611721612,0.572344322344322
271273.411807,2763366.126422,0.0783882783882784,0.205494505494505,0.00805860805860806,0.0276556776556777,0.182417582417582,0.497985347985348
271773.411807,2763366.126422,0.13989732306564,0.141914191419142,0,0.0471213788045471,0.114228089475614,0.556839017235057
272273.411807,2763366.126422,0.100915750915751,0.377106227106227,0,0.043040293040293,0.0846153846153846,0.394322344322344
272773.411807,2763366.126422,0.206776556776557,0.107142857142857,0,0.0877289377289377,0.12967032967033,0.468681318681319
273273.411807,2763366.126422,0.143197653098643,0.0476714338100477,0.00238357169050238,0.0836083608360836,0.138797213054639,0.584341767510084
273773.411807,2763366.126422,0.0661172161172161,0.0415750915750916,0.000366300366300366,0.632417582417582,0.207875457875458,0.0516483516483516
274273.411807,2763366.126422,0.0582417582417582,0.0236263736263736,0,0.71996336996337,0.162087912087912,0.0360805860805861
274773.411807,2763366.126422,0.057022368903557,0.0733406674000733,0.00055005500550055,0.675834250091676,0.125962596259626,0.0672900623395673
262773.411807,2762866.126422,0.0836759868421053,0.164679276315789,0.00164473684210526,0.178865131578947,0.131578947368421,0.439555921052632
263273.411807,2762866.126422,0.0833180400073408,0.225178931914113,0,0.0484492567443568,0.0719398054688934,0.571113965865296
263773.411807,2762866.126422,0.0425453878598936,0.228314689161929,0.00128369704749679,0.340729873464148,0.0953603520997616,0.291766000366771
264273.411807,2762866.126422,0.0696353307678211,0.0393989371449514,0.000366501740883269,0.539490562580172,0.143851933296683,0.207256734469489
264773.411807,2762866.126422,0.0857037988621766,0.184804551293815,0.122224261332355,0.151403927326115,0.0822169205358781,0.37364654064966
265273.411807,2762866.126422,0.10783055198973,0.172748945534568,0.00311754997249221,0.151292866312122,0.0977443609022556,0.467265725288832
265773.411807,2762866.126422,0.0866776617188932,0.0958402052409749,0,0.12662635147517,0.144768187648891,0.546087593916071
266273.411807,2762866.126422,0.223343732795008,0.0251422279317306,0.00513855753349238,0.130299137456414,0.138924573316205,0.47715177096715
266773.411807,2762866.126422,0.25582248303686,0.233082706766917,0.0115532734274711,0.000916926462497708,0.0689528699798276,0.429671740326426
267273.411807,2762866.126422,0.0714678394722375,0.170240058640279,0.0117280557082646,0.0214403518416712,0.210188748396555,0.514934945940993
267773.411807,2762866.126422,0.209396219489815,0.0657001284639383,0,0.0653330886401175,0.297852817030648,0.361717746375482
268273.411807,2762866.126422,0.114249037227214,0.132220795892169,0.00256739409499358,0.00256739409499358,0.0588666788923528,0.689528699798276
268773.411807,2762866.126422,0.091258933479934,0.250870441634598,0.00146600696353308,0.00439802089059923,0.0775151181968114,0.574491478834524
269273.411807,2762866.126422,0.243897962928978,0.212332538080382,0.0229399889888053,0.0102771150669848,0.151403927326115,0.359148467608736
269773.411807,2762866.126422,0.26389143590684,0.0319090408949202,0,0.0605171465248487,0.305336512011737,0.338345864661654
270273.411807,2762866.126422,0.131940626717977,0.03811618105186,0,0.187648891332234,0.265347260399487,0.376947040498442
270773.411807,2762866.126422,0.0880895577170123,0.251605799229216,0.000550559735731327,0.00642319691686548,0.052303174894476,0.601027711506698
271273.411807,2762866.126422,0.144690995782138,0.270309921144324,0.0474967907573813,0.00861910874747845,0.0605171465248487,0.468366037043829
271773.411807,2762866.126422,0.16364302730438,0.026571376214037,0,0.0584570276708814,0.202858713578889,0.548469855231812
272273.411807,2762866.126422,0.112864745824922,0.114149385208295,0,0.16993943842907,0.210497338961277,0.392549091576436
272773.411807,2762866.126422,0.174949569044563,0.0212726939299468,0.000183385292499542,0.288465065101779,0.265175132954337,0.249954153676875
273273.411807,2762866.126422,0.175187832142203,0.119662818398387,0.000183250870441635,0.155579989004948,0.15246472420744,0.396921385376581
273773.411807,2762866.126422,0.119471462653698,0.0464305377133419,0.000367039823820885,0.587080198201505,0.179849513672233,0.066801247935401
274273.411807,2762866.126422,0.0618008435723455,0.033192737942417,0.000183385292499542,0.745644599303136,0.124335228314689,0.0348432055749129
274773.411807,2762866.126422,0.106285504856148,0.0207073483599047,0.032618654938611,0.590434304562947,0.133773135422393,0.116181051859996
262773.411807,2762366.126422,0.0978216193999178,0.243115495273325,0.00780928894369092,0.00184956843403206,0.0168516235100699,0.632552404438964
263273.411807,2762366.126422,0.0537614678899083,0.118532110091743,0.411376146788991,0.083302752293578,0.0812844036697248,0.251743119266055
263773.411807,2762366.126422,0.0676940011007155,0.215740231150248,0.0238488350761328,0.262887543569987,0.149697303247111,0.280132085855806
264273.411807,2762366.126422,0.146336996336996,0.0503663003663004,0.0141025641025641,0.199084249084249,0.111172161172161,0.478937728937729
264773.411807,2762366.126422,0.071743119266055,0.0818348623853211,0.0339449541284404,0.379816513761468,0.106605504587156,0.32605504587156
265273.411807,2762366.126422,0.0203632361034673,0.238304898183819,0.0689781691432765,0.113740598055403,0.0671436433681893,0.491469455145845
265773.411807,2762366.126422,0.0871794871794872,0.104761904761905,0.000732600732600733,0.0450549450549451,0.115201465201465,0.647069597069597
266273.411807,2762366.126422,0.103302752293578,0.13302752293578,0.00110091743119266,0.0765137614678899,0.12605504587156,0.56
266773.411807,2762366.126422,0.171895065125665,0.00953953403045313,0.00201797835259585,0.0691616217207852,0.12126215373326,0.626123647037241
267273.411807,2762366.126422,0.0963369963369963,0.187545787545788,0.0106227106227106,0.0133699633699634,0.174542124542125,0.517582417582418
267773.411807,2762366.126422,0.234128440366972,0.0469724770642202,0.0255045871559633,0.0194495412844037,0.284403669724771,0.38954128440367
268273.411807,2762366.126422,0.215556778572739,0.15978719501009,0,0.00366905155017428,0.0728306732709595,0.548156301596037
268773.411807,2762366.126422,0.214102564102564,0.108974358974359,0.0113553113553114,0.0146520146520147,0.155494505494505,0.495421245421245
269273.411807,2762366.126422,0.379082568807339,0.0438532110091743,0.00238532110091743,0.0326605504587156,0.282201834862385,0.259816513761468
269773.411807,2762366.126422,0.369656943680059,0.0253164556962025,0,0.0227481196110805,0.244175380664098,0.33810310034856
270273.411807,2762366.126422,0.193772893772894,0.0666666666666667,0,0.0853479853479854,0.342857142857143,0.311355311355311
270773.411807,2762366.126422,0.0396330275229358,0.477798165137615,0.00715596330275229,0.0605504587155963,0.0981651376146789,0.316697247706422
271273.411807,2762366.126422,0.075032104201064,0.317372959090075,0,0.0214639515685195,0.0632911392405063,0.522839845899835
271773.411807,2762366.126422,0.082967032967033,0.0179487179487179,0.000183150183150183,0.269230769230769,0.226373626373626,0.403296703296703
272273.411807,2762366.126422,0.165137614678899,0.081651376146789,0.0651376146788991,0.119633027522936,0.143669724770642,0.424770642201835
272773.411807,2762366.126422,0.068611263988259,0.0638414969730325,0.00880572372041827,0.429095578792882,0.109704641350211,0.319941295175197
273273.411807,2762366.126422,0.0673992673992674,0.223076923076923,0.00146520146520147,0.352930402930403,0.0796703296703297,0.275457875457875
273773.411807,2762366.126422,0.0732110091743119,0.0225688073394495,0.00678899082568807,0.751559633027523,0.0792660550458716,0.066605504587156
274273.411807,2762366.126422,0.0521005320124748,0.026967528893781,0.000183452577508714,0.786461199779857,0.121078701155751,0.0132085855806274
274773.411807,2762366.126422,0.0688644688644689,0.0267399267399267,0.00164835164835165,0.748168498168498,0.128937728937729,0.0256410256410256
262773.411807,2761866.126422,0.15751593666461,0.119267941599835,0.000822537528274727,0.0438001233806292,0.0900678593460827,0.588525601480568
263273.411807,2761866.126422,0.0622710622710623,0.117948717948718,0.0117216117216117,0.0710622710622711,0.0534798534798535,0.683516483516484
263773.411807,2761866.126422,0.0703296703296703,0.0725274725274725,0.0580586080586081,0.20018315018315,0.125641025641026,0.473260073260073
264273.411807,2761866.126422,0.103410341034103,0.0267693436010268,0.000183351668500183,0.409057572423909,0.178767876787679,0.281811514484782
264773.411807,2761866.126422,0.078021978021978,0.063003663003663,0.00293040293040293,0.35018315018315,0.163369963369963,0.342490842490842
265273.411807,2761866.126422,0.0206959706959707,0.0366300366300366,0.00476190476190476,0.564468864468864,0.167032967032967,0.206410256410256
265773.411807,2761866.126422,0.0520718738540521,0.0396039603960396,0.0491382471580491,0.44994499449945,0.176384305097176,0.232856618995233
266273.411807,2761866.126422,0.0672161172161172,0.0434065934065934,0.0274725274725275,0.202380952380952,0.111721611721612,0.547802197802198
266773.411807,2761866.126422,0.0824175824175824,0.176556776556777,0,0.0706959706959707,0.113186813186813,0.557142857142857
267273.411807,2761866.126422,0.0913091309130913,0.239457279061239,0.00055005500550055,0.0183351668500183,0.11991199119912,0.53043637697103
267773.411807,2761866.126422,0.241391941391941,0.0205128205128205,0,0.0360805860805861,0.184798534798535,0.517216117216117
268273.411807,2761866.126422,0.0523809523809524,0.10018315018315,0,0.043040293040293,0.0564102564102564,0.747985347985348
268773.411807,2761866.126422,0.106894022735607,0.0742574257425743,0,0.187202053538687,0.172533920058673,0.459112577924459
269273.411807,2761866.126422,0.207509157509158,0.03003663003663,0,0.126923076923077,0.290842490842491,0.344688644688645
269773.411807,2761866.126422,0.331684981684982,0.0106227106227106,0,0.0304029304029304,0.194505494505495,0.432783882783883
270273.411807,2761866.126422,0.164099743307664,0.0313531353135314,0,0.028969563623029,0.19050238357169,0.585075174184085
270773.411807,2761866.126422,0.0728937728937729,0.0366300366300366,0,0.275824175824176,0.245970695970696,0.368681318681319
271273.411807,2761866.126422,0.132967032967033,0.0362637362637363,0.00164835164835165,0.406410256410256,0.212271062271062,0.21043956043956
271773.411807,2761866.126422,0.141180784745141,0.0385038503850385,0.00146681334800147,0.508250825082508,0.141730839750642,0.168866886688669
272273.411807,2761866.126422,0.0783882783882784,0.0598901098901099,0.00293040293040293,0.637728937728938,0.123809523809524,0.0972527472527473
272773.411807,2761866.126422,0.0364468864468864,0.0419413919413919,0.0362637362637363,0.78992673992674,0.0675824175824176,0.0278388278388278
273273.411807,2761866.126422,0.026035936927026,0.0190685735240191,0.00696736340300697,0.843417675100843,0.0867253392005867,0.0177851118445178
273773.411807,2761866.126422,0.0380952380952381,0.0258241758241758,0.0100732600732601,0.69010989010989,0.171428571428571,0.0644688644688645
274273.411807,2761866.126422,0.15,0.0289377289377289,0.000183150183150183,0.42032967032967,0.265934065934066,0.134615384615385
274773.411807,2761866.126422,0.0971763843050972,0.0430876420975431,0.000366703337000367,0.573157315731573,0.127796112944628,0.158415841584158
262773.411807,2761366.126422,0.19140625,0.0557154605263158,0.0703125,0.0801809210526316,0.142886513157895,0.459498355263158
263273.411807,2761366.126422,0.0849697192145348,0.110846026793907,0.0620297302257295,0.0354193429987154,0.07469260414755,0.632042576619563
263773.411807,2761366.126422,0.0363102879149092,0.152943333944618,0.146158078122135,0.140473134054649,0.0872913992297818,0.436823766733908
264273.411807,2761366.126422,0.0588235294117647,0.0861279091075683,0.0868609125893348,0.305479201026205,0.147333699835074,0.315374748030053
264773.411807,2761366.126422,0.141493852082951,0.0359699027344467,0.000183519911910442,0.127913378601578,0.0864378785098183,0.608001468159295
265273.411807,2761366.126422,0.0405281496423987,0.272877315239318,0,0.0166880616174583,0.01998899688245,0.649917476618375
265773.411807,2761366.126422,0.0621220450797141,0.134689389774601,0.0864944108484515,0.107385010078798,0.0859446582371266,0.523364485981308
266273.411807,2761366.126422,0.193062947329785,0.0251422279317306,0.0475316571848046,0.409432923472197,0.109377867498624,0.215452376582859
266773.411807,2761366.126422,0.026407482119934,0.0770218228498075,0.000550155877498625,0.486154410416285,0.209609389326976,0.200256739409499
267273.411807,2761366.126422,0.0815466373465274,0.0296866410115448,0,0.207623236210372,0.141469671980942,0.539673813450614
267773.411807,2761366.126422,0.100201871903101,0.0370710222059093,0,0.256377316938888,0.314002569278767,0.292347219673335
268273.411807,2761366.126422,0.0544654318723638,0.0379607555474051,0,0.378874014304053,0.157894736842105,0.370805061434073
268773.411807,2761366.126422,0.141652922851384,0.0219901044529962,0,0.440901594282573,0.209455744914788,0.185999633498259
269273.411807,2761366.126422,0.235823086804918,0.0282620664342081,0.00293631859056708,0.225913011561754,0.24499908240044,0.262066434208112
269773.411807,2761366.126422,0.0878415551072804,0.0249403997799376,0.00385109114249037,0.10783055198973,0.243168897854392,0.532367504126169
270273.411807,2761366.126422,0.210555250137438,0.0406816932380429,0.00513102437236577,0.106102253985706,0.182517866959868,0.455011911306579
270773.411807,2761366.126422,0.0574417324279684,0.0326665443200587,0.00899247568361167,0.718113415305561,0.142594971554414,0.0401908607083869
271273.411807,2761366.126422,0.0584999083073537,0.0137538969374656,0.000733541169998166,0.785805978360535,0.0933431138822666,0.0478635613423803
271773.411807,2761366.126422,0.0311526479750779,0.0161260765988638,0.000733003481766538,0.719992669965182,0.148982957669049,0.0830126443100605
272273.411807,2761366.126422,0.0262433474031932,0.0227564690768948,0.0401908607083869,0.826023123508901,0.068452927142595,0.0163332721600294
272773.411807,2761366.126422,0.0962772785622593,0.017604988079956,0.0053181734824867,0.694296717403264,0.0814230698697964,0.105079772602237
273273.411807,2761366.126422,0.0408649441084845,0.0491112332783581,0.00824628916987356,0.78926149899212,0.0701850833791461,0.0423309510720176
273773.411807,2761366.126422,0.117636263534593,0.0273444668746559,0.0012846393833731,0.498990640484493,0.178748394200771,0.175995595522114
274273.411807,2761366.126422,0.169264624977077,0.0232899321474418,0.00183385292499542,0.399046396479002,0.151109481019622,0.255455712451861
274773.411807,2761366.126422,0.100054975261132,0.0474619754443834,0.000183250870441635,0.467656221367051,0.192413413963716,0.192230163093275
262773.411807,2760866.126422,0.062268803945746,0.179613645704891,0,0.154336210439786,0.150020550760378,0.453760789149199
263273.411807,2760866.126422,0.0662385321100917,0.114128440366972,0.084954128440367,0.0141284403669725,0.0315596330275229,0.688990825688073
263773.411807,2760866.126422,0.0579710144927536,0.0678774536782242,0.0532012474775271,0.0278847917813245,0.0533847000550358,0.739680792515135
264273.411807,2760866.126422,0.0822344322344322,0.111355311355311,0.108058608058608,0.301648351648352,0.0994505494505494,0.297252747252747
264773.411807,2760866.126422,0.0319266055045872,0.0526605504587156,0.0108256880733945,0.612660550458716,0.122201834862385,0.169724770642202
265273.411807,2760866.126422,0.0669601907906806,0.0990643918547056,0.0288020546688681,0.200146762062007,0.120161438268208,0.484865162355531
265773.411807,2760866.126422,0.082967032967033,0.0617216117216117,0.0186813186813187,0.397985347985348,0.118498168498168,0.32014652014652
266273.411807,2760866.126422,0.0656880733944954,0.0177981651376147,0,0.51743119266055,0.131559633027523,0.267522935779817
266773.411807,2760866.126422,0.24821133736929,0.0221977618785544,0.00862227114290956,0.376261236470372,0.219042377545405,0.125665015593469
267273.411807,2760866.126422,0.0598901098901099,0.00824175824175824,0,0.478388278388278,0.163919413919414,0.28956043956044
267773.411807,2760866.126422,0.196146788990826,0.0176146788990826,0,0.17394495412844,0.238532110091743,0.373761467889908
268273.411807,2760866.126422,0.0952118877270226,0.0260502660062374,0.000366905155017428,0.188222344523941,0.221427261053018,0.468721335534764
268773.411807,2760866.126422,0.420512820512821,0.0181318681318681,0,0.192490842490843,0.121978021978022,0.246886446886447
269273.411807,2760866.126422,0.197798165137615,0.0289908256880734,0.031743119266055,0.140550458715596,0.180917431192661,0.42
269773.411807,2760866.126422,0.115024766097964,0.0442120711796001,0,0.428912126215373,0.203448908457164,0.208402128049899
270273.411807,2760866.126422,0.101282051282051,0.0875457875457875,0.00586080586080586,0.323260073260073,0.17985347985348,0.302197802197802
270773.411807,2760866.126422,0.0581651376146789,0.0253211009174312,0.00403669724770642,0.772110091743119,0.0996330275229358,0.0407339449541284
271273.411807,2760866.126422,0.017978352595854,0.00807191341038342,0.000366905155017428,0.909741331865713,0.0548523206751055,0.00898917629792699
271773.411807,2760866.126422,0.0357142857142857,0.026007326007326,0.000366300366300366,0.820695970695971,0.0761904761904762,0.041025641025641
272273.411807,2760866.126422,0.023302752293578,0.0218348623853211,0.0036697247706422,0.854495412844037,0.0796330275229358,0.0170642201834862
272773.411807,2760866.126422,0.00366905155017428,0.00880572372041827,0,0.949367088607595,0.0372408732342689,0.00091726288754357
273273.411807,2760866.126422,0.052014652014652,0.0446886446886447,0.00201465201465201,0.772161172161172,0.1,0.0291208791208791
273773.411807,2760866.126422,0.0251376146788991,0.0255045871559633,0,0.825321100917431,0.0752293577981651,0.0488073394495413
274273.411807,2760866.126422,0.0816363969913777,0.0172445422858191,0.000366905155017428,0.784443221427261,0.0785177031737296,0.0377912309667951
274773.411807,2760866.126422,0.204212454212454,0.0135531135531136,0.00146520146520147,0.471245421245421,0.175457875457875,0.134065934065934
262773.411807,2760366.126422,0.0618959490026732,0.223524573308657,0.0555212831585441,0.00267324696689286,0.022002878881349,0.634382068681884
263273.411807,2760366.126422,0.0620879120879121,0.101098901098901,0.0351648351648352,0.130769230769231,0.0957875457875458,0.575091575091575
263773.411807,2760366.126422,0.0815018315018315,0.107142857142857,0.000183150183150183,0.224358974358974,0.103663003663004,0.483150183150183
264273.411807,2760366.126422,0.101026769343601,0.108910891089109,0.00055005500550055,0.196002933626696,0.116244957829116,0.477264393105977
264773.411807,2760366.126422,0.120512820512821,0.0457875457875458,0.0417582417582418,0.174542124542125,0.10018315018315,0.517216117216117
265273.411807,2760366.126422,0.159157509157509,0.00915750915750916,0,0.254761904761905,0.143772893772894,0.433150183150183
265773.411807,2760366.126422,0.168683535020169,0.0584891822515585,0,0.412357902456912,0.125045837917125,0.235423542354235
266273.411807,2760366.126422,0.032967032967033,0.0666666666666667,0,0.551465201465202,0.157142857142857,0.191758241758242
266773.411807,2760366.126422,0.0710622710622711,0.0139194139194139,0,0.603663003663004,0.121428571428571,0.18992673992674
267273.411807,2760366.126422,0.101393472680601,0.0192519251925193,0,0.376237623762376,0.109460946094609,0.393656032269894
267773.411807,2760366.126422,0.222893772893773,0.0201465201465201,0.0108058608058608,0.204212454212454,0.205128205128205,0.336813186813187
268273.411807,2760366.126422,0.248351648351648,0.0434065934065934,0.00860805860805861,0.078021978021978,0.0866300366300366,0.534981684981685
268773.411807,2760366.126422,0.298129812981298,0.00733406674000733,0.0113678034470114,0.153832049871654,0.112577924459113,0.416758342500917
269273.411807,2760366.126422,0.218498168498168,0.0549450549450549,0.0529304029304029,0.0516483516483516,0.0946886446886447,0.527289377289377
269773.411807,2760366.126422,0.127655677655678,0.0507326007326007,0.000366300366300366,0.112271062271062,0.141941391941392,0.567032967032967
270273.411807,2760366.126422,0.0740740740740741,0.132563256325633,0.0126512651265127,0.255958929226256,0.122478914558122,0.402273560689402
270773.411807,2760366.126422,0.0996336996336996,0.0595238095238095,0,0.661355311355311,0.107326007326007,0.0721611721611722
271273.411807,2760366.126422,0.0368131868131868,0.0177655677655678,0.000366300366300366,0.775457875457875,0.123260073260073,0.0463369963369963
271773.411807,2760366.126422,0.072973964063073,0.0614228089475614,0.00715071507150715,0.497799779977998,0.129446277961129,0.231206453978731
272273.411807,2760366.126422,0.0926739926739927,0.0472527472527473,0.0131868131868132,0.675641025641026,0.128205128205128,0.043040293040293
272773.411807,2760366.126422,0.0208791208791209,0.0247252747252747,0.000183150183150183,0.872893772893773,0.0664835164835165,0.0148351648351648
273273.411807,2760366.126422,0.0683901723505684,0.0346534653465347,0,0.726622662266227,0.129262926292629,0.0410707737440411
273773.411807,2760366.126422,0.0818681318681319,0.0124542124542125,0.000183150183150183,0.772893772893773,0.0721611721611722,0.0604395604395604
274273.411807,2760366.126422,0.0985347985347985,0.023992673992674,0,0.484065934065934,0.0836996336996337,0.30970695970696
274773.411807,2760366.126422,0.123762376237624,0.0344701136780345,0,0.185918591859186,0.133663366336634,0.522185551888522
262773.411807,2759866.126422,0.114309210526316,0.167763157894737,0.0222039473684211,0.113898026315789,0.0916940789473684,0.490131578947368
263273.411807,2759866.126422,0.0801982015048633,0.131400256927877,0.038172141677372,0.290695540466141,0.112497706001101,0.347036153422646
263773.411807,2759866.126422,0.0700531817348249,0.126719237117183,0.088391710984779,0.19182101595452,0.102879149092243,0.42013570511645
264273.411807,2759866.126422,0.179585853032802,0.180135605644127,0.0921751878321422,0.0632215503023639,0.0588235294117647,0.4260582737768
264773.411807,2759866.126422,0.0868049183336392,0.0519361350706552,0.0267939071389246,0.268306111213067,0.135988254725638,0.430170673518077
265273.411807,2759866.126422,0.138639281129653,0.0366770584999083,0,0.315422703099211,0.178067119017055,0.331193838254172
265773.411807,2759866.126422,0.0291368884002199,0.144035184167125,0.0945574491478835,0.0234561114165292,0.0733003481766538,0.635514018691589
266273.411807,2759866.126422,0.107175628555698,0.0423930996513122,0,0.0849697192145348,0.0974490732244448,0.66801247935401
266773.411807,2759866.126422,0.0966440491472584,0.0979277461947552,0.0203557674674491,0.416284613973959,0.0970108197322575,0.271777003484321
267273.411807,2759866.126422,0.0731170973062122,0.0542422576507238,0.00274876305662452,0.0921751878321422,0.0573575224482316,0.720359171706066
267773.411807,2759866.126422,0.109010827674803,0.0390897412369242,0.0469810974490732,0.163332721600294,0.220957973940172,0.420627638098734
268273.411807,2759866.126422,0.204291215844489,0.0130203557674674,0.0779387493123052,0.244635980194388,0.109481019622226,0.350632679259123
268773.411807,2759866.126422,0.21971779365952,0.0579072750595565,0.0789811251603445,0.0962067069818582,0.155213487264065,0.391973611874656
269273.411807,2759866.126422,0.127362818865847,0.147550009175996,0.0133969535694623,0.104239309965131,0.117085703798862,0.490365204624702
269773.411807,2759866.126422,0.145241151659637,0.123051531267192,0.00421786172748946,0.11608289015221,0.139372822299652,0.47203374289382
270273.411807,2759866.126422,0.119479567527946,0.0260216236027121,0,0.406083928898662,0.148066703316841,0.300348176653839
270773.411807,2759866.126422,0.148467608735548,0.0464305377133419,0.00972655533125344,0.567994127362819,0.146081849880712,0.0812993209763259
271273.411807,2759866.126422,0.0302585732624244,0.0473134054648817,0.0113698881349716,0.779570878415551,0.0731707317073171,0.0583165230148542
271773.411807,2759866.126422,0.0557082646142569,0.0546087593916071,0.00439802089059923,0.691955286787612,0.110133773135422,0.0831958951805021
272273.411807,2759866.126422,0.0512020554230134,0.0306478252890439,0.000183519911910442,0.761057074692604,0.0860708386859974,0.0708386859974307
272773.411807,2759866.126422,0.072803961122318,0.0207225380524482,0.00128369704749679,0.798826334128003,0.0682193288098294,0.0381441408399046
273273.411807,2759866.126422,0.0238226131574125,0.0113615539673813,0,0.833058457027671,0.101154480483782,0.030602895363753
