"x","y","forest","agri","water","built","other","grass"
275273.411807,2765366.126422,0.116197183098592,0.267018779342723,0.165786384976526,0.102992957746479,0.0933098591549296,0.254694835680751
275773.411807,2765366.126422,0.124380847550908,0.123096679508347,0,0.212254632177582,0.124931205283434,0.415336635479728
276273.411807,2765366.126422,0.0840659340659341,0.264285714285714,0,0.0608058608058608,0.131868131868132,0.458974358974359
276773.411807,2765366.126422,0.0594495412844037,0.219633027522936,0,0.16348623853211,0.141834862385321,0.415596330275229
277273.411807,2765366.126422,0.118693817648138,0.0854889011190607,0.0113740598055403,0.077600440286186,0.168042560997982,0.538800220143093
277773.411807,2765366.126422,0.0847985347985348,0.180769230769231,0.23040293040293,0.0452380952380952,0.117948717948718,0.340842490842491
278273.411807,2765366.126422,0.130825688073395,0.111743119266055,0.00018348623853211,0.154678899082569,0.190091743119266,0.412477064220183
278773.411807,2765366.126422,0.0845716382315172,0.0730141258484682,0.00110071546505228,0.292056503393873,0.183819482663731,0.365437534397358
279273.411807,2765366.126422,0.0928571428571429,0.0478021978021978,0.000183150183150183,0.535531135531136,0.233882783882784,0.0897435897435897
279773.411807,2765366.126422,0.0409174311926606,0.116330275229358,0.00293577981651376,0.478348623853211,0.196697247706422,0.164770642201835
280273.411807,2765366.126422,0.0348559897266557,0.0326545587965511,0.00183452577508714,0.830489818381948,0.0722803155384333,0.0278847917813245
280773.411807,2765366.126422,0.0836996336996337,0.0404761904761905,0.00494505494505494,0.688095238095238,0.141208791208791,0.0415750915750916
281273.411807,2765366.126422,0.0185321100917431,0.0126605504587156,0.00036697247706422,0.93045871559633,0.0337614678899083,0.00422018348623853
281773.411807,2765366.126422,0.0620069711979453,0.0198128783709411,0.00110071546505228,0.807191341038342,0.0970464135021097,0.01284168042561
282273.411807,2765366.126422,0.234981684981685,0.0710622710622711,0.0111721611721612,0.473260073260073,0.119230769230769,0.0902930402930403
282773.411807,2765366.126422,0.128073394495413,0.0908256880733945,0.00495412844036697,0.445871559633028,0.22954128440367,0.100733944954128
283273.411807,2765366.126422,0.200513667217024,0.190056870299028,0.0130251330031187,0.211337369290039,0.215189873417722,0.169877086773069
283773.411807,2765366.126422,0.114468864468864,0.134249084249084,0,0.250915750915751,0.404212454212454,0.0961538461538462
284273.411807,2765366.126422,0.0858715596330275,0.0935779816513762,0.00018348623853211,0.351559633027523,0.359633027522936,0.109174311926606
284773.411807,2765366.126422,0.474408365437534,0.0207301412584847,0.000733810310034856,0.258484681709778,0.149697303247111,0.0959456980370574
285273.411807,2765366.126422,0.560805860805861,0,0,0,0,0.439194139194139
285773.411807,2765366.126422,0.436880733944954,0.00844036697247706,0,0.0258715596330275,0.15394495412844,0.374862385321101
286273.411807,2765366.126422,0.376077783892864,0.0212804989910108,0,0.0952118877270226,0.254265272427078,0.253164556962025
286773.411807,2765366.126422,0.454029304029304,0.0468864468864469,0,0.078021978021978,0.218681318681319,0.202380952380952
287273.411807,2765366.126422,0.774128440366972,0,0,0,0,0.225871559633028
287773.411807,2765366.126422,0.875395033860045,0,0,0,0,0.124604966139955
275273.411807,2764866.126422,0.0711566617862372,0.0863836017569546,0,0.685505124450952,0.0866764275256223,0.0702781844802343
275773.411807,2764866.126422,0.0954212454212454,0.0826007326007326,0.0419413919413919,0.3996336996337,0.166666666666667,0.213736263736264
276273.411807,2764866.126422,0.0634396773010634,0.240740740740741,0.00146681334800147,0.133480014668133,0.114228089475614,0.446644664466447
276773.411807,2764866.126422,0.0745421245421245,0.0598901098901099,0,0.401465201465201,0.174542124542125,0.28956043956044
277273.411807,2764866.126422,0.120695970695971,0.123626373626374,0,0.280769230769231,0.166483516483516,0.308424908424908
277773.411807,2764866.126422,0.0858085808580858,0.114411441144114,0.0575724239090576,0.517235056839017,0.14979831316465,0.0751741840850752
278273.411807,2764866.126422,0.0802197802197802,0.0659340659340659,0.00183150183150183,0.643589743589744,0.103296703296703,0.105128205128205
278773.411807,2764866.126422,0.0567765567765568,0.0683150183150183,0.0126373626373626,0.70989010989011,0.102564102564103,0.0498168498168498
279273.411807,2764866.126422,0.0583058305830583,0.0342867620095343,0.000366703337000367,0.739457279061239,0.113678034470114,0.0539053905390539
279773.411807,2764866.126422,0.0608058608058608,0.0183150183150183,0.00311355311355311,0.78021978021978,0.121245421245421,0.0163003663003663
280273.411807,2764866.126422,0.0412087912087912,0.0249084249084249,0.000732600732600733,0.810805860805861,0.0913919413919414,0.030952380952381
280773.411807,2764866.126422,0.0737073707370737,0.0302530253025303,0.00916758342500917,0.744407774110744,0.108910891089109,0.0335533553355336
281273.411807,2764866.126422,0.0492673992673993,0.0351648351648352,0.0164835164835165,0.855128205128205,0.036996336996337,0.00695970695970696
281773.411807,2764866.126422,0.0554945054945055,0.0379120879120879,0.013003663003663,0.855860805860806,0.030952380952381,0.00677655677655678
282273.411807,2764866.126422,0.208654198753209,0.0861752841950862,0.00055005500550055,0.454162082874954,0.0636230289695636,0.186835350201687
282773.411807,2764866.126422,0.0401098901098901,0.0677655677655678,0.00146520146520147,0.726007326007326,0.100915750915751,0.0637362637362637
283273.411807,2764866.126422,0.0712454212454212,0.191391941391941,0,0.651831501831502,0.0551282051282051,0.0304029304029304
283773.411807,2764866.126422,0.159332599926659,0.0432709937660433,0.000733406674000733,0.567290062339567,0.183168316831683,0.0462046204620462
284273.411807,2764866.126422,0.341025641025641,0.032967032967033,0.000183150183150183,0.193406593406593,0.241025641025641,0.191391941391941
284773.411807,2764866.126422,0.337179487179487,0.017032967032967,0,0.198351648351648,0.274358974358974,0.173076923076923
285273.411807,2764866.126422,0.665383204987165,0.000916758342500917,0,0,0.00421708837550422,0.329482948294829
285773.411807,2764866.126422,0.576007326007326,0.00934065934065934,0.000183150183150183,0.000366300366300366,0.010989010989011,0.403113553113553
286273.411807,2764866.126422,0.355128205128205,0.0159340659340659,0,0.0608058608058608,0.15952380952381,0.408608058608059
286773.411807,2764866.126422,0.57975797579758,0.0170517051705171,0,0.0194352768610194,0.172900623395673,0.210854418775211
287273.411807,2764866.126422,0.820879120879121,0.0021978021978022,0,0.000366300366300366,0.0289377289377289,0.147619047619048
287773.411807,2764866.126422,0.783814247069432,0.00293056807935077,0,0.00135256988277728,0.0568079350766456,0.155094679891794
275273.411807,2764366.126422,0.120527859237537,0.0900293255131965,0,0.410850439882698,0.187683284457478,0.190909090909091
275773.411807,2764366.126422,0.0717036493673207,0.160462130937099,0.0117366587199707,0.231065468549422,0.157894736842105,0.367137355584082
276273.411807,2764366.126422,0.0886934212937511,0.175371083012644,0,0.0439802089059923,0.117830309693971,0.574124977093641
276773.411807,2764366.126422,0.0688199669664159,0.178197834465039,0,0.135070655166086,0.118737383006056,0.499174160396403
277273.411807,2764366.126422,0.0643682376673391,0.516412983678709,0,0.0898587933247754,0.0724371905373189,0.256922794791858
277773.411807,2764366.126422,0.254168957302547,0.142202675462708,0.0641378046545721,0.0606560381161811,0.0564412680960235,0.422393256367968
278273.411807,2764366.126422,0.065149568728207,0.0526702147182969,0.00165167920719398,0.641952651862727,0.0645990089924757,0.173976876491099
278773.411807,2764366.126422,0.126352466532184,0.0773885934348065,0.004401247019989,0.454245369521364,0.199706583532001,0.137905739959655
279273.411807,2764366.126422,0.051676745464541,0.0474619754443834,0.00164925783397471,0.755176837089976,0.0980392156862745,0.0459959684808503
279773.411807,2764366.126422,0.0616626904019086,0.0258763075793724,0.000734079647641769,0.654799045696458,0.146081849880712,0.110846026793907
280273.411807,2764366.126422,0.0425453878598936,0.0313588850174216,0,0.515129286631212,0.12800293416468,0.282963506326793
280773.411807,2764366.126422,0.0800806303829943,0.0518599963349826,0.000366501740883269,0.619571192963167,0.116730804471321,0.131390874106652
281273.411807,2764366.126422,0.101486511286475,0.080932281152505,0.0148651128647458,0.663424481556249,0.0612956505780877,0.077995962561938
281773.411807,2764366.126422,0.133321107647167,0.0700531817348249,0.000550155877498625,0.641298367870897,0.0607005318173482,0.0940766550522648
282273.411807,2764366.126422,0.0518599963349826,0.042147700201576,0.00201575957485798,0.787062488546821,0.100238226131574,0.0166758292101887
282773.411807,2764366.126422,0.0941457148100569,0.0579922921636998,0.000367039823820885,0.689484309047532,0.114149385208295,0.0438612589465957
283273.411807,2764366.126422,0.0715202640748212,0.0583165230148542,0.000183385292499542,0.668622776453328,0.130570328259674,0.070786722904823
283773.411807,2764366.126422,0.228330584570277,0.0164925783397471,0,0.26461425691772,0.103536741799524,0.387025838372732
284273.411807,2764366.126422,0.447421545237658,0.00275279867865663,0,0.0570746926041475,0.108276748027161,0.384474215452377
284773.411807,2764366.126422,0.349532367504126,0.0110031175499725,0.000183385292499542,0.0638180817898405,0.227397762699432,0.34806528516413
285273.411807,2764366.126422,0.35312442734103,0.0236393622869709,0,0.0908924317390508,0.346344145134689,0.185999633498259
285773.411807,2764366.126422,0.459350339511837,0.0108276748027161,0,0.00862543585979079,0.148651128647458,0.372545421178198
286273.411807,2764366.126422,0.526865945351183,0.00605171465248487,0,0.00311754997249221,0.0720704199523198,0.39189437007152
286773.411807,2764366.126422,0.688840021990104,0.00348176653839106,0,0.0100787978742899,0.0991387209089243,0.19846069268829
287273.411807,2764366.126422,0.881813176729675,0.00183519911910442,0,0.000550559735731327,0.0104606349788952,0.105340429436594
287773.411807,2764366.126422,0.778203971119134,0.00293321299638989,0,0.000451263537906137,0.0239169675090253,0.194494584837545
275273.411807,2763866.126422,0.0715962441314554,0.0446009389671361,0,0.681924882629108,0.117664319248826,0.0842136150234742
275773.411807,2763866.126422,0.0939277196844616,0.125298110438452,0.000733810310034856,0.261786828104935,0.113557145477894,0.404696385984223
276273.411807,2763866.126422,0.218681318681319,0.0296703296703297,0,0.12032967032967,0.147619047619048,0.483699633699634
276773.411807,2763866.126422,0.0442201834862385,0.219816513761468,0,0.0930275229357798,0.0699082568807339,0.57302752293578
277273.411807,2763866.126422,0.0695285268758026,0.112272977435333,0.000733810310034856,0.562282150064208,0.0953953403045313,0.15978719501009
277773.411807,2763866.126422,0.036996336996337,0.056959706959707,0.0463369963369963,0.652747252747253,0.107692307692308,0.0992673992673993
278273.411807,2763866.126422,0.0460550458715596,0.0814678899082569,0,0.315596330275229,0.132477064220183,0.424403669724771
278773.411807,2763866.126422,0.091726288754357,0.297193175564117,0.0091726288754357,0.115024766097964,0.094294624839479,0.392588515868648
279273.411807,2763866.126422,0.0871794871794872,0.245970695970696,0.0434065934065934,0.184432234432234,0.125274725274725,0.313736263736264
279773.411807,2763866.126422,0.0871559633027523,0.143302752293578,0.0143119266055046,0.0491743119266055,0.101284403669725,0.604770642201835
280273.411807,2763866.126422,0.159420289855072,0.131352045496239,0,0.0915428361768483,0.224179049715649,0.393505778756192
280773.411807,2763866.126422,0.104945054945055,0.023992673992674,0,0.711355311355311,0.086996336996337,0.0727106227106227
281273.411807,2763866.126422,0.116880733944954,0.0284403669724771,0,0.585504587155963,0.0855045871559633,0.183669724770642
281773.411807,2763866.126422,0.137222527976518,0.0264171711612548,0,0.569069895432031,0.161805173362686,0.105485232067511
282273.411807,2763866.126422,0.0364468864468864,0.0232600732600733,0.000183150183150183,0.84029304029304,0.0888278388278388,0.010989010989011
282773.411807,2763866.126422,0.038348623853211,0.0225688073394495,0.000917431192660551,0.814311926605505,0.108256880733945,0.0155963302752294
283273.411807,2763866.126422,0.0284351495138507,0.026967528893781,0.00311869381764814,0.835259585397175,0.099431297009723,0.00678774536782242
283773.411807,2763866.126422,0.310805860805861,0.0122710622710623,0,0.248534798534799,0.157142857142857,0.271245421245421
284273.411807,2763866.126422,0.50605504587156,0.00348623853211009,0,0.00018348623853211,0.0269724770642202,0.463302752293578
284773.411807,2763866.126422,0.277563749770684,0.0221977618785544,0,0.126582278481013,0.294991744634012,0.278664465235737
285273.411807,2763866.126422,0.422527472527473,0.0183150183150183,0,0.0419413919413919,0.246153846153846,0.271062271062271
285773.411807,2763866.126422,0.391192660550459,0.0236697247706422,0,0.128256880733945,0.324403669724771,0.132477064220183
286273.411807,2763866.126422,0.896532746285085,0.00183452577508714,0,0,0.0363236103467254,0.0653091175931022
286773.411807,2763866.126422,0.957509157509158,0.00183150183150183,0,0,0.00164835164835165,0.039010989010989
287273.411807,2763866.126422,0.986238532110092,0,0,0,0,0.0137614678899083
287773.411807,2763866.126422,0.910835214446953,0.00383747178329571,0,0,0.00112866817155756,0.0841986455981941
275273.411807,2763366.126422,0.0702781844802343,0.0278184480234261,0,0.715080527086384,0.0734992679355783,0.113323572474378
275773.411807,2763366.126422,0.11025641025641,0.0467032967032967,0.00311355311355311,0.630952380952381,0.0912087912087912,0.117765567765568
276273.411807,2763366.126422,0.111844517785112,0.0174184085075174,0,0.574440777411074,0.124129079574624,0.172167216721672
276773.411807,2763366.126422,0.113369963369963,0.0351648351648352,0.00293040293040293,0.17967032967033,0.123992673992674,0.544871794871795
277273.411807,2763366.126422,0.109340659340659,0.0690476190476191,0.000915750915750916,0.424358974358974,0.196520146520147,0.19981684981685
277773.411807,2763366.126422,0.0463879721305464,0.0551888522185552,0.022002200220022,0.737807114044738,0.118261826182618,0.0203520352035204
278273.411807,2763366.126422,0.116666666666667,0.13974358974359,0.0727106227106227,0.028021978021978,0.14029304029304,0.502564102564103
278773.411807,2763366.126422,0.0807692307692308,0.383516483516484,0.0111721611721612,0.0318681318681319,0.089010989010989,0.403663003663004
279273.411807,2763366.126422,0.13953061972864,0.148331499816648,0.0133846718005134,0.170883755042171,0.178584525119179,0.349284928492849
279773.411807,2763366.126422,0.0871794871794872,0.173076923076923,0,0.0470695970695971,0.102014652014652,0.590659340659341
280273.411807,2763366.126422,0.152747252747253,0.0554945054945055,0.000183150183150183,0.295787545787546,0.186080586080586,0.30970695970696
280773.411807,2763366.126422,0.131646497983132,0.0544554455445545,0.00165016501650165,0.446277961129446,0.201686835350202,0.164283094976164
281273.411807,2763366.126422,0.0987179487179487,0.0639194139194139,0,0.416483516483517,0.112087912087912,0.308791208791209
281773.411807,2763366.126422,0.14047619047619,0.0617216117216117,0.000183150183150183,0.322161172161172,0.158608058608059,0.316849816849817
282273.411807,2763366.126422,0.0634396773010634,0.0418041804180418,0,0.674367436743674,0.104877154382105,0.115511551155116
282773.411807,2763366.126422,0.0271062271062271,0.0234432234432234,0,0.86007326007326,0.0772893772893773,0.0120879120879121
283273.411807,2763366.126422,0.104212454212454,0.0388278388278388,0.00164835164835165,0.511721611721612,0.173809523809524,0.16978021978022
283773.411807,2763366.126422,0.160799413274661,0.00953428676200953,0,0.37972130546388,0.344151081774844,0.105793912724606
284273.411807,2763366.126422,0.444139194139194,0.00622710622710623,0,0.179304029304029,0.142673992673993,0.227655677655678
284773.411807,2763366.126422,0.533333333333333,0.0206959706959707,0,0.013003663003663,0.0875457875457875,0.345421245421245
285273.411807,2763366.126422,0.312797946461313,0.0181518151815182,0,0.0317198386505317,0.273927392739274,0.363403006967363
285773.411807,2763366.126422,0.55,0.0195970695970696,0,0.0252747252747253,0.0926739926739927,0.312454212454212
286273.411807,2763366.126422,0.950732600732601,0,0,0,0.000183150183150183,0.0490842490842491
286773.411807,2763366.126422,0.938393839383938,0.000733406674000733,0,0,0.00348368170150348,0.0573890722405574
287273.411807,2763366.126422,0.933150183150183,0,0,0,0,0.0668498168498168
287773.411807,2763366.126422,0.876014427412083,0,0,0,0,0.123985572587917
275273.411807,2762866.126422,0.124926686217009,0.0894428152492669,0.000879765395894428,0.537243401759531,0.1158357771261,0.131671554252199
275773.411807,2762866.126422,0.0430955437373923,0.0344764349899138,0.000916926462497708,0.817715019255456,0.0878415551072804,0.0159545204474601
276273.411807,2762866.126422,0.0540590067802822,0.0368334249587686,0.0047645226314825,0.709180868609126,0.147516950705516,0.047645226314825
276773.411807,2762866.126422,0.130849697192145,0.0822169205358781,0.000550559735731327,0.367039823820885,0.143329051202055,0.276013947513305
277273.411807,2762866.126422,0.128919860627178,0.0542820465798643,0,0.356317623326609,0.18796992481203,0.272510544654319
277773.411807,2762866.126422,0.0445299615173172,0.0166758292101887,0.00384826827927433,0.706432105552501,0.143668682426242,0.0848451530144768
278273.411807,2762866.126422,0.0693705267021472,0.266103872270141,0,0.0541383740135805,0.0717562855569829,0.538630941457148
278773.411807,2762866.126422,0.0706033376123235,0.129286631212177,0.0265908674124335,0.154227030992114,0.349348982211627,0.269943150559325
279273.411807,2762866.126422,0.0791643760307861,0.106835257467473,0,0.199376947040498,0.165292285138354,0.449331134322888
279773.411807,2762866.126422,0.0853367590383557,0.110846026793907,0.00183519911910442,0.137272894109011,0.200770783630024,0.463938337309598
280273.411807,2762866.126422,0.0271410232899321,0.0432789290298918,0.00678525582248304,0.780304419585549,0.0856409315972859,0.0568494406748579
280773.411807,2762866.126422,0.102437236576874,0.0311526479750779,0.0119113065787062,0.319589518050211,0.130474619754444,0.404434671064688
281273.411807,2762866.126422,0.108276748027161,0.0669847678473114,0.00367039823820885,0.247017801431455,0.152321526885667,0.421728757570196
281773.411807,2762866.126422,0.123785072437191,0.167614157344581,0.00678525582248304,0.193104713002017,0.155327342747112,0.353383458646617
282273.411807,2762866.126422,0.0771486164559282,0.0535092541689573,0.00109950522264981,0.530694520798974,0.123694337548103,0.213853765805388
282773.411807,2762866.126422,0.0343182235272527,0.076344283354744,0.00146815929528354,0.682327032483024,0.0985501926959075,0.106992108643788
283273.411807,2762866.126422,0.0693196405648267,0.169631395562076,0.000183385292499542,0.321291032459197,0.112231799009719,0.327342747111682
283773.411807,2762866.126422,0.0350009162543522,0.0808136338647609,0,0.141469671980942,0.219901044529962,0.522814733369984
284273.411807,2762866.126422,0.144246650761608,0.039823820884566,0,0.365938704349422,0.260414755000918,0.189576069003487
284773.411807,2762866.126422,0.390977443609023,0.0251237850724372,0.000916926462497708,0.0592334494773519,0.189987163029525,0.333761232349166
285273.411807,2762866.126422,0.361737218251787,0.0284038849184534,0,0.028587135788895,0.266996518233462,0.314275242807403
285773.411807,2762866.126422,0.46063497889521,0.00752431638832813,0,0.0168838318957607,0.0820334006239677,0.432923472196733
286273.411807,2762866.126422,0.539152759948652,0.0328259673574179,0,0.000733541169998166,0.0711534934898221,0.35613423803411
286773.411807,2762866.126422,0.815283122594832,0.00238226131574125,0,0,0.015026571376214,0.167308044713212
287273.411807,2762866.126422,0.960359699027344,0,0,0,0,0.0396403009726555
287773.411807,2762866.126422,0.945848375451264,0,0,0,0,0.0541516245487365
275273.411807,2762366.126422,0.170481220657277,0.0742370892018779,0.00322769953051643,0.506161971830986,0.129401408450704,0.116490610328638
275773.411807,2762366.126422,0.322142726105302,0.147862777472023,0.000733810310034856,0.302513300311869,0.032104201064025,0.194643184736746
276273.411807,2762366.126422,0.0659340659340659,0.0216117216117216,0.000366300366300366,0.728388278388278,0.112087912087912,0.0716117216117216
276773.411807,2762366.126422,0.388807339449541,0.0198165137614679,0,0.192844036697248,0.106422018348624,0.292110091743119
277273.411807,2762366.126422,0.153366354797285,0.125848468170978,0,0.343423225096313,0.106585947532563,0.270776004402862
277773.411807,2762366.126422,0.0824175824175824,0.0362637362637363,0,0.386446886446886,0.133516483516484,0.361355311355311
278273.411807,2762366.126422,0.0489908256880734,0.202752293577982,0.0122935779816514,0.429174311926605,0.14,0.166788990825688
278773.411807,2762366.126422,0.117776554760594,0.208769033204917,0.00165107319757843,0.0676940011007155,0.181801504311136,0.42230783342506
279273.411807,2762366.126422,0.105494505494505,0.0771062271062271,0.0652014652014652,0.0564102564102564,0.145238095238095,0.550549450549451
279773.411807,2762366.126422,0.0434862385321101,0.0438532110091743,0,0.675779816513762,0.0952293577981651,0.141651376146789
280273.411807,2762366.126422,0.0528343423225096,0.0425609979820216,0.00091726288754357,0.698403962575674,0.136488717666483,0.0687947165657677
280773.411807,2762366.126422,0.0536630036630037,0.0271062271062271,0,0.497435897435897,0.16043956043956,0.261355311355311
281273.411807,2762366.126422,0.0855045871559633,0.10697247706422,0,0.262752293577982,0.261834862385321,0.282935779816514
281773.411807,2762366.126422,0.16125481563016,0.0867730691616217,0.002568336085122,0.121995964043295,0.224179049715649,0.403228765364153
282273.411807,2762366.126422,0.080952380952381,0.0368131868131868,0.00989010989010989,0.476373626373626,0.143589743589744,0.252380952380952
282773.411807,2762366.126422,0.0792660550458716,0.0322935779816514,0.00036697247706422,0.417981651376147,0.121284403669725,0.348807339449541
283273.411807,2762366.126422,0.0357732526141992,0.0210970464135021,0,0.729407448174647,0.121078701155751,0.0926435516419006
283773.411807,2762366.126422,0.104761904761905,0.1,0,0.333699633699634,0.164102564102564,0.297435897435897
284273.411807,2762366.126422,0.195963302752294,0.0110091743119266,0,0.130642201834862,0.117247706422018,0.545137614678899
284773.411807,2762366.126422,0.308750687947166,0.0133920381581361,0.000183452577508714,0.210236653824986,0.187121629058888,0.280315538433315
285273.411807,2762366.126422,0.787912087912088,0.00146520146520147,0,0.0021978021978022,0.0247252747252747,0.183699633699634
285773.411807,2762366.126422,0.475229357798165,0.00532110091743119,0,0.0242201834862385,0.096697247706422,0.398532110091743
286273.411807,2762366.126422,0.716015410016511,0.023115024766098,0,0.00568702990277013,0.017978352595854,0.237204182718767
286773.411807,2762366.126422,0.911721611721612,0,0,0,0.000549450549450549,0.0877289377289377
287273.411807,2762366.126422,0.881467889908257,0.00513761467889908,0,0,0.0172477064220183,0.0961467889908257
287773.411807,2762366.126422,0.873814898419865,0.00090293453724605,0,0.00112866817155756,0.0106094808126411,0.113544018058691
275273.411807,2761866.126422,0.113323572474378,0.0207906295754026,0,0.72298682284041,0.0960468521229868,0.0468521229868228
275773.411807,2761866.126422,0.127289377289377,0.0897435897435897,0.000915750915750916,0.654395604395604,0.0551282051282051,0.0725274725274725
276273.411807,2761866.126422,0.0148514851485149,0.0106343967730106,0,0.885221855518885,0.0632563256325633,0.026035936927026
276773.411807,2761866.126422,0.166666666666667,0.0673992673992674,0,0.333699633699634,0.138827838827839,0.293406593406593
277273.411807,2761866.126422,0.106593406593407,0.177289377289377,0.0498168498168498,0.0448717948717949,0.0772893772893773,0.544139194139194
277773.411807,2761866.126422,0.0935093509350935,0.0861752841950862,0.00916758342500917,0.174184085075174,0.143381004767143,0.493582691602494
278273.411807,2761866.126422,0.0567765567765568,0.0597069597069597,0.00714285714285714,0.685714285714286,0.122893772893773,0.0677655677655678
278773.411807,2761866.126422,0.103663003663004,0.215384615384615,0.0419413919413919,0.0915750915750916,0.113369963369963,0.434065934065934
279273.411807,2761866.126422,0.168316831683168,0.0744407774110744,0,0.154932159882655,0.135313531353135,0.466996699669967
279773.411807,2761866.126422,0.0712454212454212,0.0767399267399267,0.000732600732600733,0.717032967032967,0.080952380952381,0.0532967032967033
280273.411807,2761866.126422,0.0514652014652015,0.0576923076923077,0.00146520146520147,0.726739926739927,0.112454212454212,0.0501831501831502
280773.411807,2761866.126422,0.0300696736340301,0.0430876420975431,0.00751741840850752,0.774294096076274,0.092959295929593,0.0520718738540521
281273.411807,2761866.126422,0.0494505494505494,0.0732600732600733,0.00311355311355311,0.474908424908425,0.206959706959707,0.192307692307692
281773.411807,2761866.126422,0.0679487179487179,0.28021978021978,0,0.124725274725275,0.182417582417582,0.344688644688645
282273.411807,2761866.126422,0.0568390172350568,0.0779244591125779,0.000183351668500183,0.486431976530986,0.164283094976164,0.214338100476714
282773.411807,2761866.126422,0.0908424908424908,0.0717948717948718,0.03003663003663,0.195970695970696,0.126373626373626,0.484981684981685
283273.411807,2761866.126422,0.0402930402930403,0.0412087912087912,0,0.708241758241758,0.129120879120879,0.0811355311355311
283773.411807,2761866.126422,0.0898423175650898,0.0088008800880088,0,0.627796112944628,0.111294462779611,0.162266226622662
284273.411807,2761866.126422,0.181135531135531,0.021978021978022,0,0.0913919413919414,0.220512820512821,0.484981684981685
284773.411807,2761866.126422,0.500549450549451,0.0155677655677656,0,0.0307692307692308,0.211538461538462,0.241575091575092
285273.411807,2761866.126422,0.850751741840851,0.00146681334800147,0,0.000733406674000733,0.0161349468280161,0.130913091309131
285773.411807,2761866.126422,0.911538461538462,0,0,0,0,0.0884615384615385
286273.411807,2761866.126422,0.977655677655678,0,0,0,0,0.0223443223443223
286773.411807,2761866.126422,0.922625595892923,0,0,0,0,0.0773744041070774
287273.411807,2761866.126422,0.888278388278388,0,0,0,0.000366300366300366,0.111355311355311
287773.411807,2761866.126422,0.914337240757439,0,0,0,0,0.0856627592425609
275273.411807,2761366.126422,0.13900293255132,0.0909090909090909,0,0.363636363636364,0.0932551319648094,0.313196480938416
275773.411807,2761366.126422,0.156244269209609,0.0783055198973042,0,0.28388043278929,0.104529616724739,0.377040161379057
276273.411807,2761366.126422,0.0949239508887667,0.0698185816382628,0.0267546270844787,0.673263698002565,0.0679860729338464,0.0672530694520799
276773.411807,2761366.126422,0.191778307946412,0.0502844558634612,0.00311983850247752,0.383373095980914,0.106441548908057,0.265002752798679
277273.411807,2761366.126422,0.0882083256922795,0.227214377406932,0.0196222262974509,0.121034293049697,0.243535668439391,0.300385109114249
277773.411807,2761366.126422,0.0916254352208173,0.198094190947407,0.0489279824079164,0.224299065420561,0.186182884368701,0.250870441634598
278273.411807,2761366.126422,0.0855202789502661,0.0778124426500275,0.0385391815011929,0.444852266470912,0.19067718847495,0.162598641952652
278773.411807,2761366.126422,0.0847240051347882,0.179534201357051,0,0.272693929946818,0.133321107647167,0.329726755914176
279273.411807,2761366.126422,0.0459959684808503,0.0795308777716694,0.00293201392706615,0.531977276892065,0.122411581455012,0.217152281473337
279773.411807,2761366.126422,0.080932281152505,0.0418425399155808,0.000183519911910442,0.793173059276932,0.0543218939254909,0.0295467058175812
280273.411807,2761366.126422,0.0696864111498258,0.0126535851824684,0,0.695030258573262,0.116816431322208,0.105813313772235
280773.411807,2761366.126422,0.107934762690123,0.0454462158695254,0.00146600696353308,0.510170423309511,0.247938427707532,0.0870441634597764
281273.411807,2761366.126422,0.0600110111947146,0.0405579005322077,0.220223894292531,0.206459900899248,0.24481556248853,0.227931730592769
281773.411807,2761366.126422,0.0920594168347699,0.0770218228498075,0,0.137172198789657,0.166147075004585,0.527599486521181
282273.411807,2761366.126422,0.0723840938244457,0.0615722924683892,0.000183250870441635,0.297232911856331,0.21183800623053,0.356789444749863
282773.411807,2761366.126422,0.058909891723252,0.0317489447605065,0.00256927876674619,0.489080565241329,0.217654615525785,0.200036703982382
283273.411807,2761366.126422,0.0302585732624244,0.0113698881349716,0.00495140289748762,0.729506693563176,0.10783055198973,0.11608289015221
283773.411807,2761366.126422,0.0709180868609126,0.0164925783397471,0,0.698002565512186,0.138354407183434,0.07623236210372
284273.411807,2761366.126422,0.21985685446871,0.0236740686364471,0,0.24903652046247,0.206826940723068,0.300605615709304
284773.411807,2761366.126422,0.510911424903723,0.00916926462497708,0.000366770584999083,0.0344764349899138,0.0473134054648817,0.397762699431506
285273.411807,2761366.126422,0.731170973062122,0.00439802089059923,0,0.0163093274693055,0.0630382994319223,0.185083379146051
285773.411807,2761366.126422,0.677371994861443,0.00256927876674619,0,0.0600110111947146,0.0976325931363553,0.162415122040741
286273.411807,2761366.126422,0.870713368787823,0.00110031175499725,0,0.00275077938749312,0.0271410232899321,0.0982945167797543
286773.411807,2761366.126422,0.76910390324354,0.000549752611324904,0,0.000733003481766538,0.0313358988455195,0.198277441817849
287273.411807,2761366.126422,0.481556248853001,0.02073775004588,0,0.011194714626537,0.17434391631492,0.312167370159662
287773.411807,2761366.126422,0.484882671480144,0.0182761732851986,0.0042870036101083,0.00451263537906137,0.0333935018050542,0.454648014440433
275273.411807,2760866.126422,0.119131455399061,0.0178990610328639,0.000880281690140845,0.446596244131455,0.132042253521127,0.283450704225352
275773.411807,2760866.126422,0.137222527976518,0.0588882773802972,0.0761328196661163,0.304714731241974,0.122913226930838,0.300128416804256
276273.411807,2760866.126422,0.141208791208791,0.0617216117216117,0,0.414102564102564,0.136080586080586,0.246886446886447
276773.411807,2760866.126422,0.0656880733944954,0.0442201834862385,0,0.59651376146789,0.164770642201835,0.128807339449541
277273.411807,2760866.126422,0.0585213722252798,0.475692533480095,0.0150431113557145,0.0462300495321959,0.0970464135021097,0.307466519904605
277773.411807,2760866.126422,0.102930402930403,0.319413919413919,0.0269230769230769,0.14047619047619,0.0604395604395604,0.34981684981685
278273.411807,2760866.126422,0.0930275229357798,0.212110091743119,0,0.131743119266055,0.128256880733945,0.434862385321101
278773.411807,2760866.126422,0.0825536598789213,0.22546321775821,0,0.0952118877270226,0.227297743533297,0.36947349110255
279273.411807,2760866.126422,0.0481684981684982,0.118681318681319,0.00238095238095238,0.284249084249084,0.286813186813187,0.25970695970696
279773.411807,2760866.126422,0.0748623853211009,0.0500917431192661,0.00862385321100917,0.632110091743119,0.113761467889908,0.120550458715596
280273.411807,2760866.126422,0.197945331131902,0.0210970464135021,0.000183452577508714,0.444872500458631,0.140524674371675,0.19537699504678
280773.411807,2760866.126422,0.0597069597069597,0.136813186813187,0.00128205128205128,0.491025641025641,0.136630036630037,0.174542124542125
281273.411807,2760866.126422,0.11651376146789,0.110825688073394,0.0825688073394495,0.249357798165138,0.130825688073395,0.309908256880734
281773.411807,2760866.126422,0.130067877453678,0.0203632361034673,0.000733810310034856,0.428728673637865,0.194826637314254,0.225279765180701
282273.411807,2760866.126422,0.0644688644688645,0.0179487179487179,0.043040293040293,0.407142857142857,0.13956043956044,0.327838827838828
282773.411807,2760866.126422,0.101467889908257,0.0247706422018349,0.00220183486238532,0.403302752293578,0.210091743119266,0.258165137614679
283273.411807,2760866.126422,0.286919831223629,0.0188956154833975,0,0.354613832324344,0.176114474408365,0.163456246560264
283773.411807,2760866.126422,0.321245421245421,0.0184981684981685,0,0.143956043956044,0.0893772893772894,0.426923076923077
284273.411807,2760866.126422,0.0834862385321101,0.0324770642201835,0.00018348623853211,0.495596330275229,0.208440366972477,0.179816513761468
284773.411807,2760866.126422,0.0909924784443221,0.0264171711612548,0.00146762062006971,0.627040909924784,0.172445422858191,0.0816363969913777
285273.411807,2760866.126422,0.0494505494505494,0.021978021978022,0.00164835164835165,0.704578754578755,0.161355311355311,0.060989010989011
285773.411807,2760866.126422,0.0335779816513761,0.0260550458715596,0.00036697247706422,0.644220183486239,0.252477064220184,0.043302752293578
286273.411807,2760866.126422,0.10695285268758,0.0390753990093561,0,0.105301779490002,0.33957072096863,0.409099247844432
286773.411807,2760866.126422,0.107875457875458,0.10018315018315,0.104395604395604,0.0188644688644689,0.108608058608059,0.56007326007326
287273.411807,2760866.126422,0.0869724770642202,0.135963302752294,0.00146788990825688,0.00275229357798165,0.0355963302752294,0.737247706422018
287773.411807,2760866.126422,0.133634311512415,0.111060948081264,0.0112866817155756,0.054627539503386,0.0717832957110609,0.617607223476298
275273.411807,2760366.126422,0.0626647144948756,0.0623718887262079,0,0.0278184480234261,0.0969253294289898,0.750219619326501
275773.411807,2760366.126422,0.0998168498168498,0.06996336996337,0,0.257875457875458,0.174542124542125,0.397802197802198
276273.411807,2760366.126422,0.0278694536120279,0.0216354968830216,0,0.819031903190319,0.0693069306930693,0.0621562156215622
276773.411807,2760366.126422,0.142124542124542,0.023992673992674,0,0.376923076923077,0.116849816849817,0.34010989010989
277273.411807,2760366.126422,0.043040293040293,0.435531135531136,0.0236263736263736,0.0249084249084249,0.237362637362637,0.235531135531136
277773.411807,2760366.126422,0.0451045104510451,0.337000366703337,0.0485881921525486,0.00421708837550422,0.188302163549688,0.376787678767877
278273.411807,2760366.126422,0.0562271062271062,0.372344322344322,0.0282051282051282,0.0402930402930403,0.0985347985347985,0.404395604395604
278773.411807,2760366.126422,0.105677655677656,0.0924908424908425,0.0619047619047619,0.19010989010989,0.200732600732601,0.349084249084249
279273.411807,2760366.126422,0.116611661166117,0.103043637697103,0.00751741840850752,0.364319765309864,0.142097543087642,0.266409974330766
279773.411807,2760366.126422,0.0937728937728938,0.0571428571428571,0,0.311355311355311,0.167948717948718,0.36978021978022
280273.411807,2760366.126422,0.229304029304029,0.0111721611721612,0,0.335164835164835,0.111904761904762,0.312454212454212
280773.411807,2760366.126422,0.117528419508618,0.126696002933627,0,0.0311697836450312,0.187018701870187,0.537587092042538
281273.411807,2760366.126422,0.0783882783882784,0.0598901098901099,0,0.253663003663004,0.228571428571429,0.379487179487179
281773.411807,2760366.126422,0.205494505494505,0.0368131868131868,0.0357142857142857,0.187728937728938,0.151648351648352,0.382600732600733
282273.411807,2760366.126422,0.152731939860653,0.0542720938760543,0.00238357169050238,0.223322332233223,0.222955628896223,0.344334433443344
282773.411807,2760366.126422,0.355677655677656,0.0357142857142857,0.000366300366300366,0.0525641025641026,0.147435897435897,0.408241758241758
283273.411807,2760366.126422,0.141025641025641,0.0119047619047619,0,0.393589743589744,0.258058608058608,0.195421245421245
283773.411807,2760366.126422,0.348184818481848,0.0172350568390172,0.000366703337000367,0.0894756142280895,0.177851118445178,0.366886688668867
284273.411807,2760366.126422,0.0538461538461538,0.0124542124542125,0.000183150183150183,0.651648351648352,0.197985347985348,0.0838827838827839
284773.411807,2760366.126422,0.136446886446886,0.0404761904761905,0,0.474908424908425,0.207326007326007,0.140842490842491
285273.411807,2760366.126422,0.123395672900623,0.0308030803080308,0,0.551705170517052,0.203703703703704,0.0903923725705904
285773.411807,2760366.126422,0.123626373626374,0.0470695970695971,0.000915750915750916,0.252197802197802,0.23956043956044,0.336630036630037
286273.411807,2760366.126422,0.0538461538461538,0.0868131868131868,0.0734432234432234,0.0604395604395604,0.10970695970696,0.615750915750916
286773.411807,2760366.126422,0.171250458379171,0.0315364869820315,0.0711404473780711,0.0148514851485149,0.0339200586725339,0.677301063439677
287273.411807,2760366.126422,0.14010989010989,0.0241758241758242,0,0.0954212454212454,0.157692307692308,0.582600732600733
287773.411807,2760366.126422,0.168169522091975,0.0311091073038774,0,0.185527502254283,0.19882777276826,0.416366095581605
275273.411807,2759866.126422,0.114076246334311,0.0639296187683285,0.189149560117302,0.181524926686217,0.140762463343109,0.310557184750733
275773.411807,2759866.126422,0.070419952319824,0.0711534934898221,0.00110031175499725,0.228864845039428,0.248670456629378,0.379790940766551
276273.411807,2759866.126422,0.0639545537841305,0.0419644493311343,0,0.53362653472604,0.132673630199743,0.227780831958952
276773.411807,2759866.126422,0.196916865479905,0.0475316571848046,0,0.0209212699577904,0.100568911726922,0.634061295650578
277273.411807,2759866.126422,0.030808729139923,0.318173482486705,0,0.041995231982395,0.381991564276545,0.227030992114432
277773.411807,2759866.126422,0.0399486897562763,0.522814733369984,0,0.0130108118013561,0.139453912406084,0.2847718526663
278273.411807,2759866.126422,0.0957973940172509,0.302624334740319,0.044411818682327,0.0499174160396403,0.176913195081666,0.330335841438796
278773.411807,2759866.126422,0.165413533834586,0.10397946084724,0,0.100678525582248,0.0997615991197506,0.530166880616175
279273.411807,2759866.126422,0.101337731354224,0.174088326919553,0.00971229613340663,0.236943375481034,0.156496243357156,0.321422026754627
279773.411807,2759866.126422,0.109194347586713,0.123141860891907,0.0583593319875206,0.320242246283722,0.0948797944576987,0.294182418792439
280273.411807,2759866.126422,0.0801393728222996,0.0731707317073171,0.0403447643498991,0.43590684027141,0.152943333944618,0.217494956904456
280773.411807,2759866.126422,0.0764156129741616,0.0861279091075683,0.0764156129741616,0.213487264064504,0.229430089792927,0.318123511086678
281273.411807,2759866.126422,0.0996513121673702,0.055606533308864,0.00697375665259681,0.0528537346302074,0.244448522664709,0.540466140576253
281773.411807,2759866.126422,0.264624977076838,0.022006235099945,0.00146708233999633,0.0258573262424354,0.12800293416468,0.558041445076105
282273.411807,2759866.126422,0.197544438336082,0.0241891148982958,0.123144584936778,0.0472787245739417,0.17152281473337,0.436320322521532
282773.411807,2759866.126422,0.319875206459901,0.0756102037071022,0.00220223894292531,0.0295467058175812,0.137639933932832,0.435125711139659
283273.411807,2759866.126422,0.220245736291949,0.0357601320374106,0.000916926462497708,0.219328809829452,0.289565376856776,0.234183018521915
283773.411807,2759866.126422,0.301447681876489,0.017042330951072,0,0.205240974894631,0.266080263881253,0.210188748396555
284273.411807,2759866.126422,0.291062580289961,0.0255092677555515,0,0.316571848045513,0.131216737015966,0.235639566893008
284773.411807,2759866.126422,0.111131487254722,0.103612690262241,0.00146708233999633,0.293966623876765,0.156977810379608,0.332844305886668
285273.411807,2759866.126422,0.190031152647975,0.0113615539673813,0,0.169690306028954,0.177570093457944,0.451346893897746
285773.411807,2759866.126422,0.0702881262616994,0.106992108643788,0.00623967700495504,0.327216002936319,0.178748394200771,0.310515690952468
