"x","y","forest","agri","water","built","other","grass"
185773.411807,2488866.126422,0.0591133004926108,0.20935960591133,0.0158730158730159,0.491242474001095,0.112205801860974,0.112205801860974
186273.411807,2488866.126422,0.0729813664596273,0.0840450310559006,0.00407608695652174,0.467585403726708,0.212538819875776,0.158773291925466
186773.411807,2488866.126422,0.0420868890612878,0.187354538401862,0.00833979829325058,0.365011636927851,0.143716058960434,0.253491078355314
187273.411807,2488866.126422,0.046926507659492,0.296296296296296,0.00387822377351173,0.125848361450456,0.104324219507466,0.422726391312779
187773.411807,2488866.126422,0.0964673913043478,0.148486024844721,0.00951086956521739,0.196040372670807,0.132181677018634,0.417313664596273
188273.411807,2488866.126422,0.135182311869666,0.114235841737781,0.00756400310318076,0.404771140418929,0.0961986035686579,0.242048099301784
188773.411807,2488866.126422,0.160752375412061,0.0754314523948032,0.00058173356602676,0.309094434748885,0.210199728524336,0.243940275353888
189273.411807,2488866.126422,0.0677406832298137,0.123253105590062,0.0141692546583851,0.489324534161491,0.0908385093167702,0.214673913043478
189773.411807,2488866.126422,0.0385958107059736,0.130915438324282,0.0704034134988363,0.575252133436773,0.0801008533747091,0.104732350659426
190273.411807,2488866.126422,0.0172580957921272,0.123715338375024,0.180919139034322,0.205158037618771,0.0273414776032577,0.445607911576498
190773.411807,2488866.126422,0.0912267080745342,0.0324145962732919,0,0,0.0137810559006211,0.862577639751553
191273.411807,2488866.126422,0.0705973622963538,0.125484871993794,0,0.00504266873545384,0.0269588828549263,0.771916214119472
191773.411807,2488866.126422,0.0643785146402947,0.165406243940275,0,0.0186154741128563,0.0215241419429901,0.730075625363584
192273.411807,2488866.126422,0.0923913043478261,0.115877329192547,0.0795807453416149,0.277173913043478,0.15139751552795,0.283579192546584
192773.411807,2488866.126422,0.082622187742436,0.177851047323507,0.00678820791311094,0.200543056633049,0.178626842513576,0.353568657874321
193273.411807,2488866.126422,0.0252084545278263,0.2065154159395,0.00775644754702346,0.123327515997673,0.0651541593949971,0.57203800659298
193773.411807,2488866.126422,0.0644409937888199,0.189052795031056,0,0.0046583850931677,0.0512422360248447,0.690605590062112
194273.411807,2488866.126422,0.0500387897595035,0.0971683475562451,0,0.01066718386346,0.0748642358417378,0.767261442979054
194773.411807,2488866.126422,0.0917199922435525,0.184797362807834,0.235020360674811,0.0488656195462478,0.11557106845065,0.324025596276905
195273.411807,2488866.126422,0.115489130434783,0.134510869565217,0.0112577639751553,0.00077639751552795,0.0755046583850932,0.662461180124224
195773.411807,2488866.126422,0.0382079131109387,0.251939487975175,0,0.00387897595034911,0.166989914662529,0.538983708301009
196273.411807,2488866.126422,0.0385883265464417,0.262943571844095,0,0.00058173356602676,0.11731626914873,0.580570098894706
196773.411807,2488866.126422,0.0296972049689441,0.56152950310559,0.0015527950310559,0.00174689440993789,0.0197981366459627,0.385675465838509
197273.411807,2488866.126422,0.0581846392552366,0.26978277734678,0,0.00310318076027929,0.170093095422808,0.498836307214895
197773.411807,2488866.126422,0.101221640488656,0.515997673065736,0,0.00155128950940469,0.0542951328291642,0.326934264107039
198273.411807,2488866.126422,0.0755633255633256,0.175407925407925,0,0.00971250971250971,0.122571872571873,0.616744366744367
186273.411807,2488366.126422,0.0448964632582005,0.100421477002016,0.0148433205057724,0.593732820230896,0.117280557082646,0.128825361920469
186773.411807,2488366.126422,0.0600110111947146,0.136355294549459,0.0133969535694623,0.535878142778491,0.12846393833731,0.125894659570563
187273.411807,2488366.126422,0.052814964239868,0.171281863194572,0,0.271226847606822,0.139739592884651,0.364936732074088
187773.411807,2488366.126422,0.07623236210372,0.175920835623969,0.0725673446948873,0.317390507604911,0.109767271394539,0.248121678577973
188273.411807,2488366.126422,0.148651128647458,0.0829510001835199,0.00715727656450725,0.269957790420261,0.175445035786383,0.315837768397871
188773.411807,2488366.126422,0.0975609756097561,0.0739042728773152,0.000550155877498625,0.665321841188337,0.104713002017238,0.0579497524298551
189273.411807,2488366.126422,0.0676195711929632,0.155579989004948,0.0205240974894631,0.395638629283489,0.108667766171889,0.251969946857248
189773.411807,2488366.126422,0.0238575885483575,0.106992108643788,0.0141310332171041,0.619379702697743,0.107175628555698,0.12846393833731
190273.411807,2488366.126422,0,0.0267742527049331,0.469649734091326,0.377406931964057,0.00146708233999633,0.124701998899688
190773.411807,2488366.126422,0.0175920835623969,0.0392156862745098,0.089792926516401,0.0109950522264981,0.000916254352208173,0.841487997067986
191273.411807,2488366.126422,0.071389245733162,0.112864745824922,0.0258763075793724,0.00146815929528354,0.0106441548908057,0.777757386676454
191773.411807,2488366.126422,0.0372272143774069,0.182101595452045,0.0808729139922978,0.00788556757748029,0.0126535851824684,0.679259123418302
192273.411807,2488366.126422,0.0555250137438153,0.247022173355323,0.0969397104636247,0.157045995968481,0.137254901960784,0.306212204507971
192773.411807,2488366.126422,0.146999449440264,0.152688566709488,0.00513855753349238,0.120572582125161,0.163149201688383,0.411451642503212
193273.411807,2488366.126422,0.0418118466898955,0.154777186869613,0.01998899688245,0.141573445809646,0.127269392994682,0.514579130753714
193773.411807,2488366.126422,0.0852116547553601,0.196444933113432,0,0.0357339197361187,0.11324903793293,0.569360454462159
194273.411807,2488366.126422,0.0526702147182969,0.126812259130116,0,0.248669480638649,0.216920535878143,0.354927509634795
194773.411807,2488366.126422,0.0480469466348799,0.15184302218962,0.133687878232166,0.0462130937098845,0.140656519347148,0.479552539886301
195273.411807,2488366.126422,0.0232728605460876,0.225032068902327,0.273776800439802,0.00201575957485798,0.0568077698369067,0.419094740700018
195773.411807,2488366.126422,0.0660671682877592,0.487795925857956,0.000183519911910442,0,0.0387227014131033,0.407230684529271
196273.411807,2488366.126422,0.0128369704749679,0.639097744360902,0,0,0.0328259673574179,0.315239317806712
196773.411807,2488366.126422,0.0645043063954554,0.539673813450614,0,0,0.0263881253435954,0.369433754810335
197273.411807,2488366.126422,0.015782712424298,0.268122591301156,0,0.000183519911910442,0.0341347036153423,0.681776472747293
197773.411807,2488366.126422,0.0803227581147992,0.0733541169998166,0,0.0198056115899505,0.158261507427104,0.668256005868329
198273.411807,2488366.126422,0.0513573000733676,0.341892883345561,0.000917094644167278,0.022560528246515,0.080520909757887,0.502751283932502
187273.411807,2487866.126422,0.0764997248211337,0.144377178499358,0.00568702990277013,0.451843698403963,0.139423958906623,0.182168409466153
187773.411807,2487866.126422,0.0897435897435897,0.0968864468864469,0.0131868131868132,0.432783882783883,0.163369963369963,0.204029304029304
188273.411807,2487866.126422,0.114311926605505,0.161834862385321,0.0132110091743119,0.280366972477064,0.109174311926606,0.321100917431193
188773.411807,2487866.126422,0.0669601907906806,0.133553476426344,0.000183452577508714,0.628875435699872,0.0847550908090259,0.0856723536965694
189273.411807,2487866.126422,0.0245421245421245,0.208241758241758,0.0551282051282051,0.211538461538462,0.0639194139194139,0.436630036630037
189773.411807,2487866.126422,0.0332110091743119,0.43651376146789,0,0.0609174311926605,0.109908256880734,0.359449541284404
190273.411807,2487866.126422,0,0.00293524124013942,0.287470188956155,0.705191707943497,0.00165107319757843,0.00275178866263071
190773.411807,2487866.126422,0.00274725274725275,0.0684981684981685,0.376556776556777,0.0679487179487179,0.00494505494505494,0.479304029304029
191273.411807,2487866.126422,0.0787155963302752,0.145871559633028,0.0809174311926606,0.0412844036697248,0.0122935779816514,0.640917431192661
191773.411807,2487866.126422,0.0739313887360117,0.2168409466153,0.235553109521189,0.0467804072647221,0.0216474041460283,0.405246743716749
192273.411807,2487866.126422,0.133516483516484,0.174358974358974,0.201098901098901,0.125091575091575,0.114102564102564,0.251831501831502
192773.411807,2487866.126422,0.132477064220183,0.141100917431193,0.00146788990825688,0.0306422018348624,0.0772477064220184,0.617064220183486
193273.411807,2487866.126422,0.0851219959640433,0.293524124013942,0,0.000183452577508714,0.0078884608328747,0.613281966611631
193773.411807,2487866.126422,0.063003663003663,0.248717948717949,0,0.00476190476190476,0.0653846153846154,0.618131868131868
194273.411807,2487866.126422,0.0711926605504587,0.0598165137614679,0,0.423119266055046,0.15394495412844,0.291926605504587
194773.411807,2487866.126422,0.0678774536782242,0.0867730691616217,0.0478811227297744,0.351311685929187,0.210236653824986,0.235920014676206
195273.411807,2487866.126422,0.0366300366300366,0.107509157509158,0.113553113553114,0.358791208791209,0.0474358974358974,0.336080586080586
195773.411807,2487866.126422,0.111376146788991,0.0557798165137615,0,0.174128440366972,0.26256880733945,0.396146788990826
196273.411807,2487866.126422,0.093010456796918,0.418638781874885,0,0.00146762062006971,0.0825536598789213,0.404329480829206
196773.411807,2487866.126422,0.0360805860805861,0.538461538461538,0,0.00256410256410256,0.129487179487179,0.293406593406593
197273.411807,2487866.126422,0.0677064220183486,0.288623853211009,0,0.0455045871559633,0.250091743119266,0.348073394495413
197773.411807,2487866.126422,0.0572372041827188,0.474224912860026,0,0.0174279948633278,0.138873601174097,0.312236286919831
198273.411807,2487866.126422,0.0654445462878094,0.251879010082493,0,0.0137488542621448,0.102108157653529,0.566819431714024
187773.411807,2487366.126422,0.115328199486615,0.0793912724605794,0,0.477081041437477,0.126145947928126,0.202053538687202
188273.411807,2487366.126422,0.0584249084249084,0.0820512820512821,0.0591575091575092,0.506593406593407,0.108241758241758,0.185531135531136
188773.411807,2487366.126422,0.152564102564103,0.12014652014652,0.00256410256410256,0.474358974358974,0.0564102564102564,0.193956043956044
189273.411807,2487366.126422,0.166483314998166,0.0594059405940594,0.118261826182618,0.349101576824349,0.092959295929593,0.213788045471214
189773.411807,2487366.126422,0.2,0.21996336996337,0.0327838827838828,0.222893772893773,0.0816849816849817,0.242673992673993
190273.411807,2487366.126422,0.00274725274725275,0.00824175824175824,0.235531135531136,0.668864468864469,0.00366300366300366,0.080952380952381
190773.411807,2487366.126422,0,0.0931426475980931,0.477631096442978,0.151081774844151,0.00293362669600293,0.275210854418775
191273.411807,2487366.126422,0.0265567765567766,0.241941391941392,0.270695970695971,0.0437728937728938,0.0177655677655678,0.399267399267399
191773.411807,2487366.126422,0.00732600732600733,0.271978021978022,0.381318681318681,0.0203296703296703,0.0468864468864469,0.272161172161172
192273.411807,2487366.126422,0.156398973230656,0.154382104877154,0.0577557755775578,0.0973597359735974,0.114044737807114,0.42005867253392
192773.411807,2487366.126422,0.250549450549451,0.0467032967032967,0.000183150183150183,0.119047619047619,0.170695970695971,0.412820512820513
193273.411807,2487366.126422,0.0236263736263736,0.498168498168498,0.00860805860805861,0.0159340659340659,0.0184981684981685,0.435164835164835
193773.411807,2487366.126422,0.0339200586725339,0.217455078841217,0.00495049504950495,0.09002566923359,0.157682434910158,0.495966263292996
194273.411807,2487366.126422,0.0373626373626374,0.0490842490842491,0,0.378571428571429,0.164835164835165,0.37014652014652
194773.411807,2487366.126422,0.0386446886446886,0.290659340659341,0.231501831501832,0.071978021978022,0.0417582417582418,0.325457875457875
195273.411807,2487366.126422,0.0676567656765677,0.167583425009168,0.0454712137880455,0.177484415108177,0.125779244591126,0.416024935826916
195773.411807,2487366.126422,0.10952380952381,0.111538461538462,0,0.311538461538462,0.136996336996337,0.33040293040293
196273.411807,2487366.126422,0.106593406593407,0.377472527472527,0,0,0.030952380952381,0.484981684981685
196773.411807,2487366.126422,0.0634396773010634,0.466263292995966,0,0.000183351668500183,0.0386872020535387,0.431426475980931
197273.411807,2487366.126422,0.0771062271062271,0.2496336996337,0.0168498168498168,0.0774725274725275,0.252197802197802,0.326739926739927
197773.411807,2487366.126422,0.0399267399267399,0.177838827838828,0,0.0298534798534799,0.0822344322344322,0.67014652014652
198273.411807,2487366.126422,0.0836697247706422,0.0814678899082569,0,0,0.0155963302752294,0.819266055045872
188773.411807,2486866.126422,0.0298918026774253,0.241335044929397,0.111131487254722,0.335044929396662,0.0601503759398496,0.222446359801944
189273.411807,2486866.126422,0.0754993586219534,0.0615722924683892,0.015026571376214,0.321605277625069,0.198094190947407,0.328202308960968
189773.411807,2486866.126422,0.0227564690768948,0.184437511469994,0.39401725087172,0.214534777023307,0.0299137456414021,0.154340245916682
190273.411807,2486866.126422,0,0.00128369704749679,0.887218045112782,0.111498257839721,0,0
190773.411807,2486866.126422,0,0,0.860912589334799,0.139087410665201,0,0
191273.411807,2486866.126422,0.00367039823820885,0.101486511286475,0.4147550009176,0.407597724353092,0.00458799779776106,0.0679023674068636
191773.411807,2486866.126422,0,0.282963506326793,0.460297084173849,0.0487804878048781,0.0445626260773886,0.163396295617092
192273.411807,2486866.126422,0.0903426791277259,0.137438152831226,0.0163093274693055,0.429540040315191,0.130474619754444,0.195895180502107
192773.411807,2486866.126422,0.0844191594788034,0.0534042943659387,0,0.392916131400257,0.240961644338411,0.22829877041659
193273.411807,2486866.126422,0.0783055198973042,0.0674857876398313,0.0225563909774436,0.429121584448927,0.136438657619659,0.266092059416835
193773.411807,2486866.126422,0.0219901044529962,0.190764156129742,0.100421477002016,0.12332783580722,0.106835257467473,0.456661169140553
194273.411807,2486866.126422,0.0467975775371628,0.263718113415306,0.10387227014131,0.0761607634428336,0.0636814094329235,0.445769866030464
194773.411807,2486866.126422,0.0216394645149459,0.259123418301852,0.167430772052081,0.339262791124152,0.132220795892169,0.0803227581147992
195273.411807,2486866.126422,0.0452629649990837,0.177570093457944,0.00274876305662452,0.323254535459043,0.158695253802456,0.292468389224849
195773.411807,2486866.126422,0.0647825289043861,0.46467241695724,0,0,0.0306478252890439,0.43989722884933
196273.411807,2486866.126422,0.0381441408399046,0.438657619658903,0,0,0.0491472583898771,0.474050981111315
196773.411807,2486866.126422,0.0207073483599047,0.54150632215503,0,0.00128275609309144,0.0130108118013561,0.423492761590618
197273.411807,2486866.126422,0.0187190310148651,0.546338777757387,0,0,0.0495503762158194,0.385391815011929
197773.411807,2486866.126422,0.0258573262424354,0.165230148542087,0,0,0.00293416467999266,0.805978360535485
198273.411807,2486866.126422,0.00972120322817315,0.0722670579603815,0,0.00421863536316948,0.033015407190022,0.880777696258254
189773.411807,2486366.126422,0.0155963302752294,0.0535779816513761,0.288440366972477,0.540183486238532,0.0522935779816514,0.0499082568807339
191273.411807,2486366.126422,0,0,0.00458715596330275,0.995412844036697,0,0
191773.411807,2486366.126422,0.00440286186020914,0.101999633094845,0.015410016510732,0.751972115208219,0.0187121629058888,0.107503210420106
192273.411807,2486366.126422,0.0663003663003663,0.0783882783882784,0.0379120879120879,0.549267399267399,0.133699633699634,0.134432234432234
192773.411807,2486366.126422,0.0851376146788991,0.068256880733945,0.00403669724770642,0.498532110091743,0.145871559633028,0.198165137614679
193273.411807,2486366.126422,0.0585213722252798,0.373509447807742,0.0717299578059072,0.177765547605944,0.0365070629242341,0.281966611630893
193773.411807,2486366.126422,0.01996336996337,0.234432234432234,0.215750915750916,0.296703296703297,0.0230769230769231,0.21007326007326
194273.411807,2486366.126422,0.026605504587156,0.0462385321100917,0.409908256880734,0.367339449541284,0.0651376146788991,0.0847706422018349
194773.411807,2486366.126422,0.0445789763346175,0.106402494955054,0,0.363603008622271,0.147312419739497,0.33810310034856
195273.411807,2486366.126422,0.0327838827838828,0.236630036630037,0,0.204029304029304,0.109157509157509,0.417399267399267
195773.411807,2486366.126422,0,0.901467889908257,0,0,0,0.0985321100917431
196273.411807,2486366.126422,0.00623738763529628,0.873784626674005,0,0,0.00458631443771785,0.115391671252981
196773.411807,2486366.126422,0.00567765567765568,0.620695970695971,0,0,0.00128205128205128,0.372344322344322
197273.411807,2486366.126422,0.0190825688073394,0.240733944954128,0,0,0.04,0.700183486238532
197773.411807,2486366.126422,0.00935608145294441,0.157769216657494,0,0.000550357732526142,0.0066042927903137,0.825720051366722
198273.411807,2486366.126422,0.00989917506874427,0.340604949587534,0,0,0.0181484876260312,0.63134738771769
191773.411807,2485866.126422,0.0186813186813187,0.0302197802197802,0,0.871794871794872,0.0216117216117216,0.0576923076923077
192273.411807,2485866.126422,0.00788412174550788,0.170700403373671,0.0958929226255959,0.647414741474147,0.0115511551155116,0.0665566556655666
192773.411807,2485866.126422,0.0293040293040293,0.0701465201465201,0.607326007326007,0.217399267399267,0.0205128205128205,0.0553113553113553
193273.411807,2485866.126422,0.0245421245421245,0.143772893772894,0.49010989010989,0.267582417582418,0.0342490842490843,0.0397435897435897
193773.411807,2485866.126422,0.0999266593325999,0.0779244591125779,0.147964796479648,0.459295929592959,0.108360836083608,0.106527319398607
194273.411807,2485866.126422,0.00787545787545788,0.0413919413919414,0.000183150183150183,0.868131868131868,0.0432234432234432,0.0391941391941392
194773.411807,2485866.126422,0.0446886446886447,0.0891941391941392,0,0.56043956043956,0.169047619047619,0.136630036630037
195273.411807,2485866.126422,0.0392372570590392,0.228822882288229,0.0348368170150348,0.210854418775211,0.0905757242390906,0.395672900623396
195773.411807,2485866.126422,0.0677655677655678,0.629487179487179,0.00714285714285714,0.0338827838827839,0.0408424908424908,0.220879120879121
196273.411807,2485866.126422,0.0133699633699634,0.598717948717949,0,0.0021978021978022,0.0346153846153846,0.351098901098901
196773.411807,2485866.126422,0.0161349468280161,0.508434176751008,0,0,0.0232856618995233,0.452145214521452
197273.411807,2485866.126422,0.0135531135531136,0.346336996336996,0,0.00457875457875458,0.0688644688644689,0.566666666666667
197773.411807,2485866.126422,0.00238095238095238,0.433150183150183,0,0,0.00238095238095238,0.562087912087912
198273.411807,2485866.126422,0.0102752293577982,0.587706422018349,0,0,0.00440366972477064,0.397614678899083
192273.411807,2485366.126422,0.0194245922668133,0.0236393622869709,0.0535092541689573,0.831042697452813,0.0562580172255818,0.0161260765988638
192773.411807,2485366.126422,0.0152321526885667,0.0152321526885667,0.121123141860892,0.801247935400991,0.0359699027344467,0.011194714626537
193273.411807,2485366.126422,0.00990280579497524,0.00586832935998533,0,0.93196405648267,0.048413717219879,0.00385109114249037
193773.411807,2485366.126422,0.0751328568810702,0.036100421477002,0.000733003481766538,0.652373098772219,0.136155396738135,0.0995052226498076
194273.411807,2485366.126422,0.0488162965681776,0.0530372545421178,0.00458799779776106,0.702147182969352,0.117636263534593,0.0737750045879978
194773.411807,2485366.126422,0.0518980377773703,0.214927562809463,0.00275077938749312,0.374839537869063,0.142123601687145,0.213460480469466
195273.411807,2485366.126422,0.0194245922668133,0.264797507788162,0.0208905992303463,0.218984790177753,0.144951438519333,0.330951072017592
195773.411807,2485366.126422,0.0368875022939989,0.207193980546889,0.0568911726922371,0.108093228115251,0.0924940356028629,0.498440080748761
196273.411807,2485366.126422,0.0238400880249404,0.286081056299285,0,0.00715202640748212,0.0673024023473317,0.615624426920961
196773.411807,2485366.126422,0.0203408466190214,0.308411214953271,0.0359171706065604,0.00293201392706615,0.0580905259299982,0.574308227964083
197273.411807,2485366.126422,0.0247751881079097,0.363919985318407,0,0.000367039823820885,0.0543218939254909,0.556615892824371
197773.411807,2485366.126422,0.026407482119934,0.264991747661838,0,0,0.0355767467449111,0.673024023473317
198273.411807,2485366.126422,0.00568598679383712,0.361335289801908,0,0,0.0106382978723404,0.622340425531915
192273.411807,2484866.126422,0.0576923076923077,0.0705128205128205,0.596886446886447,0.154029304029304,0.0401098901098901,0.0807692307692308
192773.411807,2484866.126422,0.0352293577981651,0.0185321100917431,0.0018348623853211,0.842201834862385,0.066605504587156,0.0355963302752294
193273.411807,2484866.126422,0.0381581361218125,0.0304531278664465,0.0337552742616034,0.778939644102,0.0816363969913777,0.0370574206567602
193773.411807,2484866.126422,0.314468864468864,0.106959706959707,0.00915750915750916,0.145604395604396,0.152197802197802,0.271611721611722
194273.411807,2484866.126422,0.0812844036697248,0.155412844036697,0.00862385321100917,0.419816513761468,0.115779816513761,0.219082568807339
194773.411807,2484866.126422,0.0682443588332416,0.0831040176114474,0.0170610897083104,0.43221427261053,0.11263988259035,0.28673637864612
195273.411807,2484866.126422,0.0813186813186813,0.084981684981685,0,0.332600732600733,0.132967032967033,0.368131868131868
195773.411807,2484866.126422,0.0565137614678899,0.210275229357798,0.0574311926605505,0.0434862385321101,0.0671559633027523,0.565137614678899
196273.411807,2484866.126422,0.0104567969179967,0.151898734177215,0.266923500275179,0.107503210420106,0.0739313887360117,0.389286369473491
196773.411807,2484866.126422,0.0333333333333333,0.248901098901099,0.030952380952381,0.0516483516483516,0.0672161172161172,0.567948717948718
197273.411807,2484866.126422,0.0526605504587156,0.305321100917431,0.00018348623853211,0.043302752293578,0.18348623853211,0.415045871559633
197773.411807,2484866.126422,0.0779673454412034,0.109704641350211,0,0.167675655842965,0.466886809759677,0.177765547605944
198273.411807,2484866.126422,0.0115490375802017,0.38698441796517,0,0.000549954170485793,0.0614115490375802,0.539505041246563
192773.411807,2484366.126422,0.0941391941391941,0.108974358974359,0.187545787545788,0.191575091575092,0.0351648351648352,0.382600732600733
193273.411807,2484366.126422,0.0690476190476191,0.0924908424908425,0.0968864468864469,0.423992673992674,0.0668498168498168,0.250732600732601
193773.411807,2484366.126422,0.0467546754675468,0.157499083241658,0.14008067473414,0.278694536120279,0.0911257792445911,0.285845251191786
194273.411807,2484366.126422,0.00934065934065934,0.145787545787546,0.463919413919414,0.125091575091575,0.0505494505494506,0.205311355311355
194773.411807,2484366.126422,0.0148351648351648,0.0750915750915751,0.584798534798535,0.211172161172161,0.0153846153846154,0.0987179487179487
195273.411807,2484366.126422,0.0196186285295196,0.260726072607261,0.298313164649798,0.204253758709204,0.0449211587825449,0.172167216721672
195773.411807,2484366.126422,0.0287545787545788,0.180586080586081,0.252197802197802,0.210622710622711,0.0512820512820513,0.276556776556777
196273.411807,2484366.126422,0.0641025641025641,0.236263736263736,0.218498168498168,0.167948717948718,0.0624542124542125,0.250732600732601
196773.411807,2484366.126422,0.0544554455445545,0.157865786578658,0.187018701870187,0.15034836817015,0.131463146314631,0.318848551521819
197273.411807,2484366.126422,0.0415750915750916,0.169230769230769,0.193223443223443,0.115018315018315,0.0934065934065934,0.387545787545788
197773.411807,2484366.126422,0.0408424908424908,0.315384615384615,0.0481684981684982,0.123992673992674,0.146703296703297,0.324908424908425
198273.411807,2484366.126422,0.0422018348623853,0.312293577981651,0.0823853211009174,0.055045871559633,0.139633027522936,0.368440366972477
193273.411807,2483866.126422,0.0454795525398863,0.13203741059967,0.193471483587016,0.355584082156611,0.0761048963873097,0.197322574729507
193773.411807,2483866.126422,0.0212571009712296,0.0557082646142569,0.51456844420011,0.133773135422393,0.112332783580722,0.162360271211288
194273.411807,2483866.126422,0.0181684712791338,0.09543035419343,0.625619379702698,0.0860708386859974,0.00935951550743256,0.165351440631308
194773.411807,2483866.126422,0,0.00733541169998166,0.886301118650284,0.105813313772235,0.000550155877498625,0
195273.411807,2483866.126422,0.00293201392706615,0.0544255085211655,0.517683708997618,0.404251420194246,0.00164925783397471,0.01905809052593
195773.411807,2483866.126422,0.00367039823820885,0.0357863828225362,0.573316204808222,0.374380620297302,0.0034868783262984,0.00935951550743256
196273.411807,2483866.126422,0.0218228498074454,0.118833669539703,0.528883183568678,0.209792774619476,0.0399779937649001,0.0806895286997983
196773.411807,2483866.126422,0.127909107568261,0.159611508154664,0.000183250870441635,0.105735752244823,0.116730804471321,0.489829576690489
197273.411807,2483866.126422,0.101486511286475,0.193613507065517,0.0774454028262066,0.235639566893008,0.0789135621214902,0.312901449807304
197773.411807,2483866.126422,0.0326425820649184,0.133687878232166,0.2800293416468,0.298918026774253,0.111131487254722,0.143590684027141
198273.411807,2483866.126422,0.088958180484226,0.127476155539252,0.0497065297138665,0.0508070432868672,0.0643800440205429,0.618672046955246
193773.411807,2483366.126422,0.0302197802197802,0.14010989010989,0.205494505494505,0.338827838827839,0.0318681318681319,0.253479853479853
194273.411807,2483366.126422,0.0111926605504587,0.312477064220184,0.401100917431193,0.219266055045872,0.00513761467889908,0.0508256880733945
194773.411807,2483366.126422,0,0,0.805173362685746,0.194826637314254,0,0
195273.411807,2483366.126422,0,0,0.00787545787545788,0.992124542124542,0,0
195773.411807,2483366.126422,0,0,0,1,0,0
196273.411807,2483366.126422,0.0144927536231884,0.0117409649605577,0.0066042927903137,0.945881489634929,0.00183452577508714,0.0194459732159237
196773.411807,2483366.126422,0.0195970695970696,0.151465201465201,0.000549450549450549,0.536446886446886,0.0445054945054945,0.247435897435897
197273.411807,2483366.126422,0.018348623853211,0.212477064220183,0.146422018348624,0.248807339449541,0.0871559633027523,0.286788990825688
197773.411807,2483366.126422,0.000550357732526142,0.148596587782058,0.52926068611264,0.274628508530545,0.0163272793982755,0.0306365804439552
198273.411807,2483366.126422,0.0175985334555454,0.144454628780935,0.512740604949588,0.0538955087076077,0.0388634280476627,0.232447296058662
194273.411807,2482866.126422,0.0472527472527473,0.181501831501831,0.112087912087912,0.445238095238095,0.0313186813186813,0.182600732600733
194773.411807,2482866.126422,0.0155677655677656,0.130586080586081,0.217032967032967,0.48956043956044,0.0249084249084249,0.122344322344322
195273.411807,2482866.126422,0,0.00348368170150348,0.55005500550055,0.431426475980931,0.0133846718005134,0.00165016501650165
195773.411807,2482866.126422,0,0,0,1,0,0
196273.411807,2482866.126422,0,0,0,1,0,0
196773.411807,2482866.126422,0,0,0,1,0,0
197273.411807,2482866.126422,0.056043956043956,0.148168498168498,0.0703296703296703,0.364285714285714,0.0448717948717949,0.316300366300366
197773.411807,2482866.126422,0.0355311355311355,0.171245421245421,0.353479853479854,0.0492673992673993,0.0307692307692308,0.35970695970696
198273.411807,2482866.126422,0.02,0.211926605504587,0.411559633027523,0.0475229357798165,0.061651376146789,0.247339449541284
195273.411807,2482366.126422,0.0379329301814184,0.156862745098039,0.151731720725673,0.323804288070368,0.12112882536192,0.20853949056258
195773.411807,2482366.126422,0.0121123141860892,0.0906588364837585,0.41493852082951,0.289410901082767,0.0161497522481189,0.176729675169756
196273.411807,2482366.126422,0,0,0.308454061984229,0.691545938015771,0,0
196773.411807,2482366.126422,0,0,0,1,0,0
197273.411807,2482366.126422,0.00165167920719398,0.0354193429987154,0,0.681592952835383,0.00165167920719398,0.279684345751514
197773.411807,2482366.126422,0.0359435173299101,0.174216027874564,0.110581331377224,0.0564826700898588,0.0229231615624427,0.599853291766
198273.411807,2482366.126422,0.041452677916361,0.232391782831988,0.323917828319883,0.133345561261922,0.0641966250917095,0.204695524578136
195773.411807,2481866.126422,0.0163302752293578,0.142018348623853,0.108807339449541,0.459633027522936,0.0187155963302752,0.254495412844037
196273.411807,2481866.126422,0.0264171711612548,0.2168409466153,0.331865712713264,0.214089157952669,0.0306365804439552,0.180150431113557
196773.411807,2481866.126422,0,0.0871794871794872,0.29047619047619,0.585714285714286,0.00146520146520147,0.0351648351648352
197273.411807,2481866.126422,0.00110091743119266,0.0388990825688073,0.0680733944954128,0.806605504587156,0.0163302752293578,0.0689908256880734
197773.411807,2481866.126422,0.0210970464135021,0.23390203632361,0.0757659145110989,0.283984589983489,0.0449458814896349,0.340304531278664
198273.411807,2481866.126422,0.0120989917506874,0.246746104491292,0.255362053162236,0.206782768102658,0.0394133822181485,0.239596700274977
196773.411807,2481366.126422,0.0454712137880455,0.217088375504217,0.211221122112211,0.363403006967363,0.0408874220755409,0.121928859552622
197273.411807,2481366.126422,0.0529304029304029,0.178937728937729,0.163369963369963,0.136446886446886,0.0470695970695971,0.421245421245421
197773.411807,2481366.126422,0.0032967032967033,0.180586080586081,0.406410256410256,0.207326007326007,0.0353479853479853,0.167032967032967
198273.411807,2481366.126422,0.0187155963302752,0.237798165137615,0.335412844036697,0.127339449541284,0.0289908256880734,0.251743119266055
197773.411807,2480866.126422,0.0997615991197506,0.18411883366954,0.135338345864662,0.303135888501742,0.0841738492572896,0.193471483587016
198273.411807,2480866.126422,0.0630961115187087,0.276045487894351,0.201944240645635,0.117021276595745,0.0243947175348496,0.317498165810712
