"x","y","forest","agri","water","built","other","grass"
174773.411807,2502866.126422,0.63920881321983,0.0195292939409114,0.0210315473209815,0.201301952929394,0.0625938908362544,0.0563345017526289
175273.411807,2502866.126422,0.21735867933967,0.0430215107553777,0,0.523261630815408,0.133566783391696,0.0827913956978489
175773.411807,2502866.126422,0.249375312343828,0.088455772113943,0,0.405797101449275,0.0794602698650675,0.176911544227886
176273.411807,2502866.126422,0.0913870806209314,0.0473209814722083,0.0085127691537306,0.773910866299449,0.0443164747120681,0.0345518277416124
176773.411807,2502866.126422,0.241870935467734,0.0717858929464732,0.00525262631315658,0.506503251625813,0.0492746373186593,0.125312656328164
177273.411807,2502866.126422,0.150674662668666,0.13368315842079,0.00224887556221889,0.58295852073963,0.0534732633683158,0.0769615192403798
177773.411807,2502866.126422,0.185277916875313,0.0335503254882323,0.0042563845768653,0.570605908863295,0.0550826239359039,0.151226840260391
178273.411807,2502866.126422,0.127563781890945,0.0537768884442221,0.00125062531265633,0.659829914957479,0.040520260130065,0.117058529264632
178773.411807,2502866.126422,0.063968015992004,0.0457271364317841,0.000499750124937531,0.84007996001999,0.0402298850574713,0.00949525237381309
179273.411807,2502866.126422,0.261892839258888,0.124937406109164,0.00125187781672509,0.366299449173761,0.0881321982974462,0.157486229344016
179773.411807,2502866.126422,0.129814907453727,0.0887943971985993,0.00275137568784392,0.600050025012506,0.0535267633816908,0.125062531265633
180273.411807,2502866.126422,0.229635182408796,0.141929035482259,0.00224887556221889,0.316591704147926,0.101449275362319,0.208145927036482
180773.411807,2502866.126422,0.28492739108663,0.111166750125188,0,0.325488232348523,0.0916374561842764,0.186780170255383
181273.411807,2502866.126422,0.0652826413206603,0.0607803901950975,0,0.755127563781891,0.0732866433216608,0.0455227613806903
181773.411807,2502866.126422,0.270614692653673,0.12543728135932,0,0.259620189905047,0.12143928035982,0.222888555722139
182273.411807,2502866.126422,0.176014021031547,0.131947921882824,0,0.272408612919379,0.0843765648472709,0.335252879318978
182773.411807,2502866.126422,0.0335167583791896,0.13231615807904,0,0.264132066033017,0.0572786393196598,0.512756378189095
183273.411807,2502866.126422,0.117191404297851,0.142928535732134,0.00149925037481259,0.502998500749625,0.120689655172414,0.114692653673163
183773.411807,2502866.126422,0.148973460190285,0.0673510265398097,0,0.532548823234852,0.109414121181773,0.14171256885328
184273.411807,2502866.126422,0.0227613806903452,0.0192596298149075,0,0.908954477238619,0.0400200100050025,0.00900450225112556
184773.411807,2502866.126422,0.0834582708645677,0.0474762618690655,0,0.693153423288356,0.0792103948025987,0.0967016491754123
185273.411807,2502866.126422,0.0588382573860791,0.0405608412618928,0.000250375563345017,0.77841762643966,0.0868803204807211,0.0350525788683025
173773.411807,2502366.126422,0.000549450549450549,0.00879120879120879,0.987728937728938,0.000549450549450549,0.00238095238095238,0
174273.411807,2502366.126422,0.00128346167950128,0.00146681334800147,0.947744774477448,0.0471213788045471,0.000916758342500917,0.00146681334800147
174773.411807,2502366.126422,0.434065934065934,0.0452380952380952,0.0221611721611722,0.31025641025641,0.0840659340659341,0.104212454212454
175273.411807,2502366.126422,0.0368131868131868,0.039010989010989,0.139194139194139,0.697985347985348,0.0692307692307692,0.0177655677655678
175773.411807,2502366.126422,0.0746241290795746,0.118811881188119,0.0113678034470114,0.53978731206454,0.115328199486615,0.14008067473414
176273.411807,2502366.126422,0.091025641025641,0.0772893772893773,0.0772893772893773,0.616483516483517,0.0672161172161172,0.0706959706959707
176773.411807,2502366.126422,0.16996336996337,0.0915750915750916,0.0100732600732601,0.511172161172161,0.0642857142857143,0.152930402930403
177273.411807,2502366.126422,0.0979097909790979,0.0960762742940961,0.0265859919325266,0.678951228456179,0.0537220388705537,0.0467546754675468
177773.411807,2502366.126422,0.0347985347985348,0.03003663003663,0.058974358974359,0.846520146520147,0.0214285714285714,0.00824175824175824
178273.411807,2502366.126422,0.0558608058608059,0.0261904761904762,0.00128205128205128,0.871245421245421,0.0408424908424908,0.00457875457875458
178773.411807,2502366.126422,0.0823248991565823,0.0588558855885589,0.00146681334800147,0.743857719105244,0.0320865419875321,0.0814081408140814
179273.411807,2502366.126422,0.14029304029304,0.123626373626374,0.0021978021978022,0.63021978021978,0.043040293040293,0.0606227106227106
179773.411807,2502366.126422,0.0597069597069597,0.0393772893772894,0,0.826373626373626,0.0362637362637363,0.0382783882783883
180273.411807,2502366.126422,0.0922258892555922,0.05995599559956,0.0011001100110011,0.755775577557756,0.0573890722405574,0.0335533553355336
180773.411807,2502366.126422,0.0536630036630037,0.0428571428571429,0,0.838461538461538,0.0338827838827839,0.0311355311355311
181273.411807,2502366.126422,0.0626373626373626,0.0326007326007326,0.000915750915750916,0.823992673992674,0.0296703296703297,0.0501831501831502
181773.411807,2502366.126422,0.174550788412175,0.0737073707370737,0.000733406674000733,0.521452145214521,0.0282361569490282,0.201320132013201
182273.411807,2502366.126422,0.243772893772894,0.144322344322344,0.0509157509157509,0.0133699633699634,0.00732600732600733,0.54029304029304
182773.411807,2502366.126422,0.27051282051282,0.17967032967033,0,0.125091575091575,0.122710622710623,0.302014652014652
183273.411807,2502366.126422,0.229189585625229,0.128896222955629,0,0.390722405573891,0.151081774844151,0.1001100110011
183773.411807,2502366.126422,0.0888278388278388,0.0395604395604396,0,0.758608058608059,0.0578754578754579,0.0551282051282051
184273.411807,2502366.126422,0.127838827838828,0.0706959706959707,0,0.651098901098901,0.0655677655677656,0.0847985347985348
184773.411807,2502366.126422,0.24037403740374,0.0771910524385772,0,0.318665199853319,0.145947928126146,0.217821782178218
185273.411807,2502366.126422,0.31043956043956,0.0992673992673993,0,0.126556776556777,0.153113553113553,0.310622710622711
174273.411807,2501866.126422,0.173905076049111,0.0608392889866227,0.376397287887117,0.29265164009529,0.00146600696353308,0.0947407000183251
174773.411807,2501866.126422,0.0282620664342081,0.0321159845843274,0,0.880712057258213,0.028629106258029,0.030280785465223
175273.411807,2501866.126422,0.000183385292499542,0,0.555474050981111,0.444342563726389,0,0
175773.411807,2501866.126422,0.000549752611324904,0.00274876305662452,0.163093274693055,0.833608209638996,0,0
176273.411807,2501866.126422,0.0306478252890439,0.0330335841438796,0.127546338777757,0.720866213984217,0.0748761240594605,0.0130299137456414
176773.411807,2501866.126422,0.0240234733174399,0.0533651201173666,0.23601687144691,0.641665138455896,0.0363102879149092,0.00861910874747845
177273.411807,2501866.126422,0.0492944841487997,0.108118013560564,0.185999633498259,0.580538757559098,0.0489279824079164,0.0271211288253619
177773.411807,2501866.126422,0.126628739218205,0.0568911726922371,0.011194714626537,0.69297118737383,0.0486327766562672,0.0636814094329235
178273.411807,2501866.126422,0.130020172382175,0.0938932697597653,0.00128369704749679,0.658903355950853,0.0526315789473684,0.0632679259123418
178773.411807,2501866.126422,0.049660985889683,0.0238226131574125,0.00109950522264981,0.881803188565146,0.0194245922668133,0.0241891148982958
179273.411807,2501866.126422,0.101119471462654,0.0653330886401175,0.000550559735731327,0.695907505964397,0.0614791704899982,0.0756102037071022
179773.411807,2501866.126422,0.106363469649734,0.090408949202274,0.00678525582248304,0.673207408765817,0.0962772785622593,0.0269576379974326
180273.411807,2501866.126422,0.122045079714129,0.0769653655854865,0.000916254352208173,0.667949422759758,0.051126992853216,0.0809968847352025
180773.411807,2501866.126422,0.154707285740503,0.0801982015048633,0,0.577904202605983,0.0768948430904753,0.110295467058176
181273.411807,2501866.126422,0.161929213277095,0.106913625527233,0,0.506510177883734,0.0685860993948285,0.15606088391711
181773.411807,2501866.126422,0.0883269195528679,0.165658786879238,0.00274876305662452,0.557632398753894,0.0712845886017959,0.11434854315558
182273.411807,2501866.126422,0.32795008258396,0.111763626353459,0,0.0658836483758488,0.0675353275830428,0.426867315103689
182773.411807,2501866.126422,0.116449660737209,0.112965340179718,0.00586832935998533,0.575646433156061,0.133504492939666,0.0555657436273611
183273.411807,2501866.126422,0.243723657687374,0.12332783580722,0,0.34982591167308,0.174821330401319,0.108301264431006
183773.411807,2501866.126422,0.178197834465039,0.0871719581574601,0.00311983850247752,0.383373095980914,0.113598825472564,0.234538447421545
184273.411807,2501866.126422,0.201907207041995,0.0876581698147808,0,0.314689161929213,0.0889418668622776,0.306803594351733
184773.411807,2501866.126422,0.352574674729705,0.0899761773868426,0,0.026571376214037,0.0786146234194612,0.452263148249954
185273.411807,2501866.126422,0.379702697742705,0.0526702147182969,0.112681225913012,0.0282620664342081,0.0234905487245366,0.403193246467242
174273.411807,2501366.126422,0.0283882783882784,0.0399267399267399,0.785714285714286,0.0315018315018315,0.0106227106227106,0.103846153846154
174773.411807,2501366.126422,0.073394495412844,0.0739449541284404,0.14697247706422,0.560550458715596,0.0822018348623853,0.0629357798165138
175273.411807,2501366.126422,0.0254999082737112,0.0262337185837461,0.131718950651257,0.764263437901302,0.0513667217024399,0.00091726288754357
175773.411807,2501366.126422,0.00201465201465201,0.00128205128205128,0.0912087912087912,0.896520146520147,0.00897435897435897,0
176273.411807,2501366.126422,0,0.00110091743119266,0.0192660550458716,0.979633027522936,0,0
176773.411807,2501366.126422,0,0,0.00953953403045313,0.990460465969547,0,0
177273.411807,2501366.126422,0.0133699633699634,0.0692307692307692,0.010989010989011,0.885347985347985,0.0139194139194139,0.00714285714285714
177773.411807,2501366.126422,0.0790825688073395,0.27651376146789,0.0493577981651376,0.400550458715596,0.0343119266055046,0.160183486238532
178273.411807,2501366.126422,0.159603742432581,0.232250963126032,0.0498991010823702,0.441753806640983,0.0299027701339204,0.086589616584113
178773.411807,2501366.126422,0.0767399267399267,0.0584249084249084,0.017032967032967,0.76007326007326,0.0586080586080586,0.0291208791208791
179273.411807,2501366.126422,0.140917431192661,0.0662385321100917,0.00201834862385321,0.710642201834862,0.0460550458715596,0.0341284403669725
179773.411807,2501366.126422,0.113924050632911,0.118326912493121,0,0.629976151164924,0.0643918547055586,0.0733810310034856
180273.411807,2501366.126422,0.164835164835165,0.115567765567766,0,0.468681318681319,0.0811355311355311,0.16978021978022
180773.411807,2501366.126422,0.0387155963302752,0.0922935779816514,0,0.797798165137615,0.0515596330275229,0.0196330275229358
181273.411807,2501366.126422,0.0966795083470923,0.0726472206934507,0.000550357732526142,0.71179600073381,0.0581544670702623,0.0601724454228582
181773.411807,2501366.126422,0.0368131868131868,0.0357142857142857,0,0.876373626373626,0.0347985347985348,0.0163003663003663
182273.411807,2501366.126422,0.0611009174311927,0.0667889908256881,0,0.816146788990826,0.0297247706422018,0.0262385321100917
182773.411807,2501366.126422,0.064758759860576,0.0418271876719868,0.00458631443771785,0.843881856540084,0.0302696752889378,0.0146762062006971
183273.411807,2501366.126422,0.158241758241758,0.133333333333333,0,0.402197802197802,0.12014652014652,0.186080586080586
183773.411807,2501366.126422,0.282385321100917,0.119449541284404,0,0.134128440366972,0.0675229357798165,0.39651376146789
184273.411807,2501366.126422,0.114290955787929,0.0587048248027885,0,0.436433681893231,0.16125481563016,0.229315721885892
184773.411807,2501366.126422,0.339377289377289,0.0727106227106227,0,0.0611721611721612,0.142124542124542,0.384615384615385
185273.411807,2501366.126422,0.411559633027523,0.0278899082568807,0.00348623853211009,0.0552293577981651,0.0873394495412844,0.414495412844037
175273.411807,2500866.126422,0.106227106227106,0.0586080586080586,0.00183150183150183,0.685531135531136,0.0752747252747253,0.0725274725274725
175773.411807,2500866.126422,0.048038137147048,0.0412541254125413,0.0955262192885955,0.658232489915658,0.0634396773010634,0.0935093509350935
176273.411807,2500866.126422,0.000732600732600733,0.00402930402930403,0.223260073260073,0.753113553113553,0.0188644688644689,0
176773.411807,2500866.126422,0.0642857142857143,0.116849816849817,0,0.746703296703297,0.0294871794871795,0.0426739926739927
177273.411807,2500866.126422,0.00953428676200953,0.0172350568390172,0.0388705537220389,0.917308397506417,0.0126512651265127,0.0044004400440044
177773.411807,2500866.126422,0.0516483516483516,0.0978021978021978,0.0119047619047619,0.684615384615385,0.0269230769230769,0.127106227106227
178273.411807,2500866.126422,0.149267399267399,0.237545787545788,0.0159340659340659,0.371611721611722,0.0708791208791209,0.154761904761905
178773.411807,2500866.126422,0.192702603593693,0.14979831316465,0.0416208287495416,0.373854052071874,0.0685735240190686,0.173450678401173
179273.411807,2500866.126422,0.253479853479853,0.151465201465201,0.00238095238095238,0.394871794871795,0.0336996336996337,0.164102564102564
179773.411807,2500866.126422,0.165750915750916,0.249267399267399,0.000183150183150183,0.231501831501832,0.0798534798534798,0.273443223443223
180273.411807,2500866.126422,0.107077374404107,0.0702236890355702,0.000366703337000367,0.651815181518152,0.0845251191785845,0.085991932526586
180773.411807,2500866.126422,0.0498168498168498,0.0553113553113553,0.000183150183150183,0.852380952380952,0.0322344322344322,0.0100732600732601
181273.411807,2500866.126422,0.0135531135531136,0.0141025641025641,0.000915750915750916,0.952197802197802,0.013003663003663,0.00622710622710623
181773.411807,2500866.126422,0.162266226622662,0.0669233590025669,0,0.592225889255592,0.0533553355335534,0.125229189585625
182273.411807,2500866.126422,0.0470695970695971,0.0754578754578755,0.000732600732600733,0.782600732600733,0.0474358974358974,0.0467032967032967
182773.411807,2500866.126422,0.102197802197802,0.078021978021978,0,0.576007326007326,0.0990842490842491,0.144688644688645
183273.411807,2500866.126422,0.123395672900623,0.364869820315365,0,0.178217821782178,0.123212321232123,0.21030436376971
183773.411807,2500866.126422,0.242673992673993,0.184615384615385,0,0.13021978021978,0.128937728937729,0.313553113553114
184273.411807,2500866.126422,0.200732600732601,0.0556776556776557,0,0.315567765567766,0.104395604395604,0.323626373626374
184773.411807,2500866.126422,0.280528052805281,0.113127979464613,0,0.011001100110011,0.0828749541620829,0.512467913458012
185273.411807,2500866.126422,0.577289377289377,0,0,0,0,0.422710622710623
175273.411807,2500366.126422,0.10783055198973,0.0920594168347699,0.0106363469649734,0.632862644415918,0.0319090408949202,0.124701998899688
175773.411807,2500366.126422,0.0984057174271578,0.0500274876305662,0.00183250870441635,0.604178119846069,0.104452996151732,0.141103170240059
176273.411807,2500366.126422,0.0133969535694623,0.0594604514589833,0.283538263901633,0.590567076527803,0.00991007524316388,0.0431271792989539
176773.411807,2500366.126422,0.0377773702549056,0.0647350082523382,0.0366770584999083,0.817715019255456,0.0207225380524482,0.0223730056849441
177273.411807,2500366.126422,0.0271211288253619,0.0599230346344145,0.0676195711929632,0.79824079164376,0.0377496793109767,0.00934579439252336
177773.411807,2500366.126422,0.0148651128647458,0.0537713341897596,0.177463754817398,0.734813727289411,0.00935951550743256,0.00972655533125344
178273.411807,2500366.126422,0.200440124701999,0.194755180634513,0.00421786172748946,0.364203190904089,0.0957271226847607,0.140656519347148
178773.411807,2500366.126422,0.116181051859996,0.345061389041598,0.0399486897562763,0.265897013010812,0.0654205607476635,0.167491295583654
179273.411807,2500366.126422,0.153055606533309,0.393099651312167,0.00293631859056708,0.0923105156909525,0.0767113231785649,0.281886584694439
179773.411807,2500366.126422,0.318907023656703,0.148542086924629,0,0.0850907757197873,0.176416651384559,0.271043462314322
180273.411807,2500366.126422,0.168774051676745,0.169507055158512,0,0.341762873373649,0.136705149349459,0.183250870441635
180773.411807,2500366.126422,0.140392732611488,0.0600110111947146,0,0.665259680675353,0.0543218939254909,0.0800146815929528
181273.411807,2500366.126422,0.01998899688245,0.00788556757748029,0,0.94791857693013,0.0157711351549606,0.00843572345497891
181773.411807,2500366.126422,0.0243723657687374,0.024555616639179,0,0.923584387025838,0.0188748396554884,0.00861279091075683
182273.411807,2500366.126422,0.082583960359699,0.0862543585979079,0.000183519911910442,0.72600477151771,0.0434942191227748,0.0614791704899982
182773.411807,2500366.126422,0.224280212726939,0.100678525582248,0,0.100495140289749,0.130937098844673,0.443609022556391
183273.411807,2500366.126422,0.144951438519333,0.12662635147517,0,0.309877221916804,0.219168041048195,0.199376947040498
183773.411807,2500366.126422,0.380069737566526,0.0601945311066251,0.0345017434391632,0.0748761240594605,0.0376215819416407,0.412736281886585
184273.411807,2500366.126422,0.187786539519531,0.0546488171648634,0,0.108747478452228,0.0773885934348065,0.571428571428571
184773.411807,2500366.126422,0.35312442734103,0.0621220450797141,0,0.00861279091075683,0.0419644493311343,0.534176287337365
185273.411807,2500366.126422,0.398605248669481,0.00330335841438796,0.000367039823820885,0,0,0.597724353092311
175773.411807,2499866.126422,0.135531135531136,0.121245421245421,0,0.578754578754579,0.0593406593406593,0.105128205128205
176273.411807,2499866.126422,0.0148623853211009,0.0295412844036697,0.294311926605505,0.627706422018349,0.0188990825688073,0.0146788990825688
176773.411807,2499866.126422,0.00385250412768299,0.0143093010456797,0.391854705558613,0.584663364520271,0.00403595670519171,0.001284168042561
177273.411807,2499866.126422,0.0578754578754579,0.0846153846153846,0.000549450549450549,0.772344322344322,0.0652014652014652,0.0194139194139194
177773.411807,2499866.126422,0.0176146788990826,0.0497247706422018,0.234311926605505,0.672293577981651,0.00862385321100917,0.0174311926605505
178273.411807,2499866.126422,0.0247660979636764,0.565584296459365,0.0177949000183453,0.225096312603192,0.0225646670335718,0.144193725921849
178773.411807,2499866.126422,0.0401098901098901,0.285897435897436,0.0194139194139194,0.396520146520146,0.0446886446886447,0.213369963369963
179273.411807,2499866.126422,0.0645871559633028,0.339082568807339,0,0.0522935779816514,0.0431192660550459,0.500917431192661
179773.411807,2499866.126422,0.150614566134654,0.203632361034673,0,0.279948633278298,0.115208218675472,0.250596220876903
180273.411807,2499866.126422,0.0582417582417582,0.125641025641026,0.000183150183150183,0.636080586080586,0.104945054945055,0.0749084249084249
180773.411807,2499866.126422,0.10954128440367,0.0412844036697248,0.00055045871559633,0.71743119266055,0.0598165137614679,0.0713761467889908
181273.411807,2499866.126422,0.0267840763162722,0.0161438268207668,0,0.911392405063291,0.0414602825169694,0.00421940928270042
181773.411807,2499866.126422,0.0899267399267399,0.0470695970695971,0,0.776739926739927,0.0485347985347985,0.0377289377289377
182273.411807,2499866.126422,0.102201834862385,0.0856880733944954,0.00293577981651376,0.689174311926605,0.028256880733945,0.0917431192660551
182773.411807,2499866.126422,0.063474591818015,0.0818198495688864,0,0.564300128416804,0.066042927903137,0.224362502293157
183273.411807,2499866.126422,0.213003663003663,0.197435897435897,0,0.146703296703297,0.136263736263736,0.306593406593407
183773.411807,2499866.126422,0.212477064220183,0.0414678899082569,0.00385321100917431,0.0412844036697248,0.0968807339449541,0.604036697247706
184273.411807,2499866.126422,0.235736562098697,0.103467253714915,0,0.266923500275179,0.173729590900752,0.220143093010457
184773.411807,2499866.126422,0.218864468864469,0.0730769230769231,0.000366300366300366,0.0483516483516484,0.144139194139194,0.515201465201465
185273.411807,2499866.126422,0.284954128440367,0.0411009174311927,0.0168807339449541,0.00055045871559633,0.044954128440367,0.611559633027523
176273.411807,2499366.126422,0.0831501831501831,0.364652014652015,0.0163003663003663,0.271062271062271,0.0404761904761905,0.224358974358974
176773.411807,2499366.126422,0.0141025641025641,0.0230769230769231,0.209340659340659,0.725274725274725,0.015018315018315,0.0131868131868132
177273.411807,2499366.126422,0.0302530253025303,0.0502383571690502,0.126512651265127,0.766226622662266,0.0247524752475248,0.00201686835350202
177773.411807,2499366.126422,0.0238095238095238,0.0527472527472527,0.0139194139194139,0.844688644688645,0.0514652014652015,0.0133699633699634
178273.411807,2499366.126422,0.0358974358974359,0.371978021978022,0.0518315018315018,0.257875457875458,0.0945054945054945,0.187912087912088
178773.411807,2499366.126422,0.136780344701137,0.187202053538687,0,0.423909057572424,0.0804913824715805,0.171617161716172
179273.411807,2499366.126422,0.0518315018315018,0.107142857142857,0.00128205128205128,0.714285714285714,0.0586080586080586,0.0668498168498168
179773.411807,2499366.126422,0.116483516483516,0.138095238095238,0.0384615384615385,0.464652014652015,0.0516483516483516,0.190659340659341
180273.411807,2499366.126422,0.092959295929593,0.38980564723139,0.0192519251925193,0.156949028236157,0.0484048404840484,0.292629262926293
180773.411807,2499366.126422,0.0249084249084249,0.0487179487179487,0,0.869230769230769,0.0261904761904762,0.030952380952381
181273.411807,2499366.126422,0.0230769230769231,0.0272893772893773,0,0.901465201465201,0.0296703296703297,0.0184981684981685
181773.411807,2499366.126422,0.122662266226623,0.0572057205720572,0,0.685185185185185,0.0405207187385405,0.0944261092775944
182273.411807,2499366.126422,0.0448717948717949,0.190842490842491,0,0.492124542124542,0.0512820512820513,0.220879120879121
182773.411807,2499366.126422,0.0456043956043956,0.296153846153846,0,0.225641025641026,0.0705128205128205,0.362087912087912
183273.411807,2499366.126422,0.0718738540520719,0.342134213421342,0,0.176751008434177,0.0280528052805281,0.381188118811881
183773.411807,2499366.126422,0.0556776556776557,0.256776556776557,0,0.274725274725275,0.0457875457875458,0.367032967032967
184273.411807,2499366.126422,0.0631868131868132,0.0457875457875458,0,0.642124542124542,0.0796703296703297,0.169230769230769
184773.411807,2499366.126422,0.223689035570224,0.0738907224055739,0,0.150898423175651,0.142280894756142,0.409240924092409
185273.411807,2499366.126422,0.23992673992674,0.0558608058608059,0,0.00934065934065934,0.0424908424908425,0.652380952380952
176773.411807,2498866.126422,0.131120484137172,0.111131487254722,0.117366587199707,0.366403814414084,0.0806895286997983,0.193288098294517
177273.411807,2498866.126422,0,0,0.538940809968847,0.461059190031153,0,0
177773.411807,2498866.126422,0.0249587080198202,0.0959809139291613,0.00495503762158194,0.790236740686365,0.0370710222059093,0.0467975775371628
178273.411807,2498866.126422,0.0187052998349532,0.041995231982395,0.0066018705299835,0.793874931230515,0.132770951769668,0.00605171465248487
178773.411807,2498866.126422,0.066703316840755,0.0864944108484515,0.0392156862745098,0.695986805937328,0.0628550485614807,0.0487447315374748
179273.411807,2498866.126422,0.179849513672233,0.101670031198385,0.0291796659937603,0.4024591668196,0.051018535511103,0.235823086804918
179773.411807,2498866.126422,0.163212910324592,0.0803227581147992,0,0.482853475151293,0.137172198789657,0.136438657619659
180273.411807,2498866.126422,0.121678577973245,0.202125710097123,0.0454462158695254,0.410115448048378,0.0831958951805021,0.137438152831226
180773.411807,2498866.126422,0.0464305377133419,0.0350523031748945,0,0.856854468709855,0.0403743806202973,0.0212883097816113
181273.411807,2498866.126422,0.105446543187236,0.0783055198973042,0.00256739409499358,0.660737208875848,0.0511644966073721,0.101778837337246
181773.411807,2498866.126422,0.0700018325087044,0.143851933296683,0,0.560197910940077,0.0472787245739417,0.178669598680594
182273.411807,2498866.126422,0.0504679757753716,0.2407781244265,0,0.221692053587814,0.103505230317489,0.383556615892824
182773.411807,2498866.126422,0.0452961672473868,0.260773885934348,0,0.215294333394462,0.0726205758298184,0.406015037593985
183273.411807,2498866.126422,0.16034451163643,0.274143302180685,0,0.205057724024189,0.0412314458493678,0.319223016309327
183773.411807,2498866.126422,0.0814828408882364,0.139842172875757,0,0.392732611488346,0.0616626904019086,0.324279684345751
184273.411807,2498866.126422,0.0590500641848524,0.0990280579497524,0.0022006235099945,0.563176233266092,0.0561158995048597,0.220429121584449
184773.411807,2498866.126422,0.112516034451164,0.0971229613340663,0,0.462341946124244,0.128458860179586,0.19956019791094
185273.411807,2498866.126422,0.342081115801064,0.0418425399155808,0,0.155074325564324,0.119838502477519,0.341163516241512
176773.411807,2498366.126422,0.0764997248211337,0.109704641350211,0,0.627224362502293,0.11263988259035,0.0739313887360117
177273.411807,2498366.126422,0.0135531135531136,0.0142857142857143,0.256227106227106,0.686630036630037,0.0177655677655678,0.0115384615384615
177773.411807,2498366.126422,0,0,0.147522935779817,0.852477064220183,0,0
178273.411807,2498366.126422,0.0838378279214823,0.161621720785177,0.00843881856540084,0.554760594386351,0.0785177031737296,0.112823335167859
178773.411807,2498366.126422,0.146336996336996,0.218315018315018,0.000549450549450549,0.33040293040293,0.113369963369963,0.191025641025641
179273.411807,2498366.126422,0.0662385321100917,0.0506422018348624,0.00807339449541284,0.784587155963303,0.0346788990825688,0.0557798165137615
179773.411807,2498366.126422,0.108237020730141,0.0509998165474225,0,0.720785177031737,0.0662263804806457,0.0537516052100532
180273.411807,2498366.126422,0.115384615384615,0.063003663003663,0,0.654212454212454,0.0547619047619048,0.112637362637363
180773.411807,2498366.126422,0.147155963302752,0.196880733944954,0.0322935779816514,0.38348623853211,0.0499082568807339,0.190275229357798
181273.411807,2498366.126422,0.133370023848835,0.201614382682077,0.000550357732526142,0.369106585947533,0.135388002201431,0.159970647587599
181773.411807,2498366.126422,0.112454212454212,0.242857142857143,0.000183150183150183,0.287179487179487,0.107326007326007,0.25
182273.411807,2498366.126422,0.064954128440367,0.217614678899083,0.00110091743119266,0.277981651376147,0.0902752293577982,0.348073394495413
182773.411807,2498366.126422,0.0946615299944964,0.199596404329481,0.00146762062006971,0.46505228398459,0.0986974866996881,0.140524674371675
183273.411807,2498366.126422,0.131318681318681,0.0774725274725275,0,0.604212454212454,0.107326007326007,0.0796703296703297
183773.411807,2498366.126422,0.056697247706422,0.0594495412844037,0,0.701284403669725,0.0638532110091743,0.118715596330275
184273.411807,2498366.126422,0.0486149330398092,0.0432948082920565,0.000733810310034856,0.815813612181251,0.0601724454228582,0.0313703907539901
184773.411807,2498366.126422,0.0923076923076923,0.186996336996337,0,0.308058608058608,0.118315018315018,0.294322344322344
185273.411807,2498366.126422,0.241100917431193,0.031743119266055,0,0.179449541284404,0.10348623853211,0.444220183486239
177273.411807,2497866.126422,0.0962596259625963,0.1002933626696,0,0.648148148148148,0.0319031903190319,0.123395672900623
177773.411807,2497866.126422,0.00238095238095238,0.0032967032967033,0.124175824175824,0.85970695970696,0.00989010989010989,0.000549450549450549
178273.411807,2497866.126422,0.032051282051282,0.0730769230769231,0.13040293040293,0.698351648351648,0.0368131868131868,0.0293040293040293
178773.411807,2497866.126422,0.0522552255225523,0.0469380271360469,0.0302530253025303,0.806013934726806,0.0592225889255592,0.00531719838650532
179273.411807,2497866.126422,0.0598901098901099,0.168864468864469,0.0386446886446886,0.669413919413919,0.0338827838827839,0.0293040293040293
179773.411807,2497866.126422,0.124175824175824,0.0912087912087912,0.000915750915750916,0.6496336996337,0.060989010989011,0.0730769230769231
180273.411807,2497866.126422,0.0621562156215622,0.0300696736340301,0.000183351668500183,0.845617895122846,0.0284195086175284,0.0335533553355336
180773.411807,2497866.126422,0.11043956043956,0.130586080586081,0.000366300366300366,0.632600732600733,0.0375457875457875,0.0884615384615385
181273.411807,2497866.126422,0.11978021978022,0.352930402930403,0,0.352380952380952,0.0659340659340659,0.108974358974359
181773.411807,2497866.126422,0.0342867620095343,0.439310597726439,0.00495049504950495,0.134763476347635,0.0139347268060139,0.372753942060873
182273.411807,2497866.126422,0.0573260073260073,0.383333333333333,0.00586080586080586,0.13956043956044,0.0454212454212454,0.368498168498169
182773.411807,2497866.126422,0.11978021978022,0.394505494505494,0.0043956043956044,0.0333333333333333,0.0732600732600733,0.374725274725275
183273.411807,2497866.126422,0.09002566923359,0.38980564723139,0,0.00183351668500183,0.00806747341400807,0.51026769343601
183773.411807,2497866.126422,0.0494505494505494,0.343040293040293,0.000366300366300366,0.248534798534799,0.0465201465201465,0.312087912087912
184273.411807,2497866.126422,0.0716117216117216,0.317765567765568,0.0010989010989011,0.116117216117216,0.0813186813186813,0.412087912087912
184773.411807,2497866.126422,0.048038137147048,0.48001466813348,0,0.211587825449212,0.0658232489915658,0.194536120278695
185273.411807,2497866.126422,0.0802197802197802,0.152930402930403,0,0.436263736263736,0.154945054945055,0.175641025641026
177773.411807,2497366.126422,0.0467975775371628,0.0321159845843274,0.0941457148100569,0.739218205175261,0.0297302257294917,0.0579922921636998
178273.411807,2497366.126422,0.00403447643498991,0.00311754997249221,0.122134604804695,0.865945351182835,0.00183385292499542,0.00293416467999266
178773.411807,2497366.126422,0.00696353307678211,0.00678028220634048,0.0185083379146051,0.96188381894814,0.00586402785413231,0
179273.411807,2497366.126422,0.047715177096715,0.100201871903101,0.00183519911910442,0.787667461919618,0.0262433474031932,0.0363369425582676
179773.411807,2497366.126422,0.0717036493673207,0.0777553640198056,0.0097194205024757,0.758848340363103,0.0341096644049147,0.0478635613423803
180273.411807,2497366.126422,0.0317024005864028,0.0350009162543522,0.000183250870441635,0.885101704233095,0.0234561114165292,0.024555616639179
180773.411807,2497366.126422,0.00568911726922371,0.0372545421178198,0.00110111947146265,0.934116351624151,0.0218388695173426,0
181273.411807,2497366.126422,0.101228681459747,0.209792774619476,0.00825233816247937,0.430772052081423,0.0339262791124152,0.21602787456446
181773.411807,2497366.126422,0.00604727872457394,0.223749312809236,0.000366501740883269,0.615722924683892,0.00769653655854865,0.146417445482866
182273.411807,2497366.126422,0,0.17416039640301,0.000367039823820885,0.712607817948247,0.00899247568361167,0.10387227014131
182773.411807,2497366.126422,0,0.209426004034476,0.0104529616724739,0.668439391160829,0.00696864111498258,0.104713002017238
183273.411807,2497366.126422,0.00989554700384827,0.398570643210555,0.00549752611324904,0.420194245922668,0.0350009162543522,0.130841121495327
183773.411807,2497366.126422,0.011194714626537,0.620297302257295,0.0146815929528354,0.258028996146082,0.0284455863461186,0.0673518076711323
184273.411807,2497366.126422,0.0238400880249404,0.505593251421236,0.0335595085274161,0.223179900971942,0.0166880616174583,0.197139189437007
184773.411807,2497366.126422,0.00641378046545721,0.442184350375664,0.0317024005864028,0.201575957485798,0.0164925783397471,0.301630932746931
185273.411807,2497366.126422,0.0734079647641769,0.20315654248486,0,0.337493118003303,0.145531290144981,0.240411084602679
178273.411807,2496866.126422,0.0266006237387635,0.0273344340487984,0.0236653824986241,0.757292239955971,0.127132636213539,0.0379746835443038
178773.411807,2496866.126422,0,0,0.16043956043956,0.83956043956044,0,0
179273.411807,2496866.126422,0.02,0.0376146788990826,0.121467889908257,0.790642201834862,0.0231192660550459,0.00715596330275229
179773.411807,2496866.126422,0.0919097413318657,0.068611263988259,0.0977802238121446,0.64483580994313,0.0324711062190424,0.0643918547055586
180273.411807,2496866.126422,0.0117216117216117,0.060989010989011,0.00402930402930403,0.885897435897436,0.0212454212454212,0.0161172161172161
180773.411807,2496866.126422,0.0110091743119266,0.0139449541284404,0.00055045871559633,0.948440366972477,0.0247706422018349,0.00128440366972477
181273.411807,2496866.126422,0.0462300495321959,0.0401761144744084,0,0.845349477160154,0.0410933773619519,0.0271509814712897
181773.411807,2496866.126422,0.108608058608059,0.245421245421245,0.000183150183150183,0.419047619047619,0.0580586080586081,0.168681318681319
182273.411807,2496866.126422,0.0785321100917431,0.221467889908257,0.00935779816513761,0.538532110091743,0.0653211009174312,0.0867889908256881
182773.411807,2496866.126422,0.126582278481013,0.159420289855072,0,0.578609429462484,0.0458631443771785,0.0895248578242524
183273.411807,2496866.126422,0.0567765567765568,0.0648351648351648,0,0.760805860805861,0.0373626373626374,0.0802197802197802
183773.411807,2496866.126422,0.041651376146789,0.0642201834862385,0,0.763853211009174,0.0735779816513761,0.056697247706422
184273.411807,2496866.126422,0.0999816547422491,0.0495321959273528,0,0.764079985323794,0.0449458814896349,0.0414602825169694
184773.411807,2496866.126422,0.0404761904761905,0.11996336996337,0,0.552380952380952,0.0864468864468864,0.200732600732601
185273.411807,2496866.126422,0.0284403669724771,0.498715596330275,0,0.330825688073395,0.0917431192660551,0.0502752293577982
178273.411807,2496366.126422,0.0456043956043956,0.0413919413919414,0.0159340659340659,0.828937728937729,0.0382783882783883,0.0298534798534799
178773.411807,2496366.126422,0.0022002200220022,0.0106343967730106,0.131463146314631,0.851485148514851,0.00421708837550422,0
179273.411807,2496366.126422,0.00402930402930403,0.00604395604395604,0.1003663003663,0.878754578754579,0.0104395604395604,0.000366300366300366
179773.411807,2496366.126422,0.0333333333333333,0.0796703296703297,0.00915750915750916,0.772893772893773,0.0648351648351648,0.0401098901098901
180273.411807,2496366.126422,0.0465713237990466,0.0568390172350568,0.00715071507150715,0.761459479281261,0.123028969563623,0.00495049504950495
180773.411807,2496366.126422,0.080952380952381,0.101098901098901,0.00494505494505494,0.735531135531136,0.0571428571428571,0.0203296703296703
181273.411807,2496366.126422,0.0531135531135531,0.0921245421245421,0,0.787545787545788,0.0562271062271062,0.010989010989011
181773.411807,2496366.126422,0.128712871287129,0.143747708104144,0,0.543087642097543,0.0663733039970664,0.118078474514118
182273.411807,2496366.126422,0.126007326007326,0.119413919413919,0,0.563186813186813,0.0652014652014652,0.126190476190476
182773.411807,2496366.126422,0.126190476190476,0.0802197802197802,0.00183150183150183,0.678388278388278,0.0428571428571429,0.0705128205128205
183273.411807,2496366.126422,0.0264026402640264,0.0386872020535387,0.00366703337000367,0.885588558855886,0.0258525852585259,0.0198019801980198
183773.411807,2496366.126422,0.158424908424908,0.105494505494505,0.000732600732600733,0.473260073260073,0.0518315018315018,0.21025641025641
184273.411807,2496366.126422,0.146336996336996,0.0826007326007326,0,0.551282051282051,0.0624542124542125,0.157326007326007
184773.411807,2496366.126422,0.0902090209020902,0.0971763843050972,0.000183351668500183,0.590759075907591,0.127246057939127,0.0944261092775944
185273.411807,2496366.126422,0.181135531135531,0.0956043956043956,0,0.309340659340659,0.127106227106227,0.286813186813187
178773.411807,2495866.126422,0.043613707165109,0.115631299248671,0.000733003481766538,0.713578889499725,0.047645226314825,0.0787978742899029
179273.411807,2495866.126422,0.0130299137456414,0.00403743806202973,0.00587263718113415,0.969535694622867,0.00550559735731327,0.00201871903101487
179773.411807,2495866.126422,0.000366770584999083,0.00641848523748395,0.112965340179718,0.879699248120301,0.000550155877498625,0
180273.411807,2495866.126422,0.0225398570643211,0.0128275609309144,0.0053142752428074,0.919003115264797,0.0403151914971596,0
180773.411807,2495866.126422,0.0341347036153423,0.0811158010644155,0.0379886217654616,0.783997063681409,0.0434942191227748,0.0192695907505964
181273.411807,2495866.126422,0.0711534934898221,0.0573995965523565,0.00311754997249221,0.807078672290482,0.0330093526499175,0.0282413350449294
181773.411807,2495866.126422,0.157045995968481,0.115814550119113,0,0.501007879787429,0.0663368150998717,0.159794759025105
182273.411807,2495866.126422,0.138190493668563,0.114149385208295,0.000367039823820885,0.625619379702698,0.0657001284639383,0.0559735731326849
182773.411807,2495866.126422,0.0825233816247937,0.0849073904272877,0.00623509994498441,0.742527049330644,0.072803961122318,0.0110031175499725
183273.411807,2495866.126422,0.0522264980758659,0.0656038116181052,0.0042147700201576,0.791643760307861,0.0731170973062122,0.0131940626717977
183773.411807,2495866.126422,0.0759772435309231,0.113048265736832,0,0.692237107726188,0.0752431638832813,0.0434942191227748
184273.411807,2495866.126422,0.114982578397213,0.0493306436823767,0.0022006235099945,0.809462681092976,0.0119200440124702,0.0121034293049697
184773.411807,2495866.126422,0.0177753344328386,0.0329851566794942,0.00769653655854865,0.892798240791644,0.045629466739967,0.00311526479750779
185273.411807,2495866.126422,0.109194347586713,0.10790970820334,0,0.26555331253441,0.138741053404294,0.378601578271242
179273.411807,2495366.126422,0.0425688073394495,0.0990825688073395,0.013394495412844,0.788623853211009,0.0177981651376147,0.0385321100917431
179773.411807,2495366.126422,0.00293524124013942,0.0113740598055403,0.0223812144560631,0.957805907172996,0.00550357732526142,0
180273.411807,2495366.126422,0.0397435897435897,0.015018315018315,0.102197802197802,0.834432234432234,0.00549450549450549,0.00311355311355311
180773.411807,2495366.126422,0.00018348623853211,0.00220183486238532,0.0730275229357798,0.924403669724771,0.00018348623853211,0
181273.411807,2495366.126422,0.00146762062006971,0.00513667217024399,0.0471473124197395,0.942762795817281,0.00348559897266557,0
181773.411807,2495366.126422,0.0342490842490843,0.0815018315018315,0.00457875457875458,0.852197802197802,0.013003663003663,0.0144688644688645
182273.411807,2495366.126422,0.0603669724770642,0.136330275229358,0.0119266055045872,0.751009174311927,0.0240366972477064,0.0163302752293578
182773.411807,2495366.126422,0.0570537516052101,0.085305448541552,0.000183452577508714,0.784993579159787,0.0445789763346175,0.0278847917813245
183273.411807,2495366.126422,0.114468864468864,0.170512820512821,0.00915750915750916,0.528937728937729,0.111172161172161,0.0657509157509158
183773.411807,2495366.126422,0.187889908256881,0.122201834862385,0.00275229357798165,0.416146788990826,0.254128440366972,0.0168807339449541
184273.411807,2495366.126422,0.482480278847918,0.173179233168226,0.00311869381764814,0.287103283801137,0.00752155567785727,0.0465969546872134
184773.411807,2495366.126422,0.104761904761905,0.136446886446886,0.015018315018315,0.621245421245421,0.0293040293040293,0.0932234432234432
185273.411807,2495366.126422,0.0521100917431193,0.10256880733945,0.0073394495412844,0.606422018348624,0.103302752293578,0.128256880733945
179773.411807,2494866.126422,0.019047619047619,0.0406593406593407,0.167582417582418,0.686630036630037,0.0161172161172161,0.06996336996337
180273.411807,2494866.126422,0,0.00513384671800513,0.134580124679135,0.86010267693436,0.000183351668500183,0
180773.411807,2494866.126422,0.000549450549450549,0.00366300366300366,0.00860805860805861,0.987179487179487,0,0
