"x","y","forest","agri","water","built","other","grass"
313273.411807,2779366.126422,0.760682193288098,0,0,0.00146708233999633,0.0124701998899688,0.225380524481937
313773.411807,2779366.126422,0.900311526479751,0.000733003481766538,0,0,0,0.0989554700384827
314273.411807,2779366.126422,0.915947880345017,0,0,0,0.000917599559552211,0.0831345200954303
314773.411807,2779366.126422,0.830001833852925,0.000550155877498625,0,0.00110031175499725,0.00238400880249404,0.165963689712085
315273.411807,2779366.126422,0.864577606743632,0,0,0,0,0.135422393256368
315773.411807,2779366.126422,0.917416039640301,0,0,0,0,0.082583960359699
316273.411807,2779366.126422,0.861910874747845,0.000733541169998166,0,0,0.00366770584999083,0.133687878232166
316773.411807,2779366.126422,0.649257833974711,0.00238226131574125,0.00293201392706615,0.00568077698369067,0.017042330951072,0.322704782847719
317273.411807,2779366.126422,0.784547623417141,0.000550559735731327,0,0.000917599559552211,0.0034868783262984,0.210497338961277
317773.411807,2779366.126422,0.953603520997616,0,0,0,0,0.046396479002384
318273.411807,2779366.126422,0.778816199376947,0.00219901044529962,0,0.00623052959501558,0.0108118013560564,0.201942459226681
318773.411807,2779366.126422,0.730042209579739,0.00201871903101487,0,0.000734079647641769,0.0117452743622683,0.255459717379336
319273.411807,2779366.126422,0.934164679992665,0,0,0,0,0.0658353200073354
319773.411807,2779366.126422,0.698918819864394,0,0,0,0,0.301081180135606
320273.411807,2779366.126422,0.396219489814645,0.0422095797394017,0,0.0774454028262066,0.0790970820334006,0.405028445586346
320773.411807,2779366.126422,0.78415551072804,0.0154043645699615,0,0.00238400880249404,0.00586832935998533,0.19218778653952
321273.411807,2779366.126422,0.620304196444933,0.00329851566794942,0.00201575957485798,0,0.000183250870441635,0.374198277441818
321773.411807,2779366.126422,0.571664525601028,0.0108276748027161,0,0.0100935951550743,0.0346852633510736,0.372728941090108
322273.411807,2779366.126422,0.247570144874381,0.079589216944801,0.00678525582248304,0.140289748762149,0.163212910324592,0.362552723271594
322773.411807,2779366.126422,0.182517866959868,0.0758658603628367,0.0113615539673813,0.453179402602162,0.145317940260216,0.131757375847535
323273.411807,2779366.126422,0.716645256010277,0.00605615709304459,0.0012846393833731,0.0675353275830428,0.0203707102220591,0.188107909708203
323773.411807,2779366.126422,0.639647900238401,0.00165046763249587,0,0.013203741059967,0.0265908674124335,0.318907023656703
324273.411807,2779366.126422,0.535275792560015,0.0196078431372549,0.000183250870441635,0.023089609675646,0.0555250137438153,0.366318490012828
324773.411807,2779366.126422,0.287392182051753,0.0194531106625069,0,0.385208295100018,0.138924573316205,0.169021838869517
325273.411807,2779366.126422,0.594718503576013,0.0198056115899505,0,0.0636346964973409,0.100311754997249,0.221529433339446
313273.411807,2778866.126422,0.69179966978536,0,0,0.00385250412768299,0.0139423958906623,0.290405430196294
313773.411807,2778866.126422,0.826923076923077,0.000366300366300366,0,0.00476190476190476,0.0115384615384615,0.156410256410256
314273.411807,2778866.126422,0.848256880733945,0.00165137614678899,0,0.00018348623853211,0.00110091743119266,0.148807339449541
314773.411807,2778866.126422,0.868097596771235,0.00091726288754357,0,0.00330214639515685,0.00550357732526142,0.122179416620804
315273.411807,2778866.126422,0.877289377289377,0.000183150183150183,0,0.00164835164835165,0.00842490842490842,0.112454212454212
315773.411807,2778866.126422,0.844954128440367,0.00036697247706422,0,0.00036697247706422,0.00440366972477064,0.149908256880734
316273.411807,2778866.126422,0.804256099798202,0.0146762062006971,0,0.00513667217024399,0.00697119794533113,0.168959823885526
316773.411807,2778866.126422,0.736080586080586,0.00183150183150183,0,0.00311355311355311,0.0157509157509158,0.243223443223443
317273.411807,2778866.126422,0.880917431192661,0.0018348623853211,0,0,0.00055045871559633,0.116697247706422
317773.411807,2778866.126422,0.906072280315538,0.000183452577508714,0,0,0,0.0937442671069529
318273.411807,2778866.126422,0.844871794871795,0,0,0.000732600732600733,0.00128205128205128,0.153113553113553
318773.411807,2778866.126422,0.800183486238532,0.0036697247706422,0,0.00275229357798165,0.00954128440366972,0.183853211009174
319273.411807,2778866.126422,0.64483580994313,0.000733810310034856,0,0.0172445422858191,0.0363236103467254,0.300862227114291
319773.411807,2778866.126422,0.641391941391941,0.0313186813186813,0,0.0155677655677656,0.0424908424908425,0.269230769230769
320273.411807,2778866.126422,0.530825688073394,0.0218348623853211,0,0.0231192660550459,0.0379816513761468,0.386238532110092
320773.411807,2778866.126422,0.625573289304715,0.00183452577508714,0,0.00330214639515685,0.0122913226930838,0.356998715831957
321273.411807,2778866.126422,0.688095238095238,0,0,0,0.000183150183150183,0.311721611721612
321773.411807,2778866.126422,0.687522935779816,0.00055045871559633,0,0.00256880733944954,0.00880733944954129,0.300550458715596
322273.411807,2778866.126422,0.27811410750321,0.0280682443588332,0.00898917629792699,0.0594386351128233,0.120161438268208,0.505228398458998
322773.411807,2778866.126422,0.495787545787546,0.00201465201465201,0,0.0100732600732601,0.0206959706959707,0.471428571428571
323273.411807,2778866.126422,0.328623853211009,0.0504587155963303,0.00128440366972477,0.131192660550459,0.144036697247706,0.344403669724771
323773.411807,2778866.126422,0.647037240873234,0.00898917629792699,0,0.0137589433131535,0.0541185103650706,0.276096129150615
324273.411807,2778866.126422,0.736446886446886,0,0,0,0,0.263553113553114
324773.411807,2778866.126422,0.546605504587156,0.0264220183486239,0.00073394495412844,0.0798165137614679,0.0994495412844037,0.24697247706422
325273.411807,2778866.126422,0.699321225463218,0.0188956154833975,0,0.0434782608695652,0.0592551825353146,0.179049715648505
313273.411807,2778366.126422,0.794322344322344,0.00164835164835165,0.00164835164835165,0.00714285714285714,0.0188644688644689,0.176373626373626
313773.411807,2778366.126422,0.626512651265127,0.00183351668500183,0,0.0152181884855152,0.0355702236890356,0.320865419875321
314273.411807,2778366.126422,0.835897435897436,0.00183150183150183,0,0.000915750915750916,0.00494505494505494,0.156410256410256
314773.411807,2778366.126422,0.773626373626374,0.00183150183150183,0,0.00934065934065934,0.0212454212454212,0.193956043956044
315273.411807,2778366.126422,0.686651998533187,0.00201686835350202,0,0.0251191785845251,0.0848918225155849,0.201320132013201
315773.411807,2778366.126422,0.78992673992674,0.00274725274725275,0,0.0010989010989011,0.00732600732600733,0.198901098901099
316273.411807,2778366.126422,0.873076923076923,0.0010989010989011,0,0,0,0.125824175824176
316773.411807,2778366.126422,0.786211954528786,0.0044004400440044,0,0.00403373670700403,0.0124679134580125,0.192885955262193
317273.411807,2778366.126422,0.888461538461538,0.00293040293040293,0,0.000366300366300366,0.0010989010989011,0.107142857142857
317773.411807,2778366.126422,0.860989010989011,0.00146520146520147,0,0,0,0.137545787545788
318273.411807,2778366.126422,0.884488448844885,0,0,0,0,0.115511551155116
318773.411807,2778366.126422,0.819413919413919,0.00256410256410256,0,0.00293040293040293,0.019047619047619,0.156043956043956
319273.411807,2778366.126422,0.477655677655678,0.0344322344322344,0.00238095238095238,0.0635531135531135,0.0756410256410256,0.346336996336996
319773.411807,2778366.126422,0.392922625595893,0.0594059405940594,0,0.0557389072240557,0.05995599559956,0.431976530986432
320273.411807,2778366.126422,0.730586080586081,0.00457875457875458,0,0.000366300366300366,0.00201465201465201,0.262454212454212
320773.411807,2778366.126422,0.819047619047619,0.000183150183150183,0,0,0,0.180769230769231
321273.411807,2778366.126422,0.749358269160249,0,0,0.00311697836450312,0.00275027502750275,0.244774477447745
321773.411807,2778366.126422,0.614102564102564,0.00787545787545788,0,0.0214285714285714,0.036996336996337,0.31959706959707
322273.411807,2778366.126422,0.370695970695971,0.000549450549450549,0,0.00128205128205128,0.00549450549450549,0.621978021978022
322773.411807,2778366.126422,0.290612394572791,0.0254858819215255,0,0.0423542354235424,0.0702236890355702,0.571323799046571
323273.411807,2778366.126422,0.397985347985348,0.0234432234432234,0.0148351648351648,0.0785714285714286,0.158058608058608,0.327106227106227
323773.411807,2778366.126422,0.412087912087912,0.0395604395604396,0.0373626373626374,0.0602564102564103,0.108974358974359,0.341758241758242
324273.411807,2778366.126422,0.565456545654565,0.0258525852585259,0.00201686835350202,0.106343967730106,0.103777044371104,0.196552988632197
324773.411807,2778366.126422,0.289194139194139,0.0163003663003663,0.000732600732600733,0.121611721611722,0.125824175824176,0.446336996336996
325273.411807,2778366.126422,0.465018315018315,0.0179487179487179,0,0.11007326007326,0.0915750915750916,0.315384615384615
313273.411807,2777866.126422,0.636346964973409,0.000733541169998166,0,0.00495140289748762,0.0188886851274528,0.339079405831652
313773.411807,2777866.126422,0.871541139820414,0,0,0.000916254352208173,0.00238226131574125,0.125160344511636
314273.411807,2777866.126422,0.864562305010094,0,0,0.0012846393833731,0.00385391815011929,0.130299137456414
314773.411807,2777866.126422,0.62809462681093,0.0242068586099395,0,0.0161379057399597,0.0370438290849074,0.294516779754264
315273.411807,2777866.126422,0.803738317757009,0.00696353307678211,0,0.00659703133589885,0.0181418361737218,0.164559281656588
315773.411807,2777866.126422,0.945311066250688,0,0,0,0,0.0546889337493118
316273.411807,2777866.126422,0.885200806895287,0,0,0.000183385292499542,0.000550155877498625,0.114065651934715
316773.411807,2777866.126422,0.919552867876122,0.000366501740883269,0,0.000916254352208173,0.00201575957485798,0.0771486164559282
317273.411807,2777866.126422,0.779592585795559,0.0047715177096715,0,0.0102771150669848,0.0341347036153423,0.171224077812443
317773.411807,2777866.126422,0.87181368054282,0.00165046763249587,0,0,0.000183385292499542,0.126352466532184
318273.411807,2777866.126422,0.812534359538208,0.000916254352208173,0,0.000733003481766538,0.00164925783397471,0.184167124793843
318773.411807,2777866.126422,0.62653697926225,0.0150486327766563,0,0.031932464672417,0.0471646173609837,0.279317305927693
319273.411807,2777866.126422,0.55584082156611,0.0179717586649551,0,0.0166880616174583,0.0410783055198973,0.368421052631579
319773.411807,2777866.126422,0.375847535275793,0.032618654938611,0.00329851566794942,0.0689023272860546,0.0723840938244457,0.446948873007147
320273.411807,2777866.126422,0.778307946412186,0.000734079647641769,0,0,0.000367039823820885,0.220590934116352
320773.411807,2777866.126422,0.709517696680726,0.00275077938749312,0,0.0403447643498991,0.00733541169998166,0.2400513478819
321273.411807,2777866.126422,0.698002565512186,0.000916254352208173,0,0.00164925783397471,0.00274876305662452,0.296683159245006
321773.411807,2777866.126422,0.598274912828042,0.00513855753349238,0,0.00844191594788034,0.0299137456414021,0.358230868049183
322273.411807,2777866.126422,0.513478818998716,0.0203557674674491,0.00898587933247754,0.14799193104713,0.0801393728222996,0.229048230331927
322773.411807,2777866.126422,0.514018691588785,0.00916254352208173,0.00146600696353308,0.0284038849184534,0.0654205607476635,0.381528312259483
323273.411807,2777866.126422,0.146999449440264,0.103505230317489,0.0585428518994311,0.171407597724353,0.178014314553129,0.341530556065333
323773.411807,2777866.126422,0.216394645149459,0.0478635613423803,0.00678525582248304,0.209426004034476,0.207225380524482,0.312305153126719
324273.411807,2777866.126422,0.328752061572292,0.0657870624885468,0.0370166758292102,0.1905809052593,0.127542605827378,0.250320689023273
324773.411807,2777866.126422,0.372728941090108,0.00715727656450725,0.00256927876674619,0.118186823270325,0.0495503762158194,0.449807304092494
325273.411807,2777866.126422,0.498074454428755,0.0022006235099945,0,0.0625343847423437,0.0746378140473134,0.362552723271594
313273.411807,2777366.126422,0.701706108970831,0.00201797835259585,0,0.0122913226930838,0.0326545587965511,0.251330031186938
313773.411807,2777366.126422,0.733516483516483,0.00128205128205128,0,0.00457875457875458,0.0146520146520147,0.245970695970696
314273.411807,2777366.126422,0.936146788990826,0,0,0,0,0.0638532110091743
314773.411807,2777366.126422,0.605760410933774,0.00990643918547056,0,0.014125848468171,0.0425609979820216,0.327646303430563
315273.411807,2777366.126422,0.916666666666667,0.0021978021978022,0,0.00256410256410256,0.00860805860805861,0.06996336996337
315773.411807,2777366.126422,0.92954128440367,0,0,0,0,0.0704587155963303
316273.411807,2777366.126422,0.900018345257751,0,0,0,0,0.0999816547422491
316773.411807,2777366.126422,0.900915750915751,0.000183150183150183,0,0.000366300366300366,0.000183150183150183,0.0983516483516483
317273.411807,2777366.126422,0.822385321100917,0.00238532110091743,0,0.00458715596330275,0.0132110091743119,0.15743119266055
317773.411807,2777366.126422,0.886993212254632,0.000366905155017428,0,0.00183452577508714,0.00421940928270042,0.106585947532563
318273.411807,2777366.126422,0.804212454212454,0.0010989010989011,0,0,0,0.194688644688645
318773.411807,2777366.126422,0.532660550458716,0.038348623853211,0,0.00275229357798165,0.041651376146789,0.384587155963303
319273.411807,2777366.126422,0.808658961658411,0.000183452577508714,0,0,0,0.19115758576408
319773.411807,2777366.126422,0.638461538461538,0.0210622710622711,0,0.0371794871794872,0.0360805860805861,0.267216117216117
320273.411807,2777366.126422,0.538165137614679,0.00825688073394495,0.00073394495412844,0.0324770642201835,0.0658715596330275,0.354495412844037
320773.411807,2777366.126422,0.784993579159787,0.00165107319757843,0,0.00146762062006971,0.00935608145294441,0.20253164556962
321273.411807,2777366.126422,0.727106227106227,0,0,0,0.00201465201465201,0.270879120879121
321773.411807,2777366.126422,0.467889908256881,0.0256880733944954,0.00495412844036697,0.11394495412844,0.131743119266055,0.255779816513761
322273.411807,2777366.126422,0.319941295175197,0.0223812144560631,0.0091726288754357,0.172078517703174,0.142542652724271,0.333883691065859
322773.411807,2777366.126422,0.0919413919413919,0.06996336996337,0.0664835164835165,0.193406593406593,0.241758241758242,0.336446886446886
323273.411807,2777366.126422,0.396697247706422,0.068256880733945,0.024954128440367,0.178165137614679,0.101284403669725,0.230642201834862
323773.411807,2777366.126422,0.468537882957256,0.063474591818015,0.0478811227297744,0.00385250412768299,0.0227481196110805,0.393505778756192
324273.411807,2777366.126422,0.202930402930403,0.082967032967033,0.0344322344322344,0.23974358974359,0.162820512820513,0.277106227106227
324773.411807,2777366.126422,0.350091743119266,0.0755963302752294,0.0346788990825688,0.183302752293578,0.125871559633028,0.23045871559633
325273.411807,2777366.126422,0.424692716932673,0.0476976701522656,0.0199963309484498,0.111906072280316,0.0946615299944964,0.3010456796918
313273.411807,2776866.126422,0.802014652014652,0.000915750915750916,0,0.00384615384615385,0.00952380952380952,0.183699633699634
313773.411807,2776866.126422,0.63036303630363,0.00055005500550055,0,0.00733406674000733,0.0177851118445178,0.343967730106344
314273.411807,2776866.126422,0.715934065934066,0.0137362637362637,0.000366300366300366,0.0177655677655678,0.097985347985348,0.154212454212454
314773.411807,2776866.126422,0.552930402930403,0.0197802197802198,0,0.05,0.144322344322344,0.232967032967033
315273.411807,2776866.126422,0.883571690502384,0.00183351668500183,0,0,0,0.114594792812615
315773.411807,2776866.126422,0.883516483516483,0,0,0.000366300366300366,0.000183150183150183,0.115934065934066
316273.411807,2776866.126422,0.778754578754579,0.000183150183150183,0,0.000915750915750916,0.00586080586080586,0.214285714285714
316773.411807,2776866.126422,0.81023102310231,0.00165016501650165,0,0.00055005500550055,0.000733406674000733,0.186835350201687
317273.411807,2776866.126422,0.713369963369963,0.0106227106227106,0.000183150183150183,0.00989010989010989,0.0509157509157509,0.215018315018315
317773.411807,2776866.126422,0.66025641025641,0.00860805860805861,0,0.0168498168498168,0.0679487179487179,0.246336996336996
318273.411807,2776866.126422,0.72955628896223,0.00861752841950862,0,0.00311697836450312,0.0144847818115145,0.244224422442244
318773.411807,2776866.126422,0.750549450549451,0.000366300366300366,0,0.00512820512820513,0.0119047619047619,0.232051282051282
319273.411807,2776866.126422,0.802564102564103,0.000549450549450549,0,0,0,0.196886446886447
319773.411807,2776866.126422,0.513201320132013,0.00055005500550055,0,0,0,0.486248624862486
320273.411807,2776866.126422,0.510805860805861,0.00732600732600733,0,0.00952380952380952,0.0274725274725275,0.444871794871795
320773.411807,2776866.126422,0.306959706959707,0.0446886446886447,0.0212454212454212,0.0838827838827839,0.0950549450549451,0.448168498168498
321273.411807,2776866.126422,0.232123212321232,0.0374037403740374,0.0473047304730473,0.0744407774110744,0.105793912724606,0.502933626696003
321773.411807,2776866.126422,0.032051282051282,0.0523809523809524,0.0424908424908425,0.615567765567766,0.176739926739927,0.0807692307692308
322273.411807,2776866.126422,0.0157509157509158,0.0620879120879121,0.00274725274725275,0.718131868131868,0.143040293040293,0.0582417582417582
322773.411807,2776866.126422,0.296112944627796,0.0518885221855519,0.0128346167950128,0.364686468646865,0.0669233590025669,0.207554088742208
323273.411807,2776866.126422,0.829120879120879,0.000183150183150183,0,0,0,0.170695970695971
323773.411807,2776866.126422,0.634615384615385,0.00860805860805861,0.00311355311355311,0.0278388278388278,0.0597069597069597,0.266117216117216
324273.411807,2776866.126422,0.267510084341767,0.0544554455445545,0.00678401173450678,0.28016134946828,0.132929959662633,0.258159149248258
324773.411807,2776866.126422,0.425457875457875,0.0201465201465201,0,0.0642857142857143,0.0408424908424908,0.449267399267399
325273.411807,2776866.126422,0.208791208791209,0.043040293040293,0.0214285714285714,0.361721611721612,0.163553113553114,0.201465201465201
313273.411807,2776366.126422,0.876214927562809,0,0,0,0,0.123785072437191
313773.411807,2776366.126422,0.783397471137988,0.00146600696353308,0,0.0053142752428074,0.0153930731170973,0.194429173538574
314273.411807,2776366.126422,0.76362635345935,0,0,0.0100935951550743,0.0143145531290145,0.211965498256561
314773.411807,2776366.126422,0.613607188703466,0.00110031175499725,0,0.0097194205024757,0.0302585732624244,0.345314505776637
315273.411807,2776366.126422,0.720908924317391,0.00128275609309144,0,0.00696353307678211,0.0280373831775701,0.242807403335166
315773.411807,2776366.126422,0.574417324279684,0.00935951550743256,0.0370710222059093,0.00165167920719398,0.0047715177096715,0.372728941090108
316273.411807,2776366.126422,0.809829451677975,0.000733541169998166,0,0,0,0.189437007152026
316773.411807,2776366.126422,0.673080447132124,0.01905809052593,0,0.00494777350192413,0.0304196444933113,0.272494044346711
317273.411807,2776366.126422,0.490181684712791,0.0277115066984768,0.0034868783262984,0.0501009359515507,0.112864745824922,0.315654248485961
317773.411807,2776366.126422,0.827801210342931,0.000183385292499542,0,0.000183385292499542,0.00238400880249404,0.169448010269576
318273.411807,2776366.126422,0.747297049660986,0.000916254352208173,0,0,0,0.251786695986806
318773.411807,2776366.126422,0.594053954854102,0.0047715177096715,0,0.0212883097816113,0.017434391631492,0.362451826023124
319273.411807,2776366.126422,0.587016321291032,0.0110031175499725,0,0.0849073904272877,0.066385475884834,0.250687694846873
319773.411807,2776366.126422,0.576507238409382,0.0218068535825545,0.00604727872457394,0.0225398570643211,0.105552501374382,0.267546270844786
320273.411807,2776366.126422,0.341163516241512,0.0308313452009543,0.039823820884566,0.114332905120206,0.051018535511103,0.422829877041659
320773.411807,2776366.126422,0.231065468549422,0.0242068586099395,0.0194388410049514,0.280212726939299,0.181734824867046,0.263341280029342
321273.411807,2776366.126422,0.0313358988455195,0.0315191497159611,0.0221733553234378,0.493861095840205,0.202858713578889,0.218251786695987
321773.411807,2776366.126422,0.0447788585061479,0.0583593319875206,0.0403743806202973,0.585979078730042,0.137639933932832,0.13286841622316
322273.411807,2776366.126422,0.179717586649551,0.0524481936548689,0.00330093526499175,0.406748578763983,0.20410783055199,0.153676875114616
322773.411807,2776366.126422,0.500274876305662,0.0177753344328386,0,0.111050027487631,0.0784313725490196,0.292468389224849
323273.411807,2776366.126422,0.771517709671499,0,0,0,0,0.228482290328501
323773.411807,2776366.126422,0.659270126535852,0.00696864111498258,0,0.0166880616174583,0.0480469466348799,0.269026224096827
324273.411807,2776366.126422,0.223016309327469,0.062671797691039,0.0119113065787062,0.270844786512736,0.148249954187282,0.283305845702767
324773.411807,2776366.126422,0.538263901633327,0.0133969535694623,0.00256927876674619,0.0154156726004772,0.0908423563956689,0.339511837034318
325273.411807,2776366.126422,0.593618191821016,0.00641848523748395,0.000550155877498625,0.0764716669723088,0.0359435173299101,0.286997982761783
313273.411807,2775866.126422,0.741331865712713,0.000366905155017428,0.000366905155017428,0,0.00091726288754357,0.257017061089708
313773.411807,2775866.126422,0.81978021978022,0,0,0,0,0.18021978021978
314273.411807,2775866.126422,0.764036697247706,0,0,0.00348623853211009,0.000917431192660551,0.231559633027523
314773.411807,2775866.126422,0.621170427444506,0.0078884608328747,0,0.021830856723537,0.0506329113924051,0.298477343606678
315273.411807,2775866.126422,0.221794871794872,0.0315018315018315,0.0021978021978022,0.184615384615385,0.264102564102564,0.295787545787546
315773.411807,2775866.126422,0.610091743119266,0.0188990825688073,0,0.023302752293578,0.0526605504587156,0.295045871559633
316273.411807,2775866.126422,0.779673454412035,0,0,0,0,0.220326545587966
316773.411807,2775866.126422,0.703479853479854,0.0043956043956044,0,0.000366300366300366,0.00897435897435897,0.282783882783883
317273.411807,2775866.126422,0.257614678899083,0.0300917431192661,0,0.0678899082568807,0.250275229357798,0.394128440366972
317773.411807,2775866.126422,0.699504678040726,0.00220143093010457,0,0,0.000366905155017428,0.297926985874152
318273.411807,2775866.126422,0.711721611721612,0,0,0.00146520146520147,0.00164835164835165,0.285164835164835
318773.411807,2775866.126422,0.657064220183486,0.00844036697247706,0.0308256880733945,0.00422018348623853,0.00788990825688073,0.291559633027523
319273.411807,2775866.126422,0.499541368556228,0.0132085855806274,0.00770500825536599,0.111172261970281,0.123647037240873,0.244725738396624
319773.411807,2775866.126422,0.474908424908425,0.0106227106227106,0.000549450549450549,0.0884615384615385,0.114652014652015,0.310805860805861
320273.411807,2775866.126422,0.0851376146788991,0.0528440366972477,0.0546788990825688,0.246422018348624,0.130642201834862,0.430275229357798
320773.411807,2775866.126422,0.217391304347826,0.0390753990093561,0.00733810310034856,0.356998715831957,0.247844432214273,0.131352045496239
321273.411807,2775866.126422,0.249084249084249,0.0688644688644689,0.03003663003663,0.326007326007326,0.105677655677656,0.22032967032967
321773.411807,2775866.126422,0.340366972477064,0.0229357798165138,0.00220183486238532,0.0609174311926605,0.0484403669724771,0.525137614678899
322273.411807,2775866.126422,0.624105668684645,0.001284168042561,0,0.00348559897266557,0.00623738763529628,0.364887176664832
322773.411807,2775866.126422,0.547069597069597,0.00366300366300366,0.000183150183150183,0.0164835164835165,0.0448717948717949,0.387728937728938
323273.411807,2775866.126422,0.677981651376147,0.00128440366972477,0,0.00697247706422018,0.0229357798165138,0.290825688073394
323773.411807,2775866.126422,0.612731608879105,0.00091726288754357,0,0.00110071546505228,0.00513667217024399,0.380113740598055
324273.411807,2775866.126422,0.665750915750916,0.0100732600732601,0.0108058608058608,0.0010989010989011,0.0122710622710623,0.3
324773.411807,2775866.126422,0.568623853211009,0.00238532110091743,0,0.0104587155963303,0.0414678899082569,0.377064220183486
325273.411807,2775866.126422,0.776738213171895,0,0,0,0,0.223261786828105
313273.411807,2775366.126422,0.805311355311355,0.00512820512820513,0.000915750915750916,0.00457875457875458,0.00952380952380952,0.174542124542125
313773.411807,2775366.126422,0.78987898789879,0,0,0.000183351668500183,0.000366703337000367,0.20957095709571
314273.411807,2775366.126422,0.447619047619048,0.00787545787545788,0,0.126556776556777,0.101282051282051,0.316666666666667
314773.411807,2775366.126422,0.58003663003663,0.00695970695970696,0.000183150183150183,0.0562271062271062,0.0743589743589744,0.282234432234432
315273.411807,2775366.126422,0.363219655298863,0.0275027502750275,0.00513384671800513,0.173267326732673,0.123395672900623,0.307480748074807
315773.411807,2775366.126422,0.761721611721612,0.0153846153846154,0.00494505494505494,0.0302197802197802,0.0362637362637363,0.151465201465201
316273.411807,2775366.126422,0.821794871794872,0.00146520146520147,0,0,0,0.176739926739927
316773.411807,2775366.126422,0.648148148148148,0.00256692335900257,0,0.00568390172350568,0.0155848918225156,0.328016134946828
317273.411807,2775366.126422,0.496336996336996,0.030952380952381,0.0139194139194139,0.0465201465201465,0.086996336996337,0.325274725274725
317773.411807,2775366.126422,0.334615384615385,0.0412087912087912,0.0135531135531136,0.0633699633699634,0.116849816849817,0.43040293040293
318273.411807,2775366.126422,0.111294462779611,0.0771910524385772,0.0984598459845985,0.149248258159149,0.178951228456179,0.384855152181885
318773.411807,2775366.126422,0.163003663003663,0.0331501831501832,0.0708791208791209,0.173443223443223,0.194139194139194,0.365384615384615
319273.411807,2775366.126422,0.0677655677655678,0.0664835164835165,0.0679487179487179,0.257142857142857,0.204945054945055,0.335714285714286
319773.411807,2775366.126422,0.0711404473780711,0.0537220388705537,0.0630729739640631,0.342684268426843,0.172350568390172,0.297029702970297
320273.411807,2775366.126422,0.0626373626373626,0.0587912087912088,0.00384615384615385,0.676739926739927,0.167765567765568,0.0302197802197802
320773.411807,2775366.126422,0.0518315018315018,0.0423076923076923,0.0507326007326007,0.44010989010989,0.166849816849817,0.248168498168498
321273.411807,2775366.126422,0.395672900623396,0.0249358269160249,0,0.147414741474147,0.0705903923725706,0.361386138613861
321773.411807,2775366.126422,0.428571428571429,0.0108058608058608,0,0.0598901098901099,0.0743589743589744,0.426373626373626
322273.411807,2775366.126422,0.71025641025641,0,0,0,0.000732600732600733,0.289010989010989
322773.411807,2775366.126422,0.662082874954162,0,0,0,0.00293362669600293,0.334983498349835
323273.411807,2775366.126422,0.849267399267399,0,0,0,0.000183150183150183,0.150549450549451
323773.411807,2775366.126422,0.86025641025641,0,0,0,0,0.13974358974359
324273.411807,2775366.126422,0.58012467913458,0.0214521452145215,0.29042904290429,0.000183351668500183,0.0055005500550055,0.102310231023102
324773.411807,2775366.126422,0.822161172161172,0.00293040293040293,0,0,0,0.174908424908425
325273.411807,2775366.126422,0.48956043956044,0.00567765567765568,0,0.0186813186813187,0.0562271062271062,0.42985347985348
313273.411807,2774866.126422,0.484503942783789,0.0361269026224097,0.000183385292499542,0.141023289932147,0.130937098844673,0.207225380524482
313773.411807,2774866.126422,0.604544621586953,0.000733003481766538,0,0.0196078431372549,0.0366501740883269,0.338464357705699
314273.411807,2774866.126422,0.419893558451092,0.0280785465222977,0,0.122958340979996,0.135804734813727,0.293264819232887
314773.411807,2774866.126422,0.255455712451861,0.0361269026224097,0.00183385292499542,0.271777003484321,0.177150192554557,0.257656335961856
315273.411807,2774866.126422,0.242257650723841,0.0467289719626168,0.00733003481766538,0.166941542972329,0.120579072750596,0.416162726772952
315773.411807,2774866.126422,0.72600477151771,0.017434391631492,0,0.00605615709304459,0.0187190310148651,0.231785648742889
316273.411807,2774866.126422,0.751696313955621,0.000916926462497708,0,0.00238400880249404,0.00568494406748579,0.239317806711902
316773.411807,2774866.126422,0.596298332417079,0.00678028220634048,0.000183250870441635,0.0186915887850467,0.0525929998167491,0.325453545904343
317273.411807,2774866.126422,0.160946962745458,0.0537713341897596,0.0198201504863278,0.211047898697009,0.189025509267756,0.365388144613691
317773.411807,2774866.126422,0.055198973042362,0.0737208875848157,0.0711534934898221,0.394645149459013,0.172748945534568,0.232532550889419
318273.411807,2774866.126422,0.641927799157046,0.0163093274693055,0.00238226131574125,0.0712845886017959,0.0461792193512919,0.22191680410482
318773.411807,2774866.126422,0.34850431271793,0.0185355111029547,0.0240411084602679,0.145898329968802,0.0968985134887135,0.366122224261332
319273.411807,2774866.126422,0.0568494406748579,0.0148542086924629,0,0.560608839171098,0.229048230331927,0.138639281129653
319773.411807,2774866.126422,0.0842954004031519,0.0569910207073484,0.0590067802822063,0.284222100054975,0.144951438519333,0.370533260032985
320273.411807,2774866.126422,0.0910258763075794,0.0625802899614608,0.0379886217654616,0.455863461185539,0.131216737015966,0.221325013763993
320773.411807,2774866.126422,0.242068586099395,0.0667522464698331,0.0500641848523748,0.0977443609022556,0.0907757197872731,0.452594901888869
321273.411807,2774866.126422,0.591167308044713,0.00183250870441635,0,0.00623052959501558,0.0108118013560564,0.389957852299798
321773.411807,2774866.126422,0.607083868599743,0.00440447788585061,0,0.00587263718113415,0.0264268673151037,0.356212149018168
322273.411807,2774866.126422,0.826700898587933,0.000366770584999083,0,0,0,0.172932330827068
322773.411807,2774866.126422,0.864027854132307,0,0,0,0,0.135972145867693
323273.411807,2774866.126422,0.88383189576069,0,0,0,0,0.11616810423931
323773.411807,2774866.126422,0.897671006785256,0,0,0,0,0.102328993214744
324273.411807,2774866.126422,0.837639728788712,0,0,0,0,0.162360271211288
324773.411807,2774866.126422,0.899798128096899,0.000550559735731327,0,0,0,0.0996513121673702
325273.411807,2774866.126422,0.688245002750779,0.00311754997249221,0,0.004401247019989,0.0192554557124519,0.284980744544288
313273.411807,2774366.126422,0.499724821133737,0.0297193175564117,0,0.089157952669235,0.0876903320491653,0.293707576591451
313773.411807,2774366.126422,0.401098901098901,0.0586080586080586,0.0294871794871795,0.0532967032967033,0.139194139194139,0.318315018315018
314273.411807,2774366.126422,0.412844036697248,0.0572477064220183,0.00825688073394495,0.14,0.105504587155963,0.276146788990826
314773.411807,2774366.126422,0.146762062006971,0.062190423775454,0.0862227114290956,0.193175564116676,0.193725921849202,0.317923316822601
315273.411807,2774366.126422,0.120512820512821,0.0358974358974359,0.119047619047619,0.199450549450549,0.152747252747253,0.372344322344322
315773.411807,2774366.126422,0.509908256880734,0.0288073394495413,0,0.109724770642202,0.0746788990825688,0.276880733944954
316273.411807,2774366.126422,0.416987708677307,0.0121078701155751,0,0.0535681526325445,0.0876903320491653,0.429645936525408
316773.411807,2774366.126422,0.123626373626374,0.0600732600732601,0.11043956043956,0.113553113553114,0.119047619047619,0.473260073260073
317273.411807,2774366.126422,0.264220183486239,0.084954128440367,0.0634862385321101,0.286238532110092,0.122018348623853,0.179082568807339
317773.411807,2774366.126422,0.329113924050633,0.0210970464135021,0.00183452577508714,0.189873417721519,0.123830489818382,0.334250596220877
318273.411807,2774366.126422,0.186996336996337,0.0375457875457875,0.00421245421245421,0.422161172161172,0.133882783882784,0.215201465201465
318773.411807,2774366.126422,0.166788990825688,0.0528440366972477,0.0286238532110092,0.388256880733945,0.211192660550459,0.152293577981651
319273.411807,2774366.126422,0.104567969179967,0.0306365804439552,0.0254999082737112,0.571638231517153,0.162905888827738,0.104751421757476
319773.411807,2774366.126422,0.137728937728938,0.0487179487179487,0.0021978021978022,0.401648351648352,0.162271062271062,0.247435897435897
320273.411807,2774366.126422,0.288073394495413,0.0313761467889908,0.000917431192660551,0.200733944954128,0.141100917431193,0.337798165137615
320773.411807,2774366.126422,0.640799853237938,0.000366905155017428,0,0,0.00201797835259585,0.356815263254449
321273.411807,2774366.126422,0.682600732600733,0.00347985347985348,0.0010989010989011,0.000183150183150183,0.00256410256410256,0.31007326007326
321773.411807,2774366.126422,0.817064220183486,0.00018348623853211,0,0,0,0.182752293577982
322273.411807,2774366.126422,0.73032471106219,0.000183452577508714,0,0.00110071546505228,0.0091726288754357,0.259218492019813
322773.411807,2774366.126422,0.847435897435897,0,0,0,0,0.152564102564103
323273.411807,2774366.126422,0.905871559633028,0,0,0,0,0.0941284403669725
323773.411807,2774366.126422,0.909924784443221,0.000183452577508714,0,0,0,0.0898917629792699
324273.411807,2774366.126422,0.827838827838828,0,0,0,0,0.172161172161172
324773.411807,2774366.126422,0.92348623853211,0,0,0,0,0.0765137614678899
325273.411807,2774366.126422,0.837094111172262,0,0,0,0,0.162905888827738
313273.411807,2773866.126422,0.42967032967033,0.0113553113553114,0.000549450549450549,0.175641025641026,0.0769230769230769,0.305860805860806
313773.411807,2773866.126422,0.123579024569124,0.0661899523285662,0.228456178951228,0.3995232856619,0.0916758342500917,0.0905757242390906
314273.411807,2773866.126422,0.17014652014652,0.05,0.0287545787545788,0.358241758241758,0.171245421245421,0.221611721611722
314773.411807,2773866.126422,0.0882783882783883,0.0811355311355311,0.0912087912087912,0.238644688644689,0.122710622710623,0.378021978021978
315273.411807,2773866.126422,0.202786945361203,0.0385038503850385,0.096993032636597,0.0685735240190686,0.0891089108910891,0.504033736707004
315773.411807,2773866.126422,0.151098901098901,0.0582417582417582,0.0175824175824176,0.256959706959707,0.146703296703297,0.369413919413919
316273.411807,2773866.126422,0.209340659340659,0.0681318681318681,0.0842490842490843,0.215018315018315,0.128937728937729,0.294322344322344
316773.411807,2773866.126422,0.0825082508250825,0.0636230289695636,0.0161349468280161,0.562522918958563,0.0907590759075908,0.184451778511184
317273.411807,2773866.126422,0.230769230769231,0.0725274725274725,0.0454212454212454,0.418131868131868,0.0919413919413919,0.141208791208791
317773.411807,2773866.126422,0.335347985347985,0.0172161172161172,0.000366300366300366,0.235347985347985,0.125824175824176,0.285897435897436
318273.411807,2773866.126422,0.0806747341400807,0.0315364869820315,0.00568390172350568,0.587275394206087,0.181151448478181,0.113678034470114
318773.411807,2773866.126422,0.122893772893773,0.0413919413919414,0.0106227106227106,0.407326007326007,0.188644688644689,0.229120879120879
319273.411807,2773866.126422,0.135347985347985,0.0684981684981685,0.00457875457875458,0.331318681318681,0.221245421245421,0.239010989010989
319773.411807,2773866.126422,0.51008434176751,0.0161349468280161,0.00238357169050238,0.161349468280161,0.0368536853685369,0.273193986065273
320273.411807,2773866.126422,0.493589743589744,0.0183150183150183,0.000183150183150183,0.104212454212454,0.0789377289377289,0.304761904761905
320773.411807,2773866.126422,0.894505494505495,0,0,0,0,0.105494505494505
321273.411807,2773866.126422,0.888705537220389,0,0,0,0,0.111294462779611
321773.411807,2773866.126422,0.719413919413919,0,0,0.00164835164835165,0.00128205128205128,0.277655677655678
322273.411807,2773866.126422,0.736813186813187,0.000183150183150183,0,0.000366300366300366,0.00274725274725275,0.25989010989011
322773.411807,2773866.126422,0.711771177117712,0.0022002200220022,0,0.00146681334800147,0.0166850018335167,0.267876787678768
323273.411807,2773866.126422,0.931684981684982,0,0,0,0,0.0683150183150183
323773.411807,2773866.126422,0.956959706959707,0,0,0,0,0.043040293040293
324273.411807,2773866.126422,0.919141914191419,0.00055005500550055,0,0,0,0.0803080308030803
324773.411807,2773866.126422,0.908608058608059,0,0,0,0,0.0913919413919414
325273.411807,2773866.126422,0.932600732600733,0,0,0,0,0.0673992673992674
313273.411807,2773366.126422,0.057582981844856,0.0430955437373923,0.00861910874747845,0.742160278745645,0.116449660737209,0.0320924261874198
313773.411807,2773366.126422,0.0232728605460876,0.0280373831775701,0.0139270661535642,0.84533626534726,0.0727505955653289,0.0166758292101887
314273.411807,2773366.126422,0.0447788585061479,0.0869884382455496,0.11635162415122,0.495687282070105,0.0879060378051019,0.168287759221876
314773.411807,2773366.126422,0.13992297817715,0.0797726022373006,0.0144874381074638,0.529433339446176,0.124701998899688,0.111681643132221
315273.411807,2773366.126422,0.274143302180685,0.0207073483599047,0.0333516584203775,0.109034267912773,0.0945574491478835,0.468205973978376
315773.411807,2773366.126422,0.107542668379519,0.105890989172325,0.097082033400624,0.176546155257845,0.0721233253808038,0.440814828408882
316273.411807,2773366.126422,0.0929763432972676,0.0898587933247754,0.0568494406748579,0.52796625710618,0.144690995782138,0.0876581698147808
316773.411807,2773366.126422,0.0679860729338464,0.059190031152648,0.0318856514568444,0.637163276525563,0.157962250320689,0.0458127176104087
317273.411807,2773366.126422,0.3110662506882,0.065149568728207,0.00458799779776106,0.169388878693338,0.119838502477519,0.329968801614975
317773.411807,2773366.126422,0.181918210159545,0.0495140289748762,0.00568494406748579,0.255455712451861,0.171465248487071,0.33596185585916
318273.411807,2773366.126422,0.162910023822613,0.0271211288253619,0.0131940626717977,0.318856514568444,0.0980392156862745,0.379879054425509
318773.411807,2773366.126422,0.206826940723068,0.00330335841438796,0.000550559735731327,0.0581758120756102,0.0923105156909525,0.63883281336025
319273.411807,2773366.126422,0.504859710251238,0.00495140289748762,0,0.0267742527049331,0.0504309554373739,0.412983678708968
319773.411807,2773366.126422,0.489463074949606,0.00842954004031519,0,0.0218068535825545,0.0406816932380429,0.439618838189481
320273.411807,2773366.126422,0.743255643237291,0.000917599559552211,0,0.00587263718113415,0.00972655533125344,0.240227564690769
320773.411807,2773366.126422,0.925362185952687,0.000366770584999083,0,0,0,0.0742710434623143
321273.411807,2773366.126422,0.899212021257101,0.000733003481766538,0,0,0,0.100054975261132
321773.411807,2773366.126422,0.796109377867499,0.000183519911910442,0,0,0.000367039823820885,0.20334006239677
322273.411807,2773366.126422,0.910691362552723,0,0,0,0,0.0893086374472767
322773.411807,2773366.126422,0.735202492211838,0.000366501740883269,0,0,0.000916254352208173,0.263514751695071
323273.411807,2773366.126422,0.876307579372362,0.000183519911910442,0,0,0,0.123508900715728
323773.411807,2773366.126422,0.952503209242619,0,0,0,0,0.0474967907573813
324273.411807,2773366.126422,0.948323254535459,0,0,0,0,0.051676745464541
324773.411807,2773366.126422,0.926592035235823,0,0,0,0,0.0734079647641769
325273.411807,2773366.126422,0.958371538602604,0,0,0,0,0.0416284613973959
313273.411807,2772866.126422,0.0271509814712897,0.010273344340488,0.000550357732526142,0.813245276096129,0.0886075949367089,0.0601724454228582
313773.411807,2772866.126422,0.0291208791208791,0.0615384615384615,0.0893772893772894,0.592124542124542,0.0891941391941392,0.138644688644689
314273.411807,2772866.126422,0.0570642201834862,0.0895412844036697,0.104587155963303,0.435412844036697,0.119449541284404,0.19394495412844
314773.411807,2772866.126422,0.0953953403045313,0.0588882773802972,0.0453127866446524,0.589983489268024,0.117226197028068,0.0931939093744267
